1000
 Lattice="59.08179503018386 0.0 0.0 0.0 59.08179503018386 0.0 0.0 0.0 1.0"Properties=species:S:1:pos:R:3:aspherical_shape:R:3:orientation:R:4:Color:R:1
cell 21.11254337117704 27.625757096474132 0.0 1.0 1.0 1 0 0 0.0 1.0 0
cell 41.32135259445124 10.606403090184102 0.0 1.6431676725154984 0.6085806194501846 1 0 0 0.8137019738023376 0.5812822875593063 1.900985305367914
cell 57.136486573237725 47.5324645620509 0.0 1.0 1.0 1 0 0 0.0 1.0 0
cell 9.606924805588005 53.561631606377524 0.0 1.0 1.0 1 0 0 0.0 1.0 0
cell 56.725733914989924 13.324838557173434 0.0 1.0 1.0 1 0 0 0.0 1.0 0
cell 19.109097804414397 55.86165898489446 0.0 1.0 1.0 1 0 0 0.0 1.0 0
cell 9.838063082133356 15.196637104261795 0.0 1.0 1.0 1 0 0 0.0 1.0 0
cell 50.6156134465233 52.03812419079932 0.0 1.6431676725154984 0.6085806194501846 1 0 0 0.8122874155688287 0.5832573655844502 1.8961265355219112
cell 54.02513835780333 19.702308282091202 0.0 1.0 1.0 1 0 0 0.0 1.0 0
cell 24.900784953618906 20.547390920801536 0.0 1.0 1.0 1 0 0 0.0 1.0 0
cell 42.63677099664606 44.035459606828326 0.0 1.6431676725154984 0.6085806194501846 1 0 0 0.5059629018042466 0.8625552399689114 1.0609958733604279
cell 55.64536173735678 35.72989971344095 0.0 1.6431676725154984 0.6085806194501846 1 0 0 0.7936082137191148 0.6084291274401281 1.8334332939617277
cell 0.883123758219962 25.37106244893185 0.0 1.0 1.0 1 0 0 0.0 1.0 0
cell 50.484367809038936 9.877019729108152 0.0 1.0 1.0 1 0 0 0.0 1.0 0
cell 9.605295101080328 34.37808611681593 0.0 1.0 1.0 1 0 0 0.0 1.0 0
cell 20.26472848163572 21.373617990719264 0.0 1.0 1.0 1 0 0 0.0 1.0 0
cell 43.24844027853015 1.672600141629091 0.0 1.0 1.0 1 0 0 0.0 1.0 0
cell 27.02441053421878 54.07605804663463 0.0 1.0 1.0 1 0 0 0.0 1.0 0
cell 22.644448675767194 39.49044662187889 0.0 1.0 1.0 1 0 0 0.0 1.0 0
cell 43.21117861558856 49.644727821448804 0.0 1.0 1.0 1 0 0 0.0 1.0 0
cell 55.46929015434558 11.62660022330353 0.0 1.0 1.0 1 0 0 0.0 1.0 0
cell 45.2207138771515 44.04801526878058 0.0 1.6431676725154984 0.6085806194501846 1 0 0 0.6019804980163537 0.7985107889114479 1.2919580727905908
cell 24.654407343509707 29.708525438182917 0.0 1.6431676725154984 0.6085806194501846 1 0 0 0.17225424903291123 0.9850525233154361 0.34623533816790975
cell 13.860608540783216 38.55544214158323 0.0 1.6431676725154984 0.6085806194501846 1 0 0 0.5837992481591185 0.8118980464620222 1.2468006517581045
cell 47.93042592492354 19.77870823770708 0.0 1.0 1.0 1 0 0 0.0 1.0 0
cell 40.193244659770386 24.907193059767863 0.0 1.0 1.0 1 0 0 0.0 1.0 0
cell 31.731238993591727 3.053218203848294 0.0 1.0 1.0 1 0 0 0.0 1.0 0
cell 16.03841677767624 39.398692509832046 0.0 1.0 1.0 1 0 0 0.0 1.0 0
cell 33.15943599692989 14.936064232384545 0.0 1.0 1.0 1 0 0 0.0 1.0 0
cell 36.91516647260551 57.852011998123146 0.0 1.0 1.0 1 0 0 0.0 1.0 0
cell 26.780277169603195 17.869151914898108 0.0 1.0 1.0 1 0 0 0.0 1.0 0
cell 29.574309084304637 22.47475739769556 0.0 1.0 1.0 1 0 0 0.0 1.0 0
cell 9.505097533082402 10.505636201886004 0.0 1.0 1.0 1 0 0 0.0 1.0 0
cell 22.406921574553703 3.3405753345528613 0.0 1.0 1.0 1 0 0 0.0 1.0 0
cell 28.070230218200308 29.731005158597643 0.0 1.6431676725154984 0.6085806194501846 1 0 0 -0.06419531318081625 -0.99793735362778 0.12847897407786668
cell 21.387817848612034 5.082365579464182 0.0 1.0 1.0 1 0 0 0.0 1.0 0
cell 58.84514346504285 24.12479632192074 0.0 1.0 1.0 1 0 0 0.0 1.0 0
cell 52.22486411650477 50.85621491461862 0.0 1.6431676725154984 0.6085806194501846 1 0 0 0.8322628313637507 0.554381258278446 1.966353979998369
cell 33.4660683244658 0.2761707859301328 0.0 1.0 1.0 1 0 0 0.0 1.0 0
cell 26.061807255677106 33.990807523041674 0.0 1.0 1.0 1 0 0 0.0 1.0 0
cell 34.410600156639255 42.74099902101146 0.0 1.6431676725154984 0.6085806194501846 1 0 0 0.15931521511829613 0.9872277661369797 0.31999393960181455
cell 11.5199375911564 43.13704317538165 0.0 1.0 1.0 1 0 0 0.0 1.0 0
cell 27.09309318215241 1.6076928563771118 0.0 1.0 1.0 1 0 0 0.0 1.0 0
cell 45.893341486383584 16.972546889695543 0.0 1.0 1.0 1 0 0 0.0 1.0 0
cell 35.06143403368041 12.046631326343526 0.0 1.0 1.0 1 0 0 0.0 1.0 0
cell 41.054897007929426 42.963862038481 0.0 1.6431676725154984 0.6085806194501846 1 0 0 0.4907823363682154 0.8712822150766971 1.0259748798888808
cell 58.259690311180876 46.35459442740276 0.0 1.6431676725154984 0.6085806194501846 1 0 0 0.9007513472916467 -0.43433513598635226 4.040192701020962
cell 26.530972894802762 21.634804569768242 0.0 1.0 1.0 1 0 0 0.0 1.0 0
cell 44.49875057807178 10.636856327840313 0.0 1.6431676725154984 0.6085806194501846 1 0 0 0.8796513666570575 0.475619042026674 2.150257386410811
cell 2.0000249918726887 33.63738753817346 0.0 1.0 1.0 1 0 0 0.0 1.0 0
cell 11.499907418838777 56.01476681927015 0.0 1.6431676725154984 0.6085806194501846 1 0 0 0.9998871849475535 0.015020565157712707 3.111550393526156
cell 37.14770696736385 29.891015282098312 0.0 1.0 1.0 1 0 0 0.0 1.0 0
cell 1.918643924993973 16.704800001708605 0.0 1.0 1.0 1 0 0 0.0 1.0 0
cell 14.111672910436479 23.12379723046657 0.0 1.0 1.0 1 0 0 0.0 1.0 0
cell 51.40532956188661 11.692824017792601 0.0 1.0 1.0 1 0 0 0.0 1.0 0
cell 55.3332332485771 42.895031948904276 0.0 1.6431676725154984 0.6085806194501846 1 0 0 0.9998385616204898 -0.017968046545744434 3.177530680627713
cell 40.26950053692096 44.18844437928652 0.0 1.0 1.0 1 0 0 0.0 1.0 0
cell 28.548904181996587 0.2796167771045943 0.0 1.0 1.0 1 0 0 0.0 1.0 0
cell 10.317950355591465 37.41714289182892 0.0 1.0 1.0 1 0 0 0.0 1.0 0
cell 36.76990817813418 0.6330568378021993 0.0 1.0 1.0 1 0 0 0.0 1.0 0
cell 52.12154468862914 13.540444547137836 0.0 1.0 1.0 1 0 0 0.0 1.0 0
cell 42.816623974284695 56.7793375434652 0.0 1.0 1.0 1 0 0 0.0 1.0 0
cell 15.357578385574003 11.595902796850345 0.0 1.0 1.0 1 0 0 0.0 1.0 0
cell 46.199558672999935 55.63597809873047 0.0 1.6431676725154984 0.6085806194501846 1 0 0 0.9037239096887085 0.42811574960161763 2.256779133257621
cell 44.39880358895972 22.37024707969161 0.0 1.6431676725154984 0.6085806194501846 1 0 0 0.8300546827408002 0.5576820094463059 1.9584114616723143
cell 36.04309983267153 26.12419448490828 0.0 1.0 1.0 1 0 0 0.0 1.0 0
cell 10.505026553140864 58.76660038570263 0.0 1.0 1.0 1 0 0 0.0 1.0 0
cell 33.972729181896405 23.84245768095017 0.0 1.0 1.0 1 0 0 0.0 1.0 0
cell 30.708965636749177 29.207686156161895 0.0 1.6431676725154984 0.6085806194501846 1 0 0 0.005236952156187011 0.9999862870720347 0.010473952188601749
cell 43.142466081266754 20.076877476412772 0.0 1.6431676725154984 0.6085806194501846 1 0 0 0.7375441023944862 0.6752989686228698 1.6588526856661558
cell 17.293273255552364 42.175656773200224 0.0 1.0 1.0 1 0 0 0.0 1.0 0
cell 47.256865571416114 27.23997418078375 0.0 1.0 1.0 1 0 0 0.0 1.0 0
cell 47.460351050205404 43.527298115842115 0.0 1.6431676725154984 0.6085806194501846 1 0 0 0.5331059443744487 0.8460484927429558 1.1245349118180534
cell 31.45509915085327 39.815456609409054 0.0 1.6431676725154984 0.6085806194501846 1 0 0 0.14966548758341996 0.9887366898352752 0.3004598821051919
cell 2.1985696787908857 4.216044016211314 0.0 1.0 1.0 1 0 0 0.0 1.0 0
cell 38.28843020037417 9.72491613976084 0.0 1.0 1.0 1 0 0 0.0 1.0 0
cell 24.999530779622802 18.60404643201295 0.0 1.0 1.0 1 0 0 0.0 1.0 0
cell 45.849768006449416 46.474674267295065 0.0 1.6431676725154984 0.6085806194501846 1 0 0 0.7125532842138483 0.7016179994527355 1.5862613089242155
cell 18.571446088853715 10.872070338519693 0.0 1.0 1.0 1 0 0 0.0 1.0 0
cell 33.61841938124256 55.69181005226564 0.0 1.0 1.0 1 0 0 0.0 1.0 0
cell 2.7275831777889414 24.68422148553546 0.0 1.0 1.0 1 0 0 0.0 1.0 0
cell 36.63410341467659 12.963190531457798 0.0 1.0 1.0 1 0 0 0.0 1.0 0
cell 52.17935771406218 15.55268404761501 0.0 1.0 1.0 1 0 0 0.0 1.0 0
cell 51.645662831167435 6.635979419285451 0.0 1.0 1.0 1 0 0 0.0 1.0 0
cell 45.744199542457736 5.763803100321709 0.0 1.6431676725154984 0.6085806194501846 1 0 0 0.6841274691121483 0.7293624654492488 1.5068134681469054
cell 27.799194012659285 45.88632589426634 0.0 1.6431676725154984 0.6085806194501846 1 0 0 0.19552474160533806 -0.9806987689500614 5.8896003256801475
cell 1.087933733976878 14.953857873310533 0.0 1.0 1.0 1 0 0 0.0 1.0 0
cell 25.004868647305216 54.951645957809426 0.0 1.0 1.0 1 0 0 0.0 1.0 0
cell 29.412307085986516 35.86105519207762 0.0 1.0 1.0 1 0 0 0.0 1.0 0
cell 22.965067063369634 58.03512694076364 0.0 1.0 1.0 1 0 0 0.0 1.0 0
cell 17.567493490824493 40.195521414643665 0.0 1.0 1.0 1 0 0 0.0 1.0 0
cell 28.44417087218564 4.386839629947707 0.0 1.6431676725154984 0.6085806194501846 1 0 0 0.6937247900220346 -0.7202401791825308 4.749889600683101
cell 26.485890100429206 5.665168120008217 0.0 1.0 1.0 1 0 0 0.0 1.0 0
cell 43.52976867506054 34.99512628589785 0.0 1.0 1.0 1 0 0 0.0 1.0 0
cell 52.12512787292083 22.55694523332271 0.0 1.0 1.0 1 0 0 0.0 1.0 0
cell 44.359822790102946 51.147865864775184 0.0 1.0 1.0 1 0 0 0.0 1.0 0
cell 38.88065531510524 5.302868310158013 0.0 1.0 1.0 1 0 0 0.0 1.0 0
cell 20.647210555822536 6.876121742233447 0.0 1.0 1.0 1 0 0 0.0 1.0 0
cell 52.53299431765683 35.67765232470476 0.0 1.6431676725154984 0.6085806194501846 1 0 0 0.292024806989813 -0.9564107444516516 5.690498817491274
cell 52.37578994289882 10.248050438759796 0.0 1.0 1.0 1 0 0 0.0 1.0 0
cell 18.25072681750141 31.71791978819293 0.0 1.0 1.0 1 0 0 0.0 1.0 0
cell 42.3106297795296 21.39590863427378 0.0 1.6431676725154984 0.6085806194501846 1 0 0 0.6540495927739879 0.7564516707577429 1.4258510703890064
cell 42.48116604257815 39.835414156853574 0.0 1.6431676725154984 0.6085806194501846 1 0 0 0.7180706271569111 0.6959702396040225 1.6020522668813577
cell 47.38041696918232 14.482730275819796 0.0 1.0 1.0 1 0 0 0.0 1.0 0
cell 33.092469976263715 16.99812630606358 0.0 1.0 1.0 1 0 0 0.0 1.0 0
cell 52.79765289188665 24.024720958598923 0.0 1.0 1.0 1 0 0 0.0 1.0 0
cell 29.112746145623376 26.320215992289842 0.0 1.0 1.0 1 0 0 0.0 1.0 0
cell 5.992582603353632 30.168406791890458 0.0 1.0 1.0 1 0 0 0.0 1.0 0
cell 29.212172765787592 7.089970591174503 0.0 1.6431676725154984 0.6085806194501846 1 0 0 0.7579651520333889 -0.6522950469710787 4.562809477999799
cell 46.51045695579753 35.81688710521177 0.0 1.6431676725154984 0.6085806194501846 1 0 0 0.8708350465424106 0.49157534693419835 2.1137969766083593
cell 41.375167697017964 12.669224525839457 0.0 1.6431676725154984 0.6085806194501846 1 0 0 0.8354584971270236 0.5495535456880022 1.9779331305983643
cell 56.333957615461266 44.95841794997847 0.0 1.6431676725154984 0.6085806194501846 1 0 0 0.8559998704320305 -0.5169760360213488 4.2282216495534835
cell 7.341513712419503 44.51231141235498 0.0 1.6431676725154984 0.6085806194501846 1 0 0 0.7661081566380483 -0.6427116712279711 4.537657802195266
cell 52.01058473236996 33.611781366347 0.0 1.6431676725154984 0.6085806194501846 1 0 0 0.46056108320839084 0.8876280125333549 0.9572544203784205
cell 28.916306182052214 37.796864873148614 0.0 1.0 1.0 1 0 0 0.0 1.0 0
cell 56.397418407049095 21.722189491829674 0.0 1.0 1.0 1 0 0 0.0 1.0 0
cell 29.959550891326145 18.480444331202126 0.0 1.0 1.0 1 0 0 0.0 1.0 0
cell 3.9277101032604045 25.873107701167193 0.0 1.0 1.0 1 0 0 0.0 1.0 0
cell 21.108756256761406 36.39107231699613 0.0 1.0 1.0 1 0 0 0.0 1.0 0
cell 17.704022706290278 38.25105725994568 0.0 1.0 1.0 1 0 0 0.0 1.0 0
cell 5.895751534177996 0.41306867226684185 0.0 1.0 1.0 1 0 0 0.0 1.0 0
cell 42.34730608124083 31.62265027679978 0.0 1.6431676725154984 0.6085806194501846 1 0 0 0.9328997624941878 0.36013613139795886 2.404765029222594
cell 22.397729556126553 43.42912334604391 0.0 1.0 1.0 1 0 0 0.0 1.0 0
cell 47.66258100588462 0.0066036108981037955 0.0 1.0 1.0 1 0 0 0.0 1.0 0
cell 8.968461999162805 44.122211654519376 0.0 1.0 1.0 1 0 0 0.0 1.0 0
cell 47.802971246018885 46.53105361530818 0.0 1.6431676725154984 0.6085806194501846 1 0 0 0.7247892026541022 0.6889706900268188 1.6214567704227691
cell 30.827682586591944 6.75653882329864 0.0 1.0 1.0 1 0 0 0.0 1.0 0
cell 53.99978707038197 16.171144122675337 0.0 1.0 1.0 1 0 0 0.0 1.0 0
cell 3.08343204271318 5.906678721943836 0.0 1.6431676725154984 0.6085806194501846 1 0 0 0.5592188941056013 -0.8290200410576986 5.096298714419971
cell 16.27782614110326 8.291155565883216 0.0 1.0 1.0 1 0 0 0.0 1.0 0
cell 31.504941567464012 50.97186386273432 0.0 1.0 1.0 1 0 0 0.0 1.0 0
cell 41.34417916213926 28.45954761496873 0.0 1.0 1.0 1 0 0 0.0 1.0 0
cell 40.246501476884596 50.238968693649525 0.0 1.0 1.0 1 0 0 0.0 1.0 0
cell 22.364559418320283 26.551440052134435 0.0 1.0 1.0 1 0 0 0.0 1.0 0
cell 41.65507988432148 48.512190757034375 0.0 1.0 1.0 1 0 0 0.0 1.0 0
cell 38.14905457178209 11.627163880192024 0.0 1.0 1.0 1 0 0 0.0 1.0 0
cell 11.696089457125053 29.04766481062026 0.0 1.0 1.0 1 0 0 0.0 1.0 0
cell 34.31421883028264 27.58784909680837 0.0 1.0 1.0 1 0 0 0.0 1.0 0
cell 38.64063511509837 43.099386323854525 0.0 1.6431676725154984 0.6085806194501846 1 0 0 0.284274989686715 0.9587427862772258 0.5765002677930466
cell 39.900502005533674 45.84210872552351 0.0 1.0 1.0 1 0 0 0.0 1.0 0
cell 57.68500458452564 33.078271966796166 0.0 1.0 1.0 1 0 0 0.0 1.0 0
cell 23.378027907359428 31.11788899226988 0.0 1.0 1.0 1 0 0 0.0 1.0 0
cell 9.168137516317088 55.32342697702539 0.0 1.6431676725154984 0.6085806194501846 1 0 0 0.9924772119713334 0.12242950509419287 2.8961177823285116
cell 48.671656286542714 52.315904680994215 0.0 1.6431676725154984 0.6085806194501846 1 0 0 0.9162126545158125 0.40069236541901887 2.317047846954269
cell 50.76986176317492 16.94746608991448 0.0 1.0 1.0 1 0 0 0.0 1.0 0
cell 16.5177475738163 30.884000687947 0.0 1.0 1.0 1 0 0 0.0 1.0 0
cell 35.61333819442568 30.56230360705762 0.0 1.0 1.0 1 0 0 0.0 1.0 0
cell 51.386055261541664 20.70242146550747 0.0 1.0 1.0 1 0 0 0.0 1.0 0
cell 56.8501624873516 29.837380664447892 0.0 1.0 1.0 1 0 0 0.0 1.0 0
cell 28.29414253118037 49.25544089597292 0.0 1.0 1.0 1 0 0 0.0 1.0 0
cell 37.61109094903758 14.680416990098607 0.0 1.0 1.0 1 0 0 0.0 1.0 0
cell 47.361282059463626 33.1433267319115 0.0 1.6431676725154984 0.6085806194501846 1 0 0 0.9994929544710061 -0.0318407594573282 3.205284937831034
cell 15.588140884509384 22.279565258276932 0.0 1.0 1.0 1 0 0 0.0 1.0 0
cell 16.487690517458198 32.631428053499796 0.0 1.0 1.0 1 0 0 0.0 1.0 0
cell 16.873208752715303 19.387546690624692 0.0 1.0 1.0 1 0 0 0.0 1.0 0
cell 39.81852111036521 1.0467917338242727 0.0 1.0 1.0 1 0 0 0.0 1.0 0
cell 43.687203362909926 17.286990694225004 0.0 1.6431676725154984 0.6085806194501846 1 0 0 -0.7266182738717408 -0.6870413990988111 1.626773788070567
cell 9.918670155141893 4.947961695259027 0.0 1.0 1.0 1 0 0 0.0 1.0 0
cell 8.157806429239857 9.454989913715853 0.0 1.6431676725154984 0.6085806194501846 1 0 0 0.8909075156195584 0.45418476263805496 2.1986787805901784
cell 16.03080470601093 13.54047698889097 0.0 1.0 1.0 1 0 0 0.0 1.0 0
cell 18.584790188072155 3.6809674325513146 0.0 1.0 1.0 1 0 0 0.0 1.0 0
cell 29.73202902483836 20.479400123034086 0.0 1.0 1.0 1 0 0 0.0 1.0 0
cell 29.965857562446878 40.77696334328907 0.0 1.6431676725154984 0.6085806194501846 1 0 0 0.06547476300608214 0.997854225530612 0.1310432691943559
cell 44.81330122025715 49.57613728763633 0.0 1.0 1.0 1 0 0 0.0 1.0 0
cell 23.042935999301065 50.099893401592006 0.0 1.0 1.0 1 0 0 0.0 1.0 0
cell 50.33974193398366 22.201146438203473 0.0 1.0 1.0 1 0 0 0.0 1.0 0
cell 7.910504397769494 29.67923686141516 0.0 1.0 1.0 1 0 0 0.0 1.0 0
cell 57.95739657330867 2.8621410546959 0.0 1.0 1.0 1 0 0 0.0 1.0 0
cell 5.710193165097716 37.62902816675819 0.0 1.0 1.0 1 0 0 0.0 1.0 0
cell 56.39254334146054 26.597614499189927 0.0 1.0 1.0 1 0 0 0.0 1.0 0
cell 54.65244497736277 48.43498646850634 0.0 1.6431676725154984 0.6085806194501846 1 0 0 0.9502445427029231 0.3115049101752852 2.508039992551275
cell 20.332715107834893 46.95610614998961 0.0 1.0 1.0 1 0 0 0.0 1.0 0
cell 15.35934623414643 20.339829715121052 0.0 1.0 1.0 1 0 0 0.0 1.0 0
cell 54.913149300897835 30.13306083000817 0.0 1.0 1.0 1 0 0 0.0 1.0 0
cell 0.4628422730270187 1.7449297530978534 0.0 1.0 1.0 1 0 0 0.0 1.0 0
cell 52.990285042849756 8.623463284928956 0.0 1.0 1.0 1 0 0 0.0 1.0 0
cell 45.72065535408013 14.990189040181141 0.0 1.0 1.0 1 0 0 0.0 1.0 0
cell 17.252990362546843 23.363139576369015 0.0 1.0 1.0 1 0 0 0.0 1.0 0
cell 14.986330170421917 27.88870288266049 0.0 1.6431676725154984 0.6085806194501846 1 0 0 0.5046746620389847 0.863309611608626 1.0580101482039472
cell 28.46645592524554 28.20108820761071 0.0 1.0 1.0 1 0 0 0.0 1.0 0
cell 24.2364234646141 34.403347725385494 0.0 1.0 1.0 1 0 0 0.0 1.0 0
cell 2.3401020984549907 8.826554851305938 0.0 1.6431676725154984 0.6085806194501846 1 0 0 0.35798233801509743 -0.9337283575372682 5.550973047606115
cell 35.43344990591417 48.76354719834639 0.0 1.6431676725154984 0.6085806194501846 1 0 0 0.5940148771077437 0.8044540544833323 1.272081017158961
cell 4.978687438999163 43.4530443617535 0.0 1.0 1.0 1 0 0 0.0 1.0 0
cell 7.691963905295153 24.546820918371537 0.0 1.0 1.0 1 0 0 0.0 1.0 0
cell 6.855947391067565 54.096484162072855 0.0 1.6431676725154984 0.6085806194501846 1 0 0 0.8209455640530444 -0.5710064630646738 4.357055280633718
cell 23.193931060120608 54.0995319205991 0.0 1.0 1.0 1 0 0 0.0 1.0 0
cell 23.01846148968475 5.129099790372941 0.0 1.6431676725154984 0.6085806194501846 1 0 0 0.8870263595377396 0.46171878615151113 2.1817288174352902
cell 46.53244221687973 10.837805064837587 0.0 1.6431676725154984 0.6085806194501846 1 0 0 0.9107724683604024 0.41290859869552227 2.2903020326269297
cell 27.021467705434137 7.911836594469471 0.0 1.6431676725154984 0.6085806194501846 1 0 0 0.3941725223825139 0.9190364642377399 0.8103346036898592
cell 21.79786446992258 29.525095092786838 0.0 1.0 1.0 1 0 0 0.0 1.0 0
cell 20.218505489318087 11.973744277073559 0.0 1.0 1.0 1 0 0 0.0 1.0 0
cell 19.53227731795555 57.8438302375351 0.0 1.0 1.0 1 0 0 0.0 1.0 0
cell 55.30520602439582 25.12611082453037 0.0 1.0 1.0 1 0 0 0.0 1.0 0
cell 14.270149518883397 46.91061966008838 0.0 1.0 1.0 1 0 0 0.0 1.0 0
cell 1.0318488958976433 20.36581059177762 0.0 1.0 1.0 1 0 0 0.0 1.0 0
cell 5.677699675089962 50.78545066407823 0.0 1.6431676725154984 0.6085806194501846 1 0 0 0.8639354778784185 -0.503602511970491 4.197119888541144
cell 13.9012895251433 21.21936015690441 0.0 1.0 1.0 1 0 0 0.0 1.0 0
cell 49.058516418161425 43.84367460823093 0.0 1.6431676725154984 0.6085806194501846 1 0 0 0.8424740999529348 0.5387368475503532 2.0037185484989597
cell 35.71249417230036 4.663361996138361 0.0 1.6431676725154984 0.6085806194501846 1 0 0 0.17321459744833026 -0.9848841064972127 5.934999960417883
cell 10.351483786175606 27.56658655962823 0.0 1.0 1.0 1 0 0 0.0 1.0 0
cell 15.720035853680848 24.24992756128042 0.0 1.0 1.0 1 0 0 0.0 1.0 0
cell 3.874909449564351 48.79106032638891 0.0 1.6431676725154984 0.6085806194501846 1 0 0 0.8528529002485519 -0.5221512525481804 4.240335509317046
cell 58.693061946858144 18.961770763723834 0.0 1.0 1.0 1 0 0 0.0 1.0 0
cell 20.330815498308446 23.565870895947334 0.0 1.0 1.0 1 0 0 0.0 1.0 0
cell 16.18173272953236 58.53683269016332 0.0 1.6431676725154984 0.6085806194501846 1 0 0 0.6311238099632429 0.7756821104663175 1.3660023227392908
cell 38.61965922179145 23.770365269496327 0.0 1.0 1.0 1 0 0 0.0 1.0 0
cell 57.7027001160682 44.470346921353475 0.0 1.6431676725154984 0.6085806194501846 1 0 0 0.9508890218888695 -0.30953201458206064 3.770994328244706
cell 52.641048093702835 3.648224637129836 0.0 1.0 1.0 1 0 0 0.0 1.0 0
cell 40.71093450099705 26.832070440218402 0.0 1.0 1.0 1 0 0 0.0 1.0 0
cell 0.0057061689975635346 17.005877594182774 0.0 1.0 1.0 1 0 0 0.0 1.0 0
cell 5.190564438170192 27.052891090671324 0.0 1.0 1.0 1 0 0 0.0 1.0 0
cell 46.84405726166659 47.928671504602505 0.0 1.0 1.0 1 0 0 0.0 1.0 0
cell 2.865375369329479 49.23876713333659 0.0 1.6431676725154984 0.6085806194501846 1 0 0 0.8207168608738502 -0.571335133067601 4.3578561030038845
cell 31.49754479579382 17.671119540018754 0.0 1.0 1.0 1 0 0 0.0 1.0 0
cell 17.3020761642959 25.464929954285687 0.0 1.0 1.0 1 0 0 0.0 1.0 0
cell 18.243771824654253 47.13082210254457 0.0 1.0 1.0 1 0 0 0.0 1.0 0
cell 15.083110424654812 48.668102626688956 0.0 1.0 1.0 1 0 0 0.0 1.0 0
cell 48.35532135674358 35.84210362743735 0.0 1.6431676725154984 0.6085806194501846 1 0 0 0.9596504967691526 0.28119552637038625 2.5715133020885825
cell 1.5001131263727867 28.52969815101319 0.0 1.0 1.0 1 0 0 0.0 1.0 0
cell 5.268370045265423 34.01181953163668 0.0 1.0 1.0 1 0 0 0.0 1.0 0
cell 57.416872187649886 15.884163242467231 0.0 1.0 1.0 1 0 0 0.0 1.0 0
cell 56.481750356306165 37.070088119401795 0.0 1.6431676725154984 0.6085806194501846 1 0 0 0.6898249429832659 -0.7239762068176923 4.760690856222745
cell 54.03616970640029 17.95879432361675 0.0 1.0 1.0 1 0 0 0.0 1.0 0
cell 8.058089916413383 4.744903976397062 0.0 1.6431676725154984 0.6085806194501846 1 0 0 0.8442240336941715 -0.5359904672036083 4.272953730973128
cell 36.499694471824796 20.88126288060427 0.0 1.0 1.0 1 0 0 0.0 1.0 0
cell 39.28547578200134 41.88161173299471 0.0 1.0 1.0 1 0 0 0.0 1.0 0
cell 36.494060593923884 54.361960834455836 0.0 1.6431676725154984 0.6085806194501846 1 0 0 0.3194906375489752 0.9475894324645824 0.6503838071720129
cell 30.852915183845543 37.246518518037185 0.0 1.0 1.0 1 0 0 0.0 1.0 0
cell 36.586383738432396 45.307149850320855 0.0 1.0 1.0 1 0 0 0.0 1.0 0
cell 1.4279683929384062 51.371770548275165 0.0 1.6431676725154984 0.6085806194501846 1 0 0 0.6631155781254612 -0.7485170205461833 4.833238384854148
cell 22.503938306712033 41.448244651113214 0.0 1.0 1.0 1 0 0 0.0 1.0 0
cell 38.255599932630616 4.18819206483907 0.0 1.6431676725154984 0.6085806194501846 1 0 0 0.27950365688430706 -0.9601446275370703 5.716631059011879
cell 14.361872292297493 7.673928790937858 0.0 1.0 1.0 1 0 0 0.0 1.0 0
cell 21.27808614509796 56.964939565252976 0.0 1.0 1.0 1 0 0 0.0 1.0 0
cell 29.7477175929219 50.60390975023626 0.0 1.0 1.0 1 0 0 0.0 1.0 0
cell 56.654738382560545 7.81382715421986 0.0 1.0 1.0 1 0 0 0.0 1.0 0
cell 54.507078089775675 26.660994284619143 0.0 1.0 1.0 1 0 0 0.0 1.0 0
cell 34.99897974462671 1.39379183453345 0.0 1.0 1.0 1 0 0 0.0 1.0 0
cell 46.30708850462001 54.14386714108395 0.0 1.6431676725154984 0.6085806194501846 1 0 0 0.9145685727098208 0.4044308665415155 2.308879758117516
cell 21.70208744675699 18.368185105345784 0.0 1.0 1.0 1 0 0 0.0 1.0 0
cell 3.0145605912187534 19.876391366381508 0.0 1.0 1.0 1 0 0 0.0 1.0 0
cell 44.762488708559964 11.950694151856531 0.0 1.6431676725154984 0.6085806194501846 1 0 0 0.8694257210419468 0.4940636756438293 2.1080775417737923
cell 10.764006768848656 21.912150111932718 0.0 1.0 1.0 1 0 0 0.0 1.0 0
cell 18.214608605974274 16.38726442350789 0.0 1.0 1.0 1 0 0 0.0 1.0 0
cell 26.45733593555704 52.11389792763024 0.0 1.0 1.0 1 0 0 0.0 1.0 0
cell 50.661421502366935 15.016114665237565 0.0 1.0 1.0 1 0 0 0.0 1.0 0
cell 38.75779704174434 32.912320557014304 0.0 1.0 1.0 1 0 0 0.0 1.0 0
cell 51.007258157119374 42.60837692401637 0.0 1.6431676725154984 0.6085806194501846 1 0 0 -0.9064860132585384 -0.4222358437729333 2.269771847694024
cell 12.434637340408717 22.034893049964413 0.0 1.0 1.0 1 0 0 0.0 1.0 0
cell 37.729578103475326 26.800473987845862 0.0 1.0 1.0 1 0 0 0.0 1.0 0
cell 33.88272447538096 31.04371069294415 0.0 1.0 1.0 1 0 0 0.0 1.0 0
cell 42.24427220683293 33.47198356579615 0.0 1.0 1.0 1 0 0 0.0 1.0 0
cell 24.677468103710062 56.93182612747157 0.0 1.0 1.0 1 0 0 0.0 1.0 0
cell 37.507036033142285 51.051577197540645 0.0 1.6431676725154984 0.6085806194501846 1 0 0 0.33251812071979575 0.9430968663891188 0.6779447558424424
cell 39.93212044632116 29.661570260862483 0.0 1.0 1.0 1 0 0 0.0 1.0 0
cell 21.209033081925785 34.35060763823178 0.0 1.0 1.0 1 0 0 0.0 1.0 0
cell 20.43647275250081 3.6537666880350397 0.0 1.0 1.0 1 0 0 0.0 1.0 0
cell 48.5554483017644 9.796997086510776 0.0 1.0 1.0 1 0 0 0.0 1.0 0
cell 35.934829473852744 37.27054944754278 0.0 1.6431676725154984 0.6085806194501846 1 0 0 0.2939025659627658 -0.9558353842166035 5.686570958328678
cell 44.02155021849033 9.60657706948622 0.0 1.6431676725154984 0.6085806194501846 1 0 0 0.8662814953528621 0.4995561738275377 2.0954199234868995
cell 26.654276896715672 56.037713923408916 0.0 1.0 1.0 1 0 0 0.0 1.0 0
cell 5.707162823393363 41.77142049572279 0.0 1.6431676725154984 0.6085806194501846 1 0 0 0.8850062260019583 -0.46557918761234446 4.110170540231369
cell 16.197269099984716 46.99417705147176 0.0 1.0 1.0 1 0 0 0.0 1.0 0
cell 19.66771703196994 9.144883563979102 0.0 1.6431676725154984 0.6085806194501846 1 0 0 0.693816921267062 0.7201514283562142 1.5335515570427385
cell 57.307493893858094 11.460080534744623 0.0 1.0 1.0 1 0 0 0.0 1.0 0
cell 6.070420925398723 16.053571986060422 0.0 1.0 1.0 1 0 0 0.0 1.0 0
cell 31.80816787995507 56.217935641116576 0.0 1.0 1.0 1 0 0 0.0 1.0 0
cell 41.79634445204983 4.868040312650354 0.0 1.0 1.0 1 0 0 0.0 1.0 0
cell 7.3926651385787014 38.83779725774019 0.0 1.0 1.0 1 0 0 0.0 1.0 0
cell 31.191446012959208 21.833961774923406 0.0 1.0 1.0 1 0 0 0.0 1.0 0
cell 26.576762142023018 50.13559281327839 0.0 1.0 1.0 1 0 0 0.0 1.0 0
cell 49.84209591815808 3.644925509892049 0.0 1.0 1.0 1 0 0 0.0 1.0 0
cell 23.722488056450924 44.96171504918469 0.0 1.0 1.0 1 0 0 0.0 1.0 0
cell 6.760971575223328 19.066266635051655 0.0 1.6431676725154984 0.6085806194501846 1 0 0 -0.43564962897315035 -0.9001163262465338 0.9015197350299093
cell 21.304774753730587 55.07302648657384 0.0 1.0 1.0 1 0 0 0.0 1.0 0
cell 52.65728550420539 44.11000044535868 0.0 1.6431676725154984 0.6085806194501846 1 0 0 0.9743898983955791 0.22486512825392257 2.6879834188742606
cell 33.435848783370126 4.272997196782241 0.0 1.0 1.0 1 0 0 0.0 1.0 0
cell 14.694319949037656 56.51616552494475 0.0 1.6431676725154984 0.6085806194501846 1 0 0 0.5784879676482767 0.8156909165156655 1.2337475731774727
cell 55.647006308941585 51.13225514567169 0.0 1.6431676725154984 0.6085806194501846 1 0 0 0.3317165968226779 -0.9433790857297935 5.606940066982677
cell 54.45041972434489 31.636144258189354 0.0 1.6431676725154984 0.6085806194501846 1 0 0 0.867852146460283 -0.4968225557322045 4.18145995078911
cell 12.249797338187772 12.53041312130911 0.0 1.0 1.0 1 0 0 0.0 1.0 0
cell 48.32968843603126 39.68086214825599 0.0 1.6431676725154984 0.6085806194501846 1 0 0 0.6447565898780672 -0.7643879511143579 4.881775702164524
cell 41.73022538263701 58.06963855047219 0.0 1.0 1.0 1 0 0 0.0 1.0 0
cell 57.47777099312877 27.958810539699503 0.0 1.0 1.0 1 0 0 0.0 1.0 0
cell 43.17391522817492 29.2874251227186 0.0 1.0 1.0 1 0 0 0.0 1.0 0
cell 5.564227373248286 39.42734910105229 0.0 1.0 1.0 1 0 0 0.0 1.0 0
cell 31.723635583670347 13.652922724104107 0.0 1.0 1.0 1 0 0 0.0 1.0 0
cell 23.361231677015205 17.492705140004162 0.0 1.0 1.0 1 0 0 0.0 1.0 0
cell 38.07581717734415 3.1355680082515875 0.0 1.6431676725154984 0.6085806194501846 1 0 0 0.19091574403261605 -0.9816064275871835 5.89899537616544
cell 44.78707988520736 7.056695329013332 0.0 1.6431676725154984 0.6085806194501846 1 0 0 0.6925303946964377 0.7213886971817594 1.529981691157603
cell 47.947278086949034 51.388140114387234 0.0 1.6431676725154984 0.6085806194501846 1 0 0 0.8684351113249177 0.49580284127672947 2.104074539876479
cell 19.977508244602074 17.36733299176176 0.0 1.0 1.0 1 0 0 0.0 1.0 0
cell 22.814078302333083 10.642307914293625 0.0 1.0 1.0 1 0 0 0.0 1.0 0
cell 40.86106867463828 56.641006337762974 0.0 1.0 1.0 1 0 0 0.0 1.0 0
cell 52.393358583672914 17.434501527170205 0.0 1.0 1.0 1 0 0 0.0 1.0 0
cell 5.287820066254499 13.721509772605344 0.0 1.0 1.0 1 0 0 0.0 1.0 0
cell 50.22378708803657 47.54197104118843 0.0 1.6431676725154984 0.6085806194501846 1 0 0 0.9657752275593128 0.25938043456043025 2.616831401135179
cell 31.599428194700824 15.670851985774917 0.0 1.0 1.0 1 0 0 0.0 1.0 0
cell 32.807129318258276 52.435081200249314 0.0 1.0 1.0 1 0 0 0.0 1.0 0
cell 19.341759844381315 37.35746726037294 0.0 1.0 1.0 1 0 0 0.0 1.0 0
cell 23.98211645087469 2.2072073342285083 0.0 1.0 1.0 1 0 0 0.0 1.0 0
cell 55.301421932383136 53.80292137195803 0.0 1.6431676725154984 0.6085806194501846 1 0 0 0.0337515817250273 -0.9994302530597414 6.215669320900233
cell 25.174085330247003 24.49719029651057 0.0 1.0 1.0 1 0 0 0.0 1.0 0
cell 9.826421829603623 29.348150743331924 0.0 1.0 1.0 1 0 0 0.0 1.0 0
cell 50.90220083558632 38.93810392519225 0.0 1.6431676725154984 0.6085806194501846 1 0 0 0.21807037171364838 -0.9759330473862801 5.843511670287726
cell 10.220835813652519 25.81866491972254 0.0 1.6431676725154984 0.6085806194501846 1 0 0 0.38817245474115697 0.9215867541258524 0.7972954410219749
cell 19.132967268799188 45.366684263334 0.0 1.0 1.0 1 0 0 0.0 1.0 0
cell 43.50808629137408 8.071355806262854 0.0 1.6431676725154984 0.6085806194501846 1 0 0 0.7792375639937626 0.6267286644641895 1.786896725299037
cell 7.912708276885767 15.294814291732509 0.0 1.0 1.0 1 0 0 0.0 1.0 0
cell 25.634679748207603 2.591760358878978 0.0 1.0 1.0 1 0 0 0.0 1.0 0
cell 11.582199672680439 53.45404003237341 0.0 1.6431676725154984 0.6085806194501846 1 0 0 0.6157130909192273 0.787970424362927 1.3265812371248238
cell 11.614156993270866 5.199084995445804 0.0 1.6431676725154984 0.6085806194501846 1 0 0 0.7994848713932468 0.6006862245909453 1.8528743221190231
cell 13.785908190108298 34.23173011907575 0.0 1.6431676725154984 0.6085806194501846 1 0 0 -0.6215908357076428 -0.7833420919140462 1.3415438045655215
cell 45.11493743001779 29.018053449610008 0.0 1.6431676725154984 0.6085806194501846 1 0 0 0.34145621955505917 0.9398976806691073 0.6969316014925747
cell 41.612636055162746 0.7066550406552702 0.0 1.0 1.0 1 0 0 0.0 1.0 0
cell 44.95084654061903 13.34859661939803 0.0 1.6431676725154984 0.6085806194501846 1 0 0 0.9139133457861299 0.40590934504394166 2.305645428775217
cell 52.23381018038959 53.1325491578235 0.0 1.6431676725154984 0.6085806194501846 1 0 0 0.8159674281159524 0.5780978777454888 1.9088013832967794
cell 16.311428558075566 37.510825253725756 0.0 1.0 1.0 1 0 0 0.0 1.0 0
cell 52.978020874671785 38.75268746005737 0.0 1.6431676725154984 0.6085806194501846 1 0 0 0.5138175411194806 -0.8578994897060673 5.203927785643714
cell 9.145964050226473 56.732287166130305 0.0 1.6431676725154984 0.6085806194501846 1 0 0 0.990921644452273 -0.134440672997434 3.411290632649542
cell 17.154585655510754 1.3414115845408954 0.0 1.0 1.0 1 0 0 0.0 1.0 0
cell 58.98185721274648 10.383216238649466 0.0 1.0 1.0 1 0 0 0.0 1.0 0
cell 25.09013162706407 4.281858024534805 0.0 1.0 1.0 1 0 0 0.0 1.0 0
cell 15.957128711457239 35.974228302452566 0.0 1.0 1.0 1 0 0 0.0 1.0 0
cell 57.27815571075166 17.879640816048763 0.0 1.0 1.0 1 0 0 0.0 1.0 0
cell 50.27434862751976 13.219385195310824 0.0 1.0 1.0 1 0 0 0.0 1.0 0
cell 28.14294753121034 21.088113160767268 0.0 1.0 1.0 1 0 0 0.0 1.0 0
cell 47.352283251334256 21.633427507914664 0.0 1.0 1.0 1 0 0 0.0 1.0 0
cell 48.13246319286365 25.47005495087932 0.0 1.0 1.0 1 0 0 0.0 1.0 0
cell 5.246809044691766 8.993094704917842 0.0 1.6431676725154984 0.6085806194501846 1 0 0 0.615806302744738 0.787897580590178 1.326817835177729
cell 34.49252599471646 15.724521224587157 0.0 1.0 1.0 1 0 0 0.0 1.0 0
cell 36.49412735599389 2.4487988574350257 0.0 1.0 1.0 1 0 0 0.0 1.0 0
cell 33.426164348892996 12.988142170895204 0.0 1.0 1.0 1 0 0 0.0 1.0 0
cell 10.046451019508392 45.84587863496238 0.0 1.0 1.0 1 0 0 0.0 1.0 0
cell 37.85711864415129 22.266409309361435 0.0 1.0 1.0 1 0 0 0.0 1.0 0
cell 38.17740217721424 28.713129776987966 0.0 1.0 1.0 1 0 0 0.0 1.0 0
cell 19.21778804064515 0.4242742795226277 0.0 1.6431676725154984 0.6085806194501846 1 0 0 0.09416671133499756 0.9955564426371571 0.18861287622929124
cell 36.765680050432714 43.86333667436161 0.0 1.6431676725154984 0.6085806194501846 1 0 0 0.025463100578101593 -0.999675762689558 6.232253601251271
cell 10.68221918089059 35.7278437063284 0.0 1.0 1.0 1 0 0 0.0 1.0 0
cell 32.21346065185262 31.432722072369504 0.0 1.0 1.0 1 0 0 0.0 1.0 0
cell 44.360185458973376 18.666291024098363 0.0 1.6431676725154984 0.6085806194501846 1 0 0 0.806266193872054 0.5915528924948904 1.8756256284739574
cell 51.66518029326508 25.41412067615986 0.0 1.0 1.0 1 0 0 0.0 1.0 0
cell 0.7961527949260455 8.22279642784055 0.0 1.6431676725154984 0.6085806194501846 1 0 0 0.9104666554467341 0.41358248188195545 2.28882197842236
cell 17.272992699323655 12.193710306887743 0.0 1.0 1.0 1 0 0 0.0 1.0 0
cell 40.67420243970902 2.2735910026221693 0.0 1.6431676725154984 0.6085806194501846 1 0 0 0.2648960785560498 -0.9642769662112785 5.746993008459265
cell 48.29698655934156 30.954209684712886 0.0 1.6431676725154984 0.6085806194501846 1 0 0 0.49161184432902416 -0.8708144432170468 5.255305807603457
cell 37.992685013303024 18.159524431945968 0.0 1.6431676725154984 0.6085806194501846 1 0 0 0.4155505200297212 -0.9095700991693979 5.426089362479583
cell 39.22397027121633 39.94067832096653 0.0 1.0 1.0 1 0 0 0.0 1.0 0
cell 24.23619529995424 42.63934623733814 0.0 1.0 1.0 1 0 0 0.0 1.0 0
cell 13.374663639243655 45.507957255010965 0.0 1.0 1.0 1 0 0 0.0 1.0 0
cell 55.20079395243262 6.514317777634595 0.0 1.0 1.0 1 0 0 0.0 1.0 0
cell 22.302311921871 47.552666666271676 0.0 1.0 1.0 1 0 0 0.0 1.0 0
cell 18.60430024488074 20.349160103380996 0.0 1.0 1.0 1 0 0 0.0 1.0 0
cell 57.956117731525346 42.167136591655236 0.0 1.6431676725154984 0.6085806194501846 1 0 0 0.9998446033379571 0.017628646458626735 3.1063335342704685
cell 11.571608943583538 14.283048178116392 0.0 1.0 1.0 1 0 0 0.0 1.0 0
cell 39.29408045921624 15.69941945226431 0.0 1.0 1.0 1 0 0 0.0 1.0 0
cell 14.674650843741729 3.106774580809521 0.0 1.6431676725154984 0.6085806194501846 1 0 0 0.8278393746569547 -0.5609652126180217 4.332695217479355
cell 4.556068054418751 15.317693399661987 0.0 1.0 1.0 1 0 0 0.0 1.0 0
cell 13.355492043583185 26.906749081563508 0.0 1.6431676725154984 0.6085806194501846 1 0 0 0.5064715671066728 0.8622566623184253 1.062175515701729
cell 30.798689489133366 8.477696083275102 0.0 1.0 1.0 1 0 0 0.0 1.0 0
cell 51.06911059719216 28.760490011017716 0.0 1.0 1.0 1 0 0 0.0 1.0 0
cell 11.266556574734876 30.848194405952405 0.0 1.0 1.0 1 0 0 0.0 1.0 0
cell 21.29786893064103 8.5523391220816 0.0 1.0 1.0 1 0 0 0.0 1.0 0
cell 4.147390620905622 30.93298579175178 0.0 1.0 1.0 1 0 0 0.0 1.0 0
cell 41.62865182395167 55.203648541674504 0.0 1.0 1.0 1 0 0 0.0 1.0 0
cell 46.94285758237116 30.595669798635456 0.0 1.6431676725154984 0.6085806194501846 1 0 0 0.690571229211067 0.7232643896846547 1.524557096693721
cell 52.95977423671888 5.272292612933164 0.0 1.6431676725154984 0.6085806194501846 1 0 0 0.9954617050576682 0.09516298526044742 2.950978240923573
cell 46.08957686471451 22.42258256210903 0.0 1.0 1.0 1 0 0 0.0 1.0 0
cell 38.19706249716134 54.08387386902378 0.0 1.0 1.0 1 0 0 0.0 1.0 0
cell 43.242384936021004 24.340150874597033 0.0 1.6431676725154984 0.6085806194501846 1 0 0 0.5856938822970575 0.8105323412670222 1.2514717508475506
cell 0.4783736144023012 32.39793701341888 0.0 1.0 1.0 1 0 0 0.0 1.0 0
cell 14.162770731007724 30.227222776977325 0.0 1.6431676725154984 0.6085806194501846 1 0 0 0.32294673684509423 0.9464171412020734 0.6576828218812868
cell 5.573943199999533 32.06543395990288 0.0 1.0 1.0 1 0 0 0.0 1.0 0
cell 16.381673966981772 15.502798687853822 0.0 1.0 1.0 1 0 0 0.0 1.0 0
cell 25.144181380378548 47.065854084512985 0.0 1.6431676725154984 0.6085806194501846 1 0 0 0.2651383105117453 0.9642103900596474 0.5366947276393059
cell 11.873296478591463 20.19081813858421 0.0 1.0 1.0 1 0 0 0.0 1.0 0
cell 42.01997960286875 15.97967342867871 0.0 1.6431676725154984 0.6085806194501846 1 0 0 -0.7545441848136226 -0.6562492462197163 1.7099185311156377
cell 30.967742833153974 25.91115370894418 0.0 1.0 1.0 1 0 0 0.0 1.0 0
cell 14.570490148734295 14.741364034770038 0.0 1.0 1.0 1 0 0 0.0 1.0 0
cell 15.888066226242566 41.24217806807384 0.0 1.0 1.0 1 0 0 0.0 1.0 0
cell 58.208242895720744 52.05053596729856 0.0 1.6431676725154984 0.6085806194501846 1 0 0 0.5524329677375982 -0.8335573262569467 5.112624904873538
cell 39.67818493955693 22.063435129606646 0.0 1.0 1.0 1 0 0 0.0 1.0 0
cell 15.30149610174583 45.13190239179476 0.0 1.0 1.0 1 0 0 0.0 1.0 0
cell 30.640761778358293 44.455757905180754 0.0 1.6431676725154984 0.6085806194501846 1 0 0 0.17503131136178768 -0.9845628674914431 5.931310166435788
cell 23.768161090865327 15.599543290505522 0.0 1.0 1.0 1 0 0 0.0 1.0 0
cell 42.726922223130785 27.33517162196731 0.0 1.0 1.0 1 0 0 0.0 1.0 0
cell 40.4449391879299 37.42359741136822 0.0 1.6431676725154984 0.6085806194501846 1 0 0 0.9923461174707531 -0.12348758294145372 3.3891998612285006
cell 31.706201194979393 46.48266627964225 0.0 1.6431676725154984 0.6085806194501846 1 0 0 0.36483014339199904 -0.9310740929016195 5.536284575707912
cell 1.6910287663146406 35.589760585728115 0.0 1.0 1.0 1 0 0 0.0 1.0 0
cell 36.927455688981176 35.2730888149125 0.0 1.6431676725154984 0.6085806194501846 1 0 0 0.9032676008803198 -0.42907766336633196 4.028535489235796
cell 58.15608226296961 31.138393546172388 0.0 1.0 1.0 1 0 0 0.0 1.0 0
cell 33.5136385741366 37.688103744659884 0.0 1.6431676725154984 0.6085806194501846 1 0 0 0.464798989175105 0.8854162296128305 0.9668151471682723
cell 54.24596452647578 10.209285613250698 0.0 1.0 1.0 1 0 0 0.0 1.0 0
cell 25.62013630397988 26.409940805679913 0.0 1.0 1.0 1 0 0 0.0 1.0 0
cell 54.26373386355689 36.302045860243865 0.0 1.6431676725154984 0.6085806194501846 1 0 0 0.7621526370976892 -0.6473973723803936 4.549921903947942
cell 41.249414304281295 19.530200757907977 0.0 1.6431676725154984 0.6085806194501846 1 0 0 0.5841074747304936 0.8116763258614641 1.247560029518499
cell 9.443462590245066 17.134500216623707 0.0 1.0 1.0 1 0 0 0.0 1.0 0
cell 9.278828734935427 31.096787511042187 0.0 1.0 1.0 1 0 0 0.0 1.0 0
cell 4.274292601087725 10.058977535249163 0.0 1.6431676725154984 0.6085806194501846 1 0 0 0.6422682293415365 0.7664799551054727 1.3949077812197754
cell 28.581395928010803 32.445532431089426 0.0 1.0 1.0 1 0 0 0.0 1.0 0
cell 30.066638630009514 16.465326859688584 0.0 1.0 1.0 1 0 0 0.0 1.0 0
cell 45.46140843750755 41.80860624879157 0.0 1.0 1.0 1 0 0 0.0 1.0 0
cell 38.41739897511627 44.883208441809586 0.0 1.0 1.0 1 0 0 0.0 1.0 0
cell 9.898852158608557 20.122774869197627 0.0 1.0 1.0 1 0 0 0.0 1.0 0
cell 41.76122261339773 18.500200502063535 0.0 1.6431676725154984 0.6085806194501846 1 0 0 -0.5764002354793426 -0.8171675278297336 1.2286332755149365
cell 28.672290425954305 15.221849523807284 0.0 1.0 1.0 1 0 0 0.0 1.0 0
cell 52.181054036069035 55.67391859092954 0.0 1.6431676725154984 0.6085806194501846 1 0 0 0.7533180759348902 -0.6576563513490575 4.576999490271404
cell 16.65506269576987 17.4210911915896 0.0 1.0 1.0 1 0 0 0.0 1.0 0
cell 39.60101467303077 51.79940421800314 0.0 1.0 1.0 1 0 0 0.0 1.0 0
cell 7.452569371193102 17.326007704629763 0.0 1.0 1.0 1 0 0 0.0 1.0 0
cell 31.773778062432545 33.36113806156822 0.0 1.0 1.0 1 0 0 0.0 1.0 0
cell 34.469777615697716 6.469263295706782 0.0 1.0 1.0 1 0 0 0.0 1.0 0
cell 13.194013707908583 42.16184507736162 0.0 1.0 1.0 1 0 0 0.0 1.0 0
cell 2.546847851944351 51.58065492381381 0.0 1.6431676725154984 0.6085806194501846 1 0 0 0.7523224610503297 -0.6587950474913842 4.580024637103613
cell 55.79872428527969 2.4866946515027557 0.0 1.6431676725154984 0.6085806194501846 1 0 0 0.7211642617368076 0.6927641067445723 1.6109629112264585
cell 35.55980585700507 39.23172267137382 0.0 1.0 1.0 1 0 0 0.0 1.0 0
cell 28.58265337418353 10.066547055569128 0.0 1.6431676725154984 0.6085806194501846 1 0 0 0.6180687784973602 -0.7861240265039487 4.950617934170159
cell 26.977806786845854 15.95985305859757 0.0 1.0 1.0 1 0 0 0.0 1.0 0
cell 7.897788316748601 11.711598192751056 0.0 1.0 1.0 1 0 0 0.0 1.0 0
cell 0.761075192423266 44.78370082398388 0.0 1.6431676725154984 0.6085806194501846 1 0 0 0.9742775159883452 -0.2253515516688974 3.5962003622394234
cell 34.57989942561971 22.25428252211559 0.0 1.0 1.0 1 0 0 0.0 1.0 0
cell 27.022113670610388 3.709209690555945 0.0 1.0 1.0 1 0 0 0.0 1.0 0
cell 15.351406765918979 25.865870488375368 0.0 1.0 1.0 1 0 0 0.0 1.0 0
cell 11.640466633936468 25.969888413566608 0.0 1.6431676725154984 0.6085806194501846 1 0 0 0.4116729807306131 0.9113316393807318 0.8485781134387159
cell 44.80743720990055 46.8671521284614 0.0 1.6431676725154984 0.6085806194501846 1 0 0 0.7093515545232281 0.7048548588861964 1.5771556254662438
cell 17.84760515814873 50.556170945791386 0.0 1.0 1.0 1 0 0 0.0 1.0 0
cell 38.752227661561584 30.889105790443004 0.0 1.0 1.0 1 0 0 0.0 1.0 0
cell 47.3324243260469 50.103141033855714 0.0 1.6431676725154984 0.6085806194501846 1 0 0 0.824699531376915 0.5655711121925313 1.9393414562100544
cell 46.50860700671013 13.140673040591052 0.0 1.0 1.0 1 0 0 0.0 1.0 0
cell 29.996011388761076 56.718027640818256 0.0 1.0 1.0 1 0 0 0.0 1.0 0
cell 21.746378395002587 20.380931970841203 0.0 1.0 1.0 1 0 0 0.0 1.0 0
cell 12.652812177376703 28.02823284647108 0.0 1.6431676725154984 0.6085806194501846 1 0 0 0.33170888807035454 0.9433817962920045 0.6762288973685272
cell 6.392539563437464 22.99872706974124 0.0 1.0 1.0 1 0 0 0.0 1.0 0
cell 5.427733467437555 57.52649251095738 0.0 1.6431676725154984 0.6085806194501846 1 0 0 0.47726995784450355 -0.8787567281899501 5.288094562901547
cell 15.643823952433836 55.0774944454338 0.0 1.6431676725154984 0.6085806194501846 1 0 0 0.6973958253659692 0.7166861675532175 1.5435148172127924
cell 44.37956247082228 55.26074449861979 0.0 1.6431676725154984 0.6085806194501846 1 0 0 0.8279781189040408 0.5607604074969327 1.950984842584148
cell 4.538152741204565 53.22808353115544 0.0 1.6431676725154984 0.6085806194501846 1 0 0 0.9416424387094798 -0.3366147911504537 3.828231798025856
cell 43.54522066006688 47.99265611662864 0.0 1.0 1.0 1 0 0 0.0 1.0 0
cell 21.170295136025864 58.9179467488128 0.0 1.0 1.0 1 0 0 0.0 1.0 0
cell 33.88434326567277 44.82933983877567 0.0 1.6431676725154984 0.6085806194501846 1 0 0 0.48607337126037303 -0.8739180040207294 5.268003352087551
cell 19.116289692081097 26.47650683072417 0.0 1.0 1.0 1 0 0 0.0 1.0 0
cell 38.26749490914876 13.22833003151114 0.0 1.0 1.0 1 0 0 0.0 1.0 0
cell 22.090660860133255 24.571383553072334 0.0 1.0 1.0 1 0 0 0.0 1.0 0
cell 0.6598480945999279 40.05693323595523 0.0 1.0 1.0 1 0 0 0.0 1.0 0
cell 2.332544204930384 31.669676765006063 0.0 1.0 1.0 1 0 0 0.0 1.0 0
cell 32.55950671331819 22.8403935635905 0.0 1.0 1.0 1 0 0 0.0 1.0 0
cell 57.48484361871532 34.99021948893433 0.0 1.0 1.0 1 0 0 0.0 1.0 0
cell 24.101734595392077 48.38860968403616 0.0 1.0 1.0 1 0 0 0.0 1.0 0
cell 39.9269886173269 18.311165676239916 0.0 1.0 1.0 1 0 0 0.0 1.0 0
cell 4.629780689529072 29.01305243832758 0.0 1.0 1.0 1 0 0 0.0 1.0 0
cell 6.545412647303073 4.852749776214445 0.0 1.6431676725154984 0.6085806194501846 1 0 0 0.627941543207973 -0.7782605080007524 4.925374438278841
cell 30.31875987032761 58.71333946100699 0.0 1.0 1.0 1 0 0 0.0 1.0 0
cell 44.385856267674015 15.656521069048932 0.0 1.6431676725154984 0.6085806194501846 1 0 0 0.6153149410552272 0.7882813731873932 1.3255708659235952
cell 26.165537061664537 28.36870835345756 0.0 1.0 1.0 1 0 0 0.0 1.0 0
cell 50.830303941551236 23.884879078503626 0.0 1.0 1.0 1 0 0 0.0 1.0 0
cell 25.548060632628882 44.866364896089884 0.0 1.6431676725154984 0.6085806194501846 1 0 0 0.6846362451444047 0.7288849098688837 1.508209050323767
cell 57.134055485737086 41.033554205076754 0.0 1.6431676725154984 0.6085806194501846 1 0 0 0.9884281196290036 0.15168998756237048 2.83703700918552
cell 19.880845280616516 15.486824096263058 0.0 1.0 1.0 1 0 0 0.0 1.0 0
cell 6.895405690539552 33.3110812688746 0.0 1.0 1.0 1 0 0 0.0 1.0 0
cell 56.23237872872373 9.810300395398158 0.0 1.0 1.0 1 0 0 0.0 1.0 0
cell 13.053176783232082 15.595010440192963 0.0 1.0 1.0 1 0 0 0.0 1.0 0
cell 58.15402124008167 26.075520016180274 0.0 1.0 1.0 1 0 0 0.0 1.0 0
cell 22.75310041030589 33.111467085301406 0.0 1.0 1.0 1 0 0 0.0 1.0 0
cell 13.141685623904129 3.2348576209118645 0.0 1.6431676725154984 0.6085806194501846 1 0 0 0.6092487494492558 -0.7929791682601239 4.97295957050724
cell 32.20091173429051 54.262335955165 0.0 1.0 1.0 1 0 0 0.0 1.0 0
cell 12.873129327172638 9.105118907070308 0.0 1.0 1.0 1 0 0 0.0 1.0 0
cell 45.788726462984606 2.9744549513037133 0.0 1.6431676725154984 0.6085806194501846 1 0 0 0.6413598962365264 0.7672401732830939 1.392538814465026
cell 21.422861073389733 51.21726274602744 0.0 1.0 1.0 1 0 0 0.0 1.0 0
cell 43.703644600832355 41.81211358538859 0.0 1.6431676725154984 0.6085806194501846 1 0 0 0.5908155093997317 0.8068066892711881 1.264138507504508
cell 12.094391860135653 37.1888348909914 0.0 1.0 1.0 1 0 0 0.0 1.0 0
cell 43.85833332835955 32.39849933208776 0.0 1.0 1.0 1 0 0 0.0 1.0 0
cell 48.95733825133635 27.30498957129239 0.0 1.0 1.0 1 0 0 0.0 1.0 0
cell 18.915331406032486 24.534993006593666 0.0 1.0 1.0 1 0 0 0.0 1.0 0
cell 41.457045752316894 8.060340039596031 0.0 1.0 1.0 1 0 0 0.0 1.0 0
cell 19.288508365708946 39.34265244487052 0.0 1.0 1.0 1 0 0 0.0 1.0 0
cell 42.8738690337085 42.55166525285512 0.0 1.6431676725154984 0.6085806194501846 1 0 0 0.5336365378266215 0.8457139265120427 1.125789445974236
cell 55.59880260690281 15.022972292990442 0.0 1.0 1.0 1 0 0 0.0 1.0 0
cell 11.516317532577048 41.306602479715245 0.0 1.0 1.0 1 0 0 0.0 1.0 0
cell 24.36589873997171 36.60827070961613 0.0 1.0 1.0 1 0 0 0.0 1.0 0
cell 27.970982856125058 34.32944924748546 0.0 1.0 1.0 1 0 0 0.0 1.0 0
cell 47.42523834561453 23.635438395727338 0.0 1.0 1.0 1 0 0 0.0 1.0 0
cell 24.508852899346735 58.97757317900504 0.0 1.0 1.0 1 0 0 0.0 1.0 0
cell 21.700831941148234 16.3381361239217 0.0 1.0 1.0 1 0 0 0.0 1.0 0
cell 57.809537827771834 37.42117554380221 0.0 1.6431676725154984 0.6085806194501846 1 0 0 0.8187933676114657 -0.5740883391565057 4.36457323950736
cell 40.39391091137522 33.947497879871605 0.0 1.0 1.0 1 0 0 0.0 1.0 0
cell 25.04467780661978 8.001432011330015 0.0 1.0 1.0 1 0 0 0.0 1.0 0
cell 59.00209749631432 36.30938900306645 0.0 1.0 1.0 1 0 0 0.0 1.0 0
cell 1.3795967014415365 11.189210242687523 0.0 1.6431676725154984 0.6085806194501846 1 0 0 0.9836682228112648 0.17999118709350168 2.779637669564567
cell 13.39683661442868 43.85286963522297 0.0 1.0 1.0 1 0 0 0.0 1.0 0
cell 19.315162513544916 48.685417182279515 0.0 1.0 1.0 1 0 0 0.0 1.0 0
cell 49.309955363876576 18.369231989144573 0.0 1.0 1.0 1 0 0 0.0 1.0 0
cell 46.96776557323823 40.575335463634275 0.0 1.6431676725154984 0.6085806194501846 1 0 0 0.785439854898361 0.618937989088763 1.8068129352521052
cell 24.404183050858094 11.702294297279382 0.0 1.0 1.0 1 0 0 0.0 1.0 0
cell 52.32787562225556 26.96090453012377 0.0 1.0 1.0 1 0 0 0.0 1.0 0
cell 7.0116185488716765 13.507002601022792 0.0 1.0 1.0 1 0 0 0.0 1.0 0
cell 33.83909853040436 8.43077629979137 0.0 1.0 1.0 1 0 0 0.0 1.0 0
cell 28.62342543665076 12.800085281635566 0.0 1.0 1.0 1 0 0 0.0 1.0 0
cell 14.725637757888348 16.677419189571932 0.0 1.0 1.0 1 0 0 0.0 1.0 0
cell 34.604405202004706 36.149890590984654 0.0 1.0 1.0 1 0 0 0.0 1.0 0
cell 53.90144721565354 28.16453827603966 0.0 1.0 1.0 1 0 0 0.0 1.0 0
cell 43.562945834276405 21.859923004684426 0.0 1.6431676725154984 0.6085806194501846 1 0 0 0.7770234392376508 0.6294716632822265 1.7798465043608442
cell 8.497786252746428 40.53132496818809 0.0 1.0 1.0 1 0 0 0.0 1.0 0
cell 38.72844223075767 52.92569034535562 0.0 1.6431676725154984 0.6085806194501846 1 0 0 0.33152239213497053 0.9434473506842376 0.6758335336757932
cell 22.70569558193123 37.48225399363679 0.0 1.0 1.0 1 0 0 0.0 1.0 0
cell 10.369433798550805 12.30739197445264 0.0 1.0 1.0 1 0 0 0.0 1.0 0
cell 19.972506508115288 30.34037378990824 0.0 1.0 1.0 1 0 0 0.0 1.0 0
cell 17.808905155636882 36.130668139466884 0.0 1.0 1.0 1 0 0 0.0 1.0 0
cell 54.81542926764133 13.211117075007305 0.0 1.0 1.0 1 0 0 0.0 1.0 0
cell 52.477626046921394 45.7117312722425 0.0 1.6431676725154984 0.6085806194501846 1 0 0 0.9525428278819374 0.3044046009026171 2.5229660456185714
cell 25.853429055355715 0.7187472641929822 0.0 1.6431676725154984 0.6085806194501846 1 0 0 0.964833172509407 0.26286298565114274 2.6096159610422345
cell 43.10712883458121 15.138771365351724 0.0 1.6431676725154984 0.6085806194501846 1 0 0 0.7057192464878864 0.7084915984939905 1.5668756264770018
cell 18.15520509923685 29.71579730494898 0.0 1.0 1.0 1 0 0 0.0 1.0 0
cell 14.812841888108778 32.62537157229698 0.0 1.6431676725154984 0.6085806194501846 1 0 0 -0.7814320480657455 -0.6239903478867076 1.7939150301249107
cell 54.64203703323963 34.005247673276074 0.0 1.6431676725154984 0.6085806194501846 1 0 0 0.7685973237147827 -0.639732877049846 4.529893992198908
cell 17.096835596573527 48.735872142346714 0.0 1.0 1.0 1 0 0 0.0 1.0 0
cell 5.932502343945867 35.64435216549364 0.0 1.0 1.0 1 0 0 0.0 1.0 0
cell 18.056377087003693 6.937124024735779 0.0 1.0 1.0 1 0 0 0.0 1.0 0
cell 13.560303082456045 19.357649972179303 0.0 1.0 1.0 1 0 0 0.0 1.0 0
cell 40.22863313618753 9.387844425048016 0.0 1.0 1.0 1 0 0 0.0 1.0 0
cell 54.93807500125295 0.5677895487886735 0.0 1.6431676725154984 0.6085806194501846 1 0 0 0.7652169556954613 0.6437724836587615 1.7427565394916105
cell 42.55117710346064 10.18631865683103 0.0 1.6431676725154984 0.6085806194501846 1 0 0 0.7064818637679376 0.7077311468114013 1.5690295735418054
cell 9.185781191454545 21.909701204976066 0.0 1.6431676725154984 0.6085806194501846 1 0 0 0.49183175672765367 0.8706902566781083 1.0283846085143342
cell 51.13901472412166 4.650745478133245 0.0 1.0 1.0 1 0 0 0.0 1.0 0
cell 57.44901860359171 57.03749896733414 0.0 1.6431676725154984 0.6085806194501846 1 0 0 0.8236078602278603 0.5671596711428672 1.9354864508473408
cell 37.297677428654765 24.800461095438756 0.0 1.0 1.0 1 0 0 0.0 1.0 0
cell 7.409623199623601 31.42901028239924 0.0 1.0 1.0 1 0 0 0.0 1.0 0
cell 18.37499467093086 2.1925967768765475 0.0 1.6431676725154984 0.6085806194501846 1 0 0 -0.2648054524127565 0.9643018574971612 5.747180973072611
cell 35.22056846826967 58.632887573163444 0.0 1.0 1.0 1 0 0 0.0 1.0 0
cell 7.711451765563098 34.887771972053876 0.0 1.0 1.0 1 0 0 0.0 1.0 0
cell 35.00579897392261 3.3495883468818564 0.0 1.0 1.0 1 0 0 0.0 1.0 0
cell 24.384327488793552 38.5696776156602 0.0 1.0 1.0 1 0 0 0.0 1.0 0
cell 46.86426351911589 5.089748456007391 0.0 1.6431676725154984 0.6085806194501846 1 0 0 0.7178932138619927 0.6961532399485758 1.601542503784725
cell 48.99034303679504 14.747246630327837 0.0 1.0 1.0 1 0 0 0.0 1.0 0
cell 3.8498688585324885 41.683825701810854 0.0 1.0 1.0 1 0 0 0.0 1.0 0
cell 26.166656224686918 12.943225695669463 0.0 1.0 1.0 1 0 0 0.0 1.0 0
cell 36.44338076942185 22.905503202270992 0.0 1.0 1.0 1 0 0 0.0 1.0 0
cell 11.277278843778664 49.48783146714458 0.0 1.6431676725154984 0.6085806194501846 1 0 0 0.07290790759212673 -0.997338677185708 6.137239999818105
cell 0.16434291738294043 34.3323755686533 0.0 1.0 1.0 1 0 0 0.0 1.0 0
cell 22.48883042915574 14.515386216876752 0.0 1.0 1.0 1 0 0 0.0 1.0 0
cell 48.45911490779613 13.013964838378126 0.0 1.0 1.0 1 0 0 0.0 1.0 0
cell 30.274470641587566 12.318706805520108 0.0 1.0 1.0 1 0 0 0.0 1.0 0
cell 49.57831789253636 41.26515126856102 0.0 1.0 1.0 1 0 0 0.0 1.0 0
cell 33.351848458304254 2.2639013415473115 0.0 1.0 1.0 1 0 0 0.0 1.0 0
cell 42.39384971975392 36.465108482364144 0.0 1.6431676725154984 0.6085806194501846 1 0 0 0.5821219109896763 0.8131015193355179 1.2426718221656816
cell 43.98361344797937 53.10629082586243 0.0 1.0 1.0 1 0 0 0.0 1.0 0
cell 34.84991648323237 10.046137851621308 0.0 1.0 1.0 1 0 0 0.0 1.0 0
cell 28.559658392132103 2.244939693814056 0.0 1.0 1.0 1 0 0 0.0 1.0 0
cell 38.30484291149558 1.7507991789198172 0.0 1.0 1.0 1 0 0 0.0 1.0 0
cell 37.85442250128185 16.409073185938546 0.0 1.0 1.0 1 0 0 0.0 1.0 0
cell 54.45832221293576 3.6842078266667193 0.0 1.0 1.0 1 0 0 0.0 1.0 0
cell 16.772086341015697 52.249106914895485 0.0 1.0 1.0 1 0 0 0.0 1.0 0
cell 8.839784341592578 13.46060748844008 0.0 1.0 1.0 1 0 0 0.0 1.0 0
cell 11.606037346602086 34.028546081193454 0.0 1.0 1.0 1 0 0 0.0 1.0 0
cell 56.15779025876182 49.25967089459572 0.0 1.0 1.0 1 0 0 0.0 1.0 0
cell 9.846352271466223 51.14586351847591 0.0 1.0 1.0 1 0 0 0.0 1.0 0
cell 14.74914677478613 52.14018590676225 0.0 1.0 1.0 1 0 0 0.0 1.0 0
cell 27.785202645472197 30.871543052409358 0.0 1.6431676725154984 0.6085806194501846 1 0 0 -0.041910764245511926 -0.9991213579142211 0.08384608682997907
cell 15.1060579520857 18.449103829386722 0.0 1.0 1.0 1 0 0 0.0 1.0 0
cell 18.396540986084812 18.340070739290397 0.0 1.0 1.0 1 0 0 0.0 1.0 0
cell 24.059636854926207 27.611645148694414 0.0 1.0 1.0 1 0 0 0.0 1.0 0
cell 45.468873865055606 58.86023892060353 0.0 1.6431676725154984 0.6085806194501846 1 0 0 0.673476743008271 0.7392084121727589 1.4778042060494496
cell 4.550051409744972 23.889903390265633 0.0 1.0 1.0 1 0 0 0.0 1.0 0
cell 39.686733065841096 48.801142472774785 0.0 1.0 1.0 1 0 0 0.0 1.0 0
cell 17.348712685927147 5.082655230125607 0.0 1.0 1.0 1 0 0 0.0 1.0 0
cell 58.56821082990265 43.35090364905414 0.0 1.6431676725154984 0.6085806194501846 1 0 0 0.9964749232625061 -0.0838911634737695 3.309572407469325
cell 34.12560337041281 53.85153252887984 0.0 1.0 1.0 1 0 0 0.0 1.0 0
cell 54.94458962707969 40.99032145700643 0.0 1.6431676725154984 0.6085806194501846 1 0 0 0.8562091596578082 0.5166293399702245 2.0557735962265737
cell 46.649532971896065 9.373738156699686 0.0 1.6431676725154984 0.6085806194501846 1 0 0 0.9476925079611073 0.31918475896318527 2.4918544043722144
cell 35.51997318161843 24.2780605898087 0.0 1.0 1.0 1 0 0 0.0 1.0 0
cell 42.20308316737964 13.409552497126162 0.0 1.6431676725154984 0.6085806194501846 1 0 0 0.7911015756376767 0.6116848020210943 1.8252155874202376
cell 8.863809160928596 3.2241937059120604 0.0 1.0 1.0 1 0 0 0.0 1.0 0
cell 39.91484377803957 12.587908900694027 0.0 1.0 1.0 1 0 0 0.0 1.0 0
cell 17.819534795258143 14.405497886086339 0.0 1.0 1.0 1 0 0 0.0 1.0 0
cell 1.6295432233912894 23.508876986162452 0.0 1.0 1.0 1 0 0 0.0 1.0 0
cell 12.421551279060708 7.134789878917232 0.0 1.0 1.0 1 0 0 0.0 1.0 0
cell 57.90263193472007 4.686513449185794 0.0 1.0 1.0 1 0 0 0.0 1.0 0
cell 34.94067167569366 45.666969366926025 0.0 1.0 1.0 1 0 0 0.0 1.0 0
cell 44.51255497732907 57.058858438889345 0.0 1.6431676725154984 0.6085806194501846 1 0 0 0.8426515193941512 0.5384592991700752 2.004377367935521
cell 49.18520279439631 16.46210434718849 0.0 1.0 1.0 1 0 0 0.0 1.0 0
cell 46.28648399294676 18.764492431323912 0.0 1.0 1.0 1 0 0 0.0 1.0 0
cell 6.497904919044142 28.322231881628312 0.0 1.0 1.0 1 0 0 0.0 1.0 0
cell 32.83361385702425 44.249339480563755 0.0 1.6431676725154984 0.6085806194501846 1 0 0 0.3572152656947397 -0.9340220842970666 5.552615820130859
cell 21.223921800177028 49.25248105635889 0.0 1.0 1.0 1 0 0 0.0 1.0 0
cell 33.582186293973095 32.86769041360279 0.0 1.0 1.0 1 0 0 0.0 1.0 0
cell 57.63156439819753 22.837299020372267 0.0 1.0 1.0 1 0 0 0.0 1.0 0
cell 40.19800212316985 47.30105543088923 0.0 1.0 1.0 1 0 0 0.0 1.0 0
cell 34.1622951428786 18.70260345379342 0.0 1.0 1.0 1 0 0 0.0 1.0 0
cell 50.342781154134876 46.01961857585289 0.0 1.6431676725154984 0.6085806194501846 1 0 0 0.9577719799394996 0.287528841062546 2.5583012077546634
cell 8.650128445013403 47.08498035622857 0.0 1.0 1.0 1 0 0 0.0 1.0 0
cell 57.02683427888146 24.705425514981396 0.0 1.0 1.0 1 0 0 0.0 1.0 0
cell 30.34983278803348 10.374345981211475 0.0 1.0 1.0 1 0 0 0.0 1.0 0
cell 26.240216434167525 57.980674747890696 0.0 1.0 1.0 1 0 0 0.0 1.0 0
cell 30.819615239045977 52.83498245623957 0.0 1.0 1.0 1 0 0 0.0 1.0 0
cell 8.948733174305666 36.28153143887275 0.0 1.0 1.0 1 0 0 0.0 1.0 0
cell 16.694861740537096 10.243421339734798 0.0 1.0 1.0 1 0 0 0.0 1.0 0
cell 50.55784619598419 27.05479283318339 0.0 1.0 1.0 1 0 0 0.0 1.0 0
cell 41.08959213611177 41.22625126445315 0.0 1.6431676725154984 0.6085806194501846 1 0 0 0.45857791665293046 0.8886542040401643 0.9527885405470573
cell 31.318239089887022 35.309728284507536 0.0 1.0 1.0 1 0 0 0.0 1.0 0
cell 6.801990885484278 40.74799961523688 0.0 1.0 1.0 1 0 0 0.0 1.0 0
cell 32.989312408405596 20.987125449130758 0.0 1.0 1.0 1 0 0 0.0 1.0 0
cell 54.09102335501867 45.91144500672859 0.0 1.6431676725154984 0.6085806194501846 1 0 0 0.9595927287105298 0.2813925994156199 2.571102571354875
cell 28.463396251477196 17.167662052572183 0.0 1.0 1.0 1 0 0 0.0 1.0 0
cell 43.29090053445215 3.5365879784826197 0.0 1.0 1.0 1 0 0 0.0 1.0 0
cell 38.525631153794386 50.18307062854168 0.0 1.0 1.0 1 0 0 0.0 1.0 0
cell 5.221832517583858 11.916506851135468 0.0 1.6431676725154984 0.6085806194501846 1 0 0 0.8969403290260444 0.4421516099333478 2.225600469804992
cell 37.077840995243086 56.14361342775546 0.0 1.0 1.0 1 0 0 0.0 1.0 0
cell 55.125442099282274 20.849431481812793 0.0 1.0 1.0 1 0 0 0.0 1.0 0
cell 3.3940523260963436 16.0936561989219 0.0 1.6431676725154984 0.6085806194501846 1 0 0 0.3941401427613842 0.9190503511038096 0.8102641399427586
cell 40.40717170890596 31.82580012310706 0.0 1.0 1.0 1 0 0 0.0 1.0 0
cell 48.21107836835084 5.283172124128007 0.0 1.0 1.0 1 0 0 0.0 1.0 0
cell 21.578304540850336 31.502723447221474 0.0 1.0 1.0 1 0 0 0.0 1.0 0
cell 1.7119994023787113 42.326916562349254 0.0 1.6431676725154984 0.6085806194501846 1 0 0 0.8074799944291494 0.5898949555613276 1.8797351628288763
cell 41.19282741061138 51.985692817514355 0.0 1.0 1.0 1 0 0 0.0 1.0 0
cell 46.000216357927634 37.94713509510425 0.0 1.6431676725154984 0.6085806194501846 1 0 0 0.9479916827764892 0.3182950979619389 2.4937316388615396
cell 14.99110217882413 34.91375352681969 0.0 1.6431676725154984 0.6085806194501846 1 0 0 0.7880152700835286 0.615655694455256 1.8151570940917352
cell 29.975569244874503 5.190065170727207 0.0 1.0 1.0 1 0 0 0.0 1.0 0
cell 30.106554213894604 14.328588559301732 0.0 1.0 1.0 1 0 0 0.0 1.0 0
cell 18.786849437890293 22.385785904584807 0.0 1.0 1.0 1 0 0 0.0 1.0 0
cell 20.594463504485162 44.237366279123535 0.0 1.0 1.0 1 0 0 0.0 1.0 0
cell 30.16968314829296 48.61076131984235 0.0 1.0 1.0 1 0 0 0.0 1.0 0
cell 45.55227626387488 51.79142381417834 0.0 1.6431676725154984 0.6085806194501846 1 0 0 0.859604922093816 0.5109592722635382 2.068991921282748
cell 14.061579823450288 12.982290916337082 0.0 1.0 1.0 1 0 0 0.0 1.0 0
cell 40.455962526388376 6.289362049992867 0.0 1.0 1.0 1 0 0 0.0 1.0 0
cell 24.326378503688495 13.685030566344718 0.0 1.0 1.0 1 0 0 0.0 1.0 0
cell 38.62426515539419 47.328887792848306 0.0 1.0 1.0 1 0 0 0.0 1.0 0
cell 17.235776653290216 45.49824739297481 0.0 1.0 1.0 1 0 0 0.0 1.0 0
cell 31.905653630928885 11.626761500613238 0.0 1.0 1.0 1 0 0 0.0 1.0 0
cell 12.32823160719032 32.49708037955646 0.0 1.0 1.0 1 0 0 0.0 1.0 0
cell 48.617299655720124 47.51423852603261 0.0 1.6431676725154984 0.6085806194501846 1 0 0 0.7697356898510853 0.6383627242951094 1.7568540088326339
cell 4.34916965477087 36.280140838214145 0.0 1.6431676725154984 0.6085806194501846 1 0 0 0.6613720248887108 -0.7500580275516064 4.837892279104506
cell 0.25250121508272755 27.321580255588962 0.0 1.0 1.0 1 0 0 0.0 1.0 0
cell 27.59387819246046 36.27331167818757 0.0 1.0 1.0 1 0 0 0.0 1.0 0
cell 0.8837091386256666 38.050350415042615 0.0 1.0 1.0 1 0 0 0.0 1.0 0
cell 54.942211914959316 46.876636938606595 0.0 1.6431676725154984 0.6085806194501846 1 0 0 0.21837491754032842 -0.975864947310464 5.842887536386501
cell 46.85034215168345 58.01589487495896 0.0 1.6431676725154984 0.6085806194501846 1 0 0 0.8740444900105021 0.48584589067139516 2.126931260211114
cell 36.625314394574445 11.007448812156431 0.0 1.0 1.0 1 0 0 0.0 1.0 0
cell 49.68046511340755 49.32745754311577 0.0 1.0 1.0 1 0 0 0.0 1.0 0
cell 19.389914637179434 5.405536005080937 0.0 1.0 1.0 1 0 0 0.0 1.0 0
cell 53.706114645035626 51.30355925207315 0.0 1.6431676725154984 0.6085806194501846 1 0 0 0.7508043163511 0.6605246994235395 1.6985578615977
cell 41.08259243276983 21.36727555298989 0.0 1.6431676725154984 0.6085806194501846 1 0 0 -0.6153637886380383 -0.7882432414128521 1.3256948033041933
cell 30.39694383661363 27.746289424361443 0.0 1.0 1.0 1 0 0 0.0 1.0 0
cell 13.676414341514818 36.19121552478103 0.0 1.6431676725154984 0.6085806194501846 1 0 0 0.5715025173485911 0.8206003123715121 1.2166713761284116
cell 55.58876598684148 28.39419699366833 0.0 1.0 1.0 1 0 0 0.0 1.0 0
cell 36.490237263261754 6.126919527391276 0.0 1.0 1.0 1 0 0 0.0 1.0 0
cell 26.34750340459804 23.362644752465666 0.0 1.0 1.0 1 0 0 0.0 1.0 0
cell 4.711463743980128 2.2439264875024683 0.0 1.6431676725154984 0.6085806194501846 1 0 0 0.2659670824673585 -0.9639821113712647 5.744771307415819
cell 56.89830611835572 5.981283259212891 0.0 1.0 1.0 1 0 0 0.0 1.0 0
cell 23.04850150122967 56.045473198101874 0.0 1.0 1.0 1 0 0 0.0 1.0 0
cell 45.555416664926916 32.00061763895543 0.0 1.0 1.0 1 0 0 0.0 1.0 0
cell 46.064129939256254 20.506595074104045 0.0 1.0 1.0 1 0 0 0.0 1.0 0
cell 39.05763664432814 56.137104967787636 0.0 1.6431676725154984 0.6085806194501846 1 0 0 0.3801605324524661 0.9249205206748619 0.7799397075903929
cell 28.147187152555862 57.382972306558564 0.0 1.0 1.0 1 0 0 0.0 1.0 0
cell 52.034482708023866 47.59782062173469 0.0 1.6431676725154984 0.6085806194501846 1 0 0 0.43214800654686475 -0.9018026948493617 5.389438658459459
cell 3.814992259624458 32.88183762118602 0.0 1.0 1.0 1 0 0 0.0 1.0 0
cell 17.92676029074148 27.671203138829267 0.0 1.0 1.0 1 0 0 0.0 1.0 0
cell 35.11441280910401 14.023220188535335 0.0 1.0 1.0 1 0 0 0.0 1.0 0
cell 24.85525775962682 22.49548366705106 0.0 1.0 1.0 1 0 0 0.0 1.0 0
cell 5.822977636994816 45.26167507505243 0.0 1.0 1.0 1 0 0 0.0 1.0 0
cell 3.344294011158541 27.804536021282047 0.0 1.0 1.0 1 0 0 0.0 1.0 0
cell 44.55358124849076 27.268740757095483 0.0 1.6431676725154984 0.6085806194501846 1 0 0 0.46745838884571433 0.8840150760579646 0.9728270169925188
cell 34.739621758010294 20.54044768732223 0.0 1.0 1.0 1 0 0 0.0 1.0 0
cell 26.75013315531818 40.78325739832565 0.0 1.6431676725154984 0.6085806194501846 1 0 0 0.39473643848014933 -0.918794397096547 5.471623352068436
cell 29.07780660492479 24.472646156002938 0.0 1.0 1.0 1 0 0 0.0 1.0 0
cell 41.09206852522311 39.29125512764112 0.0 1.0 1.0 1 0 0 0.0 1.0 0
cell 27.97395021489212 6.840642045619445 0.0 1.6431676725154984 0.6085806194501846 1 0 0 0.799668661519861 -0.6004415306947329 4.429698926520175
cell 17.152813439004078 55.968749868781785 0.0 1.0 1.0 1 0 0 0.0 1.0 0
cell 42.414825188829326 6.686478918931521 0.0 1.0 1.0 1 0 0 0.0 1.0 0
cell 30.884571902946167 23.905910693452277 0.0 1.0 1.0 1 0 0 0.0 1.0 0
cell 39.87597643464748 55.04737195685495 0.0 1.0 1.0 1 0 0 0.0 1.0 0
cell 40.42668251298929 23.50049222764524 0.0 1.0 1.0 1 0 0 0.0 1.0 0
cell 40.24986285372283 4.197838602709311 0.0 1.0 1.0 1 0 0 0.0 1.0 0
cell 58.62908665313984 6.989491190380655 0.0 1.0 1.0 1 0 0 0.0 1.0 0
cell 28.541820632909758 55.40805785313298 0.0 1.0 1.0 1 0 0 0.0 1.0 0
cell 52.02188173874584 37.340485350293115 0.0 1.6431676725154984 0.6085806194501846 1 0 0 0.13423126027782772 -0.9909500334346965 6.013909984583752
cell 13.321513745988803 54.30550279158007 0.0 1.6431676725154984 0.6085806194501846 1 0 0 0.6369824995773736 0.7708782622646465 1.381155075111893
cell 35.65213015159834 7.833407806521995 0.0 1.0 1.0 1 0 0 0.0 1.0 0
cell 42.79876680551222 51.579536278001434 0.0 1.0 1.0 1 0 0 0.0 1.0 0
cell 40.44010486298863 35.85978960574616 0.0 1.6431676725154984 0.6085806194501846 1 0 0 0.3104903095839123 0.9505765448686846 0.631417582673384
cell 36.32146070746613 27.834808459803664 0.0 1.0 1.0 1 0 0 0.0 1.0 0
cell 45.884764081289546 8.146187988134482 0.0 1.6431676725154984 0.6085806194501846 1 0 0 0.8528734722867288 0.5221176498353396 2.0429285976357687
cell 37.144143261997755 41.08755249422774 0.0 1.0 1.0 1 0 0 0.0 1.0 0
cell 24.276982817378055 40.64035798134827 0.0 1.0 1.0 1 0 0 0.0 1.0 0
cell 20.7170888811203 42.33672880204881 0.0 1.0 1.0 1 0 0 0.0 1.0 0
cell 18.146874779553162 8.923934130941502 0.0 1.0 1.0 1 0 0 0.0 1.0 0
cell 13.107598756334644 48.435304959321826 0.0 1.0 1.0 1 0 0 0.0 1.0 0
cell 18.899321308181147 13.10439191822736 0.0 1.0 1.0 1 0 0 0.0 1.0 0
cell 53.52351782758524 6.851966953932141 0.0 1.0 1.0 1 0 0 0.0 1.0 0
cell 12.531427233298208 23.72089394132149 0.0 1.0 1.0 1 0 0 0.0 1.0 0
cell 10.85837500952816 3.173459013344123 0.0 1.0 1.0 1 0 0 0.0 1.0 0
cell 48.4597343888844 1.593088139008207 0.0 1.0 1.0 1 0 0 0.0 1.0 0
cell 15.835627582607756 6.337093949905346 0.0 1.0 1.0 1 0 0 0.0 1.0 0
cell 28.56802295927454 44.12707231827392 0.0 1.6431676725154984 0.6085806194501846 1 0 0 0.18711935613686226 -0.9823371857763128 5.906727539433945
cell 51.16909848462786 8.267849581426265 0.0 1.0 1.0 1 0 0 0.0 1.0 0
cell 23.482002832430563 23.530556546578907 0.0 1.0 1.0 1 0 0 0.0 1.0 0
cell 5.10204612153103 48.38982331604812 0.0 1.6431676725154984 0.6085806194501846 1 0 0 0.9114114939851731 -0.41149615870833445 3.9897827320531203
cell 3.3175172809673312 57.44700967628411 0.0 1.6431676725154984 0.6085806194501846 1 0 0 0.7877012673802157 0.6160573945401532 1.8141373673410304
cell 36.65183171961541 52.873330630264746 0.0 1.0 1.0 1 0 0 0.0 1.0 0
cell 46.4724730404931 25.705997660119255 0.0 1.0 1.0 1 0 0 0.0 1.0 0
cell 2.7244350256480305 37.203462794485894 0.0 1.0 1.0 1 0 0 0.0 1.0 0
cell 7.55466549992299 6.793034996628592 0.0 1.6431676725154984 0.6085806194501846 1 0 0 0.7615084190514227 -0.6481550182740259 4.551910918048234
cell 27.94062124077112 23.05467628361909 0.0 1.0 1.0 1 0 0 0.0 1.0 0
cell 56.206844290495845 31.73238984321964 0.0 1.0 1.0 1 0 0 0.0 1.0 0
cell 37.69062448916638 48.78179965621348 0.0 1.0 1.0 1 0 0 0.0 1.0 0
cell 44.34603788494418 39.975072285469146 0.0 1.6431676725154984 0.6085806194501846 1 0 0 0.739887114362897 0.6727310443258475 1.665805081641024
cell 14.49807566214786 41.277155884129236 0.0 1.6431676725154984 0.6085806194501846 1 0 0 0.7571594113596503 0.6532301476428564 1.7179071198059397
cell 3.292158838872541 13.884296278880347 0.0 1.0 1.0 1 0 0 0.0 1.0 0
cell 3.7923427852074907 22.28272633570005 0.0 1.0 1.0 1 0 0 0.0 1.0 0
cell 41.71916186501654 45.17483975392745 0.0 1.0 1.0 1 0 0 0.0 1.0 0
cell 35.425219339506874 32.349264008158116 0.0 1.0 1.0 1 0 0 0.0 1.0 0
cell 43.42223330419713 12.724982597043422 0.0 1.6431676725154984 0.6085806194501846 1 0 0 0.6839140415362115 0.7295625975813215 1.5062283042345905
cell 49.059429363188194 23.673668447520345 0.0 1.0 1.0 1 0 0 0.0 1.0 0
cell 13.381416897456237 57.97734141996884 0.0 1.6431676725154984 0.6085806194501846 1 0 0 -0.09516691862435955 0.9954613290326976 6.092562991919755
cell 11.562560039988043 44.85133403059236 0.0 1.0 1.0 1 0 0 0.0 1.0 0
cell 15.521561452413549 1.689792074476286 0.0 1.6431676725154984 0.6085806194501846 1 0 0 0.6656397966066648 0.746273181330696 1.4567016256374028
cell 2.4715849813647894 39.23204996017565 0.0 1.0 1.0 1 0 0 0.0 1.0 0
cell 24.38595211286127 6.101896307829455 0.0 1.0 1.0 1 0 0 0.0 1.0 0
cell 46.687421376397396 56.55505885443634 0.0 1.6431676725154984 0.6085806194501846 1 0 0 0.9192959586865374 0.39356694518544133 2.3325757162101532
cell 7.427472746851775 21.40675223894959 0.0 1.6431676725154984 0.6085806194501846 1 0 0 0.4279857272255129 0.9037854929634845 0.8845257821313317
cell 55.727804109003834 16.88524240727287 0.0 1.0 1.0 1 0 0 0.0 1.0 0
cell 20.60514621093554 25.59560350614989 0.0 1.0 1.0 1 0 0 0.0 1.0 0
cell 36.2136091080071 42.48244984303519 0.0 1.6431676725154984 0.6085806194501846 1 0 0 0.20046105525225894 0.9797016715955683 0.4036570119114915
cell 44.6161675628448 0.9641214770857858 0.0 1.6431676725154984 0.6085806194501846 1 0 0 0.6650864126274686 0.746766405068094 1.4552190555598323
cell 26.142165290750324 11.383139489298513 0.0 1.0 1.0 1 0 0 0.0 1.0 0
cell 16.59005041195061 28.963731941387593 0.0 1.0 1.0 1 0 0 0.0 1.0 0
cell 43.195475424179214 54.81895270137193 0.0 1.0 1.0 1 0 0 0.0 1.0 0
cell 31.65770084449561 43.09785969151958 0.0 1.6431676725154984 0.6085806194501846 1 0 0 -0.05117179958067986 0.9986898652372891 6.180796989947002
cell 0.44376190026478773 4.281539589938883 0.0 1.6431676725154984 0.6085806194501846 1 0 0 0.838294114636407 0.5452182841449492 1.988293686436187
cell 20.500198858888808 13.934609026380883 0.0 1.0 1.0 1 0 0 0.0 1.0 0
cell 36.63975831585746 17.57006949416917 0.0 1.0 1.0 1 0 0 0.0 1.0 0
cell 48.845510694109414 57.195968123752756 0.0 1.0 1.0 1 0 0 0.0 1.0 0
cell 26.60471855400971 19.769324075680245 0.0 1.0 1.0 1 0 0 0.0 1.0 0
cell 47.63029106269994 11.549651775187638 0.0 1.0 1.0 1 0 0 0.0 1.0 0
cell 27.149326204027233 24.95038123936668 0.0 1.0 1.0 1 0 0 0.0 1.0 0
cell 36.30943721570799 48.4879182574402 0.0 1.6431676725154984 0.6085806194501846 1 0 0 0.6077509406311856 0.7941276938640971 1.3064507964735548
cell 23.34098217289792 19.478300957526002 0.0 1.0 1.0 1 0 0 0.0 1.0 0
cell 44.93460338560116 23.604558374353203 0.0 1.6431676725154984 0.6085806194501846 1 0 0 0.7528664590136841 0.6581733015644107 1.7048129434439838
cell 11.987791110692696 50.96005377626909 0.0 1.0 1.0 1 0 0 0.0 1.0 0
cell 58.71786103764769 29.24266716448622 0.0 1.0 1.0 1 0 0 0.0 1.0 0
cell 5.300176807730713 46.86416058181547 0.0 1.6431676725154984 0.6085806194501846 1 0 0 0.9062628890373922 -0.4227145324608553 4.014469730822843
cell 21.804969793647256 22.557121062560103 0.0 1.0 1.0 1 0 0 0.0 1.0 0
cell 11.359066576918375 24.245860513069108 0.0 1.6431676725154984 0.6085806194501846 1 0 0 0.4142655207318631 0.9101560736119703 0.8542713459147763
cell 48.92745635213665 55.3719114843199 0.0 1.0 1.0 1 0 0 0.0 1.0 0
cell 19.490408285709847 35.42914815303572 0.0 1.0 1.0 1 0 0 0.0 1.0 0
cell 2.08365716323727 26.621630406530453 0.0 1.0 1.0 1 0 0 0.0 1.0 0
cell 19.652180669016396 53.94192952358986 0.0 1.0 1.0 1 0 0 0.0 1.0 0
cell 34.791240665867754 52.18942790816321 0.0 1.0 1.0 1 0 0 0.0 1.0 0
cell 53.15013394877603 21.158539977265658 0.0 1.0 1.0 1 0 0 0.0 1.0 0
cell 1.0586898357921084 46.61153292164435 0.0 1.6431676725154984 0.6085806194501846 1 0 0 0.9373569973538219 -0.3483702907996418 3.8532564916031675
cell 25.59706758316695 14.826940708355604 0.0 1.0 1.0 1 0 0 0.0 1.0 0
cell 10.479985939373645 47.96358010188615 0.0 1.0 1.0 1 0 0 0.0 1.0 0
cell 8.423588553972703 48.81681228193762 0.0 1.6431676725154984 0.6085806194501846 1 0 0 -0.24637686310501267 -0.9691741026908085 0.4978801853468875
cell 41.61775791280776 30.291273990285863 0.0 1.0 1.0 1 0 0 0.0 1.0 0
cell 53.40350102826208 55.15883932432632 0.0 1.6431676725154984 0.6085806194501846 1 0 0 0.8083155223237226 -0.5887495361955944 4.400614589574154
cell 58.95551412079795 57.715721768688915 0.0 1.6431676725154984 0.6085806194501846 1 0 0 0.9707010900565621 0.2402902281887511 2.65626299719494
cell 32.730482890598466 26.54047373891809 0.0 1.0 1.0 1 0 0 0.0 1.0 0
cell 29.912608239015757 33.884176711821155 0.0 1.0 1.0 1 0 0 0.0 1.0 0
cell 44.86518294193268 36.74338825509076 0.0 1.6431676725154984 0.6085806194501846 1 0 0 0.7800866573334906 0.6256714849266036 1.7896086164148168
cell 34.426865817156504 48.788546918189574 0.0 1.6431676725154984 0.6085806194501846 1 0 0 0.5900987437073977 0.8073310799634503 1.2623622882526353
cell 5.242025904698391 55.74273270565644 0.0 1.6431676725154984 0.6085806194501846 1 0 0 0.486589456021208 -0.8736307579801577 5.266822075188037
cell 2.315519218685321 2.014604751214591 0.0 1.6431676725154984 0.6085806194501846 1 0 0 0.5288737609339653 0.8487005037087954 1.1145459998273493
cell 12.593784151605023 38.7599972007026 0.0 1.0 1.0 1 0 0 0.0 1.0 0
cell 12.315905541320273 35.55025885288039 0.0 1.0 1.0 1 0 0 0.0 1.0 0
cell 0.9253617733488895 30.461329939839306 0.0 1.0 1.0 1 0 0 0.0 1.0 0
cell 32.58262955104907 24.82668351684344 0.0 1.0 1.0 1 0 0 0.0 1.0 0
cell 31.79444557402639 1.0216676973020242 0.0 1.0 1.0 1 0 0 0.0 1.0 0
cell 53.386254868676886 11.970940478741506 0.0 1.0 1.0 1 0 0 0.0 1.0 0
cell 31.10593090971185 42.026129794740484 0.0 1.6431676725154984 0.6085806194501846 1 0 0 -0.004846959605673554 -0.9999882534222995 0.009693957168317446
cell 38.99325550302377 25.80929023481734 0.0 1.0 1.0 1 0 0 0.0 1.0 0
cell 35.269905957584776 56.806415197845126 0.0 1.0 1.0 1 0 0 0.0 1.0 0
cell 51.23095287606832 2.22650931541548 0.0 1.0 1.0 1 0 0 0.0 1.0 0
cell 35.42037643474367 28.90893040373066 0.0 1.6431676725154984 0.6085806194501846 1 0 0 -0.04315841880875544 -0.9990682413558786 0.08634365643310371
cell 58.77432058911079 12.623773236636527 0.0 1.0 1.0 1 0 0 0.0 1.0 0
cell 4.689205071794408 51.532958995822554 0.0 1.6431676725154984 0.6085806194501846 1 0 0 0.881610422218489 -0.4719778209150696 4.124658358692429
cell 44.75811271713377 3.8010044763409603 0.0 1.6431676725154984 0.6085806194501846 1 0 0 0.6675273740545944 0.7445852569637527 1.4617660271683406
cell 44.80072019989113 19.93901414031139 0.0 1.6431676725154984 0.6085806194501846 1 0 0 0.816229868210463 0.5777272732363691 1.909709617867649
cell 15.258191951318338 43.142176959418485 0.0 1.0 1.0 1 0 0 0.0 1.0 0
cell 10.152454831405507 40.37907249899823 0.0 1.0 1.0 1 0 0 0.0 1.0 0
cell 9.379334203221514 1.356645190244875 0.0 1.0 1.0 1 0 0 0.0 1.0 0
cell 4.935677008411836 19.309293000508347 0.0 1.0 1.0 1 0 0 0.0 1.0 0
cell 45.80481565848583 39.74005022792546 0.0 1.6431676725154984 0.6085806194501846 1 0 0 0.8969027618336358 0.44222780986183624 2.2254305554377187
cell 56.913110929991205 19.783632637806555 0.0 1.0 1.0 1 0 0 0.0 1.0 0
cell 10.892613914615682 8.767811342777662 0.0 1.0 1.0 1 0 0 0.0 1.0 0
cell 23.176642652017794 52.112969259511935 0.0 1.0 1.0 1 0 0 0.0 1.0 0
cell 49.77390410951649 25.475706400103757 0.0 1.0 1.0 1 0 0 0.0 1.0 0
cell 35.04398091404348 34.218931044042854 0.0 1.0 1.0 1 0 0 0.0 1.0 0
cell 30.149310497696657 1.5651484771690929 0.0 1.0 1.0 1 0 0 0.0 1.0 0
cell 23.800054703464113 25.566216102257336 0.0 1.0 1.0 1 0 0 0.0 1.0 0
cell 40.04238460751749 16.943748184563365 0.0 1.6431676725154984 0.6085806194501846 1 0 0 0.15245509376024394 -0.9883103988052312 5.977081443519137
cell 5.914767787638809 3.087685513825362 0.0 1.6431676725154984 0.6085806194501846 1 0 0 0.5928100406179679 -0.8053423220857844 5.0140980506784185
cell 12.920483709456507 17.578767228055913 0.0 1.0 1.0 1 0 0 0.0 1.0 0
cell 41.58424835476419 25.661089169085635 0.0 1.0 1.0 1 0 0 0.0 1.0 0
cell 51.22666281303579 30.866622937436873 0.0 1.0 1.0 1 0 0 0.0 1.0 0
cell 18.744336368209428 52.31339355292379 0.0 1.0 1.0 1 0 0 0.0 1.0 0
cell 28.914813359273115 53.42175607126812 0.0 1.0 1.0 1 0 0 0.0 1.0 0
cell 11.498635566940104 10.687371846492178 0.0 1.0 1.0 1 0 0 0.0 1.0 0
cell 21.64249344903981 12.76680077754428 0.0 1.6431676725154984 0.6085806194501846 1 0 0 0.7323779197417128 0.6808983644236497 1.643615499930751
cell 2.896579645788967 45.0274471287028 0.0 1.6431676725154984 0.6085806194501846 1 0 0 0.9278793675115935 -0.37288051617949297 3.9058156529585606
cell 0.5514665141771863 50.38228998099672 0.0 1.6431676725154984 0.6085806194501846 1 0 0 0.6435026100882449 -0.7654439174816247 4.885054440265674
cell 24.742427911975597 9.945290208098019 0.0 1.0 1.0 1 0 0 0.0 1.0 0
cell 58.374315131035665 14.365203960727412 0.0 1.0 1.0 1 0 0 0.0 1.0 0
cell 41.77593003158442 2.971495335863418 0.0 1.0 1.0 1 0 0 0.0 1.0 0
cell 57.951419968522444 8.864555064452508 0.0 1.0 1.0 1 0 0 0.0 1.0 0
cell 7.7214044592909845 50.223788604878074 0.0 1.6431676725154984 0.6085806194501846 1 0 0 0.8556241962303193 -0.5175975606832204 4.229674128860499
cell 24.721911659065864 32.48950987050488 0.0 1.0 1.0 1 0 0 0.0 1.0 0
cell 31.979413617920205 49.23975839004132 0.0 1.0 1.0 1 0 0 0.0 1.0 0
cell 31.869500888816038 5.06138276031273 0.0 1.0 1.0 1 0 0 0.0 1.0 0
cell 25.19320201022889 16.752920246158805 0.0 1.0 1.0 1 0 0 0.0 1.0 0
cell 47.988477760203715 28.975971540124057 0.0 1.0 1.0 1 0 0 0.0 1.0 0
cell 47.416928482208164 16.07457899756117 0.0 1.0 1.0 1 0 0 0.0 1.0 0
cell 22.646655622119717 7.127894503676814 0.0 1.0 1.0 1 0 0 0.0 1.0 0
cell 49.551165944176724 11.495333592794957 0.0 1.0 1.0 1 0 0 0.0 1.0 0
cell 55.763186736348224 4.689415150380351 0.0 1.6431676725154984 0.6085806194501846 1 0 0 0.9463476675137256 0.3231502625580413 2.483479718656477
cell 0.3332267605216741 22.230131905417526 0.0 1.0 1.0 1 0 0 0.0 1.0 0
cell 42.68096882330701 17.87970836507729 0.0 1.6431676725154984 0.6085806194501846 1 0 0 0.7055145006787114 0.7086954842046537 1.5662977329575078
cell 36.15979836742117 15.654762226223136 0.0 1.0 1.0 1 0 0 0.0 1.0 0
cell 14.839023355737167 9.622795228854786 0.0 1.0 1.0 1 0 0 0.0 1.0 0
cell 38.634471592937935 19.23526186216341 0.0 1.0 1.0 1 0 0 0.0 1.0 0
cell 30.346779757815444 31.9775946496377 0.0 1.0 1.0 1 0 0 0.0 1.0 0
cell 39.82124626330413 20.30096560728323 0.0 1.0 1.0 1 0 0 0.0 1.0 0
cell 44.565263388475834 25.41419680671015 0.0 1.6431676725154984 0.6085806194501846 1 0 0 0.5488041780401656 0.8359509400471168 1.1618661441078137
cell 33.64880328222481 29.59681482375612 0.0 1.6431676725154984 0.6085806194501846 1 0 0 -0.010718603336544579 -0.9999425541212424 0.02143761717558057
cell 17.094056864136764 21.372769269116972 0.0 1.0 1.0 1 0 0 0.0 1.0 0
cell 1.5240114958099493 18.52971458970339 0.0 1.0 1.0 1 0 0 0.0 1.0 0
cell 50.07662644244812 44.76737981124004 0.0 1.6431676725154984 0.6085806194501846 1 0 0 0.9521332376211142 0.3056833293085099 2.5202805953481904
cell 4.254830151696487 6.336487673581477 0.0 1.6431676725154984 0.6085806194501846 1 0 0 0.7948225340689482 0.6068419393352898 1.8374301633973353
cell 28.149010234847932 51.57037639570565 0.0 1.0 1.0 1 0 0 0.0 1.0 0
cell 53.89948107418183 24.82625452357668 0.0 1.6431676725154984 0.6085806194501846 1 0 0 0.5172491649115207 -0.8558348563819625 5.195918097996884
cell 9.13845315532572 38.623714398246975 0.0 1.0 1.0 1 0 0 0.0 1.0 0
cell 1.28720506272194 5.968224086450937 0.0 1.0 1.0 1 0 0 0.0 1.0 0
cell 33.52072230802512 11.089408940740265 0.0 1.0 1.0 1 0 0 0.0 1.0 0
cell 38.165565089468416 20.704775473599415 0.0 1.0 1.0 1 0 0 0.0 1.0 0
cell 31.95417201706506 58.11565676435506 0.0 1.0 1.0 1 0 0 0.0 1.0 0
cell 19.76571475163138 50.6000458944599 0.0 1.0 1.0 1 0 0 0.0 1.0 0
cell 32.56455212811524 7.030206454798109 0.0 1.0 1.0 1 0 0 0.0 1.0 0
cell 39.46440877795549 7.979622099004566 0.0 1.0 1.0 1 0 0 0.0 1.0 0
cell 26.070825667923856 39.46222525181131 0.0 1.6431676725154984 0.6085806194501846 1 0 0 0.9932227396745922 0.11622645737222329 2.9086131798118404
cell 26.22810766248243 37.73304610788522 0.0 1.0 1.0 1 0 0 0.0 1.0 0
cell 50.953055536282356 18.80872630474751 0.0 1.0 1.0 1 0 0 0.0 1.0 0
cell 42.22864940842657 53.40410392578369 0.0 1.0 1.0 1 0 0 0.0 1.0 0
cell 6.517969986651977 8.052465688944134 0.0 1.6431676725154984 0.6085806194501846 1 0 0 0.7171212689300279 -0.6969484096030255 4.683859281577067
cell 52.505638704356 42.622610878030244 0.0 1.6431676725154984 0.6085806194501846 1 0 0 0.91576060586987 0.4017244238739396 2.3147944115618313
cell 55.72616381072524 23.350537528969927 0.0 1.0 1.0 1 0 0 0.0 1.0 0
cell 22.54654056382046 1.1579362669020874 0.0 1.0 1.0 1 0 0 0.0 1.0 0
cell 35.92548334137233 19.131908485938414 0.0 1.0 1.0 1 0 0 0.0 1.0 0
cell 53.38100890749696 1.7603268259507316 0.0 1.0 1.0 1 0 0 0.0 1.0 0
cell 13.014696001244289 40.3371634269771 0.0 1.0 1.0 1 0 0 0.0 1.0 0
cell 20.98904809942509 10.328099077977496 0.0 1.0 1.0 1 0 0 0.0 1.0 0
cell 49.797731106553364 29.748767582823838 0.0 1.0 1.0 1 0 0 0.0 1.0 0
cell 3.440308329669684 34.85546514569448 0.0 1.0 1.0 1 0 0 0.0 1.0 0
cell 31.366837891654345 19.877275952372788 0.0 1.0 1.0 1 0 0 0.0 1.0 0
cell 19.527078165240702 33.64608317020328 0.0 1.0 1.0 1 0 0 0.0 1.0 0
cell 49.82734773196547 6.129242828917451 0.0 1.0 1.0 1 0 0 0.0 1.0 0
cell 38.384429045712906 6.654799923181317 0.0 1.0 1.0 1 0 0 0.0 1.0 0
cell 23.218841879711814 8.853560711398437 0.0 1.0 1.0 1 0 0 0.0 1.0 0
cell 37.0175808862176 33.52763792384736 0.0 1.0 1.0 1 0 0 0.0 1.0 0
cell 34.34477893610705 25.714697998585137 0.0 1.0 1.0 1 0 0 0.0 1.0 0
cell 54.14490795149807 22.527096685562302 0.0 1.0 1.0 1 0 0 0.0 1.0 0
cell 45.94177632202381 24.372444327056883 0.0 1.0 1.0 1 0 0 0.0 1.0 0
cell 7.557306925620625 52.5138263991421 0.0 1.6431676725154984 0.6085806194501846 1 0 0 0.835934318166957 -0.5488294960283611 4.303519371204238
cell 36.43744447502201 9.363731557267679 0.0 1.0 1.0 1 0 0 0.0 1.0 0
cell 16.481425794160224 34.357953475603125 0.0 1.0 1.0 1 0 0 0.0 1.0 0
cell 45.946284340356584 27.733080583788453 0.0 1.6431676725154984 0.6085806194501846 1 0 0 0.5933867454251986 0.8049174928858799 1.270519832231398
cell 32.25570691764241 9.673384965380981 0.0 1.0 1.0 1 0 0 0.0 1.0 0
cell 5.456776509533565 21.237647723502167 0.0 1.0 1.0 1 0 0 0.0 1.0 0
cell 50.06179344431268 32.87552061885031 0.0 1.6431676725154984 0.6085806194501846 1 0 0 -0.5320887969455593 -0.8466885567698593 1.1221313552662258
cell 2.58491102024239 46.38888391681091 0.0 1.6431676725154984 0.6085806194501846 1 0 0 0.9727774926128684 -0.23174112683298315 3.6093269605099834
cell 50.63538840280925 56.28222255836298 0.0 1.0 1.0 1 0 0 0.0 1.0 0
cell 33.48551319265894 50.6983972755931 0.0 1.0 1.0 1 0 0 0.0 1.0 0
cell 17.974329009655772 34.141768627980035 0.0 1.0 1.0 1 0 0 0.0 1.0 0
cell 37.48801406342566 7.998444070335372 0.0 1.0 1.0 1 0 0 0.0 1.0 0
cell 16.9228542254815 43.90525778404732 0.0 1.0 1.0 1 0 0 0.0 1.0 0
cell 39.7694550781383 10.937311229616784 0.0 1.0 1.0 1 0 0 0.0 1.0 0
cell 33.33748304210294 39.365426957634746 0.0 1.6431676725154984 0.6085806194501846 1 0 0 0.22822829720642196 0.9736076439481446 0.4605151276396249
cell 3.0544322611302586 43.38732633007766 0.0 1.0 1.0 1 0 0 0.0 1.0 0
cell 45.9325037593125 52.97157309171962 0.0 1.6431676725154984 0.6085806194501846 1 0 0 0.8929975227875376 0.450061578337144 2.2079240640998714
cell 19.62957773073871 28.438271433467218 0.0 1.0 1.0 1 0 0 0.0 1.0 0
cell 30.862409545652262 30.374499149959714 0.0 1.6431676725154984 0.6085806194501846 1 0 0 0.07278039007426852 -0.9973479908340104 6.137495714201179
cell 43.58712966978241 5.351081219860864 0.0 1.0 1.0 1 0 0 0.0 1.0 0
cell 29.99818777235318 3.5088533242008166 0.0 1.0 1.0 1 0 0 0.0 1.0 0
cell 3.353705566646197 11.855105285181779 0.0 1.0 1.0 1 0 0 0.0 1.0 0
cell 36.041386371135 51.24122159349005 0.0 1.6431676725154984 0.6085806194501846 1 0 0 0.27536694389477395 0.9613391941505622 0.557942764580239
cell 10.427216123897317 32.602017538989614 0.0 1.0 1.0 1 0 0 0.0 1.0 0
cell 45.26601582974434 30.46679433945738 0.0 1.6431676725154984 0.6085806194501846 1 0 0 0.33905600783896983 0.9407661896285923 0.691826573527043
cell 10.042788888033286 6.968516122281181 0.0 1.0 1.0 1 0 0 0.0 1.0 0
cell 43.58858807182141 38.15163162206557 0.0 1.6431676725154984 0.6085806194501846 1 0 0 0.7522235015056357 0.6589080389421584 1.7028602699463025
cell 33.18107777430855 34.80962999444309 0.0 1.0 1.0 1 0 0 0.0 1.0 0
cell 20.12093227868604 19.349923030338022 0.0 1.0 1.0 1 0 0 0.0 1.0 0
cell 8.563630966769324 18.92263293274158 0.0 1.0 1.0 1 0 0 0.0 1.0 0
cell 11.426950735511507 1.3305333456188415 0.0 1.6431676725154984 0.6085806194501846 1 0 0 0.9727348509303875 0.2319200504170282 2.673490477333519
cell 52.5111137689088 19.272256291992193 0.0 1.0 1.0 1 0 0 0.0 1.0 0
cell 49.2117688990072 8.021951617402488 0.0 1.0 1.0 1 0 0 0.0 1.0 0
cell 26.48949753051544 9.403520064476313 0.0 1.0 1.0 1 0 0 0.0 1.0 0
cell 19.131400428108353 41.33431831383182 0.0 1.0 1.0 1 0 0 0.0 1.0 0
cell 7.867701538174448 42.40776047325786 0.0 1.0 1.0 1 0 0 0.0 1.0 0
cell 41.8239207478354 23.073690767298913 0.0 1.0 1.0 1 0 0 0.0 1.0 0
cell 47.72560813913483 17.79836127553568 0.0 1.0 1.0 1 0 0 0.0 1.0 0
cell 20.007238822694084 32.182569731898184 0.0 1.0 1.0 1 0 0 0.0 1.0 0
cell 7.413316661588695 36.86918103119107 0.0 1.0 1.0 1 0 0 0.0 1.0 0
cell 46.01981126883282 49.17610711988141 0.0 1.6431676725154984 0.6085806194501846 1 0 0 0.4744927081363168 0.8802594333067179 0.988775288033219
cell 13.206309858390279 31.144521983420148 0.0 1.0 1.0 1 0 0 0.0 1.0 0
cell 39.49317234302508 27.738962186438 0.0 1.0 1.0 1 0 0 0.0 1.0 0
cell 7.071413075563218 26.441967842106752 0.0 1.0 1.0 1 0 0 0.0 1.0 0
cell 55.55569154339795 56.342920590721334 0.0 1.6431676725154984 0.6085806194501846 1 0 0 0.35848051988425894 0.9335372070054366 0.7332794497296033
cell 48.17453443586478 3.390053975447793 0.0 1.0 1.0 1 0 0 0.0 1.0 0
cell 20.87337532241602 40.38723439088323 0.0 1.0 1.0 1 0 0 0.0 1.0 0
cell 38.34537160596567 59.0161114540752 0.0 1.0 1.0 1 0 0 0.0 1.0 0
cell 1.6297749332313596 12.872125154197562 0.0 1.0 1.0 1 0 0 0.0 1.0 0
cell 14.964277446268131 29.553442266130546 0.0 1.6431676725154984 0.6085806194501846 1 0 0 0.42318112640023 0.906045106083926 0.8739069108602732
cell 28.302862801089713 19.13763927135604 0.0 1.0 1.0 1 0 0 0.0 1.0 0
cell 2.800392142280791 29.72921841301477 0.0 1.0 1.0 1 0 0 0.0 1.0 0
cell 46.80664643922808 1.9489909783184305 0.0 1.6431676725154984 0.6085806194501846 1 0 0 0.6101218609695407 0.7923075884825694 1.3124287738914218
cell 3.4615759145282614 17.979606896979536 0.0 1.0 1.0 1 0 0 0.0 1.0 0
cell 17.64881809314388 57.85752577868967 0.0 1.0 1.0 1 0 0 0.0 1.0 0
cell 56.980627365819004 1.1305759987884894 0.0 1.6431676725154984 0.6085806194501846 1 0 0 0.7587269557056867 0.6514087861593371 1.7227131808580818
cell 24.821176054843132 51.0092952428454 0.0 1.0 1.0 1 0 0 0.0 1.0 0
cell 20.710968440917473 1.8367407341392277 0.0 1.0 1.0 1 0 0 0.0 1.0 0
cell 48.78141892604221 21.76018368564426 0.0 1.0 1.0 1 0 0 0.0 1.0 0
cell 53.71330941113164 14.421744847875095 0.0 1.0 1.0 1 0 0 0.0 1.0 0
cell 58.20196345615936 20.920638305672327 0.0 1.0 1.0 1 0 0 0.0 1.0 0
cell 33.61430173150456 57.47674645619507 0.0 1.0 1.0 1 0 0 0.0 1.0 0
cell 39.59954396355639 14.220136270009435 0.0 1.0 1.0 1 0 0 0.0 1.0 0
cell 56.42581407500549 52.11564067573872 0.0 1.6431676725154984 0.6085806194501846 1 0 0 0.27209917031174874 -0.962269214677295 5.732037627138638
cell 48.51402420624332 53.91625650063972 0.0 1.6431676725154984 0.6085806194501846 1 0 0 0.9307098887997275 0.3657582574466349 2.3926978906152674
cell 13.872401987976808 50.30955526923799 0.0 1.0 1.0 1 0 0 0.0 1.0 0
cell 13.941149220692308 5.675620786497681 0.0 1.0 1.0 1 0 0 0.0 1.0 0
cell 17.670232830997307 54.00519782729938 0.0 1.0 1.0 1 0 0 0.0 1.0 0
cell 20.97923450991028 38.36274749316777 0.0 1.0 1.0 1 0 0 0.0 1.0 0
cell 23.29400444795007 21.502544919190626 0.0 1.0 1.0 1 0 0 0.0 1.0 0
cell 33.33196130024328 48.74956262679752 0.0 1.6431676725154984 0.6085806194501846 1 0 0 0.5133007112332896 0.8582088206534579 1.0780528659382143
cell 16.307717492414124 27.1474257290741 0.0 1.0 1.0 1 0 0 0.0 1.0 0
cell 35.362077207635366 55.13765660853894 0.0 1.0 1.0 1 0 0 0.0 1.0 0
cell 58.620902670214846 48.535529942174 0.0 1.0 1.0 1 0 0 0.0 1.0 0
cell 40.11230954742444 58.42530097893368 0.0 1.0 1.0 1 0 0 0.0 1.0 0
cell 30.414908540295514 54.79181241615247 0.0 1.0 1.0 1 0 0 0.0 1.0 0
cell 50.58669248057939 54.3012959429868 0.0 1.0 1.0 1 0 0 0.0 1.0 0
cell 26.72731700467674 32.32529838644713 0.0 1.0 1.0 1 0 0 0.0 1.0 0
cell 24.88959734404892 53.023387779900325 0.0 1.0 1.0 1 0 0 0.0 1.0 0
cell 8.560371272461445 32.94833537957446 0.0 1.0 1.0 1 0 0 0.0 1.0 0
cell 41.74005956743522 50.1922489670816 0.0 1.0 1.0 1 0 0 0.0 1.0 0
cell 43.24817276262137 46.331077993008556 0.0 1.0 1.0 1 0 0 0.0 1.0 0
cell 46.77046591711474 45.24728314891646 0.0 1.6431676725154984 0.6085806194501846 1 0 0 0.6643117838235548 0.7474555865555936 1.453145391167631
cell 37.165065424479245 31.72829731030266 0.0 1.0 1.0 1 0 0 0.0 1.0 0
cell 18.850998262878374 43.33431205733946 0.0 1.0 1.0 1 0 0 0.0 1.0 0
cell 4.0201440124318735 39.149694428671395 0.0 1.6431676725154984 0.6085806194501846 1 0 0 0.7872200686705887 -0.6166721685646869 4.470609348600342
cell 53.36859557113612 32.91587868724474 0.0 1.6431676725154984 0.6085806194501846 1 0 0 0.7080185490667802 -0.7061938361224709 4.709808445875402
cell 21.823917473435113 45.63628128588048 0.0 1.0 1.0 1 0 0 0.0 1.0 0
cell 33.15666792440494 41.2838824018981 0.0 1.6431676725154984 0.6085806194501846 1 0 0 0.15558817905042407 0.9878220075194585 0.31244571131185367
cell 11.017773303902368 18.399153548237035 0.0 1.0 1.0 1 0 0 0.0 1.0 0
cell 52.53761151268583 28.67730412154373 0.0 1.0 1.0 1 0 0 0.0 1.0 0
cell 8.780501451494368 26.190483125641567 0.0 1.0 1.0 1 0 0 0.0 1.0 0
cell 9.245005821785757 23.751817189370588 0.0 1.6431676725154984 0.6085806194501846 1 0 0 0.2951188007988046 0.9554605661224724 0.5991597101209094
cell 8.368039409703346 0.1099910419572142 0.0 1.6431676725154984 0.6085806194501846 1 0 0 0.7941107831648064 0.6077730366356983 1.8350862080312156
cell 52.4068268991095 59.07462971268756 0.0 1.6431676725154984 0.6085806194501846 1 0 0 0.31458714359365086 -0.9492285968540917 5.643141939536333
cell 25.822685151197753 35.78903178687246 0.0 1.0 1.0 1 0 0 0.0 1.0 0
cell 13.469711753272286 11.03444454627244 0.0 1.0 1.0 1 0 0 0.0 1.0 0
cell 44.113693027578826 44.760244126718895 0.0 1.6431676725154984 0.6085806194501846 1 0 0 0.6732622912238212 0.7394037376265085 1.4772240626143367
cell 9.755570105404942 42.30487151932716 0.0 1.0 1.0 1 0 0 0.0 1.0 0
cell 5.790937300549388 25.12491383092422 0.0 1.0 1.0 1 0 0 0.0 1.0 0
cell 11.299982818039693 16.440111986449367 0.0 1.0 1.0 1 0 0 0.0 1.0 0
cell 45.16657834862804 33.978875352273654 0.0 1.0 1.0 1 0 0 0.0 1.0 0
cell 8.407097744138813 27.914417484838083 0.0 1.0 1.0 1 0 0 0.0 1.0 0
cell 42.75249071157598 25.43349866629692 0.0 1.6431676725154984 0.6085806194501846 1 0 0 0.4835611438318928 0.8753105849788356 1.0094371925904337
cell 30.174966148409215 45.900582697160424 0.0 1.6431676725154984 0.6085806194501846 1 0 0 0.19479332965245374 -0.9808443091148108 5.891091828828186
cell 27.179982093290803 42.92068608428751 0.0 1.6431676725154984 0.6085806194501846 1 0 0 0.9998666314326156 -0.016331544556288168 3.1742571948563056
cell 27.34815017062741 26.75896970695605 0.0 1.0 1.0 1 0 0 0.0 1.0 0
cell 23.012443916355085 12.592640022413084 0.0 1.0 1.0 1 0 0 0.0 1.0 0
cell 50.63580360194006 58.19994365839006 0.0 1.0 1.0 1 0 0 0.0 1.0 0
cell 40.5184128240506 53.5279413348932 0.0 1.0 1.0 1 0 0 0.0 1.0 0
cell 15.888608977760525 50.49622992880804 0.0 1.0 1.0 1 0 0 0.0 1.0 0
cell 27.425218130887796 14.044567122960336 0.0 1.0 1.0 1 0 0 0.0 1.0 0
cell 49.66974418433084 20.266771617233555 0.0 1.0 1.0 1 0 0 0.0 1.0 0
cell 55.590419034560114 18.843797940744302 0.0 1.0 1.0 1 0 0 0.0 1.0 0
cell 11.086301458929528 39.0142349952886 0.0 1.0 1.0 1 0 0 0.0 1.0 0
cell 41.69883029136678 46.84263720172987 0.0 1.0 1.0 1 0 0 0.0 1.0 0
cell 7.262881845915472 1.6571450304432793 0.0 1.6431676725154984 0.6085806194501846 1 0 0 0.6885589893850163 -0.7251803349078663 4.764185173750949
cell 7.167544222740886 57.4087296521217 0.0 1.6431676725154984 0.6085806194501846 1 0 0 0.7224169612555827 -0.6914576878524454 4.668602458218643
cell 47.49983814777375 7.525211641943405 0.0 1.6431676725154984 0.6085806194501846 1 0 0 0.9240906856608015 0.38217326525405954 2.357298765776557
cell 28.04825404347195 47.57471982271 0.0 1.6431676725154984 0.6085806194501846 1 0 0 0.19093392987759894 -0.9816028903897421 5.898958322867423
cell 58.142693926704204 50.13954451770642 0.0 1.6431676725154984 0.6085806194501846 1 0 0 0.29017666704547107 -0.9569730936146438 5.694362421505949
cell 37.19200104662039 46.82074009166344 0.0 1.0 1.0 1 0 0 0.0 1.0 0
cell 35.02858199036522 17.339238505609256 0.0 1.0 1.0 1 0 0 0.0 1.0 0
cell 21.440488006833327 53.11089216912565 0.0 1.0 1.0 1 0 0 0.0 1.0 0
cell 49.416572384596044 0.202713977882832 0.0 1.6431676725154984 0.6085806194501846 1 0 0 0.8920788778965238 -0.45187971365273627 4.079335320102291
cell 14.344987870311941 0.2261728876267704 0.0 1.6431676725154984 0.6085806194501846 1 0 0 0.4762959255045509 -0.8792850455613147 5.290310738318607
cell 40.95274087459289 15.274630956563728 0.0 1.6431676725154984 0.6085806194501846 1 0 0 0.7578159406997841 0.6524683900552588 1.719918393513765
cell 32.36693211695119 28.1143422769592 0.0 1.0 1.0 1 0 0 0.0 1.0 0
cell 54.85045358547814 8.348912032987005 0.0 1.0 1.0 1 0 0 0.0 1.0 0
cell 52.88303946659851 30.656624138263975 0.0 1.6431676725154984 0.6085806194501846 1 0 0 -0.5642636562581581 0.8255946500711928 5.084103134269595
cell 38.642993138219005 57.3464597339517 0.0 1.0 1.0 1 0 0 0.0 1.0 0
cell 12.00733635472769 46.7636290938074 0.0 1.0 1.0 1 0 0 0.0 1.0 0
cell 1.3027632710680492 48.460958361299674 0.0 1.6431676725154984 0.6085806194501846 1 0 0 0.8709160988134144 -0.4914317336391933 4.169058516992376
cell 13.881906907735457 25.049060131036455 0.0 1.0 1.0 1 0 0 0.0 1.0 0
cell 14.905150374909589 38.11290349629926 0.0 1.6431676725154984 0.6085806194501846 1 0 0 0.6966596047009934 0.7174018366144985 1.5414613292869215
cell 35.07159580891702 40.94918816776826 0.0 1.6431676725154984 0.6085806194501846 1 0 0 0.17363857714481476 0.9848094457950352 0.3490463531643346
cell 22.741331040571072 35.448724801716104 0.0 1.0 1.0 1 0 0 0.0 1.0 0
cell 2.2326768380010216 21.652956084015425 0.0 1.0 1.0 1 0 0 0.0 1.0 0
cell 32.70272632704636 19.028774138967563 0.0 1.0 1.0 1 0 0 0.0 1.0 0
cell 43.199373056850895 58.777830202857146 0.0 1.0 1.0 1 0 0 0.0 1.0 0
cell 37.629586202936984 39.67952432126117 0.0 1.6431676725154984 0.6085806194501846 1 0 0 0.4462229795958798 0.8949218136131083 0.9250807460337207
