1000
 Lattice="61.15546790168123 0.0 0.0 0.0 61.15546790168123 0.0 0.0 0.0 1.0"Properties=species:S:1:pos:R:3:aspherical_shape:R:3:orientation:R:4:Color:R:1
cell 36.71808798921441 49.9423128182817 0.0 1.0 1.0 1 0 0 0.0 1.0 0
cell 38.20816528983564 7.535910693729557 0.0 1.0 1.0 1 0 0 0.0 1.0 0
cell 2.9531996731974233 36.09895565717308 0.0 1.0 1.0 1 0 0 0.0 1.0 0
cell 8.33703732393608 19.813599724892413 0.0 1.0 1.0 1 0 0 0.0 1.0 0
cell 6.701422537549711 52.34498074576005 0.0 1.6431676725154984 0.6085806194501846 1 0 0 0.47163579548506923 0.8817934431697516 0.9822898750561563
cell 36.80498204794786 2.387561183924692 0.0 1.0 1.0 1 0 0 0.0 1.0 0
cell 53.179287013432145 4.759206893214351 0.0 1.0 1.0 1 0 0 0.0 1.0 0
cell 31.14490017357635 47.55690280781538 0.0 1.6431676725154984 0.6085806194501846 1 0 0 0.8515589688873612 -0.5242588315970407 4.245281679929527
cell 39.304209307845994 42.2779084066726 0.0 1.0 1.0 1 0 0 0.0 1.0 0
cell 32.681665553114605 54.20447442737066 0.0 1.0 1.0 1 0 0 0.0 1.0 0
cell 58.6586800815925 36.079837741468275 0.0 1.0 1.0 1 0 0 0.0 1.0 0
cell 3.5892348695797036 10.357767621022116 0.0 1.0 1.0 1 0 0 0.0 1.0 0
cell 47.084755764755016 13.244631323682954 0.0 1.6431676725154984 0.6085806194501846 1 0 0 0.6585805419340361 0.7525102456351483 1.437861805699523
cell 55.0011257000341 55.22232125373088 0.0 1.0 1.0 1 0 0 0.0 1.0 0
cell 41.46184252670871 30.041266885916514 0.0 1.0 1.0 1 0 0 0.0 1.0 0
cell 26.803221803513082 11.883672210329953 0.0 1.0 1.0 1 0 0 0.0 1.0 0
cell 51.28993581291879 53.81045489553443 0.0 1.0 1.0 1 0 0 0.0 1.0 0
cell 38.546363714010795 57.2931921417529 0.0 1.6431676725154984 0.6085806194501846 1 0 0 -0.9179739259385868 0.3966407332800023 3.9573016621832493
cell 8.622503211036376 10.516084878033924 0.0 1.6431676725154984 0.6085806194501846 1 0 0 0.9514194299647707 0.3078978211769462 2.5156272103231627
cell 41.08110939366483 11.950771542896405 0.0 1.0 1.0 1 0 0 0.0 1.0 0
cell 6.486044422348732 16.516571090455322 0.0 1.0 1.0 1 0 0 0.0 1.0 0
cell 34.321214938157205 7.223012053559735 0.0 1.0 1.0 1 0 0 0.0 1.0 0
cell 37.20106466978799 45.06756292140936 0.0 1.0 1.0 1 0 0 0.0 1.0 0
cell 11.661262436153748 11.470278105285901 0.0 1.6431676725154984 0.6085806194501846 1 0 0 0.10407989044694257 0.9945689399958921 0.2085374442197467
cell 0.6039534737085868 0.39026292683084074 0.0 1.6431676725154984 0.6085806194501846 1 0 0 0.991679261789749 0.12873321924094988 2.883409726242351
cell 0.7493196226145367 32.06604573708974 0.0 1.0 1.0 1 0 0 0.0 1.0 0
cell 18.512341500802624 9.574994664758387 0.0 1.6431676725154984 0.6085806194501846 1 0 0 0.9111144586547087 -0.41215342195635973 3.991225264530816
cell 17.470040458640728 33.78194496940382 0.0 1.0 1.0 1 0 0 0.0 1.0 0
cell 19.852568436062977 19.347304444226346 0.0 1.6431676725154984 0.6085806194501846 1 0 0 0.9825380410776566 0.18606181186713472 2.7672877842127717
cell 5.375026568424888 11.148543698422271 0.0 1.0 1.0 1 0 0 0.0 1.0 0
cell 12.953946149397561 51.98511318568918 0.0 1.6431676725154984 0.6085806194501846 1 0 0 0.7316312532133614 -0.6817006009396253 4.641761696344884
cell 56.296129545226435 26.65349951708273 0.0 1.6431676725154984 0.6085806194501846 1 0 0 0.24122391008864805 0.9704694870018036 0.48725361266933853
cell 6.161026766281256 55.7669530558644 0.0 1.0 1.0 1 0 0 0.0 1.0 0
cell 21.208115171796294 2.043608010353547 0.0 1.6431676725154984 0.6085806194501846 1 0 0 -0.8823425772182948 0.47060766720037345 4.121551352010105
cell 32.741036809655284 18.065053222850075 0.0 1.6431676725154984 0.6085806194501846 1 0 0 0.9596959999096826 0.2810401888651419 2.571837032077251
cell 10.803389935742244 35.931508189238116 0.0 1.6431676725154984 0.6085806194501846 1 0 0 0.9994777031226769 0.03231595520200607 3.0769494884861017
cell 24.60449008552991 44.370372588083534 0.0 1.0 1.0 1 0 0 0.0 1.0 0
cell 31.648567889075476 25.336051683064838 0.0 1.6431676725154984 0.6085806194501846 1 0 0 0.396158735493959 0.918182038754749 0.814658993705309
cell 25.55172043109485 46.46156700018669 0.0 1.6431676725154984 0.6085806194501846 1 0 0 -0.055038338194803346 0.998484241903073 6.173052980509732
cell 6.1175468718112045 24.384102807268345 0.0 1.0 1.0 1 0 0 0.0 1.0 0
cell 1.8634626782908386 21.94598857487838 0.0 1.0 1.0 1 0 0 0.0 1.0 0
cell 10.993068959220064 29.084927075685926 0.0 1.0 1.0 1 0 0 0.0 1.0 0
cell 20.04997994398409 60.66068403105114 0.0 1.6431676725154984 0.6085806194501846 1 0 0 0.9086408940096459 0.4175784066895121 2.280035431674893
cell 0.7484709856885949 15.686646387999367 0.0 1.0 1.0 1 0 0 0.0 1.0 0
cell 44.911404200481115 55.864644840083265 0.0 1.0 1.0 1 0 0 0.0 1.0 0
cell 11.933523558650213 21.58132754517806 0.0 1.0 1.0 1 0 0 0.0 1.0 0
cell 26.970832522050614 32.869212760799954 0.0 1.6431676725154984 0.6085806194501846 1 0 0 0.15097017767524668 -0.9885383176451505 5.9800860554418644
cell 18.772254032290423 24.459593913309313 0.0 1.6431676725154984 0.6085806194501846 1 0 0 0.36071050599397136 0.9326778280122098 0.7380591455449558
cell 29.032028346106504 27.511217956892338 0.0 1.6431676725154984 0.6085806194501846 1 0 0 -0.10677011576162417 -0.9942837333378483 0.21394804845406679
cell 34.970500296797496 5.450354922131755 0.0 1.0 1.0 1 0 0 0.0 1.0 0
cell 54.43263410301733 22.74005371510578 0.0 1.0 1.0 1 0 0 0.0 1.0 0
cell 24.432565013575832 1.9224783410146558 0.0 1.6431676725154984 0.6085806194501846 1 0 0 -0.43897083404400455 -0.8985013115509131 0.9089058547394426
cell 56.82839357376322 33.34888976316013 0.0 1.0 1.0 1 0 0 0.0 1.0 0
cell 34.590307935355376 32.75746265879542 0.0 1.0 1.0 1 0 0 0.0 1.0 0
cell 53.43608811624955 35.41664547350056 0.0 1.0 1.0 1 0 0 0.0 1.0 0
cell 27.21857651386621 41.49553204296235 0.0 1.0 1.0 1 0 0 0.0 1.0 0
cell 24.846330313203254 11.175933771803088 0.0 1.6431676725154984 0.6085806194501846 1 0 0 0.06143209170824987 -0.9981112653949705 6.160243712664675
cell 34.01826216267833 30.963723346374312 0.0 1.0 1.0 1 0 0 0.0 1.0 0
cell 27.30877655071652 50.49106150244931 0.0 1.0 1.0 1 0 0 0.0 1.0 0
cell 42.37415576968231 45.06038365413415 0.0 1.0 1.0 1 0 0 0.0 1.0 0
cell 8.234447696919984 16.74395258517627 0.0 1.0 1.0 1 0 0 0.0 1.0 0
cell 58.18442038078385 0.7010853930330748 0.0 1.6431676725154984 0.6085806194501846 1 0 0 0.9982807081288892 -0.05861422845763105 3.2588883400532263
cell 2.9338692444483447 40.38792755728817 0.0 1.6431676725154984 0.6085806194501846 1 0 0 0.7382705385333633 0.6745047160203238 1.661005401878173
cell 22.40847148464788 40.60478457870906 0.0 1.6431676725154984 0.6085806194501846 1 0 0 0.3749395326466825 -0.9270492688410295 5.5145222111275025
cell 46.39280007532176 36.020241366803255 0.0 1.0 1.0 1 0 0 0.0 1.0 0
cell 8.867347218558656 41.81920811927832 0.0 1.0 1.0 1 0 0 0.0 1.0 0
cell 49.576265971644304 6.4686396712124035 0.0 1.0 1.0 1 0 0 0.0 1.0 0
cell 4.721552663809706 1.59580195312662 0.0 1.6431676725154984 0.6085806194501846 1 0 0 0.858248376030701 0.5132345711666981 2.0636939192353703
cell 40.02481527969545 8.227512818428647 0.0 1.0 1.0 1 0 0 0.0 1.0 0
cell 47.52783069998752 50.09936659412086 0.0 1.0 1.0 1 0 0 0.0 1.0 0
cell 57.977975260267414 39.92815573420074 0.0 1.0 1.0 1 0 0 0.0 1.0 0
cell 41.99470502179407 22.992380484435653 0.0 1.0 1.0 1 0 0 0.0 1.0 0
cell 45.28997779766902 48.58333562730166 0.0 1.6431676725154984 0.6085806194501846 1 0 0 0.9367357474148991 0.3500373401725171 2.4263707228665603
cell 55.871749900979786 47.31096717289874 0.0 1.0 1.0 1 0 0 0.0 1.0 0
cell 48.93745935975493 26.34570495480872 0.0 1.0 1.0 1 0 0 0.0 1.0 0
cell 30.252794000782984 17.403758021386007 0.0 1.6431676725154984 0.6085806194501846 1 0 0 0.9097826055877001 -0.4150850642579847 3.997665254634958
cell 57.71722196803726 4.4258725876433544 0.0 1.0 1.0 1 0 0 0.0 1.0 0
cell 29.65458267827556 19.434971190644486 0.0 1.6431676725154984 0.6085806194501846 1 0 0 0.6814902979045327 0.7318271475300647 1.499594231654104
cell 1.4345595534999918 25.307169094363605 0.0 1.0 1.0 1 0 0 0.0 1.0 0
cell 41.94137217685837 16.133214937666537 0.0 1.0 1.0 1 0 0 0.0 1.0 0
cell 46.13085239777412 42.585265473003695 0.0 1.0 1.0 1 0 0 0.0 1.0 0
cell 2.136589373120624 57.67741576907642 0.0 1.6431676725154984 0.6085806194501846 1 0 0 0.6738057422894522 0.738908534026885 1.478694526065316
cell 40.390576101663676 52.827590079240935 0.0 1.0 1.0 1 0 0 0.0 1.0 0
cell 14.365921987248088 29.69638052048691 0.0 1.0 1.0 1 0 0 0.0 1.0 0
cell 46.24733514034697 14.240999847598275 0.0 1.6431676725154984 0.6085806194501846 1 0 0 0.6103551702707664 0.7921278723310674 1.3130177768651867
cell 45.7558824223653 34.16764262695848 0.0 1.0 1.0 1 0 0 0.0 1.0 0
cell 47.98199210832617 33.18748242604306 0.0 1.0 1.0 1 0 0 0.0 1.0 0
cell 9.88964576119399 24.39192564310478 0.0 1.0 1.0 1 0 0 0.0 1.0 0
cell 14.177054745465188 33.62952525872314 0.0 1.0 1.0 1 0 0 0.0 1.0 0
cell 44.747983324688214 41.63512040359731 0.0 1.6431676725154984 0.6085806194501846 1 0 0 -0.9084099130687344 -0.418080649921106 2.2789298088340857
cell 42.335166277950556 37.65823694115817 0.0 1.6431676725154984 0.6085806194501846 1 0 0 0.9884338981670412 0.1516523292083153 2.8371132074304386
cell 50.26038737066343 46.40359351964231 0.0 1.0 1.0 1 0 0 0.0 1.0 0
cell 19.12764034344694 22.959718760657285 0.0 1.0 1.0 1 0 0 0.0 1.0 0
cell 51.05769401104614 51.84932046371587 0.0 1.0 1.0 1 0 0 0.0 1.0 0
cell 9.72844530687977 43.54913369138078 0.0 1.6431676725154984 0.6085806194501846 1 0 0 0.8225389682048518 0.5687087530401637 1.9317223116751143
cell 41.703589412474756 43.160393898113774 0.0 1.6431676725154984 0.6085806194501846 1 0 0 0.9755352167155679 -0.21984321901689394 3.5849001631879416
cell 20.845422459549116 41.021867723396596 0.0 1.6431676725154984 0.6085806194501846 1 0 0 0.4627950215770131 -0.886465322504796 5.320894089370492
cell 16.022825529026658 41.774850535713384 0.0 1.0 1.0 1 0 0 0.0 1.0 0
cell 7.13767282594507 42.41744709076933 0.0 1.0 1.0 1 0 0 0.0 1.0 0
cell 50.664623407490815 41.68393932175544 0.0 1.0 1.0 1 0 0 0.0 1.0 0
cell 24.2831212941447 42.53735679973133 0.0 1.0 1.0 1 0 0 0.0 1.0 0
cell 39.12059532325909 45.17015319509378 0.0 1.0 1.0 1 0 0 0.0 1.0 0
cell 21.652980703071975 51.77934441957077 0.0 1.0 1.0 1 0 0 0.0 1.0 0
cell 60.1662978583572 37.37113854318897 0.0 1.0 1.0 1 0 0 0.0 1.0 0
cell 20.127193145997932 31.20085357188417 0.0 1.0 1.0 1 0 0 0.0 1.0 0
cell 41.19978402532649 41.4792749874504 0.0 1.0 1.0 1 0 0 0.0 1.0 0
cell 55.618281544139556 51.256501723624815 0.0 1.0 1.0 1 0 0 0.0 1.0 0
cell 4.179636241824081 56.11123821500425 0.0 1.0 1.0 1 0 0 0.0 1.0 0
cell 35.32379423881673 56.34204885908522 0.0 1.0 1.0 1 0 0 0.0 1.0 0
cell 38.92534911213068 20.04499552714703 0.0 1.6431676725154984 0.6085806194501846 1 0 0 0.8101293034648973 0.5862512359624331 1.8887452827410798
cell 33.91388648093528 41.68523043192531 0.0 1.0 1.0 1 0 0 0.0 1.0 0
cell 36.35529602038674 4.349269554913081 0.0 1.0 1.0 1 0 0 0.0 1.0 0
cell 47.50661344190722 27.454948470218167 0.0 1.0 1.0 1 0 0 0.0 1.0 0
cell 42.62551332610012 3.233353457436443 0.0 1.6431676725154984 0.6085806194501846 1 0 0 0.753373674316425 -0.6575926602745572 4.576830401738326
cell 40.71663110098314 57.8182408115695 0.0 1.0 1.0 1 0 0 0.0 1.0 0
cell 49.27691459464646 56.02036656106338 0.0 1.6431676725154984 0.6085806194501846 1 0 0 0.9619845727754374 -0.2731037929836553 3.694828670599971
cell 23.249523111556705 39.04685248999909 0.0 1.6431676725154984 0.6085806194501846 1 0 0 0.15995223939197561 -0.9871247545844912 5.961900768771554
cell 15.930624150754992 37.66042467314764 0.0 1.6431676725154984 0.6085806194501846 1 0 0 0.9347270902470891 0.3553663838325315 2.4149806398802043
cell 48.844626188307366 40.92771822631093 0.0 1.0 1.0 1 0 0 0.0 1.0 0
cell 10.49121804761965 60.02105082884403 0.0 1.6431676725154984 0.6085806194501846 1 0 0 0.9690514906327551 -0.24685868123773846 3.6404671878390182
cell 44.81203762297389 20.46547964543945 0.0 1.0 1.0 1 0 0 0.0 1.0 0
cell 32.726705159529516 40.10871072412214 0.0 1.0 1.0 1 0 0 0.0 1.0 0
cell 27.275533354000228 35.33518309936889 0.0 1.6431676725154984 0.6085806194501846 1 0 0 0.28150627483123847 -0.9595593870264827 5.712458296533307
cell 51.07235447806351 29.177184789363938 0.0 1.0 1.0 1 0 0 0.0 1.0 0
cell 42.06088000954649 31.9302905548079 0.0 1.0 1.0 1 0 0 0.0 1.0 0
cell 48.099793218891215 35.01375507984996 0.0 1.0 1.0 1 0 0 0.0 1.0 0
cell 60.29779112598205 10.628397306404969 0.0 1.0 1.0 1 0 0 0.0 1.0 0
cell 27.702902439232293 55.58530114268268 0.0 1.0 1.0 1 0 0 0.0 1.0 0
cell 51.39054104805396 55.72753325286578 0.0 1.0 1.0 1 0 0 0.0 1.0 0
cell 5.658207378403204 19.559972196256506 0.0 1.0 1.0 1 0 0 0.0 1.0 0
cell 5.261696120817768 13.114664840791058 0.0 1.0 1.0 1 0 0 0.0 1.0 0
cell 40.19479958545499 31.200159977285683 0.0 1.0 1.0 1 0 0 0.0 1.0 0
cell 1.3283772319055729 7.499179577851272 0.0 1.6431676725154984 0.6085806194501846 1 0 0 0.9904134727795355 -0.1381345465000712 3.418747966223986
cell 54.12505736974434 51.98516687405311 0.0 1.0 1.0 1 0 0 0.0 1.0 0
cell 36.20477515144637 26.861348634739585 0.0 1.6431676725154984 0.6085806194501846 1 0 0 -0.27117474742934344 0.9625301327005985 5.733958705951531
cell 33.66215128796805 3.968839389859683 0.0 1.0 1.0 1 0 0 0.0 1.0 0
cell 2.290821566753777 37.95921023243763 0.0 1.0 1.0 1 0 0 0.0 1.0 0
cell 9.96028985614436 53.394343211069604 0.0 1.6431676725154984 0.6085806194501846 1 0 0 0.48685011508422193 0.8734855267504321 1.016960007520135
cell 34.0079348211988 10.406525262927234 0.0 1.0 1.0 1 0 0 0.0 1.0 0
cell 37.561972140415975 34.688646338343425 0.0 1.0 1.0 1 0 0 0.0 1.0 0
cell 49.28225214265288 16.016527652554384 0.0 1.6431676725154984 0.6085806194501846 1 0 0 0.7167533738861027 0.6973267534111168 1.598270581038501
cell 10.489792003149024 37.17197312550846 0.0 1.6431676725154984 0.6085806194501846 1 0 0 0.9708147321795921 -0.23983068148814254 3.62597553079951
cell 34.85534280803199 36.11974102987803 0.0 1.0 1.0 1 0 0 0.0 1.0 0
cell 2.6962177329797594 15.371868188307538 0.0 1.0 1.0 1 0 0 0.0 1.0 0
cell 1.1589535470918497 48.0327947693909 0.0 1.0 1.0 1 0 0 0.0 1.0 0
cell 51.846615121943216 6.394502343384386 0.0 1.0 1.0 1 0 0 0.0 1.0 0
cell 34.85905956767343 17.704516632611256 0.0 1.6431676725154984 0.6085806194501846 1 0 0 0.541202835730146 -0.8408920802324449 5.139451546727161
cell 48.95916658248836 42.87730485573105 0.0 1.0 1.0 1 0 0 0.0 1.0 0
cell 14.49663971335001 20.899594839158052 0.0 1.6431676725154984 0.6085806194501846 1 0 0 0.3808947823458075 0.9246183887322056 0.7815276706249283
cell 10.250178183865225 0.22998966505144794 0.0 1.6431676725154984 0.6085806194501846 1 0 0 0.9979705705716166 -0.06367684251721338 3.2690325603927524
cell 53.07345665494638 54.66729832583062 0.0 1.0 1.0 1 0 0 0.0 1.0 0
cell 17.082533623937362 2.7673679993679468 0.0 1.6431676725154984 0.6085806194501846 1 0 0 0.6495920056895137 0.7602829908292535 1.414095357637073
cell 55.81829565065055 16.513170806904714 0.0 1.0 1.0 1 0 0 0.0 1.0 0
cell 26.131405406982076 45.12029372457766 0.0 1.0 1.0 1 0 0 0.0 1.0 0
cell 34.77659786023879 2.369908890796651 0.0 1.0 1.0 1 0 0 0.0 1.0 0
cell 48.85486648513921 47.62438487292193 0.0 1.0 1.0 1 0 0 0.0 1.0 0
cell 36.73819516311507 36.11871626040853 0.0 1.0 1.0 1 0 0 0.0 1.0 0
cell 14.678298283846207 26.07844327897503 0.0 1.0 1.0 1 0 0 0.0 1.0 0
cell 1.6277731304305842 40.14233182429761 0.0 1.0 1.0 1 0 0 0.0 1.0 0
cell 59.07176357172352 59.56566168734669 0.0 1.6431676725154984 0.6085806194501846 1 0 0 0.9841975774290375 0.1770737941729768 2.785567730004332
cell 12.916478461000125 26.718710653877846 0.0 1.0 1.0 1 0 0 0.0 1.0 0
cell 55.74066874651694 49.24075906797978 0.0 1.0 1.0 1 0 0 0.0 1.0 0
cell 40.715945486924596 46.296241528247826 0.0 1.0 1.0 1 0 0 0.0 1.0 0
cell 49.316767425417694 28.262282683436165 0.0 1.0 1.0 1 0 0 0.0 1.0 0
cell 47.899377990874456 29.433967106557734 0.0 1.0 1.0 1 0 0 0.0 1.0 0
cell 22.287716559793495 34.0490363493917 0.0 1.6431676725154984 0.6085806194501846 1 0 0 0.7886270511331643 0.6148718356056077 1.8171457728796023
cell 12.753845460824051 3.280380889385112 0.0 1.6431676725154984 0.6085806194501846 1 0 0 0.9723904580392347 -0.23335980183880717 3.612655566930113
cell 37.77758619427851 37.84492134978101 0.0 1.0 1.0 1 0 0 0.0 1.0 0
cell 17.595781729322844 55.44437110392784 0.0 1.6431676725154984 0.6085806194501846 1 0 0 -0.031277116684321454 -0.9995107513038143 0.06256443689120061
cell 45.26494712703668 22.343642858280262 0.0 1.0 1.0 1 0 0 0.0 1.0 0
cell 30.44850713684177 14.036218352680168 0.0 1.6431676725154984 0.6085806194501846 1 0 0 -0.17040720441727425 -0.9853737284313446 0.3424858061607958
cell 10.123035714687633 56.589836751755456 0.0 1.6431676725154984 0.6085806194501846 1 0 0 0.3486204478839067 0.9372639880616476 0.7121976143547813
cell 40.34293853271871 39.525324875000514 0.0 1.6431676725154984 0.6085806194501846 1 0 0 -0.9695166360544505 0.24502549339540627 3.6366846283908103
cell 0.19223862257515384 57.19709012935267 0.0 1.0 1.0 1 0 0 0.0 1.0 0
cell 50.43623551328744 25.73495217240451 0.0 1.6431676725154984 0.6085806194501846 1 0 0 0.30346836560781726 0.9528415141435223 0.6166611562798173
cell 37.93108242377485 25.149251448246186 0.0 1.0 1.0 1 0 0 0.0 1.0 0
cell 52.51077071365606 50.88648983244614 0.0 1.0 1.0 1 0 0 0.0 1.0 0
cell 58.92619434992639 14.572027679816136 0.0 1.0 1.0 1 0 0 0.0 1.0 0
cell 35.77373882613675 52.260846269512896 0.0 1.6431676725154984 0.6085806194501846 1 0 0 0.8618395449085522 -0.507181031616739 4.205414166694793
cell 10.82049249601027 43.55112092106729 0.0 1.6431676725154984 0.6085806194501846 1 0 0 0.8022308295053311 0.5970139832459441 1.862045075477208
cell 47.85800302297927 6.861622842525718 0.0 1.6431676725154984 0.6085806194501846 1 0 0 0.7793859198980411 0.6265441627408912 1.7873702244457992
cell 48.14008219551979 53.7418526206022 0.0 1.0 1.0 1 0 0 0.0 1.0 0
cell 36.451195576197875 39.427284023796396 0.0 1.0 1.0 1 0 0 0.0 1.0 0
cell 2.5908927332600253 49.48140480738081 0.0 1.0 1.0 1 0 0 0.0 1.0 0
cell 50.057213014868246 11.362031817210863 0.0 1.0 1.0 1 0 0 0.0 1.0 0
cell 51.79735841515329 36.56494897047507 0.0 1.0 1.0 1 0 0 0.0 1.0 0
cell 10.123515667605007 20.69761630926707 0.0 1.0 1.0 1 0 0 0.0 1.0 0
cell 14.337544264633584 31.62964169162765 0.0 1.0 1.0 1 0 0 0.0 1.0 0
cell 25.572430846645858 41.506905059613686 0.0 1.0 1.0 1 0 0 0.0 1.0 0
cell 9.501572086988908 31.911434660145595 0.0 1.0 1.0 1 0 0 0.0 1.0 0
cell 28.08489028950098 20.1405682496643 0.0 1.0 1.0 1 0 0 0.0 1.0 0
cell 11.513245967646455 58.681675432088326 0.0 1.0 1.0 1 0 0 0.0 1.0 0
cell 37.08834133801852 55.031530054608744 0.0 1.6431676725154984 0.6085806194501846 1 0 0 0.7293226739908677 -0.6841698891377861 4.648522445745161
cell 31.302089136511043 50.500891293272524 0.0 1.0 1.0 1 0 0 0.0 1.0 0
cell 35.51538454912805 53.92347979607106 0.0 1.6431676725154984 0.6085806194501846 1 0 0 0.8594543463877148 -0.5112125061804201 4.2147826242545685
cell 47.160139627107036 16.675585971639038 0.0 1.6431676725154984 0.6085806194501846 1 0 0 0.712597575070649 0.7015730154470243 1.5863875664509977
cell 55.23919789170431 38.10637383172357 0.0 1.0 1.0 1 0 0 0.0 1.0 0
cell 28.444963026801492 12.683680586733638 0.0 1.0 1.0 1 0 0 0.0 1.0 0
cell 38.035096278307385 13.170231787365479 0.0 1.0 1.0 1 0 0 0.0 1.0 0
cell 52.51688447755702 46.888210637184216 0.0 1.0 1.0 1 0 0 0.0 1.0 0
cell 7.679794807477218 25.293340903216606 0.0 1.0 1.0 1 0 0 0.0 1.0 0
cell 1.2882204011653222 20.23155576639368 0.0 1.0 1.0 1 0 0 0.0 1.0 0
cell 6.556456589113951 22.69270974745804 0.0 1.0 1.0 1 0 0 0.0 1.0 0
cell 61.03618537532182 60.314831510678296 0.0 1.6431676725154984 0.6085806194501846 1 0 0 0.9540295692930009 0.29971249709448444 2.5328100868779404
cell 31.056450328381917 32.75922237398654 0.0 1.6431676725154984 0.6085806194501846 1 0 0 0.8069874290084745 -0.5905686153380421 4.40511920184382
cell 1.5738171246480521 17.043690513473344 0.0 1.0 1.0 1 0 0 0.0 1.0 0
cell 8.065278704397992 2.3878836516497604 0.0 1.6431676725154984 0.6085806194501846 1 0 0 0.8277079339182449 -0.5611591361893615 4.333163759983573
cell 13.194968784221029 24.753018581394407 0.0 1.0 1.0 1 0 0 0.0 1.0 0
cell 39.120575488122775 22.53849069151219 0.0 1.6431676725154984 0.6085806194501846 1 0 0 0.7935727498461216 0.6084753821656756 1.8333167231948242
cell 0.2240540307160417 33.879873586190094 0.0 1.0 1.0 1 0 0 0.0 1.0 0
cell 25.73547159437514 55.59430442858247 0.0 1.0 1.0 1 0 0 0.0 1.0 0
cell 40.95798376519643 54.58898442031322 0.0 1.0 1.0 1 0 0 0.0 1.0 0
cell 42.88581727519521 41.99906747242993 0.0 1.0 1.0 1 0 0 0.0 1.0 0
cell 16.395297523314927 25.606192803010593 0.0 1.0 1.0 1 0 0 0.0 1.0 0
cell 39.2904475558184 29.408093590624773 0.0 1.0 1.0 1 0 0 0.0 1.0 0
cell 49.74751469799509 1.2661914009918602 0.0 1.0 1.0 1 0 0 0.0 1.0 0
cell 3.0499961492581225 6.478658487649251 0.0 1.6431676725154984 0.6085806194501846 1 0 0 0.9985253983643633 0.0542865436483997 3.0329661674441497
cell 47.79845538945648 31.209392520108235 0.0 1.0 1.0 1 0 0 0.0 1.0 0
cell 27.008113719890023 25.75100869287032 0.0 1.0 1.0 1 0 0 0.0 1.0 0
cell 46.249133376070944 44.5729366181212 0.0 1.0 1.0 1 0 0 0.0 1.0 0
cell 3.2711426898509615 8.708402138796275 0.0 1.6431676725154984 0.6085806194501846 1 0 0 0.05910559591870859 -0.9982517360521315 6.164905179010558
cell 9.424168722342277 26.228754122387777 0.0 1.0 1.0 1 0 0 0.0 1.0 0
cell 26.282623013664562 48.90394172684884 0.0 1.0 1.0 1 0 0 0.0 1.0 0
cell 23.720603663169776 55.67794741335319 0.0 1.0 1.0 1 0 0 0.0 1.0 0
cell 21.66635461058065 10.883326572296195 0.0 1.6431676725154984 0.6085806194501846 1 0 0 0.9602041992342003 -0.27929893621889823 3.707720477845804
cell 47.74291199571598 19.683144329424902 0.0 1.6431676725154984 0.6085806194501846 1 0 0 0.608772575641242 0.7933447870548644 1.309025039192827
cell 20.90574832349515 33.039749700983414 0.0 1.0 1.0 1 0 0 0.0 1.0 0
cell 56.15834082104091 23.299391088367457 0.0 1.0 1.0 1 0 0 0.0 1.0 0
cell 53.55013250356605 56.568462380268144 0.0 1.0 1.0 1 0 0 0.0 1.0 0
cell 22.84473158010291 49.31196548319721 0.0 1.0 1.0 1 0 0 0.0 1.0 0
cell 37.44923627310783 58.59929637293866 0.0 1.0 1.0 1 0 0 0.0 1.0 0
cell 36.93337438758022 51.52374377822676 0.0 1.0 1.0 1 0 0 0.0 1.0 0
cell 3.525569524987552 20.233484377931017 0.0 1.0 1.0 1 0 0 0.0 1.0 0
cell 52.52673856515846 48.89699777314718 0.0 1.0 1.0 1 0 0 0.0 1.0 0
cell 44.474200247756926 31.986990338435636 0.0 1.0 1.0 1 0 0 0.0 1.0 0
cell 49.59247929746849 32.044331084892534 0.0 1.0 1.0 1 0 0 0.0 1.0 0
cell 35.56757938175573 34.50752297493458 0.0 1.0 1.0 1 0 0 0.0 1.0 0
cell 33.741464636028354 23.02190421417623 0.0 1.6431676725154984 0.6085806194501846 1 0 0 0.9423568347323463 -0.3346096173651219 3.823974528808264
cell 39.067432909652126 54.3337536861489 0.0 1.0 1.0 1 0 0 0.0 1.0 0
cell 24.299916298353228 35.52517202885452 0.0 1.6431676725154984 0.6085806194501846 1 0 0 0.9648186263550803 0.26291637118729566 2.609505297478641
cell 58.11672433527028 9.845994971125938 0.0 1.0 1.0 1 0 0 0.0 1.0 0
cell 37.18096354452287 15.191010429179473 0.0 1.6431676725154984 0.6085806194501846 1 0 0 0.6122510789349543 -0.7906634026834581 4.965376228296566
cell 3.306886533165517 45.56494332517158 0.0 1.0 1.0 1 0 0 0.0 1.0 0
cell 33.410443553587484 13.64586510674517 0.0 1.0 1.0 1 0 0 0.0 1.0 0
cell 27.627608468319554 29.775193251802303 0.0 1.6431676725154984 0.6085806194501846 1 0 0 0.9516697881440409 0.30712312569045713 2.517255500655169
cell 22.595537600787175 47.42836672339789 0.0 1.0 1.0 1 0 0 0.0 1.0 0
cell 39.0704999864 43.670271691092246 0.0 1.6431676725154984 0.6085806194501846 1 0 0 -0.09598039946343268 0.9953832241497944 6.090928548301345
cell 57.0346633788963 20.19566887127511 0.0 1.0 1.0 1 0 0 0.0 1.0 0
cell 49.97404799168363 35.779463430418126 0.0 1.0 1.0 1 0 0 0.0 1.0 0
cell 12.738671445295719 5.11883444157886 0.0 1.6431676725154984 0.6085806194501846 1 0 0 0.41080287312068997 0.9117241904412684 0.8466689946292517
cell 53.114323265452555 31.7876492284024 0.0 1.0 1.0 1 0 0 0.0 1.0 0
cell 46.34719622143107 53.29797037399113 0.0 1.0 1.0 1 0 0 0.0 1.0 0
cell 52.59991577798014 8.282291857752247 0.0 1.0 1.0 1 0 0 0.0 1.0 0
cell 57.28440203801997 41.59428169361196 0.0 1.0 1.0 1 0 0 0.0 1.0 0
cell 56.76596731102339 11.318736703112124 0.0 1.0 1.0 1 0 0 0.0 1.0 0
cell 9.047714872729834 12.118992154408282 0.0 1.0 1.0 1 0 0 0.0 1.0 0
cell 12.195213346669513 34.4514201748458 0.0 1.0 1.0 1 0 0 0.0 1.0 0
cell 7.562333216088691 30.712363503347365 0.0 1.0 1.0 1 0 0 0.0 1.0 0
cell 7.548312087715966 27.069341230091307 0.0 1.0 1.0 1 0 0 0.0 1.0 0
cell 4.4443787052954615 32.37898521097827 0.0 1.0 1.0 1 0 0 0.0 1.0 0
cell 55.843256906705925 1.9879993161493137 0.0 1.6431676725154984 0.6085806194501846 1 0 0 0.9933115023746618 -0.11546540282782626 3.373039700710195
cell 25.300610927612176 21.87297740703889 0.0 1.0 1.0 1 0 0 0.0 1.0 0
cell 44.36157112046353 45.22373519894964 0.0 1.0 1.0 1 0 0 0.0 1.0 0
cell 26.548651449741318 20.616420931987694 0.0 1.6431676725154984 0.6085806194501846 1 0 0 0.8044200575554893 -0.5940609152287527 4.413788131216859
cell 46.60191621972776 55.62940873291778 0.0 1.6431676725154984 0.6085806194501846 1 0 0 0.9859390319338117 -0.16710543171727915 3.4773788234901857
cell 6.4466634996297785 57.68104774169813 0.0 1.6431676725154984 0.6085806194501846 1 0 0 0.4368218461585111 -0.8995480391389167 5.379060159624694
cell 4.83410529141493 54.15820026152025 0.0 1.0 1.0 1 0 0 0.0 1.0 0
cell 23.135445755672716 37.01564168829359 0.0 1.6431676725154984 0.6085806194501846 1 0 0 0.9953437156799491 0.09638925073073568 2.948514383225723
cell 3.4356454189626744 17.08361701808316 0.0 1.0 1.0 1 0 0 0.0 1.0 0
cell 8.405727599762528 21.742077731196353 0.0 1.0 1.0 1 0 0 0.0 1.0 0
cell 3.7839435797494674 26.690921716905883 0.0 1.0 1.0 1 0 0 0.0 1.0 0
cell 20.253586549642648 57.93013625734598 0.0 1.6431676725154984 0.6085806194501846 1 0 0 0.8606184122632978 0.5092503789624514 2.072965574481851
cell 14.392061203369085 18.816645005911802 0.0 1.6431676725154984 0.6085806194501846 1 0 0 0.9995699188585512 0.029325369786405004 3.082933504377894
cell 42.25770662487931 18.06128943333975 0.0 1.0 1.0 1 0 0 0.0 1.0 0
cell 53.081740194455556 44.37392050912636 0.0 1.0 1.0 1 0 0 0.0 1.0 0
cell 1.2622979228703004 23.498991474602263 0.0 1.0 1.0 1 0 0 0.0 1.0 0
cell 11.535026452809277 48.3852751753268 0.0 1.6431676725154984 0.6085806194501846 1 0 0 0.39093517045589005 -0.920418216084745 5.479890504184509
cell 32.22028210184743 52.26680856761669 0.0 1.0 1.0 1 0 0 0.0 1.0 0
cell 0.02325681051650332 26.171220822994336 0.0 1.0 1.0 1 0 0 0.0 1.0 0
cell 23.06590652955603 60.23781146532308 0.0 1.0 1.0 1 0 0 0.0 1.0 0
cell 11.169532321637945 32.780414965616494 0.0 1.0 1.0 1 0 0 0.0 1.0 0
cell 2.013173958659954 51.36217240462774 0.0 1.0 1.0 1 0 0 0.0 1.0 0
cell 57.23006423082126 57.8152802493854 0.0 1.0 1.0 1 0 0 0.0 1.0 0
cell 54.187101085861556 47.99918848415391 0.0 1.0 1.0 1 0 0 0.0 1.0 0
cell 50.91530911120452 43.46275054784626 0.0 1.0 1.0 1 0 0 0.0 1.0 0
cell 52.59041749156149 22.128087036139302 0.0 1.0 1.0 1 0 0 0.0 1.0 0
cell 39.43801153020752 56.12674932093405 0.0 1.0 1.0 1 0 0 0.0 1.0 0
cell 12.893126183891535 15.761257712178647 0.0 1.6431676725154984 0.6085806194501846 1 0 0 0.12279455254275412 -0.9924321124720948 6.036974790335003
cell 19.89725573610249 55.951287272520425 0.0 1.6431676725154984 0.6085806194501846 1 0 0 0.46184099734681605 -0.8869627349385645 5.323045908575478
cell 53.845961978227244 20.897731388457334 0.0 1.0 1.0 1 0 0 0.0 1.0 0
cell 29.451238256516735 39.051887768058876 0.0 1.0 1.0 1 0 0 0.0 1.0 0
cell 28.462866242715727 58.59479965983985 0.0 1.0 1.0 1 0 0 0.0 1.0 0
cell 58.647345411909065 28.03252207205517 0.0 1.6431676725154984 0.6085806194501846 1 0 0 0.15473573746441638 0.9879558955496663 0.31071992719048913
cell 56.901141294460885 35.114347438180395 0.0 1.0 1.0 1 0 0 0.0 1.0 0
cell 33.22589661558122 8.913565986981721 0.0 1.0 1.0 1 0 0 0.0 1.0 0
cell 45.77729726455864 50.69879678974119 0.0 1.0 1.0 1 0 0 0.0 1.0 0
cell 48.433248375429635 36.854833654021036 0.0 1.0 1.0 1 0 0 0.0 1.0 0
cell 41.68794488932526 14.179414787737699 0.0 1.0 1.0 1 0 0 0.0 1.0 0
cell 29.784961184753058 40.9486812794792 0.0 1.6431676725154984 0.6085806194501846 1 0 0 0.9051188397943589 -0.42515865961933985 4.019866993335276
cell 56.43668423631814 29.54912794191887 0.0 1.0 1.0 1 0 0 0.0 1.0 0
cell 35.5193045496372 29.3096375035053 0.0 1.0 1.0 1 0 0 0.0 1.0 0
cell 19.515818980859244 38.79774289300162 0.0 1.6431676725154984 0.6085806194501846 1 0 0 0.9995827585704058 -0.02888440355585972 3.199369496555907
cell 9.239815877820758 29.992676369387496 0.0 1.0 1.0 1 0 0 0.0 1.0 0
cell 54.83888742489664 0.5189793195867517 0.0 1.6431676725154984 0.6085806194501846 1 0 0 0.9875691914129492 -0.1571848980404091 3.4572715850215006
cell 55.42959665776378 57.03130589951715 0.0 1.0 1.0 1 0 0 0.0 1.0 0
cell 46.06354826223341 4.44379297677456 0.0 1.6431676725154984 0.6085806194501846 1 0 0 0.7737862183631175 0.6334468314478382 1.7695933841536786
cell 14.58462336626484 27.850788218401924 0.0 1.0 1.0 1 0 0 0.0 1.0 0
cell 49.719907225106326 18.654866105473605 0.0 1.6431676725154984 0.6085806194501846 1 0 0 0.7214640351022131 0.6924519088384641 1.6118285476538559
cell 38.08932509918527 10.286446006061968 0.0 1.0 1.0 1 0 0 0.0 1.0 0
cell 29.344640225134196 24.03816520318843 0.0 1.6431676725154984 0.6085806194501846 1 0 0 0.3950846918043107 0.9186447007967187 0.8123200827038217
cell 6.133606118330538 29.347309353814097 0.0 1.0 1.0 1 0 0 0.0 1.0 0
cell 1.8863307889599865 44.16896029530228 0.0 1.0 1.0 1 0 0 0.0 1.0 0
cell 0.4632230810320227 38.730393786636746 0.0 1.0 1.0 1 0 0 0.0 1.0 0
cell 4.87906204571548 49.50453626936257 0.0 1.6431676725154984 0.6085806194501846 1 0 0 0.43868790181068285 0.8986394854472736 0.9082761161425407
cell 31.736838512635906 10.205814921384171 0.0 1.0 1.0 1 0 0 0.0 1.0 0
cell 57.35962127465045 17.177430410988404 0.0 1.0 1.0 1 0 0 0.0 1.0 0
cell 56.1997218611144 45.40781744278664 0.0 1.0 1.0 1 0 0 0.0 1.0 0
cell 11.98134632034661 17.935089643582238 0.0 1.6431676725154984 0.6085806194501846 1 0 0 0.9999075878208631 -0.013594698167408572 3.1687828874993595
cell 49.89432879691877 24.172682324280167 0.0 1.6431676725154984 0.6085806194501846 1 0 0 0.2539347918972024 0.9672213404718304 0.5134924724750197
cell 52.35707818300108 25.970296500806253 0.0 1.6431676725154984 0.6085806194501846 1 0 0 0.2645334480217197 0.9643765109529265 0.5354402081361902
cell 49.093650126889074 20.72925354741872 0.0 1.6431676725154984 0.6085806194501846 1 0 0 0.5780368987476157 0.816010627189523 1.2326418099552439
cell 40.42748673528223 59.850433937953404 0.0 1.6431676725154984 0.6085806194501846 1 0 0 0.8172426145014984 -0.5762937697414015 4.369965368465675
cell 60.29830533709861 16.07140820200513 0.0 1.0 1.0 1 0 0 0.0 1.0 0
cell 12.68245263378696 30.66208653985845 0.0 1.0 1.0 1 0 0 0.0 1.0 0
cell 30.05138177363404 60.96258822214532 0.0 1.0 1.0 1 0 0 0.0 1.0 0
cell 18.005480610150663 25.15810240569079 0.0 1.6431676725154984 0.6085806194501846 1 0 0 -0.2941460316721699 -0.9557604888524712 0.5971237990155958
cell 28.070920942017704 45.683767613916466 0.0 1.0 1.0 1 0 0 0.0 1.0 0
cell 18.120373586590592 28.63051361601779 0.0 1.0 1.0 1 0 0 0.0 1.0 0
cell 0.3169296361459932 12.208483959780004 0.0 1.0 1.0 1 0 0 0.0 1.0 0
cell 16.229334786457933 39.03817497129162 0.0 1.6431676725154984 0.6085806194501846 1 0 0 0.9939902494591292 0.10946864382177234 2.9222157227451566
cell 29.564052929306488 55.36874895226137 0.0 1.0 1.0 1 0 0 0.0 1.0 0
cell 57.81945602288496 55.91478129699368 0.0 1.0 1.0 1 0 0 0.0 1.0 0
cell 23.409563655160337 27.933048608615092 0.0 1.6431676725154984 0.6085806194501846 1 0 0 0.49379520501494356 0.8695782285132545 1.032897584462319
cell 18.95501224583613 43.968196422784175 0.0 1.6431676725154984 0.6085806194501846 1 0 0 0.566041701252517 -0.8243766083794204 5.0797926487457055
cell 4.034474131729358 41.61839039617809 0.0 1.0 1.0 1 0 0 0.0 1.0 0
cell 29.03889803697583 11.235792865326165 0.0 1.6431676725154984 0.6085806194501846 1 0 0 0.516585504652189 0.8562356079860515 1.0857166649968104
cell 52.03916884996851 38.54300596321858 0.0 1.0 1.0 1 0 0 0.0 1.0 0
cell 0.13274322146050674 21.871021876594757 0.0 1.0 1.0 1 0 0 0.0 1.0 0
cell 43.851681131067124 23.71568423246642 0.0 1.0 1.0 1 0 0 0.0 1.0 0
cell 14.471462891638728 47.52823662032437 0.0 1.0 1.0 1 0 0 0.0 1.0 0
cell 38.08391901619474 61.04837396468688 0.0 1.0 1.0 1 0 0 0.0 1.0 0
cell 4.39010968815819 39.62184818389483 0.0 1.0 1.0 1 0 0 0.0 1.0 0
cell 9.209553676048746 49.48860870839401 0.0 1.0 1.0 1 0 0 0.0 1.0 0
cell 13.435153182383907 16.94857089578063 0.0 1.6431676725154984 0.6085806194501846 1 0 0 0.9999306926672062 0.011773268963256565 3.118045571665619
cell 32.432845079120895 59.440732664256515 0.0 1.0 1.0 1 0 0 0.0 1.0 0
cell 42.64765809108601 35.89244805062169 0.0 1.0 1.0 1 0 0 0.0 1.0 0
cell 29.669311417300623 4.679520661771499 0.0 1.0 1.0 1 0 0 0.0 1.0 0
cell 20.045536414976777 6.4398899017241575 0.0 1.6431676725154984 0.6085806194501846 1 0 0 0.8399942393815965 0.5425953167930343 1.9945452109969506
cell 41.28809173810564 4.937966577730346 0.0 1.0 1.0 1 0 0 0.0 1.0 0
cell 23.321270500588735 31.598619728176917 0.0 1.6431676725154984 0.6085806194501846 1 0 0 0.7140834880835202 0.7000605488430791 1.5906280826431571
cell 32.8197944231967 50.06292006608961 0.0 1.6431676725154984 0.6085806194501846 1 0 0 0.8171244874634354 -0.5764612493373845 4.370375263146486
cell 39.15324569477239 11.744340068893678 0.0 1.0 1.0 1 0 0 0.0 1.0 0
cell 44.38179795435508 43.53459501228672 0.0 1.0 1.0 1 0 0 0.0 1.0 0
cell 38.30815437469211 39.37671702110425 0.0 1.0 1.0 1 0 0 0.0 1.0 0
cell 35.8422142157111 41.32227152084497 0.0 1.0 1.0 1 0 0 0.0 1.0 0
cell 5.7025148187022365 26.290772759257063 0.0 1.0 1.0 1 0 0 0.0 1.0 0
cell 60.74804806558695 14.114654443164628 0.0 1.0 1.0 1 0 0 0.0 1.0 0
cell 2.7477793635251873 32.02531608264292 0.0 1.0 1.0 1 0 0 0.0 1.0 0
cell 61.11625239153915 27.85494415810592 0.0 1.0 1.0 1 0 0 0.0 1.0 0
cell 28.082882305530482 17.892766127617968 0.0 1.6431676725154984 0.6085806194501846 1 0 0 0.46981889898185414 0.8827628232767158 0.978171228582432
cell 24.65223280135304 57.52798093469357 0.0 1.6431676725154984 0.6085806194501846 1 0 0 0.31356740423949603 -0.9495659445233409 5.645290121941319
cell 7.618920333209852 38.46563456782088 0.0 1.0 1.0 1 0 0 0.0 1.0 0
cell 1.6657888191136168 42.18084301114586 0.0 1.0 1.0 1 0 0 0.0 1.0 0
cell 53.08282447658838 58.470738490378494 0.0 1.0 1.0 1 0 0 0.0 1.0 0
cell 54.304632063304815 45.98970604877709 0.0 1.0 1.0 1 0 0 0.0 1.0 0
cell 16.06989790033901 60.7263724414643 0.0 1.6431676725154984 0.6085806194501846 1 0 0 0.589414170406129 0.8078310069095236 1.2606669209186945
cell 12.143545157596611 1.6996092018487432 0.0 1.6431676725154984 0.6085806194501846 1 0 0 0.9796515989381988 -0.2007056170061778 3.545748935860187
cell 50.715897595837134 0.02226735678905973 0.0 1.6431676725154984 0.6085806194501846 1 0 0 0.9301718157011329 -0.3671244928838957 3.8934241646412664
cell 32.987694773193745 36.35159606984032 0.0 1.0 1.0 1 0 0 0.0 1.0 0
cell 31.861937073080938 12.964629004335041 0.0 1.6431676725154984 0.6085806194501846 1 0 0 0.5771412000563707 0.8166443749867456 1.2304473509907004
cell 20.59073754785604 24.33356237794017 0.0 1.0 1.0 1 0 0 0.0 1.0 0
cell 21.042860296579775 26.67271967057506 0.0 1.6431676725154984 0.6085806194501846 1 0 0 -0.2928394456890766 -0.9561616280987825 0.5943902446137539
cell 43.83703209099429 59.05989068925971 0.0 1.0 1.0 1 0 0 0.0 1.0 0
cell 51.27269031891337 4.499537939981361 0.0 1.0 1.0 1 0 0 0.0 1.0 0
cell 1.3800555995327146 5.34306644346432 0.0 1.0 1.0 1 0 0 0.0 1.0 0
cell 3.7560224553465216 58.40699306006719 0.0 1.6431676725154984 0.6085806194501846 1 0 0 0.9285814073899629 0.37112877798639626 2.3811440138991524
cell 7.0389047655253645 12.358735307795605 0.0 1.0 1.0 1 0 0 0.0 1.0 0
cell 50.92039525089834 16.719459437104813 0.0 1.0 1.0 1 0 0 0.0 1.0 0
cell 56.86310459541764 36.93774350267008 0.0 1.0 1.0 1 0 0 0.0 1.0 0
cell 43.65828953015962 52.200435449514096 0.0 1.0 1.0 1 0 0 0.0 1.0 0
cell 29.73216302101884 45.109474609491414 0.0 1.6431676725154984 0.6085806194501846 1 0 0 0.7810263989250635 -0.6244980097503493 4.490569925942633
cell 32.70509726660525 43.497064012562205 0.0 1.0 1.0 1 0 0 0.0 1.0 0
cell 6.464719330184273 49.56707403706945 0.0 1.6431676725154984 0.6085806194501846 1 0 0 0.6323265434235323 0.7747019701033732 1.369105381482192
cell 56.487198482915915 60.800653540320795 0.0 1.6431676725154984 0.6085806194501846 1 0 0 0.9998285791983319 0.01851518885253137 3.104560159813957
cell 43.387889478697936 21.654790848285124 0.0 1.0 1.0 1 0 0 0.0 1.0 0
cell 28.719276498287115 25.69954869532594 0.0 1.6431676725154984 0.6085806194501846 1 0 0 -0.5779235362692763 -0.81609091786762 1.2323639780311204
cell 28.140658141058093 36.155222540293515 0.0 1.6431676725154984 0.6085806194501846 1 0 0 0.963640143980088 0.26720342982461 2.600613115512105
cell 51.3189330962043 31.02658285694024 0.0 1.0 1.0 1 0 0 0.0 1.0 0
cell 36.312793096054236 60.1596063789284 0.0 1.0 1.0 1 0 0 0.0 1.0 0
cell 41.15041147997239 1.7339478276795601 0.0 1.6431676725154984 0.6085806194501846 1 0 0 0.6742068811238632 -0.738542538683611 4.803404751716848
cell 4.6395651189936835 24.202336479069707 0.0 1.6431676725154984 0.6085806194501846 1 0 0 0.6941809601051729 -0.7198005241922656 4.748622497421892
cell 17.301719698824122 16.30665898952591 0.0 1.6431676725154984 0.6085806194501846 1 0 0 0.9958031137171254 0.09152135658565105 2.9582934399481142
cell 52.25780513223562 40.49518173508145 0.0 1.0 1.0 1 0 0 0.0 1.0 0
cell 8.309808327448419 23.531260119541916 0.0 1.0 1.0 1 0 0 0.0 1.0 0
cell 7.7532613685480225 32.3557476051877 0.0 1.0 1.0 1 0 0 0.0 1.0 0
cell 50.80564997617261 49.879676475199396 0.0 1.0 1.0 1 0 0 0.0 1.0 0
cell 60.700991167694724 42.64766165766173 0.0 1.0 1.0 1 0 0 0.0 1.0 0
cell 35.29994580267249 48.717592521117695 0.0 1.0 1.0 1 0 0 0.0 1.0 0
cell 6.809734927311752 20.827702060269782 0.0 1.0 1.0 1 0 0 0.0 1.0 0
cell 51.283030844758784 18.61816183773016 0.0 1.0 1.0 1 0 0 0.0 1.0 0
cell 36.70047589328123 23.670943451772267 0.0 1.6431676725154984 0.6085806194501846 1 0 0 0.9999999236529046 -0.00039076103320983467 3.142374175676102
cell 3.5880431502798644 34.17171876463607 0.0 1.0 1.0 1 0 0 0.0 1.0 0
cell 37.39385295325427 42.6568507063101 0.0 1.0 1.0 1 0 0 0.0 1.0 0
cell 28.587292880526697 43.3478865775071 0.0 1.6431676725154984 0.6085806194501846 1 0 0 0.7820388960344107 -0.6232296246884291 4.487324035223659
cell 28.246403454392468 14.590566907024403 0.0 1.6431676725154984 0.6085806194501846 1 0 0 0.8786162069240459 -0.4775285969765604 4.137272092788579
cell 43.631577531689956 48.410545384700754 0.0 1.0 1.0 1 0 0 0.0 1.0 0
cell 41.8860763806008 26.626189258793246 0.0 1.0 1.0 1 0 0 0.0 1.0 0
cell 57.72540527812805 46.77649215472601 0.0 1.0 1.0 1 0 0 0.0 1.0 0
cell 29.301041502230785 50.440496381279644 0.0 1.0 1.0 1 0 0 0.0 1.0 0
cell 10.110139709857945 22.54970551632934 0.0 1.0 1.0 1 0 0 0.0 1.0 0
cell 30.635586316780664 1.6944931983996003 0.0 1.0 1.0 1 0 0 0.0 1.0 0
cell 9.047565502283112 14.27484594436424 0.0 1.6431676725154984 0.6085806194501846 1 0 0 0.8766319697524937 0.4811615005461919 2.1376342748533257
cell 47.72835830387482 57.44555444665274 0.0 1.6431676725154984 0.6085806194501846 1 0 0 0.8855798788405979 -0.46448711305338936 4.10770339239262
cell 10.076927445392798 17.16099691439056 0.0 1.6431676725154984 0.6085806194501846 1 0 0 0.9869341478380138 0.16112413795348443 2.817933518512119
cell 50.95154869629566 22.86342365746985 0.0 1.6431676725154984 0.6085806194501846 1 0 0 0.7209001642564723 0.6930389261614323 1.6102006168141443
cell 13.490303331326796 0.8975572606647363 0.0 1.6431676725154984 0.6085806194501846 1 0 0 0.9444466563298736 -0.3286647430852931 3.81137151077086
cell 52.57619145149683 42.47119529388401 0.0 1.0 1.0 1 0 0 0.0 1.0 0
cell 4.225579246063153 37.65028526487363 0.0 1.0 1.0 1 0 0 0.0 1.0 0
cell 47.44477557360105 59.46854501204464 0.0 1.0 1.0 1 0 0 0.0 1.0 0
cell 5.996651227215566 39.07083676305134 0.0 1.0 1.0 1 0 0 0.0 1.0 0
cell 2.673438323753276 54.78125409812584 0.0 1.0 1.0 1 0 0 0.0 1.0 0
cell 10.102302847355462 45.66978942104068 0.0 1.0 1.0 1 0 0 0.0 1.0 0
cell 58.79500873398858 54.130328188145604 0.0 1.0 1.0 1 0 0 0.0 1.0 0
cell 21.05222053675331 29.372064686435667 0.0 1.6431676725154984 0.6085806194501846 1 0 0 0.9750846077773767 0.22183328802422664 2.6942042497202223
cell 26.798920951743042 38.32110348669443 0.0 1.6431676725154984 0.6085806194501846 1 0 0 0.7750170183165386 -0.631940362154327 4.509701257555294
cell 40.420656027715324 50.835794455969165 0.0 1.0 1.0 1 0 0 0.0 1.0 0
cell 53.26051793192711 23.936058354488253 0.0 1.0 1.0 1 0 0 0.0 1.0 0
cell 29.505862773193577 33.26206718386365 0.0 1.6431676725154984 0.6085806194501846 1 0 0 0.5568430796622623 -0.8306177126887239 5.102024814142843
cell 8.201532373815313 56.6315520440845 0.0 1.6431676725154984 0.6085806194501846 1 0 0 0.6707780405099039 -0.7416581560056451 4.812670615442463
cell 57.691294191646904 22.057345135961633 0.0 1.0 1.0 1 0 0 0.0 1.0 0
cell 3.0949249304212545 23.39060832454345 0.0 1.0 1.0 1 0 0 0.0 1.0 0
cell 41.87669435900119 8.926089487038874 0.0 1.0 1.0 1 0 0 0.0 1.0 0
cell 1.3869283403057537 28.966350818844464 0.0 1.0 1.0 1 0 0 0.0 1.0 0
cell 12.975866645029468 48.74345695523534 0.0 1.6431676725154984 0.6085806194501846 1 0 0 0.6492965762085169 -0.7605353089264808 4.8698669772185434
cell 60.37208646995885 7.732015232511568 0.0 1.6431676725154984 0.6085806194501846 1 0 0 0.9791508526744881 -0.20313445721202225 3.550708780502123
cell 29.598586312148036 30.08798996490414 0.0 1.0 1.0 1 0 0 0.0 1.0 0
cell 15.876504774710007 48.461416840670175 0.0 1.6431676725154984 0.6085806194501846 1 0 0 0.7314720386865474 -0.6818714370170862 4.642228747653237
cell 25.662903032338036 5.213554326768557 0.0 1.6431676725154984 0.6085806194501846 1 0 0 -0.6362692643823112 -0.7714670590520327 1.3793053333339298
cell 25.054343810537567 53.80249972471957 0.0 1.0 1.0 1 0 0 0.0 1.0 0
cell 30.01436133670431 10.525519667727698 0.0 1.6431676725154984 0.6085806194501846 1 0 0 -0.4522131848438623 -0.8919098807914232 0.9384903644688176
cell 8.589083807951889 33.553217225126296 0.0 1.6431676725154984 0.6085806194501846 1 0 0 0.9971873933380991 0.0749486662160652 2.9915546287814077
cell 55.680564817610836 7.484596591615705 0.0 1.0 1.0 1 0 0 0.0 1.0 0
cell 11.089106336369339 27.334492367920834 0.0 1.0 1.0 1 0 0 0.0 1.0 0
cell 14.973608499171789 40.29254057952366 0.0 1.6431676725154984 0.6085806194501846 1 0 0 0.995286829787367 0.09697487536373903 2.9473376211842846
cell 58.4646049887346 37.99878141651326 0.0 1.0 1.0 1 0 0 0.0 1.0 0
cell 55.47277084639332 12.732083241269383 0.0 1.0 1.0 1 0 0 0.0 1.0 0
cell 0.6971019722305538 55.22645765717964 0.0 1.0 1.0 1 0 0 0.0 1.0 0
cell 35.84678611039391 10.440495458786428 0.0 1.0 1.0 1 0 0 0.0 1.0 0
cell 34.357815787255156 54.62281399004787 0.0 1.0 1.0 1 0 0 0.0 1.0 0
cell 1.793960565207472 27.14267202327676 0.0 1.0 1.0 1 0 0 0.0 1.0 0
cell 24.06016420212563 8.891767447316886 0.0 1.6431676725154984 0.6085806194501846 1 0 0 0.12828581651010681 0.9917372380234268 0.2572806403627431
cell 56.30579009795522 9.389698774040923 0.0 1.0 1.0 1 0 0 0.0 1.0 0
cell 27.70066896289807 8.588046423686725 0.0 1.6431676725154984 0.6085806194501846 1 0 0 0.34868450803119594 0.9372401580486417 0.7123343121527504
cell 35.01881008334136 19.936595156737486 0.0 1.6431676725154984 0.6085806194501846 1 0 0 0.8127875491193697 0.5825602114773444 1.8978425279025375
cell 57.92100894268409 26.072673026494908 0.0 1.0 1.0 1 0 0 0.0 1.0 0
cell 5.076667543912196 4.355002914079765 0.0 1.6431676725154984 0.6085806194501846 1 0 0 0.40127747798016683 0.9159565413631133 0.825822226957998
cell 32.72519413124053 46.42551907455542 0.0 1.6431676725154984 0.6085806194501846 1 0 0 0.8919570035622628 -0.45212023157145886 4.079874587097456
cell 56.376777276200144 25.12610457138064 0.0 1.0 1.0 1 0 0 0.0 1.0 0
cell 36.00524268325962 37.758622724636325 0.0 1.0 1.0 1 0 0 0.0 1.0 0
cell 3.278819708719452 4.7290733962618745 0.0 1.0 1.0 1 0 0 0.0 1.0 0
cell 30.19965079968936 14.957039556649143 0.0 1.6431676725154984 0.6085806194501846 1 0 0 0.9804242553287901 -0.196896621512375 3.5379757862837775
cell 25.152249061240315 59.461706255148236 0.0 1.6431676725154984 0.6085806194501846 1 0 0 0.6271382230752794 -0.7789079850392991 4.927437978775633
cell 59.87232403970913 39.302833952168235 0.0 1.0 1.0 1 0 0 0.0 1.0 0
cell 4.80262907399275 35.741273729804625 0.0 1.0 1.0 1 0 0 0.0 1.0 0
cell 48.966754723883874 49.20319637889121 0.0 1.0 1.0 1 0 0 0.0 1.0 0
cell 49.021307194986825 22.452429735658608 0.0 1.6431676725154984 0.6085806194501846 1 0 0 0.36345517231562624 0.931611688267713 0.7439480685146961
cell 0.2431028562356242 44.69714252059565 0.0 1.6431676725154984 0.6085806194501846 1 0 0 0.7984304752369225 0.6020870171436535 1.8493677729220857
cell 57.70891007230223 7.886963105530445 0.0 1.0 1.0 1 0 0 0.0 1.0 0
cell 59.26655437021875 41.233015286955734 0.0 1.0 1.0 1 0 0 0.0 1.0 0
cell 11.385138470495283 25.52828879991172 0.0 1.0 1.0 1 0 0 0.0 1.0 0
cell 40.593916821515265 25.230298615790602 0.0 1.6431676725154984 0.6085806194501846 1 0 0 0.9990112169718911 0.044458838990027304 3.052645657249984
cell 59.97863221671784 44.43262071634708 0.0 1.0 1.0 1 0 0 0.0 1.0 0
cell 45.64139650262918 11.203448544895185 0.0 1.6431676725154984 0.6085806194501846 1 0 0 0.5617752595705822 0.8272898873637977 1.193060228239946
cell 28.15569351789023 60.60153028824542 0.0 1.0 1.0 1 0 0 0.0 1.0 0
cell 54.99935931075045 58.838686101351314 0.0 1.0 1.0 1 0 0 0.0 1.0 0
cell 17.443634555320358 0.15942216181049468 0.0 1.6431676725154984 0.6085806194501846 1 0 0 0.632442323879376 0.7746074534666281 1.3694043029342062
cell 12.763732407312796 40.77314688167879 0.0 1.6431676725154984 0.6085806194501846 1 0 0 0.7908705040669357 0.6119835339262903 1.8244602469044908
cell 28.89717841915107 53.67297973044901 0.0 1.0 1.0 1 0 0 0.0 1.0 0
cell 11.44932389932788 52.944604975868955 0.0 1.6431676725154984 0.6085806194501846 1 0 0 0.6930497790961115 -0.7208897306071373 4.751763160788888
cell 26.145291083125787 16.919235184090336 0.0 1.6431676725154984 0.6085806194501846 1 0 0 0.37043204874337576 0.928859568106926 0.7589482330138533
cell 18.528464133088548 54.342998417978414 0.0 1.6431676725154984 0.6085806194501846 1 0 0 0.15334226938080317 0.9881731368647628 0.3078993262483544
cell 46.490036665477234 54.652845909529354 0.0 1.6431676725154984 0.6085806194501846 1 0 0 0.9963540450360057 -0.08531481079149811 3.31242994737504
cell 13.172141019543112 56.64800888604685 0.0 1.6431676725154984 0.6085806194501846 1 0 0 0.5226595081281045 0.852541517207982 1.0999349683779658
cell 31.632409554684212 4.677493461820674 0.0 1.0 1.0 1 0 0 0.0 1.0 0
cell 58.878823341371444 52.11137476856169 0.0 1.0 1.0 1 0 0 0.0 1.0 0
cell 49.21828067293193 51.070175098057 0.0 1.0 1.0 1 0 0 0.0 1.0 0
cell 14.105113625477264 45.992842864226056 0.0 1.6431676725154984 0.6085806194501846 1 0 0 0.2904594300943219 -0.9568873076121773 5.693771442045562
cell 30.21530746761697 26.13933924219215 0.0 1.0 1.0 1 0 0 0.0 1.0 0
cell 53.057357936083555 10.23201819741883 0.0 1.0 1.0 1 0 0 0.0 1.0 0
cell 8.21217080629806 8.06042015905524 0.0 1.6431676725154984 0.6085806194501846 1 0 0 0.43901561200062084 0.8984794334984637 0.9090055284988422
cell 30.476707287437698 59.040529804907564 0.0 1.0 1.0 1 0 0 0.0 1.0 0
cell 16.207607266805063 28.9821173519866 0.0 1.0 1.0 1 0 0 0.0 1.0 0
cell 5.5904313888543165 30.585985673016687 0.0 1.6431676725154984 0.6085806194501846 1 0 0 0.9180008580064261 -0.39657839666258377 3.9571658506940293
cell 60.952375904494815 24.19196123859097 0.0 1.0 1.0 1 0 0 0.0 1.0 0
cell 23.201398078967085 20.79720570437162 0.0 1.0 1.0 1 0 0 0.0 1.0 0
cell 60.10252494668578 32.938065019881016 0.0 1.0 1.0 1 0 0 0.0 1.0 0
cell 4.73581165559399 46.96385922062885 0.0 1.0 1.0 1 0 0 0.0 1.0 0
cell 52.938348166855 29.98614500693711 0.0 1.0 1.0 1 0 0 0.0 1.0 0
cell 49.75131598994101 54.68721089100847 0.0 1.0 1.0 1 0 0 0.0 1.0 0
cell 46.323625549611464 49.05422710286991 0.0 1.6431676725154984 0.6085806194501846 1 0 0 0.9573980320499709 0.28877155023797446 2.5557057013646545
cell 45.31772064394619 52.16090099469483 0.0 1.0 1.0 1 0 0 0.0 1.0 0
cell 60.56022700278051 19.962334770274232 0.0 1.0 1.0 1 0 0 0.0 1.0 0
cell 15.766673799546217 43.76745557763475 0.0 1.0 1.0 1 0 0 0.0 1.0 0
cell 8.265904998220517 45.790205773176055 0.0 1.0 1.0 1 0 0 0.0 1.0 0
cell 43.82790901554573 50.42787058441309 0.0 1.0 1.0 1 0 0 0.0 1.0 0
cell 25.18221520660982 6.9728312103649825 0.0 1.6431676725154984 0.6085806194501846 1 0 0 0.366995848323068 0.9302225794473233 0.751554914731987
cell 52.63306737494983 1.9989401624155811 0.0 1.6431676725154984 0.6085806194501846 1 0 0 0.9938180674561206 -0.11102093855567 3.3640932144246056
cell 54.19710504883723 15.90482283199354 0.0 1.0 1.0 1 0 0 0.0 1.0 0
cell 51.55791486186785 45.2713260961505 0.0 1.0 1.0 1 0 0 0.0 1.0 0
cell 3.188351270597878 28.595015197232843 0.0 1.0 1.0 1 0 0 0.0 1.0 0
cell 14.170958315969488 59.75785063056405 0.0 1.6431676725154984 0.6085806194501846 1 0 0 0.4057764373504345 0.9139723644023319 0.8356563801681478
cell 5.478424555671818 33.97344495195649 0.0 1.0 1.0 1 0 0 0.0 1.0 0
cell 1.1644881437231611 1.5539665856063876 0.0 1.6431676725154984 0.6085806194501846 1 0 0 0.9991942629443594 0.04013508314527793 3.06130092146604
cell 38.39430961371692 46.648962631234475 0.0 1.0 1.0 1 0 0 0.0 1.0 0
cell 48.71777041992472 8.26746399465613 0.0 1.0 1.0 1 0 0 0.0 1.0 0
cell 21.844334817888193 30.876053418734028 0.0 1.0 1.0 1 0 0 0.0 1.0 0
cell 53.86683306604136 6.689074612900631 0.0 1.0 1.0 1 0 0 0.0 1.0 0
cell 6.221338830222313 14.140391323626396 0.0 1.6431676725154984 0.6085806194501846 1 0 0 0.9936646847677576 0.11238547168292222 2.9163458391609294
cell 0.5971715384410442 49.92329228025178 0.0 1.0 1.0 1 0 0 0.0 1.0 0
cell 40.5977639971531 49.20958283078661 0.0 1.0 1.0 1 0 0 0.0 1.0 0
cell 6.495571699165421 46.44167200930995 0.0 1.0 1.0 1 0 0 0.0 1.0 0
cell 48.15885584357177 14.82270864272626 0.0 1.6431676725154984 0.6085806194501846 1 0 0 0.6816702524412298 0.731659529382834 1.500086083171795
cell 40.587132693195066 27.927607958526234 0.0 1.6431676725154984 0.6085806194501846 1 0 0 0.6486523210589645 0.7610848614870868 1.4116247269881563
cell 58.78150553369949 50.0804211399563 0.0 1.0 1.0 1 0 0 0.0 1.0 0
cell 44.35623404415394 53.95638127108249 0.0 1.0 1.0 1 0 0 0.0 1.0 0
cell 44.67006575737351 13.33804285478931 0.0 1.0 1.0 1 0 0 0.0 1.0 0
cell 56.35863102757072 18.45691159352742 0.0 1.0 1.0 1 0 0 0.0 1.0 0
cell 19.57497023010598 2.9376123997154777 0.0 1.6431676725154984 0.6085806194501846 1 0 0 0.7950963312618738 0.6064831605361427 1.8383327976156736
cell 27.457979746483673 7.049466092619148 0.0 1.6431676725154984 0.6085806194501846 1 0 0 0.439790681588579 0.8981003041909368 0.9107311842515229
cell 25.01628218790803 31.20968731989269 0.0 1.6431676725154984 0.6085806194501846 1 0 0 0.9514925791398297 -0.3076716948986939 3.7670827700391962
cell 2.3429083843956784 18.723690735426096 0.0 1.0 1.0 1 0 0 0.0 1.0 0
cell 7.195402356344385 54.47387244498905 0.0 1.6431676725154984 0.6085806194501846 1 0 0 0.3272863489078441 0.9449252064679897 0.6668606514852121
cell 31.01125066411038 40.31309631324423 0.0 1.0 1.0 1 0 0 0.0 1.0 0
cell 22.444257538782107 54.364849440633584 0.0 1.6431676725154984 0.6085806194501846 1 0 0 0.0558595867526944 -0.9984386343525666 6.17140795250919
cell 2.31484734407195 30.35087442944927 0.0 1.0 1.0 1 0 0 0.0 1.0 0
cell 58.69830475272155 43.013377206692276 0.0 1.0 1.0 1 0 0 0.0 1.0 0
cell 27.122357513490655 47.36626296772755 0.0 1.0 1.0 1 0 0 0.0 1.0 0
cell 24.29872147113386 17.605167909061485 0.0 1.6431676725154984 0.6085806194501846 1 0 0 -0.05462868781378134 -0.9985067383186477 0.10931179141589809
cell 33.3505988400646 28.094427874861307 0.0 1.0 1.0 1 0 0 0.0 1.0 0
cell 36.49125232819588 21.40424109486213 0.0 1.6431676725154984 0.6085806194501846 1 0 0 0.9986943404842943 0.05108438396066415 3.039379396557864
cell 45.67344723323992 17.46183465943891 0.0 1.0 1.0 1 0 0 0.0 1.0 0
cell 18.830407263640332 36.887285105786226 0.0 1.6431676725154984 0.6085806194501846 1 0 0 0.999355020300207 0.03591021304271217 3.0697567826140206
cell 16.45745595663299 21.6786571811463 0.0 1.6431676725154984 0.6085806194501846 1 0 0 0.4976874872841758 0.8673564232775147 1.041861135854615
cell 0.12536698911934432 51.81496421711153 0.0 1.0 1.0 1 0 0 0.0 1.0 0
cell 37.70245438941312 40.99880230784921 0.0 1.0 1.0 1 0 0 0.0 1.0 0
cell 44.616821751373756 25.5208781309695 0.0 1.0 1.0 1 0 0 0.0 1.0 0
cell 51.337113321900844 2.83679990961915 0.0 1.6431676725154984 0.6085806194501846 1 0 0 0.9922394821674657 -0.12434150565293793 3.3909209714873714
cell 21.76850688967225 58.14452000614348 0.0 1.6431676725154984 0.6085806194501846 1 0 0 0.931672410034666 0.36329949130186934 2.3979787928613097
cell 35.70368445955852 58.27872869500268 0.0 1.0 1.0 1 0 0 0.0 1.0 0
cell 59.57434455292371 12.765158681598804 0.0 1.0 1.0 1 0 0 0.0 1.0 0
cell 11.797322308146079 19.609293739319316 0.0 1.0 1.0 1 0 0 0.0 1.0 0
cell 40.47979374882959 20.37378716451937 0.0 1.6431676725154984 0.6085806194501846 1 0 0 0.7761552334446643 -0.630541872992158 4.506094981639331
cell 40.73950112717012 44.39123666924645 0.0 1.0 1.0 1 0 0 0.0 1.0 0
cell 42.231128069925084 33.90293933470568 0.0 1.0 1.0 1 0 0 0.0 1.0 0
cell 10.204282539683327 34.51695235038737 0.0 1.0 1.0 1 0 0 0.0 1.0 0
cell 39.91341675661327 13.56267256899976 0.0 1.0 1.0 1 0 0 0.0 1.0 0
cell 31.388910132026215 55.723451032052374 0.0 1.0 1.0 1 0 0 0.0 1.0 0
cell 56.489223859090835 59.610148942314076 0.0 1.6431676725154984 0.6085806194501846 1 0 0 0.9855100125438007 0.16961726084310477 2.800710074479779
cell 10.999780923488965 30.849229636852805 0.0 1.0 1.0 1 0 0 0.0 1.0 0
cell 52.73557138609344 52.85096017858378 0.0 1.0 1.0 1 0 0 0.0 1.0 0
cell 32.46219698987714 7.212294265800106 0.0 1.0 1.0 1 0 0 0.0 1.0 0
cell 23.84120725403449 23.245549555950195 0.0 1.6431676725154984 0.6085806194501846 1 0 0 0.6710464633660028 -0.7414152979295611 4.811946651696889
cell 6.502304188346543 9.89137706216643 0.0 1.6431676725154984 0.6085806194501846 1 0 0 -0.15988115449551574 -0.9871362704496178 0.321140515109132
cell 17.5748681828393 44.4497452479726 0.0 1.6431676725154984 0.6085806194501846 1 0 0 0.6006916436056982 -0.79948079983342 4.99445341940839
cell 27.85983405264398 5.444936920198238 0.0 1.6431676725154984 0.6085806194501846 1 0 0 -0.6016346309894973 -0.7987714133556179 1.2910919339931768
cell 12.733535672281821 37.004446525473895 0.0 1.6431676725154984 0.6085806194501846 1 0 0 0.9970050826618839 -0.07733605334105242 3.296419355545793
cell 2.913176327376844 47.4737967873647 0.0 1.0 1.0 1 0 0 0.0 1.0 0
cell 18.432091081263177 26.800760741988583 0.0 1.0 1.0 1 0 0 0.0 1.0 0
cell 14.28112925745837 41.519496096494905 0.0 1.0 1.0 1 0 0 0.0 1.0 0
cell 45.3380213228821 15.541074838847095 0.0 1.0 1.0 1 0 0 0.0 1.0 0
cell 55.80986755635283 21.47878086890819 0.0 1.0 1.0 1 0 0 0.0 1.0 0
cell 38.265612329191 3.672474574358012 0.0 1.0 1.0 1 0 0 0.0 1.0 0
cell 41.99964397005753 51.670366531856054 0.0 1.0 1.0 1 0 0 0.0 1.0 0
cell 23.855164505723494 7.549655647019322 0.0 1.6431676725154984 0.6085806194501846 1 0 0 0.22717288594182763 0.9738544449212425 0.4583473603340606
cell 52.60345172627389 28.34832435106876 0.0 1.0 1.0 1 0 0 0.0 1.0 0
cell 30.796462816726454 16.30100560675299 0.0 1.6431676725154984 0.6085806194501846 1 0 0 0.9724073717036195 -0.23328931277805873 3.6125105872111116
cell 1.3883314068816228 53.27718642867988 0.0 1.0 1.0 1 0 0 0.0 1.0 0
cell 38.86315827251802 32.11489618415602 0.0 1.6431676725154984 0.6085806194501846 1 0 0 0.5877844885334188 0.8090175492778308 1.2566351733203456
cell 31.21380554724708 43.58581312946171 0.0 1.6431676725154984 0.6085806194501846 1 0 0 0.8638638218799076 -0.5037254185040093 4.197404427453338
cell 46.62332430190796 25.84099212519777 0.0 1.0 1.0 1 0 0 0.0 1.0 0
cell 53.56400126379139 12.192775384934228 0.0 1.0 1.0 1 0 0 0.0 1.0 0
cell 54.94297274153352 10.798871133184626 0.0 1.0 1.0 1 0 0 0.0 1.0 0
cell 38.14587866146153 16.133915072085607 0.0 1.6431676725154984 0.6085806194501846 1 0 0 0.8417602372789725 0.539851556389391 2.001071152820978
cell 17.564483765440315 37.937874740695946 0.0 1.6431676725154984 0.6085806194501846 1 0 0 0.994402499557185 0.10565826458172993 2.9298809580518492
cell 1.418380234500983 46.09194044884609 0.0 1.0 1.0 1 0 0 0.0 1.0 0
cell 31.04347734932949 38.43465582633998 0.0 1.0 1.0 1 0 0 0.0 1.0 0
cell 35.85574676426859 43.23369664966501 0.0 1.0 1.0 1 0 0 0.0 1.0 0
cell 57.436791445946525 13.221702168871069 0.0 1.0 1.0 1 0 0 0.0 1.0 0
cell 59.21098063891032 57.6470073255214 0.0 1.0 1.0 1 0 0 0.0 1.0 0
cell 54.780632480273844 24.72610750562156 0.0 1.0 1.0 1 0 0 0.0 1.0 0
cell 20.904417883236263 16.184525080193463 0.0 1.6431676725154984 0.6085806194501846 1 0 0 0.27334259196460814 -0.9619167466148355 5.729452801129519
cell 50.83719383719879 27.37122114111763 0.0 1.0 1.0 1 0 0 0.0 1.0 0
cell 28.11394422005234 40.17965781671813 0.0 1.6431676725154984 0.6085806194501846 1 0 0 0.7969091158382976 -0.604099214611162 4.43886272065347
cell 36.07059491070121 13.712392613649397 0.0 1.0 1.0 1 0 0 0.0 1.0 0
cell 32.651282655229785 21.27647828386568 0.0 1.6431676725154984 0.6085806194501846 1 0 0 0.9990080193713079 0.044530632510852326 3.052501927861421
cell 40.13636710124582 23.42486973610851 0.0 1.6431676725154984 0.6085806194501846 1 0 0 0.4677780150653956 -0.8838459869352118 5.309635097119718
cell 28.304302878259332 16.436954557952593 0.0 1.6431676725154984 0.6085806194501846 1 0 0 0.4369900801724222 0.8994663250121708 0.9044992057431385
cell 58.36227291837017 32.28951297892885 0.0 1.0 1.0 1 0 0 0.0 1.0 0
cell 54.4184382853495 8.856606816856244 0.0 1.0 1.0 1 0 0 0.0 1.0 0
cell 45.860634420929436 30.58221335213862 0.0 1.0 1.0 1 0 0 0.0 1.0 0
cell 26.14751253267508 43.1398000263462 0.0 1.0 1.0 1 0 0 0.0 1.0 0
cell 31.792983831771345 3.1379347614303783 0.0 1.6431676725154984 0.6085806194501846 1 0 0 -0.036743878146144306 0.9993247157049511 6.209681004708627
cell 38.71943584705139 49.778070105232345 0.0 1.0 1.0 1 0 0 0.0 1.0 0
cell 26.883192707156535 57.40598990053453 0.0 1.0 1.0 1 0 0 0.0 1.0 0
cell 42.551484328765376 28.560866488011307 0.0 1.0 1.0 1 0 0 0.0 1.0 0
cell 20.75222408060718 22.333218678944913 0.0 1.0 1.0 1 0 0 0.0 1.0 0
cell 9.592989038200287 7.875350655412414 0.0 1.6431676725154984 0.6085806194501846 1 0 0 0.5754816004280675 0.8178147269209268 1.2263858261571512
cell 39.03562892813937 59.5155408605296 0.0 1.6431676725154984 0.6085806194501846 1 0 0 0.8482694395289011 -0.5295648760646084 4.257767710184321
cell 38.25636484893816 33.32883411600243 0.0 1.6431676725154984 0.6085806194501846 1 0 0 0.5485778846349099 0.8360994584913254 1.161324788646108
cell 36.55975382806382 32.97830336422759 0.0 1.0 1.0 1 0 0 0.0 1.0 0
cell 44.409672822757095 3.6914043538144874 0.0 1.6431676725154984 0.6085806194501846 1 0 0 0.4575787273280476 0.8891691111913662 0.9505404223879236
cell 49.5258995402286 30.223967907409868 0.0 1.0 1.0 1 0 0 0.0 1.0 0
cell 30.68960309978142 12.831321693253619 0.0 1.6431676725154984 0.6085806194501846 1 0 0 0.4694287868017809 0.8829703359240378 0.9772874887677424
cell 43.489408080603354 14.882163773784033 0.0 1.0 1.0 1 0 0 0.0 1.0 0
cell 14.839152569069944 52.50101089102219 0.0 1.6431676725154984 0.6085806194501846 1 0 0 0.43867678179709924 0.8986449138075284 0.9082513676640293
cell 35.4290936792098 45.15000734059374 0.0 1.0 1.0 1 0 0 0.0 1.0 0
cell 32.71069819989076 32.832065021110886 0.0 1.6431676725154984 0.6085806194501846 1 0 0 0.3517447689825488 0.9360959445983159 0.7188686617012725
cell 3.9587250483963707 30.446116164417766 0.0 1.0 1.0 1 0 0 0.0 1.0 0
cell 59.229706622139794 48.13915111031458 0.0 1.0 1.0 1 0 0 0.0 1.0 0
cell 26.551553662552937 13.78661679674284 0.0 1.0 1.0 1 0 0 0.0 1.0 0
cell 1.3088436436328017 13.9607631522352 0.0 1.0 1.0 1 0 0 0.0 1.0 0
cell 8.34455469393972 43.75503636648353 0.0 1.0 1.0 1 0 0 0.0 1.0 0
cell 6.794586221470153 44.45178526974901 0.0 1.0 1.0 1 0 0 0.0 1.0 0
cell 3.818801554450791 12.3276036281981 0.0 1.0 1.0 1 0 0 0.0 1.0 0
cell 39.75869457747499 4.255674672506197 0.0 1.6431676725154984 0.6085806194501846 1 0 0 0.842979097257879 0.5379463184986875 2.005594670588863
cell 11.226273292770202 50.409642138099 0.0 1.6431676725154984 0.6085806194501846 1 0 0 0.4762777998889066 -0.87929486370215 5.290351966165117
cell 16.03083068562723 30.663695180034637 0.0 1.0 1.0 1 0 0 0.0 1.0 0
cell 58.5241282936618 11.538291424462301 0.0 1.0 1.0 1 0 0 0.0 1.0 0
cell 4.15655839492162 18.70771144394234 0.0 1.0 1.0 1 0 0 0.0 1.0 0
cell 58.13043522230052 44.9344098984394 0.0 1.0 1.0 1 0 0 0.0 1.0 0
cell 56.26994890806406 27.949451079744737 0.0 1.6431676725154984 0.6085806194501846 1 0 0 0.21451382605984015 0.9767209521809024 0.43238808251980954
cell 40.934901700560346 36.713297559631265 0.0 1.0 1.0 1 0 0 0.0 1.0 0
cell 21.54820230098635 17.278382999721387 0.0 1.6431676725154984 0.6085806194501846 1 0 0 -0.32360305953277724 0.9461929295133344 5.624115358237043
cell 40.07265410942142 15.390682053183768 0.0 1.0 1.0 1 0 0 0.0 1.0 0
cell 21.684716296082904 19.85048658282636 0.0 1.6431676725154984 0.6085806194501846 1 0 0 0.9565134154775524 0.29168833711937675 2.549609735687575
cell 32.825596640638544 1.8780710910228429 0.0 1.0 1.0 1 0 0 0.0 1.0 0
cell 46.87764372072815 37.69369256143212 0.0 1.6431676725154984 0.6085806194501846 1 0 0 -0.08888507608378894 -0.9960418883006774 0.1780050688466277
cell 55.10823475242358 19.66666635321993 0.0 1.0 1.0 1 0 0 0.0 1.0 0
cell 15.192658295582277 12.804886903208223 0.0 1.6431676725154984 0.6085806194501846 1 0 0 0.25408442914487356 0.9671820422578801 0.5138018955223709
cell 16.051507670663387 23.121083746821785 0.0 1.6431676725154984 0.6085806194501846 1 0 0 0.2853627205984681 0.9584195937545521 0.5787697277122851
cell 33.08102996259521 48.24661613220156 0.0 1.6431676725154984 0.6085806194501846 1 0 0 0.928036937230226 -0.3724881785189184 3.9049700595366423
cell 32.00588889803917 0.164234455197175 0.0 1.0 1.0 1 0 0 0.0 1.0 0
cell 23.22927695119377 45.74746638295615 0.0 1.0 1.0 1 0 0 0.0 1.0 0
cell 25.46162543325927 37.73166385681575 0.0 1.6431676725154984 0.6085806194501846 1 0 0 0.4961543740375773 -0.8682343215534502 5.244857522381167
cell 20.088210860659355 43.870765917705775 0.0 1.6431676725154984 0.6085806194501846 1 0 0 0.6095189327904779 -0.7927715122088816 4.97227804259258
cell 55.19516410732434 36.14954279646864 0.0 1.0 1.0 1 0 0 0.0 1.0 0
cell 52.58455112667641 0.4005732852931043 0.0 1.6431676725154984 0.6085806194501846 1 0 0 0.9397699171068284 -0.3418076987152641 3.8392722153207086
cell 42.3954092802454 10.744344738036947 0.0 1.0 1.0 1 0 0 0.0 1.0 0
cell 51.916410343914976 20.490916385746168 0.0 1.0 1.0 1 0 0 0.0 1.0 0
cell 55.457182996026496 42.22996534265971 0.0 1.0 1.0 1 0 0 0.0 1.0 0
cell 26.29705292140688 52.20249320319614 0.0 1.0 1.0 1 0 0 0.0 1.0 0
cell 24.832022259632975 29.763882863034045 0.0 1.6431676725154984 0.6085806194501846 1 0 0 0.976682344720845 -0.21468953749680608 3.5743405418635312
cell 17.65750652716849 21.6203464077353 0.0 1.6431676725154984 0.6085806194501846 1 0 0 0.6244728404522775 0.7810465232862025 1.3489128213333976
cell 46.239903253334944 57.31451538641085 0.0 1.0 1.0 1 0 0 0.0 1.0 0
cell 42.21653812417791 49.752752989924204 0.0 1.0 1.0 1 0 0 0.0 1.0 0
cell 50.31903288247736 21.009504292402898 0.0 1.6431676725154984 0.6085806194501846 1 0 0 0.7433153287854654 0.6689411947193531 1.6760257804434722
cell 49.63257447036852 44.69374492960827 0.0 1.0 1.0 1 0 0 0.0 1.0 0
cell 28.50630857676609 3.2343101894537076 0.0 1.6431676725154984 0.6085806194501846 1 0 0 0.7241783186621739 0.6896127629181662 1.619684272861917
cell 54.793245557098835 30.668706049669847 0.0 1.0 1.0 1 0 0 0.0 1.0 0
cell 34.29042902909856 43.55821710276888 0.0 1.0 1.0 1 0 0 0.0 1.0 0
cell 50.84981724743555 48.046362163007295 0.0 1.0 1.0 1 0 0 0.0 1.0 0
cell 21.851163375919054 36.18880930014659 0.0 1.6431676725154984 0.6085806194501846 1 0 0 0.9560286136603553 0.2932734046289557 2.5462946354230698
cell 60.42636146009556 35.363270303167816 0.0 1.0 1.0 1 0 0 0.0 1.0 0
cell 7.651786058268497 28.820396266317367 0.0 1.0 1.0 1 0 0 0.0 1.0 0
cell 31.277998728078096 36.43834913217704 0.0 1.0 1.0 1 0 0 0.0 1.0 0
cell 5.76269158940455 41.0318986159186 0.0 1.0 1.0 1 0 0 0.0 1.0 0
cell 35.07883114279742 22.370353641114797 0.0 1.6431676725154984 0.6085806194501846 1 0 0 0.9898451672918289 -0.1421497266582364 3.426858370742986
cell 44.42312324182181 35.66120026092355 0.0 1.0 1.0 1 0 0 0.0 1.0 0
cell 57.30734838607909 15.208326957570705 0.0 1.0 1.0 1 0 0 0.0 1.0 0
cell 45.901477982859284 60.90725902734322 0.0 1.0 1.0 1 0 0 0.0 1.0 0
cell 59.51163707472971 26.933238534723145 0.0 1.0 1.0 1 0 0 0.0 1.0 0
cell 8.038224424136498 36.60873924013009 0.0 1.0 1.0 1 0 0 0.0 1.0 0
cell 60.12517617534171 50.74112978288215 0.0 1.6431676725154984 0.6085806194501846 1 0 0 0.720754163869465 0.6931907639783066 1.6097793290939173
cell 43.788015272606756 40.25291702404065 0.0 1.0 1.0 1 0 0 0.0 1.0 0
cell 16.527368202635333 27.324751564045243 0.0 1.0 1.0 1 0 0 0.0 1.0 0
cell 29.798285070498203 22.77281626417505 0.0 1.6431676725154984 0.6085806194501846 1 0 0 0.4206214312719388 0.9072362490303976 0.8682603664432748
cell 27.473053626090312 43.996393904124346 0.0 1.0 1.0 1 0 0 0.0 1.0 0
cell 10.726014789941301 39.242780252497965 0.0 1.0 1.0 1 0 0 0.0 1.0 0
cell 26.037936934755486 15.37992893762289 0.0 1.6431676725154984 0.6085806194501846 1 0 0 -0.336465694369385 -0.9416957239536174 0.6863224795190277
cell 2.793692593568168 13.549512126417566 0.0 1.6431676725154984 0.6085806194501846 1 0 0 0.9472354905627681 -0.32053849288082714 3.7941884967389554
cell 55.68460972660801 40.263847656168835 0.0 1.0 1.0 1 0 0 0.0 1.0 0
cell 42.87803454279779 12.701761887003034 0.0 1.0 1.0 1 0 0 0.0 1.0 0
cell 36.35040043002362 6.895286032092658 0.0 1.0 1.0 1 0 0 0.0 1.0 0
cell 20.82055290970136 45.65215797781784 0.0 1.6431676725154984 0.6085806194501846 1 0 0 0.6918293235975035 -0.7220610687543131 4.755146381361941
cell 4.288492133783745 59.777213906899384 0.0 1.6431676725154984 0.6085806194501846 1 0 0 0.12355062987197842 -0.9923382698748635 6.035451032626048
cell 9.872576134274762 18.83295419321867 0.0 1.0 1.0 1 0 0 0.0 1.0 0
cell 9.87649685237621 1.6273058051983464 0.0 1.6431676725154984 0.6085806194501846 1 0 0 0.9510563987809225 -0.30901735604632774 3.769911944875387
cell 30.148138822503945 8.75162029335357 0.0 1.6431676725154984 0.6085806194501846 1 0 0 0.6137430918332387 0.7895058056955482 1.321585921127458
cell 3.607054304467763 43.579229319039285 0.0 1.0 1.0 1 0 0 0.0 1.0 0
cell 31.76835422970941 26.99621460036806 0.0 1.0 1.0 1 0 0 0.0 1.0 0
cell 22.868458357830473 43.91948616944781 0.0 1.0 1.0 1 0 0 0.0 1.0 0
cell 44.21836217915778 11.366520108862728 0.0 1.0 1.0 1 0 0 0.0 1.0 0
cell 46.75116436104917 39.269010311987685 0.0 1.0 1.0 1 0 0 0.0 1.0 0
cell 51.426433195199806 32.832796005905564 0.0 1.0 1.0 1 0 0 0.0 1.0 0
cell 18.367002835919518 13.622296320145752 0.0 1.6431676725154984 0.6085806194501846 1 0 0 0.23302688046060818 0.9724702941390022 0.4703781931112249
cell 37.79576733403559 53.13465541562334 0.0 1.0 1.0 1 0 0 0.0 1.0 0
cell 22.42881728727691 22.64477509071201 0.0 1.0 1.0 1 0 0 0.0 1.0 0
cell 44.17281818945157 5.54828806398942 0.0 1.0 1.0 1 0 0 0.0 1.0 0
cell 51.08410484695553 59.54505451156382 0.0 1.6431676725154984 0.6085806194501846 1 0 0 0.9998765239181941 0.015714226588317233 3.110162906795181
cell 5.086239192584987 21.443583520696933 0.0 1.0 1.0 1 0 0 0.0 1.0 0
cell 23.367652033741255 51.25378662503616 0.0 1.0 1.0 1 0 0 0.0 1.0 0
cell 45.56048453035229 27.26891766267842 0.0 1.0 1.0 1 0 0 0.0 1.0 0
cell 33.60625873868332 26.452190136291044 0.0 1.6431676725154984 0.6085806194501846 1 0 0 0.4624813857819936 0.8866289910696394 0.961583673287977
cell 20.17238333921106 35.748165473815405 0.0 1.6431676725154984 0.6085806194501846 1 0 0 0.9823324887635484 0.1871440127805669 2.7650846857641627
cell 29.056154473006124 7.39691877570193 0.0 1.6431676725154984 0.6085806194501846 1 0 0 0.7035665675458594 0.7106293584082616 1.560807990648096
cell 29.542155021246213 42.45655235073216 0.0 1.6431676725154984 0.6085806194501846 1 0 0 0.8508250974849154 -0.5254490017973049 4.248078158185799
cell 51.61859881638914 34.66705750070502 0.0 1.0 1.0 1 0 0 0.0 1.0 0
cell 43.84200995487451 9.372984527426556 0.0 1.0 1.0 1 0 0 0.0 1.0 0
cell 36.77003261345771 11.858998112719135 0.0 1.0 1.0 1 0 0 0.0 1.0 0
cell 12.381396800242335 42.93327626634442 0.0 1.0 1.0 1 0 0 0.0 1.0 0
cell 19.24057807213726 41.73964639390991 0.0 1.6431676725154984 0.6085806194501846 1 0 0 0.4482557023544738 -0.8939053782737284 5.353559187746182
cell 25.975480008802954 1.6502519131557056 0.0 1.6431676725154984 0.6085806194501846 1 0 0 -0.7313839815603946 -0.6819658873557125 1.6406982966838335
cell 24.854705033104175 19.78513153134585 0.0 1.0 1.0 1 0 0 0.0 1.0 0
cell 26.726252468834655 9.119500671417983 0.0 1.6431676725154984 0.6085806194501846 1 0 0 0.261029515142213 0.965330820094656 0.5281770776661334
cell 39.55122082579807 47.92249424784066 0.0 1.0 1.0 1 0 0 0.0 1.0 0
cell 54.832767614510765 44.036548021430036 0.0 1.0 1.0 1 0 0 0.0 1.0 0
cell 0.5780761314495267 30.657971388243084 0.0 1.6431676725154984 0.6085806194501846 1 0 0 0.19436852235483248 0.9809285792133895 0.3912273081774546
cell 18.672336978146447 30.409226145148587 0.0 1.6431676725154984 0.6085806194501846 1 0 0 0.8697606808274359 0.49347376636108553 2.1094342894104736
cell 28.296148466859332 48.79688818657978 0.0 1.0 1.0 1 0 0 0.0 1.0 0
cell 54.57232593729728 17.860381471511534 0.0 1.0 1.0 1 0 0 0.0 1.0 0
cell 28.202854444586453 52.07412903792206 0.0 1.0 1.0 1 0 0 0.0 1.0 0
cell 50.356855112094 13.129936220664696 0.0 1.0 1.0 1 0 0 0.0 1.0 0
cell 14.083320840868877 42.95111644721341 0.0 1.0 1.0 1 0 0 0.0 1.0 0
cell 43.8066627814079 16.823347851548625 0.0 1.0 1.0 1 0 0 0.0 1.0 0
cell 42.43857067077417 53.6149750530377 0.0 1.0 1.0 1 0 0 0.0 1.0 0
cell 36.005010846171956 0.7670224670208573 0.0 1.0 1.0 1 0 0 0.0 1.0 0
cell 14.297226028115624 55.54936510122372 0.0 1.6431676725154984 0.6085806194501846 1 0 0 0.6986106360781389 0.7155020469282378 1.546907696468587
cell 44.4354273754809 57.37325179496197 0.0 1.0 1.0 1 0 0 0.0 1.0 0
cell 59.64524729164656 46.26789557913317 0.0 1.0 1.0 1 0 0 0.0 1.0 0
cell 33.767677093017944 57.94451676337666 0.0 1.0 1.0 1 0 0 0.0 1.0 0
cell 26.90459566934376 3.1773776809374668 0.0 1.6431676725154984 0.6085806194501846 1 0 0 -0.8109046621153646 -0.5851782881819577 1.891392846324747
cell 51.768338282814724 57.403345475677966 0.0 1.6431676725154984 0.6085806194501846 1 0 0 0.4681752961232449 -0.8836356104752184 5.30873600758636
cell 26.49256265277336 59.928961308248056 0.0 1.6431676725154984 0.6085806194501846 1 0 0 0.6330324449582199 0.7741252635266584 1.370928442106342
cell 51.26935086810707 9.800358379807209 0.0 1.0 1.0 1 0 0 0.0 1.0 0
cell 60.597995779600325 53.67261250609192 0.0 1.0 1.0 1 0 0 0.0 1.0 0
cell 31.04745321477967 45.38035517760937 0.0 1.6431676725154984 0.6085806194501846 1 0 0 0.8544835001324467 -0.5194785346878183 4.234073789186118
cell 49.78627979673301 33.95900086107309 0.0 1.0 1.0 1 0 0 0.0 1.0 0
cell 28.142201908225037 37.81286706045807 0.0 1.0 1.0 1 0 0 0.0 1.0 0
cell 56.82367221220772 6.1074969175507725 0.0 1.0 1.0 1 0 0 0.0 1.0 0
cell 15.39338330130169 14.474274912151888 0.0 1.6431676725154984 0.6085806194501846 1 0 0 0.09514564398841566 -0.9954633626759096 6.092605735145618
cell 54.0989732688788 49.99323481881131 0.0 1.0 1.0 1 0 0 0.0 1.0 0
cell 9.96795811657759 15.741587293761405 0.0 1.6431676725154984 0.6085806194501846 1 0 0 0.9957115422367064 0.09251229462400984 2.9563031197591756
cell 27.28336362515979 28.47039383063078 0.0 1.6431676725154984 0.6085806194501846 1 0 0 0.11059621570853843 -0.9938654220119294 6.061539455543533
cell 58.845871482259 29.341959831278597 0.0 1.6431676725154984 0.6085806194501846 1 0 0 0.22046431002160777 0.9753950420248693 0.44458093489041306
cell 29.64367096351856 37.051430181239596 0.0 1.0 1.0 1 0 0 0.0 1.0 0
cell 11.929757635520662 44.78658362385447 0.0 1.0 1.0 1 0 0 0.0 1.0 0
cell 39.52758573410898 40.734998844259835 0.0 1.0 1.0 1 0 0 0.0 1.0 0
cell 17.91043202263856 39.601680419808226 0.0 1.6431676725154984 0.6085806194501846 1 0 0 0.9997958251263869 0.02020663405536044 3.1011766347964533
cell 47.42353534959376 51.86728551783049 0.0 1.0 1.0 1 0 0 0.0 1.0 0
cell 31.952640475817155 41.915572262964396 0.0 1.0 1.0 1 0 0 0.0 1.0 0
cell 12.331681733266546 38.87619369832146 0.0 1.0 1.0 1 0 0 0.0 1.0 0
cell 46.98130955896155 46.44959352366122 0.0 1.0 1.0 1 0 0 0.0 1.0 0
cell 47.29488355957906 22.835388696382214 0.0 1.0 1.0 1 0 0 0.0 1.0 0
cell 15.241206147608157 36.378826173382365 0.0 1.0 1.0 1 0 0 0.0 1.0 0
cell 59.72910224024064 2.4635893598403795 0.0 1.6431676725154984 0.6085806194501846 1 0 0 0.9562229019069086 -0.2926393033560781 3.7355642745865336
cell 52.17298673015032 13.589911406191208 0.0 1.0 1.0 1 0 0 0.0 1.0 0
cell 22.90517436775245 25.52513085817943 0.0 1.6431676725154984 0.6085806194501846 1 0 0 0.46336237935949093 0.8861688921386889 0.9635714768911254
cell 60.823874016707336 47.92940282765867 0.0 1.6431676725154984 0.6085806194501846 1 0 0 0.7421077094939904 0.6702806483179886 1.6724188531208926
cell 57.84625962536238 24.068421732163575 0.0 1.0 1.0 1 0 0 0.0 1.0 0
cell 53.35621114730152 27.314407735343355 0.0 1.6431676725154984 0.6085806194501846 1 0 0 0.16193503911948032 0.9868014202996327 0.3253025185854981
cell 34.53444222224815 25.732007853996052 0.0 1.6431676725154984 0.6085806194501846 1 0 0 0.6141786512790423 0.7891670192760571 1.322689530254978
cell 5.426244259998375 43.01419183165823 0.0 1.0 1.0 1 0 0 0.0 1.0 0
cell 54.97018915343367 32.5641234442903 0.0 1.0 1.0 1 0 0 0.0 1.0 0
cell 15.009159309328412 3.2026261482525937 0.0 1.6431676725154984 0.6085806194501846 1 0 0 0.9797097170913739 -0.20042173094936613 3.545169387713548
cell 32.86438778773424 11.715824924565847 0.0 1.0 1.0 1 0 0 0.0 1.0 0
cell 0.0544028295712124 40.80892041156965 0.0 1.0 1.0 1 0 0 0.0 1.0 0
cell 50.45475839893341 39.705475576564574 0.0 1.0 1.0 1 0 0 0.0 1.0 0
cell 12.8368365489596 32.59748248314737 0.0 1.0 1.0 1 0 0 0.0 1.0 0
cell 47.883866218976685 11.172409367805963 0.0 1.6431676725154984 0.6085806194501846 1 0 0 0.7030809006051285 0.7111098699949828 1.5594415883933437
cell 33.50673236135988 45.247236045619275 0.0 1.0 1.0 1 0 0 0.0 1.0 0
cell 15.473291796065007 1.3152093152147606 0.0 1.6431676725154984 0.6085806194501846 1 0 0 0.5253959918408582 0.8508578328707804 1.1063608986415499
cell 51.758690788677825 11.768412576311073 0.0 1.0 1.0 1 0 0 0.0 1.0 0
cell 33.56584696586671 34.63114886713657 0.0 1.0 1.0 1 0 0 0.0 1.0 0
cell 53.347405585005106 60.28494422389191 0.0 1.6431676725154984 0.6085806194501846 1 0 0 0.9999826622462235 -0.005888565780858208 3.153369853214984
cell 30.654549064252258 6.410933178488845 0.0 1.0 1.0 1 0 0 0.0 1.0 0
cell 34.38305950883685 59.79932143641057 0.0 1.0 1.0 1 0 0 0.0 1.0 0
cell 31.84604123584303 57.56145900010593 0.0 1.0 1.0 1 0 0 0.0 1.0 0
cell 46.850430201445874 8.511757146512036 0.0 1.6431676725154984 0.6085806194501846 1 0 0 0.615223518771798 0.7883527268615534 1.3253389229932124
cell 18.311287676794727 2.7670599848670707 0.0 1.6431676725154984 0.6085806194501846 1 0 0 0.7512340564449854 0.6600359023850236 1.6998595514349615
cell 10.601568000686555 41.0581502406005 0.0 1.6431676725154984 0.6085806194501846 1 0 0 0.9900205427667821 -0.14092311698144566 3.424380203635749
cell 45.61307108353323 58.97149822798529 0.0 1.0 1.0 1 0 0 0.0 1.0 0
cell 2.340697276235922 2.776071910434521 0.0 1.6431676725154984 0.6085806194501846 1 0 0 0.3777959162762509 -0.925888894870755 5.508356044499996
cell 48.449361415914446 17.971623195345774 0.0 1.6431676725154984 0.6085806194501846 1 0 0 0.6315791296121805 0.7753114232605633 1.3671765884624072
cell 25.867184417945168 39.74193602398898 0.0 1.0 1.0 1 0 0 0.0 1.0 0
cell 26.60126442833159 18.693501025825636 0.0 1.6431676725154984 0.6085806194501846 1 0 0 -0.0900134581142718 -0.9959405491083844 0.18027091595170397
cell 47.830319663541495 0.31110898908970386 0.0 1.0 1.0 1 0 0 0.0 1.0 0
cell 32.85096881531597 29.69209034851831 0.0 1.0 1.0 1 0 0 0.0 1.0 0
cell 59.467344881181965 25.16933355867288 0.0 1.0 1.0 1 0 0 0.0 1.0 0
cell 40.59083588623431 17.505753064662034 0.0 1.6431676725154984 0.6085806194501846 1 0 0 0.7447946627731475 -0.6672937211638016 4.602731163532261
cell 43.36267579914302 30.40274376989712 0.0 1.0 1.0 1 0 0 0.0 1.0 0
cell 4.630020413377139 15.716413721009067 0.0 1.0 1.0 1 0 0 0.0 1.0 0
cell 7.2206882629564335 18.358035562010905 0.0 1.0 1.0 1 0 0 0.0 1.0 0
cell 54.04308886227314 26.112646071550046 0.0 1.6431676725154984 0.6085806194501846 1 0 0 0.3520251776239025 0.9359905311053418 0.7194677977837044
cell 56.77518850166403 43.53674584399994 0.0 1.0 1.0 1 0 0 0.0 1.0 0
cell 42.14395443825623 20.06727595629981 0.0 1.0 1.0 1 0 0 0.0 1.0 0
cell 54.58493251287906 28.836448035172186 0.0 1.0 1.0 1 0 0 0.0 1.0 0
cell 59.671646545959284 21.709911708689617 0.0 1.0 1.0 1 0 0 0.0 1.0 0
cell 36.66179950733847 19.66585769777087 0.0 1.6431676725154984 0.6085806194501846 1 0 0 0.9076063829624559 0.4198221690261341 2.275093899266581
cell 22.109864839030124 1.0722502234987394 0.0 1.6431676725154984 0.6085806194501846 1 0 0 0.947174103212411 -0.3207198437948062 3.7945714148027596
cell 29.84908473237753 57.18084745402342 0.0 1.0 1.0 1 0 0 0.0 1.0 0
cell 49.52964365272361 52.79271962847813 0.0 1.0 1.0 1 0 0 0.0 1.0 0
cell 34.02568804834782 0.4911973492710231 0.0 1.0 1.0 1 0 0 0.0 1.0 0
cell 50.66496783945857 8.035290704261026 0.0 1.0 1.0 1 0 0 0.0 1.0 0
cell 50.21827859743601 37.759161050073274 0.0 1.0 1.0 1 0 0 0.0 1.0 0
cell 39.00025640943071 27.493534159345167 0.0 1.0 1.0 1 0 0 0.0 1.0 0
cell 20.910474110992723 9.023128420101004 0.0 1.6431676725154984 0.6085806194501846 1 0 0 0.30556401519064397 0.95217153529213 0.62106143844711
cell 34.28555419531861 37.885146405966694 0.0 1.0 1.0 1 0 0 0.0 1.0 0
cell 23.749639571171162 15.984155370998408 0.0 1.6431676725154984 0.6085806194501846 1 0 0 0.28457623645705604 0.9586534126804837 0.5771287174958804
cell 57.42545322991664 48.62448795018525 0.0 1.0 1.0 1 0 0 0.0 1.0 0
cell 34.18463127431353 51.09977026075824 0.0 1.6431676725154984 0.6085806194501846 1 0 0 0.7394271616006347 -0.6732365651739579 4.61874713137229
cell 35.90488078277339 25.17037761784156 0.0 1.0 1.0 1 0 0 0.0 1.0 0
cell 49.29604349182779 9.83764498169884 0.0 1.0 1.0 1 0 0 0.0 1.0 0
cell 7.1530863519807815 8.837303510750758 0.0 1.6431676725154984 0.6085806194501846 1 0 0 -0.23744130034559657 -0.9714018884530708 0.4794619432382117
cell 6.16405996994489 37.143069212450925 0.0 1.0 1.0 1 0 0 0.0 1.0 0
cell 36.97650422615264 8.80003057235937 0.0 1.0 1.0 1 0 0 0.0 1.0 0
cell 37.59962503313915 48.3545102379537 0.0 1.0 1.0 1 0 0 0.0 1.0 0
cell 9.995225645551157 47.65922479501125 0.0 1.0 1.0 1 0 0 0.0 1.0 0
cell 60.00788957345107 31.214150145762805 0.0 1.0 1.0 1 0 0 0.0 1.0 0
cell 48.23971866804019 45.45468374713323 0.0 1.6431676725154984 0.6085806194501846 1 0 0 0.49612970753783614 0.8682484168130807 1.038270965345638
cell 14.077118472520565 38.807219415217354 0.0 1.6431676725154984 0.6085806194501846 1 0 0 0.826814056556911 0.5624753469085603 1.9468394548476053
cell 19.225054235214845 21.04762364848421 0.0 1.0 1.0 1 0 0 0.0 1.0 0
cell 2.1689650933982216 11.638424454378772 0.0 1.0 1.0 1 0 0 0.0 1.0 0
cell 56.55809823509069 31.45619092600786 0.0 1.0 1.0 1 0 0 0.0 1.0 0
cell 36.43722150161638 46.92021701424185 0.0 1.0 1.0 1 0 0 0.0 1.0 0
cell 47.35306967835504 4.337372633768765 0.0 1.6431676725154984 0.6085806194501846 1 0 0 0.7023147198608253 0.7118665845977113 1.5572878474293563
cell 30.705506442210126 20.833590265047516 0.0 1.6431676725154984 0.6085806194501846 1 0 0 0.7495011035250377 0.6620030935084448 1.6946162812053058
cell 24.06290691673551 40.54350790244454 0.0 1.0 1.0 1 0 0 0.0 1.0 0
cell 9.039748474935585 39.85219675812389 0.0 1.0 1.0 1 0 0 0.0 1.0 0
cell 42.02745562233624 59.30393620014679 0.0 1.0 1.0 1 0 0 0.0 1.0 0
cell 41.74561279589546 47.81982962889713 0.0 1.0 1.0 1 0 0 0.0 1.0 0
cell 30.26197553254464 48.835567551572026 0.0 1.0 1.0 1 0 0 0.0 1.0 0
cell 45.881619342471325 24.112235280782954 0.0 1.0 1.0 1 0 0 0.0 1.0 0
cell 53.95816756819032 14.025788970848858 0.0 1.0 1.0 1 0 0 0.0 1.0 0
cell 44.83336017429924 38.60750356642836 0.0 1.0 1.0 1 0 0 0.0 1.0 0
cell 43.923779696859 61.006321185188696 0.0 1.0 1.0 1 0 0 0.0 1.0 0
cell 40.421597094176654 33.093745270860964 0.0 1.0 1.0 1 0 0 0.0 1.0 0
cell 53.30056699670143 33.5800163790615 0.0 1.0 1.0 1 0 0 0.0 1.0 0
cell 22.720698393546677 42.06933400706832 0.0 1.0 1.0 1 0 0 0.0 1.0 0
cell 14.994703648013505 24.15609504422977 0.0 1.0 1.0 1 0 0 0.0 1.0 0
cell 7.98429798162484 47.77802260242682 0.0 1.0 1.0 1 0 0 0.0 1.0 0
cell 47.86646853393022 2.0442503081826833 0.0 1.6431676725154984 0.6085806194501846 1 0 0 0.9798101291570847 -0.1999302648454632 3.54416614991621
cell 54.762671188156524 3.360294121472618 0.0 1.6431676725154984 0.6085806194501846 1 0 0 0.9963902813385219 -0.08489056045368705 3.31157835728235
cell 20.466390591482206 12.671540129923047 0.0 1.6431676725154984 0.6085806194501846 1 0 0 0.590421049363588 -0.8070953998558037 5.020024455087873
cell 20.023642022086992 27.998750842006167 0.0 1.0 1.0 1 0 0 0.0 1.0 0
cell 45.00732822904747 1.5354522677666842 0.0 1.0 1.0 1 0 0 0.0 1.0 0
cell 33.09437927640397 15.828526839972533 0.0 1.6431676725154984 0.6085806194501846 1 0 0 0.3737873302739379 0.9275144374761409 0.7661779784568795
cell 18.70232411889629 51.27576422918214 0.0 1.6431676725154984 0.6085806194501846 1 0 0 0.5122722887529755 0.8588230913149624 1.075657051742415
cell 27.031477627447813 53.78677316216196 0.0 1.0 1.0 1 0 0 0.0 1.0 0
cell 22.56545535972729 38.18716229950655 0.0 1.6431676725154984 0.6085806194501846 1 0 0 0.9933522797674152 0.11511406639016303 2.91085299628977
cell 57.260994455769946 50.589283435138306 0.0 1.0 1.0 1 0 0 0.0 1.0 0
cell 58.69655187368159 34.256843563673144 0.0 1.0 1.0 1 0 0 0.0 1.0 0
cell 23.061545724627212 53.07388434359881 0.0 1.6431676725154984 0.6085806194501846 1 0 0 -0.056481596924063585 0.9984036404225035 6.170161964963536
cell 58.76843540837795 16.574977866160186 0.0 1.0 1.0 1 0 0 0.0 1.0 0
cell 43.89242563823435 33.74833165665011 0.0 1.0 1.0 1 0 0 0.0 1.0 0
cell 3.1038021262823974 25.118415852437156 0.0 1.0 1.0 1 0 0 0.0 1.0 0
cell 16.587878712462814 46.73956276763173 0.0 1.6431676725154984 0.6085806194501846 1 0 0 0.5290769803251525 0.8485738323151487 1.1150249309839757
cell 18.821310797732963 53.153288688287695 0.0 1.6431676725154984 0.6085806194501846 1 0 0 0.2859638079968566 0.9582404189533736 0.58002417529234
cell 10.72338181102523 14.036011656456727 0.0 1.6431676725154984 0.6085806194501846 1 0 0 0.9362192379445464 0.3514164744324499 2.4234253578760327
cell 55.094209985687684 34.340289379884254 0.0 1.0 1.0 1 0 0 0.0 1.0 0
cell 59.54748886790665 8.851542051720397 0.0 1.0 1.0 1 0 0 0.0 1.0 0
cell 13.574275265835116 22.723908256761817 0.0 1.0 1.0 1 0 0 0.0 1.0 0
cell 43.10114147134773 46.66306391201452 0.0 1.0 1.0 1 0 0 0.0 1.0 0
cell 20.189828497837812 51.98348380944935 0.0 1.6431676725154984 0.6085806194501846 1 0 0 0.6637449257698087 0.7479590052368051 1.4516291346600196
cell 28.186376817395754 31.359182630944026 0.0 1.0 1.0 1 0 0 0.0 1.0 0
cell 18.238779951562723 18.284453615971678 0.0 1.6431676725154984 0.6085806194501846 1 0 0 0.6408797978887322 -0.7676412473663057 4.891897659940062
cell 17.225507424648402 31.63751242698047 0.0 1.6431676725154984 0.6085806194501846 1 0 0 0.7750850330176442 0.631856939181677 1.7736993205414497
cell 32.643882521431756 38.22899986731553 0.0 1.0 1.0 1 0 0 0.0 1.0 0
cell 1.0470689440166059 10.005052368365941 0.0 1.0 1.0 1 0 0 0.0 1.0 0
cell 15.613250493393336 34.53356378564078 0.0 1.0 1.0 1 0 0 0.0 1.0 0
cell 60.76066957059902 6.038216797515703 0.0 1.0 1.0 1 0 0 0.0 1.0 0
cell 40.96416489439884 34.93641254293333 0.0 1.0 1.0 1 0 0 0.0 1.0 0
cell 58.74820457288306 20.3802395591751 0.0 1.0 1.0 1 0 0 0.0 1.0 0
cell 23.822672580287374 10.090539370034529 0.0 1.6431676725154984 0.6085806194501846 1 0 0 -0.018216097259084543 0.9998340731344615 6.246751097501055
cell 5.961679879070521 32.348311713984984 0.0 1.6431676725154984 0.6085806194501846 1 0 0 0.9003043500644824 -0.43526093008099176 4.042248815142162
cell 55.70588136723848 14.561835102264375 0.0 1.0 1.0 1 0 0 0.0 1.0 0
cell 45.44452160585346 7.378793253187236 0.0 1.6431676725154984 0.6085806194501846 1 0 0 0.8682296162727927 0.49616260784827293 2.103245901946129
cell 44.49778401838132 28.99802772519314 0.0 1.0 1.0 1 0 0 0.0 1.0 0
cell 17.02490787786767 35.4818311903623 0.0 1.0 1.0 1 0 0 0.0 1.0 0
cell 52.769368430064894 17.297402792009265 0.0 1.0 1.0 1 0 0 0.0 1.0 0
cell 34.62417202529613 46.9052730024344 0.0 1.0 1.0 1 0 0 0.0 1.0 0
cell 23.358738836065257 3.4412887432269272 0.0 1.6431676725154984 0.6085806194501846 1 0 0 -0.910024676825016 0.4145540828040719 3.9964981388772047
cell 34.565015344009566 39.80832732628332 0.0 1.0 1.0 1 0 0 0.0 1.0 0
cell 18.58134763305191 35.61030989521882 0.0 1.6431676725154984 0.6085806194501846 1 0 0 0.9596953648181612 0.2810423575664999 2.5718325125167323
cell 42.17094512397162 0.08938128074283415 0.0 1.6431676725154984 0.6085806194501846 1 0 0 0.8788343655059674 -0.4771269831037894 4.136358009918585
cell 39.80026651973937 6.290629569507233 0.0 1.0 1.0 1 0 0 0.0 1.0 0
cell 5.014211441527808 28.112027975656517 0.0 1.0 1.0 1 0 0 0.0 1.0 0
cell 56.759128515965074 38.8004103441869 0.0 1.0 1.0 1 0 0 0.0 1.0 0
cell 31.367544416916058 8.272674033324924 0.0 1.0 1.0 1 0 0 0.0 1.0 0
cell 11.683992214007139 46.5527647602055 0.0 1.0 1.0 1 0 0 0.0 1.0 0
cell 59.92663770129899 55.728042169713135 0.0 1.0 1.0 1 0 0 0.0 1.0 0
cell 2.0130683202222834 33.54787989219339 0.0 1.0 1.0 1 0 0 0.0 1.0 0
cell 29.1824986145927 47.183859841347285 0.0 1.0 1.0 1 0 0 0.0 1.0 0
cell 13.802407138004503 44.50454699623014 0.0 1.0 1.0 1 0 0 0.0 1.0 0
cell 35.18814311680086 8.712656940153162 0.0 1.0 1.0 1 0 0 0.0 1.0 0
cell 31.727089405661346 23.732099244886022 0.0 1.6431676725154984 0.6085806194501846 1 0 0 0.5079722242379044 0.8613734494415277 1.0656580650998213
cell 46.727829987806466 21.033830930084637 0.0 1.0 1.0 1 0 0 0.0 1.0 0
cell 3.3405754074269898 21.66635488204787 0.0 1.6431676725154984 0.6085806194501846 1 0 0 0.930214880103504 -0.36701536321252776 3.893189525957838
cell 46.29740186960765 10.076925108918857 0.0 1.6431676725154984 0.6085806194501846 1 0 0 0.525749561577451 0.8506394056832296 1.1071920953628662
cell 59.983588941256095 18.015617675210276 0.0 1.0 1.0 1 0 0 0.0 1.0 0
cell 53.999052237025786 41.31164505308781 0.0 1.0 1.0 1 0 0 0.0 1.0 0
cell 25.29634720584038 51.22585718784681 0.0 1.6431676725154984 0.6085806194501846 1 0 0 0.4189557432727165 -0.9080066548097573 5.418595386224768
cell 27.083252619718465 34.15832115901703 0.0 1.6431676725154984 0.6085806194501846 1 0 0 0.9634776704928489 0.26778868247495674 2.5993983425948315
cell 43.695849796528805 27.12556681982029 0.0 1.0 1.0 1 0 0 0.0 1.0 0
cell 7.446014382638965 40.47019466455468 0.0 1.0 1.0 1 0 0 0.0 1.0 0
cell 58.33599836403055 18.69944111218676 0.0 1.0 1.0 1 0 0 0.0 1.0 0
cell 53.61246159782545 37.36876595093479 0.0 1.0 1.0 1 0 0 0.0 1.0 0
cell 16.643769750899125 50.70249354600858 0.0 1.6431676725154984 0.6085806194501846 1 0 0 0.5925616130240919 -0.8055251298192293 5.014714929718622
cell 5.379601034340881 17.601121129675686 0.0 1.0 1.0 1 0 0 0.0 1.0 0
cell 37.425983600717394 27.307925436037195 0.0 1.6431676725154984 0.6085806194501846 1 0 0 -0.3569848827413546 0.9341101613268862 5.553109110587692
cell 58.77114038038076 6.170455641229163 0.0 1.0 1.0 1 0 0 0.0 1.0 0
cell 57.06760534306135 54.210459318814124 0.0 1.0 1.0 1 0 0 0.0 1.0 0
cell 49.615738679637744 4.610307769314877 0.0 1.6431676725154984 0.6085806194501846 1 0 0 0.4383990568723782 0.8987804331055551 0.9076333171330564
cell 1.332817801903634 35.24248274921016 0.0 1.0 1.0 1 0 0 0.0 1.0 0
cell 53.85731213272558 39.33087522208491 0.0 1.0 1.0 1 0 0 0.0 1.0 0
cell 43.090195071643194 55.454524188605404 0.0 1.0 1.0 1 0 0 0.0 1.0 0
cell 41.3140700961773 56.18345967946299 0.0 1.0 1.0 1 0 0 0.0 1.0 0
cell 21.430504510771133 43.317876222786595 0.0 1.6431676725154984 0.6085806194501846 1 0 0 0.7536502029256662 -0.6572757196413862 4.575989165887231
cell 15.829805961669605 32.62431239393796 0.0 1.0 1.0 1 0 0 0.0 1.0 0
cell 0.4758111028497287 18.391319092493426 0.0 1.0 1.0 1 0 0 0.0 1.0 0
cell 46.073138971461276 19.156067985400814 0.0 1.0 1.0 1 0 0 0.0 1.0 0
cell 6.696634937330361 35.31584846295837 0.0 1.0 1.0 1 0 0 0.0 1.0 0
cell 59.3497268276734 23.27538953578714 0.0 1.0 1.0 1 0 0 0.0 1.0 0
cell 13.651408744085563 35.54752240982203 0.0 1.0 1.0 1 0 0 0.0 1.0 0
cell 44.1235130657084 18.745565807236364 0.0 1.0 1.0 1 0 0 0.0 1.0 0
cell 49.048945146083234 59.56481120218173 0.0 1.6431676725154984 0.6085806194501846 1 0 0 0.6958983460744375 -0.7181403010073049 4.743845151587946
cell 47.9667987608243 24.62740047438577 0.0 1.0 1.0 1 0 0 0.0 1.0 0
cell 59.709654182263115 4.336668223908472 0.0 1.0 1.0 1 0 0 0.0 1.0 0
cell 20.07427192165165 37.84802296503218 0.0 1.6431676725154984 0.6085806194501846 1 0 0 0.9972522979235457 0.07408005322762415 2.99329669786944
cell 18.687739910705584 60.17423173672421 0.0 1.6431676725154984 0.6085806194501846 1 0 0 0.7735083964154605 0.6337860527613264 1.768716443705975
cell 51.915766385924776 24.085029964942738 0.0 1.6431676725154984 0.6085806194501846 1 0 0 0.6450781032277053 0.764116640792586 1.4022509851367808
cell 42.668306721133554 57.441496641923756 0.0 1.0 1.0 1 0 0 0.0 1.0 0
cell 34.67940351884671 15.131353098727939 0.0 1.0 1.0 1 0 0 0.0 1.0 0
cell 25.1557529223821 24.740116452277025 0.0 1.6431676725154984 0.6085806194501846 1 0 0 0.8009052135643211 -0.598791147968546 4.42557445050072
cell 33.04034842977107 5.730805578082533 0.0 1.0 1.0 1 0 0 0.0 1.0 0
cell 48.86373650979724 12.920432059852116 0.0 1.6431676725154984 0.6085806194501846 1 0 0 0.674967945097493 0.7378470526409031 1.48184251501783
cell 24.52076690732302 47.971567032304705 0.0 1.0 1.0 1 0 0 0.0 1.0 0
cell 53.199714571917134 19.17142186294315 0.0 1.0 1.0 1 0 0 0.0 1.0 0
cell 3.3544254434525276 52.808871455159704 0.0 1.0 1.0 1 0 0 0.0 1.0 0
cell 38.75518199309519 1.7646375370298242 0.0 1.0 1.0 1 0 0 0.0 1.0 0
cell 60.77416507562982 29.311820941879276 0.0 1.6431676725154984 0.6085806194501846 1 0 0 0.20096553431151196 0.9795983125847495 0.4046869288250382
cell 30.22152667806347 52.15170440795873 0.0 1.0 1.0 1 0 0 0.0 1.0 0
cell 50.71018837471055 14.952786122177052 0.0 1.0 1.0 1 0 0 0.0 1.0 0
cell 8.175014382998924 34.79387617666953 0.0 1.6431676725154984 0.6085806194501846 1 0 0 0.954070776587987 -0.29958129658040306 3.7501001812783414
cell 31.34180730711154 30.40126216883367 0.0 1.6431676725154984 0.6085806194501846 1 0 0 0.9115077537149406 -0.41128288916212286 3.9893147583993063
cell 9.262941122897653 28.054652884590457 0.0 1.0 1.0 1 0 0 0.0 1.0 0
cell 37.890871988816436 5.627766120727449 0.0 1.0 1.0 1 0 0 0.0 1.0 0
cell 26.982192940686996 23.877226920439014 0.0 1.6431676725154984 0.6085806194501846 1 0 0 0.13205467963439377 0.99124243330613 0.26488305533591855
cell 56.991209572161225 52.44869112447364 0.0 1.0 1.0 1 0 0 0.0 1.0 0
cell 35.97637046935709 31.250133680206144 0.0 1.0 1.0 1 0 0 0.0 1.0 0
cell 5.053671436598479 44.97084113189882 0.0 1.0 1.0 1 0 0 0.0 1.0 0
cell 17.764244206837287 42.06673279503046 0.0 1.6431676725154984 0.6085806194501846 1 0 0 0.4507653507091534 -0.8926424808399239 5.347940202078144
cell 19.23796904128789 33.95482679501587 0.0 1.0 1.0 1 0 0 0.0 1.0 0
cell 55.149946973417414 5.134112059101098 0.0 1.0 1.0 1 0 0 0.0 1.0 0
cell 12.329664944557745 6.556390129482262 0.0 1.6431676725154984 0.6085806194501846 1 0 0 0.41232531231999375 0.9110366824778351 0.8500099459693723
cell 42.21806419267335 39.169318204466556 0.0 1.0 1.0 1 0 0 0.0 1.0 0
cell 8.200671172718701 59.35714373831268 0.0 1.6431676725154984 0.6085806194501846 1 0 0 0.90142481749424 -0.43293567467405153 4.037086542903132
cell 12.743856022061077 28.652297561777736 0.0 1.0 1.0 1 0 0 0.0 1.0 0
cell 39.60187998378539 35.314614145817394 0.0 1.6431676725154984 0.6085806194501846 1 0 0 0.6630183645787376 0.7486031313261627 1.4496871875367099
cell 6.9643643249083045 0.1999634566986889 0.0 1.6431676725154984 0.6085806194501846 1 0 0 0.43186127734888785 -0.9019400407602419 5.390074512320214
cell 37.52050517007276 30.235599300606577 0.0 1.6431676725154984 0.6085806194501846 1 0 0 0.7316355009732491 0.6816960420272533 1.6414360731211828
cell 38.60246868431678 36.40031882853608 0.0 1.0 1.0 1 0 0 0.0 1.0 0
cell 38.791918266680774 51.63881944682706 0.0 1.0 1.0 1 0 0 0.0 1.0 0
cell 14.84206006167048 50.36666588700462 0.0 1.6431676725154984 0.6085806194501846 1 0 0 0.501103362197041 0.8653874394713741 1.0497465955842022
cell 55.32029707576044 53.48466908439864 0.0 1.0 1.0 1 0 0 0.0 1.0 0
cell 39.74579066591828 37.95996692951167 0.0 1.0 1.0 1 0 0 0.0 1.0 0
cell 21.111559704783147 48.63133016332829 0.0 1.6431676725154984 0.6085806194501846 1 0 0 0.6736225824028566 -0.7390755147323627 4.804986483042344
cell 32.95276267597394 23.91790798378891 0.0 1.6431676725154984 0.6085806194501846 1 0 0 0.5214267903816943 0.853296022651134 1.0970443823683989
cell 6.818491244990817 15.189437735745495 0.0 1.6431676725154984 0.6085806194501846 1 0 0 0.9990437859609832 -0.04372086152793875 3.229062258311359
cell 43.5967676872729 7.405918151194784 0.0 1.0 1.0 1 0 0 0.0 1.0 0
cell 41.65648904798607 6.925678580255484 0.0 1.0 1.0 1 0 0 0.0 1.0 0
cell 31.244752861273923 28.584412400718737 0.0 1.0 1.0 1 0 0 0.0 1.0 0
cell 46.904277313314346 41.002366290415495 0.0 1.0 1.0 1 0 0 0.0 1.0 0
cell 40.20166095927774 10.141074126533299 0.0 1.0 1.0 1 0 0 0.0 1.0 0
cell 11.713658453642143 23.56017740473727 0.0 1.0 1.0 1 0 0 0.0 1.0 0
cell 17.327565746528677 40.75009277786923 0.0 1.0 1.0 1 0 0 0.0 1.0 0
cell 18.868551984573422 15.111297489094376 0.0 1.6431676725154984 0.6085806194501846 1 0 0 0.07638940567611352 0.9970780604849603 0.15292778897019388
cell 49.247804458996534 57.29529886283485 0.0 1.6431676725154984 0.6085806194501846 1 0 0 0.9444431511582312 -0.328674815327111 3.8113928402137485
cell 33.306923545040114 56.16435458525674 0.0 1.0 1.0 1 0 0 0.0 1.0 0
cell 9.322116365233178 38.020272689509376 0.0 1.0 1.0 1 0 0 0.0 1.0 0
cell 18.800670466272297 32.33710345882837 0.0 1.0 1.0 1 0 0 0.0 1.0 0
cell 9.466548573176416 58.12333859134507 0.0 1.0 1.0 1 0 0 0.0 1.0 0
cell 23.919452935784534 33.7629076410256 0.0 1.6431676725154984 0.6085806194501846 1 0 0 0.8311418119124112 0.5560605079404165 1.9623158787503194
cell 34.81158640034876 12.221279684943893 0.0 1.0 1.0 1 0 0 0.0 1.0 0
cell 0.731816570168304 36.771682279769905 0.0 1.0 1.0 1 0 0 0.0 1.0 0
cell 26.802526902994742 10.302154341389425 0.0 1.6431676725154984 0.6085806194501846 1 0 0 -0.19948294942664235 -0.9799012975234024 0.4016604733068796
cell 45.07308528303608 46.93774539172296 0.0 1.0 1.0 1 0 0 0.0 1.0 0
cell 24.254062712373152 12.724276656435839 0.0 1.6431676725154984 0.6085806194501846 1 0 0 0.9996007800512933 0.02825385851252774 3.085077415694434
cell 52.49432304650386 15.41792959623676 0.0 1.0 1.0 1 0 0 0.0 1.0 0
cell 58.14257493272367 30.52082483641274 0.0 1.0 1.0 1 0 0 0.0 1.0 0
cell 20.156781714612638 39.9343789470244 0.0 1.6431676725154984 0.6085806194501846 1 0 0 0.20921492484246632 -0.9778696821270005 5.861641210388412
cell 7.954791482543296 51.909602131655284 0.0 1.6431676725154984 0.6085806194501846 1 0 0 0.639752004509572 0.7685814027973774 1.388351111506424
cell 9.33296332490242 54.64843618508216 0.0 1.6431676725154984 0.6085806194501846 1 0 0 0.3214206426834307 0.9469365187049079 0.6544587145980274
cell 15.217354889800085 57.601331186632414 0.0 1.6431676725154984 0.6085806194501846 1 0 0 0.9543894286758001 0.29856459674897795 2.535216057911123
cell 46.32225011227557 28.935633837060156 0.0 1.0 1.0 1 0 0 0.0 1.0 0
cell 11.808061863652894 56.72622399401562 0.0 1.6431676725154984 0.6085806194501846 1 0 0 0.44409646569363803 0.895978978078403 0.9203311520579834
cell 48.65268177114249 38.96402853420347 0.0 1.0 1.0 1 0 0 0.0 1.0 0
cell 46.33920103017683 32.48213854921292 0.0 1.0 1.0 1 0 0 0.0 1.0 0
cell 24.711250842126336 49.83753806718547 0.0 1.0 1.0 1 0 0 0.0 1.0 0
cell 30.87910232551948 53.8222341641627 0.0 1.0 1.0 1 0 0 0.0 1.0 0
cell 3.949266290981078 50.89018449404411 0.0 1.0 1.0 1 0 0 0.0 1.0 0
