1000
 Lattice="59.74940712514713 0.0 0.0 0.0 59.74940712514713 0.0 0.0 0.0 1.0"Properties=species:S:1:pos:R:3:aspherical_shape:R:3:orientation:R:4:Color:R:1
cell 58.90269539215018 41.093802153573236 0.0 1.0 1.0 1 0 0 0.0 1.0 0
cell 27.30466946021634 49.35504823941429 0.0 1.0 1.0 1 0 0 0.0 1.0 0
cell 43.56741336693499 46.844092199345376 0.0 1.0 1.0 1 0 0 0.0 1.0 0
cell 0.5565905325519404 51.54977062583121 0.0 1.0 1.0 1 0 0 0.0 1.0 0
cell 50.082262121949526 46.80270342132898 0.0 1.0 1.0 1 0 0 0.0 1.0 0
cell 6.385960568412589 40.59112777396721 0.0 1.0 1.0 1 0 0 0.0 1.0 0
cell 39.683544909559274 14.151555030579424 0.0 1.0 1.0 1 0 0 0.0 1.0 0
cell 52.02625088435756 53.51114001642156 0.0 1.0 1.0 1 0 0 0.0 1.0 0
cell 38.00382779389393 55.298909284289465 0.0 1.0 1.0 1 0 0 0.0 1.0 0
cell 0.8994957248000861 21.170835382701224 0.0 1.0 1.0 1 0 0 0.0 1.0 0
cell 2.1665576645353344 8.725035811700089 0.0 1.0 1.0 1 0 0 0.0 1.0 0
cell 54.170813507591866 51.160444900652855 0.0 1.0 1.0 1 0 0 0.0 1.0 0
cell 56.80693608016509 18.40882341363408 0.0 1.0 1.0 1 0 0 0.0 1.0 0
cell 28.1374222891226 18.70161570436512 0.0 1.0 1.0 1 0 0 0.0 1.0 0
cell 11.19922980115991 40.242617139525045 0.0 1.0 1.0 1 0 0 0.0 1.0 0
cell 44.924264387822234 11.876685519229863 0.0 1.0 1.0 1 0 0 0.0 1.0 0
cell 27.230583007791733 14.226811095880343 0.0 1.0 1.0 1 0 0 0.0 1.0 0
cell 18.791407494398307 13.717455790476711 0.0 1.0 1.0 1 0 0 0.0 1.0 0
cell 18.28318029947396 20.360080618001664 0.0 1.0 1.0 1 0 0 0.0 1.0 0
cell 38.718266603981924 13.035370425958273 0.0 1.0 1.0 1 0 0 0.0 1.0 0
cell 20.480998663356793 2.614364195687121 0.0 1.0 1.0 1 0 0 0.0 1.0 0
cell 28.18169492396212 14.523319728023544 0.0 1.0 1.0 1 0 0 0.0 1.0 0
cell 42.708581704101285 35.012880774372384 0.0 1.0 1.0 1 0 0 0.0 1.0 0
cell 13.27962540377924 36.082066220364865 0.0 1.0 1.0 1 0 0 0.0 1.0 0
cell 19.634741752527717 40.90968074692716 0.0 1.0 1.0 1 0 0 0.0 1.0 0
cell 35.559526894654276 1.6196432165688779 0.0 1.0 1.0 1 0 0 0.0 1.0 0
cell 26.640608600116856 31.850353884129298 0.0 1.0 1.0 1 0 0 0.0 1.0 0
cell 2.7299920673649956 28.085055825643103 0.0 1.0 1.0 1 0 0 0.0 1.0 0
cell 44.13080604359165 38.411287268282535 0.0 1.0 1.0 1 0 0 0.0 1.0 0
cell 5.979352864536621 7.943581953709328 0.0 1.0 1.0 1 0 0 0.0 1.0 0
cell 48.26318665610901 45.04132633437048 0.0 1.0 1.0 1 0 0 0.0 1.0 0
cell 35.810178588422836 47.56228902831209 0.0 1.0 1.0 1 0 0 0.0 1.0 0
cell 59.151517295059286 1.90654668798246 0.0 1.0 1.0 1 0 0 0.0 1.0 0
cell 56.681592014281954 58.16497559034075 0.0 1.0 1.0 1 0 0 0.0 1.0 0
cell 6.948116205415305 24.229210491660506 0.0 1.0 1.0 1 0 0 0.0 1.0 0
cell 54.6418772228781 45.994859369911175 0.0 1.0 1.0 1 0 0 0.0 1.0 0
cell 46.099665952788875 30.49705561152439 0.0 1.0 1.0 1 0 0 0.0 1.0 0
cell 41.622205148892604 58.705966498808316 0.0 1.0 1.0 1 0 0 0.0 1.0 0
cell 1.9693737474077508 47.18250844273551 0.0 1.0 1.0 1 0 0 0.0 1.0 0
cell 55.0229526460311 14.446020130749998 0.0 1.0 1.0 1 0 0 0.0 1.0 0
cell 56.18731177192236 49.1467245828002 0.0 1.0 1.0 1 0 0 0.0 1.0 0
cell 42.257854324170744 29.227676751376077 0.0 1.0 1.0 1 0 0 0.0 1.0 0
cell 2.674308578889769 36.90446268499839 0.0 1.0 1.0 1 0 0 0.0 1.0 0
cell 30.497717276820495 21.998075896868603 0.0 1.0 1.0 1 0 0 0.0 1.0 0
cell 2.5419165687427316 7.351687269249273 0.0 1.0 1.0 1 0 0 0.0 1.0 0
cell 17.733201205150976 32.84628891605543 0.0 1.0 1.0 1 0 0 0.0 1.0 0
cell 31.22109718580862 36.053807783929656 0.0 1.0 1.0 1 0 0 0.0 1.0 0
cell 26.592068194635882 48.085347173618864 0.0 1.0 1.0 1 0 0 0.0 1.0 0
cell 58.995053355792976 26.062317597849308 0.0 1.0 1.0 1 0 0 0.0 1.0 0
cell 20.71199308798802 38.140359991866625 0.0 1.0 1.0 1 0 0 0.0 1.0 0
cell 33.152154190715706 23.68459547836702 0.0 1.0 1.0 1 0 0 0.0 1.0 0
cell 20.31323746471142 14.019242195262706 0.0 1.0 1.0 1 0 0 0.0 1.0 0
cell 30.46874034443422 10.321341534220162 0.0 1.0 1.0 1 0 0 0.0 1.0 0
cell 32.748467086123455 56.26230936845531 0.0 1.0 1.0 1 0 0 0.0 1.0 0
cell 0.07637451623868145 43.59629198064759 0.0 1.0 1.0 1 0 0 0.0 1.0 0
cell 28.393862002704832 14.868106774633512 0.0 1.0 1.0 1 0 0 0.0 1.0 0
cell 44.63857538737024 35.67496414400116 0.0 1.0 1.0 1 0 0 0.0 1.0 0
cell 12.622587382154324 39.14916774600165 0.0 1.0 1.0 1 0 0 0.0 1.0 0
cell 20.233646540035334 59.68701214481923 0.0 1.0 1.0 1 0 0 0.0 1.0 0
cell 12.454928060827275 29.826786936364194 0.0 1.0 1.0 1 0 0 0.0 1.0 0
cell 9.228839094174237 16.95527152396469 0.0 1.0 1.0 1 0 0 0.0 1.0 0
cell 32.00730929602384 53.092709657241876 0.0 1.0 1.0 1 0 0 0.0 1.0 0
cell 6.220777519496163 14.67193630872577 0.0 1.0 1.0 1 0 0 0.0 1.0 0
cell 23.291719675616616 40.81758772693548 0.0 1.0 1.0 1 0 0 0.0 1.0 0
cell 24.896545593640813 57.249355706454324 0.0 1.0 1.0 1 0 0 0.0 1.0 0
cell 22.606990618163195 17.084649535956586 0.0 1.0 1.0 1 0 0 0.0 1.0 0
cell 13.625939948245748 47.682379879873444 0.0 1.0 1.0 1 0 0 0.0 1.0 0
cell 46.245651281468724 26.56056826802301 0.0 1.0 1.0 1 0 0 0.0 1.0 0
cell 25.897521659410376 23.07264584593031 0.0 1.0 1.0 1 0 0 0.0 1.0 0
cell 5.138764341570248 12.404221064225572 0.0 1.0 1.0 1 0 0 0.0 1.0 0
cell 9.54647954038785 48.37684110998973 0.0 1.0 1.0 1 0 0 0.0 1.0 0
cell 57.72860901720854 52.77291995848126 0.0 1.0 1.0 1 0 0 0.0 1.0 0
cell 2.424911836839359 2.427516658530894 0.0 1.0 1.0 1 0 0 0.0 1.0 0
cell 22.384915150313525 52.896511347147715 0.0 1.0 1.0 1 0 0 0.0 1.0 0
cell 44.952707206552475 17.138612419544735 0.0 1.0 1.0 1 0 0 0.0 1.0 0
cell 45.7961935638202 40.8565257741931 0.0 1.0 1.0 1 0 0 0.0 1.0 0
cell 11.579209804736943 17.687248971559715 0.0 1.0 1.0 1 0 0 0.0 1.0 0
cell 56.82233351315743 55.665680396083744 0.0 1.0 1.0 1 0 0 0.0 1.0 0
cell 12.54855942290572 4.923934603777637 0.0 1.0 1.0 1 0 0 0.0 1.0 0
cell 41.32458016158625 13.536794111247914 0.0 1.0 1.0 1 0 0 0.0 1.0 0
cell 10.431083505211205 46.38397587131289 0.0 1.0 1.0 1 0 0 0.0 1.0 0
cell 38.257835424156184 32.13586694348195 0.0 1.0 1.0 1 0 0 0.0 1.0 0
cell 22.172670078462836 6.33354139025053 0.0 1.0 1.0 1 0 0 0.0 1.0 0
cell 2.0904891818791786 31.47045410675606 0.0 1.0 1.0 1 0 0 0.0 1.0 0
cell 45.237680996047025 46.92049025271099 0.0 1.0 1.0 1 0 0 0.0 1.0 0
cell 10.49403058985568 15.631387944869582 0.0 1.0 1.0 1 0 0 0.0 1.0 0
cell 0.9379135616802907 49.72371093931438 0.0 1.0 1.0 1 0 0 0.0 1.0 0
cell 7.407527997531477 54.983502849979324 0.0 1.0 1.0 1 0 0 0.0 1.0 0
cell 29.178771263189066 10.436996160497777 0.0 1.0 1.0 1 0 0 0.0 1.0 0
cell 23.636925281203762 13.01565173201848 0.0 1.0 1.0 1 0 0 0.0 1.0 0
cell 12.894308573726365 12.33189026015484 0.0 1.0 1.0 1 0 0 0.0 1.0 0
cell 0.4575252919751131 44.06906029563869 0.0 1.0 1.0 1 0 0 0.0 1.0 0
cell 39.72357543596273 41.34112951740833 0.0 1.0 1.0 1 0 0 0.0 1.0 0
cell 3.938813486197432 45.26519946426159 0.0 1.0 1.0 1 0 0 0.0 1.0 0
cell 58.74286634564847 32.90491941094367 0.0 1.0 1.0 1 0 0 0.0 1.0 0
cell 54.313475044652904 14.967165015460726 0.0 1.0 1.0 1 0 0 0.0 1.0 0
cell 21.256774479870558 22.12404047931362 0.0 1.0 1.0 1 0 0 0.0 1.0 0
cell 8.684428417416663 33.12962030527505 0.0 1.0 1.0 1 0 0 0.0 1.0 0
cell 30.8641842867901 15.170938820865501 0.0 1.0 1.0 1 0 0 0.0 1.0 0
cell 58.42990041810419 45.40752393465593 0.0 1.0 1.0 1 0 0 0.0 1.0 0
cell 25.937630122363306 53.26782454482092 0.0 1.0 1.0 1 0 0 0.0 1.0 0
cell 6.128154283024863 20.695758076520733 0.0 1.0 1.0 1 0 0 0.0 1.0 0
cell 40.39362737812587 36.492637806473944 0.0 1.0 1.0 1 0 0 0.0 1.0 0
cell 39.2343317125734 12.00218699810628 0.0 1.0 1.0 1 0 0 0.0 1.0 0
cell 23.51757878982181 25.861668354169776 0.0 1.0 1.0 1 0 0 0.0 1.0 0
cell 2.3513029041685773 12.939233850702127 0.0 1.0 1.0 1 0 0 0.0 1.0 0
cell 19.919727815865876 20.667935812941778 0.0 1.0 1.0 1 0 0 0.0 1.0 0
cell 59.287999438358376 19.308474509073573 0.0 1.0 1.0 1 0 0 0.0 1.0 0
cell 44.109211648446326 13.885901919075494 0.0 1.0 1.0 1 0 0 0.0 1.0 0
cell 50.83519326965256 42.593119216689495 0.0 1.0 1.0 1 0 0 0.0 1.0 0
cell 32.17689921345002 33.76526812453946 0.0 1.0 1.0 1 0 0 0.0 1.0 0
cell 38.67180777721832 35.56432438852186 0.0 1.0 1.0 1 0 0 0.0 1.0 0
cell 14.151358924274529 0.6047871782866003 0.0 1.0 1.0 1 0 0 0.0 1.0 0
cell 49.916822117078674 55.28550267055163 0.0 1.0 1.0 1 0 0 0.0 1.0 0
cell 59.27417106416593 7.843014733993332 0.0 1.0 1.0 1 0 0 0.0 1.0 0
cell 21.182179683906213 5.5828581667963215 0.0 1.0 1.0 1 0 0 0.0 1.0 0
cell 48.55777005588218 39.2345196342426 0.0 1.0 1.0 1 0 0 0.0 1.0 0
cell 12.129079310056813 59.59409672580183 0.0 1.0 1.0 1 0 0 0.0 1.0 0
cell 11.89231557837112 55.229164446051925 0.0 1.0 1.0 1 0 0 0.0 1.0 0
cell 7.713203241980934 37.19326352991776 0.0 1.0 1.0 1 0 0 0.0 1.0 0
cell 16.643867653082935 29.2970146920869 0.0 1.0 1.0 1 0 0 0.0 1.0 0
cell 30.418267981198053 10.668172618400474 0.0 1.0 1.0 1 0 0 0.0 1.0 0
cell 9.403899081710506 25.205385654045646 0.0 1.0 1.0 1 0 0 0.0 1.0 0
cell 56.79894394502566 53.117046661737824 0.0 1.0 1.0 1 0 0 0.0 1.0 0
cell 45.58082155471245 43.73570190986399 0.0 1.0 1.0 1 0 0 0.0 1.0 0
cell 33.86678228871971 56.90027920087588 0.0 1.0 1.0 1 0 0 0.0 1.0 0
cell 14.957219337165574 5.71022114756257 0.0 1.0 1.0 1 0 0 0.0 1.0 0
cell 47.0206071670957 18.24537650616545 0.0 1.0 1.0 1 0 0 0.0 1.0 0
cell 54.135908943549566 4.663435645608302 0.0 1.0 1.0 1 0 0 0.0 1.0 0
cell 26.162334125486705 47.05780056181904 0.0 1.0 1.0 1 0 0 0.0 1.0 0
cell 48.353760148282056 12.666202339992653 0.0 1.0 1.0 1 0 0 0.0 1.0 0
cell 10.874837459515366 26.93089376127435 0.0 1.0 1.0 1 0 0 0.0 1.0 0
cell 18.233959741869963 57.33777973048539 0.0 1.0 1.0 1 0 0 0.0 1.0 0
cell 24.29576342647327 53.02634886022247 0.0 1.0 1.0 1 0 0 0.0 1.0 0
cell 22.675468290460177 27.98229257422747 0.0 1.0 1.0 1 0 0 0.0 1.0 0
cell 2.0223704711746824 26.613509984473982 0.0 1.0 1.0 1 0 0 0.0 1.0 0
cell 27.239251797848986 44.29102350233391 0.0 1.0 1.0 1 0 0 0.0 1.0 0
cell 28.388625061026342 18.87112480302089 0.0 1.0 1.0 1 0 0 0.0 1.0 0
cell 18.39032261761748 11.42545297332793 0.0 1.0 1.0 1 0 0 0.0 1.0 0
cell 35.01976311309215 42.83366715699171 0.0 1.0 1.0 1 0 0 0.0 1.0 0
cell 2.6081058298229856 22.945448281814368 0.0 1.0 1.0 1 0 0 0.0 1.0 0
cell 26.58545123190373 3.96609612560999 0.0 1.0 1.0 1 0 0 0.0 1.0 0
cell 58.259802846539074 55.44058026475871 0.0 1.0 1.0 1 0 0 0.0 1.0 0
cell 30.6803847820732 21.942390200831188 0.0 1.0 1.0 1 0 0 0.0 1.0 0
cell 4.444667177046769 32.108854277459585 0.0 1.0 1.0 1 0 0 0.0 1.0 0
cell 49.012427971295715 35.892325212269014 0.0 1.0 1.0 1 0 0 0.0 1.0 0
cell 21.32242937033556 57.66451143458438 0.0 1.0 1.0 1 0 0 0.0 1.0 0
cell 12.307096163598166 35.85909610930661 0.0 1.0 1.0 1 0 0 0.0 1.0 0
cell 30.039377701499866 26.254832852037122 0.0 1.0 1.0 1 0 0 0.0 1.0 0
cell 20.608764105604717 2.0254516783453678 0.0 1.0 1.0 1 0 0 0.0 1.0 0
cell 32.53094167182426 1.4600704847700936 0.0 1.0 1.0 1 0 0 0.0 1.0 0
cell 23.87377417016033 22.146277478704043 0.0 1.0 1.0 1 0 0 0.0 1.0 0
cell 16.06323856844314 51.35961713258243 0.0 1.0 1.0 1 0 0 0.0 1.0 0
cell 51.682991327122366 54.54535844634643 0.0 1.0 1.0 1 0 0 0.0 1.0 0
cell 47.1870601681311 40.55890998773996 0.0 1.0 1.0 1 0 0 0.0 1.0 0
cell 14.063116196904243 32.09494945805251 0.0 1.0 1.0 1 0 0 0.0 1.0 0
cell 23.94270562862579 52.97701392506185 0.0 1.0 1.0 1 0 0 0.0 1.0 0
cell 48.171843283878594 49.965808428808586 0.0 1.0 1.0 1 0 0 0.0 1.0 0
cell 56.89132511978016 43.058772434970685 0.0 1.0 1.0 1 0 0 0.0 1.0 0
cell 35.518436572320944 18.743065464186653 0.0 1.0 1.0 1 0 0 0.0 1.0 0
cell 11.89918161951067 32.636592694072874 0.0 1.0 1.0 1 0 0 0.0 1.0 0
cell 0.7617247048737306 58.46302129585983 0.0 1.0 1.0 1 0 0 0.0 1.0 0
cell 51.59365897723642 43.16884173184391 0.0 1.0 1.0 1 0 0 0.0 1.0 0
cell 8.597402494102038 52.78328998590116 0.0 1.0 1.0 1 0 0 0.0 1.0 0
cell 36.12959435905439 36.819387000152986 0.0 1.0 1.0 1 0 0 0.0 1.0 0
cell 45.212715962687 3.0176361040396222 0.0 1.0 1.0 1 0 0 0.0 1.0 0
cell 34.76143308100023 31.867636515436622 0.0 1.0 1.0 1 0 0 0.0 1.0 0
cell 3.717540924645082 45.65930323815533 0.0 1.0 1.0 1 0 0 0.0 1.0 0
cell 38.70354492239758 47.443784889346624 0.0 1.0 1.0 1 0 0 0.0 1.0 0
cell 28.160891924548842 32.444403680346 0.0 1.0 1.0 1 0 0 0.0 1.0 0
cell 16.895515600544808 5.225363443535948 0.0 1.0 1.0 1 0 0 0.0 1.0 0
cell 40.75345437132854 47.70253245377454 0.0 1.0 1.0 1 0 0 0.0 1.0 0
cell 51.80206582193032 39.006651023311825 0.0 1.0 1.0 1 0 0 0.0 1.0 0
cell 3.2756333357225014 25.507376734587368 0.0 1.0 1.0 1 0 0 0.0 1.0 0
cell 2.5405743255160407 5.828382003538709 0.0 1.0 1.0 1 0 0 0.0 1.0 0
cell 34.69599868473533 40.89343276047396 0.0 1.0 1.0 1 0 0 0.0 1.0 0
cell 51.03826144292346 58.186672545923294 0.0 1.0 1.0 1 0 0 0.0 1.0 0
cell 54.38726431527203 47.18020345679964 0.0 1.0 1.0 1 0 0 0.0 1.0 0
cell 38.85053410648625 43.81305480262995 0.0 1.0 1.0 1 0 0 0.0 1.0 0
cell 10.700142388123382 49.92941432393044 0.0 1.0 1.0 1 0 0 0.0 1.0 0
cell 28.68628059508956 3.899366607121688 0.0 1.0 1.0 1 0 0 0.0 1.0 0
cell 9.943831323902666 58.86231485309669 0.0 1.0 1.0 1 0 0 0.0 1.0 0
cell 34.55482553066688 42.55496359849009 0.0 1.0 1.0 1 0 0 0.0 1.0 0
cell 21.687358655615693 13.84597394821796 0.0 1.0 1.0 1 0 0 0.0 1.0 0
cell 27.802100445275965 4.390534773203894 0.0 1.0 1.0 1 0 0 0.0 1.0 0
cell 27.938079664535316 28.15420091323124 0.0 1.0 1.0 1 0 0 0.0 1.0 0
cell 24.69849486088752 6.302135483200174 0.0 1.0 1.0 1 0 0 0.0 1.0 0
cell 54.08534661237195 32.00124474639511 0.0 1.0 1.0 1 0 0 0.0 1.0 0
cell 53.44895502892392 12.513775477597791 0.0 1.0 1.0 1 0 0 0.0 1.0 0
cell 52.05299963666288 11.371884055362415 0.0 1.0 1.0 1 0 0 0.0 1.0 0
cell 7.53329075736139 23.536303221283838 0.0 1.0 1.0 1 0 0 0.0 1.0 0
cell 33.84819742000086 49.28441767946154 0.0 1.0 1.0 1 0 0 0.0 1.0 0
cell 3.790729056688214 21.465532386086064 0.0 1.0 1.0 1 0 0 0.0 1.0 0
cell 49.9519260805141 50.09245481632079 0.0 1.0 1.0 1 0 0 0.0 1.0 0
cell 41.238378107030755 20.28979966500451 0.0 1.0 1.0 1 0 0 0.0 1.0 0
cell 22.622824857677927 24.24537978209284 0.0 1.0 1.0 1 0 0 0.0 1.0 0
cell 57.87775898357484 13.057561579293353 0.0 1.0 1.0 1 0 0 0.0 1.0 0
cell 42.37593649291059 1.7611152692105354 0.0 1.0 1.0 1 0 0 0.0 1.0 0
cell 40.519007596250376 14.219405929246681 0.0 1.0 1.0 1 0 0 0.0 1.0 0
cell 38.25292634906147 15.330282837250808 0.0 1.0 1.0 1 0 0 0.0 1.0 0
cell 0.9917515607249685 36.54984085709886 0.0 1.0 1.0 1 0 0 0.0 1.0 0
cell 51.779400016635414 52.400722920775344 0.0 1.0 1.0 1 0 0 0.0 1.0 0
cell 23.22632858109026 45.862496904332545 0.0 1.0 1.0 1 0 0 0.0 1.0 0
cell 49.67163474680763 52.10383067881656 0.0 1.0 1.0 1 0 0 0.0 1.0 0
cell 22.958475027977535 33.66224916424224 0.0 1.0 1.0 1 0 0 0.0 1.0 0
cell 3.329719822883908 25.895826013599297 0.0 1.0 1.0 1 0 0 0.0 1.0 0
cell 25.467786274857637 55.42761800299259 0.0 1.0 1.0 1 0 0 0.0 1.0 0
cell 27.209388888722774 40.17990154630015 0.0 1.0 1.0 1 0 0 0.0 1.0 0
cell 59.4648092575542 18.70344089401507 0.0 1.0 1.0 1 0 0 0.0 1.0 0
cell 40.706158284288634 42.787393226549625 0.0 1.0 1.0 1 0 0 0.0 1.0 0
cell 26.182369622283552 28.586851369439362 0.0 1.0 1.0 1 0 0 0.0 1.0 0
cell 17.677346527885305 18.00572254519365 0.0 1.0 1.0 1 0 0 0.0 1.0 0
cell 18.958871713754192 53.989368645179916 0.0 1.0 1.0 1 0 0 0.0 1.0 0
cell 21.487582564617114 7.186230785805605 0.0 1.0 1.0 1 0 0 0.0 1.0 0
cell 6.152288585647488 40.84532503667884 0.0 1.0 1.0 1 0 0 0.0 1.0 0
cell 38.61024935316463 48.24500271818851 0.0 1.0 1.0 1 0 0 0.0 1.0 0
cell 28.573068329860277 49.782936450557784 0.0 1.0 1.0 1 0 0 0.0 1.0 0
cell 14.264299221359144 53.16913644987417 0.0 1.0 1.0 1 0 0 0.0 1.0 0
cell 58.1927056547873 23.309792372574055 0.0 1.0 1.0 1 0 0 0.0 1.0 0
cell 34.523941076576165 28.534765192396883 0.0 1.0 1.0 1 0 0 0.0 1.0 0
cell 8.50234010448607 25.55186047842849 0.0 1.0 1.0 1 0 0 0.0 1.0 0
cell 45.24272836297979 13.196743506095762 0.0 1.0 1.0 1 0 0 0.0 1.0 0
cell 20.08708662531667 7.868903816131063 0.0 1.0 1.0 1 0 0 0.0 1.0 0
cell 0.1383853017586097 26.597752841554307 0.0 1.0 1.0 1 0 0 0.0 1.0 0
cell 43.11516326824097 58.017044603982484 0.0 1.0 1.0 1 0 0 0.0 1.0 0
cell 57.24133085014621 53.28092360199479 0.0 1.0 1.0 1 0 0 0.0 1.0 0
cell 43.14946492029047 15.338827100260477 0.0 1.0 1.0 1 0 0 0.0 1.0 0
cell 25.96395223608975 24.32968295456487 0.0 1.0 1.0 1 0 0 0.0 1.0 0
cell 48.82350740672121 57.89755532349958 0.0 1.0 1.0 1 0 0 0.0 1.0 0
cell 4.529885090473266 48.850442667660964 0.0 1.0 1.0 1 0 0 0.0 1.0 0
cell 52.30581864260679 42.76822289443411 0.0 1.0 1.0 1 0 0 0.0 1.0 0
cell 17.669705332001033 46.737333861177774 0.0 1.0 1.0 1 0 0 0.0 1.0 0
cell 15.078478855922445 47.34989816980958 0.0 1.0 1.0 1 0 0 0.0 1.0 0
cell 29.304587232802483 2.906615502569322 0.0 1.0 1.0 1 0 0 0.0 1.0 0
cell 39.76926298362351 54.18784064587847 0.0 1.0 1.0 1 0 0 0.0 1.0 0
cell 20.238663415994484 41.14854065803323 0.0 1.0 1.0 1 0 0 0.0 1.0 0
cell 54.565231891999204 13.031686096834905 0.0 1.0 1.0 1 0 0 0.0 1.0 0
cell 23.142704291203188 1.1747241597697293 0.0 1.0 1.0 1 0 0 0.0 1.0 0
cell 20.626940779400698 18.462525914619004 0.0 1.0 1.0 1 0 0 0.0 1.0 0
cell 19.753703596696386 0.08125201488608322 0.0 1.0 1.0 1 0 0 0.0 1.0 0
cell 9.912869481216223 38.875733321342864 0.0 1.0 1.0 1 0 0 0.0 1.0 0
cell 17.62615327287551 58.79777618364923 0.0 1.0 1.0 1 0 0 0.0 1.0 0
cell 36.98892598500626 25.975539170634637 0.0 1.0 1.0 1 0 0 0.0 1.0 0
cell 38.21981419349287 26.87077883245346 0.0 1.0 1.0 1 0 0 0.0 1.0 0
cell 50.2383528736348 17.02714745324771 0.0 1.0 1.0 1 0 0 0.0 1.0 0
cell 12.648840956222996 46.09267501338679 0.0 1.0 1.0 1 0 0 0.0 1.0 0
cell 7.681497168054869 3.1824016632348306 0.0 1.0 1.0 1 0 0 0.0 1.0 0
cell 31.902011169758698 38.098557642577845 0.0 1.0 1.0 1 0 0 0.0 1.0 0
cell 9.768909925505689 1.8946905885078669 0.0 1.0 1.0 1 0 0 0.0 1.0 0
cell 35.36997067456069 20.858554864431966 0.0 1.0 1.0 1 0 0 0.0 1.0 0
cell 59.60868205562306 50.29529550802468 0.0 1.0 1.0 1 0 0 0.0 1.0 0
cell 23.411860220101083 27.161024139525136 0.0 1.0 1.0 1 0 0 0.0 1.0 0
cell 38.00007828127574 36.40911894213062 0.0 1.0 1.0 1 0 0 0.0 1.0 0
cell 37.306456069367584 47.582420184270994 0.0 1.0 1.0 1 0 0 0.0 1.0 0
cell 48.873220161788865 33.18286368514158 0.0 1.0 1.0 1 0 0 0.0 1.0 0
cell 29.973236105329846 24.84573902477026 0.0 1.0 1.0 1 0 0 0.0 1.0 0
cell 19.733135079993485 49.498660957819695 0.0 1.0 1.0 1 0 0 0.0 1.0 0
cell 21.841725017838243 42.32347133751576 0.0 1.0 1.0 1 0 0 0.0 1.0 0
cell 42.017543993615575 2.282054582489581 0.0 1.0 1.0 1 0 0 0.0 1.0 0
cell 2.170172966632662 27.58283602582103 0.0 1.0 1.0 1 0 0 0.0 1.0 0
cell 34.70662958367574 26.913541810164094 0.0 1.0 1.0 1 0 0 0.0 1.0 0
cell 50.601551705194176 49.05609306058322 0.0 1.0 1.0 1 0 0 0.0 1.0 0
cell 54.910570930042766 59.22887155962992 0.0 1.0 1.0 1 0 0 0.0 1.0 0
cell 17.963762103478203 23.617024285228087 0.0 1.0 1.0 1 0 0 0.0 1.0 0
cell 50.832243422308515 19.203280499261226 0.0 1.0 1.0 1 0 0 0.0 1.0 0
cell 0.7208241211042452 13.090485947701454 0.0 1.0 1.0 1 0 0 0.0 1.0 0
cell 45.47600545678591 24.147943895735636 0.0 1.0 1.0 1 0 0 0.0 1.0 0
cell 24.03168768817539 13.361938235789598 0.0 1.0 1.0 1 0 0 0.0 1.0 0
cell 39.2744318793475 50.03906148421695 0.0 1.0 1.0 1 0 0 0.0 1.0 0
cell 15.676631333117669 24.231538879276187 0.0 1.0 1.0 1 0 0 0.0 1.0 0
cell 26.639322082649404 2.094573150940284 0.0 1.0 1.0 1 0 0 0.0 1.0 0
cell 1.0172075544466457 55.13153288144666 0.0 1.0 1.0 1 0 0 0.0 1.0 0
cell 30.942382289906234 51.75983890701708 0.0 1.0 1.0 1 0 0 0.0 1.0 0
cell 0.4637084418211446 0.3131277379133448 0.0 1.0 1.0 1 0 0 0.0 1.0 0
cell 44.75004254947827 41.52537928814387 0.0 1.0 1.0 1 0 0 0.0 1.0 0
cell 12.114578830970677 42.612659419296406 0.0 1.0 1.0 1 0 0 0.0 1.0 0
cell 27.604903864255803 23.57556547033006 0.0 1.0 1.0 1 0 0 0.0 1.0 0
cell 26.162196151790184 43.0035600506722 0.0 1.0 1.0 1 0 0 0.0 1.0 0
cell 51.29106173946049 33.6587007858324 0.0 1.0 1.0 1 0 0 0.0 1.0 0
cell 2.066508239080992 39.07311025482574 0.0 1.0 1.0 1 0 0 0.0 1.0 0
cell 38.19287230977228 33.61530579069248 0.0 1.0 1.0 1 0 0 0.0 1.0 0
cell 14.25550388266019 14.687547626368001 0.0 1.0 1.0 1 0 0 0.0 1.0 0
cell 2.861831886746517 26.618737182128175 0.0 1.0 1.0 1 0 0 0.0 1.0 0
cell 5.299658616194657 41.482437517693775 0.0 1.0 1.0 1 0 0 0.0 1.0 0
cell 14.033945370852651 9.433035821870801 0.0 1.0 1.0 1 0 0 0.0 1.0 0
cell 54.32699096150622 5.458728986977249 0.0 1.0 1.0 1 0 0 0.0 1.0 0
cell 31.476491468036237 30.46837320485777 0.0 1.0 1.0 1 0 0 0.0 1.0 0
cell 2.62007667431554 54.981431284292555 0.0 1.0 1.0 1 0 0 0.0 1.0 0
cell 43.79628127474478 37.61622375265566 0.0 1.0 1.0 1 0 0 0.0 1.0 0
cell 18.231311192204856 19.698296729691915 0.0 1.0 1.0 1 0 0 0.0 1.0 0
cell 27.50098384505668 18.262138888056203 0.0 1.0 1.0 1 0 0 0.0 1.0 0
cell 3.903115099914966 48.987863629674386 0.0 1.0 1.0 1 0 0 0.0 1.0 0
cell 52.425352315473795 59.555432896235104 0.0 1.0 1.0 1 0 0 0.0 1.0 0
cell 25.365148961368252 53.188704485769684 0.0 1.0 1.0 1 0 0 0.0 1.0 0
cell 28.616317308029696 53.70676350283587 0.0 1.0 1.0 1 0 0 0.0 1.0 0
cell 18.912657527476146 51.77329547879601 0.0 1.0 1.0 1 0 0 0.0 1.0 0
cell 27.401539677026896 52.809176441833024 0.0 1.0 1.0 1 0 0 0.0 1.0 0
cell 7.889795906866882 45.317379587976774 0.0 1.0 1.0 1 0 0 0.0 1.0 0
cell 11.941422354298284 27.526913522946355 0.0 1.0 1.0 1 0 0 0.0 1.0 0
cell 14.605520584506477 37.84729874843215 0.0 1.0 1.0 1 0 0 0.0 1.0 0
cell 35.02516555559238 18.686817905315408 0.0 1.0 1.0 1 0 0 0.0 1.0 0
cell 36.11495352697301 25.21409472028972 0.0 1.0 1.0 1 0 0 0.0 1.0 0
cell 41.59536564999452 50.18754582166118 0.0 1.0 1.0 1 0 0 0.0 1.0 0
cell 8.814781019685725 10.9663961437016 0.0 1.0 1.0 1 0 0 0.0 1.0 0
cell 52.863462997076255 38.32663534984019 0.0 1.0 1.0 1 0 0 0.0 1.0 0
cell 18.00994473972587 29.598830966258497 0.0 1.0 1.0 1 0 0 0.0 1.0 0
cell 55.47906937761745 30.80004423859832 0.0 1.0 1.0 1 0 0 0.0 1.0 0
cell 33.53334336628576 20.287616419115675 0.0 1.0 1.0 1 0 0 0.0 1.0 0
cell 5.708401302104463 4.852725994738157 0.0 1.0 1.0 1 0 0 0.0 1.0 0
cell 4.75608449896959 44.871788834416115 0.0 1.0 1.0 1 0 0 0.0 1.0 0
cell 8.598084409925093 39.09992601764028 0.0 1.0 1.0 1 0 0 0.0 1.0 0
cell 36.45457772841 26.14534811409797 0.0 1.0 1.0 1 0 0 0.0 1.0 0
cell 30.571227848998962 47.64791243514136 0.0 1.0 1.0 1 0 0 0.0 1.0 0
cell 36.72811617315276 5.37537194300231 0.0 1.0 1.0 1 0 0 0.0 1.0 0
cell 57.05853252972621 17.336638624580466 0.0 1.0 1.0 1 0 0 0.0 1.0 0
cell 10.069369212189791 5.230924560390724 0.0 1.0 1.0 1 0 0 0.0 1.0 0
cell 16.434164429403435 38.36485533046955 0.0 1.0 1.0 1 0 0 0.0 1.0 0
cell 42.816353529665506 9.590849352234262 0.0 1.0 1.0 1 0 0 0.0 1.0 0
cell 16.24023257406684 13.110892355610554 0.0 1.0 1.0 1 0 0 0.0 1.0 0
cell 6.001075294160177 15.796584948652024 0.0 1.0 1.0 1 0 0 0.0 1.0 0
cell 37.103421694467634 52.03686034463484 0.0 1.0 1.0 1 0 0 0.0 1.0 0
cell 9.169366339725975 29.574811496235696 0.0 1.0 1.0 1 0 0 0.0 1.0 0
cell 19.95544324526875 25.09430226399388 0.0 1.0 1.0 1 0 0 0.0 1.0 0
cell 12.49770553813504 27.366381698985794 0.0 1.0 1.0 1 0 0 0.0 1.0 0
cell 23.772694307502373 42.67862165270418 0.0 1.0 1.0 1 0 0 0.0 1.0 0
cell 10.267693906238108 1.832311628749196 0.0 1.0 1.0 1 0 0 0.0 1.0 0
cell 38.000854171823775 7.973628142957286 0.0 1.0 1.0 1 0 0 0.0 1.0 0
cell 56.29389814619442 17.63460606429302 0.0 1.0 1.0 1 0 0 0.0 1.0 0
cell 35.711970616270385 7.36479318295365 0.0 1.0 1.0 1 0 0 0.0 1.0 0
cell 38.72584574284747 53.583035147286694 0.0 1.0 1.0 1 0 0 0.0 1.0 0
cell 13.018051032894142 6.0026495177722685 0.0 1.0 1.0 1 0 0 0.0 1.0 0
cell 14.322658781711125 56.29598283894944 0.0 1.0 1.0 1 0 0 0.0 1.0 0
cell 11.969266336869323 9.39394146031867 0.0 1.0 1.0 1 0 0 0.0 1.0 0
cell 49.64286080046821 51.251843526541656 0.0 1.0 1.0 1 0 0 0.0 1.0 0
cell 22.374893973859653 9.081098648736626 0.0 1.0 1.0 1 0 0 0.0 1.0 0
cell 31.118593229659872 12.10964862682251 0.0 1.0 1.0 1 0 0 0.0 1.0 0
cell 46.81521513533482 49.2164915609686 0.0 1.0 1.0 1 0 0 0.0 1.0 0
cell 29.315843746881132 16.802520585054356 0.0 1.0 1.0 1 0 0 0.0 1.0 0
cell 30.421145023063062 22.429470545947474 0.0 1.0 1.0 1 0 0 0.0 1.0 0
cell 25.615798844147683 18.383399437503794 0.0 1.0 1.0 1 0 0 0.0 1.0 0
cell 58.49700568688377 19.702085757528927 0.0 1.0 1.0 1 0 0 0.0 1.0 0
cell 56.41112061576133 38.27242057809523 0.0 1.0 1.0 1 0 0 0.0 1.0 0
cell 3.28886570545748 49.56209816959481 0.0 1.0 1.0 1 0 0 0.0 1.0 0
cell 43.66612963793902 4.764105936634482 0.0 1.0 1.0 1 0 0 0.0 1.0 0
cell 21.995576391344635 32.31661625216171 0.0 1.0 1.0 1 0 0 0.0 1.0 0
cell 38.08786690482816 56.04425638026813 0.0 1.0 1.0 1 0 0 0.0 1.0 0
cell 36.946301814449455 55.82688736060776 0.0 1.0 1.0 1 0 0 0.0 1.0 0
cell 5.561527731055977 54.02035239771899 0.0 1.0 1.0 1 0 0 0.0 1.0 0
cell 40.082650934399574 26.74145995255866 0.0 1.0 1.0 1 0 0 0.0 1.0 0
cell 58.284462729318136 23.8674721591575 0.0 1.0 1.0 1 0 0 0.0 1.0 0
cell 14.02819685434373 53.831617872120745 0.0 1.0 1.0 1 0 0 0.0 1.0 0
cell 37.48532944936725 35.78753756214648 0.0 1.0 1.0 1 0 0 0.0 1.0 0
cell 31.302223705270922 51.41757849093949 0.0 1.0 1.0 1 0 0 0.0 1.0 0
cell 15.236140707161406 21.4192099776334 0.0 1.0 1.0 1 0 0 0.0 1.0 0
cell 17.68027597420547 20.14065499203618 0.0 1.0 1.0 1 0 0 0.0 1.0 0
cell 21.994839207567317 5.083972077451541 0.0 1.0 1.0 1 0 0 0.0 1.0 0
cell 47.35759376125009 34.79431610224735 0.0 1.0 1.0 1 0 0 0.0 1.0 0
cell 45.09063333661396 56.24422729359877 0.0 1.0 1.0 1 0 0 0.0 1.0 0
cell 34.572171213516995 21.572080495999753 0.0 1.0 1.0 1 0 0 0.0 1.0 0
cell 53.039044784027276 58.1589061679205 0.0 1.0 1.0 1 0 0 0.0 1.0 0
cell 29.23452894296057 42.70243636489752 0.0 1.0 1.0 1 0 0 0.0 1.0 0
cell 36.21408814073222 47.04165961406791 0.0 1.0 1.0 1 0 0 0.0 1.0 0
cell 30.476252473404152 38.778852275204294 0.0 1.0 1.0 1 0 0 0.0 1.0 0
cell 38.74012205318028 50.591678634990124 0.0 1.0 1.0 1 0 0 0.0 1.0 0
cell 16.01595643480837 4.5244468908558195 0.0 1.0 1.0 1 0 0 0.0 1.0 0
cell 45.16035318612208 24.889462139401136 0.0 1.0 1.0 1 0 0 0.0 1.0 0
cell 3.598754783943358 39.530548956095956 0.0 1.0 1.0 1 0 0 0.0 1.0 0
cell 23.973896457107884 2.831773472793448 0.0 1.0 1.0 1 0 0 0.0 1.0 0
cell 15.286371082312732 29.509482482084294 0.0 1.0 1.0 1 0 0 0.0 1.0 0
cell 11.59725665717804 46.25287481076681 0.0 1.0 1.0 1 0 0 0.0 1.0 0
cell 19.76984480790789 4.904388565686723 0.0 1.0 1.0 1 0 0 0.0 1.0 0
cell 22.5868219081202 21.799543800259165 0.0 1.0 1.0 1 0 0 0.0 1.0 0
cell 27.53992509033562 40.75779518878382 0.0 1.0 1.0 1 0 0 0.0 1.0 0
cell 16.187976614411237 30.76238995363585 0.0 1.0 1.0 1 0 0 0.0 1.0 0
cell 54.00674855127492 43.85508133742527 0.0 1.0 1.0 1 0 0 0.0 1.0 0
cell 16.96343349229849 20.774875229071935 0.0 1.0 1.0 1 0 0 0.0 1.0 0
cell 6.903762686272128 36.03266714059765 0.0 1.0 1.0 1 0 0 0.0 1.0 0
cell 43.49498435034107 37.83449938423813 0.0 1.0 1.0 1 0 0 0.0 1.0 0
cell 43.00565088380679 13.075563864607783 0.0 1.0 1.0 1 0 0 0.0 1.0 0
cell 48.623294698638034 51.614714172112016 0.0 1.0 1.0 1 0 0 0.0 1.0 0
cell 47.533459972107785 51.43595982021461 0.0 1.0 1.0 1 0 0 0.0 1.0 0
cell 49.614283629010714 5.441773304382997 0.0 1.0 1.0 1 0 0 0.0 1.0 0
cell 17.716959989730803 56.77826186087603 0.0 1.0 1.0 1 0 0 0.0 1.0 0
cell 54.82284934712201 4.481696832278167 0.0 1.0 1.0 1 0 0 0.0 1.0 0
cell 36.105296875432856 9.294066258288433 0.0 1.0 1.0 1 0 0 0.0 1.0 0
cell 3.942184237164955 18.434599488545974 0.0 1.0 1.0 1 0 0 0.0 1.0 0
cell 39.76550954022336 39.71249443356695 0.0 1.0 1.0 1 0 0 0.0 1.0 0
cell 47.31270192842082 13.225760827456444 0.0 1.0 1.0 1 0 0 0.0 1.0 0
cell 25.108709494600973 2.069565895422003 0.0 1.0 1.0 1 0 0 0.0 1.0 0
cell 14.091564052354192 28.44097744186633 0.0 1.0 1.0 1 0 0 0.0 1.0 0
cell 50.14726157062452 40.37545570215434 0.0 1.0 1.0 1 0 0 0.0 1.0 0
cell 13.312514533418396 10.833203118444846 0.0 1.0 1.0 1 0 0 0.0 1.0 0
cell 15.896909328371931 41.42210451578156 0.0 1.0 1.0 1 0 0 0.0 1.0 0
cell 46.780327519847326 23.77597900099057 0.0 1.0 1.0 1 0 0 0.0 1.0 0
cell 20.150220522273727 10.687805591373808 0.0 1.0 1.0 1 0 0 0.0 1.0 0
cell 44.64178058264305 40.51053168585447 0.0 1.0 1.0 1 0 0 0.0 1.0 0
cell 40.794992866883305 16.91089009195429 0.0 1.0 1.0 1 0 0 0.0 1.0 0
cell 34.317183070344065 53.67854412706524 0.0 1.0 1.0 1 0 0 0.0 1.0 0
cell 39.9945735603857 4.358747404886192 0.0 1.0 1.0 1 0 0 0.0 1.0 0
cell 23.87597845206041 50.04228494503602 0.0 1.0 1.0 1 0 0 0.0 1.0 0
cell 6.949574169834173 21.732921170672643 0.0 1.0 1.0 1 0 0 0.0 1.0 0
cell 38.05327900777922 11.996545995697684 0.0 1.0 1.0 1 0 0 0.0 1.0 0
cell 46.291075570737135 16.051451492494692 0.0 1.0 1.0 1 0 0 0.0 1.0 0
cell 41.43408605941649 30.272671796367895 0.0 1.0 1.0 1 0 0 0.0 1.0 0
cell 28.645058648086582 4.486573070547774 0.0 1.0 1.0 1 0 0 0.0 1.0 0
cell 14.284823374360125 33.300572645773336 0.0 1.0 1.0 1 0 0 0.0 1.0 0
cell 21.352186940462914 43.38254533033544 0.0 1.0 1.0 1 0 0 0.0 1.0 0
cell 36.84891345937356 48.43172035254667 0.0 1.0 1.0 1 0 0 0.0 1.0 0
cell 37.4428637896965 0.5531672435035186 0.0 1.0 1.0 1 0 0 0.0 1.0 0
cell 17.893920675143008 57.79766840695954 0.0 1.0 1.0 1 0 0 0.0 1.0 0
cell 0.9367994805357079 11.861345081659667 0.0 1.0 1.0 1 0 0 0.0 1.0 0
cell 42.862326670309436 10.748889183843575 0.0 1.0 1.0 1 0 0 0.0 1.0 0
cell 8.228905749130494 38.804340718601495 0.0 1.0 1.0 1 0 0 0.0 1.0 0
cell 29.6194305157736 39.97351453449828 0.0 1.0 1.0 1 0 0 0.0 1.0 0
cell 6.6335373880272686 33.29319016704276 0.0 1.0 1.0 1 0 0 0.0 1.0 0
cell 57.42757640271866 51.44038950048375 0.0 1.0 1.0 1 0 0 0.0 1.0 0
cell 1.2593473685317729 39.46029670029829 0.0 1.0 1.0 1 0 0 0.0 1.0 0
cell 32.013431388585815 23.948940572206094 0.0 1.0 1.0 1 0 0 0.0 1.0 0
cell 13.815454294063905 21.45726406180063 0.0 1.0 1.0 1 0 0 0.0 1.0 0
cell 34.46472614656421 43.91711976548554 0.0 1.0 1.0 1 0 0 0.0 1.0 0
cell 54.680225437822045 4.334933796023358 0.0 1.0 1.0 1 0 0 0.0 1.0 0
cell 35.43908548857855 16.15526438479357 0.0 1.0 1.0 1 0 0 0.0 1.0 0
cell 36.809061481795794 4.257793469228957 0.0 1.0 1.0 1 0 0 0.0 1.0 0
cell 4.500248564411697 43.285240858527146 0.0 1.0 1.0 1 0 0 0.0 1.0 0
cell 24.39050496438408 36.98891339570305 0.0 1.0 1.0 1 0 0 0.0 1.0 0
cell 55.965756439949494 32.38010015490449 0.0 1.0 1.0 1 0 0 0.0 1.0 0
cell 18.000254138941877 45.26623117402589 0.0 1.0 1.0 1 0 0 0.0 1.0 0
cell 47.03522336003251 2.3709576678869806 0.0 1.0 1.0 1 0 0 0.0 1.0 0
cell 27.41852650548387 14.557536544667395 0.0 1.0 1.0 1 0 0 0.0 1.0 0
cell 21.136769794593935 44.44908790169119 0.0 1.0 1.0 1 0 0 0.0 1.0 0
cell 29.615883889161044 39.3798424997832 0.0 1.0 1.0 1 0 0 0.0 1.0 0
cell 5.043275470410381 38.22156956916013 0.0 1.0 1.0 1 0 0 0.0 1.0 0
cell 4.367863241985712 41.40991121097355 0.0 1.0 1.0 1 0 0 0.0 1.0 0
cell 43.98690234482079 14.957630062751607 0.0 1.0 1.0 1 0 0 0.0 1.0 0
cell 54.72418968315568 7.874340918060798 0.0 1.0 1.0 1 0 0 0.0 1.0 0
cell 42.966377676947594 5.251484435052252 0.0 1.0 1.0 1 0 0 0.0 1.0 0
cell 47.40730698322616 20.248027622511533 0.0 1.0 1.0 1 0 0 0.0 1.0 0
cell 22.22368908316538 10.389858870685524 0.0 1.0 1.0 1 0 0 0.0 1.0 0
cell 51.45300566171224 7.988770802440877 0.0 1.0 1.0 1 0 0 0.0 1.0 0
cell 8.071714044182293 10.366266049967672 0.0 1.0 1.0 1 0 0 0.0 1.0 0
cell 10.796064672885098 15.041018703607525 0.0 1.0 1.0 1 0 0 0.0 1.0 0
cell 27.73341366422409 26.49002535028012 0.0 1.0 1.0 1 0 0 0.0 1.0 0
cell 18.95029974556519 35.43217008155187 0.0 1.0 1.0 1 0 0 0.0 1.0 0
cell 1.4617517338938388 22.733351130695322 0.0 1.0 1.0 1 0 0 0.0 1.0 0
cell 32.04580925940322 54.380042390240945 0.0 1.0 1.0 1 0 0 0.0 1.0 0
cell 54.93104007986217 3.9882254005615607 0.0 1.0 1.0 1 0 0 0.0 1.0 0
cell 35.88148243316946 12.084212174624387 0.0 1.0 1.0 1 0 0 0.0 1.0 0
cell 41.23658419817713 48.7957752005918 0.0 1.0 1.0 1 0 0 0.0 1.0 0
cell 27.07498925453893 3.0259961481266853 0.0 1.0 1.0 1 0 0 0.0 1.0 0
cell 5.090557533741189 19.405727308259802 0.0 1.0 1.0 1 0 0 0.0 1.0 0
cell 52.76542166582215 0.5241388330842309 0.0 1.0 1.0 1 0 0 0.0 1.0 0
cell 29.345146519174637 45.23734939655358 0.0 1.0 1.0 1 0 0 0.0 1.0 0
cell 31.725071041172285 25.403341316669916 0.0 1.0 1.0 1 0 0 0.0 1.0 0
cell 30.36156741425953 48.75926516845583 0.0 1.0 1.0 1 0 0 0.0 1.0 0
cell 50.73913919782759 47.977149447074076 0.0 1.0 1.0 1 0 0 0.0 1.0 0
cell 56.58098897729219 6.3687125273373235 0.0 1.0 1.0 1 0 0 0.0 1.0 0
cell 30.978951882016272 34.304425244833105 0.0 1.0 1.0 1 0 0 0.0 1.0 0
cell 42.87832983781027 48.35776969607439 0.0 1.0 1.0 1 0 0 0.0 1.0 0
cell 41.62086034426441 4.519926723071467 0.0 1.0 1.0 1 0 0 0.0 1.0 0
cell 51.865374478868524 5.882579024679189 0.0 1.0 1.0 1 0 0 0.0 1.0 0
cell 30.298574579210516 25.662347149852845 0.0 1.0 1.0 1 0 0 0.0 1.0 0
cell 16.977285118107826 40.51601681911725 0.0 1.0 1.0 1 0 0 0.0 1.0 0
cell 6.543464195953513 15.793124631234598 0.0 1.0 1.0 1 0 0 0.0 1.0 0
cell 21.723298566971398 44.36158351072879 0.0 1.0 1.0 1 0 0 0.0 1.0 0
cell 57.835507525876636 38.318219904952855 0.0 1.0 1.0 1 0 0 0.0 1.0 0
cell 18.160293446826785 47.12887645292619 0.0 1.0 1.0 1 0 0 0.0 1.0 0
cell 57.31430707252425 0.1046951021250815 0.0 1.0 1.0 1 0 0 0.0 1.0 0
cell 33.02586697394926 59.666315505195215 0.0 1.0 1.0 1 0 0 0.0 1.0 0
cell 21.94068407324172 37.351806081432834 0.0 1.0 1.0 1 0 0 0.0 1.0 0
cell 26.754423097641276 18.82515767101818 0.0 1.0 1.0 1 0 0 0.0 1.0 0
cell 15.544759178489395 32.53787000918763 0.0 1.0 1.0 1 0 0 0.0 1.0 0
cell 3.824631595018296 0.22359866325015854 0.0 1.0 1.0 1 0 0 0.0 1.0 0
cell 16.402530657207777 45.245565023457 0.0 1.0 1.0 1 0 0 0.0 1.0 0
cell 50.44427980926778 39.70890367329437 0.0 1.0 1.0 1 0 0 0.0 1.0 0
cell 19.970968764549028 38.42920505020305 0.0 1.0 1.0 1 0 0 0.0 1.0 0
cell 59.72618864295173 7.499820291988703 0.0 1.0 1.0 1 0 0 0.0 1.0 0
cell 57.595153669393326 39.39358187557803 0.0 1.0 1.0 1 0 0 0.0 1.0 0
cell 51.273019526101436 12.75191175817944 0.0 1.0 1.0 1 0 0 0.0 1.0 0
cell 8.941930508746486 59.59290422405698 0.0 1.0 1.0 1 0 0 0.0 1.0 0
cell 9.835653685912886 7.198106596683013 0.0 1.0 1.0 1 0 0 0.0 1.0 0
cell 44.39049068207183 5.490484545825661 0.0 1.0 1.0 1 0 0 0.0 1.0 0
cell 57.06876872759672 13.035057653765923 0.0 1.0 1.0 1 0 0 0.0 1.0 0
cell 53.19718181274058 48.246504021159815 0.0 1.0 1.0 1 0 0 0.0 1.0 0
cell 22.716313935978462 30.71396021317021 0.0 1.0 1.0 1 0 0 0.0 1.0 0
cell 10.846750696775223 20.5135512816308 0.0 1.0 1.0 1 0 0 0.0 1.0 0
cell 38.03095277428541 42.06770333229535 0.0 1.0 1.0 1 0 0 0.0 1.0 0
cell 55.454488851231545 52.381500981176686 0.0 1.0 1.0 1 0 0 0.0 1.0 0
cell 15.30917331061067 12.654270120893926 0.0 1.0 1.0 1 0 0 0.0 1.0 0
cell 53.763061755516205 42.83016222927098 0.0 1.0 1.0 1 0 0 0.0 1.0 0
cell 59.19098364555063 33.474078316327045 0.0 1.0 1.0 1 0 0 0.0 1.0 0
cell 16.28707171643961 39.30656446816159 0.0 1.0 1.0 1 0 0 0.0 1.0 0
cell 21.178475380372426 15.64640496647424 0.0 1.0 1.0 1 0 0 0.0 1.0 0
cell 17.23707316669526 25.911977392989694 0.0 1.0 1.0 1 0 0 0.0 1.0 0
cell 34.86601525641255 47.86587087464046 0.0 1.0 1.0 1 0 0 0.0 1.0 0
cell 48.861144351822304 43.036219770261674 0.0 1.0 1.0 1 0 0 0.0 1.0 0
cell 38.63042101703744 47.82602943157189 0.0 1.0 1.0 1 0 0 0.0 1.0 0
cell 23.88625282483928 20.761572581448284 0.0 1.0 1.0 1 0 0 0.0 1.0 0
cell 47.86819093337725 29.63082824160274 0.0 1.0 1.0 1 0 0 0.0 1.0 0
cell 7.445360266842201 6.4963695052532255 0.0 1.0 1.0 1 0 0 0.0 1.0 0
cell 44.60701627187031 21.171133055280844 0.0 1.0 1.0 1 0 0 0.0 1.0 0
cell 50.71403293027606 50.445807250443316 0.0 1.0 1.0 1 0 0 0.0 1.0 0
cell 22.268730809789975 32.63696343552734 0.0 1.0 1.0 1 0 0 0.0 1.0 0
cell 7.716286781099696 0.028534303543954725 0.0 1.0 1.0 1 0 0 0.0 1.0 0
cell 19.44086694561518 10.510111430697515 0.0 1.0 1.0 1 0 0 0.0 1.0 0
cell 29.829276817231193 1.2575451110681484 0.0 1.0 1.0 1 0 0 0.0 1.0 0
cell 34.52054489286256 17.387731077703293 0.0 1.0 1.0 1 0 0 0.0 1.0 0
cell 58.195522518497874 51.56330320072337 0.0 1.0 1.0 1 0 0 0.0 1.0 0
cell 46.152355120651585 38.278438877847286 0.0 1.0 1.0 1 0 0 0.0 1.0 0
cell 59.57201066598942 56.611226943331374 0.0 1.0 1.0 1 0 0 0.0 1.0 0
cell 28.83848888992874 32.04952136366965 0.0 1.0 1.0 1 0 0 0.0 1.0 0
cell 11.824310251522988 7.702049267363826 0.0 1.0 1.0 1 0 0 0.0 1.0 0
cell 0.16301526295907368 30.97690701944312 0.0 1.0 1.0 1 0 0 0.0 1.0 0
cell 27.047063590777412 54.055832787236014 0.0 1.0 1.0 1 0 0 0.0 1.0 0
cell 58.13752463549914 5.4431975416544365 0.0 1.0 1.0 1 0 0 0.0 1.0 0
cell 44.01359383882692 8.457016842272425 0.0 1.0 1.0 1 0 0 0.0 1.0 0
cell 13.882550485115342 12.7413500035886 0.0 1.0 1.0 1 0 0 0.0 1.0 0
cell 34.76470719884019 28.201485721919585 0.0 1.0 1.0 1 0 0 0.0 1.0 0
cell 1.537770233648364 18.518707734388645 0.0 1.0 1.0 1 0 0 0.0 1.0 0
cell 56.42377243348502 50.98373234013835 0.0 1.0 1.0 1 0 0 0.0 1.0 0
cell 31.210186939838284 36.721953309282526 0.0 1.0 1.0 1 0 0 0.0 1.0 0
cell 25.09857793521471 21.929898979434427 0.0 1.0 1.0 1 0 0 0.0 1.0 0
cell 48.66211524398469 5.639959350649141 0.0 1.0 1.0 1 0 0 0.0 1.0 0
cell 4.610667055771092 53.317620656110776 0.0 1.0 1.0 1 0 0 0.0 1.0 0
cell 55.858087191840035 47.60769760998931 0.0 1.0 1.0 1 0 0 0.0 1.0 0
cell 16.704825486268895 42.08598755375569 0.0 1.0 1.0 1 0 0 0.0 1.0 0
cell 48.412406524057594 2.8164859350856535 0.0 1.0 1.0 1 0 0 0.0 1.0 0
cell 27.827654188249237 28.996679339961823 0.0 1.0 1.0 1 0 0 0.0 1.0 0
cell 54.734922431735136 35.45056888288142 0.0 1.0 1.0 1 0 0 0.0 1.0 0
cell 19.557674204220046 35.58361523734981 0.0 1.0 1.0 1 0 0 0.0 1.0 0
cell 40.209547280597455 50.50483881978957 0.0 1.0 1.0 1 0 0 0.0 1.0 0
cell 29.606114683628455 46.3734500515044 0.0 1.0 1.0 1 0 0 0.0 1.0 0
cell 6.2604282824795146 1.6666411135510415 0.0 1.0 1.0 1 0 0 0.0 1.0 0
cell 53.29230852977768 15.232472043198873 0.0 1.0 1.0 1 0 0 0.0 1.0 0
cell 11.823701208047229 50.51689412434791 0.0 1.0 1.0 1 0 0 0.0 1.0 0
cell 55.15954465014723 10.445002537611801 0.0 1.0 1.0 1 0 0 0.0 1.0 0
cell 9.735499709558145 36.976772214081194 0.0 1.0 1.0 1 0 0 0.0 1.0 0
cell 33.83192646192506 0.5137912558663322 0.0 1.0 1.0 1 0 0 0.0 1.0 0
cell 45.63743042014892 22.745985323393676 0.0 1.0 1.0 1 0 0 0.0 1.0 0
cell 3.9787296205987444 48.02523508200011 0.0 1.0 1.0 1 0 0 0.0 1.0 0
cell 4.299648970767201 8.145946945357096 0.0 1.0 1.0 1 0 0 0.0 1.0 0
cell 54.70526553493781 23.645067798532164 0.0 1.0 1.0 1 0 0 0.0 1.0 0
cell 53.155763151404926 48.622944176851924 0.0 1.0 1.0 1 0 0 0.0 1.0 0
cell 0.9238492316098492 20.15266048393015 0.0 1.0 1.0 1 0 0 0.0 1.0 0
cell 17.73435158150533 35.75002833396138 0.0 1.0 1.0 1 0 0 0.0 1.0 0
cell 12.64987367913717 42.19731403550557 0.0 1.0 1.0 1 0 0 0.0 1.0 0
cell 33.130932737907145 31.813981026073183 0.0 1.0 1.0 1 0 0 0.0 1.0 0
cell 45.85849739323012 51.69267538988139 0.0 1.0 1.0 1 0 0 0.0 1.0 0
cell 42.36380554598365 0.3358131333441085 0.0 1.0 1.0 1 0 0 0.0 1.0 0
cell 53.165295282449726 34.98521098575184 0.0 1.0 1.0 1 0 0 0.0 1.0 0
cell 10.54471042700671 52.07449992625974 0.0 1.0 1.0 1 0 0 0.0 1.0 0
cell 10.01463703454891 31.72693530529207 0.0 1.0 1.0 1 0 0 0.0 1.0 0
cell 26.76002225740909 22.39391929329327 0.0 1.0 1.0 1 0 0 0.0 1.0 0
cell 8.232740236650486 53.523347474143556 0.0 1.0 1.0 1 0 0 0.0 1.0 0
cell 4.847805340818787 10.222443480991553 0.0 1.0 1.0 1 0 0 0.0 1.0 0
cell 26.368913057678373 40.0412954204483 0.0 1.0 1.0 1 0 0 0.0 1.0 0
cell 35.800141337037765 29.863102516083206 0.0 1.0 1.0 1 0 0 0.0 1.0 0
cell 26.038407598819276 35.30917776054461 0.0 1.0 1.0 1 0 0 0.0 1.0 0
cell 10.127401035994396 23.814694829205223 0.0 1.0 1.0 1 0 0 0.0 1.0 0
cell 55.462650759022964 8.134064722714855 0.0 1.0 1.0 1 0 0 0.0 1.0 0
cell 22.194919078220224 31.525068117637865 0.0 1.0 1.0 1 0 0 0.0 1.0 0
cell 22.057167108439955 0.7176500598945856 0.0 1.0 1.0 1 0 0 0.0 1.0 0
cell 27.39526996756316 1.6365369499602105 0.0 1.0 1.0 1 0 0 0.0 1.0 0
cell 20.081029474655796 7.922782593519811 0.0 1.0 1.0 1 0 0 0.0 1.0 0
cell 0.40149211804874696 26.786642578900448 0.0 1.0 1.0 1 0 0 0.0 1.0 0
cell 18.260062797931667 48.7129506682088 0.0 1.0 1.0 1 0 0 0.0 1.0 0
cell 12.659737048971742 4.9979024070140685 0.0 1.0 1.0 1 0 0 0.0 1.0 0
cell 5.379130927799585 4.7831586647930635 0.0 1.0 1.0 1 0 0 0.0 1.0 0
cell 18.96532782859777 7.836119408043883 0.0 1.0 1.0 1 0 0 0.0 1.0 0
cell 55.208706461244795 9.166410997727072 0.0 1.0 1.0 1 0 0 0.0 1.0 0
cell 54.233655873365784 14.59416420647746 0.0 1.0 1.0 1 0 0 0.0 1.0 0
cell 9.111455266504215 30.189100253701362 0.0 1.0 1.0 1 0 0 0.0 1.0 0
cell 40.805129428280225 8.139464612345565 0.0 1.0 1.0 1 0 0 0.0 1.0 0
cell 4.301528460429225 31.83245507281108 0.0 1.0 1.0 1 0 0 0.0 1.0 0
cell 38.19904112337271 46.078556069942714 0.0 1.0 1.0 1 0 0 0.0 1.0 0
cell 39.45515455009375 16.414592314842356 0.0 1.0 1.0 1 0 0 0.0 1.0 0
cell 20.969679797688446 18.885339855694006 0.0 1.0 1.0 1 0 0 0.0 1.0 0
cell 29.49961950742522 8.517414859335696 0.0 1.0 1.0 1 0 0 0.0 1.0 0
cell 40.183494793921085 57.77695695362196 0.0 1.0 1.0 1 0 0 0.0 1.0 0
cell 6.580312409276709 49.77616116348028 0.0 1.0 1.0 1 0 0 0.0 1.0 0
cell 23.016904942915307 58.711152001543645 0.0 1.0 1.0 1 0 0 0.0 1.0 0
cell 2.6209726956958375 13.317761561759475 0.0 1.0 1.0 1 0 0 0.0 1.0 0
cell 8.254440695427519 56.96671672595832 0.0 1.0 1.0 1 0 0 0.0 1.0 0
cell 46.80130175558152 39.309130884907795 0.0 1.0 1.0 1 0 0 0.0 1.0 0
cell 31.799311206987422 29.68591517341782 0.0 1.0 1.0 1 0 0 0.0 1.0 0
cell 41.32761044433002 57.7371004903958 0.0 1.0 1.0 1 0 0 0.0 1.0 0
cell 42.887393954746265 36.65126623229474 0.0 1.0 1.0 1 0 0 0.0 1.0 0
cell 43.996493126786156 22.347264510471955 0.0 1.0 1.0 1 0 0 0.0 1.0 0
cell 27.01167166673183 12.641554313516428 0.0 1.0 1.0 1 0 0 0.0 1.0 0
cell 15.105911075891097 58.77208754547681 0.0 1.0 1.0 1 0 0 0.0 1.0 0
cell 18.953361912673905 40.22029110449881 0.0 1.0 1.0 1 0 0 0.0 1.0 0
cell 20.003037494544312 38.61372589051115 0.0 1.0 1.0 1 0 0 0.0 1.0 0
cell 32.292474312076486 15.858190285266582 0.0 1.0 1.0 1 0 0 0.0 1.0 0
cell 1.8205679254705984 54.01719103807305 0.0 1.0 1.0 1 0 0 0.0 1.0 0
cell 37.27304459349756 34.13971091359397 0.0 1.0 1.0 1 0 0 0.0 1.0 0
cell 38.49079112529248 22.291055991806978 0.0 1.0 1.0 1 0 0 0.0 1.0 0
cell 23.854611531848796 46.191778445125884 0.0 1.0 1.0 1 0 0 0.0 1.0 0
cell 50.76020261576558 9.74700614638323 0.0 1.0 1.0 1 0 0 0.0 1.0 0
cell 32.91866535984557 33.61406381861454 0.0 1.0 1.0 1 0 0 0.0 1.0 0
cell 55.069571098877724 22.10376438864801 0.0 1.0 1.0 1 0 0 0.0 1.0 0
cell 19.128331465475274 34.090510648083594 0.0 1.0 1.0 1 0 0 0.0 1.0 0
cell 10.04093459737282 29.09058364791918 0.0 1.0 1.0 1 0 0 0.0 1.0 0
cell 3.0030569273908934 26.332513897765427 0.0 1.0 1.0 1 0 0 0.0 1.0 0
cell 53.46475134074775 40.45141542578336 0.0 1.0 1.0 1 0 0 0.0 1.0 0
cell 46.99900389217866 30.39173673194887 0.0 1.0 1.0 1 0 0 0.0 1.0 0
cell 42.02790406552774 27.857421450215277 0.0 1.0 1.0 1 0 0 0.0 1.0 0
cell 42.91901322249317 22.902673853250576 0.0 1.0 1.0 1 0 0 0.0 1.0 0
cell 25.788930766511577 54.41450762610447 0.0 1.0 1.0 1 0 0 0.0 1.0 0
cell 25.978196513693494 26.24290656450488 0.0 1.0 1.0 1 0 0 0.0 1.0 0
cell 37.79617825587112 16.390282345326032 0.0 1.0 1.0 1 0 0 0.0 1.0 0
cell 45.891323293749075 58.485602456406234 0.0 1.0 1.0 1 0 0 0.0 1.0 0
cell 14.804627258257522 14.801101583333889 0.0 1.0 1.0 1 0 0 0.0 1.0 0
cell 1.1205702695989301 4.883862909318508 0.0 1.0 1.0 1 0 0 0.0 1.0 0
cell 50.917513610581096 17.51123700194244 0.0 1.0 1.0 1 0 0 0.0 1.0 0
cell 3.923578384154471 14.87137782601594 0.0 1.0 1.0 1 0 0 0.0 1.0 0
cell 35.748491844607834 41.95611435631013 0.0 1.0 1.0 1 0 0 0.0 1.0 0
cell 58.77319013378915 59.45883272478646 0.0 1.0 1.0 1 0 0 0.0 1.0 0
cell 23.129189944762928 29.22974985422213 0.0 1.0 1.0 1 0 0 0.0 1.0 0
cell 31.96177111999678 15.234169663556385 0.0 1.0 1.0 1 0 0 0.0 1.0 0
cell 38.405797271933594 43.492274010123616 0.0 1.0 1.0 1 0 0 0.0 1.0 0
cell 21.829946883300103 51.700953128867354 0.0 1.0 1.0 1 0 0 0.0 1.0 0
cell 25.542839859581928 50.34752247211226 0.0 1.0 1.0 1 0 0 0.0 1.0 0
cell 18.237468041916106 54.93277246617168 0.0 1.0 1.0 1 0 0 0.0 1.0 0
cell 42.38651922855433 28.555333247349104 0.0 1.0 1.0 1 0 0 0.0 1.0 0
cell 50.30626437743932 1.1964407258695877 0.0 1.0 1.0 1 0 0 0.0 1.0 0
cell 17.71061168865764 48.06611984782212 0.0 1.0 1.0 1 0 0 0.0 1.0 0
cell 30.991251302580608 57.907559082333954 0.0 1.0 1.0 1 0 0 0.0 1.0 0
cell 58.19276192853531 6.434123760053839 0.0 1.0 1.0 1 0 0 0.0 1.0 0
cell 43.33690591814656 34.49819433368389 0.0 1.0 1.0 1 0 0 0.0 1.0 0
cell 28.658232081882947 7.994405850996967 0.0 1.0 1.0 1 0 0 0.0 1.0 0
cell 48.32562578007309 8.162546650056814 0.0 1.0 1.0 1 0 0 0.0 1.0 0
cell 18.210491096565384 29.857090408375196 0.0 1.0 1.0 1 0 0 0.0 1.0 0
cell 58.191137691967675 59.19995857079824 0.0 1.0 1.0 1 0 0 0.0 1.0 0
cell 33.64838553376007 19.61270716301171 0.0 1.0 1.0 1 0 0 0.0 1.0 0
cell 28.36525950290929 18.476655326018477 0.0 1.0 1.0 1 0 0 0.0 1.0 0
cell 10.921567346945963 33.36511215463976 0.0 1.0 1.0 1 0 0 0.0 1.0 0
cell 38.71457998851689 24.450909903265114 0.0 1.0 1.0 1 0 0 0.0 1.0 0
cell 49.463882468324854 11.112396532669994 0.0 1.0 1.0 1 0 0 0.0 1.0 0
cell 8.237210644711784 17.760724595112574 0.0 1.0 1.0 1 0 0 0.0 1.0 0
cell 6.3207642362254335 34.57099884259161 0.0 1.0 1.0 1 0 0 0.0 1.0 0
cell 24.43379183936326 0.3506584498130333 0.0 1.0 1.0 1 0 0 0.0 1.0 0
cell 23.446220870501783 34.22267112505734 0.0 1.0 1.0 1 0 0 0.0 1.0 0
cell 14.919512749482006 48.73109104716555 0.0 1.0 1.0 1 0 0 0.0 1.0 0
cell 50.84023659341085 44.98693037460742 0.0 1.0 1.0 1 0 0 0.0 1.0 0
cell 1.0991595511798051 33.851012604079166 0.0 1.0 1.0 1 0 0 0.0 1.0 0
cell 15.135095812840548 39.17518248099983 0.0 1.0 1.0 1 0 0 0.0 1.0 0
cell 5.831079933184392 28.160210716087402 0.0 1.0 1.0 1 0 0 0.0 1.0 0
cell 44.37588350150897 43.470335143625526 0.0 1.0 1.0 1 0 0 0.0 1.0 0
cell 48.78689509748674 13.80479368944143 0.0 1.0 1.0 1 0 0 0.0 1.0 0
cell 43.621968275817366 13.4062169967753 0.0 1.0 1.0 1 0 0 0.0 1.0 0
cell 26.29649918990135 57.91858096211312 0.0 1.0 1.0 1 0 0 0.0 1.0 0
cell 40.66416783791376 23.45128487802312 0.0 1.0 1.0 1 0 0 0.0 1.0 0
cell 25.112707874503954 23.00662154567843 0.0 1.0 1.0 1 0 0 0.0 1.0 0
cell 8.169040497057246 54.62024940007302 0.0 1.0 1.0 1 0 0 0.0 1.0 0
cell 55.28463843556087 58.7372711819966 0.0 1.0 1.0 1 0 0 0.0 1.0 0
cell 25.070518474938158 38.53926927593443 0.0 1.0 1.0 1 0 0 0.0 1.0 0
cell 55.63946372213241 34.460675588277354 0.0 1.0 1.0 1 0 0 0.0 1.0 0
cell 0.9232241165729796 30.68745021779408 0.0 1.0 1.0 1 0 0 0.0 1.0 0
cell 11.236501469820862 54.88301596624392 0.0 1.0 1.0 1 0 0 0.0 1.0 0
cell 52.09287513011371 40.595143127801364 0.0 1.0 1.0 1 0 0 0.0 1.0 0
cell 32.919824514051825 20.687986045316848 0.0 1.0 1.0 1 0 0 0.0 1.0 0
cell 54.28006702813268 13.938209260564335 0.0 1.0 1.0 1 0 0 0.0 1.0 0
cell 20.433020337207417 46.307431827221485 0.0 1.0 1.0 1 0 0 0.0 1.0 0
cell 29.36629107707304 40.61355386075249 0.0 1.0 1.0 1 0 0 0.0 1.0 0
cell 11.25025090785772 34.868367708610386 0.0 1.0 1.0 1 0 0 0.0 1.0 0
cell 56.358938940141975 52.781277600084465 0.0 1.0 1.0 1 0 0 0.0 1.0 0
cell 1.8330539595630522 15.282871958558822 0.0 1.0 1.0 1 0 0 0.0 1.0 0
cell 44.38593054158316 46.26795590159771 0.0 1.0 1.0 1 0 0 0.0 1.0 0
cell 49.20871973095527 49.384551148329685 0.0 1.0 1.0 1 0 0 0.0 1.0 0
cell 58.10624402179706 43.83819060985155 0.0 1.0 1.0 1 0 0 0.0 1.0 0
cell 42.44809919255281 35.87994875375975 0.0 1.0 1.0 1 0 0 0.0 1.0 0
cell 1.8692558549799427 44.87545744789333 0.0 1.0 1.0 1 0 0 0.0 1.0 0
cell 46.02735909612191 53.93842070317706 0.0 1.0 1.0 1 0 0 0.0 1.0 0
cell 2.2082647420007024 6.942959923426646 0.0 1.0 1.0 1 0 0 0.0 1.0 0
cell 8.444533407207231 23.254222875938204 0.0 1.0 1.0 1 0 0 0.0 1.0 0
cell 10.648767421846859 57.75948927587746 0.0 1.0 1.0 1 0 0 0.0 1.0 0
cell 32.82649183174676 49.32255297705558 0.0 1.0 1.0 1 0 0 0.0 1.0 0
cell 2.9425691516617203 45.595235882517976 0.0 1.0 1.0 1 0 0 0.0 1.0 0
cell 5.433457731751727 5.890332753146068 0.0 1.0 1.0 1 0 0 0.0 1.0 0
cell 29.29060735606826 15.240462843826524 0.0 1.0 1.0 1 0 0 0.0 1.0 0
cell 35.420137008840925 14.901023833046336 0.0 1.0 1.0 1 0 0 0.0 1.0 0
cell 47.47092198790158 19.340489085123842 0.0 1.0 1.0 1 0 0 0.0 1.0 0
cell 23.13605912198617 19.51533281835714 0.0 1.0 1.0 1 0 0 0.0 1.0 0
cell 28.706586450157268 13.845298822578107 0.0 1.0 1.0 1 0 0 0.0 1.0 0
cell 53.826772131492916 1.419638712841413 0.0 1.0 1.0 1 0 0 0.0 1.0 0
cell 52.34636645036299 41.88648008918799 0.0 1.0 1.0 1 0 0 0.0 1.0 0
cell 33.51005752783575 8.11801326124657 0.0 1.0 1.0 1 0 0 0.0 1.0 0
cell 15.6715959272694 59.188089082107886 0.0 1.0 1.0 1 0 0 0.0 1.0 0
cell 34.03427417452538 6.487915942584803 0.0 1.0 1.0 1 0 0 0.0 1.0 0
cell 23.270377448215516 16.342512232249188 0.0 1.0 1.0 1 0 0 0.0 1.0 0
cell 2.7852803072549253 34.38814860291276 0.0 1.0 1.0 1 0 0 0.0 1.0 0
cell 48.98038147666055 27.257768335480453 0.0 1.0 1.0 1 0 0 0.0 1.0 0
cell 24.138083348367935 46.33235528456335 0.0 1.0 1.0 1 0 0 0.0 1.0 0
cell 3.6822826229395718 57.661690176582304 0.0 1.0 1.0 1 0 0 0.0 1.0 0
cell 29.948039696197654 59.02591863546029 0.0 1.0 1.0 1 0 0 0.0 1.0 0
cell 3.1052368828243297 42.98016012791379 0.0 1.0 1.0 1 0 0 0.0 1.0 0
cell 37.257974433774194 26.448560149368408 0.0 1.0 1.0 1 0 0 0.0 1.0 0
cell 20.13991610297204 35.17905276348542 0.0 1.0 1.0 1 0 0 0.0 1.0 0
cell 56.726745784085004 38.02496202646441 0.0 1.0 1.0 1 0 0 0.0 1.0 0
cell 37.23682206656156 48.604104072100675 0.0 1.0 1.0 1 0 0 0.0 1.0 0
cell 19.2178236095414 16.12679855617999 0.0 1.0 1.0 1 0 0 0.0 1.0 0
cell 33.42103935367344 10.267773415098958 0.0 1.0 1.0 1 0 0 0.0 1.0 0
cell 51.026846782696396 43.19858249484888 0.0 1.0 1.0 1 0 0 0.0 1.0 0
cell 49.17917248418644 53.670593930158425 0.0 1.0 1.0 1 0 0 0.0 1.0 0
cell 50.932246307000234 25.804534807137653 0.0 1.0 1.0 1 0 0 0.0 1.0 0
cell 23.318153238618322 38.11726101878053 0.0 1.0 1.0 1 0 0 0.0 1.0 0
cell 4.195643086853687 21.811923488474743 0.0 1.0 1.0 1 0 0 0.0 1.0 0
cell 57.29992201864568 35.40084849661467 0.0 1.0 1.0 1 0 0 0.0 1.0 0
cell 6.684939412332424 15.592758551327487 0.0 1.0 1.0 1 0 0 0.0 1.0 0
cell 40.59794281958441 9.120351017276613 0.0 1.0 1.0 1 0 0 0.0 1.0 0
cell 27.749081248372033 43.59325029692173 0.0 1.0 1.0 1 0 0 0.0 1.0 0
cell 16.887927114771713 5.242222184324062 0.0 1.0 1.0 1 0 0 0.0 1.0 0
cell 37.83626931646726 39.19292345706431 0.0 1.0 1.0 1 0 0 0.0 1.0 0
cell 14.379929663338324 10.95383803686383 0.0 1.0 1.0 1 0 0 0.0 1.0 0
cell 15.986194146257667 14.58371898681991 0.0 1.0 1.0 1 0 0 0.0 1.0 0
cell 22.379950019244156 51.17166597674836 0.0 1.0 1.0 1 0 0 0.0 1.0 0
cell 0.9553757204533484 24.715881487772883 0.0 1.0 1.0 1 0 0 0.0 1.0 0
cell 39.24517791871587 10.581978294553853 0.0 1.0 1.0 1 0 0 0.0 1.0 0
cell 38.414229300198976 5.366053583469968 0.0 1.0 1.0 1 0 0 0.0 1.0 0
cell 59.5066046043105 35.69014256831683 0.0 1.0 1.0 1 0 0 0.0 1.0 0
cell 26.522167245888813 47.7653441439511 0.0 1.0 1.0 1 0 0 0.0 1.0 0
cell 59.244386754457395 36.22437251712462 0.0 1.0 1.0 1 0 0 0.0 1.0 0
cell 17.195364439224626 24.66313708239261 0.0 1.0 1.0 1 0 0 0.0 1.0 0
cell 6.698768183493925 40.36452692508048 0.0 1.0 1.0 1 0 0 0.0 1.0 0
cell 54.42302807778359 0.14522876543935903 0.0 1.0 1.0 1 0 0 0.0 1.0 0
cell 21.254853247551967 9.191925352876636 0.0 1.0 1.0 1 0 0 0.0 1.0 0
cell 14.476827166226423 45.083304135340995 0.0 1.0 1.0 1 0 0 0.0 1.0 0
cell 37.31259431798302 16.418607543822358 0.0 1.0 1.0 1 0 0 0.0 1.0 0
cell 21.487410405466175 33.396959141893625 0.0 1.0 1.0 1 0 0 0.0 1.0 0
cell 13.56502367084955 13.050767583393293 0.0 1.0 1.0 1 0 0 0.0 1.0 0
cell 23.339775441869364 50.005556578286026 0.0 1.0 1.0 1 0 0 0.0 1.0 0
cell 25.707621650198476 17.06938314745707 0.0 1.0 1.0 1 0 0 0.0 1.0 0
cell 20.896724416774727 56.0732807834495 0.0 1.0 1.0 1 0 0 0.0 1.0 0
cell 22.45659450389785 24.25685234495171 0.0 1.0 1.0 1 0 0 0.0 1.0 0
cell 44.36027469093961 18.267924629822208 0.0 1.0 1.0 1 0 0 0.0 1.0 0
cell 19.15303362495255 22.3333235448644 0.0 1.0 1.0 1 0 0 0.0 1.0 0
cell 18.94250689172385 23.475923809980937 0.0 1.0 1.0 1 0 0 0.0 1.0 0
cell 41.25663486558169 31.981435415781625 0.0 1.0 1.0 1 0 0 0.0 1.0 0
cell 0.47041439497241283 4.5426770564874985 0.0 1.0 1.0 1 0 0 0.0 1.0 0
cell 59.395368211670785 17.932391189417576 0.0 1.0 1.0 1 0 0 0.0 1.0 0
cell 35.41772583945012 44.47620342294617 0.0 1.0 1.0 1 0 0 0.0 1.0 0
cell 40.69656454758665 12.213711618609153 0.0 1.0 1.0 1 0 0 0.0 1.0 0
cell 22.411520412455108 24.02704845680153 0.0 1.0 1.0 1 0 0 0.0 1.0 0
cell 17.13811458725152 12.854810072572786 0.0 1.0 1.0 1 0 0 0.0 1.0 0
cell 45.863995029673 23.194680707434603 0.0 1.0 1.0 1 0 0 0.0 1.0 0
cell 52.66062354534987 11.13246339375632 0.0 1.0 1.0 1 0 0 0.0 1.0 0
cell 9.158419325831508 31.948090065022424 0.0 1.0 1.0 1 0 0 0.0 1.0 0
cell 5.12651126092724 9.037120610112835 0.0 1.0 1.0 1 0 0 0.0 1.0 0
cell 19.315190145905593 22.97219342482099 0.0 1.0 1.0 1 0 0 0.0 1.0 0
cell 11.995421242009442 53.11093239978288 0.0 1.0 1.0 1 0 0 0.0 1.0 0
cell 56.831182983489825 29.83526131745885 0.0 1.0 1.0 1 0 0 0.0 1.0 0
cell 19.755686028750347 57.052439368651676 0.0 1.0 1.0 1 0 0 0.0 1.0 0
cell 50.46125203777764 31.30154799362919 0.0 1.0 1.0 1 0 0 0.0 1.0 0
cell 27.004259036125493 33.80367505506734 0.0 1.0 1.0 1 0 0 0.0 1.0 0
cell 47.44804218564372 49.01082732775167 0.0 1.0 1.0 1 0 0 0.0 1.0 0
cell 6.0918296854828355 31.422770590774327 0.0 1.0 1.0 1 0 0 0.0 1.0 0
cell 0.3703276978938868 4.604770226951407 0.0 1.0 1.0 1 0 0 0.0 1.0 0
cell 31.892331069020912 46.98372830080421 0.0 1.0 1.0 1 0 0 0.0 1.0 0
cell 47.566069652492295 38.14712270298853 0.0 1.0 1.0 1 0 0 0.0 1.0 0
cell 5.214379982120535 4.330154934070321 0.0 1.0 1.0 1 0 0 0.0 1.0 0
cell 37.16769371820952 27.474729372428477 0.0 1.0 1.0 1 0 0 0.0 1.0 0
cell 6.472519858158916 39.90379998462634 0.0 1.0 1.0 1 0 0 0.0 1.0 0
cell 29.867167745396003 9.755324634431572 0.0 1.0 1.0 1 0 0 0.0 1.0 0
cell 5.826153959196437 12.93393051730226 0.0 1.0 1.0 1 0 0 0.0 1.0 0
cell 53.12350448186098 48.09332859688382 0.0 1.0 1.0 1 0 0 0.0 1.0 0
cell 53.59355698901783 11.390730590038553 0.0 1.0 1.0 1 0 0 0.0 1.0 0
cell 20.10284933501799 1.9357907098481089 0.0 1.0 1.0 1 0 0 0.0 1.0 0
cell 9.794672940572669 14.436258903192224 0.0 1.0 1.0 1 0 0 0.0 1.0 0
cell 28.809134362061492 14.721166003986523 0.0 1.0 1.0 1 0 0 0.0 1.0 0
cell 10.109112711992967 6.2473888453554345 0.0 1.0 1.0 1 0 0 0.0 1.0 0
cell 48.36523564031737 54.046532451872395 0.0 1.0 1.0 1 0 0 0.0 1.0 0
cell 51.47278390123743 49.4480368437828 0.0 1.0 1.0 1 0 0 0.0 1.0 0
cell 41.634573441532865 6.307704030878821 0.0 1.0 1.0 1 0 0 0.0 1.0 0
cell 50.84402465516291 11.2277159325042 0.0 1.0 1.0 1 0 0 0.0 1.0 0
cell 18.924764390946862 35.157498024789604 0.0 1.0 1.0 1 0 0 0.0 1.0 0
cell 59.388334871401426 33.999698337420746 0.0 1.0 1.0 1 0 0 0.0 1.0 0
cell 54.60644283010614 19.637465599068815 0.0 1.0 1.0 1 0 0 0.0 1.0 0
cell 53.61220024501746 33.03902721126365 0.0 1.0 1.0 1 0 0 0.0 1.0 0
cell 57.26707883978032 49.62553865129958 0.0 1.0 1.0 1 0 0 0.0 1.0 0
cell 49.266638327319406 11.855714147540285 0.0 1.0 1.0 1 0 0 0.0 1.0 0
cell 37.626000585510816 45.18909588544339 0.0 1.0 1.0 1 0 0 0.0 1.0 0
cell 41.35701488386968 15.004696990857495 0.0 1.0 1.0 1 0 0 0.0 1.0 0
cell 45.466765509532955 57.5160553125995 0.0 1.0 1.0 1 0 0 0.0 1.0 0
cell 18.942705212556124 54.70051722299184 0.0 1.0 1.0 1 0 0 0.0 1.0 0
cell 46.30059477280526 29.041269560213358 0.0 1.0 1.0 1 0 0 0.0 1.0 0
cell 5.997870057056776 30.830113311318662 0.0 1.0 1.0 1 0 0 0.0 1.0 0
cell 39.226676359167996 13.084088766788739 0.0 1.0 1.0 1 0 0 0.0 1.0 0
cell 30.926177832451476 45.78218372529725 0.0 1.0 1.0 1 0 0 0.0 1.0 0
cell 39.732416962658256 42.01431929317634 0.0 1.0 1.0 1 0 0 0.0 1.0 0
cell 13.047485367008356 59.175577488292284 0.0 1.0 1.0 1 0 0 0.0 1.0 0
cell 59.01679081410924 42.55145671361412 0.0 1.0 1.0 1 0 0 0.0 1.0 0
cell 16.1965025635147 51.43094848559822 0.0 1.0 1.0 1 0 0 0.0 1.0 0
cell 36.78640120987311 37.714301222003215 0.0 1.0 1.0 1 0 0 0.0 1.0 0
cell 7.871450051351667 44.58421762904734 0.0 1.0 1.0 1 0 0 0.0 1.0 0
cell 23.928313102689994 9.41990021461643 0.0 1.0 1.0 1 0 0 0.0 1.0 0
cell 24.43423011879279 19.684250565869114 0.0 1.0 1.0 1 0 0 0.0 1.0 0
cell 0.027894988473242423 31.022643041530035 0.0 1.0 1.0 1 0 0 0.0 1.0 0
cell 46.96200330456981 53.99429443659624 0.0 1.0 1.0 1 0 0 0.0 1.0 0
cell 35.736476277136184 5.61917367462847 0.0 1.0 1.0 1 0 0 0.0 1.0 0
cell 23.01272799120717 54.59818679282745 0.0 1.0 1.0 1 0 0 0.0 1.0 0
cell 57.34855818334152 23.41356827680294 0.0 1.0 1.0 1 0 0 0.0 1.0 0
cell 16.127772370858672 26.712592836837935 0.0 1.0 1.0 1 0 0 0.0 1.0 0
cell 30.563253603412 8.601771870704065 0.0 1.0 1.0 1 0 0 0.0 1.0 0
cell 39.431189161458114 8.022736864393998 0.0 1.0 1.0 1 0 0 0.0 1.0 0
cell 29.313045692994166 33.8917629980681 0.0 1.0 1.0 1 0 0 0.0 1.0 0
cell 34.786306870869836 1.8928018912521036 0.0 1.0 1.0 1 0 0 0.0 1.0 0
cell 46.04722816987675 10.20417619001739 0.0 1.0 1.0 1 0 0 0.0 1.0 0
cell 1.1707294821695278 16.859103278907668 0.0 1.0 1.0 1 0 0 0.0 1.0 0
cell 10.295591634811002 29.574197985265307 0.0 1.0 1.0 1 0 0 0.0 1.0 0
cell 52.90373323795524 49.96514398501704 0.0 1.0 1.0 1 0 0 0.0 1.0 0
cell 38.47451931079088 53.26982134519 0.0 1.0 1.0 1 0 0 0.0 1.0 0
cell 3.3601184191396696 2.1643922074769497 0.0 1.0 1.0 1 0 0 0.0 1.0 0
cell 26.971073337090562 7.701057976095982 0.0 1.0 1.0 1 0 0 0.0 1.0 0
cell 48.38225561129655 30.403253419256743 0.0 1.0 1.0 1 0 0 0.0 1.0 0
cell 44.51711589522578 29.466793616600818 0.0 1.0 1.0 1 0 0 0.0 1.0 0
cell 28.970155072153702 46.075099604611836 0.0 1.0 1.0 1 0 0 0.0 1.0 0
cell 1.3243098560293367 58.410797042951764 0.0 1.0 1.0 1 0 0 0.0 1.0 0
cell 58.20844653200951 9.975129090700019 0.0 1.0 1.0 1 0 0 0.0 1.0 0
cell 3.052559271243863 13.01119409535648 0.0 1.0 1.0 1 0 0 0.0 1.0 0
cell 28.441052657158643 48.36943996706527 0.0 1.0 1.0 1 0 0 0.0 1.0 0
cell 14.372799018295003 51.817114852543945 0.0 1.0 1.0 1 0 0 0.0 1.0 0
cell 39.82080296076116 44.375123324676174 0.0 1.0 1.0 1 0 0 0.0 1.0 0
cell 10.316256507470023 21.116399531387763 0.0 1.0 1.0 1 0 0 0.0 1.0 0
cell 47.61208404374523 6.053770298980939 0.0 1.0 1.0 1 0 0 0.0 1.0 0
cell 0.008563015223389923 24.438964143629992 0.0 1.0 1.0 1 0 0 0.0 1.0 0
cell 26.352272798080296 33.808956308384225 0.0 1.0 1.0 1 0 0 0.0 1.0 0
cell 50.424716763746076 22.686891641382612 0.0 1.0 1.0 1 0 0 0.0 1.0 0
cell 41.44753853575936 44.66712762679454 0.0 1.0 1.0 1 0 0 0.0 1.0 0
cell 38.370975734054575 58.61867496479912 0.0 1.0 1.0 1 0 0 0.0 1.0 0
cell 36.84408434817128 8.429369822885018 0.0 1.0 1.0 1 0 0 0.0 1.0 0
cell 3.6766027591031483 30.779274061945543 0.0 1.0 1.0 1 0 0 0.0 1.0 0
cell 32.72052522991488 29.963799082246034 0.0 1.0 1.0 1 0 0 0.0 1.0 0
cell 1.5845209738556754 29.117860638897053 0.0 1.0 1.0 1 0 0 0.0 1.0 0
cell 45.33949125174306 9.692665725254571 0.0 1.0 1.0 1 0 0 0.0 1.0 0
cell 45.232257418801005 32.24918139851842 0.0 1.0 1.0 1 0 0 0.0 1.0 0
cell 46.884476562978215 22.40349302087689 0.0 1.0 1.0 1 0 0 0.0 1.0 0
cell 0.10757006218022477 37.574615868681185 0.0 1.0 1.0 1 0 0 0.0 1.0 0
cell 26.1357817317763 27.31100639864527 0.0 1.0 1.0 1 0 0 0.0 1.0 0
cell 36.70489459627662 14.472760702936473 0.0 1.0 1.0 1 0 0 0.0 1.0 0
cell 30.6724927642852 40.15377000980417 0.0 1.0 1.0 1 0 0 0.0 1.0 0
cell 6.768284653295236 28.044885331132686 0.0 1.0 1.0 1 0 0 0.0 1.0 0
cell 37.67840522412402 1.739954469676793 0.0 1.0 1.0 1 0 0 0.0 1.0 0
cell 10.131250433208505 45.073558459190835 0.0 1.0 1.0 1 0 0 0.0 1.0 0
cell 8.981416839274473 37.498689155936574 0.0 1.0 1.0 1 0 0 0.0 1.0 0
cell 33.340369988810046 13.460437272084622 0.0 1.0 1.0 1 0 0 0.0 1.0 0
cell 40.76644618684255 49.26539847403297 0.0 1.0 1.0 1 0 0 0.0 1.0 0
cell 41.203259373724286 10.51318744542469 0.0 1.0 1.0 1 0 0 0.0 1.0 0
cell 58.97919688695569 41.82450321157249 0.0 1.0 1.0 1 0 0 0.0 1.0 0
cell 30.26111003130467 36.76323625121425 0.0 1.0 1.0 1 0 0 0.0 1.0 0
cell 52.21565870811043 8.289313349647292 0.0 1.0 1.0 1 0 0 0.0 1.0 0
cell 1.1364200543878515 56.830059938755404 0.0 1.0 1.0 1 0 0 0.0 1.0 0
cell 32.203910819860816 18.01623725385396 0.0 1.0 1.0 1 0 0 0.0 1.0 0
cell 13.002163548417476 1.520301527727031 0.0 1.0 1.0 1 0 0 0.0 1.0 0
cell 5.509843603661231 56.60356051401593 0.0 1.0 1.0 1 0 0 0.0 1.0 0
cell 30.368047564131967 34.34652184107207 0.0 1.0 1.0 1 0 0 0.0 1.0 0
cell 20.96911200172424 52.24046717303999 0.0 1.0 1.0 1 0 0 0.0 1.0 0
cell 1.309786270118386 55.22558974176189 0.0 1.0 1.0 1 0 0 0.0 1.0 0
cell 20.403486638709328 4.649441269027637 0.0 1.0 1.0 1 0 0 0.0 1.0 0
cell 59.55426734740612 22.801279273190463 0.0 1.0 1.0 1 0 0 0.0 1.0 0
cell 35.062351895506175 45.982180467071785 0.0 1.0 1.0 1 0 0 0.0 1.0 0
cell 32.68836986776174 34.19552289825364 0.0 1.0 1.0 1 0 0 0.0 1.0 0
cell 41.362668760944764 57.516354975597736 0.0 1.0 1.0 1 0 0 0.0 1.0 0
cell 43.08036626896296 17.292373261426306 0.0 1.0 1.0 1 0 0 0.0 1.0 0
cell 31.260654186132747 53.98223338309968 0.0 1.0 1.0 1 0 0 0.0 1.0 0
cell 53.55578355285625 53.85053915621555 0.0 1.0 1.0 1 0 0 0.0 1.0 0
cell 43.839039947659955 33.00876889376851 0.0 1.0 1.0 1 0 0 0.0 1.0 0
cell 46.83134166969368 3.8747422195788075 0.0 1.0 1.0 1 0 0 0.0 1.0 0
cell 17.19351812803891 2.9552324221867536 0.0 1.0 1.0 1 0 0 0.0 1.0 0
cell 52.21737263284112 36.12100658887942 0.0 1.0 1.0 1 0 0 0.0 1.0 0
cell 30.16112891735799 23.166309751983675 0.0 1.0 1.0 1 0 0 0.0 1.0 0
cell 53.82798606940028 8.669714389209567 0.0 1.0 1.0 1 0 0 0.0 1.0 0
cell 54.849446122824375 25.465241459740756 0.0 1.0 1.0 1 0 0 0.0 1.0 0
cell 41.759028746936345 18.727585300363103 0.0 1.0 1.0 1 0 0 0.0 1.0 0
cell 30.823674682120412 9.967483536304176 0.0 1.0 1.0 1 0 0 0.0 1.0 0
cell 48.36404096418499 38.152367373525294 0.0 1.0 1.0 1 0 0 0.0 1.0 0
cell 53.51365345428261 43.41135796485351 0.0 1.0 1.0 1 0 0 0.0 1.0 0
cell 11.97392151737275 39.690187587087586 0.0 1.0 1.0 1 0 0 0.0 1.0 0
cell 16.791861363881736 7.857603915570763 0.0 1.0 1.0 1 0 0 0.0 1.0 0
cell 28.00779114117423 37.36236332627279 0.0 1.0 1.0 1 0 0 0.0 1.0 0
cell 15.090220927454212 43.40306822064554 0.0 1.0 1.0 1 0 0 0.0 1.0 0
cell 27.356439170148565 36.87262925972527 0.0 1.0 1.0 1 0 0 0.0 1.0 0
cell 41.61953117938032 20.51454652788353 0.0 1.0 1.0 1 0 0 0.0 1.0 0
cell 14.457777011319443 58.64313934023939 0.0 1.0 1.0 1 0 0 0.0 1.0 0
cell 18.123931237224188 43.48492315189625 0.0 1.0 1.0 1 0 0 0.0 1.0 0
cell 16.538205527320176 16.937301808374322 0.0 1.0 1.0 1 0 0 0.0 1.0 0
cell 35.9436459040289 53.470142418563235 0.0 1.0 1.0 1 0 0 0.0 1.0 0
cell 21.565004603951238 9.744797091150636 0.0 1.0 1.0 1 0 0 0.0 1.0 0
cell 9.948271717043825 2.2041008934244717 0.0 1.0 1.0 1 0 0 0.0 1.0 0
cell 47.846930488811985 8.863907095201892 0.0 1.0 1.0 1 0 0 0.0 1.0 0
cell 36.29423169846983 25.570809542112872 0.0 1.0 1.0 1 0 0 0.0 1.0 0
cell 1.86501984673262 54.19531864940886 0.0 1.0 1.0 1 0 0 0.0 1.0 0
cell 29.01749270939535 8.106825442696199 0.0 1.0 1.0 1 0 0 0.0 1.0 0
cell 4.274439976341187 5.2911039843527 0.0 1.0 1.0 1 0 0 0.0 1.0 0
cell 0.00032079164552243445 41.8182281370571 0.0 1.0 1.0 1 0 0 0.0 1.0 0
cell 41.04008354791303 21.85259656189645 0.0 1.0 1.0 1 0 0 0.0 1.0 0
cell 10.441684462726041 40.396281974248815 0.0 1.0 1.0 1 0 0 0.0 1.0 0
cell 34.4742074766317 10.333375950405355 0.0 1.0 1.0 1 0 0 0.0 1.0 0
cell 20.533221167002623 16.441521948466654 0.0 1.0 1.0 1 0 0 0.0 1.0 0
cell 27.42170821171302 52.36954858167205 0.0 1.0 1.0 1 0 0 0.0 1.0 0
cell 28.33598029813857 18.165638755341888 0.0 1.0 1.0 1 0 0 0.0 1.0 0
cell 41.802481955735715 9.948584616674623 0.0 1.0 1.0 1 0 0 0.0 1.0 0
cell 56.68980006871565 9.165050019309147 0.0 1.0 1.0 1 0 0 0.0 1.0 0
cell 29.526965610478797 36.62686132408482 0.0 1.0 1.0 1 0 0 0.0 1.0 0
cell 50.21491468609995 57.25914114421782 0.0 1.0 1.0 1 0 0 0.0 1.0 0
cell 38.81194465349465 25.927677110108334 0.0 1.0 1.0 1 0 0 0.0 1.0 0
cell 5.200141409885959 40.548644480626 0.0 1.0 1.0 1 0 0 0.0 1.0 0
cell 26.275960553078868 24.489250926153414 0.0 1.0 1.0 1 0 0 0.0 1.0 0
cell 4.917964458119144 31.885046711765636 0.0 1.0 1.0 1 0 0 0.0 1.0 0
cell 38.926991573698885 37.849772588740976 0.0 1.0 1.0 1 0 0 0.0 1.0 0
cell 29.8177934158496 53.48992536137872 0.0 1.0 1.0 1 0 0 0.0 1.0 0
cell 56.53129566823151 24.58736145632381 0.0 1.0 1.0 1 0 0 0.0 1.0 0
cell 53.38758334109366 9.124737525458912 0.0 1.0 1.0 1 0 0 0.0 1.0 0
cell 51.42453580135938 56.41612103448399 0.0 1.0 1.0 1 0 0 0.0 1.0 0
cell 9.97232548240681 50.951954779651025 0.0 1.0 1.0 1 0 0 0.0 1.0 0
cell 52.802326060478435 12.017958139804454 0.0 1.0 1.0 1 0 0 0.0 1.0 0
cell 20.20165022246165 24.642073507928504 0.0 1.0 1.0 1 0 0 0.0 1.0 0
cell 2.2907728359676467 20.077061357159877 0.0 1.0 1.0 1 0 0 0.0 1.0 0
cell 47.228248360776995 3.5480014432946105 0.0 1.0 1.0 1 0 0 0.0 1.0 0
cell 1.1003997261733856 35.95638164274477 0.0 1.0 1.0 1 0 0 0.0 1.0 0
cell 25.686613229416444 39.589438100577865 0.0 1.0 1.0 1 0 0 0.0 1.0 0
cell 54.57650320651767 12.775616607358822 0.0 1.0 1.0 1 0 0 0.0 1.0 0
cell 41.158183869932195 25.65435168675148 0.0 1.0 1.0 1 0 0 0.0 1.0 0
cell 5.454159820207008 45.30811824802472 0.0 1.0 1.0 1 0 0 0.0 1.0 0
cell 36.71605953003713 13.95694765719115 0.0 1.0 1.0 1 0 0 0.0 1.0 0
cell 27.50405218553261 35.470772149948644 0.0 1.0 1.0 1 0 0 0.0 1.0 0
cell 47.3639704767757 3.3181053346314813 0.0 1.0 1.0 1 0 0 0.0 1.0 0
cell 9.93726856281648 45.61008079838207 0.0 1.0 1.0 1 0 0 0.0 1.0 0
cell 48.5229016947708 37.898391397247885 0.0 1.0 1.0 1 0 0 0.0 1.0 0
cell 4.0081599947810505 59.47068319897531 0.0 1.0 1.0 1 0 0 0.0 1.0 0
cell 48.13860054593541 16.928580785803778 0.0 1.0 1.0 1 0 0 0.0 1.0 0
cell 47.22657023312317 23.350819141550353 0.0 1.0 1.0 1 0 0 0.0 1.0 0
cell 25.815624006289273 49.42796128500235 0.0 1.0 1.0 1 0 0 0.0 1.0 0
cell 7.687474371358076 59.241829900094615 0.0 1.0 1.0 1 0 0 0.0 1.0 0
cell 17.677394622110846 3.5484138724165804 0.0 1.0 1.0 1 0 0 0.0 1.0 0
cell 9.112963776299491 2.2911382815102956 0.0 1.0 1.0 1 0 0 0.0 1.0 0
cell 18.451073861104 53.92628297770209 0.0 1.0 1.0 1 0 0 0.0 1.0 0
cell 9.879117608096173 53.65156583000066 0.0 1.0 1.0 1 0 0 0.0 1.0 0
cell 2.6562944401480797 16.89865066781435 0.0 1.0 1.0 1 0 0 0.0 1.0 0
cell 56.32005350766531 9.907818935998595 0.0 1.0 1.0 1 0 0 0.0 1.0 0
cell 9.429443126994483 42.169004124153325 0.0 1.0 1.0 1 0 0 0.0 1.0 0
cell 0.10511558153685538 13.63626960372717 0.0 1.0 1.0 1 0 0 0.0 1.0 0
cell 39.38750798139177 38.06664904461992 0.0 1.0 1.0 1 0 0 0.0 1.0 0
cell 17.269297940173022 25.260055336138564 0.0 1.0 1.0 1 0 0 0.0 1.0 0
cell 25.739173481681533 59.613606733054375 0.0 1.0 1.0 1 0 0 0.0 1.0 0
cell 37.875994273092736 26.335958446966487 0.0 1.0 1.0 1 0 0 0.0 1.0 0
cell 17.518119521205747 41.18994193462991 0.0 1.0 1.0 1 0 0 0.0 1.0 0
cell 20.67121770461426 31.928118335797098 0.0 1.0 1.0 1 0 0 0.0 1.0 0
cell 19.44431834043194 59.498903518039235 0.0 1.0 1.0 1 0 0 0.0 1.0 0
cell 2.821193816556116 55.17101936002012 0.0 1.0 1.0 1 0 0 0.0 1.0 0
cell 29.198948548065744 45.97941186209758 0.0 1.0 1.0 1 0 0 0.0 1.0 0
cell 9.152454835606694 49.89050045638402 0.0 1.0 1.0 1 0 0 0.0 1.0 0
cell 35.35055576525404 54.17409263809853 0.0 1.0 1.0 1 0 0 0.0 1.0 0
cell 9.526982965181618 21.34776343913524 0.0 1.0 1.0 1 0 0 0.0 1.0 0
cell 18.253122293105218 21.391511657862303 0.0 1.0 1.0 1 0 0 0.0 1.0 0
cell 9.324332554330052 37.60512876858264 0.0 1.0 1.0 1 0 0 0.0 1.0 0
cell 46.101526128007634 7.142207881204495 0.0 1.0 1.0 1 0 0 0.0 1.0 0
cell 13.251684951998321 53.176584403403936 0.0 1.0 1.0 1 0 0 0.0 1.0 0
cell 7.877220701846754 13.623265069319205 0.0 1.0 1.0 1 0 0 0.0 1.0 0
cell 42.594502775954545 38.75603717609945 0.0 1.0 1.0 1 0 0 0.0 1.0 0
cell 4.8180002852018005 34.33335197316232 0.0 1.0 1.0 1 0 0 0.0 1.0 0
cell 39.77731456761642 39.40691633645164 0.0 1.0 1.0 1 0 0 0.0 1.0 0
cell 26.186151307840806 51.98471282149659 0.0 1.0 1.0 1 0 0 0.0 1.0 0
cell 15.823049370142114 56.320474199437314 0.0 1.0 1.0 1 0 0 0.0 1.0 0
cell 11.09375275825414 7.52142217993556 0.0 1.0 1.0 1 0 0 0.0 1.0 0
cell 14.496461640233738 56.782277795821265 0.0 1.0 1.0 1 0 0 0.0 1.0 0
cell 39.28383258275846 43.29115571466042 0.0 1.0 1.0 1 0 0 0.0 1.0 0
cell 29.82875980754174 8.006812325548854 0.0 1.0 1.0 1 0 0 0.0 1.0 0
cell 40.30279733059026 40.84397497417619 0.0 1.0 1.0 1 0 0 0.0 1.0 0
cell 17.951889710262023 28.020697835092005 0.0 1.0 1.0 1 0 0 0.0 1.0 0
cell 55.58611665827504 2.3591270566781213 0.0 1.0 1.0 1 0 0 0.0 1.0 0
cell 8.773271492681118 25.38660815532348 0.0 1.0 1.0 1 0 0 0.0 1.0 0
cell 42.529978540993426 44.61546880211331 0.0 1.0 1.0 1 0 0 0.0 1.0 0
cell 49.283028327269314 17.890129904618906 0.0 1.0 1.0 1 0 0 0.0 1.0 0
cell 16.293458098374284 7.31970123888927 0.0 1.0 1.0 1 0 0 0.0 1.0 0
cell 1.9747018618729977 33.74931645079529 0.0 1.0 1.0 1 0 0 0.0 1.0 0
cell 22.631998748042026 2.1925345045736657 0.0 1.0 1.0 1 0 0 0.0 1.0 0
cell 51.226863976103466 32.57640526408444 0.0 1.0 1.0 1 0 0 0.0 1.0 0
cell 19.410091286676582 41.39099094018324 0.0 1.0 1.0 1 0 0 0.0 1.0 0
cell 19.134938487139475 50.058919135069495 0.0 1.0 1.0 1 0 0 0.0 1.0 0
cell 47.865821488513376 19.140463304015395 0.0 1.0 1.0 1 0 0 0.0 1.0 0
cell 46.29209851854063 40.231987680452455 0.0 1.0 1.0 1 0 0 0.0 1.0 0
cell 37.47450914688362 46.373775274235484 0.0 1.0 1.0 1 0 0 0.0 1.0 0
cell 8.18056575688428 58.966688465255096 0.0 1.0 1.0 1 0 0 0.0 1.0 0
cell 39.701330619009234 44.37642416684908 0.0 1.0 1.0 1 0 0 0.0 1.0 0
cell 16.726053907906604 34.2276426136931 0.0 1.0 1.0 1 0 0 0.0 1.0 0
cell 30.505305178478242 19.939887662726 0.0 1.0 1.0 1 0 0 0.0 1.0 0
cell 9.12021108904137 18.512930107349437 0.0 1.0 1.0 1 0 0 0.0 1.0 0
cell 34.173837592419744 21.14500966988523 0.0 1.0 1.0 1 0 0 0.0 1.0 0
cell 53.65610021649645 8.304564652694534 0.0 1.0 1.0 1 0 0 0.0 1.0 0
cell 56.71440939667809 31.591661377507844 0.0 1.0 1.0 1 0 0 0.0 1.0 0
cell 15.258643543851807 13.075448528612814 0.0 1.0 1.0 1 0 0 0.0 1.0 0
cell 28.627735004056216 8.075616481488145 0.0 1.0 1.0 1 0 0 0.0 1.0 0
cell 32.46706745968255 6.174747619784166 0.0 1.0 1.0 1 0 0 0.0 1.0 0
cell 39.53849036729643 40.614283126394604 0.0 1.0 1.0 1 0 0 0.0 1.0 0
cell 17.18072080158092 52.10381543225007 0.0 1.0 1.0 1 0 0 0.0 1.0 0
cell 48.71911111743299 4.298998343715746 0.0 1.0 1.0 1 0 0 0.0 1.0 0
cell 33.55333529208778 50.83331647963129 0.0 1.0 1.0 1 0 0 0.0 1.0 0
cell 16.93416769663797 26.146437283377466 0.0 1.0 1.0 1 0 0 0.0 1.0 0
cell 2.0156434546555495 6.403302699835167 0.0 1.0 1.0 1 0 0 0.0 1.0 0
cell 19.086383209154782 20.82921940304812 0.0 1.0 1.0 1 0 0 0.0 1.0 0
cell 28.9665201411122 51.2006971125833 0.0 1.0 1.0 1 0 0 0.0 1.0 0
