1000
 Lattice="59.74940712514713 0.0 0.0 0.0 59.74940712514713 0.0 0.0 0.0 1.0"Properties=species:S:1:pos:R:3:aspherical_shape:R:3:orientation:R:4:Color:R:1
cell 25.59001562645257 5.852996745149389 0.0 1.6431676725154984 0.6085806194501846 1 0 0 0.8748211787000353 0.4844459776877923 2.1301331360547553
cell 58.57514362542341 21.140004620050522 0.0 1.0 1.0 1 0 0 0.0 1.0 0
cell 58.131523292079635 15.962703860689315 0.0 1.6431676725154984 0.6085806194501846 1 0 0 0.9999971905796649 0.0023704077238913012 3.136851833702358
cell 16.514324095963513 5.482585203134367 0.0 1.0 1.0 1 0 0 0.0 1.0 0
cell 49.501746261626295 20.480195226732473 0.0 1.0 1.0 1 0 0 0.0 1.0 0
cell 32.79831700357959 5.9618629240133325 0.0 1.6431676725154984 0.6085806194501846 1 0 0 0.9839646241771652 0.1783637249215492 2.7829461359856595
cell 28.30353303219915 54.726680598274775 0.0 1.0 1.0 1 0 0 0.0 1.0 0
cell 27.039663480240108 14.440072674091544 0.0 1.0 1.0 1 0 0 0.0 1.0 0
cell 26.839720195696778 44.813209301460155 0.0 1.0 1.0 1 0 0 0.0 1.0 0
cell 38.50170489417067 36.04159577567631 0.0 1.0 1.0 1 0 0 0.0 1.0 0
cell 27.66403507222956 3.75124110180458 0.0 1.6431676725154984 0.6085806194501846 1 0 0 0.8827172849451878 0.469904452903988 2.163227587825807
cell 38.63554773459376 18.086693739446844 0.0 1.0 1.0 1 0 0 0.0 1.0 0
cell 32.68673165245582 14.29411456775868 0.0 1.0 1.0 1 0 0 0.0 1.0 0
cell 33.45580104691657 4.289548390661865 0.0 1.6431676725154984 0.6085806194501846 1 0 0 0.9749531296965148 0.22241041993344368 2.693020412338462
cell 26.362509770868108 52.04698248211825 0.0 1.0 1.0 1 0 0 0.0 1.0 0
cell 6.673981503811753 30.902704749295964 0.0 1.0 1.0 1 0 0 0.0 1.0 0
cell 5.965454013004858 55.858165011068095 0.0 1.6431676725154984 0.6085806194501846 1 0 0 -0.9728126145444609 -0.23159364624956844 2.674161556647059
cell 26.391978138977258 31.47194104754156 0.0 1.6431676725154984 0.6085806194501846 1 0 0 -0.3534477102253973 -0.9354542832957812 0.7225082985060833
cell 13.337732713526844 29.028261575789724 0.0 1.0 1.0 1 0 0 0.0 1.0 0
cell 39.954540828665515 58.45221252696112 0.0 1.6431676725154984 0.6085806194501846 1 0 0 0.9823325651591124 0.187143611774269 2.7650855022011367
cell 18.12989897887496 55.222342054764354 0.0 1.0 1.0 1 0 0 0.0 1.0 0
cell 1.8134161821551982 57.043067402392616 0.0 1.6431676725154984 0.6085806194501846 1 0 0 0.9973487222231854 -0.07277036676958094 3.2872621466610386
cell 0.7672239628143918 3.2262026209889827 0.0 1.6431676725154984 0.6085806194501846 1 0 0 0.6041242526224939 0.7968901350834462 1.2973329056208294
cell 39.08976556716945 28.256072780462468 0.0 1.0 1.0 1 0 0 0.0 1.0 0
cell 40.912314963279776 49.949353138713604 0.0 1.6431676725154984 0.6085806194501846 1 0 0 0.8201165667945465 -0.5721964844956023 4.359955892865198
cell 42.07684230824427 55.36152948503545 0.0 1.0 1.0 1 0 0 0.0 1.0 0
cell 37.534235346073764 19.750146989710146 0.0 1.0 1.0 1 0 0 0.0 1.0 0
cell 17.370436321605236 46.72414734299761 0.0 1.0 1.0 1 0 0 0.0 1.0 0
cell 25.64881361242524 39.81746955465167 0.0 1.0 1.0 1 0 0 0.0 1.0 0
cell 24.300014768080995 13.443524682904185 0.0 1.6431676725154984 0.6085806194501846 1 0 0 0.9366992983976989 0.35013486598917637 2.426162493994598
cell 36.91337390725652 34.928010280626765 0.0 1.0 1.0 1 0 0 0.0 1.0 0
cell 47.99004937403738 7.913428163720525 0.0 1.0 1.0 1 0 0 0.0 1.0 0
cell 1.2069139466756835 47.72872159666532 0.0 1.6431676725154984 0.6085806194501846 1 0 0 0.9282262100043155 -0.372016267199466 3.903953153480001
cell 50.83592205749864 18.30630188468095 0.0 1.0 1.0 1 0 0 0.0 1.0 0
cell 56.87561799583046 53.267604967087166 0.0 1.6431676725154984 0.6085806194501846 1 0 0 0.9961619722162509 -0.08752899582555135 3.316874948777219
cell 12.650523688122703 33.79883724422527 0.0 1.6431676725154984 0.6085806194501846 1 0 0 0.09454721897756134 -0.9955203781860064 6.093808005120107
cell 28.01609309582073 19.221588594928853 0.0 1.0 1.0 1 0 0 0.0 1.0 0
cell 26.523941930483392 20.23054215530541 0.0 1.6431676725154984 0.6085806194501846 1 0 0 0.1530848653879285 0.988213045850519 0.3073783673514133
cell 43.75713234449202 41.428234983413894 0.0 1.0 1.0 1 0 0 0.0 1.0 0
cell 13.760240409485483 45.6721769569726 0.0 1.0 1.0 1 0 0 0.0 1.0 0
cell 26.382060930572067 12.9732743985693 0.0 1.0 1.0 1 0 0 0.0 1.0 0
cell 30.416264705838877 29.470849100821297 0.0 1.0 1.0 1 0 0 0.0 1.0 0
cell 27.011409388489575 34.049292708832965 0.0 1.0 1.0 1 0 0 0.0 1.0 0
cell 50.512587453835685 50.950057668735354 0.0 1.6431676725154984 0.6085806194501846 1 0 0 0.9728051198388845 0.23162512561303353 2.67409683815091
cell 31.837037621253476 45.32127001032438 0.0 1.0 1.0 1 0 0 0.0 1.0 0
cell 9.774837331735544 21.63591839245746 0.0 1.6431676725154984 0.6085806194501846 1 0 0 -0.5822675330111271 -0.8129972447684777 1.243030034161844
cell 36.97941908220669 54.59079594688459 0.0 1.0 1.0 1 0 0 0.0 1.0 0
cell 44.347613499696216 27.248098061972733 0.0 1.0 1.0 1 0 0 0.0 1.0 0
cell 49.265891520602686 14.544624892655953 0.0 1.0 1.0 1 0 0 0.0 1.0 0
cell 41.65655635369756 7.8423227221495635 0.0 1.0 1.0 1 0 0 0.0 1.0 0
cell 17.68039970634307 12.233809852187747 0.0 1.0 1.0 1 0 0 0.0 1.0 0
cell 13.949700720874514 52.27011516725275 0.0 1.0 1.0 1 0 0 0.0 1.0 0
cell 38.62635271760716 41.888856936106734 0.0 1.0 1.0 1 0 0 0.0 1.0 0
cell 56.92801867156901 18.2628532926243 0.0 1.0 1.0 1 0 0 0.0 1.0 0
cell 29.82534347565678 52.41728182896545 0.0 1.0 1.0 1 0 0 0.0 1.0 0
cell 40.740602047349924 31.15284614558147 0.0 1.0 1.0 1 0 0 0.0 1.0 0
cell 29.001715431242566 20.475951466201025 0.0 1.0 1.0 1 0 0 0.0 1.0 0
cell 48.90003581163878 42.50043915633701 0.0 1.0 1.0 1 0 0 0.0 1.0 0
cell 5.221011753958728 47.27395393901909 0.0 1.6431676725154984 0.6085806194501846 1 0 0 0.04395636931250678 -0.9990334516906141 6.19524423362981
cell 19.146485246486506 7.95471135684313 0.0 1.0 1.0 1 0 0 0.0 1.0 0
cell 4.383061946685399 21.71205673991213 0.0 1.0 1.0 1 0 0 0.0 1.0 0
cell 33.51490051950153 8.04584022574641 0.0 1.0 1.0 1 0 0 0.0 1.0 0
cell 59.725381370861605 37.98483280393818 0.0 1.0 1.0 1 0 0 0.0 1.0 0
cell 45.50931685267787 59.30483624922689 0.0 1.6431676725154984 0.6085806194501846 1 0 0 0.9761680970038027 0.21701577452336124 2.7040799643326823
cell 8.896878329799568 6.2062010220105845 0.0 1.6431676725154984 0.6085806194501846 1 0 0 0.9784817324358007 0.20633346623714274 2.725940047458711
cell 15.541243402462156 31.084678515105075 0.0 1.6431676725154984 0.6085806194501846 1 0 0 -0.4094868872039269 -0.9123160029332152 0.8437831246945589
cell 43.20639205734723 32.53645090276869 0.0 1.6431676725154984 0.6085806194501846 1 0 0 0.522002974540954 0.8529436643591394 1.09839515188043
cell 27.010714620452273 26.053131020017656 0.0 1.0 1.0 1 0 0 0.0 1.0 0
cell 29.80231829697999 53.95779373646488 0.0 1.0 1.0 1 0 0 0.0 1.0 0
cell 5.03124038496708 54.06630550294503 0.0 1.6431676725154984 0.6085806194501846 1 0 0 -0.5907251375744822 -0.806872859772597 1.2639144932007795
cell 56.84246634571354 43.592580307138 0.0 1.6431676725154984 0.6085806194501846 1 0 0 0.9486142159853002 -0.31643493680469986 3.785530532653435
cell 59.607970700653375 39.702858162942874 0.0 1.6431676725154984 0.6085806194501846 1 0 0 0.24850688334695373 0.968630130095685 0.5022769543250026
cell 55.6345762802991 47.1032379370107 0.0 1.6431676725154984 0.6085806194501846 1 0 0 -0.7466045978450626 0.6652680470882487 4.597298217752057
cell 51.19036351570835 36.1586608757434 0.0 1.6431676725154984 0.6085806194501846 1 0 0 -0.340860728119384 -0.9401138037630994 0.6956646062200651
cell 13.734484313756857 49.481221340773494 0.0 1.6431676725154984 0.6085806194501846 1 0 0 0.8024772711407615 -0.5966826872823416 4.420314421802716
cell 8.648925375905268 18.354962446492546 0.0 1.6431676725154984 0.6085806194501846 1 0 0 0.8986322715408044 -0.43870267898135057 4.049901657737411
cell 55.714788414123994 35.36311413150538 0.0 1.0 1.0 1 0 0 0.0 1.0 0
cell 10.568859139406136 34.84426766261636 0.0 1.6431676725154984 0.6085806194501846 1 0 0 0.944088237209308 -0.3296928879472854 3.813549166611763
cell 27.86602121840381 12.203619872791187 0.0 1.0 1.0 1 0 0 0.0 1.0 0
cell 18.74348785701365 41.39859515790654 0.0 1.6431676725154984 0.6085806194501846 1 0 0 0.9626763039455561 0.2706553783351133 2.59344514512134
cell 20.138272461883574 54.84127730054854 0.0 1.0 1.0 1 0 0 0.0 1.0 0
cell 6.222415492439034 19.5216774941881 0.0 1.0 1.0 1 0 0 0.0 1.0 0
cell 30.313486976745946 5.560771013789508 0.0 1.6431676725154984 0.6085806194501846 1 0 0 0.9593025600865497 0.2823802369348673 2.5690438088204046
cell 48.00903407545559 25.169040534286303 0.0 1.0 1.0 1 0 0 0.0 1.0 0
cell 24.974592162279578 18.375772882964792 0.0 1.0 1.0 1 0 0 0.0 1.0 0
cell 33.86793412748385 10.731684351760409 0.0 1.0 1.0 1 0 0 0.0 1.0 0
cell 58.84564299983969 32.6325926523998 0.0 1.6431676725154984 0.6085806194501846 1 0 0 0.5879304871172093 -0.8089114551779576 5.026189182091908
cell 26.728532299310988 5.909909042200522 0.0 1.6431676725154984 0.6085806194501846 1 0 0 0.8691960095707617 0.49446769049783657 2.1071480357412344
cell 43.27203659862577 22.35882418655815 0.0 1.0 1.0 1 0 0 0.0 1.0 0
cell 12.764897153872267 58.20068415449055 0.0 1.0 1.0 1 0 0 0.0 1.0 0
cell 19.643096859660158 29.473574025950267 0.0 1.0 1.0 1 0 0 0.0 1.0 0
cell 10.652971026350517 13.83215974675724 0.0 1.0 1.0 1 0 0 0.0 1.0 0
cell 55.0725361113312 37.1164392529646 0.0 1.0 1.0 1 0 0 0.0 1.0 0
cell 21.135143160915646 14.118605771079688 0.0 1.6431676725154984 0.6085806194501846 1 0 0 0.7805268197718191 0.6251222949286724 1.791016242283279
cell 25.051720500037685 0.5107414254655955 0.0 1.0 1.0 1 0 0 0.0 1.0 0
cell 28.52880515825244 45.397039510991206 0.0 1.6431676725154984 0.6085806194501846 1 0 0 -0.6933297361501983 -0.7206204805373605 1.5321989901435975
cell 35.237606071907365 47.418500712482356 0.0 1.0 1.0 1 0 0 0.0 1.0 0
cell 56.50368418568662 45.75822460716778 0.0 1.6431676725154984 0.6085806194501846 1 0 0 0.7561000618189068 -0.6544560310039518 4.568518565153294
cell 50.21463135581486 6.586087974031802 0.0 1.6431676725154984 0.6085806194501846 1 0 0 0.9587338699786939 -0.28430505896954544 3.718155648160201
cell 34.03862053018336 0.7596121549208917 0.0 1.6431676725154984 0.6085806194501846 1 0 0 0.9920470940933489 0.1258672439554556 2.889188695267919
cell 12.200400209789827 18.658948452832664 0.0 1.6431676725154984 0.6085806194501846 1 0 0 0.8994518129814256 -0.43701994934376465 4.046158275187459
cell 36.08429751033074 24.337477039150354 0.0 1.0 1.0 1 0 0 0.0 1.0 0
cell 9.724753596798507 46.74302204800634 0.0 1.6431676725154984 0.6085806194501846 1 0 0 0.36279471324893475 0.9318690873929788 0.7425303795368148
cell 38.94227645695648 57.40501265666251 0.0 1.0 1.0 1 0 0 0.0 1.0 0
cell 19.90829419489142 34.622357855630575 0.0 1.0 1.0 1 0 0 0.0 1.0 0
cell 6.595397058652749 3.484457834813273 0.0 1.6431676725154984 0.6085806194501846 1 0 0 0.5983040596120892 -0.8012691509422372 5.000419578512518
cell 26.383615050556383 1.6448833292144815 0.0 1.0 1.0 1 0 0 0.0 1.0 0
cell 29.91989443035871 50.827080174839594 0.0 1.0 1.0 1 0 0 0.0 1.0 0
cell 58.58277240114825 14.597416282490835 0.0 1.6431676725154984 0.6085806194501846 1 0 0 0.9812884763740926 0.1925433097653926 2.75408605930142
cell 43.915137464137885 10.23736716509267 0.0 1.0 1.0 1 0 0 0.0 1.0 0
cell 32.34335978669039 26.012074587605877 0.0 1.0 1.0 1 0 0 0.0 1.0 0
cell 58.61448779694764 24.16945096760387 0.0 1.6431676725154984 0.6085806194501846 1 0 0 0.39240960040427925 -0.919790576985084 5.476685586050373
cell 30.95858434941445 14.199488533100977 0.0 1.0 1.0 1 0 0 0.0 1.0 0
cell 6.759925787741591 37.589781219826826 0.0 1.6431676725154984 0.6085806194501846 1 0 0 0.6222861854593231 -0.7827898206967723 4.939865535467518
cell 8.942223213899247 41.62818770470056 0.0 1.6431676725154984 0.6085806194501846 1 0 0 0.9631658794694167 -0.26890795567611087 3.686110742795331
cell 43.73558971162259 45.64215022459965 0.0 1.0 1.0 1 0 0 0.0 1.0 0
cell 40.49963902682234 0.972422375732828 0.0 1.6431676725154984 0.6085806194501846 1 0 0 0.9738010925392164 0.22740147794029045 2.682775822154675
cell 13.509215265692996 9.473197705768705 0.0 1.0 1.0 1 0 0 0.0 1.0 0
cell 43.34588962052333 58.064315008295075 0.0 1.6431676725154984 0.6085806194501846 1 0 0 0.9919016849822393 0.12700806009617838 2.88688860359818
cell 43.90153550965713 18.50703707167807 0.0 1.0 1.0 1 0 0 0.0 1.0 0
cell 28.22259701172845 15.712056869512464 0.0 1.0 1.0 1 0 0 0.0 1.0 0
cell 46.80469247335755 12.091495301878634 0.0 1.6431676725154984 0.6085806194501846 1 0 0 0.9122785166038686 -0.4095703946125074 3.985558848895664
cell 55.23960661984346 44.48605369224125 0.0 1.0 1.0 1 0 0 0.0 1.0 0
cell 27.673507453348762 0.3972935578674012 0.0 1.0 1.0 1 0 0 0.0 1.0 0
cell 45.66341075452037 56.523740894795566 0.0 1.6431676725154984 0.6085806194501846 1 0 0 0.9976905472273069 -0.0679232800538741 3.2775438874712144
cell 36.99055058501024 46.49149005144229 0.0 1.0 1.0 1 0 0 0.0 1.0 0
cell 13.15276338357984 5.490401828313356 0.0 1.0 1.0 1 0 0 0.0 1.0 0
cell 16.129209020986405 27.88341302304793 0.0 1.0 1.0 1 0 0 0.0 1.0 0
cell 2.6566337890041845 55.885940179973495 0.0 1.6431676725154984 0.6085806194501846 1 0 0 -0.9994123874718213 0.034276519191339595 3.2101591226707438
cell 4.144865346554942 38.387168054895795 0.0 1.6431676725154984 0.6085806194501846 1 0 0 0.9723341600881027 -0.23359426603785455 3.6131378237920373
cell 37.78062954504229 5.652858385363253 0.0 1.6431676725154984 0.6085806194501846 1 0 0 0.9992267448625684 0.039318091908888894 3.0629361948897724
cell 59.65338111118908 12.08823736118707 0.0 1.6431676725154984 0.6085806194501846 1 0 0 0.9868965350745617 -0.16135435865765899 3.4657183346688516
cell 47.32554403802072 37.601061472408766 0.0 1.0 1.0 1 0 0 0.0 1.0 0
cell 18.080803635196553 6.499221233833237 0.0 1.0 1.0 1 0 0 0.0 1.0 0
cell 58.88830472200632 9.244115381491586 0.0 1.6431676725154984 0.6085806194501846 1 0 0 0.983375645404584 0.18158287371092516 2.7764009623497503
cell 10.345994497273228 32.041809321600425 0.0 1.6431676725154984 0.6085806194501846 1 0 0 0.7804586188377602 0.6252074410000696 1.7907980568493682
cell 11.552818269943623 21.91181509898569 0.0 1.0 1.0 1 0 0 0.0 1.0 0
cell 51.962982592133955 13.5698614038614 0.0 1.6431676725154984 0.6085806194501846 1 0 0 0.9164837990895401 0.40007180106376344 2.318402276009485
cell 55.56039806644514 7.365590250378282 0.0 1.6431676725154984 0.6085806194501846 1 0 0 0.8244519269766418 0.5659319924730375 1.9384661447935856
cell 29.484826926858123 9.727587522634623 0.0 1.0 1.0 1 0 0 0.0 1.0 0
cell 9.678662220573123 44.429129037606884 0.0 1.6431676725154984 0.6085806194501846 1 0 0 0.8959450001737278 -0.44416501062521674 4.0620768142181785
cell 15.600341566055954 51.56832275128191 0.0 1.0 1.0 1 0 0 0.0 1.0 0
cell 55.82586190581146 11.317096808426815 0.0 1.6431676725154984 0.6085806194501846 1 0 0 0.9935729575899478 -0.11319354197993714 3.368465987636147
cell 30.733504685128647 36.4151721379866 0.0 1.6431676725154984 0.6085806194501846 1 0 0 -0.7026723576609251 -0.7115135682327056 1.558292885449207
cell 36.926376642293334 18.025198510537333 0.0 1.0 1.0 1 0 0 0.0 1.0 0
cell 3.854799166101178 42.62503920983138 0.0 1.6431676725154984 0.6085806194501846 1 0 0 0.1294969303099362 0.9915798228283508 0.2597232425531769
cell 3.070482382623984 17.17163056202041 0.0 1.6431676725154984 0.6085806194501846 1 0 0 0.9999562738873938 0.009351487220730651 3.122889406540775
cell 38.775253909499064 45.56542931271503 0.0 1.0 1.0 1 0 0 0.0 1.0 0
cell 28.262775205097547 49.429243317812286 0.0 1.6431676725154984 0.6085806194501846 1 0 0 -0.8101327474764897 -0.5862464767196425 1.8887570320572795
cell 43.08200275203218 11.981334070187936 0.0 1.0 1.0 1 0 0 0.0 1.0 0
cell 8.591460899162971 15.738968862727985 0.0 1.6431676725154984 0.6085806194501846 1 0 0 0.9993881076114663 -0.034977283553360564 3.2115614924120623
cell 36.97279334691513 44.657623349036704 0.0 1.0 1.0 1 0 0 0.0 1.0 0
cell 36.893598457939106 40.881367611372454 0.0 1.0 1.0 1 0 0 0.0 1.0 0
cell 51.29277380343971 30.435822189092928 0.0 1.0 1.0 1 0 0 0.0 1.0 0
cell 46.55263088592256 31.825870610591306 0.0 1.0 1.0 1 0 0 0.0 1.0 0
cell 35.203883747597956 57.81551125125796 0.0 1.0 1.0 1 0 0 0.0 1.0 0
cell 46.479320917792364 6.653408948708706 0.0 1.0 1.0 1 0 0 0.0 1.0 0
cell 24.620450015182907 36.722668971907616 0.0 1.0 1.0 1 0 0 0.0 1.0 0
cell 29.866792487941364 40.30768810701898 0.0 1.6431676725154984 0.6085806194501846 1 0 0 -0.5716047500715626 -0.8205291035031155 1.216920552632959
cell 35.176487823840695 45.57134183126178 0.0 1.0 1.0 1 0 0 0.0 1.0 0
cell 21.363421487141526 23.26034381591111 0.0 1.0 1.0 1 0 0 0.0 1.0 0
cell 31.441557078761562 22.48148906341237 0.0 1.0 1.0 1 0 0 0.0 1.0 0
cell 22.22675643981651 39.33879275000539 0.0 1.0 1.0 1 0 0 0.0 1.0 0
cell 8.917363160085987 30.831786296836484 0.0 1.6431676725154984 0.6085806194501846 1 0 0 0.5682648240807537 0.8228457265566067 1.208791131806425
cell 25.62350301833855 3.6428372472388686 0.0 1.0 1.0 1 0 0 0.0 1.0 0
cell 44.65324248436023 8.861280005563252 0.0 1.6431676725154984 0.6085806194501846 1 0 0 0.8536118108166376 -0.520909662450545 4.237425188651177
cell 21.503102732130777 2.897724313736432 0.0 1.0 1.0 1 0 0 0.0 1.0 0
cell 33.418504467110985 17.079207516991143 0.0 1.0 1.0 1 0 0 0.0 1.0 0
cell 45.11903684512627 17.21107447469958 0.0 1.0 1.0 1 0 0 0.0 1.0 0
cell 12.30393537047053 55.43110468100482 0.0 1.6431676725154984 0.6085806194501846 1 0 0 0.46935439266241685 -0.8830098833470064 5.306066323446064
cell 13.48547348214878 15.538683317501143 0.0 1.0 1.0 1 0 0 0.0 1.0 0
cell 15.932679640691424 18.1267665112972 0.0 1.0 1.0 1 0 0 0.0 1.0 0
cell 18.684319799237873 48.1883201683738 0.0 1.0 1.0 1 0 0 0.0 1.0 0
cell 14.115581408615103 54.567652964893014 0.0 1.0 1.0 1 0 0 0.0 1.0 0
cell 40.499336716829696 5.1441397578204375 0.0 1.6431676725154984 0.6085806194501846 1 0 0 0.9981063292230132 0.061512239147685055 3.018490460471587
cell 8.69487055885663 58.45309123742012 0.0 1.6431676725154984 0.6085806194501846 1 0 0 0.992448286368243 0.12266376353568298 2.8956457072998045
cell 11.457048537758988 6.550586223874559 0.0 1.0 1.0 1 0 0 0.0 1.0 0
cell 23.4219092503115 42.326321759736835 0.0 1.0 1.0 1 0 0 0.0 1.0 0
cell 16.88832320911291 33.94470347060042 0.0 1.6431676725154984 0.6085806194501846 1 0 0 0.5714117880096451 0.8206634928663639 1.2164502554564902
cell 55.72834792305492 22.810692056257626 0.0 1.0 1.0 1 0 0 0.0 1.0 0
cell 17.033360231861245 36.980760493048955 0.0 1.0 1.0 1 0 0 0.0 1.0 0
cell 20.591337874361496 47.800757201803954 0.0 1.0 1.0 1 0 0 0.0 1.0 0
cell 49.68457147672054 16.6451070602994 0.0 1.6431676725154984 0.6085806194501846 1 0 0 0.8294952399535458 0.5585137839788823 1.9564066422895339
cell 23.785055113228363 40.509233708254335 0.0 1.0 1.0 1 0 0 0.0 1.0 0
cell 29.452005863348028 4.8199576318202295 0.0 1.6431676725154984 0.6085806194501846 1 0 0 0.9014675824238606 0.43284662160964144 2.246296342488758
cell 9.051142949037143 53.851659114628404 0.0 1.0 1.0 1 0 0 0.0 1.0 0
cell 12.4222424529864 2.112924506344369 0.0 1.6431676725154984 0.6085806194501846 1 0 0 0.14018891224181923 -0.9901247744019213 6.001880890113043
cell 19.19089450422024 36.94524340267367 0.0 1.0 1.0 1 0 0 0.0 1.0 0
cell 7.600849575954708 28.223057607563383 0.0 1.6431676725154984 0.6085806194501846 1 0 0 0.7066564114464344 -0.7075568642601439 4.713662413052158
cell 54.29845133107864 27.762166884131318 0.0 1.0 1.0 1 0 0 0.0 1.0 0
cell 11.955741401664081 43.218667419019376 0.0 1.6431676725154984 0.6085806194501846 1 0 0 0.9613274590122308 -0.275407909380046 3.6996206445616138
cell 50.85973412317895 4.367620177101287 0.0 1.6431676725154984 0.6085806194501846 1 0 0 0.9996856316993664 0.025072649916564695 3.0914420983982462
cell 3.468333722068071 9.628870223884888 0.0 1.6431676725154984 0.6085806194501846 1 0 0 0.22616954783105198 -0.974087950666621 5.826898250115928
cell 25.773102571186445 48.479788137326345 0.0 1.0 1.0 1 0 0 0.0 1.0 0
cell 48.313671618240086 21.67859615219107 0.0 1.0 1.0 1 0 0 0.0 1.0 0
cell 31.16259314488098 4.032328636366587 0.0 1.6431676725154984 0.6085806194501846 1 0 0 0.9417724156876844 0.33625097330681936 2.455726186162749
cell 53.12716769470253 33.125056198782765 0.0 1.0 1.0 1 0 0 0.0 1.0 0
cell 39.60361246008127 16.45375421010801 0.0 1.0 1.0 1 0 0 0.0 1.0 0
cell 40.47717968823166 56.33863311896544 0.0 1.0 1.0 1 0 0 0.0 1.0 0
cell 40.201803766128876 25.21243257748782 0.0 1.0 1.0 1 0 0 0.0 1.0 0
cell 59.48244296294553 40.947749970474156 0.0 1.6431676725154984 0.6085806194501846 1 0 0 0.13818447953940238 0.9904065072556947 0.27725614570296997
cell 4.252893180290566 32.14154270682009 0.0 1.0 1.0 1 0 0 0.0 1.0 0
cell 41.80618353609832 48.98872690595296 0.0 1.6431676725154984 0.6085806194501846 1 0 0 0.5170964409096694 0.8559271410573173 1.0869103277899048
cell 17.357442127525072 40.90174763795136 0.0 1.6431676725154984 0.6085806194501846 1 0 0 0.27406749228346844 -0.9617104604159461 5.727945439865556
cell 26.08200573576228 58.934189528229105 0.0 1.0 1.0 1 0 0 0.0 1.0 0
cell 35.60472073210827 28.08555471775175 0.0 1.0 1.0 1 0 0 0.0 1.0 0
cell 50.01742778877436 19.18489826255091 0.0 1.6431676725154984 0.6085806194501846 1 0 0 0.9394514632786551 -0.3426819927331951 3.8411331859630735
cell 41.04633706169207 46.13849293141527 0.0 1.6431676725154984 0.6085806194501846 1 0 0 0.4760272076098897 0.8794305530370952 0.9922634003632774
cell 8.993015423122722 12.631612155185442 0.0 1.0 1.0 1 0 0 0.0 1.0 0
cell 18.155985287436106 50.052816766461234 0.0 1.0 1.0 1 0 0 0.0 1.0 0
cell 5.420695551166686 11.15540240927554 0.0 1.0 1.0 1 0 0 0.0 1.0 0
cell 5.89329911813425 29.2826470152806 0.0 1.0 1.0 1 0 0 0.0 1.0 0
cell 21.37189017849794 51.15728852031865 0.0 1.0 1.0 1 0 0 0.0 1.0 0
cell 49.89210292312124 8.513833563853337 0.0 1.0 1.0 1 0 0 0.0 1.0 0
cell 47.221900021561005 17.112416574619296 0.0 1.0 1.0 1 0 0 0.0 1.0 0
cell 35.42599940446365 13.52804121820389 0.0 1.0 1.0 1 0 0 0.0 1.0 0
cell 25.41182132527604 27.310272019531094 0.0 1.0 1.0 1 0 0 0.0 1.0 0
cell 18.027418841243765 23.439336415516788 0.0 1.0 1.0 1 0 0 0.0 1.0 0
cell 12.193808385399361 27.429901381424894 0.0 1.0 1.0 1 0 0 0.0 1.0 0
cell 49.933639145418454 22.393122599847146 0.0 1.0 1.0 1 0 0 0.0 1.0 0
cell 17.76290549939257 21.54994784911428 0.0 1.0 1.0 1 0 0 0.0 1.0 0
cell 23.55947752878838 28.35332420014452 0.0 1.0 1.0 1 0 0 0.0 1.0 0
cell 6.558752758455745 25.86744340868962 0.0 1.0 1.0 1 0 0 0.0 1.0 0
cell 21.64685769516362 25.13709854349324 0.0 1.0 1.0 1 0 0 0.0 1.0 0
cell 23.21160765309601 44.053551734670314 0.0 1.0 1.0 1 0 0 0.0 1.0 0
cell 28.247191681487507 51.329110826126744 0.0 1.0 1.0 1 0 0 0.0 1.0 0
cell 31.65366622985075 2.2961638968854756 0.0 1.6431676725154984 0.6085806194501846 1 0 0 0.907248703197332 0.42059456789972866 2.27339150697565
cell 53.23509022670113 36.64612766988498 0.0 1.6431676725154984 0.6085806194501846 1 0 0 0.3631802623694401 0.931718893779269 0.7433579210726046
cell 55.155277057619195 14.611738487767848 0.0 1.6431676725154984 0.6085806194501846 1 0 0 0.9488926397443432 0.31559904663831295 2.4994168553529845
cell 23.103783180721823 13.363510465086032 0.0 1.6431676725154984 0.6085806194501846 1 0 0 0.8607701689054578 0.5089938273913248 2.073561724757352
cell 28.557472043884438 17.646986235736918 0.0 1.0 1.0 1 0 0 0.0 1.0 0
cell 39.701981861369774 7.7977657967511975 0.0 1.0 1.0 1 0 0 0.0 1.0 0
cell 5.986624127734898 14.957861938212623 0.0 1.6431676725154984 0.6085806194501846 1 0 0 0.9994994569710097 -0.03163598449008108 3.2048751814650593
cell 36.192538227768466 21.048549648988494 0.0 1.0 1.0 1 0 0 0.0 1.0 0
cell 25.103305648413354 34.7841033630265 0.0 1.0 1.0 1 0 0 0.0 1.0 0
cell 14.717334818704444 0.8372428815397902 0.0 1.6431676725154984 0.6085806194501846 1 0 0 -0.04932501217737806 0.9987827807755305 6.184495237090998
cell 34.3303897789088 7.054201482776025 0.0 1.0 1.0 1 0 0 0.0 1.0 0
cell 51.59335022700613 25.36075715908745 0.0 1.0 1.0 1 0 0 0.0 1.0 0
cell 54.51566259595344 43.04716545191838 0.0 1.6431676725154984 0.6085806194501846 1 0 0 0.24422921082459922 -0.9697175323670256 5.789735800398205
cell 7.712861283040888 22.55884514883946 0.0 1.6431676725154984 0.6085806194501846 1 0 0 -0.14802625985945905 -0.9889834307975134 0.29714449418658173
cell 15.415516935540037 53.514081666833846 0.0 1.0 1.0 1 0 0 0.0 1.0 0
cell 46.01285587488694 2.0997865564938074 0.0 1.6431676725154984 0.6085806194501846 1 0 0 0.9998882128687304 0.014951982014981982 3.1116875752172173
cell 36.916857867694716 38.92074125821353 0.0 1.0 1.0 1 0 0 0.0 1.0 0
cell 15.962130160371705 29.591694249990294 0.0 1.0 1.0 1 0 0 0.0 1.0 0
cell 31.726313705786467 48.33271865948987 0.0 1.0 1.0 1 0 0 0.0 1.0 0
cell 35.3498171671878 49.36899912591835 0.0 1.0 1.0 1 0 0 0.0 1.0 0
cell 17.48557256045284 10.399102929022243 0.0 1.6431676725154984 0.6085806194501846 1 0 0 0.9410393383989354 0.3382971527898129 2.4513791160470113
cell 32.58835579025576 11.460843596014309 0.0 1.0 1.0 1 0 0 0.0 1.0 0
cell 21.900638791422157 49.34114174652876 0.0 1.0 1.0 1 0 0 0.0 1.0 0
cell 3.6908939187466228 44.98304489406098 0.0 1.6431676725154984 0.6085806194501846 1 0 0 -0.012760048650989515 -0.9999185872651954 0.02552078987817108
cell 22.71926754504702 52.62433552792769 0.0 1.0 1.0 1 0 0 0.0 1.0 0
cell 15.331194299468502 14.925747163548971 0.0 1.0 1.0 1 0 0 0.0 1.0 0
cell 12.82103198427138 12.871461014303215 0.0 1.0 1.0 1 0 0 0.0 1.0 0
cell 4.885885036304281 7.840588840739815 0.0 1.0 1.0 1 0 0 0.0 1.0 0
cell 24.60003426674004 57.624772575425276 0.0 1.0 1.0 1 0 0 0.0 1.0 0
cell 33.45033788829904 46.48473802629245 0.0 1.0 1.0 1 0 0 0.0 1.0 0
cell 57.37632141431776 6.30411743130604 0.0 1.6431676725154984 0.6085806194501846 1 0 0 0.8954333927932092 0.4451955065708124 2.2188074808782607
cell 20.74323008669758 38.04168049693974 0.0 1.0 1.0 1 0 0 0.0 1.0 0
cell 59.078834094993375 57.30001874062726 0.0 1.6431676725154984 0.6085806194501846 1 0 0 0.982039194585873 -0.18867702641585654 3.521222257380883
cell 33.630541896674764 34.77079920736711 0.0 1.0 1.0 1 0 0 0.0 1.0 0
cell 57.230432199882806 41.200751263825516 0.0 1.6431676725154984 0.6085806194501846 1 0 0 0.154164059775781 0.9880452634740219 0.3095626856168699
cell 4.196602720059487 28.18112730620346 0.0 1.0 1.0 1 0 0 0.0 1.0 0
cell 44.94732998549073 15.230159058034959 0.0 1.0 1.0 1 0 0 0.0 1.0 0
cell 8.645515659919283 49.49270421629535 0.0 1.6431676725154984 0.6085806194501846 1 0 0 0.7985781514848835 0.6018911329891697 1.849858400587394
cell 37.26411551770124 30.948686756412698 0.0 1.0 1.0 1 0 0 0.0 1.0 0
cell 23.869323473061506 3.9219884615959066 0.0 1.0 1.0 1 0 0 0.0 1.0 0
cell 18.667368223242924 38.880171716075765 0.0 1.0 1.0 1 0 0 0.0 1.0 0
cell 1.6290465225672328 39.11669664578155 0.0 1.0 1.0 1 0 0 0.0 1.0 0
cell 26.23992512098107 46.63620221226892 0.0 1.0 1.0 1 0 0 0.0 1.0 0
cell 22.088973548634314 54.47103589601919 0.0 1.0 1.0 1 0 0 0.0 1.0 0
cell 33.52404401728725 38.805153058276424 0.0 1.0 1.0 1 0 0 0.0 1.0 0
cell 11.252063219704159 29.21171111988039 0.0 1.0 1.0 1 0 0 0.0 1.0 0
cell 55.72398666704303 39.31071969527149 0.0 1.0 1.0 1 0 0 0.0 1.0 0
cell 55.67739874417909 15.660767233339289 0.0 1.6431676725154984 0.6085806194501846 1 0 0 0.9621288625651564 0.27259503263830465 2.5894142880135687
cell 16.420728387691078 7.489329452999909 0.0 1.0 1.0 1 0 0 0.0 1.0 0
cell 22.92781636853209 45.743803324396445 0.0 1.0 1.0 1 0 0 0.0 1.0 0
cell 43.393347802459154 5.614468392403553 0.0 1.6431676725154984 0.6085806194501846 1 0 0 0.9968920618654709 -0.07877954677205358 3.2993151782972907
cell 17.804893590131243 29.79175896750912 0.0 1.0 1.0 1 0 0 0.0 1.0 0
cell 18.928682435086465 53.41526713567397 0.0 1.0 1.0 1 0 0 0.0 1.0 0
cell 53.72691057361258 35.0231198891641 0.0 1.0 1.0 1 0 0 0.0 1.0 0
cell 11.882765360307042 47.75974440803186 0.0 1.6431676725154984 0.6085806194501846 1 0 0 0.4435786912614862 0.8962354292588232 0.9191755438547978
cell 14.059770881955576 11.279887817652002 0.0 1.0 1.0 1 0 0 0.0 1.0 0
cell 38.78404100158103 4.474221757907716 0.0 1.6431676725154984 0.6085806194501846 1 0 0 0.9867277272087123 0.16238347316623405 2.8153812372773936
cell 56.778678887542036 21.259643508947565 0.0 1.0 1.0 1 0 0 0.0 1.0 0
cell 19.756811577673368 3.4214027074360147 0.0 1.0 1.0 1 0 0 0.0 1.0 0
cell 31.343749757567497 40.925407221864575 0.0 1.6431676725154984 0.6085806194501846 1 0 0 0.9457070804600889 0.325020180862135 2.4795265186821314
cell 38.514002952150236 21.47974079592319 0.0 1.0 1.0 1 0 0 0.0 1.0 0
cell 24.911731523458396 23.11141847483878 0.0 1.0 1.0 1 0 0 0.0 1.0 0
cell 14.859621075118953 2.51066793378459 0.0 1.0 1.0 1 0 0 0.0 1.0 0
cell 13.162248548789778 3.5207377053416504 0.0 1.0 1.0 1 0 0 0.0 1.0 0
cell 39.584072235332265 2.326907528493985 0.0 1.6431676725154984 0.6085806194501846 1 0 0 0.9923773898915114 0.12323601759271179 2.894492449262049
cell 43.62097452709364 4.343012256578632 0.0 1.6431676725154984 0.6085806194501846 1 0 0 0.992945815136305 0.1185690018651541 2.9038954666025423
cell 8.291977565297685 26.163973573617174 0.0 1.6431676725154984 0.6085806194501846 1 0 0 0.6005778885923769 0.7995662572507187 1.2884473307592554
cell 26.92046146808529 50.014794013353665 0.0 1.6431676725154984 0.6085806194501846 1 0 0 0.7421319594417001 0.6702537987771668 1.6724912121647337
cell 16.576500121656412 58.57947760294419 0.0 1.0 1.0 1 0 0 0.0 1.0 0
cell 46.06311123680388 27.996692052394316 0.0 1.0 1.0 1 0 0 0.0 1.0 0
cell 48.01422637439704 30.88432166639467 0.0 1.0 1.0 1 0 0 0.0 1.0 0
cell 30.55209198347093 15.755009339441619 0.0 1.6431676725154984 0.6085806194501846 1 0 0 0.22909110122669316 -0.9734049862923145 5.82089760970576
cell 16.345421879072276 50.304889642841786 0.0 1.6431676725154984 0.6085806194501846 1 0 0 0.22794731647660252 0.9736734672933814 0.45993795215890504
cell 4.257365215744095 30.174464777578297 0.0 1.0 1.0 1 0 0 0.0 1.0 0
cell 49.310804022524195 36.650804139120105 0.0 1.0 1.0 1 0 0 0.0 1.0 0
cell 20.385350675751397 32.73590016806162 0.0 1.0 1.0 1 0 0 0.0 1.0 0
cell 48.13025053986783 9.749808778561846 0.0 1.0 1.0 1 0 0 0.0 1.0 0
cell 36.26365292951717 15.69914796177849 0.0 1.6431676725154984 0.6085806194501846 1 0 0 0.125966097079057 -0.992034546972367 6.030582056406286
cell 54.390754187374405 17.380546780572327 0.0 1.6431676725154984 0.6085806194501846 1 0 0 0.998776439839249 -0.04945324278583652 3.2405394982599995
cell 21.41487719040618 56.19893517643713 0.0 1.0 1.0 1 0 0 0.0 1.0 0
cell 35.256932146224386 53.967241223948825 0.0 1.0 1.0 1 0 0 0.0 1.0 0
cell 19.523077721624503 22.529224353698467 0.0 1.0 1.0 1 0 0 0.0 1.0 0
cell 55.36909947843617 18.97307177495009 0.0 1.0 1.0 1 0 0 0.0 1.0 0
cell 38.14889807094572 26.556499707959404 0.0 1.6431676725154984 0.6085806194501846 1 0 0 0.31166635104398205 0.9501916046918797 0.6338924585497996
cell 36.68891613986252 7.818935071503569 0.0 1.0 1.0 1 0 0 0.0 1.0 0
cell 21.706470081138708 29.03862449077533 0.0 1.0 1.0 1 0 0 0.0 1.0 0
cell 30.192421889929804 17.36182401623488 0.0 1.0 1.0 1 0 0 0.0 1.0 0
cell 51.43275516405339 32.49302041408915 0.0 1.0 1.0 1 0 0 0.0 1.0 0
cell 5.830345486115529 32.671979337999836 0.0 1.6431676725154984 0.6085806194501846 1 0 0 0.7868112825510588 -0.6171936532810086 4.471934569211322
cell 8.08426583622261 46.8102810230765 0.0 1.6431676725154984 0.6085806194501846 1 0 0 -0.6250722529877057 -0.7805668956245029 1.3504481885343491
cell 5.415631772383735 51.7252118335183 0.0 1.6431676725154984 0.6085806194501846 1 0 0 -0.6703771292107168 -0.7420205553966803 1.4694338343079556
cell 18.379518407978544 27.884204525747432 0.0 1.0 1.0 1 0 0 0.0 1.0 0
cell 42.22441994941646 36.402697060328116 0.0 1.0 1.0 1 0 0 0.0 1.0 0
cell 3.4064355112274005 23.476742725849665 0.0 1.0 1.0 1 0 0 0.0 1.0 0
cell 22.362923279073698 12.682879138688987 0.0 1.6431676725154984 0.6085806194501846 1 0 0 0.8192273168956841 0.5734689209119344 1.920124669365001
cell 45.47440287859275 42.515557527879395 0.0 1.0 1.0 1 0 0 0.0 1.0 0
cell 59.582446643458056 26.00414743785734 0.0 1.6431676725154984 0.6085806194501846 1 0 0 0.6054659131241165 -0.7958712383575498 4.982483007482108
cell 32.72384800154462 21.416191086313336 0.0 1.0 1.0 1 0 0 0.0 1.0 0
cell 42.05846726366083 42.368336058680086 0.0 1.0 1.0 1 0 0 0.0 1.0 0
cell 0.8183840311322687 20.86232961286785 0.0 1.6431676725154984 0.6085806194501846 1 0 0 0.2997324398610945 -0.954023303957988 5.674360932891248
cell 39.437839060411065 19.72197267794421 0.0 1.0 1.0 1 0 0 0.0 1.0 0
cell 38.771843251311424 14.81696845222456 0.0 1.0 1.0 1 0 0 0.0 1.0 0
cell 21.070667433536006 45.84633614733045 0.0 1.0 1.0 1 0 0 0.0 1.0 0
cell 28.520986559803426 24.895165840725646 0.0 1.0 1.0 1 0 0 0.0 1.0 0
cell 6.798169727411846 20.95001457136166 0.0 1.0 1.0 1 0 0 0.0 1.0 0
cell 10.45885734086879 9.814246105455954 0.0 1.0 1.0 1 0 0 0.0 1.0 0
cell 34.2840748303183 20.29567981134502 0.0 1.0 1.0 1 0 0 0.0 1.0 0
cell 11.396638008035145 25.983663968703922 0.0 1.6431676725154984 0.6085806194501846 1 0 0 0.049007399518774655 0.9987984154935405 0.09805407560381876
cell 31.511414804500927 46.89917050462511 0.0 1.0 1.0 1 0 0 0.0 1.0 0
cell 25.60335997092862 32.87606414579199 0.0 1.0 1.0 1 0 0 0.0 1.0 0
cell 28.29269897657426 21.85044369427921 0.0 1.6431676725154984 0.6085806194501846 1 0 0 0.3020568086402639 0.9532899267033398 0.613699016987057
cell 43.70950999207232 13.676163868756824 0.0 1.0 1.0 1 0 0 0.0 1.0 0
cell 43.25366836887684 24.349982873140338 0.0 1.0 1.0 1 0 0 0.0 1.0 0
cell 25.3592211059728 29.26171639951968 0.0 1.0 1.0 1 0 0 0.0 1.0 0
cell 56.66218594977584 24.58271101793355 0.0 1.0 1.0 1 0 0 0.0 1.0 0
cell 38.19933474844186 13.060053368965194 0.0 1.0 1.0 1 0 0 0.0 1.0 0
cell 21.79158866267231 34.09582802827697 0.0 1.0 1.0 1 0 0 0.0 1.0 0
cell 8.166508435129119 34.45312497222001 0.0 1.6431676725154984 0.6085806194501846 1 0 0 0.33491700048684386 0.9422476334726957 0.6830342839847284
cell 20.845056749280623 9.375330692420862 0.0 1.6431676725154984 0.6085806194501846 1 0 0 0.8842903799232871 0.46693738763899445 2.169944168710902
cell 30.469519335279866 8.620046135249591 0.0 1.0 1.0 1 0 0 0.0 1.0 0
cell 40.437779211109394 43.20892742100253 0.0 1.0 1.0 1 0 0 0.0 1.0 0
cell 12.147165962089202 16.882608752713853 0.0 1.6431676725154984 0.6085806194501846 1 0 0 0.9936354670544276 -0.11264350230496888 3.367358827150915
cell 24.753269397889465 2.167497036161553 0.0 1.0 1.0 1 0 0 0.0 1.0 0
cell 35.54493452586852 29.92711740814267 0.0 1.0 1.0 1 0 0 0.0 1.0 0
cell 44.4849364684048 25.494036105420815 0.0 1.0 1.0 1 0 0 0.0 1.0 0
cell 5.974038713554743 17.163384712709938 0.0 1.6431676725154984 0.6085806194501846 1 0 0 0.9748963083905495 -0.22265935391642241 3.5906755680793014
cell 47.279823590734544 39.552403216582846 0.0 1.0 1.0 1 0 0 0.0 1.0 0
cell 2.5880682282831615 0.9624479181034985 0.0 1.6431676725154984 0.6085806194501846 1 0 0 0.9969168217426929 -0.07846560091178652 3.298685336871157
cell 18.197047422699956 35.339890863535246 0.0 1.0 1.0 1 0 0 0.0 1.0 0
cell 21.029623388799326 19.75978694560816 0.0 1.0 1.0 1 0 0 0.0 1.0 0
cell 21.227115002055378 36.05160414932894 0.0 1.0 1.0 1 0 0 0.0 1.0 0
cell 36.86213651184012 9.509466071797638 0.0 1.0 1.0 1 0 0 0.0 1.0 0
cell 20.153118572120203 11.277360449946253 0.0 1.6431676725154984 0.6085806194501846 1 0 0 0.9165759528346201 0.3998606290763172 2.318863083653732
cell 27.115792252716542 28.014470108282215 0.0 1.0 1.0 1 0 0 0.0 1.0 0
cell 36.94174851319107 36.921914215482694 0.0 1.0 1.0 1 0 0 0.0 1.0 0
cell 1.1904935319654124 31.34829140909506 0.0 1.6431676725154984 0.6085806194501846 1 0 0 0.8397072047319194 -0.5430394187545747 4.28969766972405
cell 35.30446409391574 35.86053109219687 0.0 1.0 1.0 1 0 0 0.0 1.0 0
cell 30.413846432771834 25.560841175585768 0.0 1.0 1.0 1 0 0 0.0 1.0 0
cell 28.115963310338472 23.213799245612055 0.0 1.0 1.0 1 0 0 0.0 1.0 0
cell 46.18336857050292 25.962726418323587 0.0 1.0 1.0 1 0 0 0.0 1.0 0
cell 11.41305300523986 38.801876700160314 0.0 1.6431676725154984 0.6085806194501846 1 0 0 0.6152180152225918 0.7883570217519311 1.3253249608820221
cell 38.480121221885526 34.00000088745306 0.0 1.0 1.0 1 0 0 0.0 1.0 0
cell 40.880390114416805 3.103403350650707 0.0 1.6431676725154984 0.6085806194501846 1 0 0 0.9967878388663778 0.08008747897203489 2.9812459723928573
cell 21.59009436741255 11.489622721495481 0.0 1.0 1.0 1 0 0 0.0 1.0 0
cell 48.270649213445374 1.260707582275223 0.0 1.6431676725154984 0.6085806194501846 1 0 0 0.9995674969229127 -0.029407806706094358 3.2004167477804457
cell 3.6668146162570547 46.239779384649964 0.0 1.6431676725154984 0.6085806194501846 1 0 0 0.03539593522472968 0.9993733675506701 0.07080666098454157
cell 26.8325279611942 11.319109429843959 0.0 1.6431676725154984 0.6085806194501846 1 0 0 0.9502383809344382 0.31152370599859247 2.508000432451949
cell 33.16243007870913 58.34006087565138 0.0 1.0 1.0 1 0 0 0.0 1.0 0
cell 38.60012009289325 40.00944306111029 0.0 1.0 1.0 1 0 0 0.0 1.0 0
cell 5.608732310475715 18.241628904730938 0.0 1.6431676725154984 0.6085806194501846 1 0 0 -0.0608802216383428 -0.9981450789405648 0.12183578451728483
cell 34.03573969174189 54.912723809996244 0.0 1.0 1.0 1 0 0 0.0 1.0 0
cell 31.8049643946211 42.13649967457471 0.0 1.0 1.0 1 0 0 0.0 1.0 0
cell 15.38820207646009 57.26414138891488 0.0 1.0 1.0 1 0 0 0.0 1.0 0
cell 49.48365029256487 3.442336080631431 0.0 1.6431676725154984 0.6085806194501846 1 0 0 0.981187334177708 0.19305806186026717 2.7530368701490198
cell 48.933541425434555 46.460038993578756 0.0 1.0 1.0 1 0 0 0.0 1.0 0
cell 28.810803403050226 30.669813342173832 0.0 1.0 1.0 1 0 0 0.0 1.0 0
cell 2.96426814344822 21.52033301842883 0.0 1.6431676725154984 0.6085806194501846 1 0 0 0.4661121675764918 -0.8847256338759177 5.313402763583775
cell 37.05798232061546 59.245467432408475 0.0 1.6431676725154984 0.6085806194501846 1 0 0 0.9647975682151044 0.26299363560021943 2.6093451321294903
cell 40.66010430100521 9.105097244053376 0.0 1.0 1.0 1 0 0 0.0 1.0 0
cell 31.602514637520173 5.635721084984579 0.0 1.6431676725154984 0.6085806194501846 1 0 0 0.9681001165665147 0.2505636931079611 2.6350676962374253
cell 3.4334880828218877 6.985771461419732 0.0 1.6431676725154984 0.6085806194501846 1 0 0 0.91586087571802 0.40149577373743484 2.3152937508360547
cell 3.9082762942605433 51.90966132576786 0.0 1.6431676725154984 0.6085806194501846 1 0 0 0.5277247932414265 -0.8494154122679277 5.171345759853846
cell 57.86966102333392 42.651837253220734 0.0 1.6431676725154984 0.6085806194501846 1 0 0 -0.11190352172978513 -0.9937190759085143 0.22427679554629965
cell 0.9567220767536322 43.818588373076864 0.0 1.6431676725154984 0.6085806194501846 1 0 0 -0.1740220763726314 -0.9847417513921901 0.34982520922762017
cell 34.12415523454549 25.04191248106674 0.0 1.0 1.0 1 0 0 0.0 1.0 0
cell 1.1619964314201943 18.27809835467728 0.0 1.0 1.0 1 0 0 0.0 1.0 0
cell 50.625466713719405 43.52604193346715 0.0 1.0 1.0 1 0 0 0.0 1.0 0
cell 26.149578071425342 38.023177277267685 0.0 1.0 1.0 1 0 0 0.0 1.0 0
cell 21.008225825366335 4.800704159253402 0.0 1.0 1.0 1 0 0 0.0 1.0 0
cell 47.51002712357577 20.22839921759799 0.0 1.0 1.0 1 0 0 0.0 1.0 0
cell 39.20367673865588 26.00595464532023 0.0 1.0 1.0 1 0 0 0.0 1.0 0
cell 28.71498740816996 40.672902844554095 0.0 1.0 1.0 1 0 0 0.0 1.0 0
cell 48.14621416577085 4.869361228477729 0.0 1.6431676725154984 0.6085806194501846 1 0 0 0.994085456766515 -0.10860066595242031 3.359223216705103
cell 23.5450684670602 9.143041780803447 0.0 1.6431676725154984 0.6085806194501846 1 0 0 0.8475350686266281 0.5307393969247589 2.022647181734081
cell 38.33516285911973 55.793492546552585 0.0 1.0 1.0 1 0 0 0.0 1.0 0
cell 35.2755667756691 1.5589704021341364 0.0 1.6431676725154984 0.6085806194501846 1 0 0 0.9462677643405458 0.32338416499566786 2.4829853711361114
cell 12.429258833172817 53.45679540238077 0.0 1.0 1.0 1 0 0 0.0 1.0 0
cell 34.50145045950178 14.703228457229256 0.0 1.0 1.0 1 0 0 0.0 1.0 0
cell 35.19603458456498 39.85279137742964 0.0 1.0 1.0 1 0 0 0.0 1.0 0
cell 31.625358462341257 53.18540946186563 0.0 1.0 1.0 1 0 0 0.0 1.0 0
cell 28.284219843063134 13.678921809709475 0.0 1.0 1.0 1 0 0 0.0 1.0 0
cell 43.819255864976675 37.59412223336552 0.0 1.0 1.0 1 0 0 0.0 1.0 0
cell 20.97339058507401 30.822529202617435 0.0 1.0 1.0 1 0 0 0.0 1.0 0
cell 48.89458889519882 12.617553238162452 0.0 1.0 1.0 1 0 0 0.0 1.0 0
cell 35.799578857609525 26.125600785760657 0.0 1.0 1.0 1 0 0 0.0 1.0 0
cell 29.940814057840665 21.869910583832496 0.0 1.0 1.0 1 0 0 0.0 1.0 0
cell 16.571067677338526 3.506139878470048 0.0 1.0 1.0 1 0 0 0.0 1.0 0
cell 45.430420224810035 44.52018565791758 0.0 1.0 1.0 1 0 0 0.0 1.0 0
cell 49.16094287568218 58.50376118535947 0.0 1.6431676725154984 0.6085806194501846 1 0 0 0.997890656503659 0.06491716000177725 3.011666968100279
cell 30.164214955390136 38.658723317755666 0.0 1.6431676725154984 0.6085806194501846 1 0 0 -0.5401843071241246 -0.8415467392467453 1.14131220795423
cell 37.31473018085119 29.14028952426788 0.0 1.0 1.0 1 0 0 0.0 1.0 0
cell 54.21933444430256 46.192280454092796 0.0 1.0 1.0 1 0 0 0.0 1.0 0
cell 43.11715597848195 8.409740454363847 0.0 1.0 1.0 1 0 0 0.0 1.0 0
cell 27.981252385351915 58.32953093326588 0.0 1.0 1.0 1 0 0 0.0 1.0 0
cell 45.51800740992296 40.51275762043693 0.0 1.0 1.0 1 0 0 0.0 1.0 0
cell 2.5054566114316312 3.8961933486829436 0.0 1.0 1.0 1 0 0 0.0 1.0 0
cell 35.32970216383607 17.275144135996662 0.0 1.0 1.0 1 0 0 0.0 1.0 0
cell 50.73376595716037 39.68514609647044 0.0 1.0 1.0 1 0 0 0.0 1.0 0
cell 26.846225844096963 55.42657365257324 0.0 1.0 1.0 1 0 0 0.0 1.0 0
cell 58.14478513182906 28.07456706890841 0.0 1.6431676725154984 0.6085806194501846 1 0 0 0.62345051907017 -0.7818628078321257 4.936888942772889
cell 33.533294346743574 12.982010489084312 0.0 1.0 1.0 1 0 0 0.0 1.0 0
cell 54.76982101742648 24.330153213046003 0.0 1.0 1.0 1 0 0 0.0 1.0 0
cell 17.26288862101723 31.697696198376153 0.0 1.0 1.0 1 0 0 0.0 1.0 0
cell 45.775103095287974 48.40997811905039 0.0 1.6431676725154984 0.6085806194501846 1 0 0 0.6512051186114667 0.7589017680136381 1.4183426680614661
cell 11.779791719529955 32.59814494521201 0.0 1.6431676725154984 0.6085806194501846 1 0 0 0.35583081885137324 -0.9345503883448775 5.555579465609545
cell 52.44047409833756 42.815685735110435 0.0 1.0 1.0 1 0 0 0.0 1.0 0
cell 44.78265942234008 23.65171039688482 0.0 1.0 1.0 1 0 0 0.0 1.0 0
cell 50.42156730673995 47.214183538142976 0.0 1.6431676725154984 0.6085806194501846 1 0 0 0.39987439136032904 -0.9165699488496262 5.460425707371928
cell 23.883916495304522 6.735304157737241 0.0 1.0 1.0 1 0 0 0.0 1.0 0
cell 28.00573206437951 5.206999709079821 0.0 1.6431676725154984 0.6085806194501846 1 0 0 0.8834511407965502 0.4685232991274543 2.1663556099891825
cell 2.5828899437940347 29.10940797067295 0.0 1.0 1.0 1 0 0 0.0 1.0 0
cell 42.0502649788705 40.40504696950528 0.0 1.0 1.0 1 0 0 0.0 1.0 0
cell 15.363775780728162 26.007211218203487 0.0 1.0 1.0 1 0 0 0.0 1.0 0
cell 35.13413019454248 23.225652600841592 0.0 1.6431676725154984 0.6085806194501846 1 0 0 0.9401083636463736 0.34087573190554027 2.4458961281924823
cell 0.8650857427174007 33.11390140160379 0.0 1.6431676725154984 0.6085806194501846 1 0 0 0.8113474310474634 -0.5845642361047088 4.390278387794282
cell 44.41698943394193 51.185168937669516 0.0 1.6431676725154984 0.6085806194501846 1 0 0 0.4625525878120387 0.8865918471925998 0.9617442895597248
cell 42.99575252196589 15.521933305081946 0.0 1.0 1.0 1 0 0 0.0 1.0 0
cell 22.307038990694785 4.874521596724755 0.0 1.6431676725154984 0.6085806194501846 1 0 0 0.7971851721043911 0.6037348767272704 1.8452368056668624
cell 40.79078455527343 15.183852938705854 0.0 1.0 1.0 1 0 0 0.0 1.0 0
cell 36.49399463975472 3.2910027298713778 0.0 1.6431676725154984 0.6085806194501846 1 0 0 0.9802301786170713 0.19786054919651008 2.743242978317405
cell 23.112287999152727 30.291275237207717 0.0 1.0 1.0 1 0 0 0.0 1.0 0
cell 33.45305474310816 53.021618591146115 0.0 1.0 1.0 1 0 0 0.0 1.0 0
cell 31.57251130692738 56.98428864108723 0.0 1.0 1.0 1 0 0 0.0 1.0 0
cell 46.97189256902186 35.80327335136992 0.0 1.6431676725154984 0.6085806194501846 1 0 0 0.28796084035433267 0.957642184963897 0.5841935990975988
cell 19.023404008558444 31.366886526006564 0.0 1.0 1.0 1 0 0 0.0 1.0 0
cell 38.18390999933546 1.6300958134123358 0.0 1.6431676725154984 0.6085806194501846 1 0 0 0.9546669864412021 0.29767590597707716 2.537078110180862
cell 54.57386997214917 41.391531292555065 0.0 1.0 1.0 1 0 0 0.0 1.0 0
cell 30.168091587709903 2.9556702834830517 0.0 1.6431676725154984 0.6085806194501846 1 0 0 0.8974881922601747 0.44103848443595434 2.228081761963274
cell 10.736965010393856 52.91851987890427 0.0 1.0 1.0 1 0 0 0.0 1.0 0
cell 51.8264300583327 14.967839751234777 0.0 1.6431676725154984 0.6085806194501846 1 0 0 0.9399368633320263 0.3413483454618633 2.4448905916456254
cell 20.093544475663617 12.771506749562558 0.0 1.0 1.0 1 0 0 0.0 1.0 0
cell 18.530789325283656 0.8370166588043136 0.0 1.0 1.0 1 0 0 0.0 1.0 0
cell 52.81386756121361 55.59874057106393 0.0 1.6431676725154984 0.6085806194501846 1 0 0 0.7558608461944979 0.6547322973476547 1.7139358597947105
cell 49.593521074766365 29.786186155857866 0.0 1.0 1.0 1 0 0 0.0 1.0 0
cell 26.006118886624453 53.81499121990958 0.0 1.0 1.0 1 0 0 0.0 1.0 0
cell 45.16735844536659 0.9709716446323233 0.0 1.6431676725154984 0.6085806194501846 1 0 0 0.9967025008776526 0.08114261977674286 2.979128799943834
cell 12.394428103865712 51.47638654424525 0.0 1.0 1.0 1 0 0 0.0 1.0 0
cell 20.269850809118676 1.6130523771325767 0.0 1.0 1.0 1 0 0 0.0 1.0 0
cell 9.991788011759889 49.86716265762982 0.0 1.0 1.0 1 0 0 0.0 1.0 0
cell 33.165924438135406 2.2293188833261035 0.0 1.6431676725154984 0.6085806194501846 1 0 0 0.956156562428154 0.2928559852992176 2.547167813038559
cell 18.380050499729418 2.5369884108522878 0.0 1.0 1.0 1 0 0 0.0 1.0 0
cell 23.218102407149726 2.3522874371036258 0.0 1.0 1.0 1 0 0 0.0 1.0 0
cell 24.645455411098705 52.29769377161735 0.0 1.0 1.0 1 0 0 0.0 1.0 0
cell 46.80552366126088 33.988552327045674 0.0 1.0 1.0 1 0 0 0.0 1.0 0
cell 39.45466323856255 50.79450989444926 0.0 1.0 1.0 1 0 0 0.0 1.0 0
cell 35.75120391748457 55.9367878982334 0.0 1.0 1.0 1 0 0 0.0 1.0 0
cell 40.84177982826552 27.148976977243255 0.0 1.0 1.0 1 0 0 0.0 1.0 0
cell 54.11939279493242 55.87589297922396 0.0 1.6431676725154984 0.6085806194501846 1 0 0 0.8465840859953433 0.5322550002953745 2.019068677914819
cell 40.40565915524453 37.21141456447047 0.0 1.0 1.0 1 0 0 0.0 1.0 0
cell 1.3606415226551163 35.644571526594326 0.0 1.6431676725154984 0.6085806194501846 1 0 0 0.968344902879114 -0.24961600322903837 3.6461600241400656
cell 14.254852893027453 31.603527688644398 0.0 1.6431676725154984 0.6085806194501846 1 0 0 -0.09155031545000564 -0.9958004517678251 0.18335737554669773
cell 5.745816154373215 57.63430620816889 0.0 1.6431676725154984 0.6085806194501846 1 0 0 0.9712257989186222 -0.2381605498710567 3.622535579514024
cell 39.138280823588254 54.2848433068186 0.0 1.6431676725154984 0.6085806194501846 1 0 0 0.9916245908881951 -0.12915367105049608 3.400623563565172
cell 26.996548753182243 42.887196384701724 0.0 1.0 1.0 1 0 0 0.0 1.0 0
cell 23.29236706145692 17.298806867043258 0.0 1.0 1.0 1 0 0 0.0 1.0 0
cell 14.724354545161306 48.35146698518424 0.0 1.6431676725154984 0.6085806194501846 1 0 0 0.34134140986096767 0.9399393820423352 0.6966873043750721
cell 55.51001973868644 26.16561040348299 0.0 1.0 1.0 1 0 0 0.0 1.0 0
cell 4.589197443623768 19.799071040525156 0.0 1.0 1.0 1 0 0 0.0 1.0 0
cell 33.46967229673626 40.82260932672883 0.0 1.0 1.0 1 0 0 0.0 1.0 0
cell 7.609324601499678 53.01612252150779 0.0 1.6431676725154984 0.6085806194501846 1 0 0 -0.7269796912842057 -0.6866589608097465 1.627826178867494
cell 49.747833558909406 26.169779489388823 0.0 1.0 1.0 1 0 0 0.0 1.0 0
cell 16.72881776726093 1.6938039822877233 0.0 1.0 1.0 1 0 0 0.0 1.0 0
cell 14.94515048106024 8.44852478230993 0.0 1.0 1.0 1 0 0 0.0 1.0 0
cell 57.730882746980726 8.01218586297659 0.0 1.0 1.0 1 0 0 0.0 1.0 0
cell 59.55611147772808 33.75878660614959 0.0 1.6431676725154984 0.6085806194501846 1 0 0 0.6560707275355436 -0.754699410673536 4.8519843188870135
cell 47.8719994692133 48.64275754444463 0.0 1.6431676725154984 0.6085806194501846 1 0 0 0.5383741630133457 0.8427059158447148 1.137013224880986
cell 57.74898815829939 22.922485389493154 0.0 1.0 1.0 1 0 0 0.0 1.0 0
cell 32.94397381594887 3.606007159887874 0.0 1.6431676725154984 0.6085806194501846 1 0 0 0.9520902755956733 0.3058171138379193 2.519999568403064
cell 31.8509965557699 51.39623393237622 0.0 1.0 1.0 1 0 0 0.0 1.0 0
cell 37.70017572558819 3.8040269466460854 0.0 1.6431676725154984 0.6085806194501846 1 0 0 0.9858724200767746 0.16749797411301387 2.8050101755228187
cell 28.300468049202582 56.58994867978536 0.0 1.0 1.0 1 0 0 0.0 1.0 0
cell 58.910811141356206 46.86788420350025 0.0 1.6431676725154984 0.6085806194501846 1 0 0 0.8764112676834772 -0.48156338095565415 4.1464680214656955
cell 27.130637146665503 40.92454856976863 0.0 1.0 1.0 1 0 0 0.0 1.0 0
cell 31.68195503781787 7.138987790569682 0.0 1.6431676725154984 0.6085806194501846 1 0 0 0.9906349818538377 0.13653692807239592 2.8676631440955385
cell 10.969019863823352 48.711148653490966 0.0 1.6431676725154984 0.6085806194501846 1 0 0 -0.24613575349582878 -0.9692353640117763 0.49738264421931433
cell 17.63303482048544 8.604527875983747 0.0 1.0 1.0 1 0 0 0.0 1.0 0
cell 28.514859435403554 33.21822581539301 0.0 1.6431676725154984 0.6085806194501846 1 0 0 -0.5799197647399638 -0.8146735950452457 1.2372603992073445
cell 3.589338252534736 50.0809007334534 0.0 1.6431676725154984 0.6085806194501846 1 0 0 0.15644171999466774 -0.987687191495926 5.969011351035348
cell 23.894952436995656 10.325052367939946 0.0 1.6431676725154984 0.6085806194501846 1 0 0 0.9151714623316125 0.4030647522840692 2.311866223904881
cell 23.58401670698054 25.133726630650028 0.0 1.6431676725154984 0.6085806194501846 1 0 0 0.9574889327580325 0.28847000475939255 2.5563355985473732
cell 2.858686884428769 33.33097755435626 0.0 1.0 1.0 1 0 0 0.0 1.0 0
cell 34.96683104488668 52.02170202484983 0.0 1.0 1.0 1 0 0 0.0 1.0 0
cell 31.696001357923826 39.18858270898331 0.0 1.0 1.0 1 0 0 0.0 1.0 0
cell 49.060100303857176 38.62093895373744 0.0 1.0 1.0 1 0 0 0.0 1.0 0
cell 20.116965282092604 26.261606946106696 0.0 1.0 1.0 1 0 0 0.0 1.0 0
cell 1.331418430871875 37.08358471081968 0.0 1.6431676725154984 0.6085806194501846 1 0 0 0.9465022530155469 -0.3226972033292102 3.7987481767066407
cell 25.256361363883915 16.958552889280192 0.0 1.0 1.0 1 0 0 0.0 1.0 0
cell 35.34277438516444 8.202235666923874 0.0 1.0 1.0 1 0 0 0.0 1.0 0
cell 14.521397747866828 32.606995250677514 0.0 1.6431676725154984 0.6085806194501846 1 0 0 0.024260099516234663 -0.9997056804737394 6.234660347439314
cell 31.783411359698928 16.578119636418194 0.0 1.0 1.0 1 0 0 0.0 1.0 0
cell 52.843816110462555 29.16635336283599 0.0 1.0 1.0 1 0 0 0.0 1.0 0
cell 40.50289783395086 18.10597706260872 0.0 1.0 1.0 1 0 0 0.0 1.0 0
cell 59.30017579148269 6.7303885971481145 0.0 1.0 1.0 1 0 0 0.0 1.0 0
cell 41.338279015376685 11.9809528006607 0.0 1.0 1.0 1 0 0 0.0 1.0 0
cell 20.05951309231528 6.507301328926258 0.0 1.0 1.0 1 0 0 0.0 1.0 0
cell 54.94321519461252 20.9556208792529 0.0 1.0 1.0 1 0 0 0.0 1.0 0
cell 32.13672921288481 29.875007074850817 0.0 1.0 1.0 1 0 0 0.0 1.0 0
cell 19.461424314475714 51.58076169684856 0.0 1.0 1.0 1 0 0 0.0 1.0 0
cell 30.031596601261814 23.773549141724054 0.0 1.0 1.0 1 0 0 0.0 1.0 0
cell 55.083335373031936 33.49554231816624 0.0 1.0 1.0 1 0 0 0.0 1.0 0
cell 38.83107064810884 9.714978675319745 0.0 1.0 1.0 1 0 0 0.0 1.0 0
cell 30.061865646739633 33.38801533023924 0.0 1.6431676725154984 0.6085806194501846 1 0 0 -0.44537626606556224 -0.8953434992367441 0.923188929304418
cell 26.125984010171262 15.63342149042296 0.0 1.0 1.0 1 0 0 0.0 1.0 0
cell 38.79038384969291 47.33568681442814 0.0 1.0 1.0 1 0 0 0.0 1.0 0
cell 36.15348177996409 50.93611440702611 0.0 1.6431676725154984 0.6085806194501846 1 0 0 0.9781064589624464 -0.20810515355450507 3.560867252005063
cell 18.41915761114126 25.368571726521925 0.0 1.0 1.0 1 0 0 0.0 1.0 0
cell 46.323462913649024 8.561781223633494 0.0 1.0 1.0 1 0 0 0.0 1.0 0
cell 3.1414905983932995 18.526440295010456 0.0 1.6431676725154984 0.6085806194501846 1 0 0 0.2564863450059836 -0.9665478543897719 5.76441495224619
cell 41.62196453390343 19.20690135563194 0.0 1.6431676725154984 0.6085806194501846 1 0 0 0.8929668367101035 0.45012245948847235 2.2077877094162384
cell 10.27428027794016 23.861264915068556 0.0 1.0 1.0 1 0 0 0.0 1.0 0
cell 31.999659790118766 37.52917105883644 0.0 1.0 1.0 1 0 0 0.0 1.0 0
cell 42.966438175544084 34.38359226569983 0.0 1.0 1.0 1 0 0 0.0 1.0 0
cell 20.96834984362345 41.65874869379783 0.0 1.6431676725154984 0.6085806194501846 1 0 0 0.9734562162277662 0.2288733166787263 2.6797524138942133
cell 59.200619911396615 51.93893166252005 0.0 1.6431676725154984 0.6085806194501846 1 0 0 0.995507424576487 -0.09468351288946754 3.33124377183909
cell 16.75452234148007 48.62969081160022 0.0 1.0 1.0 1 0 0 0.0 1.0 0
cell 23.72242468243091 33.5037681319543 0.0 1.0 1.0 1 0 0 0.0 1.0 0
cell 39.22232313381037 23.4615340122 0.0 1.0 1.0 1 0 0 0.0 1.0 0
cell 6.394067279518965 53.393071650986734 0.0 1.6431676725154984 0.6085806194501846 1 0 0 -0.7610525996512179 -0.6486901730133756 1.7298684560732003
cell 37.32812485244323 22.79423508907597 0.0 1.0 1.0 1 0 0 0.0 1.0 0
cell 18.03567291353878 4.482280635543916 0.0 1.0 1.0 1 0 0 0.0 1.0 0
cell 29.781915491422488 47.87647330835154 0.0 1.0 1.0 1 0 0 0.0 1.0 0
cell 35.335497559749 33.83476947178232 0.0 1.0 1.0 1 0 0 0.0 1.0 0
cell 22.63111941129693 37.35311190949708 0.0 1.0 1.0 1 0 0 0.0 1.0 0
cell 44.95479749992984 21.93961827210714 0.0 1.0 1.0 1 0 0 0.0 1.0 0
cell 2.7142332000716047 11.352463219779942 0.0 1.6431676725154984 0.6085806194501846 1 0 0 -0.03884593936656163 0.999245211644634 6.205473875567897
cell 43.481777037118476 52.04870055493484 0.0 1.6431676725154984 0.6085806194501846 1 0 0 0.34157777421341995 0.9398535120769651 0.6971902626572234
cell 9.530252323181529 17.013448459445453 0.0 1.6431676725154984 0.6085806194501846 1 0 0 0.9929966068223589 -0.11814287468688726 3.378431553514911
cell 2.732822164783262 59.48818772583493 0.0 1.6431676725154984 0.6085806194501846 1 0 0 0.9996685437606767 -0.02574495320267808 3.193088249633083
cell 14.624348154362876 13.197628362127293 0.0 1.0 1.0 1 0 0 0.0 1.0 0
cell 6.116827745908313 27.59718992143374 0.0 1.0 1.0 1 0 0 0.0 1.0 0
cell 42.64079761432214 26.261013840584063 0.0 1.0 1.0 1 0 0 0.0 1.0 0
cell 7.802951027536551 38.910223039741894 0.0 1.6431676725154984 0.6085806194501846 1 0 0 0.720900642106579 -0.6930384291006684 4.67298331136562
cell 39.0578340485785 30.09278649914879 0.0 1.0 1.0 1 0 0 0.0 1.0 0
cell 57.793931023416015 13.66786646661127 0.0 1.6431676725154984 0.6085806194501846 1 0 0 0.9676390615075939 0.2523383574582008 2.631400541337347
cell 15.79593264171861 11.746063323880506 0.0 1.0 1.0 1 0 0 0.0 1.0 0
cell 47.16669330638832 43.50042196934565 0.0 1.0 1.0 1 0 0 0.0 1.0 0
cell 58.9294696440596 18.37447126962478 0.0 1.0 1.0 1 0 0 0.0 1.0 0
cell 9.794789160914096 37.96310734630829 0.0 1.6431676725154984 0.6085806194501846 1 0 0 -0.7936857698480455 -0.6083279532790807 1.833688254068571
cell 19.216834869802444 46.31105345316117 0.0 1.0 1.0 1 0 0 0.0 1.0 0
cell 23.4056161181234 55.96264682885753 0.0 1.0 1.0 1 0 0 0.0 1.0 0
cell 0.9379053317342371 27.950878662816177 0.0 1.6431676725154984 0.6085806194501846 1 0 0 0.8286079776139187 -0.5598292770430746 4.329952153184984
cell 37.97380108642335 52.842395010423495 0.0 1.0 1.0 1 0 0 0.0 1.0 0
cell 53.062776232937196 24.06233113679244 0.0 1.0 1.0 1 0 0 0.0 1.0 0
cell 5.277271373000549 35.8810363556777 0.0 1.6431676725154984 0.6085806194501846 1 0 0 0.9999817411024909 -0.0060429679488510635 3.1536786630466542
cell 20.108174068308763 15.288259253300916 0.0 1.6431676725154984 0.6085806194501846 1 0 0 0.7382205412290886 0.6745594358597553 1.6608571589523429
cell 31.36151356717432 58.91334942786244 0.0 1.0 1.0 1 0 0 0.0 1.0 0
cell 31.93915792316008 24.329864895145302 0.0 1.0 1.0 1 0 0 0.0 1.0 0
cell 17.263851172762294 16.719705483358393 0.0 1.0 1.0 1 0 0 0.0 1.0 0
cell 37.62477184056862 50.05468033201801 0.0 1.0 1.0 1 0 0 0.0 1.0 0
cell 42.22394051471923 10.172425017941194 0.0 1.0 1.0 1 0 0 0.0 1.0 0
cell 2.004952007342951 24.05155933532273 0.0 1.6431676725154984 0.6085806194501846 1 0 0 0.7003520440446149 -0.7137976004460437 4.73140415507692
cell 20.169975901955105 59.58928566778993 0.0 1.0 1.0 1 0 0 0.0 1.0 0
cell 42.59255284178122 57.07438404416773 0.0 1.6431676725154984 0.6085806194501846 1 0 0 0.992365537134454 0.12333142627832817 2.8943001650437883
cell 50.674269386528884 45.3118395083124 0.0 1.0 1.0 1 0 0 0.0 1.0 0
cell 20.67677968721177 57.82557640463211 0.0 1.0 1.0 1 0 0 0.0 1.0 0
cell 48.988164517955354 40.57865956345927 0.0 1.0 1.0 1 0 0 0.0 1.0 0
cell 1.4136799973597123 7.456435400752172 0.0 1.0 1.0 1 0 0 0.0 1.0 0
cell 55.86601864529265 9.553581404856917 0.0 1.6431676725154984 0.6085806194501846 1 0 0 0.00571049978618698 0.9999836949631689 0.011421061646051698
cell 10.214551512495811 55.54721203352465 0.0 1.6431676725154984 0.6085806194501846 1 0 0 0.8967561761262826 0.44252498300024573 2.2247678360557868
cell 36.956783297674974 42.77066150039528 0.0 1.0 1.0 1 0 0 0.0 1.0 0
cell 58.36020157854024 30.86923523974418 0.0 1.6431676725154984 0.6085806194501846 1 0 0 0.6622665697821151 -0.7492683034461226 4.835505754520053
cell 39.337483088236404 11.646537880087358 0.0 1.0 1.0 1 0 0 0.0 1.0 0
cell 21.332449717297973 17.3681098528028 0.0 1.6431676725154984 0.6085806194501846 1 0 0 0.9685374041422855 0.24886803084631645 2.6385699764735593
cell 33.93360053936087 56.71746441841524 0.0 1.0 1.0 1 0 0 0.0 1.0 0
cell 13.476788544258701 21.186245758668587 0.0 1.6431676725154984 0.6085806194501846 1 0 0 0.9267484018724643 -0.3756825782849577 3.9118590434861225
cell 53.588036372903964 38.256470759138956 0.0 1.6431676725154984 0.6085806194501846 1 0 0 -0.2676042872190846 -0.9635289022452651 0.5418115510025094
cell 20.01908033089387 49.67201119387935 0.0 1.0 1.0 1 0 0 0.0 1.0 0
cell 34.009806834764944 26.931468185672585 0.0 1.0 1.0 1 0 0 0.0 1.0 0
cell 24.31645824512199 31.59844743012856 0.0 1.0 1.0 1 0 0 0.0 1.0 0
cell 53.82939716257525 19.464627130596046 0.0 1.0 1.0 1 0 0 0.0 1.0 0
cell 37.06559966181884 48.338546558737974 0.0 1.0 1.0 1 0 0 0.0 1.0 0
cell 7.5369253103689555 56.402783649530036 0.0 1.6431676725154984 0.6085806194501846 1 0 0 0.9879326936217938 0.15488380442508135 2.830572978809892
cell 18.99555410768229 15.854178659139269 0.0 1.6431676725154984 0.6085806194501846 1 0 0 0.8072657658644091 0.5901880914279354 1.8790090154176968
cell 17.024125691820714 53.79530305287837 0.0 1.0 1.0 1 0 0 0.0 1.0 0
cell 37.04691039175822 32.90650759119109 0.0 1.0 1.0 1 0 0 0.0 1.0 0
cell 27.075660363865616 10.07924940955092 0.0 1.6431676725154984 0.6085806194501846 1 0 0 0.9818247824564058 0.1897896112921656 2.759696936116115
cell 40.107215378271924 21.77537939591478 0.0 1.6431676725154984 0.6085806194501846 1 0 0 0.745172683226754 0.6668715559780908 1.6815874978125613
cell 30.016038567330227 45.941269461761465 0.0 1.0 1.0 1 0 0 0.0 1.0 0
cell 33.86103684482918 28.909432398243393 0.0 1.0 1.0 1 0 0 0.0 1.0 0
cell 36.44058490222355 52.71273119813814 0.0 1.0 1.0 1 0 0 0.0 1.0 0
cell 23.808350395942004 18.927524989465 0.0 1.6431676725154984 0.6085806194501846 1 0 0 0.24199885893440748 0.970276533919297 0.488850831050762
cell 43.82701022874507 20.428273027111356 0.0 1.0 1.0 1 0 0 0.0 1.0 0
cell 53.620425302810816 4.776075053066057 0.0 1.6431676725154984 0.6085806194501846 1 0 0 -0.8395767620019112 -0.5432410705261397 1.9930073094714906
cell 2.362699509219993 27.173538410228687 0.0 1.0 1.0 1 0 0 0.0 1.0 0
cell 29.64523774275328 35.71689113718002 0.0 1.6431676725154984 0.6085806194501846 1 0 0 -0.6929838764723844 -0.7209530823495431 1.5312393175189545
cell 36.63861566892769 12.431792492772304 0.0 1.0 1.0 1 0 0 0.0 1.0 0
cell 13.67107233727283 56.435341847223015 0.0 1.0 1.0 1 0 0 0.0 1.0 0
cell 48.46274530364441 34.90884333748815 0.0 1.0 1.0 1 0 0 0.0 1.0 0
cell 51.77741397896337 34.54283606711673 0.0 1.0 1.0 1 0 0 0.0 1.0 0
cell 35.25639622925074 37.851175850098585 0.0 1.0 1.0 1 0 0 0.0 1.0 0
cell 14.873819243881913 6.477888116120293 0.0 1.0 1.0 1 0 0 0.0 1.0 0
cell 32.2622583019746 27.924929508431305 0.0 1.0 1.0 1 0 0 0.0 1.0 0
cell 20.29793899170494 27.87558677860375 0.0 1.0 1.0 1 0 0 0.0 1.0 0
cell 23.80965205608733 26.55989895764419 0.0 1.0 1.0 1 0 0 0.0 1.0 0
cell 47.803854296159024 28.923996437613987 0.0 1.0 1.0 1 0 0 0.0 1.0 0
cell 44.39077453304589 29.142969358707507 0.0 1.0 1.0 1 0 0 0.0 1.0 0
cell 23.372103202327708 19.693957078359194 0.0 1.6431676725154984 0.6085806194501846 1 0 0 -0.20912183922073696 -0.9778895931345911 0.42135371421631174
cell 1.7953949242176437 9.081821216424526 0.0 1.6431676725154984 0.6085806194501846 1 0 0 0.9875174881626441 0.15750939836385014 2.8252565351619365
cell 53.602284920412174 14.584203436193288 0.0 1.6431676725154984 0.6085806194501846 1 0 0 0.9167066016222453 0.399561017295474 2.3195168001852013
cell 4.007874607302132 5.010157226136105 0.0 1.6431676725154984 0.6085806194501846 1 0 0 0.1776786294073637 -0.984088565451261 5.925931222442863
cell 43.73637872336896 43.467185034813305 0.0 1.0 1.0 1 0 0 0.0 1.0 0
cell 9.082021241944336 25.077467630102543 0.0 1.6431676725154984 0.6085806194501846 1 0 0 0.604536815978077 0.7965772016114249 1.2983685424032443
cell 16.070823043061488 39.552580781785736 0.0 1.6431676725154984 0.6085806194501846 1 0 0 0.9966749468987252 -0.08148036711026384 3.3047342460767646
cell 14.761638228965504 24.091314806191264 0.0 1.0 1.0 1 0 0 0.0 1.0 0
cell 6.125918383670369 46.05780887933459 0.0 1.6431676725154984 0.6085806194501846 1 0 0 -0.23797251908001396 -0.9712718878680224 0.48055573207224445
cell 18.426520839821094 33.27473080531133 0.0 1.0 1.0 1 0 0 0.0 1.0 0
cell 40.0784444530831 33.23391401062651 0.0 1.0 1.0 1 0 0 0.0 1.0 0
cell 46.44116047127167 24.03206247173406 0.0 1.0 1.0 1 0 0 0.0 1.0 0
cell 22.81377013938604 15.459184795783823 0.0 1.6431676725154984 0.6085806194501846 1 0 0 0.9170421964381168 0.3987901828680771 2.32119823961204
cell 11.076208121986314 59.725533926161454 0.0 1.6431676725154984 0.6085806194501846 1 0 0 0.9954684466900258 -0.09509243736779154 3.3320653276971504
cell 41.10309206937393 22.09964677788074 0.0 1.6431676725154984 0.6085806194501846 1 0 0 0.7537561532125306 0.6571542143928228 1.7075185633063148
cell 43.96091280880075 48.229595923491964 0.0 1.6431676725154984 0.6085806194501846 1 0 0 0.40156870070130074 0.9158289024796439 0.8264581589000476
cell 18.62071295136271 19.63772230320291 0.0 1.0 1.0 1 0 0 0.0 1.0 0
cell 4.640489535994132 26.44091646719992 0.0 1.0 1.0 1 0 0 0.0 1.0 0
cell 2.5934019102590873 54.65852999215274 0.0 1.6431676725154984 0.6085806194501846 1 0 0 -0.9985022524538151 -0.054710619121498896 3.032116754134222
cell 12.197372941799776 46.1597815225266 0.0 1.6431676725154984 0.6085806194501846 1 0 0 0.8758618800918071 -0.482561878935795 4.1487473416124105
cell 8.443162541558989 44.378668093531275 0.0 1.6431676725154984 0.6085806194501846 1 0 0 0.48661553035627914 0.8736162347484605 1.0164229243766052
cell 9.160125490532701 2.9785149747827986 0.0 1.6431676725154984 0.6085806194501846 1 0 0 0.9487082005690958 0.3161530486535728 2.4982490607615184
cell 27.66238874930657 47.37410512233859 0.0 1.6431676725154984 0.6085806194501846 1 0 0 0.7127576980661894 0.7014103391363624 1.5868440878896075
cell 40.33877559064516 41.196860563312505 0.0 1.0 1.0 1 0 0 0.0 1.0 0
cell 17.24178024719191 44.711363124796826 0.0 1.0 1.0 1 0 0 0.0 1.0 0
cell 51.50040650451549 11.734413785590831 0.0 1.0 1.0 1 0 0 0.0 1.0 0
cell 33.26480214630901 23.246341930884 0.0 1.0 1.0 1 0 0 0.0 1.0 0
cell 41.999640258337124 13.753876307547467 0.0 1.0 1.0 1 0 0 0.0 1.0 0
cell 30.682976390596412 49.565097392201096 0.0 1.0 1.0 1 0 0 0.0 1.0 0
cell 34.52418104842797 21.925070857970237 0.0 1.0 1.0 1 0 0 0.0 1.0 0
cell 42.52490998765085 0.9575471737454871 0.0 1.6431676725154984 0.6085806194501846 1 0 0 0.9788412623103441 0.20462107222544826 2.729439507853155
cell 27.14390271411466 29.96857972135021 0.0 1.0 1.0 1 0 0 0.0 1.0 0
cell 15.415050216791427 46.7631557145827 0.0 1.0 1.0 1 0 0 0.0 1.0 0
cell 51.84264026080026 1.5722449194305443 0.0 1.6431676725154984 0.6085806194501846 1 0 0 0.23068290993165477 -0.9730289795609708 5.817626379593637
cell 7.431066477872704 48.58140148610771 0.0 1.6431676725154984 0.6085806194501846 1 0 0 -0.5839029230038103 -0.811823488516812 1.24705605231126
cell 28.469102383879896 7.2829793776819525 0.0 1.6431676725154984 0.6085806194501846 1 0 0 0.9370429460219181 0.3492141424836123 2.428128022464058
cell 0.8824832233910422 45.039487985635596 0.0 1.6431676725154984 0.6085806194501846 1 0 0 -0.20937385349632384 -0.9778356658826165 0.42186915322908725
cell 16.595942736614155 13.576509248129929 0.0 1.0 1.0 1 0 0 0.0 1.0 0
cell 57.03667168977249 33.136405718948815 0.0 1.0 1.0 1 0 0 0.0 1.0 0
cell 54.45219236744523 5.853756754739342 0.0 1.6431676725154984 0.6085806194501846 1 0 0 0.9113161111860358 0.4117073541883369 2.2929391038355105
cell 18.72661897663484 58.23723320290683 0.0 1.0 1.0 1 0 0 0.0 1.0 0
cell 15.894259171676303 35.34763234558508 0.0 1.0 1.0 1 0 0 0.0 1.0 0
cell 0.7464505960872464 23.3724256336347 0.0 1.6431676725154984 0.6085806194501846 1 0 0 0.423204551211018 -0.9060341648272877 5.40922668818234
cell 25.155850578559633 14.338450997040747 0.0 1.0 1.0 1 0 0 0.0 1.0 0
cell 12.118251776359767 10.887685907183203 0.0 1.0 1.0 1 0 0 0.0 1.0 0
cell 0.8197861579302259 14.946253543759008 0.0 1.6431676725154984 0.6085806194501846 1 0 0 0.9896746070290212 0.1433323836470754 2.853937151068518
cell 37.07919004187613 57.41230439036668 0.0 1.0 1.0 1 0 0 0.0 1.0 0
cell 22.44533479726989 47.52828421148195 0.0 1.0 1.0 1 0 0 0.0 1.0 0
cell 41.111823268881345 24.605260786254608 0.0 1.6431676725154984 0.6085806194501846 1 0 0 0.5616863444054585 0.8273502586622141 1.192845280801975
cell 10.554919598768315 18.79271366683683 0.0 1.6431676725154984 0.6085806194501846 1 0 0 0.9446184831013934 -0.3281705675151604 3.8103251189899843
cell 2.668012238447561 35.11449571800357 0.0 1.6431676725154984 0.6085806194501846 1 0 0 0.9379826918469942 -0.34668208750304164 3.849655644566671
cell 31.574505215398844 0.7013890871523986 0.0 1.6431676725154984 0.6085806194501846 1 0 0 0.9670843280180261 0.2544560915009166 2.6270221724017033
cell 22.711064471028042 8.08005317673572 0.0 1.0 1.0 1 0 0 0.0 1.0 0
cell 14.988732625088149 44.09469544431698 0.0 1.6431676725154984 0.6085806194501846 1 0 0 0.9934718208519803 0.11407778562476897 2.9129393021104018
cell 50.747615715216554 41.572930762217055 0.0 1.0 1.0 1 0 0 0.0 1.0 0
cell 27.83125245709002 39.034603803364256 0.0 1.0 1.0 1 0 0 0.0 1.0 0
cell 25.10927396067456 43.529702855729376 0.0 1.0 1.0 1 0 0 0.0 1.0 0
cell 8.259983103467496 20.14959387893699 0.0 1.6431676725154984 0.6085806194501846 1 0 0 0.8053757967469363 -0.5927645620431755 4.41056697021837
cell 28.91931817417103 11.088924040375527 0.0 1.0 1.0 1 0 0 0.0 1.0 0
cell 39.79544239799942 6.42601734284306 0.0 1.6431676725154984 0.6085806194501846 1 0 0 0.9948926315198245 -0.10093885152684538 3.3438147482593887
cell 27.04441067980055 3.000579237203667 0.0 1.6431676725154984 0.6085806194501846 1 0 0 0.8568009883977211 0.5156472304596312 2.0580668912291786
cell 56.7105752594544 16.86208606287782 0.0 1.6431676725154984 0.6085806194501846 1 0 0 0.996018894729717 -0.0891423655810903 3.3201143522462386
cell 21.493451646226674 15.642455649281494 0.0 1.6431676725154984 0.6085806194501846 1 0 0 0.8732459208514851 0.48727975713776767 2.123648769480109
cell 39.409040347532226 52.400191554305835 0.0 1.6431676725154984 0.6085806194501846 1 0 0 0.9413549768339003 -0.3374178530991609 3.8299377204947658
cell 53.67016722866658 11.639366165459538 0.0 1.6431676725154984 0.6085806194501846 1 0 0 0.9631690790748232 -0.2688964951689722 3.686086945257758
cell 12.784406362398324 40.83165487742869 0.0 1.0 1.0 1 0 0 0.0 1.0 0
cell 49.8269171882937 24.36895350120459 0.0 1.0 1.0 1 0 0 0.0 1.0 0
cell 10.972933945251873 50.98173401936171 0.0 1.6431676725154984 0.6085806194501846 1 0 0 -0.9065799763312431 -0.42203405847779946 2.270217027947714
cell 45.54467831889289 38.55923567816666 0.0 1.0 1.0 1 0 0 0.0 1.0 0
cell 2.5718557173675585 31.10389312230331 0.0 1.0 1.0 1 0 0 0.0 1.0 0
cell 0.5913714056356772 22.1272874362636 0.0 1.6431676725154984 0.6085806194501846 1 0 0 0.23051472235733672 -0.9730688376350977 5.817972071516033
cell 39.93703202252567 35.26022843975501 0.0 1.0 1.0 1 0 0 0.0 1.0 0
cell 4.1398762388794355 37.001745497369164 0.0 1.6431676725154984 0.6085806194501846 1 0 0 0.9988050497563321 -0.04887200201803524 3.2393756093184467
cell 16.008129279875817 9.77851452962887 0.0 1.0 1.0 1 0 0 0.0 1.0 0
cell 57.559398686783126 19.702232032518104 0.0 1.6431676725154984 0.6085806194501846 1 0 0 0.08331358895696435 -0.9965233795025132 6.116364760510286
cell 35.61548980279806 19.18802609107997 0.0 1.0 1.0 1 0 0 0.0 1.0 0
cell 40.46168652058382 10.63046360455889 0.0 1.0 1.0 1 0 0 0.0 1.0 0
cell 9.513127001222413 40.378989100918986 0.0 1.6431676725154984 0.6085806194501846 1 0 0 0.8888020714143481 -0.4582912587531689 4.093736097205388
cell 14.17842906028175 27.460965824579514 0.0 1.0 1.0 1 0 0 0.0 1.0 0
cell 13.334984480244906 39.23397154791411 0.0 1.6431676725154984 0.6085806194501846 1 0 0 0.9475373703473096 -0.31964500902611576 3.7923022890421514
cell 26.245815129890033 9.156851208714796 0.0 1.6431676725154984 0.6085806194501846 1 0 0 0.9405506467768567 0.339653471714388 2.4484957701526473
cell 51.0658875560472 28.47168900868973 0.0 1.0 1.0 1 0 0 0.0 1.0 0
cell 45.64480845964258 20.254611170338315 0.0 1.0 1.0 1 0 0 0.0 1.0 0
cell 31.647721432105982 43.7507643937406 0.0 1.0 1.0 1 0 0 0.0 1.0 0
cell 38.6959524355183 43.767361998683505 0.0 1.0 1.0 1 0 0 0.0 1.0 0
cell 52.61956992432651 40.99985514837005 0.0 1.0 1.0 1 0 0 0.0 1.0 0
cell 17.829517985891094 43.01653261269452 0.0 1.6431676725154984 0.6085806194501846 1 0 0 0.9968277820747818 0.07958877360451799 2.9822465772273623
cell 29.474736104632566 14.734554262868825 0.0 1.0 1.0 1 0 0 0.0 1.0 0
cell 2.6883134255295387 41.24715527678737 0.0 1.6431676725154984 0.6085806194501846 1 0 0 0.16313044135609803 0.9866045099749771 0.327725541790334
cell 33.47185516593199 42.771540585598814 0.0 1.0 1.0 1 0 0 0.0 1.0 0
cell 22.727716733646965 20.7422225596593 0.0 1.0 1.0 1 0 0 0.0 1.0 0
cell 8.813803563844157 9.216196758635808 0.0 1.6431676725154984 0.6085806194501846 1 0 0 0.5160269370246294 0.8565723555339497 1.0844122161160132
cell 34.606789978082226 4.715037996068343 0.0 1.6431676725154984 0.6085806194501846 1 0 0 0.9814553136659077 0.1916910725019684 2.755822887539909
cell 9.8227582054258 3.9771092551435436 0.0 1.6431676725154984 0.6085806194501846 1 0 0 -0.35888729784763707 0.9333809015849968 5.549034307798031
cell 25.98300854914391 8.064775695905995 0.0 1.6431676725154984 0.6085806194501846 1 0 0 0.891819878585635 0.45239065436799547 2.202704315105877
cell 44.03174899947882 55.3564027777611 0.0 1.6431676725154984 0.6085806194501846 1 0 0 0.9601575362904963 0.27945930921077633 2.5751307818706644
cell 3.453757055675968 39.817733902332805 0.0 1.0 1.0 1 0 0 0.0 1.0 0
cell 5.360989701125132 22.94865622822093 0.0 1.0 1.0 1 0 0 0.0 1.0 0
cell 53.37737931845966 49.11770734947605 0.0 1.6431676725154984 0.6085806194501846 1 0 0 0.9061211007693718 0.423018381090588 2.268044970947305
cell 34.62025844208172 59.291775209213526 0.0 1.6431676725154984 0.6085806194501846 1 0 0 0.9905801653815138 0.13693405694980595 2.8668613556120506
cell 48.169281756493056 53.37143116495394 0.0 1.6431676725154984 0.6085806194501846 1 0 0 0.3376848480779889 0.9412592328251265 0.6889123524925732
cell 17.48790589276889 18.40283499244919 0.0 1.6431676725154984 0.6085806194501846 1 0 0 0.9242352341914567 0.3818235611890172 2.3580555675010006
cell 41.38537514303895 34.75905382427476 0.0 1.0 1.0 1 0 0 0.0 1.0 0
cell 31.44283509553759 10.107457528243337 0.0 1.0 1.0 1 0 0 0.0 1.0 0
cell 49.46187432549283 27.871555037066443 0.0 1.0 1.0 1 0 0 0.0 1.0 0
cell 47.194039625772575 41.506868585701035 0.0 1.0 1.0 1 0 0 0.0 1.0 0
cell 59.70625372980003 16.944893688270874 0.0 1.6431676725154984 0.6085806194501846 1 0 0 0.9998060980634332 -0.01969178191968548 3.1809787631430453
cell 53.56891012890929 25.885529486712322 0.0 1.0 1.0 1 0 0 0.0 1.0 0
cell 14.605863010526507 59.04880909354908 0.0 1.0 1.0 1 0 0 0.0 1.0 0
cell 58.229346064735346 36.848192250608534 0.0 1.0 1.0 1 0 0 0.0 1.0 0
cell 47.853819117903775 0.019560332050765794 0.0 1.6431676725154984 0.6085806194501846 1 0 0 0.9990057038359741 0.04458254931237199 3.0523979910347516
cell 57.82618672248669 54.57478491477172 0.0 1.6431676725154984 0.6085806194501846 1 0 0 0.9991566021194929 -0.04106195856299988 3.223739666220008
cell 28.211351037921656 8.768704901094102 0.0 1.6431676725154984 0.6085806194501846 1 0 0 0.9756592158070505 0.21929225843784658 2.699414627666302
cell 13.444099777808031 35.29530505128906 0.0 1.0 1.0 1 0 0 0.0 1.0 0
cell 19.836438016736018 24.307861970436186 0.0 1.0 1.0 1 0 0 0.0 1.0 0
cell 37.92844154150754 24.647700763280557 0.0 1.0 1.0 1 0 0 0.0 1.0 0
cell 33.50395865333808 15.770265021767795 0.0 1.6431676725154984 0.6085806194501846 1 0 0 -0.13867052949579164 -0.99033857051483 0.27823769542804744
cell 19.38827479569205 17.54830848338795 0.0 1.6431676725154984 0.6085806194501846 1 0 0 0.9303371221074496 0.3667053847829732 2.390662203716402
cell 23.104310908413634 23.838381829376434 0.0 1.0 1.0 1 0 0 0.0 1.0 0
cell 29.82835638434006 7.172572585313379 0.0 1.6431676725154984 0.6085806194501846 1 0 0 0.9570735234574911 0.28984525301730085 2.553462361339748
cell 22.00869053490091 27.12374461574764 0.0 1.0 1.0 1 0 0 0.0 1.0 0
cell 47.804459829151014 26.972453618618832 0.0 1.0 1.0 1 0 0 0.0 1.0 0
cell 39.202582328646436 48.97453073172091 0.0 1.0 1.0 1 0 0 0.0 1.0 0
cell 45.29635745451591 13.384154631642183 0.0 1.0 1.0 1 0 0 0.0 1.0 0
cell 31.93529385804383 33.65907348751119 0.0 1.0 1.0 1 0 0 0.0 1.0 0
cell 58.59414021112417 49.21813674943336 0.0 1.6431676725154984 0.6085806194501846 1 0 0 0.2296549468531831 -0.9732721127135318 5.819739029043338
cell 30.60297620788464 11.353343161685949 0.0 1.0 1.0 1 0 0 0.0 1.0 0
cell 49.975632925876276 33.804051010075575 0.0 1.0 1.0 1 0 0 0.0 1.0 0
cell 17.55311883127714 52.01662134462215 0.0 1.0 1.0 1 0 0 0.0 1.0 0
cell 14.86647065616663 38.3392772079138 0.0 1.6431676725154984 0.6085806194501846 1 0 0 0.9998263554466722 -0.018634885409484016 3.178864581789511
cell 24.500081640002854 5.251903033846037 0.0 1.0 1.0 1 0 0 0.0 1.0 0
cell 46.587291022745006 10.40873928005992 0.0 1.6431676725154984 0.6085806194501846 1 0 0 0.9308238846868079 -0.36546805017205014 3.8898638291196708
cell 29.87825781994095 57.655016804225056 0.0 1.0 1.0 1 0 0 0.0 1.0 0
cell 47.12202048217075 45.53226821222748 0.0 1.0 1.0 1 0 0 0.0 1.0 0
cell 57.63678580107844 35.02890861973154 0.0 1.0 1.0 1 0 0 0.0 1.0 0
cell 59.40275503940927 30.056411635145242 0.0 1.6431676725154984 0.6085806194501846 1 0 0 0.8133440005974096 -0.5817830666942799 4.383431138797449
cell 14.171230767544603 18.99348516653302 0.0 1.0 1.0 1 0 0 0.0 1.0 0
cell 52.613014153909006 39.287928620437974 0.0 1.0 1.0 1 0 0 0.0 1.0 0
cell 40.27995053025949 39.20072292851522 0.0 1.0 1.0 1 0 0 0.0 1.0 0
cell 44.672392234999975 34.09610512471129 0.0 1.6431676725154984 0.6085806194501846 1 0 0 -0.5523794243381659 -0.83359280921073 1.170431935413296
cell 11.107599715691652 40.88670652150987 0.0 1.6431676725154984 0.6085806194501846 1 0 0 0.5158403378252597 0.856684741239344 1.0839765565784383
cell 51.47020488176952 9.955536206800298 0.0 1.6431676725154984 0.6085806194501846 1 0 0 0.9926106242559614 -0.1213431028702942 3.3848783983134845
cell 24.060578027659805 54.112443314603084 0.0 1.0 1.0 1 0 0 0.0 1.0 0
cell 29.915690935960754 43.79456559087834 0.0 1.6431676725154984 0.6085806194501846 1 0 0 -0.8225768878142748 -0.5686539049666167 1.9318556714584414
cell 0.6415386529869397 5.352596184068285 0.0 1.6431676725154984 0.6085806194501846 1 0 0 0.4448935767682622 0.8955834441024144 0.9221108523065644
cell 11.556906236605412 15.198895738967009 0.0 1.6431676725154984 0.6085806194501846 1 0 0 0.9367640293771087 0.34996164542012803 2.4265323343132987
cell 33.83374469451001 18.586585680359754 0.0 1.0 1.0 1 0 0 0.0 1.0 0
cell 32.88397735837588 9.496177125224158 0.0 1.0 1.0 1 0 0 0.0 1.0 0
cell 48.2311281459227 18.72073912820437 0.0 1.0 1.0 1 0 0 0.0 1.0 0
cell 13.777593419016359 42.738757497391745 0.0 1.6431676725154984 0.6085806194501846 1 0 0 0.16019310788634225 0.9870856944489241 0.3217725684319631
cell 15.908903245242092 55.42845206861966 0.0 1.0 1.0 1 0 0 0.0 1.0 0
cell 26.448613150680927 22.072047781343453 0.0 1.0 1.0 1 0 0 0.0 1.0 0
cell 18.592110456217025 11.15228438437128 0.0 1.0 1.0 1 0 0 0.0 1.0 0
cell 26.558911098068926 18.530985832836933 0.0 1.0 1.0 1 0 0 0.0 1.0 0
cell 42.02483904836951 24.00032123930375 0.0 1.6431676725154984 0.6085806194501846 1 0 0 0.6855893448658235 0.7279884959300188 1.5108258860259025
cell 45.45882313095733 32.91064224310523 0.0 1.0 1.0 1 0 0 0.0 1.0 0
cell 2.665977706620769 58.24838970373821 0.0 1.6431676725154984 0.6085806194501846 1 0 0 0.9998374341146038 0.01803067783321607 3.105529343680879
cell 29.112879381704637 1.274241145625892 0.0 1.6431676725154984 0.6085806194501846 1 0 0 0.9605354635781046 0.2781575510547857 2.5778417991061278
cell 33.6815209173934 48.343920204831576 0.0 1.0 1.0 1 0 0 0.0 1.0 0
cell 25.161679192264128 55.67652458974012 0.0 1.0 1.0 1 0 0 0.0 1.0 0
cell 51.5303363541049 21.287479212335704 0.0 1.0 1.0 1 0 0 0.0 1.0 0
cell 19.36709307275391 56.54197932115841 0.0 1.0 1.0 1 0 0 0.0 1.0 0
cell 43.71529376007241 53.59277459901033 0.0 1.6431676725154984 0.6085806194501846 1 0 0 0.15203457139197507 0.9883751762876577 0.3052528990614793
cell 20.223310838500407 18.631212599649245 0.0 1.6431676725154984 0.6085806194501846 1 0 0 0.998005113509677 0.06313314033482458 3.015242343565547
cell 52.83483930131524 31.104152883474132 0.0 1.0 1.0 1 0 0 0.0 1.0 0
cell 53.033859040577326 44.956466739507334 0.0 1.6431676725154984 0.6085806194501846 1 0 0 -0.29085699604995774 0.956766537797385 5.692940432924723
cell 45.56121396387889 36.70510650088858 0.0 1.0 1.0 1 0 0 0.0 1.0 0
cell 3.15112947077481 25.450994501526985 0.0 1.0 1.0 1 0 0 0.0 1.0 0
cell 38.65886073832748 38.032210601249496 0.0 1.0 1.0 1 0 0 0.0 1.0 0
cell 6.851119551254489 50.568097446773855 0.0 1.0 1.0 1 0 0 0.0 1.0 0
cell 29.728500528994136 12.812630073997282 0.0 1.0 1.0 1 0 0 0.0 1.0 0
cell 5.0166296245158435 41.09075534582001 0.0 1.0 1.0 1 0 0 0.0 1.0 0
cell 52.83663038636274 51.94098112869367 0.0 1.6431676725154984 0.6085806194501846 1 0 0 -0.02739092905138937 -0.9996247981146235 0.05478871055002532
cell 27.084798104658155 16.919800222199807 0.0 1.0 1.0 1 0 0 0.0 1.0 0
cell 32.092011785712934 35.58541725675201 0.0 1.0 1.0 1 0 0 0.0 1.0 0
cell 37.707280219460614 0.5526955665633756 0.0 1.6431676725154984 0.6085806194501846 1 0 0 0.957768707323171 0.28753974207490346 2.5582784444431246
cell 28.809554359561186 42.44635898975587 0.0 1.0 1.0 1 0 0 0.0 1.0 0
cell 42.65042942233154 30.1387282623885 0.0 1.0 1.0 1 0 0 0.0 1.0 0
cell 2.8241628460314137 20.06616627857159 0.0 1.6431676725154984 0.6085806194501846 1 0 0 0.3893103221333332 -0.921106656734409 5.483419857330655
cell 26.451155654931185 57.18757190785188 0.0 1.0 1.0 1 0 0 0.0 1.0 0
cell 52.8505465619066 47.342472002003355 0.0 1.6431676725154984 0.6085806194501846 1 0 0 0.6220076237017759 -0.7830111851416108 4.940577150170969
cell 51.104295876525235 16.66550350706106 0.0 1.6431676725154984 0.6085806194501846 1 0 0 0.9457681868800533 0.32484232588383033 2.4799026377482414
cell 8.460110274149647 10.60108938780014 0.0 1.6431676725154984 0.6085806194501846 1 0 0 -0.3333196827774311 -0.9428138676712136 0.6796448617804218
cell 10.954154863159667 12.02544649111943 0.0 1.6431676725154984 0.6085806194501846 1 0 0 0.38516775818324167 0.9228465734108221 0.790779198108637
cell 28.76308519642474 26.76108837399664 0.0 1.0 1.0 1 0 0 0.0 1.0 0
cell 8.440599789400833 1.969167933046179 0.0 1.6431676725154984 0.6085806194501846 1 0 0 0.9203586429095526 0.3910753999188477 2.3379931325904644
cell 23.101686323206053 22.25459283756139 0.0 1.0 1.0 1 0 0 0.0 1.0 0
cell 49.79024377038539 31.794320119518297 0.0 1.0 1.0 1 0 0 0.0 1.0 0
cell 56.6015701388504 29.563607249008736 0.0 1.0 1.0 1 0 0 0.0 1.0 0
cell 44.0388754872473 35.72820934838163 0.0 1.0 1.0 1 0 0 0.0 1.0 0
cell 9.107390118214871 51.68269176475279 0.0 1.0 1.0 1 0 0 0.0 1.0 0
cell 24.505107294423027 11.029563063269242 0.0 1.6431676725154984 0.6085806194501846 1 0 0 0.9374713609008063 0.34806241895785045 2.4305856689628498
cell 37.634118672272905 16.456124139549498 0.0 1.0 1.0 1 0 0 0.0 1.0 0
cell 13.193610530780896 23.003696509398182 0.0 1.0 1.0 1 0 0 0.0 1.0 0
cell 21.93551144452591 59.189682024473896 0.0 1.0 1.0 1 0 0 0.0 1.0 0
cell 22.685188694270185 57.648938055672865 0.0 1.0 1.0 1 0 0 0.0 1.0 0
cell 54.28153102963079 31.663326028044516 0.0 1.0 1.0 1 0 0 0.0 1.0 0
cell 35.23034193251602 43.690612772166865 0.0 1.0 1.0 1 0 0 0.0 1.0 0
cell 28.188810544636038 35.40164867894383 0.0 1.0 1.0 1 0 0 0.0 1.0 0
cell 0.7150285811268816 42.29329569414939 0.0 1.6431676725154984 0.6085806194501846 1 0 0 0.08419168737615805 0.996449577137125 0.16858293558571372
cell 19.400147759824414 5.158468638467672 0.0 1.0 1.0 1 0 0 0.0 1.0 0
cell 4.33637222379634 12.374750571291775 0.0 1.6431676725154984 0.6085806194501846 1 0 0 -0.015138836702775124 -0.9998854012452061 0.030278830053127592
cell 13.241526245843623 7.504767524346729 0.0 1.0 1.0 1 0 0 0.0 1.0 0
cell 59.303528394463434 45.59620814144429 0.0 1.6431676725154984 0.6085806194501846 1 0 0 0.964590233345391 -0.263753069621349 3.675414630908675
cell 32.13398076401654 31.769778856752637 0.0 1.0 1.0 1 0 0 0.0 1.0 0
cell 57.60250194025957 46.3225276630933 0.0 1.6431676725154984 0.6085806194501846 1 0 0 0.7629287180744424 -0.6464826147216086 4.547522667878386
cell 52.96347554169587 16.45885525828961 0.0 1.6431676725154984 0.6085806194501846 1 0 0 0.9755186355942678 0.21991678337111578 2.698134324260862
cell 50.51781842822949 13.352103800206228 0.0 1.0 1.0 1 0 0 0.0 1.0 0
cell 20.819953368744702 53.01991648884069 0.0 1.0 1.0 1 0 0 0.0 1.0 0
cell 42.59391559623237 28.170962058342255 0.0 1.0 1.0 1 0 0 0.0 1.0 0
cell 3.576155991985004 15.196576929029522 0.0 1.6431676725154984 0.6085806194501846 1 0 0 0.9489111232675956 -0.3155434679074026 3.7836513085645267
cell 46.734013981054325 53.946864731741755 0.0 1.6431676725154984 0.6085806194501846 1 0 0 0.17986355465388976 0.983691568382726 0.3616954840801645
cell 53.8507436820429 8.192320750919494 0.0 1.6431676725154984 0.6085806194501846 1 0 0 0.8787691800886865 0.477247030505437 2.146554090253058
cell 16.04868091635512 22.589330771182397 0.0 1.0 1.0 1 0 0 0.0 1.0 0
cell 33.691683178444265 32.75795592223816 0.0 1.0 1.0 1 0 0 0.0 1.0 0
cell 24.353512418535498 47.1238286787652 0.0 1.0 1.0 1 0 0 0.0 1.0 0
cell 25.338160863427795 41.72482019086343 0.0 1.0 1.0 1 0 0 0.0 1.0 0
cell 32.406251002198005 19.743480634537363 0.0 1.0 1.0 1 0 0 0.0 1.0 0
cell 12.796441255523547 30.488493585517105 0.0 1.6431676725154984 0.6085806194501846 1 0 0 0.051244624227185044 -0.998686131118188 6.180651149310876
cell 2.362190834875467 2.1152891501244464 0.0 1.6431676725154984 0.6085806194501846 1 0 0 0.9877841356259504 -0.1558284358058379 3.4545248115652454
cell 47.263995601922744 3.377257213570766 0.0 1.0 1.0 1 0 0 0.0 1.0 0
cell 23.317113440416545 50.7847733232698 0.0 1.0 1.0 1 0 0 0.0 1.0 0
cell 15.198871523308597 20.73087380925202 0.0 1.0 1.0 1 0 0 0.0 1.0 0
cell 16.828298996644484 20.09032259202921 0.0 1.0 1.0 1 0 0 0.0 1.0 0
cell 43.79993669832925 39.47205176288776 0.0 1.0 1.0 1 0 0 0.0 1.0 0
cell 6.590087011630247 43.468250340988625 0.0 1.6431676725154984 0.6085806194501846 1 0 0 -0.4116868636696865 -0.9113253679569208 0.8486085809134352
cell 27.635479660973434 6.860032447677177 0.0 1.6431676725154984 0.6085806194501846 1 0 0 0.9201758815635098 0.391505232390089 2.3370589855636923
cell 1.7904680505185768 15.993873166130884 0.0 1.6431676725154984 0.6085806194501846 1 0 0 0.9998790977085001 -0.015549596960549621 3.172693100892777
cell 28.81956488915122 28.667495387593576 0.0 1.0 1.0 1 0 0 0.0 1.0 0
cell 48.86576332222836 44.4302673907513 0.0 1.0 1.0 1 0 0 0.0 1.0 0
cell 23.677532998840086 59.36672192881758 0.0 1.0 1.0 1 0 0 0.0 1.0 0
cell 11.724174876116484 8.528834025581919 0.0 1.0 1.0 1 0 0 0.0 1.0 0
cell 24.157023341230698 15.771059523215648 0.0 1.0 1.0 1 0 0 0.0 1.0 0
cell 52.34625517280765 27.180935436636734 0.0 1.0 1.0 1 0 0 0.0 1.0 0
cell 16.639888024498678 24.551849394376184 0.0 1.0 1.0 1 0 0 0.0 1.0 0
cell 31.95274594134822 8.2623130137524 0.0 1.0 1.0 1 0 0 0.0 1.0 0
cell 42.31037267700454 20.768186411076655 0.0 1.6431676725154984 0.6085806194501846 1 0 0 0.7862929531392716 0.6178538596169189 1.809572002936803
cell 24.95111662085684 8.031483823855035 0.0 1.6431676725154984 0.6085806194501846 1 0 0 0.8683186864165138 0.4960067124746398 2.103604994458495
cell 5.2449445108417425 2.870064504193287 0.0 1.6431676725154984 0.6085806194501846 1 0 0 -0.3453850325465187 0.9384610696735588 5.577887237329669
cell 51.58851400581533 47.547517896629905 0.0 1.6431676725154984 0.6085806194501846 1 0 0 -0.5273780610756763 0.8496307319630454 5.172162058250718
cell 17.31630751358684 56.83128267772905 0.0 1.0 1.0 1 0 0 0.0 1.0 0
cell 59.38059554045348 58.79808454417881 0.0 1.6431676725154984 0.6085806194501846 1 0 0 0.9616036083411036 -0.2744421622589531 3.6976117383531872
cell 18.6031140935054 13.627882939706748 0.0 1.0 1.0 1 0 0 0.0 1.0 0
cell 9.891421123352817 7.77287299837861 0.0 1.0 1.0 1 0 0 0.0 1.0 0
cell 31.833874448383522 18.284399696783833 0.0 1.0 1.0 1 0 0 0.0 1.0 0
cell 22.17319840890056 1.0399081146712206 0.0 1.0 1.0 1 0 0 0.0 1.0 0
cell 4.647769170310338 34.248693216647375 0.0 1.0 1.0 1 0 0 0.0 1.0 0
cell 32.64317808379812 49.75795659579217 0.0 1.0 1.0 1 0 0 0.0 1.0 0
cell 12.797975430754672 37.22448913725903 0.0 1.0 1.0 1 0 0 0.0 1.0 0
cell 37.71337032060458 11.105351187506374 0.0 1.0 1.0 1 0 0 0.0 1.0 0
cell 6.048495699174881 44.58480985709403 0.0 1.6431676725154984 0.6085806194501846 1 0 0 -0.30381122715827164 -0.9527322489831994 0.6173808587723455
cell 48.388876711812166 15.964310725712458 0.0 1.6431676725154984 0.6085806194501846 1 0 0 0.7726406097636089 -0.6348436722092444 4.517205001526896
cell 6.294038518413375 13.113288200193946 0.0 1.6431676725154984 0.6085806194501846 1 0 0 0.9999654662477793 0.008310614409385225 3.1249712334372473
cell 24.82800118958798 45.24038384067261 0.0 1.0 1.0 1 0 0 0.0 1.0 0
cell 11.929663600182046 24.376009515615316 0.0 1.0 1.0 1 0 0 0.0 1.0 0
cell 7.228636981757556 5.4137414465248925 0.0 1.6431676725154984 0.6085806194501846 1 0 0 0.7880517333927508 0.6156090199929504 1.8152755521577668
cell 25.246369166720825 50.36617504320584 0.0 1.0 1.0 1 0 0 0.0 1.0 0
cell 49.74117815687763 10.87340217195428 0.0 1.0 1.0 1 0 0 0.0 1.0 0
cell 5.817215535358999 9.548979508450227 0.0 1.6431676725154984 0.6085806194501846 1 0 0 0.1863228806917773 -0.9824885669211209 5.9083490071907985
cell 25.044414876353883 11.791425594072074 0.0 1.6431676725154984 0.6085806194501846 1 0 0 0.9390698748416715 0.3437263012410418 2.439828439474763
cell 22.517065877452335 6.462411075286923 0.0 1.6431676725154984 0.6085806194501846 1 0 0 0.8678555775060227 0.4968165623162011 2.1017391684301896
cell 1.1265189099010853 25.3592379226749 0.0 1.6431676725154984 0.6085806194501846 1 0 0 0.7052316180284335 -0.7089769847696028 4.71768573501793
cell 29.92971926116649 55.872772352909166 0.0 1.0 1.0 1 0 0 0.0 1.0 0
cell 55.769506281153845 31.466701139811054 0.0 1.0 1.0 1 0 0 0.0 1.0 0
cell 8.06052000035853 14.210197967917884 0.0 1.6431676725154984 0.6085806194501846 1 0 0 0.9981841934112443 -0.06023550467908079 3.262136633301574
cell 32.69067182628569 55.66882356986699 0.0 1.6431676725154984 0.6085806194501846 1 0 0 0.700451933016785 0.7136995793280597 1.5520610517015516
cell 45.02417117686104 11.657369664572839 0.0 1.0 1.0 1 0 0 0.0 1.0 0
cell 15.086519038742827 16.773937406510044 0.0 1.6431676725154984 0.6085806194501846 1 0 0 0.9490057510016444 0.31525875811118215 2.5001340455358596
cell 25.396318332948486 25.40781940415433 0.0 1.0 1.0 1 0 0 0.0 1.0 0
cell 6.898938164194511 7.988911104840331 0.0 1.6431676725154984 0.6085806194501846 1 0 0 0.44408675603927505 0.8959837906516576 0.9203094782720492
cell 41.72528495376938 32.79939338314807 0.0 1.0 1.0 1 0 0 0.0 1.0 0
cell 22.196934452657583 9.888012457725182 0.0 1.0 1.0 1 0 0 0.0 1.0 0
cell 53.34096237392679 22.09213247259342 0.0 1.0 1.0 1 0 0 0.0 1.0 0
cell 10.161180062074141 27.463602045213225 0.0 1.0 1.0 1 0 0 0.0 1.0 0
cell 19.543048398833722 20.882384620294673 0.0 1.0 1.0 1 0 0 0.0 1.0 0
cell 29.16444711695036 2.779293690576741 0.0 1.6431676725154984 0.6085806194501846 1 0 0 0.8899997914941775 0.4559609315942765 2.194689424467674
cell 33.836917241545024 30.786148267819687 0.0 1.0 1.0 1 0 0 0.0 1.0 0
cell 4.9915595372843296 24.67446464896678 0.0 1.0 1.0 1 0 0 0.0 1.0 0
cell 45.541467572604645 5.056217768264452 0.0 1.6431676725154984 0.6085806194501846 1 0 0 0.9983498315099117 -0.0574248545851959 3.2565055782790457
cell 46.76622717699986 55.344978741225596 0.0 1.6431676725154984 0.6085806194501846 1 0 0 -0.999819521896209 -0.018997990294660573 3.1035943870212677
cell 27.91762135462826 53.09300893697077 0.0 1.0 1.0 1 0 0 0.0 1.0 0
cell 56.33924982781708 27.766754640788236 0.0 1.0 1.0 1 0 0 0.0 1.0 0
cell 38.83539321898467 32.035017282002805 0.0 1.0 1.0 1 0 0 0.0 1.0 0
cell 46.63210681197579 15.718883479674334 0.0 1.6431676725154984 0.6085806194501846 1 0 0 0.9411711790483833 0.3379301876551961 2.4521589759544247
cell 0.4402715594439512 10.442548417027252 0.0 1.6431676725154984 0.6085806194501846 1 0 0 0.04622191200386108 0.9989311962546306 0.09247677286294163
cell 58.248325560330706 25.853525880628908 0.0 1.6431676725154984 0.6085806194501846 1 0 0 0.41691706453060945 -0.9089445314776803 5.423083515354394
cell 33.78993779574645 50.91297464932999 0.0 1.0 1.0 1 0 0 0.0 1.0 0
cell 14.785171852470995 36.77597530913687 0.0 1.0 1.0 1 0 0 0.0 1.0 0
cell 3.180871084431247 43.634847577770195 0.0 1.6431676725154984 0.6085806194501846 1 0 0 -0.15576983391791221 -0.9877933786178089 0.3128135053030343
cell 19.498741067672952 9.759995053281903 0.0 1.6431676725154984 0.6085806194501846 1 0 0 0.7950149944117908 0.6065897779063049 1.8380645965953275
cell 58.35545278640682 55.82833077721071 0.0 1.6431676725154984 0.6085806194501846 1 0 0 0.9986128192902664 -0.05265393764141226 3.246949249591858
cell 6.422649334438714 16.207278847643696 0.0 1.6431676725154984 0.6085806194501846 1 0 0 0.980578707186571 -0.19612597740307897 3.536403847670007
cell 8.07225481003755 36.34872555910404 0.0 1.6431676725154984 0.6085806194501846 1 0 0 0.8539217715358016 -0.5204013913289992 4.236234533048764
cell 30.415335495633013 31.46543307002473 0.0 1.0 1.0 1 0 0 0.0 1.0 0
cell 41.87786468289927 16.879200863396637 0.0 1.0 1.0 1 0 0 0.0 1.0 0
cell 40.4814246037622 59.47947682582158 0.0 1.6431676725154984 0.6085806194501846 1 0 0 0.9794647329879623 0.20161556694069957 2.735578493143902
cell 30.525359818100114 27.484641389668003 0.0 1.0 1.0 1 0 0 0.0 1.0 0
cell 30.94383559811473 20.53487477007712 0.0 1.0 1.0 1 0 0 0.0 1.0 0
cell 24.72750370119101 21.157651867121626 0.0 1.0 1.0 1 0 0 0.0 1.0 0
cell 35.475352738769075 31.87261207402491 0.0 1.0 1.0 1 0 0 0.0 1.0 0
cell 48.26955111400216 32.87649548398519 0.0 1.0 1.0 1 0 0 0.0 1.0 0
cell 35.193973028675394 41.79576339555422 0.0 1.0 1.0 1 0 0 0.0 1.0 0
cell 40.86563339169192 29.18288537354083 0.0 1.0 1.0 1 0 0 0.0 1.0 0
cell 46.63796648579738 22.02920916006842 0.0 1.0 1.0 1 0 0 0.0 1.0 0
cell 10.336860580467674 43.48469097885099 0.0 1.6431676725154984 0.6085806194501846 1 0 0 0.9551732356900513 -0.29604744522018384 3.7426965234913414
cell 34.871245517929125 6.063244334240241 0.0 1.6431676725154984 0.6085806194501846 1 0 0 0.9988756277549046 0.04740759725239458 3.046741907237381
cell 48.358976688907354 6.424365586219486 0.0 1.6431676725154984 0.6085806194501846 1 0 0 0.9475973397982723 -0.3194671839285495 3.7919269593179004
cell 46.806833692204364 14.026035748727947 0.0 1.0 1.0 1 0 0 0.0 1.0 0
cell 31.600002391768868 12.717265345970764 0.0 1.0 1.0 1 0 0 0.0 1.0 0
cell 48.155022420084016 23.347400457087556 0.0 1.0 1.0 1 0 0 0.0 1.0 0
cell 31.345784450702013 54.99895607564059 0.0 1.0 1.0 1 0 0 0.0 1.0 0
cell 44.68037861609492 7.048614583987798 0.0 1.0 1.0 1 0 0 0.0 1.0 0
cell 23.840719565485255 48.96971724954874 0.0 1.0 1.0 1 0 0 0.0 1.0 0
cell 1.8204568683619033 13.488794868948236 0.0 1.6431676725154984 0.6085806194501846 1 0 0 0.9919237535982428 0.1268355906186136 2.8872363549149562
cell 28.325932979534517 37.215191378685496 0.0 1.0 1.0 1 0 0 0.0 1.0 0
cell 14.731528114283737 41.324702428716726 0.0 1.0 1.0 1 0 0 0.0 1.0 0
cell 37.240402133117556 6.681755658548465 0.0 1.6431676725154984 0.6085806194501846 1 0 0 0.998563536697638 -0.05358043652215711 3.2488048670219443
cell 4.45856469065183 13.951605910846071 0.0 1.6431676725154984 0.6085806194501846 1 0 0 0.9997668108498529 -0.02159453456582549 3.1847850801087176
cell 36.83348220175447 14.370253968295058 0.0 1.0 1.0 1 0 0 0.0 1.0 0
cell 43.204439975683066 59.26107266749146 0.0 1.6431676725154984 0.6085806194501846 1 0 0 0.9901765948233315 0.13982242689952104 2.8610284982709
cell 52.65828633130826 7.645439561064687 0.0 1.6431676725154984 0.6085806194501846 1 0 0 0.41460700392745303 -0.9100005671944941 5.4281635133441695
cell 34.73576641136961 12.000941190105387 0.0 1.0 1.0 1 0 0 0.0 1.0 0
cell 45.746403885237925 51.05407907409478 0.0 1.6431676725154984 0.6085806194501846 1 0 0 0.5182272055063206 0.8552429850475886 1.0895535820515556
cell 57.17886841360099 31.17763544640343 0.0 1.0 1.0 1 0 0 0.0 1.0 0
cell 13.50901112855772 25.570326463099832 0.0 1.0 1.0 1 0 0 0.0 1.0 0
cell 42.02599491023082 38.377398408415495 0.0 1.0 1.0 1 0 0 0.0 1.0 0
cell 57.11428225667648 38.32242856088169 0.0 1.6431676725154984 0.6085806194501846 1 0 0 0.4913949401193938 0.8709368592642394 1.0273813705764265
cell 34.85501435285012 9.547760641451877 0.0 1.0 1.0 1 0 0 0.0 1.0 0
cell 38.22610363193665 8.128706920390432 0.0 1.0 1.0 1 0 0 0.0 1.0 0
cell 37.23720931616504 27.482079039470452 0.0 1.0 1.0 1 0 0 0.0 1.0 0
cell 51.53322130241918 23.2778850170684 0.0 1.0 1.0 1 0 0 0.0 1.0 0
cell 51.263910885210045 5.757851167395243 0.0 1.6431676725154984 0.6085806194501846 1 0 0 0.9834209083517196 -0.18133757750857574 3.5062854702500346
cell 35.60668319964004 2.6130277705744462 0.0 1.6431676725154984 0.6085806194501846 1 0 0 0.9616118686511017 0.2744132177380244 2.5856337690926154
cell 46.20228434132278 29.94890860704817 0.0 1.0 1.0 1 0 0 0.0 1.0 0
cell 14.888618261947318 4.465492712770946 0.0 1.0 1.0 1 0 0 0.0 1.0 0
cell 17.179275006234818 26.431213536700128 0.0 1.0 1.0 1 0 0 0.0 1.0 0
cell 22.369814624568985 32.128767918618394 0.0 1.0 1.0 1 0 0 0.0 1.0 0
cell 46.26568440542698 18.64036539799511 0.0 1.0 1.0 1 0 0 0.0 1.0 0
cell 17.506956211478652 59.63964388452787 0.0 1.6431676725154984 0.6085806194501846 1 0 0 -0.15909922081607994 0.9872625982663965 5.9636289373025955
cell 26.647537827624554 24.093597269596827 0.0 1.0 1.0 1 0 0 0.0 1.0 0
cell 42.023085391970184 44.51722983749277 0.0 1.0 1.0 1 0 0 0.0 1.0 0
cell 33.6362219776913 36.77943532484039 0.0 1.0 1.0 1 0 0 0.0 1.0 0
cell 23.142260607755926 35.45701959463478 0.0 1.0 1.0 1 0 0 0.0 1.0 0
cell 26.559530887081706 36.11210356621257 0.0 1.0 1.0 1 0 0 0.0 1.0 0
cell 42.79853141999761 2.0659775899113244 0.0 1.6431676725154984 0.6085806194501846 1 0 0 0.9990392750869708 0.0438238158276977 3.0539169427224424
cell 21.227324460605413 21.5875027602978 0.0 1.0 1.0 1 0 0 0.0 1.0 0
cell 21.1815023750915 43.838697651739636 0.0 1.0 1.0 1 0 0 0.0 1.0 0
cell 14.994095622995538 33.98634421605159 0.0 1.0 1.0 1 0 0 0.0 1.0 0
cell 35.8737171945537 10.863003609580208 0.0 1.0 1.0 1 0 0 0.0 1.0 0
cell 44.53948881967258 31.133164474022 0.0 1.0 1.0 1 0 0 0.0 1.0 0
cell 40.06234171354076 13.412592204572402 0.0 1.0 1.0 1 0 0 0.0 1.0 0
cell 36.00165489656752 5.074814962854989 0.0 1.6431676725154984 0.6085806194501846 1 0 0 0.9918412670660596 0.1274790215870572 2.885938961445109
cell 44.20088992907999 3.0554484185117543 0.0 1.6431676725154984 0.6085806194501846 1 0 0 0.9999300373923077 -0.011828792018548744 3.1652507893577546
cell 56.30517199776382 12.844357598679567 0.0 1.6431676725154984 0.6085806194501846 1 0 0 0.9968010103707138 0.07992337407745102 2.981575237665937
cell 17.64052614737498 15.123937818550031 0.0 1.0 1.0 1 0 0 0.0 1.0 0
cell 8.458324352584938 0.3051674079227767 0.0 1.6431676725154984 0.6085806194501846 1 0 0 0.3524978752272295 -0.9358126137001406 5.562707365579017
cell 29.990419901986584 19.003628526841695 0.0 1.0 1.0 1 0 0 0.0 1.0 0
cell 9.392285981435787 29.199901718397324 0.0 1.6431676725154984 0.6085806194501846 1 0 0 0.4773752146259898 0.8786995530104645 0.9953303104794556
cell 41.54410234432002 4.025640189792933 0.0 1.6431676725154984 0.6085806194501846 1 0 0 0.9935694655705616 0.113224189490712 2.914657627919497
cell 6.679462595494023 40.77478382044446 0.0 1.6431676725154984 0.6085806194501846 1 0 0 0.869205046971672 -0.494451803838325 4.176000716790732
cell 54.707831579977004 29.710118425442385 0.0 1.0 1.0 1 0 0 0.0 1.0 0
cell 52.28108619980065 19.596674905531863 0.0 1.0 1.0 1 0 0 0.0 1.0 0
cell 0.18357834049202945 28.73382896701878 0.0 1.6431676725154984 0.6085806194501846 1 0 0 0.883782846796181 -0.4678972961119117 4.115412786936856
cell 42.01744854365038 6.326147526051796 0.0 1.6431676725154984 0.6085806194501846 1 0 0 0.9868162112986485 -0.16184487980217732 3.466712443128293
cell 33.481751017841034 44.5593796254909 0.0 1.0 1.0 1 0 0 0.0 1.0 0
cell 6.8906278840420185 24.004326280606065 0.0 1.0 1.0 1 0 0 0.0 1.0 0
cell 19.24312987827224 44.30749510258804 0.0 1.0 1.0 1 0 0 0.0 1.0 0
cell 50.87486814614625 37.83799471788907 0.0 1.0 1.0 1 0 0 0.0 1.0 0
cell 52.42037326783835 17.91622851210332 0.0 1.0 1.0 1 0 0 0.0 1.0 0
cell 7.962907770544581 32.35782133627486 0.0 1.0 1.0 1 0 0 0.0 1.0 0
cell 29.49320699169827 59.37463068294801 0.0 1.0 1.0 1 0 0 0.0 1.0 0
cell 24.137407913821544 38.6067943483625 0.0 1.0 1.0 1 0 0 0.0 1.0 0
cell 11.453035205355542 4.579723780918749 0.0 1.0 1.0 1 0 0 0.0 1.0 0
cell 5.548909518354019 48.80137048272477 0.0 1.6431676725154984 0.6085806194501846 1 0 0 -0.18864314915151387 -0.9820457027441236 0.3795606103084044
cell 20.92600929819524 7.589201127371367 0.0 1.6431676725154984 0.6085806194501846 1 0 0 0.8349624712943291 0.5503068884995596 1.976129171537207
cell 0.5951394947192105 19.73058964450423 0.0 1.6431676725154984 0.6085806194501846 1 0 0 -0.057033094703500785 0.998372288331633 6.169057188493683
cell 47.93260798522393 51.41155640904036 0.0 1.6431676725154984 0.6085806194501846 1 0 0 0.45286619271579376 0.8915784942982314 0.9399549276291308
cell 7.275807334980108 11.641841404947526 0.0 1.0 1.0 1 0 0 0.0 1.0 0
