1000
 Lattice="61.15546790168123 0.0 0.0 0.0 61.15546790168123 0.0 0.0 0.0 1.0"Properties=species:S:1:pos:R:3:aspherical_shape:R:3:orientation:R:4:Color:R:1
cell 35.74019878855129 49.674298530605824 0.0 1.0 1.0 1 0 0 0.0 1.0 0
cell 38.99774870413378 6.445151010054647 0.0 1.0 1.0 1 0 0 0.0 1.0 0
cell 2.5551528195844293 37.38011491887163 0.0 1.0 1.0 1 0 0 0.0 1.0 0
cell 9.563195665284884 19.89092970863695 0.0 1.0 1.0 1 0 0 0.0 1.0 0
cell 12.58856007058242 56.780802486925744 0.0 1.6431676725154984 0.6085806194501846 1 0 0 0.2078427074264432 0.9781622610639024 0.41873797249307276
cell 39.31221928083211 61.064628772617766 0.0 1.6431676725154984 0.6085806194501846 1 0 0 0.5274877890146044 -0.8495626124309403 5.171903752298338
cell 52.621765379911416 4.59319078556351 0.0 1.0 1.0 1 0 0 0.0 1.0 0
cell 27.81969939208636 40.823123949741145 0.0 1.6431676725154984 0.6085806194501846 1 0 0 0.7637815941594005 -0.6454747682313576 4.544882097926713
cell 39.83187411253328 43.06706541007247 0.0 1.0 1.0 1 0 0 0.0 1.0 0
cell 32.354159368603156 54.18639836932116 0.0 1.0 1.0 1 0 0 0.0 1.0 0
cell 58.364688472555585 36.53041966832373 0.0 1.0 1.0 1 0 0 0.0 1.0 0
cell 9.118879219461931 6.7872218990797535 0.0 1.6431676725154984 0.6085806194501846 1 0 0 0.26998969472630646 -0.9628632118538936 5.736420649754852
cell 48.43565911074344 21.629690413048944 0.0 1.6431676725154984 0.6085806194501846 1 0 0 0.6589140225835565 0.7522182601098942 1.4387482929104378
cell 56.20031103302856 56.22464138817899 0.0 1.0 1.0 1 0 0 0.0 1.0 0
cell 41.607471400829276 29.899663610188735 0.0 1.0 1.0 1 0 0 0.0 1.0 0
cell 27.634786206018198 13.28509152626182 0.0 1.0 1.0 1 0 0 0.0 1.0 0
cell 51.33864450834471 53.69885661862324 0.0 1.0 1.0 1 0 0 0.0 1.0 0
cell 34.277582195273716 50.549678539043555 0.0 1.6431676725154984 0.6085806194501846 1 0 0 -0.8031168688940383 0.595821529401075 4.4181690283257025
cell 4.16215248898046 8.406082753957191 0.0 1.6431676725154984 0.6085806194501846 1 0 0 0.8137241279712362 -0.5812512740265189 4.382123774614014
cell 41.24774125843651 11.942686214162169 0.0 1.0 1.0 1 0 0 0.0 1.0 0
cell 6.797275834132049 14.920395700075213 0.0 1.0 1.0 1 0 0 0.0 1.0 0
cell 35.016011120287956 6.325631549697373 0.0 1.0 1.0 1 0 0 0.0 1.0 0
cell 37.16399514971227 44.97746256958898 0.0 1.0 1.0 1 0 0 0.0 1.0 0
cell 20.210879117209466 12.715547896810962 0.0 1.6431676725154984 0.6085806194501846 1 0 0 -0.27586030682864227 0.9611977377815698 5.724216059487697
cell 54.62767574445952 1.3160052060855694 0.0 1.6431676725154984 0.6085806194501846 1 0 0 0.9927658878746388 0.12006619787633875 2.9008795288403797
cell 60.93239430730117 33.14832077142798 0.0 1.0 1.0 1 0 0 0.0 1.0 0
cell 10.063819249362545 3.460142701354885 0.0 1.6431676725154984 0.6085806194501846 1 0 0 0.9204097343082498 -0.39095513935823506 3.9449308477173006
cell 17.96941402438127 34.4611332476278 0.0 1.0 1.0 1 0 0 0.0 1.0 0
cell 13.67632159993415 21.66596086179695 0.0 1.6431676725154984 0.6085806194501846 1 0 0 0.970356214166459 0.2416791625865524 2.653400775337346
cell 9.581457639779936 9.707436972558833 0.0 1.6431676725154984 0.6085806194501846 1 0 0 -0.12024092648030617 -0.9927447404036738 0.24106513213940772
cell 15.117141321281958 48.379113069819965 0.0 1.0 1.0 1 0 0 0.0 1.0 0
cell 1.1480888684884343 30.31169448217027 0.0 1.6431676725154984 0.6085806194501846 1 0 0 0.5531207506889056 0.8331010954003971 1.1722110894614421
cell 0.7493755280544018 57.17582925945994 0.0 1.6431676725154984 0.6085806194501846 1 0 0 0.9604482843774622 0.27845842245547076 2.577215304689306
cell 21.72173870642174 6.843152359456405 0.0 1.6431676725154984 0.6085806194501846 1 0 0 0.6718080868335099 0.7407252489723158 1.4732941242493027
cell 30.763763632383345 18.146136000750552 0.0 1.0 1.0 1 0 0 0.0 1.0 0
cell 5.109014504634391 33.64028113593615 0.0 1.6431676725154984 0.6085806194501846 1 0 0 0.9900779392566932 -0.14051930186710898 3.4235644561112606
cell 24.307023837719548 45.18022709360014 0.0 1.0 1.0 1 0 0 0.0 1.0 0
cell 35.041630907585585 28.48101496246355 0.0 1.0 1.0 1 0 0 0.0 1.0 0
cell 24.68243640170438 47.17902695571018 0.0 1.0 1.0 1 0 0 0.0 1.0 0
cell 6.628888577789138 23.918831689675024 0.0 1.0 1.0 1 0 0 0.0 1.0 0
cell 1.7065339400872068 21.69713505637324 0.0 1.0 1.0 1 0 0 0.0 1.0 0
cell 11.054722900429903 28.92069832023222 0.0 1.0 1.0 1 0 0 0.0 1.0 0
cell 19.02406904022959 8.291298214557083 0.0 1.6431676725154984 0.6085806194501846 1 0 0 0.7610908311197235 0.6486453166295802 1.729986332964104
cell 1.2506644545956496 14.432002207893369 0.0 1.0 1.0 1 0 0 0.0 1.0 0
cell 44.71193394383844 56.960086797411236 0.0 1.0 1.0 1 0 0 0.0 1.0 0
cell 12.554664252081425 20.43732763408562 0.0 1.0 1.0 1 0 0 0.0 1.0 0
cell 32.62107267646001 32.28455917044941 0.0 1.6431676725154984 0.6085806194501846 1 0 0 -0.0210393181721473 -0.9997786490473034 0.04208174133462794
cell 23.746731646977818 28.97081222728344 0.0 1.6431676725154984 0.6085806194501846 1 0 0 0.6118628463212843 0.7909638786263354 1.316827222764426
cell 30.467296980933124 27.210582355123346 0.0 1.0 1.0 1 0 0 0.0 1.0 0
cell 36.03022696515337 4.541986767491264 0.0 1.0 1.0 1 0 0 0.0 1.0 0
cell 54.205908770255164 22.676747115942636 0.0 1.0 1.0 1 0 0 0.0 1.0 0
cell 26.885345889947956 8.827775739272882 0.0 1.6431676725154984 0.6085806194501846 1 0 0 -0.3165368440199733 -0.9485802161008183 0.64415273783289
cell 56.34277410341727 33.81713454124245 0.0 1.0 1.0 1 0 0 0.0 1.0 0
cell 34.477162424145746 33.39081096340498 0.0 1.0 1.0 1 0 0 0.0 1.0 0
cell 53.271638363112245 35.93254924655127 0.0 1.0 1.0 1 0 0 0.0 1.0 0
cell 26.55827484109125 41.83765574056115 0.0 1.0 1.0 1 0 0 0.0 1.0 0
cell 22.990357368770656 5.714310918794273 0.0 1.6431676725154984 0.6085806194501846 1 0 0 0.6243061975973214 -0.781179730690431 4.934699166306589
cell 33.86834469329325 31.18151619629676 0.0 1.0 1.0 1 0 0 0.0 1.0 0
cell 27.712388953115212 50.6578010598509 0.0 1.0 1.0 1 0 0 0.0 1.0 0
cell 43.13230584965072 44.59595271293672 0.0 1.0 1.0 1 0 0 0.0 1.0 0
cell 8.495410608134398 15.800768539331251 0.0 1.0 1.0 1 0 0 0.0 1.0 0
cell 50.62749542116309 0.7417931180313427 0.0 1.6431676725154984 0.6085806194501846 1 0 0 0.9951477555792174 0.09839179114969968 2.944490171572953
cell 2.2954619887433094 47.33614014562953 0.0 1.6431676725154984 0.6085806194501846 1 0 0 0.6967335940269661 0.7173299791269474 1.541667609861717
cell 25.751746673684252 33.62196318443791 0.0 1.6431676725154984 0.6085806194501846 1 0 0 0.697720137483939 -0.716370441705542 4.7387652581417905
cell 46.74138520787343 36.904365042366805 0.0 1.0 1.0 1 0 0 0.0 1.0 0
cell 8.578649180487941 43.39474927400959 0.0 1.0 1.0 1 0 0 0.0 1.0 0
cell 44.93233625976681 5.984100687509609 0.0 1.6431676725154984 0.6085806194501846 1 0 0 0.9959517582247801 -0.08988935025334902 3.3216143434958814
cell 1.4550318500412163 8.735668909499992 0.0 1.6431676725154984 0.6085806194501846 1 0 0 0.6865159195002878 0.7271147724208843 1.513372989119905
cell 40.0372203941909 8.139884352159141 0.0 1.0 1.0 1 0 0 0.0 1.0 0
cell 47.81168487768611 49.861360755354276 0.0 1.0 1.0 1 0 0 0.0 1.0 0
cell 58.149136788322856 40.40713824276308 0.0 1.0 1.0 1 0 0 0.0 1.0 0
cell 39.78906821830632 22.731988789149014 0.0 1.6431676725154984 0.6085806194501846 1 0 0 0.9461158911812503 -0.3238282267720166 3.801138565516209
cell 42.91031648275369 50.433426864802975 0.0 1.0 1.0 1 0 0 0.0 1.0 0
cell 56.29265300971954 47.69718659066766 0.0 1.0 1.0 1 0 0 0.0 1.0 0
cell 48.15499323494244 26.599639350432533 0.0 1.0 1.0 1 0 0 0.0 1.0 0
cell 26.203144438264424 16.16356987014694 0.0 1.0 1.0 1 0 0 0.0 1.0 0
cell 49.87476048154654 2.7869762881700773 0.0 1.6431676725154984 0.6085806194501846 1 0 0 0.9798426786947765 -0.19977068105266357 3.5438404110061184
cell 31.494374822296365 25.855495426410656 0.0 1.6431676725154984 0.6085806194501846 1 0 0 0.16557763743118964 0.9861967582499476 0.33268740968710186
cell 2.6371918646419448 24.39205262632066 0.0 1.0 1.0 1 0 0 0.0 1.0 0
cell 41.91557874364529 15.901730918327845 0.0 1.0 1.0 1 0 0 0.0 1.0 0
cell 46.413538545959 42.66617204704136 0.0 1.0 1.0 1 0 0 0.0 1.0 0
cell 1.0579570877618316 5.95071274867306 0.0 1.6431676725154984 0.6085806194501846 1 0 0 0.8082917627338984 0.5887821552123734 1.8824900077952613
cell 39.731023333219106 52.908956178356966 0.0 1.0 1.0 1 0 0 0.0 1.0 0
cell 14.302285808887355 29.641806495548376 0.0 1.0 1.0 1 0 0 0.0 1.0 0
cell 47.34463950285143 21.732815175357455 0.0 1.6431676725154984 0.6085806194501846 1 0 0 0.5267141387019332 0.8500424789923623 1.1094607783652417
cell 46.35407804807119 34.974017740805884 0.0 1.0 1.0 1 0 0 0.0 1.0 0
cell 47.76295472376065 33.68995090112291 0.0 1.0 1.0 1 0 0 0.0 1.0 0
cell 10.22479172548842 23.651166153996105 0.0 1.0 1.0 1 0 0 0.0 1.0 0
cell 13.036162786098464 33.788372630395656 0.0 1.0 1.0 1 0 0 0.0 1.0 0
cell 41.8275598184519 43.48978605242922 0.0 1.0 1.0 1 0 0 0.0 1.0 0
cell 43.648297698759414 37.50766099133665 0.0 1.0 1.0 1 0 0 0.0 1.0 0
cell 50.33040290380422 45.97038718669069 0.0 1.0 1.0 1 0 0 0.0 1.0 0
cell 22.254246634473617 20.42956464368726 0.0 1.6431676725154984 0.6085806194501846 1 0 0 0.565682593115007 -0.8246230677386374 5.080663742020092
cell 51.10832534803896 51.70180256986491 0.0 1.0 1.0 1 0 0 0.0 1.0 0
cell 8.6761995907123 49.80475971042362 0.0 1.6431676725154984 0.6085806194501846 1 0 0 0.5821700599700026 0.8130670459897655 1.2427902575636816
cell 38.32094881297538 41.354735845304255 0.0 1.6431676725154984 0.6085806194501846 1 0 0 0.9847352369008316 -0.17405893601267072 3.491492724601032
cell 25.079570244625348 38.187414676846856 0.0 1.0 1.0 1 0 0 0.0 1.0 0
cell 16.643849196654713 42.40188817544511 0.0 1.0 1.0 1 0 0 0.0 1.0 0
cell 6.725596512846047 43.17699529601234 0.0 1.0 1.0 1 0 0 0.0 1.0 0
cell 50.5424256913816 42.64960155672022 0.0 1.0 1.0 1 0 0 0.0 1.0 0
cell 23.583638477936404 43.3951871907239 0.0 1.0 1.0 1 0 0 0.0 1.0 0
cell 39.182701417021455 44.84079202299526 0.0 1.0 1.0 1 0 0 0.0 1.0 0
cell 13.634474617763875 49.73499542277082 0.0 1.6431676725154984 0.6085806194501846 1 0 0 0.9901122718460308 -0.14027718681200996 3.4230753817737853
cell 60.31840015081314 38.19741647050873 0.0 1.0 1.0 1 0 0 0.0 1.0 0
cell 19.170281900081417 30.61661709131304 0.0 1.0 1.0 1 0 0 0.0 1.0 0
cell 42.17679805985838 40.4418436575235 0.0 1.0 1.0 1 0 0 0.0 1.0 0
cell 55.988964414980224 51.60173748974434 0.0 1.0 1.0 1 0 0 0.0 1.0 0
cell 2.4504205963897308 2.979514410388557 0.0 1.6431676725154984 0.6085806194501846 1 0 0 0.8519519524494975 0.5236199678368743 2.039403737926694
cell 35.218684995375334 56.06019704401548 0.0 1.0 1.0 1 0 0 0.0 1.0 0
cell 33.018305844802896 24.216536865053712 0.0 1.6431676725154984 0.6085806194501846 1 0 0 0.998298267906089 0.058314391840287964 3.024897667862345
cell 33.31031258949724 41.64759049068131 0.0 1.0 1.0 1 0 0 0.0 1.0 0
cell 39.92022355203074 3.1797672953856035 0.0 1.6431676725154984 0.6085806194501846 1 0 0 -0.040173155296841505 0.9991927329567083 6.202817369292611
cell 46.606958751820855 27.846931229460377 0.0 1.0 1.0 1 0 0 0.0 1.0 0
cell 40.07828675933545 58.840151660209905 0.0 1.6431676725154984 0.6085806194501846 1 0 0 0.9012244255078194 -0.43335266800621025 4.038011832892495
cell 40.54951684979014 57.573852284648936 0.0 1.0 1.0 1 0 0 0.0 1.0 0
cell 44.928319108275964 53.38386027476518 0.0 1.6431676725154984 0.6085806194501846 1 0 0 0.961763829975006 -0.2738801477869615 3.6964429248549444
cell 27.714184318140532 32.41545193834087 0.0 1.6431676725154984 0.6085806194501846 1 0 0 0.45736454343942146 -0.8892793005599813 5.333126616814195
cell 11.217377003526282 38.1668906918119 0.0 1.0 1.0 1 0 0 0.0 1.0 0
cell 48.701541604940296 41.881927592124434 0.0 1.0 1.0 1 0 0 0.0 1.0 0
cell 5.871367003098658 56.627887650639956 0.0 1.6431676725154984 0.6085806194501846 1 0 0 0.9696092443911275 -0.24465876888283955 3.635928154534435
cell 43.89190723447642 20.64813714903351 0.0 1.0 1.0 1 0 0 0.0 1.0 0
cell 32.53627404768428 39.93382498952756 0.0 1.0 1.0 1 0 0 0.0 1.0 0
cell 32.48285483475551 33.64063864537256 0.0 1.0 1.0 1 0 0 0.0 1.0 0
cell 50.50256533846641 29.639897741392517 0.0 1.0 1.0 1 0 0 0.0 1.0 0
cell 42.0387422625327 31.742277056384854 0.0 1.0 1.0 1 0 0 0.0 1.0 0
cell 48.1603629132429 35.657876148778676 0.0 1.0 1.0 1 0 0 0.0 1.0 0
cell 60.117629990289345 9.825128613967358 0.0 1.0 1.0 1 0 0 0.0 1.0 0
cell 27.872877484710607 56.30932924319406 0.0 1.0 1.0 1 0 0 0.0 1.0 0
cell 52.39962457967838 55.263765213259006 0.0 1.0 1.0 1 0 0 0.0 1.0 0
cell 5.933471643655304 18.373230996827917 0.0 1.0 1.0 1 0 0 0.0 1.0 0
cell 9.332530774144585 13.215722441130277 0.0 1.6431676725154984 0.6085806194501846 1 0 0 -0.3102754292575938 -0.9506467051428811 0.6309654941027185
cell 40.08672730662203 31.3010561183435 0.0 1.0 1.0 1 0 0 0.0 1.0 0
cell 57.28650911601807 2.593471070310097 0.0 1.6431676725154984 0.6085806194501846 1 0 0 0.8833838477503769 -0.4686501654045786 4.117116914225902
cell 54.36881485052991 52.19442685397163 0.0 1.0 1.0 1 0 0 0.0 1.0 0
cell 39.526204431774545 20.040126582696256 0.0 1.6431676725154984 0.6085806194501846 1 0 0 -0.556567820450877 0.8308021793655577 5.102687522492931
cell 32.143887937003946 2.7051716040731373 0.0 1.6431676725154984 0.6085806194501846 1 0 0 0.9974681240604357 -0.07111498775472894 3.283942787015661
cell 2.2806382073154245 39.22256263836495 0.0 1.0 1.0 1 0 0 0.0 1.0 0
cell 14.884249378854829 61.10687377406177 0.0 1.6431676725154984 0.6085806194501846 1 0 0 0.7566003833262394 0.653877557307626 1.7161963870263557
cell 34.87107738233004 9.81975919784294 0.0 1.0 1.0 1 0 0 0.0 1.0 0
cell 37.65919028680307 34.84531151919191 0.0 1.0 1.0 1 0 0 0.0 1.0 0
cell 50.805296352397484 23.367413304109903 0.0 1.6431676725154984 0.6085806194501846 1 0 0 0.7238314780490036 0.6899768049618732 1.6186786386821927
cell 6.912378263987284 35.298844566522426 0.0 1.6431676725154984 0.6085806194501846 1 0 0 0.9603905956240995 -0.27865732331447435 3.7063841983093333
cell 33.864651182558916 36.776210300281825 0.0 1.0 1.0 1 0 0 0.0 1.0 0
cell 2.97928054104102 14.805313155117867 0.0 1.0 1.0 1 0 0 0.0 1.0 0
cell 1.0022839448642078 48.88023469361508 0.0 1.0 1.0 1 0 0 0.0 1.0 0
cell 51.5943412052258 6.281983817779661 0.0 1.0 1.0 1 0 0 0.0 1.0 0
cell 36.7200166754167 15.469243381929648 0.0 1.0 1.0 1 0 0 0.0 1.0 0
cell 48.08322664766304 43.607244957751234 0.0 1.0 1.0 1 0 0 0.0 1.0 0
cell 19.007399109966617 24.867581520194843 0.0 1.6431676725154984 0.6085806194501846 1 0 0 0.40367894070990185 0.9149007120050413 0.8310688650519675
cell 4.9383952325574105 57.582782962668716 0.0 1.6431676725154984 0.6085806194501846 1 0 0 0.8895246567255136 -0.45688716886924846 4.090577870834648
cell 53.68300770596617 54.05748486574077 0.0 1.0 1.0 1 0 0 0.0 1.0 0
cell 16.802624441635732 11.264997924241927 0.0 1.6431676725154984 0.6085806194501846 1 0 0 0.736348687839211 0.6766022538519009 1.6553156987211333
cell 55.89234497014468 16.155910852433344 0.0 1.0 1.0 1 0 0 0.0 1.0 0
cell 26.279422373913135 45.46556506518979 0.0 1.0 1.0 1 0 0 0.0 1.0 0
cell 38.27034638698553 2.275785012238187 0.0 1.6431676725154984 0.6085806194501846 1 0 0 0.09967216684991356 -0.995020331026177 6.083509423383907
cell 47.70743258602929 47.892544092761774 0.0 1.0 1.0 1 0 0 0.0 1.0 0
cell 36.53153005294267 36.430738856980696 0.0 1.0 1.0 1 0 0 0.0 1.0 0
cell 15.124319646049933 25.549770583003 0.0 1.0 1.0 1 0 0 0.0 1.0 0
cell 1.9063432602105954 41.162234386399184 0.0 1.0 1.0 1 0 0 0.0 1.0 0
cell 53.62565163642093 60.57963709045524 0.0 1.6431676725154984 0.6085806194501846 1 0 0 0.9819767518214547 0.1890017430665263 2.7613017178002437
cell 13.26007814941384 26.214532456566186 0.0 1.0 1.0 1 0 0 0.0 1.0 0
cell 56.38132213039077 49.62422569834232 0.0 1.0 1.0 1 0 0 0.0 1.0 0
cell 40.03717189490668 46.38998097520522 0.0 1.0 1.0 1 0 0 0.0 1.0 0
cell 48.49101850186824 28.560768363940106 0.0 1.0 1.0 1 0 0 0.0 1.0 0
cell 47.03080403806805 29.80184832487483 0.0 1.0 1.0 1 0 0 0.0 1.0 0
cell 20.385620279442975 35.69955129770962 0.0 1.0 1.0 1 0 0 0.0 1.0 0
cell 5.239636122010044 60.77803336507301 0.0 1.6431676725154984 0.6085806194501846 1 0 0 0.9471291899205855 -0.3208524545649845 3.7948514349461915
cell 37.00690010552515 38.148310321105136 0.0 1.0 1.0 1 0 0 0.0 1.0 0
cell 23.39574000041855 59.18948709185542 0.0 1.6431676725154984 0.6085806194501846 1 0 0 -0.34555932672234896 -0.9383969052139914 0.7056695293373396
cell 43.976650811215436 22.649046860773982 0.0 1.0 1.0 1 0 0 0.0 1.0 0
cell 34.696615821275905 19.26254157135708 0.0 1.6431676725154984 0.6085806194501846 1 0 0 -0.12124733432821642 -0.992622326929181 0.2430927829013596
cell 12.189330140352638 4.188687702924645 0.0 1.6431676725154984 0.6085806194501846 1 0 0 0.5961591590913906 0.8028662759335742 1.2774173043220731
cell 42.27420040192875 38.68758074214645 0.0 1.0 1.0 1 0 0 0.0 1.0 0
cell 60.87292921486651 4.729299907897893 0.0 1.6431676725154984 0.6085806194501846 1 0 0 0.6092128624465972 0.7930067390820985 1.3101352264036579
cell 58.58800309378018 29.77974775421441 0.0 1.6431676725154984 0.6085806194501846 1 0 0 0.12423853407955636 0.9922523805210864 0.2491207653744861
cell 39.02551136997149 18.64175509810327 0.0 1.6431676725154984 0.6085806194501846 1 0 0 0.48701241617020746 -0.8733950460679615 5.265853663296797
cell 52.80739869935333 50.71846078042296 0.0 1.0 1.0 1 0 0 0.0 1.0 0
cell 58.77572427476537 13.263237818654948 0.0 1.0 1.0 1 0 0 0.0 1.0 0
cell 31.85936128972361 45.164845003188 0.0 1.6431676725154984 0.6085806194501846 1 0 0 0.8612555400216441 -0.5081721113776574 4.207714863064471
cell 9.771655421570978 45.84758805417778 0.0 1.0 1.0 1 0 0 0.0 1.0 0
cell 47.881056128976155 14.688281539102526 0.0 1.6431676725154984 0.6085806194501846 1 0 0 0.7213720812149466 0.6925477026484288 1.6115629767861999
cell 47.913750158855365 53.8556642578097 0.0 1.0 1.0 1 0 0 0.0 1.0 0
cell 36.13000566381615 39.97858748216909 0.0 1.0 1.0 1 0 0 0.0 1.0 0
cell 7.7253372639637785 50.59742432017217 0.0 1.6431676725154984 0.6085806194501846 1 0 0 -0.4824889019563958 -0.875902083276956 1.0069880514645355
cell 48.812532629345796 11.066294138627509 0.0 1.0 1.0 1 0 0 0.0 1.0 0
cell 51.78620825108996 36.941308323169835 0.0 1.0 1.0 1 0 0 0.0 1.0 0
cell 14.129055682896137 18.843941028697436 0.0 1.6431676725154984 0.6085806194501846 1 0 0 0.6247289805954599 0.7808416618010066 1.3495687969488914
cell 13.928074626417272 31.67430920626606 0.0 1.0 1.0 1 0 0 0.0 1.0 0
cell 24.82555078841097 41.80960067765346 0.0 1.0 1.0 1 0 0 0.0 1.0 0
cell 9.261235918869874 31.895331392545963 0.0 1.0 1.0 1 0 0 0.0 1.0 0
cell 22.263644270787886 22.785534017457195 0.0 1.6431676725154984 0.6085806194501846 1 0 0 0.9995239746802944 0.030851645649888303 3.0798795696490506
cell 14.030743356011993 7.625035655532855 0.0 1.6431676725154984 0.6085806194501846 1 0 0 0.5901832844402821 0.8072692802078382 1.2625717288916753
cell 32.72629067674169 48.111476028360315 0.0 1.6431676725154984 0.6085806194501846 1 0 0 0.8212966744460778 -0.5705013343926667 4.355824941663655
cell 31.979067908176958 50.90296412305969 0.0 1.0 1.0 1 0 0 0.0 1.0 0
cell 30.98719786392807 46.04094714024577 0.0 1.6431676725154984 0.6085806194501846 1 0 0 0.8523242422019194 -0.5230137533133559 4.242358761142672
cell 48.786526894041934 24.688906837005533 0.0 1.6431676725154984 0.6085806194501846 1 0 0 0.5584294078119079 0.8295520456793787 1.1849825784803938
cell 55.1648100350612 38.73220626030398 0.0 1.0 1.0 1 0 0 0.0 1.0 0
cell 27.6954928726203 15.25592985504925 0.0 1.0 1.0 1 0 0 0.0 1.0 0
cell 37.87500055908314 13.84078652323592 0.0 1.0 1.0 1 0 0 0.0 1.0 0
cell 52.77198549471602 46.700700588207184 0.0 1.0 1.0 1 0 0 0.0 1.0 0
cell 8.267651316451914 25.07011261534182 0.0 1.0 1.0 1 0 0 0.0 1.0 0
cell 0.38509028343784973 20.37709188675874 0.0 1.0 1.0 1 0 0 0.0 1.0 0
cell 6.8028124149982245 22.129305846990693 0.0 1.0 1.0 1 0 0 0.0 1.0 0
cell 53.48904614231843 0.6264209008816694 0.0 1.6431676725154984 0.6085806194501846 1 0 0 0.984345294050976 0.17625079313210937 2.7872400349459023
cell 27.915347996143975 25.71599944842159 0.0 1.6431676725154984 0.6085806194501846 1 0 0 0.9456701256404056 -0.325127687949303 3.803886151049368
cell 1.7331990263682338 16.351992814016292 0.0 1.0 1.0 1 0 0 0.0 1.0 0
cell 7.832441924861862 4.71628549319455 0.0 1.6431676725154984 0.6085806194501846 1 0 0 0.4660708556357567 0.88474739758134 0.9696891554740529
cell 13.610372284578226 24.24153457484422 0.0 1.0 1.0 1 0 0 0.0 1.0 0
cell 39.38727750663062 24.460782011836894 0.0 1.0 1.0 1 0 0 0.0 1.0 0
cell 60.583062456462955 34.91675900897821 0.0 1.0 1.0 1 0 0 0.0 1.0 0
cell 26.52936211305604 54.94742143640018 0.0 1.0 1.0 1 0 0 0.0 1.0 0
cell 40.15409330293681 54.606822643459815 0.0 1.0 1.0 1 0 0 0.0 1.0 0
cell 44.66249211536737 41.95953583736569 0.0 1.0 1.0 1 0 0 0.0 1.0 0
cell 17.039611335037094 24.87457453190206 0.0 1.0 1.0 1 0 0 0.0 1.0 0
cell 39.680806466967574 29.35071770710894 0.0 1.0 1.0 1 0 0 0.0 1.0 0
cell 47.95313034183884 1.588502252963929 0.0 1.0 1.0 1 0 0 0.0 1.0 0
cell 58.52854133099024 2.1852668882498247 0.0 1.6431676725154984 0.6085806194501846 1 0 0 0.8912560078260516 -0.45350052757849013 4.082970786424282
cell 47.387894157883636 31.73196595724345 0.0 1.0 1.0 1 0 0 0.0 1.0 0
cell 26.047020483998203 28.501373021807225 0.0 1.0 1.0 1 0 0 0.0 1.0 0
cell 46.42654847323279 44.64879484108278 0.0 1.0 1.0 1 0 0 0.0 1.0 0
cell 12.612542850603711 10.916973558904463 0.0 1.6431676725154984 0.6085806194501846 1 0 0 -0.18082736328212698 -0.983514852296819 0.36365523480279016
cell 9.946916170876285 25.62475036766241 0.0 1.0 1.0 1 0 0 0.0 1.0 0
cell 25.04835529437677 49.135601503106486 0.0 1.0 1.0 1 0 0 0.0 1.0 0
cell 16.347118363572513 59.43575996028875 0.0 1.6431676725154984 0.6085806194501846 1 0 0 0.8456123222590808 0.5337975275735215 2.0154224655877413
cell 22.36636850078989 10.147325812762007 0.0 1.6431676725154984 0.6085806194501846 1 0 0 0.03004822322531635 0.9995484501918862 0.06010549359770317
cell 50.90295016639919 26.925227083254633 0.0 1.6431676725154984 0.6085806194501846 1 0 0 0.20634075422592732 0.9784801955816353 0.41566750266776004
cell 20.34028442479107 32.21161356325158 0.0 1.0 1.0 1 0 0 0.0 1.0 0
cell 56.05054445947146 23.388085711261294 0.0 1.0 1.0 1 0 0 0.0 1.0 0
cell 55.035987213640084 57.81342246110545 0.0 1.0 1.0 1 0 0 0.0 1.0 0
cell 20.46889723837792 45.04686896303903 0.0 1.6431676725154984 0.6085806194501846 1 0 0 0.6179567671050757 -0.7862120795237397 4.950902889509328
cell 36.46391638236173 57.46357824593282 0.0 1.0 1.0 1 0 0 0.0 1.0 0
cell 36.06159084941547 51.44718377540253 0.0 1.0 1.0 1 0 0 0.0 1.0 0
cell 3.7041607688982756 19.683113820341504 0.0 1.0 1.0 1 0 0 0.0 1.0 0
cell 52.84202244611022 48.71012533107204 0.0 1.0 1.0 1 0 0 0.0 1.0 0
cell 44.00078483441103 32.33663345225263 0.0 1.0 1.0 1 0 0 0.0 1.0 0
cell 49.27984724888754 32.44501953171345 0.0 1.0 1.0 1 0 0 0.0 1.0 0
cell 35.81712771719841 34.695524018469456 0.0 1.0 1.0 1 0 0 0.0 1.0 0
cell 28.42746970725311 22.695978071535592 0.0 1.0 1.0 1 0 0 0.0 1.0 0
cell 38.19966947897312 54.34351228811724 0.0 1.0 1.0 1 0 0 0.0 1.0 0
cell 17.267254221572056 37.80493640453993 0.0 1.6431676725154984 0.6085806194501846 1 0 0 0.9954503920749982 0.0952812516591398 2.9507406284268214
cell 58.17971612058765 9.293756691107571 0.0 1.0 1.0 1 0 0 0.0 1.0 0
cell 37.45911062519778 22.219419266104403 0.0 1.6431676725154984 0.6085806194501846 1 0 0 0.8873989501474218 0.4610022812061277 2.1833439993255177
cell 3.816901975322251 47.8881204530363 0.0 1.0 1.0 1 0 0 0.0 1.0 0
cell 34.48734600053183 13.373206569575395 0.0 1.0 1.0 1 0 0 0.0 1.0 0
cell 24.323136877922742 34.22533544582818 0.0 1.0 1.0 1 0 0 0.0 1.0 0
cell 19.552131408426128 50.736361409134396 0.0 1.6431676725154984 0.6085806194501846 1 0 0 0.8313707379838119 0.5557181803974494 1.9631395177373465
cell 43.23771374080307 41.41671632345506 0.0 1.6431676725154984 0.6085806194501846 1 0 0 -0.3290924955405649 0.9442976910799281 5.612500551964103
cell 56.72423472957768 19.9458722513184 0.0 1.0 1.0 1 0 0 0.0 1.0 0
cell 49.94126001336707 36.242498969647215 0.0 1.0 1.0 1 0 0 0.0 1.0 0
cell 14.994344984045513 11.15982538407665 0.0 1.0 1.0 1 0 0 0.0 1.0 0
cell 52.668508670066906 32.19911589508713 0.0 1.0 1.0 1 0 0 0.0 1.0 0
cell 46.39089855302211 52.747538391339084 0.0 1.0 1.0 1 0 0 0.0 1.0 0
cell 52.476997988168726 8.021941972519585 0.0 1.0 1.0 1 0 0 0.0 1.0 0
cell 57.39972988893394 41.98333880923584 0.0 1.0 1.0 1 0 0 0.0 1.0 0
cell 56.4217939021544 10.904413187285204 0.0 1.0 1.0 1 0 0 0.0 1.0 0
cell 17.76166471514336 14.780916202993476 0.0 1.6431676725154984 0.6085806194501846 1 0 0 -0.3099629460667864 0.9507486376880055 5.652877189648599
cell 10.677822987413693 34.7018279857917 0.0 1.0 1.0 1 0 0 0.0 1.0 0
cell 6.696745802007151 29.638657098654228 0.0 1.0 1.0 1 0 0 0.0 1.0 0
cell 7.825703103663114 26.727058523388006 0.0 1.0 1.0 1 0 0 0.0 1.0 0
cell 6.36726168289886 31.43888362525398 0.0 1.0 1.0 1 0 0 0.0 1.0 0
cell 49.104939965582254 60.677561254846374 0.0 1.6431676725154984 0.6085806194501846 1 0 0 0.6812181064056311 -0.7320805225554947 4.784334815042194
cell 25.177807645981645 21.48373549914951 0.0 1.0 1.0 1 0 0 0.0 1.0 0
cell 44.691626913935906 45.67857055811452 0.0 1.0 1.0 1 0 0 0.0 1.0 0
cell 19.31954363856311 17.34376899251679 0.0 1.6431676725154984 0.6085806194501846 1 0 0 0.9947502932998622 0.10233207698389646 2.93656960360916
cell 45.845284803277494 55.274034613449544 0.0 1.0 1.0 1 0 0 0.0 1.0 0
cell 2.059534933180886 58.04761886972211 0.0 1.6431676725154984 0.6085806194501846 1 0 0 0.8159415691697218 0.5781343751247214 1.9087119239475456
cell 5.762131981221378 50.625760310375625 0.0 1.6431676725154984 0.6085806194501846 1 0 0 0.6629497855544526 -0.7486638643832794 4.8336813308521895
cell 16.103474449392543 39.12441471134178 0.0 1.6431676725154984 0.6085806194501846 1 0 0 0.999115119441507 0.04205922138346379 3.0574493904458775
cell 3.5162877531088337 16.53888111739628 0.0 1.0 1.0 1 0 0 0.0 1.0 0
cell 9.097670121243233 21.857986154124795 0.0 1.0 1.0 1 0 0 0.0 1.0 0
cell 4.387701880306909 24.85488856784157 0.0 1.0 1.0 1 0 0 0.0 1.0 0
cell 19.446379479495054 4.863594340326541 0.0 1.6431676725154984 0.6085806194501846 1 0 0 0.7049345720696213 0.709272337752587 1.5646617901165627
cell 10.61518596946718 16.43234021546222 0.0 1.6431676725154984 0.6085806194501846 1 0 0 0.9632332448753199 -0.26866655163410663 3.6856094883300647
cell 42.05599425168092 17.877303278372175 0.0 1.0 1.0 1 0 0 0.0 1.0 0
cell 53.52739470838753 44.83456306040565 0.0 1.0 1.0 1 0 0 0.0 1.0 0
cell 1.419434111164216 23.415293115434668 0.0 1.0 1.0 1 0 0 0.0 1.0 0
cell 11.639650707238092 51.10296217946792 0.0 1.6431676725154984 0.6085806194501846 1 0 0 0.7789169182123334 0.6271271278796676 1.7858738141272825
cell 33.27680660287381 52.41782618229098 0.0 1.0 1.0 1 0 0 0.0 1.0 0
cell 0.141078676359743 25.73831155947286 0.0 1.0 1.0 1 0 0 0.0 1.0 0
cell 24.351270079427305 6.3156540413085756 0.0 1.6431676725154984 0.6085806194501846 1 0 0 0.6480808484508478 0.7615715421884075 1.410123475412542
cell 10.853512011762595 32.915882825200185 0.0 1.0 1.0 1 0 0 0.0 1.0 0
cell 4.579739676354997 52.74374861417393 0.0 1.6431676725154984 0.6085806194501846 1 0 0 0.17413238478057613 0.9847222514854782 0.3500492466462642
cell 59.95114420666515 61.141389221896944 0.0 1.6431676725154984 0.6085806194501846 1 0 0 0.4641512917341703 0.8857559361254663 0.9653523928983215
cell 54.57030673533402 48.2976783754138 0.0 1.0 1.0 1 0 0 0.0 1.0 0
cell 49.798941040307625 44.28986289542551 0.0 1.0 1.0 1 0 0 0.0 1.0 0
cell 52.26850474920495 22.29216939933007 0.0 1.0 1.0 1 0 0 0.0 1.0 0
cell 39.047618162787245 56.17454740776163 0.0 1.0 1.0 1 0 0 0.0 1.0 0
cell 20.767551791461056 15.023006283039086 0.0 1.6431676725154984 0.6085806194501846 1 0 0 0.4820359420446267 -0.8761514427181806 5.277231379147827
cell 24.756202117273205 58.12244503971817 0.0 1.0 1.0 1 0 0 0.0 1.0 0
cell 53.67980076655712 20.870761078712576 0.0 1.0 1.0 1 0 0 0.0 1.0 0
cell 30.142796516221267 36.783922690766076 0.0 1.0 1.0 1 0 0 0.0 1.0 0
cell 22.465665426734073 2.101971606704529 0.0 1.6431676725154984 0.6085806194501846 1 0 0 0.9633717936744793 0.268169325524782 2.598608155189012
cell 2.387831249055589 31.57030432846976 0.0 1.6431676725154984 0.6085806194501846 1 0 0 0.5809295479793575 0.8139538440750184 1.2397404829533079
cell 56.57993149224507 35.742721458664455 0.0 1.0 1.0 1 0 0 0.0 1.0 0
cell 34.001914771508964 8.036658153164396 0.0 1.0 1.0 1 0 0 0.0 1.0 0
cell 46.266053111251004 50.7726787485781 0.0 1.0 1.0 1 0 0 0.0 1.0 0
cell 48.50260368553326 37.63928228893592 0.0 1.0 1.0 1 0 0 0.0 1.0 0
cell 41.53707580219602 13.95691699384956 0.0 1.0 1.0 1 0 0 0.0 1.0 0
cell 27.540537786344238 34.57951163243787 0.0 1.6431676725154984 0.6085806194501846 1 0 0 0.8998996917524403 -0.4360969442496278 4.0441064137012495
cell 55.80765116036418 30.131862974415466 0.0 1.0 1.0 1 0 0 0.0 1.0 0
cell 35.31853609465799 30.023539684553345 0.0 1.0 1.0 1 0 0 0.0 1.0 0
cell 11.990787586548192 41.164989310025454 0.0 1.6431676725154984 0.6085806194501846 1 0 0 0.9990060352805206 0.04457512168346097 3.0524128610753336
cell 9.32989526766575 29.893991941199584 0.0 1.0 1.0 1 0 0 0.0 1.0 0
cell 49.76413016260336 58.83922145924282 0.0 1.6431676725154984 0.6085806194501846 1 0 0 0.7883254099574902 -0.6152585212862598 4.46702037724216
cell 58.60798200751972 58.55125363825253 0.0 1.6431676725154984 0.6085806194501846 1 0 0 0.37640468298529217 0.9264553495051673 0.7718249981459666
cell 46.62720496106374 13.216332577935813 0.0 1.6431676725154984 0.6085806194501846 1 0 0 0.6114261414045917 0.7913015061322025 1.3157232236254435
cell 14.677684826673682 27.51727320361028 0.0 1.0 1.0 1 0 0 0.0 1.0 0
cell 51.89852090459292 25.123192098356736 0.0 1.6431676725154984 0.6085806194501846 1 0 0 0.6461044235419912 0.7632490248139668 1.4049388029473486
cell 38.78151563149627 9.760300404378706 0.0 1.0 1.0 1 0 0 0.0 1.0 0
cell 34.446789476372864 26.99531633624049 0.0 1.6431676725154984 0.6085806194501846 1 0 0 0.24234522903924333 0.9701900792947311 0.4895648244764639
cell 6.42148870892121 27.915750322101044 0.0 1.0 1.0 1 0 0 0.0 1.0 0
cell 1.1069228754013842 44.975580081869545 0.0 1.0 1.0 1 0 0 0.0 1.0 0
cell 0.5433522592116483 39.67100591396345 0.0 1.0 1.0 1 0 0 0.0 1.0 0
cell 10.87923356637896 54.965961746496745 0.0 1.6431676725154984 0.6085806194501846 1 0 0 0.28643514056366187 0.9580996348242051 0.5810079934959452
cell 33.03701479958356 9.683124808104223 0.0 1.0 1.0 1 0 0 0.0 1.0 0
cell 57.76046503527141 16.639297849028935 0.0 1.0 1.0 1 0 0 0.0 1.0 0
cell 56.64256799617819 45.8384246556845 0.0 1.0 1.0 1 0 0 0.0 1.0 0
cell 8.16397724492334 18.538187576440734 0.0 1.6431676725154984 0.6085806194501846 1 0 0 0.979587397857029 0.20101873037031845 2.736797116257639
cell 55.833998540670784 28.814011170859406 0.0 1.6431676725154984 0.6085806194501846 1 0 0 0.08425031984080097 0.9964446214450268 0.16870061863114127
cell 59.47216067645358 28.742898676425988 0.0 1.6431676725154984 0.6085806194501846 1 0 0 0.4718642732169931 0.8816712015606492 0.9828081224308982
cell 53.61757763703136 26.81395789236002 0.0 1.6431676725154984 0.6085806194501846 1 0 0 0.07844956516722142 0.9969180837586776 0.15706051262466497
cell 35.573273484242115 53.683664793253435 0.0 1.6431676725154984 0.6085806194501846 1 0 0 0.9456813288942135 -0.32509510021049903 3.80381723157124
cell 60.99597203431882 15.72665414691257 0.0 1.0 1.0 1 0 0 0.0 1.0 0
cell 12.595555189971611 30.188575029346378 0.0 1.0 1.0 1 0 0 0.0 1.0 0
cell 26.78988371340125 6.072329131087069 0.0 1.6431676725154984 0.6085806194501846 1 0 0 0.7948842988351409 0.606761033245681 1.8376337382650139
cell 22.85405161432113 29.902619534881165 0.0 1.6431676725154984 0.6085806194501846 1 0 0 -0.3032426118205291 -0.95291338450893 0.6161873203497263
cell 28.237262947216458 45.25035205103732 0.0 1.0 1.0 1 0 0 0.0 1.0 0
cell 17.928059993438833 28.434269481149116 0.0 1.0 1.0 1 0 0 0.0 1.0 0
cell 0.7485050023150471 10.689556841931305 0.0 1.0 1.0 1 0 0 0.0 1.0 0
cell 10.585154486707118 43.49001023644845 0.0 1.6431676725154984 0.6085806194501846 1 0 0 0.8910234886603197 0.4539572035507237 2.199189595174015
cell 29.72276793032804 56.374802633053065 0.0 1.0 1.0 1 0 0 0.0 1.0 0
cell 58.324609558519626 56.42801596651589 0.0 1.0 1.0 1 0 0 0.0 1.0 0
cell 25.3428021143017 26.63967591506784 0.0 1.0 1.0 1 0 0 0.0 1.0 0
cell 20.584784256935404 38.85186211050035 0.0 1.6431676725154984 0.6085806194501846 1 0 0 0.5445180398365275 -0.8387491307253832 5.131556527767802
cell 3.3782936401876955 42.56259738631987 0.0 1.0 1.0 1 0 0 0.0 1.0 0
cell 32.92167198233839 17.839457504785354 0.0 1.6431676725154984 0.6085806194501846 1 0 0 0.175470119019429 0.9844847572874389 0.3527665516875567
cell 52.06896280670037 38.72117364793192 0.0 1.0 1.0 1 0 0 0.0 1.0 0
cell 61.04186768431286 22.28205246420833 0.0 1.0 1.0 1 0 0 0.0 1.0 0
cell 42.51773189909231 24.042666145249346 0.0 1.0 1.0 1 0 0 0.0 1.0 0
cell 19.301969772988187 54.92789260145308 0.0 1.6431676725154984 0.6085806194501846 1 0 0 0.347654582027782 0.9376226808237353 0.7101369761589689
cell 37.00526212214912 0.7545858380292183 0.0 1.0 1.0 1 0 0 0.0 1.0 0
cell 3.6921156626464597 40.61704660976088 0.0 1.0 1.0 1 0 0 0.0 1.0 0
cell 15.680498070789664 56.11213983937205 0.0 1.6431676725154984 0.6085806194501846 1 0 0 0.2804911053321329 0.959856624621385 0.5686114309110114
cell 6.870370971943108 13.138219267589806 0.0 1.6431676725154984 0.6085806194501846 1 0 0 0.9694890849256607 -0.24513448188699416 3.6369094621606006
cell 30.73462938731272 60.567592292420144 0.0 1.6431676725154984 0.6085806194501846 1 0 0 0.948669500932889 0.3162691543602431 2.4980042898728683
cell 43.172298439345724 35.54069491536903 0.0 1.0 1.0 1 0 0 0.0 1.0 0
cell 29.516573902209885 4.874329933134102 0.0 1.0 1.0 1 0 0 0.0 1.0 0
cell 16.413469320221616 14.101700076432516 0.0 1.6431676725154984 0.6085806194501846 1 0 0 0.8479956743921566 0.5300031473606469 2.0243840998545433
cell 41.342448224431 0.3945661832279379 0.0 1.6431676725154984 0.6085806194501846 1 0 0 0.637372029784236 -0.7705562248458726 4.901019406886792
cell 21.852217944206895 32.34913893324789 0.0 1.0 1.0 1 0 0 0.0 1.0 0
cell 29.165388784260212 43.62665931446973 0.0 1.6431676725154984 0.6085806194501846 1 0 0 0.8472916970214439 -0.5311278378681743 4.261454893918808
cell 39.31809773159534 11.427643485930334 0.0 1.0 1.0 1 0 0 0.0 1.0 0
cell 44.710468971055846 43.68805442985288 0.0 1.0 1.0 1 0 0 0.0 1.0 0
cell 37.846584615525686 39.84885174246622 0.0 1.0 1.0 1 0 0 0.0 1.0 0
cell 35.1675822807716 41.69113950633957 0.0 1.0 1.0 1 0 0 0.0 1.0 0
cell 6.331587533700295 25.448104289407045 0.0 1.0 1.0 1 0 0 0.0 1.0 0
cell 60.58924120854432 13.794591080139357 0.0 1.0 1.0 1 0 0 0.0 1.0 0
cell 3.214986362885461 33.97066430870344 0.0 1.0 1.0 1 0 0 0.0 1.0 0
cell 0.0726125715216893 27.756478310904342 0.0 1.0 1.0 1 0 0 0.0 1.0 0
cell 30.362961657281083 22.464700967020352 0.0 1.0 1.0 1 0 0 0.0 1.0 0
cell 20.976858394932112 59.531807179444264 0.0 1.6431676725154984 0.6085806194501846 1 0 0 0.9903646323800589 -0.1384842768357147 3.419454214604051
cell 6.922000803334218 39.1786411656622 0.0 1.0 1.0 1 0 0 0.0 1.0 0
cell 1.597889748974841 43.09564590678095 0.0 1.0 1.0 1 0 0 0.0 1.0 0
cell 53.46588170599259 59.03623039052257 0.0 1.0 1.0 1 0 0 0.0 1.0 0
cell 54.75670394329685 46.38855078874907 0.0 1.0 1.0 1 0 0 0.0 1.0 0
cell 16.59721589487808 8.158199913580585 0.0 1.6431676725154984 0.6085806194501846 1 0 0 0.7101629851738211 0.7040373104381664 1.5794593661741352
cell 6.15558660372611 59.79054171351409 0.0 1.6431676725154984 0.6085806194501846 1 0 0 0.9818876316607311 -0.18946418867870604 3.5228254988258847
cell 48.087727196090675 57.59327240088026 0.0 1.0 1.0 1 0 0 0.0 1.0 0
cell 33.141276790764444 35.1343751207834 0.0 1.0 1.0 1 0 0 0.0 1.0 0
cell 35.720531409635754 21.27379247017293 0.0 1.6431676725154984 0.6085806194501846 1 0 0 0.7396701851252875 0.6729695514930248 1.6651602748053742
cell 24.683725782817742 29.038118019659088 0.0 1.6431676725154984 0.6085806194501846 1 0 0 0.6837222873765735 0.7297423063962691 1.5057027001390744
cell 24.6984817538539 32.32020386268148 0.0 1.6431676725154984 0.6085806194501846 1 0 0 -0.625711256259813 -0.780054756917594 1.3520860057089505
cell 43.48163846236502 60.31539698122971 0.0 1.0 1.0 1 0 0 0.0 1.0 0
cell 46.136538741267714 3.8022743671292427 0.0 1.6431676725154984 0.6085806194501846 1 0 0 0.9710448039204799 -0.23889744406133107 3.6240531726935536
cell 3.0485650348537554 59.58681368607965 0.0 1.6431676725154984 0.6085806194501846 1 0 0 0.7600772628112458 -0.6498327127479536 4.556321300753746
cell 2.5086424530536253 5.248377610021185 0.0 1.6431676725154984 0.6085806194501846 1 0 0 0.8361643337419091 0.5484789941082057 1.980504407831352
cell 14.094278026275976 16.301610560485024 0.0 1.6431676725154984 0.6085806194501846 1 0 0 -0.12957801943635708 -0.9915692294938115 0.25988679884518806
cell 50.597598380657004 16.63368776980775 0.0 1.0 1.0 1 0 0 0.0 1.0 0
cell 56.78170838369502 37.60792819380635 0.0 1.0 1.0 1 0 0 0.0 1.0 0
cell 43.00800436493532 52.08703347548234 0.0 1.0 1.0 1 0 0 0.0 1.0 0
cell 26.86723317382526 38.5954748959302 0.0 1.6431676725154984 0.6085806194501846 1 0 0 0.7179627502442414 -0.6960815248674003 4.681443019898721
cell 32.168623913065105 43.214149821308865 0.0 1.0 1.0 1 0 0 0.0 1.0 0
cell 13.295211135803665 55.67327238430204 0.0 1.6431676725154984 0.6085806194501846 1 0 0 0.3464493330624993 0.9380686859822949 0.7075667264457487
cell 51.240426909476795 60.00297338147396 0.0 1.6431676725154984 0.6085806194501846 1 0 0 0.9072029637455263 -0.4206932166927978 4.010011273713469
cell 42.11712339954875 21.98101589543966 0.0 1.0 1.0 1 0 0 0.0 1.0 0
cell 21.325308782867218 24.012563706737907 0.0 1.6431676725154984 0.6085806194501846 1 0 0 0.9699639196965388 -0.24324883244720075 3.6330204298589357
cell 30.535268428197522 33.355309949993824 0.0 1.0 1.0 1 0 0 0.0 1.0 0
cell 50.80645048518632 31.435968750045916 0.0 1.0 1.0 1 0 0 0.0 1.0 0
cell 35.658812618923996 59.57531896583418 0.0 1.0 1.0 1 0 0 0.0 1.0 0
cell 38.501087575152624 58.15885620467615 0.0 1.6431676725154984 0.6085806194501846 1 0 0 0.8413261906641302 -0.5405277429536652 4.283721169938243
cell 2.490454251080338 20.479538836827597 0.0 1.6431676725154984 0.6085806194501846 1 0 0 0.9391196447737938 -0.34359029788389445 3.843067219923299
cell 9.743080747282193 14.75245251947178 0.0 1.6431676725154984 0.6085806194501846 1 0 0 0.9686102099197527 -0.2485845152844655 3.644029901784104
cell 52.06590509688619 41.40211631049579 0.0 1.0 1.0 1 0 0 0.0 1.0 0
cell 8.360827293940668 23.351204535225595 0.0 1.0 1.0 1 0 0 0.0 1.0 0
cell 7.913489333256214 31.06610014948515 0.0 1.0 1.0 1 0 0 0.0 1.0 0
cell 51.14811651518151 49.73695982798905 0.0 1.0 1.0 1 0 0 0.0 1.0 0
cell 60.832880583657776 43.19848491488582 0.0 1.0 1.0 1 0 0 0.0 1.0 0
cell 34.65017927641627 48.269665229613665 0.0 1.0 1.0 1 0 0 0.0 1.0 0
cell 7.71528875129992 20.625173785179317 0.0 1.0 1.0 1 0 0 0.0 1.0 0
cell 51.08923795408164 18.561415990977938 0.0 1.0 1.0 1 0 0 0.0 1.0 0
cell 29.96510374277062 24.211359218201164 0.0 1.6431676725154984 0.6085806194501846 1 0 0 0.9824438560019677 -0.18655848896253657 3.5169085797822746
cell 2.8037172062989866 35.603242445203406 0.0 1.0 1.0 1 0 0 0.0 1.0 0
cell 38.06783513499929 43.18785596635822 0.0 1.0 1.0 1 0 0 0.0 1.0 0
cell 25.996399750159593 36.699385625480716 0.0 1.6431676725154984 0.6085806194501846 1 0 0 0.7451739949875607 -0.6668700901931942 4.601593875289356
cell 25.015406334899296 11.274310406987194 0.0 1.6431676725154984 0.6085806194501846 1 0 0 0.6262479945706674 -0.7796239152926348 4.929722765907948
cell 42.984868350338616 48.51356059452724 0.0 1.0 1.0 1 0 0 0.0 1.0 0
cell 40.9015926921621 25.852472983104647 0.0 1.0 1.0 1 0 0 0.0 1.0 0
cell 58.12144733797111 47.22641437872471 0.0 1.0 1.0 1 0 0 0.0 1.0 0
cell 29.84080897456289 50.81392566851961 0.0 1.0 1.0 1 0 0 0.0 1.0 0
cell 10.867254090763112 21.463214561711844 0.0 1.0 1.0 1 0 0 0.0 1.0 0
cell 28.565027544738673 6.59673180180758 0.0 1.6431676725154984 0.6085806194501846 1 0 0 0.5619704194875315 0.8271573294247038 1.19353207143703
cell 3.8744398746300415 13.27551680015412 0.0 1.6431676725154984 0.6085806194501846 1 0 0 0.9908485819485799 0.13497810063298532 2.870809931979738
cell 46.600730766457524 56.852398225392086 0.0 1.0 1.0 1 0 0 0.0 1.0 0
cell 5.833203653937188 19.92221192374205 0.0 1.6431676725154984 0.6085806194501846 1 0 0 0.9960407329797271 0.0888980216045783 2.9635615907996398
cell 56.481190109872216 27.67312293113372 0.0 1.6431676725154984 0.6085806194501846 1 0 0 0.42577504494149443 0.9048290507632193 0.8796365564182196
cell 7.0929195252875745 58.70818248334945 0.0 1.6431676725154984 0.6085806194501846 1 0 0 0.9262360057738164 -0.37694410939576545 3.9145822847842022
cell 52.44721038311795 43.22643732054475 0.0 1.0 1.0 1 0 0 0.0 1.0 0
cell 4.010170865650987 38.694027749823874 0.0 1.0 1.0 1 0 0 0.0 1.0 0
cell 47.01477712227567 59.36640221913385 0.0 1.0 1.0 1 0 0 0.0 1.0 0
cell 5.441689170294212 40.00347515920569 0.0 1.0 1.0 1 0 0 0.0 1.0 0
cell 1.9196308143545142 1.285387690316706 0.0 1.6431676725154984 0.6085806194501846 1 0 0 0.781917763266317 0.6233815937999773 1.7954725933818354
cell 9.573046936559894 48.016339448729624 0.0 1.0 1.0 1 0 0 0.0 1.0 0
cell 59.26619667533214 54.38369562168507 0.0 1.0 1.0 1 0 0 0.0 1.0 0
cell 16.26084362307387 30.10627833342938 0.0 1.6431676725154984 0.6085806194501846 1 0 0 0.9883324120043697 0.15231232183124518 2.8357777079432
cell 27.428927225803697 30.29363270505445 0.0 1.6431676725154984 0.6085806194501846 1 0 0 0.9004702101838176 -0.4349176940198127 4.041486396426128
cell 39.51065233523697 50.95875482824832 0.0 1.0 1.0 1 0 0 0.0 1.0 0
cell 53.03458292945124 24.07811588152227 0.0 1.0 1.0 1 0 0 0.0 1.0 0
cell 29.517146442697726 31.081479007679178 0.0 1.0 1.0 1 0 0 0.0 1.0 0
cell 10.916023557410577 57.29633732378057 0.0 1.6431676725154984 0.6085806194501846 1 0 0 0.23426416611900722 0.9721729786784686 0.472923205882946
cell 57.46372271041044 22.139493261050873 0.0 1.0 1.0 1 0 0 0.0 1.0 0
cell 3.3191770731688224 22.670286425875258 0.0 1.0 1.0 1 0 0 0.0 1.0 0
cell 42.19186601921427 8.577885281983667 0.0 1.0 1.0 1 0 0 0.0 1.0 0
cell 1.7710540374925936 28.74948180898756 0.0 1.0 1.0 1 0 0 0.0 1.0 0
cell 16.34358743612836 46.43721183195384 0.0 1.6431676725154984 0.6085806194501846 1 0 0 0.10483258537378701 0.9944898838318305 0.21005111466910495
cell 56.63559540534929 3.6995169509087624 0.0 1.6431676725154984 0.6085806194501846 1 0 0 0.9253300418333212 -0.37916264805587596 3.9193750656872215
cell 27.93617000691761 29.10417188073008 0.0 1.0 1.0 1 0 0 0.0 1.0 0
cell 20.4373390457238 42.65176680718802 0.0 1.6431676725154984 0.6085806194501846 1 0 0 0.442813118272229 -0.8966139315703414 5.365717821925699
cell 29.896277362413386 10.904373673311934 0.0 1.6431676725154984 0.6085806194501846 1 0 0 -0.4354997475933652 -0.9001888523227308 0.9011867217581084
cell 24.146807786932317 50.911924016611465 0.0 1.6431676725154984 0.6085806194501846 1 0 0 0.8130723716360138 -0.5821626220242827 4.384364615192774
cell 37.0826010329642 17.79091686749303 0.0 1.6431676725154984 0.6085806194501846 1 0 0 -0.22498192742209605 -0.9743629366583269 0.45384897608433583
cell 7.282016552516286 32.96577708115422 0.0 1.0 1.0 1 0 0 0.0 1.0 0
cell 55.58047569623847 7.069865630609396 0.0 1.0 1.0 1 0 0 0.0 1.0 0
cell 11.437727133905256 26.949114186404703 0.0 1.0 1.0 1 0 0 0.0 1.0 0
cell 14.72932130664847 42.96376732815353 0.0 1.0 1.0 1 0 0 0.0 1.0 0
cell 58.55785287260194 38.511133285477435 0.0 1.0 1.0 1 0 0 0.0 1.0 0
cell 54.96160287319785 12.323682885267301 0.0 1.0 1.0 1 0 0 0.0 1.0 0
cell 0.7130394572177341 3.368314339781531 0.0 1.6431676725154984 0.6085806194501846 1 0 0 0.705292196660729 0.7089167210113495 1.5656704696894794
cell 36.85838976892707 10.084411231686309 0.0 1.0 1.0 1 0 0 0.0 1.0 0
cell 34.176217012010355 54.405176055236694 0.0 1.0 1.0 1 0 0 0.0 1.0 0
cell 1.4860073719117675 26.811115568907304 0.0 1.0 1.0 1 0 0 0.0 1.0 0
cell 29.213765484418982 12.833338048690011 0.0 1.6431676725154984 0.6085806194501846 1 0 0 0.3551109607011617 0.9348241575771874 0.7260655229298838
cell 56.24789223324998 8.965102557460158 0.0 1.0 1.0 1 0 0 0.0 1.0 0
cell 34.21775209070862 16.403114027819107 0.0 1.6431676725154984 0.6085806194501846 1 0 0 0.3031699754304366 0.9529364963089137 0.6160348710077536
cell 33.92690847481803 20.752627707633636 0.0 1.0 1.0 1 0 0 0.0 1.0 0
cell 58.014033502534815 26.124159624636658 0.0 1.0 1.0 1 0 0 0.0 1.0 0
cell 13.27803724105797 9.607657553494231 0.0 1.6431676725154984 0.6085806194501846 1 0 0 0.3997646972286963 0.9166177975850397 0.822520248149946
cell 29.396149272818985 39.5096841597885 0.0 1.6431676725154984 0.6085806194501846 1 0 0 0.8364792793931662 -0.5479985539633195 4.301531963309737
cell 56.2936930609629 25.480570296401627 0.0 1.0 1.0 1 0 0 0.0 1.0 0
cell 35.23586009144463 38.2142293873073 0.0 1.0 1.0 1 0 0 0.0 1.0 0
cell 11.104433066157444 9.014540603151348 0.0 1.6431676725154984 0.6085806194501846 1 0 0 0.3158815374429161 0.9487986373845083 0.6427712392464632
cell 25.812204799078724 13.309755431043442 0.0 1.0 1.0 1 0 0 0.0 1.0 0
cell 18.582850419044675 59.344823724606215 0.0 1.6431676725154984 0.6085806194501846 1 0 0 0.9386260728357314 -0.3449363642658921 3.8459346287290885
cell 59.909443498944285 39.973695448667286 0.0 1.0 1.0 1 0 0 0.0 1.0 0
cell 4.298607813162131 36.840337649905 0.0 1.0 1.0 1 0 0 0.0 1.0 0
cell 49.43716825222689 48.89752416779566 0.0 1.0 1.0 1 0 0 0.0 1.0 0
cell 54.19010537632977 27.811970380823606 0.0 1.6431676725154984 0.6085806194501846 1 0 0 0.03951270203114744 0.9992190682619091 0.07904598163902735
cell 60.793987087611846 53.19456620932026 0.0 1.6431676725154984 0.6085806194501846 1 0 0 0.7371968404250526 0.6756780434995054 1.6578245054420084
cell 57.56363104830865 7.3983024196949625 0.0 1.0 1.0 1 0 0 0.0 1.0 0
cell 59.38726087173059 41.785303442462684 0.0 1.0 1.0 1 0 0 0.0 1.0 0
cell 11.750179787707799 24.992672531861974 0.0 1.0 1.0 1 0 0 0.0 1.0 0
cell 40.79433072390069 19.752274088092534 0.0 1.6431676725154984 0.6085806194501846 1 0 0 0.6664457101019959 -0.7455535631238351 4.8243228048319935
cell 60.27959272726549 44.823849096226006 0.0 1.0 1.0 1 0 0 0.0 1.0 0
cell 47.14432213402457 19.19206467630568 0.0 1.6431676725154984 0.6085806194501846 1 0 0 0.5832371071333248 0.8123019616268021 1.245416238507154
cell 32.707559628741585 0.4202250229584593 0.0 1.6431676725154984 0.6085806194501846 1 0 0 -0.06994224240850606 -0.9975510426674266 0.1399987871717565
cell 58.44189053181675 0.15886528096939612 0.0 1.6431676725154984 0.6085806194501846 1 0 0 0.3701925667814995 0.9289550384704983 0.758432612220041
cell 17.734392474750376 9.080366745921847 0.0 1.6431676725154984 0.6085806194501846 1 0 0 0.6978984923580708 0.716196686926386 1.5449180497796686
cell 13.75570522026274 46.40835863381277 0.0 1.6431676725154984 0.6085806194501846 1 0 0 0.42189338261921105 0.9066454509355463 0.8710652927817727
cell 28.549371360665933 54.409364164757726 0.0 1.0 1.0 1 0 0 0.0 1.0 0
cell 14.4497374476808 52.06509005066499 0.0 1.6431676725154984 0.6085806194501846 1 0 0 0.459361329439647 0.8882494970532998 0.9545520862822017
cell 29.18337068218573 20.9218049592051 0.0 1.0 1.0 1 0 0 0.0 1.0 0
cell 22.619163009035667 57.02467579737286 0.0 1.6431676725154984 0.6085806194501846 1 0 0 0.38549268599198666 0.9227108913666748 0.791483435850542
cell 43.88547178718516 55.583586466263775 0.0 1.0 1.0 1 0 0 0.0 1.0 0
cell 14.338331298905718 2.7813192065176318 0.0 1.6431676725154984 0.6085806194501846 1 0 0 0.6619155412032938 0.7495784257257879 1.4467427562131154
cell 31.79114974507515 4.367510777498641 0.0 1.0 1.0 1 0 0 0.0 1.0 0
cell 59.2678403248562 52.39059691103784 0.0 1.0 1.0 1 0 0 0.0 1.0 0
cell 49.50138881871081 50.8403983669512 0.0 1.0 1.0 1 0 0 0.0 1.0 0
cell 19.877651362152726 41.560008415875515 0.0 1.6431676725154984 0.6085806194501846 1 0 0 0.46849933349199463 -0.8834638501475637 5.308002517769089
cell 28.2035077345647 24.510510211094896 0.0 1.6431676725154984 0.6085806194501846 1 0 0 0.9361841537058124 -0.35150992923405705 3.8599595960291393
cell 52.581903224590555 9.958050486031889 0.0 1.0 1.0 1 0 0 0.0 1.0 0
cell 14.050965340822758 14.78146381586305 0.0 1.6431676725154984 0.6085806194501846 1 0 0 0.4428617454966912 0.8965899142727537 0.9175759552966279
cell 25.64597757218242 1.3038539065915433 0.0 1.6431676725154984 0.6085806194501846 1 0 0 0.9851068629089342 0.17194321344478286 2.7959888086659714
cell 16.02936805199351 28.669874065924958 0.0 1.0 1.0 1 0 0 0.0 1.0 0
cell 2.534460287925668 25.696665990577078 0.0 1.6431676725154984 0.6085806194501846 1 0 0 0.9838310968289382 -0.17909877976236607 3.5017333401237236
cell 60.91822547749973 24.043538878431878 0.0 1.0 1.0 1 0 0 0.0 1.0 0
cell 20.15534990032393 20.71010237551674 0.0 1.6431676725154984 0.6085806194501846 1 0 0 0.9651984464776459 0.26151856323622413 2.612402282642863
cell 59.33140408477572 33.69466415110804 0.0 1.0 1.0 1 0 0 0.0 1.0 0
cell 10.693029408659902 53.2872797225326 0.0 1.6431676725154984 0.6085806194501846 1 0 0 0.34608262743759366 0.9382040369695133 0.706784951779943
cell 52.32809709703206 30.41416259397656 0.0 1.0 1.0 1 0 0 0.0 1.0 0
cell 49.749271993500166 54.70125763697414 0.0 1.0 1.0 1 0 0 0.0 1.0 0
cell 46.13650260371905 48.731647380312616 0.0 1.0 1.0 1 0 0 0.0 1.0 0
cell 44.75198671131985 51.63828885892102 0.0 1.0 1.0 1 0 0 0.0 1.0 0
cell 59.81843167429764 19.413055530570027 0.0 1.0 1.0 1 0 0 0.0 1.0 0
cell 18.751759668943944 41.19040250278641 0.0 1.6431676725154984 0.6085806194501846 1 0 0 0.4908717264902596 -0.871231856702033 5.2570052292417175
cell 7.4691943139053105 47.19011842716049 0.0 1.0 1.0 1 0 0 0.0 1.0 0
cell 44.58639244270463 49.64270000393512 0.0 1.0 1.0 1 0 0 0.0 1.0 0
cell 31.18941125437823 13.410910295822145 0.0 1.6431676725154984 0.6085806194501846 1 0 0 0.40246150883768733 0.915436908751276 0.8284083030247804
cell 48.379913220836606 59.465964986765414 0.0 1.6431676725154984 0.6085806194501846 1 0 0 0.5967013918650204 -0.8024633629931945 5.004416921459997
cell 54.0145870645889 15.624728451032018 0.0 1.0 1.0 1 0 0 0.0 1.0 0
cell 51.70847822214752 44.98642733824956 0.0 1.0 1.0 1 0 0 0.0 1.0 0
cell 3.058695426681704 27.375838079103197 0.0 1.0 1.0 1 0 0 0.0 1.0 0
cell 15.529460816877917 6.721156018651994 0.0 1.6431676725154984 0.6085806194501846 1 0 0 0.8060338273774742 0.5918694696664292 1.8748402233674688
cell 4.726225293221346 35.10560365666158 0.0 1.0 1.0 1 0 0 0.0 1.0 0
cell 54.51285601731807 2.4069939472453648 0.0 1.6431676725154984 0.6085806194501846 1 0 0 0.9999290692742531 -0.011910349294874063 3.165413915402001
cell 38.0062624263514 46.493964209510104 0.0 1.0 1.0 1 0 0 0.0 1.0 0
cell 48.92581314405526 6.1240749831117585 0.0 1.6431676725154984 0.6085806194501846 1 0 0 0.23050257383437592 -0.9730717154741104 5.817997040982789
cell 21.13944640709296 30.39816896414277 0.0 1.0 1.0 1 0 0 0.0 1.0 0
cell 53.67170053150073 6.493306650306411 0.0 1.0 1.0 1 0 0 0.0 1.0 0
cell 7.152895415885557 11.600454387281488 0.0 1.6431676725154984 0.6085806194501846 1 0 0 0.07063754597211415 -0.997502048669093 6.141792464805036
cell 0.7370420249122756 50.83712239240498 0.0 1.0 1.0 1 0 0 0.0 1.0 0
cell 39.46834337733472 49.31746898241716 0.0 1.0 1.0 1 0 0 0.0 1.0 0
cell 5.6960329148591775 48.052112859517905 0.0 1.0 1.0 1 0 0 0.0 1.0 0
cell 49.570599933736986 23.08195390494897 0.0 1.6431676725154984 0.6085806194501846 1 0 0 0.6515675392822732 0.7585906285696149 1.419297982670572
cell 39.08108917338888 34.05142762544226 0.0 1.6431676725154984 0.6085806194501846 1 0 0 0.7614570180690067 0.6482154037304702 1.7311157894548506
cell 59.80260860133758 50.471084203705914 0.0 1.0 1.0 1 0 0 0.0 1.0 0
cell 43.52313625278489 53.97721711840821 0.0 1.0 1.0 1 0 0 0.0 1.0 0
cell 44.94759771402323 13.374068317363216 0.0 1.0 1.0 1 0 0 0.0 1.0 0
cell 56.307816627447835 18.0328909573502 0.0 1.0 1.0 1 0 0 0.0 1.0 0
cell 20.850091558448625 8.800008324349571 0.0 1.0 1.0 1 0 0 0.0 1.0 0
cell 31.789818016975463 12.48382642861756 0.0 1.6431676725154984 0.6085806194501846 1 0 0 0.5202883400943509 0.8539906575378123 1.0943771088944878
cell 23.01665194862197 31.381118625527044 0.0 1.0 1.0 1 0 0 0.0 1.0 0
cell 2.2763489336055724 18.300254621995407 0.0 1.0 1.0 1 0 0 0.0 1.0 0
cell 13.492740248092126 59.44784649514123 0.0 1.6431676725154984 0.6085806194501846 1 0 0 0.5783829034729079 0.815765417856291 1.2334899771315104
cell 30.746181545042724 39.56966153258284 0.0 1.0 1.0 1 0 0 0.0 1.0 0
cell 27.019962690978552 59.450624962056686 0.0 1.6431676725154984 0.6085806194501846 1 0 0 -0.37825315511863006 -0.9257021932796754 0.7758170376500173
cell 3.7521478738837177 28.868530769671857 0.0 1.0 1.0 1 0 0 0.0 1.0 0
cell 58.842216178948874 43.453331548937854 0.0 1.0 1.0 1 0 0 0.0 1.0 0
cell 26.639403874326373 47.41899834314658 0.0 1.0 1.0 1 0 0 0.0 1.0 0
cell 27.172853850413606 21.198602857365433 0.0 1.0 1.0 1 0 0 0.0 1.0 0
cell 33.397407093212394 29.356881976488804 0.0 1.0 1.0 1 0 0 0.0 1.0 0
cell 32.009425207374676 21.3374269234676 0.0 1.6431676725154984 0.6085806194501846 1 0 0 0.9724955550807429 -0.23292143599977605 3.611753990532009
cell 45.486245442922154 17.442949050743913 0.0 1.0 1.0 1 0 0 0.0 1.0 0
cell 11.693636758334705 39.51141375123199 0.0 1.6431676725154984 0.6085806194501846 1 0 0 0.9243259769692703 0.3816038368515233 2.3585310169156752
cell 20.77274559978402 25.5603200640028 0.0 1.6431676725154984 0.6085806194501846 1 0 0 0.5258215743365333 0.8505948929791723 1.1073614142135286
cell 1.29489650217859 52.951954918735986 0.0 1.0 1.0 1 0 0 0.0 1.0 0
cell 36.823017707838495 41.85676819303449 0.0 1.0 1.0 1 0 0 0.0 1.0 0
cell 44.03337876446788 25.35649537353496 0.0 1.0 1.0 1 0 0 0.0 1.0 0
cell 44.3554152337231 4.473651542073835 0.0 1.0 1.0 1 0 0 0.0 1.0 0
cell 24.09924392877346 0.11202558760411067 0.0 1.6431676725154984 0.6085806194501846 1 0 0 0.08603012135645574 0.9962925364667716 0.17227319424220078
cell 34.522211294211765 57.95227670025131 0.0 1.0 1.0 1 0 0 0.0 1.0 0
cell 60.280274235471985 11.819827985542227 0.0 1.0 1.0 1 0 0 0.0 1.0 0
cell 19.17490294743572 18.604827094973405 0.0 1.6431676725154984 0.6085806194501846 1 0 0 0.08251185006215322 -0.9965900835345095 6.117973778494333
cell 38.432162767274974 15.271956020154056 0.0 1.6431676725154984 0.6085806194501846 1 0 0 0.4504844077918893 -0.8927842955251793 5.348569615546485
cell 41.199462335756635 45.148822375294095 0.0 1.0 1.0 1 0 0 0.0 1.0 0
cell 42.57505843876285 33.66862710964163 0.0 1.0 1.0 1 0 0 0.0 1.0 0
cell 9.056155990099334 33.707525602163145 0.0 1.0 1.0 1 0 0 0.0 1.0 0
cell 39.71901711082938 13.220041543650133 0.0 1.0 1.0 1 0 0 0.0 1.0 0
cell 31.656563049503685 56.24885436682106 0.0 1.0 1.0 1 0 0 0.0 1.0 0
cell 57.03245279533341 59.3412516928021 0.0 1.6431676725154984 0.6085806194501846 1 0 0 -0.08132462035840111 -0.9966876672877828 0.1628290617904744
cell 10.864842423007035 30.927944389098982 0.0 1.0 1.0 1 0 0 0.0 1.0 0
cell 52.66399164020451 52.55210921993037 0.0 1.0 1.0 1 0 0 0.0 1.0 0
cell 32.99199221440293 6.2094959634502125 0.0 1.0 1.0 1 0 0 0.0 1.0 0
cell 24.495488787808014 16.610381512670788 0.0 1.6431676725154984 0.6085806194501846 1 0 0 0.5914917821590631 -0.8063110266133631 5.017369866335243
cell 11.407183049614964 14.360645183257585 0.0 1.6431676725154984 0.6085806194501846 1 0 0 -0.5244010353011075 -0.8514714053772602 1.104023027907493
cell 19.262653624425894 38.473787232914 0.0 1.6431676725154984 0.6085806194501846 1 0 0 0.5631874922385949 -0.8263291405886656 5.086708978130932
cell 32.11457602050362 10.987545815868105 0.0 1.6431676725154984 0.6085806194501846 1 0 0 -0.5321051494013246 -0.8466782800926181 1.122169982350231
cell 8.138356089726708 34.86417136600075 0.0 1.6431676725154984 0.6085806194501846 1 0 0 0.9638186835167875 -0.26655870892538236 3.681234220934234
cell 2.5011235831056635 50.85849996071939 0.0 1.6431676725154984 0.6085806194501846 1 0 0 0.7851528328833051 0.6193020499040197 1.8058857418134282
cell 18.301528278427085 26.4390257923036 0.0 1.0 1.0 1 0 0 0.0 1.0 0
cell 12.355003151466171 43.815065937140325 0.0 1.0 1.0 1 0 0 0.0 1.0 0
cell 45.19987230355024 15.425283512994417 0.0 1.0 1.0 1 0 0 0.0 1.0 0
cell 55.58600437979115 21.425963181594668 0.0 1.0 1.0 1 0 0 0.0 1.0 0
cell 40.31697875038726 0.33492674631109537 0.0 1.6431676725154984 0.6085806194501846 1 0 0 0.5778533325036451 -0.8161406288835471 5.050993372791974
cell 41.21495330730284 51.52635986341384 0.0 1.0 1.0 1 0 0 0.0 1.0 0
cell 28.82524613835551 11.192974558647654 0.0 1.6431676725154984 0.6085806194501846 1 0 0 0.39965738418215996 0.9166645925684451 0.8222861040879288
cell 52.05409342062703 28.57543840106867 0.0 1.0 1.0 1 0 0 0.0 1.0 0
cell 24.638318905825336 14.357115367486857 0.0 1.6431676725154984 0.6085806194501846 1 0 0 0.9805751792917784 -0.1961436151316089 3.536439821855717
cell 0.4690142426719838 55.78231836275651 0.0 1.6431676725154984 0.6085806194501846 1 0 0 0.902430118213437 0.4308362586195388 2.2507541610382154
cell 40.92989790602249 37.876502217130714 0.0 1.6431676725154984 0.6085806194501846 1 0 0 0.6111435833940486 0.7915197536867173 1.3150091619313922
cell 28.554639721196942 36.83817175912767 0.0 1.6431676725154984 0.6085806194501846 1 0 0 0.8923109600989028 -0.45142125613153666 4.078307613036604
cell 45.97279977923383 26.03538023096273 0.0 1.0 1.0 1 0 0 0.0 1.0 0
cell 53.01744515279638 11.819897987037283 0.0 1.0 1.0 1 0 0 0.0 1.0 0
cell 54.501119534144266 10.408994255381446 0.0 1.0 1.0 1 0 0 0.0 1.0 0
cell 37.414691023502314 23.93162117381512 0.0 1.6431676725154984 0.6085806194501846 1 0 0 0.958441413259398 0.28528942733534274 2.5629758702231262
cell 10.037850402188015 42.30903176819084 0.0 1.6431676725154984 0.6085806194501846 1 0 0 0.8236262525564603 0.5671329615705667 1.9355513100488129
cell 0.6609439247787217 46.901076259968235 0.0 1.0 1.0 1 0 0 0.0 1.0 0
cell 32.11229424955125 36.72430483749309 0.0 1.0 1.0 1 0 0 0.0 1.0 0
cell 36.112031252620966 43.45712809924972 0.0 1.0 1.0 1 0 0 0.0 1.0 0
cell 56.86567375638829 12.830253422003405 0.0 1.0 1.0 1 0 0 0.0 1.0 0
cell 60.25915569791285 2.070004020305633 0.0 1.0 1.0 1 0 0 0.0 1.0 0
cell 54.73030647600652 24.59853846548774 0.0 1.0 1.0 1 0 0 0.0 1.0 0
cell 24.555111333142396 8.885689188318038 0.0 1.6431676725154984 0.6085806194501846 1 0 0 0.6520794736540446 -0.7581506183068535 4.862537234364408
cell 50.12504240010368 27.97165619223351 0.0 1.0 1.0 1 0 0 0.0 1.0 0
cell 29.06758463726727 32.857212414251414 0.0 1.6431676725154984 0.6085806194501846 1 0 0 0.31957916451101176 -0.9475595799792452 5.632614650400728
cell 36.16504789151912 13.616790626589593 0.0 1.0 1.0 1 0 0 0.0 1.0 0
cell 32.262197345722804 19.596949547138657 0.0 1.0 1.0 1 0 0 0.0 1.0 0
cell 40.6021241743786 16.942128996366616 0.0 1.6431676725154984 0.6085806194501846 1 0 0 0.628402270060601 -0.777888544061862 4.924190163961274
cell 29.31715335231677 14.941532795409078 0.0 1.6431676725154984 0.6085806194501846 1 0 0 0.8169437080179348 -0.5767174160105687 4.371002327969837
cell 57.76461283287186 32.793392402172216 0.0 1.0 1.0 1 0 0 0.0 1.0 0
cell 54.27517746072818 8.493498696243856 0.0 1.0 1.0 1 0 0 0.0 1.0 0
cell 45.5183399159964 31.056494175631194 0.0 1.0 1.0 1 0 0 0.0 1.0 0
cell 25.582921201901414 43.623681137538505 0.0 1.0 1.0 1 0 0 0.0 1.0 0
cell 35.278041396767264 2.0138316936350344 0.0 1.6431676725154984 0.6085806194501846 1 0 0 -0.0006109458075418889 0.9999998133725927 6.28196341548849
cell 37.68442113058904 50.20021948575422 0.0 1.0 1.0 1 0 0 0.0 1.0 0
cell 28.11991096495807 58.227733083142404 0.0 1.0 1.0 1 0 0 0.0 1.0 0
cell 41.31707340707455 27.92428919719543 0.0 1.0 1.0 1 0 0 0.0 1.0 0
cell 18.593819700594693 22.682617618299517 0.0 1.6431676725154984 0.6085806194501846 1 0 0 0.9862522567914692 0.16524674270234127 2.809576277167878
cell 14.782977904936502 14.14881726395141 0.0 1.6431676725154984 0.6085806194501846 1 0 0 0.46341582265597203 0.8861409455115414 0.9636920952961685
cell 37.36869850487831 58.96325966912286 0.0 1.0 1.0 1 0 0 0.0 1.0 0
cell 40.42104596621501 39.092778541025446 0.0 1.6431676725154984 0.6085806194501846 1 0 0 0.5273707006134343 0.8496353006640529 1.1110059227136655
cell 36.48837697399607 33.23562194921154 0.0 1.0 1.0 1 0 0 0.0 1.0 0
cell 45.74759934753814 9.981337080191263 0.0 1.6431676725154984 0.6085806194501846 1 0 0 0.5976540584876466 0.8017540934558705 1.2811437906419272
cell 48.88342021819283 30.483299656066258 0.0 1.0 1.0 1 0 0 0.0 1.0 0
cell 35.59693641779048 18.279899564580035 0.0 1.6431676725154984 0.6085806194501846 1 0 0 0.24508397682061503 0.9695018536886829 0.49521262022136864
cell 43.40571297777063 14.641316415224525 0.0 1.0 1.0 1 0 0 0.0 1.0 0
cell 20.489418274810596 58.20606285192307 0.0 1.6431676725154984 0.6085806194501846 1 0 0 0.12091176457607594 0.9926632587071507 0.2424166690941116
cell 35.18673808841714 45.13098791965262 0.0 1.0 1.0 1 0 0 0.0 1.0 0
cell 35.010234263285085 36.00913938164338 0.0 1.6431676725154984 0.6085806194501846 1 0 0 0.5238602647932745 0.8518042163377217 1.1027530737491191
cell 4.912339164137493 30.375460674872507 0.0 1.0 1.0 1 0 0 0.0 1.0 0
cell 60.21131108890899 48.52025569984274 0.0 1.0 1.0 1 0 0 0.0 1.0 0
cell 23.25261656916822 15.37606406460821 0.0 1.0 1.0 1 0 0 0.0 1.0 0
cell 1.0215764576443873 12.581604252072045 0.0 1.0 1.0 1 0 0 0.0 1.0 0
cell 8.01963342172553 45.27421854690012 0.0 1.0 1.0 1 0 0 0.0 1.0 0
cell 6.251157379196149 45.24672631431421 0.0 1.0 1.0 1 0 0 0.0 1.0 0
cell 2.7564290688463764 7.326920212288004 0.0 1.6431676725154984 0.6085806194501846 1 0 0 0.621092195724878 -0.7837375098906839 4.942914290455504
cell 40.08418245450389 4.796011861776722 0.0 1.0 1.0 1 0 0 0.0 1.0 0
cell 14.633412321075143 54.02464795196102 0.0 1.6431676725154984 0.6085806194501846 1 0 0 0.37288454918863634 0.9278777467836954 0.7642316923364242
cell 15.622133733202398 31.641350663147914 0.0 1.0 1.0 1 0 0 0.0 1.0 0
cell 58.360313605437774 11.29298913389631 0.0 1.0 1.0 1 0 0 0.0 1.0 0
cell 4.259924077678053 18.07239217747093 0.0 1.0 1.0 1 0 0 0.0 1.0 0
cell 58.451444230415525 45.30901340748938 0.0 1.0 1.0 1 0 0 0.0 1.0 0
cell 0.6602959422362981 31.958552965579656 0.0 1.0 1.0 1 0 0 0.0 1.0 0
cell 41.972519516521395 36.758050395507894 0.0 1.0 1.0 1 0 0 0.0 1.0 0
cell 27.79968655284867 17.66945956858802 0.0 1.6431676725154984 0.6085806194501846 1 0 0 0.07870932880427214 0.9968976083626547 0.15758165133694907
cell 40.01635280377082 15.216792718268664 0.0 1.0 1.0 1 0 0 0.0 1.0 0
cell 16.679532429412955 22.046107465565832 0.0 1.6431676725154984 0.6085806194501846 1 0 0 0.996391192806087 0.08487986156010861 2.971628425194387
cell 28.62579412597529 3.480128326741443 0.0 1.6431676725154984 0.6085806194501846 1 0 0 0.9754128321739919 0.22038558671181743 2.697173135537581
cell 51.36083552622646 39.90386589724955 0.0 1.6431676725154984 0.6085806194501846 1 0 0 -0.17852511373768945 -0.9839353554807069 0.3589745603246923
cell 54.940932817704066 19.50111961763522 0.0 1.0 1.0 1 0 0 0.0 1.0 0
cell 21.14218450912619 11.166620542261844 0.0 1.6431676725154984 0.6085806194501846 1 0 0 -0.05821354089211707 0.9983041538813718 6.166692366580371
cell 22.288702216671897 28.036188997265686 0.0 1.6431676725154984 0.6085806194501846 1 0 0 0.46973872807227895 0.8828054867008007 0.9779895966193591
cell 29.023589674650935 41.1240281654418 0.0 1.6431676725154984 0.6085806194501846 1 0 0 0.8181458470678583 -0.5750107589650968 4.366827250414266
cell 25.937424528976777 2.888408313574487 0.0 1.6431676725154984 0.6085806194501846 1 0 0 0.9744955848479401 0.22440667350119323 2.6889243766641657
cell 22.808742718627403 46.81107457509495 0.0 1.0 1.0 1 0 0 0.0 1.0 0
cell 26.60906281312363 31.596188599222614 0.0 1.6431676725154984 0.6085806194501846 1 0 0 0.6687684828020978 -0.743470723304274 4.818083092458695
cell 22.692997572569418 38.88128329743524 0.0 1.6431676725154984 0.6085806194501846 1 0 0 0.18680966361272966 -0.9823961266113068 5.9073580423518015
cell 55.02293577385883 36.76983944832774 0.0 1.0 1.0 1 0 0 0.0 1.0 0
cell 51.100792488950795 56.66044894997177 0.0 1.6431676725154984 0.6085806194501846 1 0 0 0.5404098506692796 -0.8414019213786043 5.141337031669449
cell 42.72622129168277 10.540006463506078 0.0 1.0 1.0 1 0 0 0.0 1.0 0
cell 51.70403138961437 20.42978273396512 0.0 1.0 1.0 1 0 0 0.0 1.0 0
cell 55.55236757066448 42.614236954282866 0.0 1.0 1.0 1 0 0 0.0 1.0 0
cell 26.095177831680687 51.86412350338923 0.0 1.0 1.0 1 0 0 0.0 1.0 0
cell 20.214752296926378 27.0141383905008 0.0 1.6431676725154984 0.6085806194501846 1 0 0 0.9156165713625448 -0.40205260134253307 3.9691076839869903
cell 22.56798185534103 26.34556457707908 0.0 1.6431676725154984 0.6085806194501846 1 0 0 0.43560573476737174 0.9001375693957997 0.9014222061071807
cell 45.77457510761795 58.41317847506314 0.0 1.0 1.0 1 0 0 0.0 1.0 0
cell 41.292373823490585 49.627106451577866 0.0 1.0 1.0 1 0 0 0.0 1.0 0
cell 54.214921953979314 25.929794919401104 0.0 1.6431676725154984 0.6085806194501846 1 0 0 0.19642668083279824 0.9805185154075419 0.3954245311935362
cell 48.18692784857672 45.5863020366429 0.0 1.0 1.0 1 0 0 0.0 1.0 0
cell 30.503812949291177 8.118438557202348 0.0 1.6431676725154984 0.6085806194501846 1 0 0 0.4553484618044697 0.8903133034681125 0.9455271346196918
cell 54.18982512056351 31.135062235264265 0.0 1.0 1.0 1 0 0 0.0 1.0 0
cell 34.193046729812714 43.407214309267424 0.0 1.0 1.0 1 0 0 0.0 1.0 0
cell 51.10992036255728 47.74252307459366 0.0 1.0 1.0 1 0 0 0.0 1.0 0
cell 14.304373570144438 38.352398723854044 0.0 1.6431676725154984 0.6085806194501846 1 0 0 0.9829982813392152 0.18361475671674427 2.772267705180275
cell 60.178336684833084 36.46664050305375 0.0 1.0 1.0 1 0 0 0.0 1.0 0
cell 8.170785330580943 28.596480811086607 0.0 1.0 1.0 1 0 0 0.0 1.0 0
cell 28.99222567299482 28.214378609963486 0.0 1.6431676725154984 0.6085806194501846 1 0 0 0.7939105060884606 -0.6080346275684999 4.448758009535041
cell 5.214203740649884 41.914369625967936 0.0 1.0 1.0 1 0 0 0.0 1.0 0
cell 31.984341392218578 23.030042912228804 0.0 1.0 1.0 1 0 0 0.0 1.0 0
cell 44.96539035153924 36.20780643840586 0.0 1.0 1.0 1 0 0 0.0 1.0 0
cell 57.341202398783366 14.704794942761694 0.0 1.0 1.0 1 0 0 0.0 1.0 0
cell 45.9852672303206 1.97881221974399 0.0 1.0 1.0 1 0 0 0.0 1.0 0
cell 59.69660648350869 26.891007621105924 0.0 1.0 1.0 1 0 0 0.0 1.0 0
cell 7.652556808296233 37.32746773530242 0.0 1.0 1.0 1 0 0 0.0 1.0 0
cell 60.45770252520142 59.23389889074602 0.0 1.6431676725154984 0.6085806194501846 1 0 0 0.6445747284721741 0.7645413130858417 1.4009338173921981
cell 45.50539074736309 40.160472580482434 0.0 1.0 1.0 1 0 0 0.0 1.0 0
cell 16.54942465982465 26.835664935858773 0.0 1.0 1.0 1 0 0 0.0 1.0 0
cell 35.896957334932736 26.802824847040686 0.0 1.6431676725154984 0.6085806194501846 1 0 0 0.5098348492105541 0.8602722978978525 1.0699856086698225
cell 27.452352003133203 43.607718070720715 0.0 1.0 1.0 1 0 0 0.0 1.0 0
cell 9.99423579931797 39.73574150420088 0.0 1.0 1.0 1 0 0 0.0 1.0 0
cell 30.26372429475043 19.716142512676527 0.0 1.6431676725154984 0.6085806194501846 1 0 0 -0.3246076000554426 -0.9458487754320168 0.6611936662488818
cell 60.38856501031497 7.34008853650352 0.0 1.6431676725154984 0.6085806194501846 1 0 0 0.8758232232251838 -0.4826320354674458 4.14890754513639
cell 55.52425601909528 40.72130318930984 0.0 1.0 1.0 1 0 0 0.0 1.0 0
cell 43.09508816067905 12.68190907846503 0.0 1.0 1.0 1 0 0 0.0 1.0 0
cell 36.98726555787074 6.392289317678638 0.0 1.0 1.0 1 0 0 0.0 1.0 0
cell 22.1600976807756 40.28060637159896 0.0 1.6431676725154984 0.6085806194501846 1 0 0 0.31240497420027874 -0.9499490155239507 5.647737967667324
cell 8.477057222699516 53.57033097938429 0.0 1.6431676725154984 0.6085806194501846 1 0 0 0.5422396848896499 -0.8402238535835395 5.136984497293683
cell 10.754291361840808 18.33905833403162 0.0 1.0 1.0 1 0 0 0.0 1.0 0
cell 3.755365516721422 58.085608526896166 0.0 1.6431676725154984 0.6085806194501846 1 0 0 0.8424636664653109 -0.5387531630402046 4.279505491244348
cell 35.22281699399153 15.717292597707461 0.0 1.6431676725154984 0.6085806194501846 1 0 0 0.3983543131268173 0.9172316180841465 0.8194439130664825
cell 3.009909315327911 44.571025896268225 0.0 1.0 1.0 1 0 0 0.0 1.0 0
cell 32.53176693202477 27.543538348251165 0.0 1.0 1.0 1 0 0 0.0 1.0 0
cell 22.30420748158039 44.92033675676914 0.0 1.0 1.0 1 0 0 0.0 1.0 0
cell 44.542286827097904 11.365906112131055 0.0 1.0 1.0 1 0 0 0.0 1.0 0
cell 46.99049372993058 38.89188482446477 0.0 1.0 1.0 1 0 0 0.0 1.0 0
cell 51.12417598252441 33.2448044120844 0.0 1.0 1.0 1 0 0 0.0 1.0 0
cell 23.45018617296646 7.932907446553438 0.0 1.6431676725154984 0.6085806194501846 1 0 0 -0.6702977814331208 0.7420922342982954 4.81396533202862
cell 36.72917372956354 53.048179507177686 0.0 1.0 1.0 1 0 0 0.0 1.0 0
cell 23.678349534563132 19.63955308619555 0.0 1.6431676725154984 0.6085806194501846 1 0 0 0.7138740505169058 -0.7002741177557444 4.69315547456922
cell 42.59092643996057 0.22833496397250938 0.0 1.6431676725154984 0.6085806194501846 1 0 0 0.8329932352708438 -0.5532831734229884 4.314193691520726
cell 52.76347523419664 57.18536136704983 0.0 1.0 1.0 1 0 0 0.0 1.0 0
cell 4.949820602503058 21.304758325116705 0.0 1.0 1.0 1 0 0 0.0 1.0 0
cell 21.217845238889918 47.18883448545977 0.0 1.6431676725154984 0.6085806194501846 1 0 0 0.7123370929131122 -0.7018374926292383 4.697540166848521
cell 44.615783548717665 27.278980815333693 0.0 1.0 1.0 1 0 0 0.0 1.0 0
cell 37.240770669363464 31.484393394304544 0.0 1.6431676725154984 0.6085806194501846 1 0 0 0.6744953118951232 0.7382791302965975 1.4805617757648264
cell 18.58316609360254 36.21456265020444 0.0 1.0 1.0 1 0 0 0.0 1.0 0
cell 33.229018311432775 14.070234713922346 0.0 1.6431676725154984 0.6085806194501846 1 0 0 0.6071423603277267 0.7945930746587695 1.3049185441464006
cell 26.7385457873175 35.419095173001516 0.0 1.6431676725154984 0.6085806194501846 1 0 0 0.78482281136876 -0.6197202229677807 4.478364990948785
cell 51.45801999301275 35.0795090205401 0.0 1.0 1.0 1 0 0 0.0 1.0 0
cell 43.4778255283933 7.016749533948892 0.0 1.6431676725154984 0.6085806194501846 1 0 0 0.7842404207813277 -0.6204570592818862 4.48024340156945
cell 37.47581878567949 11.98905132821627 0.0 1.0 1.0 1 0 0 0.0 1.0 0
cell 14.181534353465317 44.72322818882189 0.0 1.0 1.0 1 0 0 0.0 1.0 0
cell 22.17514739975207 37.65746041258156 0.0 1.0 1.0 1 0 0 0.0 1.0 0
cell 28.23795862440378 8.385256027654604 0.0 1.6431676725154984 0.6085806194501846 1 0 0 -0.39679538292208766 -0.917907089030101 0.8160459577540147
cell 16.039144246171254 17.48904020021023 0.0 1.6431676725154984 0.6085806194501846 1 0 0 0.9997791363657468 -0.02101614826179117 3.1836280448553724
cell 31.31739742896576 14.960086398249379 0.0 1.6431676725154984 0.6085806194501846 1 0 0 0.2228012018184754 0.9748639004847 0.4493739203294203
cell 39.14523570408055 47.81326169462159 0.0 1.0 1.0 1 0 0 0.0 1.0 0
cell 55.20953959905839 44.46260470583362 0.0 1.0 1.0 1 0 0 0.0 1.0 0
cell 3.7501508395217305 31.997958683913787 0.0 1.0 1.0 1 0 0 0.0 1.0 0
cell 17.45438996416298 31.263399292171524 0.0 1.0 1.0 1 0 0 0.0 1.0 0
cell 28.925397054948164 49.06866856620395 0.0 1.0 1.0 1 0 0 0.0 1.0 0
cell 54.43842781808807 17.57059140020245 0.0 1.0 1.0 1 0 0 0.0 1.0 0
cell 28.675541618539782 52.46032973941681 0.0 1.0 1.0 1 0 0 0.0 1.0 0
cell 49.592149069498724 12.873039114066195 0.0 1.0 1.0 1 0 0 0.0 1.0 0
cell 17.131104473573494 45.2394639280902 0.0 1.6431676725154984 0.6085806194501846 1 0 0 0.34702350711204805 0.9378564311831818 0.7087910269817667
cell 43.65720105124317 16.64390624315576 0.0 1.0 1.0 1 0 0 0.0 1.0 0
cell 41.64812102208538 53.32796787432891 0.0 1.0 1.0 1 0 0 0.0 1.0 0
cell 35.04165543329493 0.32548828258466 0.0 1.0 1.0 1 0 0 0.0 1.0 0
cell 15.605639775376954 1.9368469052281136 0.0 1.6431676725154984 0.6085806194501846 1 0 0 0.7608045825424451 0.6489810376139012 1.7291039570114293
cell 43.975696614600096 58.70297068513627 0.0 1.0 1.0 1 0 0 0.0 1.0 0
cell 59.94195603044175 46.65018518942268 0.0 1.0 1.0 1 0 0 0.0 1.0 0
cell 32.54128614292949 58.060236759387976 0.0 1.0 1.0 1 0 0 0.0 1.0 0
cell 30.306870564195844 9.607010903012187 0.0 1.6431676725154984 0.6085806194501846 1 0 0 -0.46711022276880754 -0.8841990951052116 0.9720394063555604
cell 54.280495775796425 55.95392690179839 0.0 1.0 1.0 1 0 0 0.0 1.0 0
cell 25.53411823303418 6.161892835310494 0.0 1.6431676725154984 0.6085806194501846 1 0 0 0.7155296790882424 0.6985823346921084 1.5947640647622523
cell 49.941908151329606 9.651212327092018 0.0 1.0 1.0 1 0 0 0.0 1.0 0
cell 0.9377264097201125 59.81382020458685 0.0 1.6431676725154984 0.6085806194501846 1 0 0 0.5718460660394582 0.8203609429727842 1.217508808906861
cell 27.901973977190437 38.05265286710188 0.0 1.6431676725154984 0.6085806194501846 1 0 0 0.8028787754547777 -0.5961423252246368 4.4189680238159434
cell 49.60290058894657 34.33956986427092 0.0 1.0 1.0 1 0 0 0.0 1.0 0
cell 29.299902901171084 34.959659300397355 0.0 1.0 1.0 1 0 0 0.0 1.0 0
cell 56.45842264198132 5.521773813644429 0.0 1.0 1.0 1 0 0 0.0 1.0 0
cell 22.262610669691338 12.214363149709717 0.0 1.6431676725154984 0.6085806194501846 1 0 0 0.43874785339072825 -0.8986102164704272 5.374775761430778
cell 54.5269899602541 50.24039198842879 0.0 1.0 1.0 1 0 0 0.0 1.0 0
cell 18.15410325638232 16.254392562583643 0.0 1.6431676725154984 0.6085806194501846 1 0 0 -0.006781812860763739 0.9999770032427354 6.269621577483966
cell 23.1201647722312 33.349443067679815 0.0 1.0 1.0 1 0 0 0.0 1.0 0
cell 1.7809929009642245 33.01653689144607 0.0 1.0 1.0 1 0 0 0.0 1.0 0
cell 31.161509668015245 35.105313360011706 0.0 1.0 1.0 1 0 0 0.0 1.0 0
cell 11.316166111033514 47.097862430969066 0.0 1.0 1.0 1 0 0 0.0 1.0 0
cell 39.577987526856546 40.29455841646557 0.0 1.0 1.0 1 0 0 0.0 1.0 0
cell 12.955039365895244 42.06617544021207 0.0 1.6431676725154984 0.6085806194501846 1 0 0 0.9898984192263897 0.14177841730353352 2.8570771534907236
cell 47.92773598660392 51.80952056832199 0.0 1.0 1.0 1 0 0 0.0 1.0 0
cell 31.318834873736783 41.428932987969446 0.0 1.0 1.0 1 0 0 0.0 1.0 0
cell 10.697469681553825 36.458639863009374 0.0 1.0 1.0 1 0 0 0.0 1.0 0
cell 46.4216331978057 46.61507196633512 0.0 1.0 1.0 1 0 0 0.0 1.0 0
cell 46.63428799927436 23.027290679647265 0.0 1.0 1.0 1 0 0 0.0 1.0 0
cell 12.879292558720586 37.20824092365608 0.0 1.0 1.0 1 0 0 0.0 1.0 0
cell 51.30183977001876 1.8286775688075032 0.0 1.6431676725154984 0.6085806194501846 1 0 0 0.9989924449697913 -0.04487866857738221 3.231380148051149
cell 51.585950360885306 13.230906732765233 0.0 1.0 1.0 1 0 0 0.0 1.0 0
cell 27.27695124588461 27.23315046860588 0.0 1.0 1.0 1 0 0 0.0 1.0 0
cell 60.00080470420392 56.351433258414815 0.0 1.6431676725154984 0.6085806194501846 1 0 0 0.8245357969378313 0.5658097909793498 1.9387625726970605
cell 57.71593142268419 24.123592747567212 0.0 1.0 1.0 1 0 0 0.0 1.0 0
cell 60.387264734514886 30.884231271955603 0.0 1.6431676725154984 0.6085806194501846 1 0 0 0.09888891914357385 0.9950984783782034 0.1981016106172185
cell 38.33319026089226 32.44705232908194 0.0 1.6431676725154984 0.6085806194501846 1 0 0 0.8020320208197427 0.597281037351597 1.8613792142609316
cell 4.863619211241344 43.86508831542795 0.0 1.0 1.0 1 0 0 0.0 1.0 0
cell 54.5349188612332 32.96792009438887 0.0 1.0 1.0 1 0 0 0.0 1.0 0
cell 7.795983606721477 0.5381373277493576 0.0 1.6431676725154984 0.6085806194501846 1 0 0 0.9583480211224683 -0.2856029944007048 3.7208637958692137
cell 33.756609722871474 11.508937624773695 0.0 1.0 1.0 1 0 0 0.0 1.0 0
cell 0.10160396005724483 41.42887208197091 0.0 1.0 1.0 1 0 0 0.0 1.0 0
cell 50.16352172348196 40.865185562518015 0.0 1.0 1.0 1 0 0 0.0 1.0 0
cell 12.271774286894995 32.141252206883806 0.0 1.0 1.0 1 0 0 0.0 1.0 0
cell 49.30240012054664 19.530882329221964 0.0 1.6431676725154984 0.6085806194501846 1 0 0 0.7385344915782541 0.6742156960122255 1.6617882269593862
cell 33.269628870531356 44.858713928837446 0.0 1.0 1.0 1 0 0 0.0 1.0 0
cell 15.633740847789689 9.690401422120768 0.0 1.6431676725154984 0.6085806194501846 1 0 0 0.5873518219471011 0.8093317226301097 1.2555657711003931
cell 51.080311454675105 11.311110308839321 0.0 1.0 1.0 1 0 0 0.0 1.0 0
cell 30.25177327579149 29.380145176986876 0.0 1.6431676725154984 0.6085806194501846 1 0 0 0.8097765890448728 -0.5867383367693397 4.395642812315205
cell 51.57487946449738 58.56052546310815 0.0 1.0 1.0 1 0 0 0.0 1.0 0
cell 31.03040955439541 6.234491002198003 0.0 1.0 1.0 1 0 0 0.0 1.0 0
cell 33.66955848316776 59.8220075246194 0.0 1.0 1.0 1 0 0 0.0 1.0 0
cell 30.57817291722967 58.18611378349539 0.0 1.0 1.0 1 0 0 0.0 1.0 0
cell 48.95056563754668 16.445677315134414 0.0 1.6431676725154984 0.6085806194501846 1 0 0 0.6824489721964477 0.7309332393235459 1.5022157796896414
cell 18.29016962179199 11.27719749765098 0.0 1.6431676725154984 0.6085806194501846 1 0 0 0.8910348763024435 0.45393485128671185 2.199239766962886
cell 8.827565995195815 41.39713536215153 0.0 1.0 1.0 1 0 0 0.0 1.0 0
cell 45.26357538140989 60.24902361750133 0.0 1.0 1.0 1 0 0 0.0 1.0 0
cell 6.39815991333485 54.50277584528096 0.0 1.6431676725154984 0.6085806194501846 1 0 0 0.33459936669698204 -0.9423604744501854 5.600825187304667
cell 50.704207401727594 25.59009455840064 0.0 1.6431676725154984 0.6085806194501846 1 0 0 0.38877141882328475 0.9213342411449442 0.7985954730094019
cell 25.73332662428552 40.063600233188374 0.0 1.0 1.0 1 0 0 0.0 1.0 0
cell 26.391879950191996 23.04212925983798 0.0 1.0 1.0 1 0 0 0.0 1.0 0
cell 46.81926910827376 0.16851531152331375 0.0 1.0 1.0 1 0 0 0.0 1.0 0
cell 31.940251083621433 30.753656158939844 0.0 1.0 1.0 1 0 0 0.0 1.0 0
cell 59.44032218322961 24.99186402060009 0.0 1.0 1.0 1 0 0 0.0 1.0 0
cell 38.7518255316767 16.91128027262438 0.0 1.0 1.0 1 0 0 0.0 1.0 0
cell 43.569484865961314 30.48192782643349 0.0 1.0 1.0 1 0 0 0.0 1.0 0
cell 4.820575732927016 14.686186785809168 0.0 1.0 1.0 1 0 0 0.0 1.0 0
cell 7.347263751746834 17.103466726986387 0.0 1.0 1.0 1 0 0 0.0 1.0 0
cell 60.92566653858405 29.481115888845626 0.0 1.6431676725154984 0.6085806194501846 1 0 0 0.4928183567620373 0.8701322125047235 1.0306515827663734
cell 57.05596168686745 43.904210546080044 0.0 1.0 1.0 1 0 0 0.0 1.0 0
cell 42.28736086794807 19.923864080647494 0.0 1.0 1.0 1 0 0 0.0 1.0 0
cell 53.859707328491815 29.436628404136876 0.0 1.0 1.0 1 0 0 0.0 1.0 0
cell 59.750205219318595 21.24772606136234 0.0 1.0 1.0 1 0 0 0.0 1.0 0
cell 34.38029440319423 22.71515892424007 0.0 1.0 1.0 1 0 0 0.0 1.0 0
cell 26.60134372533258 60.91780305592485 0.0 1.6431676725154984 0.6085806194501846 1 0 0 -0.10091395392075769 -0.9948951572422489 0.2021720438928707
cell 28.952169041064195 60.48804259816981 0.0 1.6431676725154984 0.6085806194501846 1 0 0 0.7556230635566841 0.6550067066994134 1.713209661263655
cell 49.579610776552414 52.83407817960916 0.0 1.0 1.0 1 0 0 0.0 1.0 0
cell 29.718293900001065 1.6750670985124798 0.0 1.6431676725154984 0.6085806194501846 1 0 0 0.9971125919660673 0.07593733563084192 2.9895716385771887
cell 49.1005724864641 7.867924148650521 0.0 1.0 1.0 1 0 0 0.0 1.0 0
cell 50.22042084312882 38.18721118271424 0.0 1.0 1.0 1 0 0 0.0 1.0 0
cell 39.57388222805014 27.384155258899035 0.0 1.0 1.0 1 0 0 0.0 1.0 0
cell 26.661408993332046 10.065959554279194 0.0 1.6431676725154984 0.6085806194501846 1 0 0 0.3546029007063623 0.9350169960009463 0.7249786712872741
cell 33.326651234149544 38.342971119174614 0.0 1.0 1.0 1 0 0 0.0 1.0 0
cell 27.952743249317532 19.346984796219783 0.0 1.0 1.0 1 0 0 0.0 1.0 0
cell 58.28900421310368 49.08851004078093 0.0 1.0 1.0 1 0 0 0.0 1.0 0
cell 30.355601062602403 42.96482680442496 0.0 1.6431676725154984 0.6085806194501846 1 0 0 0.7552310686966497 -0.6554586431463976 4.571172151717139
cell 36.742665285194335 25.599117565326303 0.0 1.0 1.0 1 0 0 0.0 1.0 0
cell 46.728248796004955 8.537563317099963 0.0 1.6431676725154984 0.6085806194501846 1 0 0 0.9611017405088933 -0.2761945770480947 3.701257464527386
cell 12.434371965076377 13.95886359077195 0.0 1.6431676725154984 0.6085806194501846 1 0 0 -0.5603170480393249 -0.8282782175552469 1.1895370602111983
cell 5.7892706589218035 38.001253176189195 0.0 1.0 1.0 1 0 0 0.0 1.0 0
cell 37.9513440942854 8.146417847597322 0.0 1.0 1.0 1 0 0 0.0 1.0 0
cell 37.2335504851097 48.33796677678901 0.0 1.0 1.0 1 0 0 0.0 1.0 0
cell 10.31060136435494 49.93793590329014 0.0 1.0 1.0 1 0 0 0.0 1.0 0
cell 59.37230322030024 31.91054721095329 0.0 1.0 1.0 1 0 0 0.0 1.0 0
cell 49.22547759759827 47.148203013549335 0.0 1.0 1.0 1 0 0 0.0 1.0 0
cell 11.650077991634017 45.4322630701726 0.0 1.6431676725154984 0.6085806194501846 1 0 0 0.353633166464504 0.9353841903604574 0.7229048185501397
cell 22.663617263477672 17.253728499271755 0.0 1.6431676725154984 0.6085806194501846 1 0 0 0.3670820705613423 -0.9301885580205755 5.531445009256807
cell 59.51347388010776 4.726180501520667 0.0 1.6431676725154984 0.6085806194501846 1 0 0 0.892056130260521 -0.45192461812189927 4.079435995149747
cell 56.00554740241175 31.91536054291382 0.0 1.0 1.0 1 0 0 0.0 1.0 0
cell 36.02588904631749 46.7964338685883 0.0 1.0 1.0 1 0 0 0.0 1.0 0
cell 47.24635223053468 11.51299256977978 0.0 1.6431676725154984 0.6085806194501846 1 0 0 0.585977635344814 0.810327224567767 1.2521720040979585
cell 33.61557406748772 25.452254104431884 0.0 1.6431676725154984 0.6085806194501846 1 0 0 0.11673232790784271 0.9931634123452272 0.23399814887124978
cell 24.040325052108447 40.01693936962668 0.0 1.0 1.0 1 0 0 0.0 1.0 0
cell 8.397019585120457 39.46419844272362 0.0 1.0 1.0 1 0 0 0.0 1.0 0
cell 42.01949962399891 58.95465504833055 0.0 1.0 1.0 1 0 0 0.0 1.0 0
cell 41.13105125283209 47.781560179020595 0.0 1.0 1.0 1 0 0 0.0 1.0 0
cell 31.011776410590134 49.201143703169265 0.0 1.0 1.0 1 0 0 0.0 1.0 0
cell 45.33145443270054 24.10173206926058 0.0 1.0 1.0 1 0 0 0.0 1.0 0
cell 53.53387437646003 13.72608454633632 0.0 1.0 1.0 1 0 0 0.0 1.0 0
cell 45.30753276249607 38.18959612307924 0.0 1.0 1.0 1 0 0 0.0 1.0 0
cell 44.42450189452378 0.8830665398540944 0.0 1.0 1.0 1 0 0 0.0 1.0 0
cell 40.62637083010436 33.19868302515171 0.0 1.0 1.0 1 0 0 0.0 1.0 0
cell 52.94818180678006 34.01741634456055 0.0 1.0 1.0 1 0 0 0.0 1.0 0
cell 23.078016454335447 41.673319218668794 0.0 1.0 1.0 1 0 0 0.0 1.0 0
cell 15.486570897288168 23.594245557008705 0.0 1.0 1.0 1 0 0 0.0 1.0 0
cell 12.767681211822213 53.778547505493556 0.0 1.6431676725154984 0.6085806194501846 1 0 0 0.3605084372652139 0.9327559523587042 0.737625854950364
cell 43.72285393853728 2.678516544833329 0.0 1.0 1.0 1 0 0 0.0 1.0 0
cell 47.97320924266582 3.3021079517289964 0.0 1.6431676725154984 0.6085806194501846 1 0 0 0.9948446173647058 -0.10141098214923348 3.344763879837022
cell 20.473547401621527 6.335063272603842 0.0 1.6431676725154984 0.6085806194501846 1 0 0 0.6191401652881255 -0.7852804949360404 4.947890726477589
cell 19.879755246657492 28.852731257953067 0.0 1.0 1.0 1 0 0 0.0 1.0 0
cell 50.452391079498604 4.635432490687532 0.0 1.6431676725154984 0.6085806194501846 1 0 0 0.07984034011401285 0.9968076645424024 0.15985081559865694
cell 35.5094267581573 24.04038161652524 0.0 1.6431676725154984 0.6085806194501846 1 0 0 0.8459596280547074 0.53324694814086 2.016724401135009
cell 23.91712988128693 54.686791773331755 0.0 1.6431676725154984 0.6085806194501846 1 0 0 0.005024883766253539 0.999987375191875 0.010049809824849584
cell 25.298442423131675 53.511339943672674 0.0 1.6431676725154984 0.6085806194501846 1 0 0 0.9992961956982974 0.03751150840622185 3.0665520313136096
cell 14.823555141898423 40.481652048303275 0.0 1.6431676725154984 0.6085806194501846 1 0 0 0.9894955876161518 0.14456307304483615 2.851449867776822
cell 57.85228841348758 50.97153567786782 0.0 1.0 1.0 1 0 0 0.0 1.0 0
cell 58.12022232274054 34.76596048551636 0.0 1.0 1.0 1 0 0 0.0 1.0 0
cell 27.12890418105985 48.995081617528996 0.0 1.6431676725154984 0.6085806194501846 1 0 0 -0.4006175952864258 0.9162453505185832 5.458803713304946
cell 59.164500652163504 15.247546193217428 0.0 1.0 1.0 1 0 0 0.0 1.0 0
cell 44.49575101789855 34.27105345770451 0.0 1.0 1.0 1 0 0 0.0 1.0 0
cell 5.057780473715876 23.099199600671806 0.0 1.0 1.0 1 0 0 0.0 1.0 0
cell 20.941324684962613 53.39905524920378 0.0 1.6431676725154984 0.6085806194501846 1 0 0 0.5787723208445201 0.8154891787290913 1.2344448675944217
cell 23.677969385006342 56.1502697422699 0.0 1.6431676725154984 0.6085806194501846 1 0 0 0.2624681021608813 0.9649406693409005 0.5311581852672004
cell 19.8317711801824 14.378250771390608 0.0 1.6431676725154984 0.6085806194501846 1 0 0 -0.35909849165803276 0.9332996696072091 5.548581753005843
cell 54.76536316838063 34.837965693475226 0.0 1.0 1.0 1 0 0 0.0 1.0 0
cell 58.62465137927476 5.8205881859524515 0.0 1.6431676725154984 0.6085806194501846 1 0 0 0.8073112573469775 -0.5901258626435909 4.404022124364685
cell 17.46207286737705 20.447072712944454 0.0 1.6431676725154984 0.6085806194501846 1 0 0 0.23067799327295144 -0.9730301451751452 5.817636485470978
cell 42.7090960967666 46.518984643414946 0.0 1.0 1.0 1 0 0 0.0 1.0 0
cell 25.875030718246656 56.794743635588034 0.0 1.6431676725154984 0.6085806194501846 1 0 0 0.4925187744217883 0.8703018193948923 1.02996305948586
cell 25.596999268171185 30.480939215665913 0.0 1.0 1.0 1 0 0 0.0 1.0 0
cell 22.30140362155014 14.118321466070775 0.0 1.6431676725154984 0.6085806194501846 1 0 0 0.5408550937409278 -0.8411157872579091 5.140278515473229
cell 16.74765537729237 33.09521891742697 0.0 1.0 1.0 1 0 0 0.0 1.0 0
cell 31.505236084379682 38.21937995108391 0.0 1.0 1.0 1 0 0 0.0 1.0 0
cell 6.83046623555976 6.357530142983406 0.0 1.6431676725154984 0.6085806194501846 1 0 0 0.032903159718530944 -0.9994585444532138 6.217367108104009
cell 14.280908426903599 35.36803267242082 0.0 1.0 1.0 1 0 0 0.0 1.0 0
cell 6.417366487808971 2.466397717433275 0.0 1.6431676725154984 0.6085806194501846 1 0 0 0.33469779930117244 -0.9423255186733256 5.6006162769515155
cell 41.24009388121688 35.09127134444116 0.0 1.0 1.0 1 0 0 0.0 1.0 0
cell 58.25813114728997 20.493994286447805 0.0 1.0 1.0 1 0 0 0.0 1.0 0
cell 26.54317511221169 11.65965604382822 0.0 1.0 1.0 1 0 0 0.0 1.0 0
cell 4.770831524598518 27.94144132618782 0.0 1.6431676725154984 0.6085806194501846 1 0 0 0.8634627410266011 -0.5044126236116904 4.198995800124104
cell 55.41985558355125 14.228329157805994 0.0 1.0 1.0 1 0 0 0.0 1.0 0
cell 46.934204824769836 16.281920423230403 0.0 1.6431676725154984 0.6085806194501846 1 0 0 0.624726946482981 0.7808432892316169 1.3495635869032223
cell 43.1516846017481 28.59598280344285 0.0 1.0 1.0 1 0 0 0.0 1.0 0
cell 16.16894028347289 35.031814953686045 0.0 1.0 1.0 1 0 0 0.0 1.0 0
cell 52.50830833716119 17.103087801874782 0.0 1.0 1.0 1 0 0 0.0 1.0 0
cell 33.91392228123748 46.663449171214616 0.0 1.0 1.0 1 0 0 0.0 1.0 0
cell 17.531867281230866 60.933763574114025 0.0 1.6431676725154984 0.6085806194501846 1 0 0 -0.9990801403752906 0.04288208376104822 3.227383127789841
cell 34.35833434751803 39.981421408491514 0.0 1.0 1.0 1 0 0 0.0 1.0 0
cell 15.033486894234313 36.90183518868512 0.0 1.6431676725154984 0.6085806194501846 1 0 0 0.9809616358909682 0.19420161922629667 2.750705635866612
cell 36.705391370939545 55.614790934941674 0.0 1.6431676725154984 0.6085806194501846 1 0 0 0.9409626402944862 -0.33851042756469024 3.8322594845432705
cell 41.18272646952038 6.5325364714707455 0.0 1.0 1.0 1 0 0 0.0 1.0 0
cell 5.268410512284393 26.55462743125765 0.0 1.0 1.0 1 0 0 0.0 1.0 0
cell 56.79324130039069 39.452662577803935 0.0 1.0 1.0 1 0 0 0.0 1.0 0
cell 32.055234753186866 7.926451054959613 0.0 1.0 1.0 1 0 0 0.0 1.0 0
cell 12.97575138166732 48.019170566194845 0.0 1.0 1.0 1 0 0 0.0 1.0 0
cell 0.3913996642093773 0.5655049672926438 0.0 1.6431676725154984 0.6085806194501846 1 0 0 0.6547712023582529 0.755827144631845 1.427759738346672
cell 1.2775052281538775 34.472781667366014 0.0 1.0 1.0 1 0 0 0.0 1.0 0
cell 30.132484657750567 47.549668601762306 0.0 1.0 1.0 1 0 0 0.0 1.0 0
cell 16.713512327639016 50.29934968816537 0.0 1.6431676725154984 0.6085806194501846 1 0 0 0.6521138839980114 0.758121020877952 1.4207388490140376
cell 35.96845010082459 8.16106147116815 0.0 1.0 1.0 1 0 0 0.0 1.0 0
cell 36.90199829760496 28.791904695234088 0.0 1.6431676725154984 0.6085806194501846 1 0 0 0.780101987039723 0.6256523713826041 1.7896576195762424
cell 45.538170481458295 21.442836199695865 0.0 1.0 1.0 1 0 0 0.0 1.0 0
cell 61.13911232193286 18.672308299719685 0.0 1.6431676725154984 0.6085806194501846 1 0 0 0.9851754053390238 -0.17155005308973276 3.486398317753086
cell 48.200774559293606 18.313044845665626 0.0 1.6431676725154984 0.6085806194501846 1 0 0 0.6624966876715509 0.7490648428702441 1.4482938830257601
cell 59.60342134291293 17.179831675195317 0.0 1.0 1.0 1 0 0 0.0 1.0 0
cell 53.91156051474867 41.91396892168528 0.0 1.0 1.0 1 0 0 0.0 1.0 0
cell 29.04316599598796 46.43547900733854 0.0 1.6431676725154984 0.6085806194501846 1 0 0 0.4056475458863628 -0.914029577484433 5.447810964925961
cell 24.731179433545762 35.89276959790604 0.0 1.0 1.0 1 0 0 0.0 1.0 0
cell 42.74098862430327 26.643238778592995 0.0 1.0 1.0 1 0 0 0.0 1.0 0
cell 7.009800058688431 41.17393150966689 0.0 1.0 1.0 1 0 0 0.0 1.0 0
cell 58.17478000994181 18.52611557068463 0.0 1.0 1.0 1 0 0 0.0 1.0 0
cell 53.52612971994038 37.90000066346148 0.0 1.0 1.0 1 0 0 0.0 1.0 0
cell 19.10597371133756 45.48036136067595 0.0 1.6431676725154984 0.6085806194501846 1 0 0 0.5970097477338991 -0.8022339815232874 5.0036482883812745
cell 5.50594766659738 16.461603328580754 0.0 1.0 1.0 1 0 0 0.0 1.0 0
cell 38.35300813554331 26.1780444313856 0.0 1.0 1.0 1 0 0 0.0 1.0 0
cell 52.87143500873666 3.1704869280101433 0.0 1.6431676725154984 0.6085806194501846 1 0 0 0.9938496888234404 -0.11073750956902846 3.363522839453587
cell 57.32479064463557 54.799595252221316 0.0 1.0 1.0 1 0 0 0.0 1.0 0
cell 50.932500569747845 8.37825947168725 0.0 1.6431676725154984 0.6085806194501846 1 0 0 0.5713779340458404 0.8206870636762269 1.2163677527548826
cell 0.9401176084840311 36.17094373513032 0.0 1.0 1.0 1 0 0 0.0 1.0 0
cell 53.65771787146636 39.94984087954409 0.0 1.0 1.0 1 0 0 0.0 1.0 0
cell 42.130351466174005 55.131952520959295 0.0 1.0 1.0 1 0 0 0.0 1.0 0
cell 41.00884704758786 56.21901979622302 0.0 1.0 1.0 1 0 0 0.0 1.0 0
cell 23.6584878354021 37.12268033090458 0.0 1.0 1.0 1 0 0 0.0 1.0 0
cell 14.874971641532799 33.490669418867135 0.0 1.0 1.0 1 0 0 0.0 1.0 0
cell 0.47078873347887046 17.447407076872473 0.0 1.0 1.0 1 0 0 0.0 1.0 0
cell 45.538845293817225 19.464531347341286 0.0 1.0 1.0 1 0 0 0.0 1.0 0
cell 6.077646205822798 36.36415161616385 0.0 1.0 1.0 1 0 0 0.0 1.0 0
cell 59.19340245986269 23.036956199817563 0.0 1.0 1.0 1 0 0 0.0 1.0 0
cell 12.420672128805688 35.479464862797386 0.0 1.0 1.0 1 0 0 0.0 1.0 0
cell 43.84112540562665 18.674538528945423 0.0 1.0 1.0 1 0 0 0.0 1.0 0
cell 47.942063447261965 55.58321383951005 0.0 1.0 1.0 1 0 0 0.0 1.0 0
cell 47.2573404348245 24.82703361832144 0.0 1.0 1.0 1 0 0 0.0 1.0 0
cell 5.232449770379107 1.7954654775540544 0.0 1.6431676725154984 0.6085806194501846 1 0 0 0.30145845507596125 -0.9534793127610135 5.670741509822211
cell 13.098994153354303 39.952001171271505 0.0 1.6431676725154984 0.6085806194501846 1 0 0 0.9856272088293127 0.1689349141395542 2.8020947506330085
cell 18.226575646309247 6.0819266554382425 0.0 1.6431676725154984 0.6085806194501846 1 0 0 0.7178661829987933 0.6961811138681823 1.6014648475432574
cell 57.86147390453812 27.946070335661627 0.0 1.6431676725154984 0.6085806194501846 1 0 0 0.4451485844102656 0.8954567202257944 0.9226803708363198
cell 42.693656289923524 57.134010734289404 0.0 1.0 1.0 1 0 0 0.0 1.0 0
cell 37.061126060282625 20.455589684491233 0.0 1.6431676725154984 0.6085806194501846 1 0 0 0.8063636357169954 0.5914200596811615 1.8759551097001912
cell 25.210317314737587 18.384521659634927 0.0 1.6431676725154984 0.6085806194501846 1 0 0 0.6650257393202823 -0.7468204376163737 4.828128741822316
cell 33.9891870210691 4.470909431997096 0.0 1.0 1.0 1 0 0 0.0 1.0 0
cell 50.24666193928132 21.003468842927482 0.0 1.6431676725154984 0.6085806194501846 1 0 0 0.7231350880352949 0.6907066269062331 1.6166611162332918
cell 22.588587876543308 50.6946444976066 0.0 1.6431676725154984 0.6085806194501846 1 0 0 0.8134119973422526 0.5816879941856178 1.899987940401234
cell 53.01261314832457 18.96489358647625 0.0 1.0 1.0 1 0 0 0.0 1.0 0
cell 3.619596540093933 55.50712901484586 0.0 1.6431676725154984 0.6085806194501846 1 0 0 0.7660583355294969 0.6427710529930364 1.745372478059142
cell 38.083947454220386 60.40531361488282 0.0 1.0 1.0 1 0 0 0.0 1.0 0
cell 3.087591641543096 30.251168535638534 0.0 1.0 1.0 1 0 0 0.0 1.0 0
cell 30.801518757079297 52.56244115242313 0.0 1.0 1.0 1 0 0 0.0 1.0 0
cell 50.19434479823597 14.684852323006742 0.0 1.0 1.0 1 0 0 0.0 1.0 0
cell 5.267901300668005 32.35331414458278 0.0 1.0 1.0 1 0 0 0.0 1.0 0
cell 24.92599991044666 25.02332822359404 0.0 1.6431676725154984 0.6085806194501846 1 0 0 0.9999580650795149 -0.009157951868870926 3.159908813357152
cell 9.624012435062692 27.576787322800982 0.0 1.0 1.0 1 0 0 0.0 1.0 0
cell 38.03171903066108 4.67121284190295 0.0 1.0 1.0 1 0 0 0.0 1.0 0
cell 23.937227573942003 23.793785865217927 0.0 1.6431676725154984 0.6085806194501846 1 0 0 0.999958447843487 -0.009116062003098587 3.159825030128211
cell 57.40640781778644 52.9328375740505 0.0 1.0 1.0 1 0 0 0.0 1.0 0
cell 35.625169349135774 31.768476664738664 0.0 1.0 1.0 1 0 0 0.0 1.0 0
cell 4.38214597957257 45.991581085288395 0.0 1.0 1.0 1 0 0 0.0 1.0 0
cell 21.354393608032115 36.56545907891288 0.0 1.6431676725154984 0.6085806194501846 1 0 0 0.3019558520119904 -0.9533219096589111 5.669698093405441
cell 19.68955904152695 34.056837969098574 0.0 1.0 1.0 1 0 0 0.0 1.0 0
cell 54.59880889409285 4.729258452548231 0.0 1.0 1.0 1 0 0 0.0 1.0 0
cell 15.367513906756283 12.715786162719398 0.0 1.0 1.0 1 0 0 0.0 1.0 0
cell 43.85831937150353 39.450406769385914 0.0 1.0 1.0 1 0 0 0.0 1.0 0
cell 6.95520545957614 51.74725140711176 0.0 1.6431676725154984 0.6085806194501846 1 0 0 0.7962547901995618 -0.6049614112356686 4.441027460984493
cell 12.917609816915096 28.234750753943143 0.0 1.0 1.0 1 0 0 0.0 1.0 0
cell 40.96491363444439 41.932377257271725 0.0 1.6431676725154984 0.6085806194501846 1 0 0 0.6902578424756116 0.7235634809060735 1.52369068614987
cell 11.58616919235335 59.02843209191892 0.0 1.6431676725154984 0.6085806194501846 1 0 0 -0.3148761967591613 -0.9491327518922135 0.6406524258996651
cell 39.76413011099195 36.04718223669102 0.0 1.6431676725154984 0.6085806194501846 1 0 0 0.7397568789808876 0.672874252740032 1.6654179387488648
cell 38.28476552071902 36.614046055241566 0.0 1.0 1.0 1 0 0 0.0 1.0 0
cell 38.06622930952449 52.12195122477449 0.0 1.0 1.0 1 0 0 0.0 1.0 0
cell 20.680551759027246 56.9882504014165 0.0 1.6431676725154984 0.6085806194501846 1 0 0 0.23874603458652155 0.971082041317422 0.4821486764970347
cell 55.606210241064794 53.79923068472996 0.0 1.0 1.0 1 0 0 0.0 1.0 0
cell 38.81221977623301 38.43663988580192 0.0 1.0 1.0 1 0 0 0.0 1.0 0
cell 21.769269909755014 42.72085621767799 0.0 1.6431676725154984 0.6085806194501846 1 0 0 0.6133732147055453 -0.7897932004529952 4.962536199459826
cell 38.0705149394533 29.532199338712516 0.0 1.6431676725154984 0.6085806194501846 1 0 0 0.6835147361319781 0.7299367133460491 1.5051339415547844
cell 2.936310523900303 11.92552858877914 0.0 1.0 1.0 1 0 0 0.0 1.0 0
cell 42.54517664518958 4.549339942075575 0.0 1.6431676725154984 0.6085806194501846 1 0 0 0.6558949546286452 -0.754852176583394 4.852450080792967
cell 42.01365263408883 2.3328441976948486 0.0 1.6431676725154984 0.6085806194501846 1 0 0 0.6534324994322195 -0.7569847876184583 4.858965209281443
cell 31.529822136368374 28.923129405842396 0.0 1.0 1.0 1 0 0 0.0 1.0 0
cell 47.1657747631866 40.859705208068576 0.0 1.0 1.0 1 0 0 0.0 1.0 0
cell 40.80904962154149 10.028944858019651 0.0 1.0 1.0 1 0 0 0.0 1.0 0
cell 12.029094912691288 23.05990956662208 0.0 1.0 1.0 1 0 0 0.0 1.0 0
cell 17.351834284620246 40.49516812786006 0.0 1.0 1.0 1 0 0 0.0 1.0 0
cell 23.76357136341259 11.92622484593324 0.0 1.6431676725154984 0.6085806194501846 1 0 0 -0.6518757955314701 0.7583257526948515 4.863074474839089
cell 49.6541273589367 56.463560714118024 0.0 1.0 1.0 1 0 0 0.0 1.0 0
cell 33.46445703121205 56.254073789659415 0.0 1.0 1.0 1 0 0 0.0 1.0 0
cell 9.390571603904844 37.786431429989605 0.0 1.0 1.0 1 0 0 0.0 1.0 0
cell 18.626546018963026 32.56367715158264 0.0 1.0 1.0 1 0 0 0.0 1.0 0
cell 10.574044733122005 1.2133501365541943 0.0 1.6431676725154984 0.6085806194501846 1 0 0 0.7231311585669536 0.6907107408384608 1.6166497381561573
cell 21.430938668734708 34.130997121888946 0.0 1.0 1.0 1 0 0 0.0 1.0 0
cell 35.60526398182432 11.685845919427743 0.0 1.0 1.0 1 0 0 0.0 1.0 0
cell 0.8167179100419908 37.854677405726875 0.0 1.0 1.0 1 0 0 0.0 1.0 0
cell 32.36571644120334 16.551423008823765 0.0 1.6431676725154984 0.6085806194501846 1 0 0 -0.19196379950696754 -0.9814020071707866 0.38632554155195287
cell 44.63658955082514 47.55942229623257 0.0 1.0 1.0 1 0 0 0.0 1.0 0
cell 18.169590906156618 13.052929098609882 0.0 1.6431676725154984 0.6085806194501846 1 0 0 0.9137773290844027 0.40621545127109 2.3049754987296245
cell 52.114871535475835 15.144872128934772 0.0 1.0 1.0 1 0 0 0.0 1.0 0
cell 57.665082390310914 30.91053200175464 0.0 1.0 1.0 1 0 0 0.0 1.0 0
cell 22.876120078428098 35.33712052133766 0.0 1.0 1.0 1 0 0 0.0 1.0 0
cell 14.684836992241982 58.237567473302896 0.0 1.6431676725154984 0.6085806194501846 1 0 0 0.7463951278315845 0.6655030526971853 1.685257469467247
cell 13.067606420198254 1.1621549503834367 0.0 1.6431676725154984 0.6085806194501846 1 0 0 0.672638811715397 0.7399709649534222 1.475538270717468
cell 15.100034873920398 4.960801684818373 0.0 1.6431676725154984 0.6085806194501846 1 0 0 0.8669790863715536 0.4983445231908806 2.0982161572490052
cell 45.08804594390487 29.173611824267162 0.0 1.0 1.0 1 0 0 0.0 1.0 0
cell 13.4486447503713 4.405948520596033 0.0 1.6431676725154984 0.6085806194501846 1 0 0 0.6226779971962506 0.782478186154519 1.3443210359735986
cell 48.75423533041834 39.602190381546336 0.0 1.0 1.0 1 0 0 0.0 1.0 0
cell 45.88708543804558 33.004708931109164 0.0 1.0 1.0 1 0 0 0.0 1.0 0
cell 22.67439288562291 53.046593883294065 0.0 1.6431676725154984 0.6085806194501846 1 0 0 0.8502763289338172 0.52633655055946 2.0330201513160846
cell 30.524946111326635 54.53746198670612 0.0 1.0 1.0 1 0 0 0.0 1.0 0
cell 4.1591443084704265 50.53301971648906 0.0 1.0 1.0 1 0 0 0.0 1.0 0
