1000
 Lattice="66.99245856906788 0.0 0.0 0.0 66.99245856906788 0.0 0.0 0.0 1.0"Properties=species:S:1:pos:R:3:aspherical_shape:R:3:orientation:R:4:Color:R:1
cell 39.3401086694591 58.81734038314474 0.0 1.0 1.0 1 0 0 0.0 1.0 0
cell 21.930523712466517 25.51450384240407 0.0 1.0 1.0 1 0 0 0.0 1.0 0
cell 3.315000454515247 38.948594596903234 0.0 1.0 1.0 1 0 0 0.0 1.0 0
cell 11.145694439721977 13.966134839974574 0.0 1.0 1.0 1 0 0 0.0 1.0 0
cell 6.7084697661936925 55.29306032403036 0.0 1.0 1.0 1 0 0 0.0 1.0 0
cell 40.00027635517882 0.5028199577350613 0.0 1.0 1.0 1 0 0 0.0 1.0 0
cell 62.87632912161799 62.74750929011333 0.0 1.0 1.0 1 0 0 0.0 1.0 0
cell 41.47408434911602 1.993204901202854 0.0 1.0 1.0 1 0 0 0.0 1.0 0
cell 42.5785402528333 50.78180443249017 0.0 1.0 1.0 1 0 0 0.0 1.0 0
cell 59.47076935258151 7.6532991696055905 0.0 1.0 1.0 1 0 0 0.0 1.0 0
cell 63.510126083900325 38.218811568869306 0.0 1.0 1.0 1 0 0 0.0 1.0 0
cell 13.61965035942702 65.09033706848894 0.0 1.0 1.0 1 0 0 0.0 1.0 0
cell 57.77040064741638 59.05022091964743 0.0 1.0 1.0 1 0 0 0.0 1.0 0
cell 64.52090250233498 62.1134495190952 0.0 1.0 1.0 1 0 0 0.0 1.0 0
cell 42.731506640514375 42.31975729905677 0.0 1.0 1.0 1 0 0 0.0 1.0 0
cell 17.68484957867663 20.7687195032236 0.0 1.0 1.0 1 0 0 0.0 1.0 0
cell 52.946751138497476 57.67757334401229 0.0 1.0 1.0 1 0 0 0.0 1.0 0
cell 24.21121478528331 6.760150285782688 0.0 1.0 1.0 1 0 0 0.0 1.0 0
cell 10.82286602705715 63.54161044430462 0.0 1.0 1.0 1 0 0 0.0 1.0 0
cell 37.10445656303002 28.033621576807555 0.0 1.0 1.0 1 0 0 0.0 1.0 0
cell 8.908194456063978 1.0784408403490309 0.0 1.0 1.0 1 0 0 0.0 1.0 0
cell 26.460948710451344 3.769092845209547 0.0 1.0 1.0 1 0 0 0.0 1.0 0
cell 42.05805989505999 52.16632265142836 0.0 1.0 1.0 1 0 0 0.0 1.0 0
cell 4.885375546246116 8.984207248376377 0.0 1.0 1.0 1 0 0 0.0 1.0 0
cell 9.425852595825688 58.48624126141341 0.0 1.0 1.0 1 0 0 0.0 1.0 0
cell 65.76645844844026 35.34611175219021 0.0 1.0 1.0 1 0 0 0.0 1.0 0
cell 20.79196347597897 5.481639912372974 0.0 1.0 1.0 1 0 0 0.0 1.0 0
cell 18.46888506036052 33.19565380977407 0.0 1.0 1.0 1 0 0 0.0 1.0 0
cell 36.440018734258054 29.3744935453425 0.0 1.0 1.0 1 0 0 0.0 1.0 0
cell 43.656718230820566 17.28892348119877 0.0 1.0 1.0 1 0 0 0.0 1.0 0
cell 12.05405739859332 58.84587581491393 0.0 1.0 1.0 1 0 0 0.0 1.0 0
cell 59.30894642539275 63.449413598355484 0.0 1.0 1.0 1 0 0 0.0 1.0 0
cell 4.75823878247178 66.53391887578636 0.0 1.0 1.0 1 0 0 0.0 1.0 0
cell 21.926573302583936 11.024890392943032 0.0 1.0 1.0 1 0 0 0.0 1.0 0
cell 44.21587527169167 18.985671854278507 0.0 1.0 1.0 1 0 0 0.0 1.0 0
cell 26.620105093047144 40.00746176722236 0.0 1.0 1.0 1 0 0 0.0 1.0 0
cell 17.262856571780897 44.84297641841429 0.0 1.0 1.0 1 0 0 0.0 1.0 0
cell 20.3087433187019 4.580407238299842 0.0 1.0 1.0 1 0 0 0.0 1.0 0
cell 13.70258873386903 36.81322192202893 0.0 1.0 1.0 1 0 0 0.0 1.0 0
cell 5.996925657123609 28.48413644465773 0.0 1.0 1.0 1 0 0 0.0 1.0 0
cell 38.86585462222874 29.269482892110187 0.0 1.0 1.0 1 0 0 0.0 1.0 0
cell 12.854491377870087 32.1685060137499 0.0 1.0 1.0 1 0 0 0.0 1.0 0
cell 36.2307261221787 1.1423350556117549 0.0 1.0 1.0 1 0 0 0.0 1.0 0
cell 63.997690471327594 19.984729783499855 0.0 1.0 1.0 1 0 0 0.0 1.0 0
cell 48.6779706540731 60.88870656134299 0.0 1.0 1.0 1 0 0 0.0 1.0 0
cell 17.978934399678963 19.519429476689528 0.0 1.0 1.0 1 0 0 0.0 1.0 0
cell 24.574027053980146 35.66314397125127 0.0 1.0 1.0 1 0 0 0.0 1.0 0
cell 1.7076533861618581 18.278157130114245 0.0 1.0 1.0 1 0 0 0.0 1.0 0
cell 34.33030122558676 31.326936637081598 0.0 1.0 1.0 1 0 0 0.0 1.0 0
cell 38.28123801389304 10.553555611386624 0.0 1.0 1.0 1 0 0 0.0 1.0 0
cell 58.899414695434274 25.770454746447534 0.0 1.0 1.0 1 0 0 0.0 1.0 0
cell 26.064290063668096 13.652880292458947 0.0 1.0 1.0 1 0 0 0.0 1.0 0
cell 63.827976428660726 33.32727179208676 0.0 1.0 1.0 1 0 0 0.0 1.0 0
cell 41.34516286388254 37.61577669262936 0.0 1.0 1.0 1 0 0 0.0 1.0 0
cell 58.896254124034044 38.422913394570536 0.0 1.0 1.0 1 0 0 0.0 1.0 0
cell 20.30174577237013 62.4233347209794 0.0 1.0 1.0 1 0 0 0.0 1.0 0
cell 5.027447086472432 21.180072669121472 0.0 1.0 1.0 1 0 0 0.0 1.0 0
cell 39.37064565105942 33.18168914888342 0.0 1.0 1.0 1 0 0 0.0 1.0 0
cell 18.46292620575428 38.89476464836278 0.0 1.0 1.0 1 0 0 0.0 1.0 0
cell 46.684493921999035 43.88386065655101 0.0 1.0 1.0 1 0 0 0.0 1.0 0
cell 21.093574596921368 16.081712908594756 0.0 1.0 1.0 1 0 0 0.0 1.0 0
cell 3.865284653354984 0.9409101396230916 0.0 1.0 1.0 1 0 0 0.0 1.0 0
cell 29.883340307924843 33.3954914890259 0.0 1.0 1.0 1 0 0 0.0 1.0 0
cell 26.207196432200117 54.31986483702261 0.0 1.0 1.0 1 0 0 0.0 1.0 0
cell 50.42920050320554 37.81167887806863 0.0 1.0 1.0 1 0 0 0.0 1.0 0
cell 10.33923321425296 45.58485957141296 0.0 1.0 1.0 1 0 0 0.0 1.0 0
cell 62.39692923497891 59.225454643499624 0.0 1.0 1.0 1 0 0 0.0 1.0 0
cell 22.887920515318882 55.2016206204867 0.0 1.0 1.0 1 0 0 0.0 1.0 0
cell 47.34529777955897 17.003812357304316 0.0 1.0 1.0 1 0 0 0.0 1.0 0
cell 50.91414266800539 55.40334874459628 0.0 1.0 1.0 1 0 0 0.0 1.0 0
cell 62.20569136192397 42.89727585898967 0.0 1.0 1.0 1 0 0 0.0 1.0 0
cell 42.66366237924834 12.880844792742872 0.0 1.0 1.0 1 0 0 0.0 1.0 0
cell 49.121086796196494 41.46064072489283 0.0 1.0 1.0 1 0 0 0.0 1.0 0
cell 61.65272882498232 50.51285816775557 0.0 1.0 1.0 1 0 0 0.0 1.0 0
cell 55.52023134102748 26.29419856201685 0.0 1.0 1.0 1 0 0 0.0 1.0 0
cell 41.704263808284345 29.728368553765584 0.0 1.0 1.0 1 0 0 0.0 1.0 0
cell 2.6485576219343407 1.5389513266233594 0.0 1.0 1.0 1 0 0 0.0 1.0 0
cell 28.602392383385542 23.55079288739974 0.0 1.0 1.0 1 0 0 0.0 1.0 0
cell 66.05825301526698 23.820586092083776 0.0 1.0 1.0 1 0 0 0.0 1.0 0
cell 51.50993277465834 20.645423734167736 0.0 1.0 1.0 1 0 0 0.0 1.0 0
cell 45.71043807977703 31.12808925022393 0.0 1.0 1.0 1 0 0 0.0 1.0 0
cell 16.881261643647775 50.266774468461136 0.0 1.0 1.0 1 0 0 0.0 1.0 0
cell 41.45607519985202 56.195734659454025 0.0 1.0 1.0 1 0 0 0.0 1.0 0
cell 10.541916510429942 21.18937280401665 0.0 1.0 1.0 1 0 0 0.0 1.0 0
cell 33.65524962883066 0.11096340915417681 0.0 1.0 1.0 1 0 0 0.0 1.0 0
cell 32.079371884613906 19.25515823513283 0.0 1.0 1.0 1 0 0 0.0 1.0 0
cell 52.73287734027506 30.978829795459347 0.0 1.0 1.0 1 0 0 0.0 1.0 0
cell 17.082639156804724 15.789733444013672 0.0 1.0 1.0 1 0 0 0.0 1.0 0
cell 24.979869578291662 36.11802105676263 0.0 1.0 1.0 1 0 0 0.0 1.0 0
cell 30.165767008920913 16.474337580247287 0.0 1.0 1.0 1 0 0 0.0 1.0 0
cell 52.282661098501286 32.13124869114969 0.0 1.0 1.0 1 0 0 0.0 1.0 0
cell 58.38952312873679 50.05840158814452 0.0 1.0 1.0 1 0 0 0.0 1.0 0
cell 16.33490013426264 26.46501568605443 0.0 1.0 1.0 1 0 0 0.0 1.0 0
cell 51.89624065001492 54.14594188187958 0.0 1.0 1.0 1 0 0 0.0 1.0 0
cell 25.692794289086386 42.199213808359794 0.0 1.0 1.0 1 0 0 0.0 1.0 0
cell 2.25230512864923 42.38937178815537 0.0 1.0 1.0 1 0 0 0.0 1.0 0
cell 27.89122517794106 46.0308756470633 0.0 1.0 1.0 1 0 0 0.0 1.0 0
cell 24.240616628709965 59.06270637767274 0.0 1.0 1.0 1 0 0 0.0 1.0 0
cell 8.95670230824764 46.22102071832025 0.0 1.0 1.0 1 0 0 0.0 1.0 0
cell 53.64439260826004 43.3198389417462 0.0 1.0 1.0 1 0 0 0.0 1.0 0
cell 27.96048292742975 44.67356415328198 0.0 1.0 1.0 1 0 0 0.0 1.0 0
cell 49.52193582467744 47.01719503598299 0.0 1.0 1.0 1 0 0 0.0 1.0 0
cell 22.610228269934613 47.35715994695432 0.0 1.0 1.0 1 0 0 0.0 1.0 0
cell 66.02006313350884 38.540370231941296 0.0 1.0 1.0 1 0 0 0.0 1.0 0
cell 24.814963962242697 29.72752515744969 0.0 1.0 1.0 1 0 0 0.0 1.0 0
cell 43.27150087600187 52.52252462069523 0.0 1.0 1.0 1 0 0 0.0 1.0 0
cell 65.41983457850753 56.09225604147197 0.0 1.0 1.0 1 0 0 0.0 1.0 0
cell 63.81172882799185 64.04888971028684 0.0 1.0 1.0 1 0 0 0.0 1.0 0
cell 49.08440105441425 18.842735657281963 0.0 1.0 1.0 1 0 0 0.0 1.0 0
cell 38.90993502991942 29.480336447863806 0.0 1.0 1.0 1 0 0 0.0 1.0 0
cell 37.77339902588574 49.50810763006377 0.0 1.0 1.0 1 0 0 0.0 1.0 0
cell 27.242592345643587 2.843259384017713 0.0 1.0 1.0 1 0 0 0.0 1.0 0
cell 53.48783246814153 26.981596864986766 0.0 1.0 1.0 1 0 0 0.0 1.0 0
cell 50.49796924846267 21.54054627422343 0.0 1.0 1.0 1 0 0 0.0 1.0 0
cell 43.563022935727936 0.40993097063870615 0.0 1.0 1.0 1 0 0 0.0 1.0 0
cell 0.5930704221613635 66.70117369834146 0.0 1.0 1.0 1 0 0 0.0 1.0 0
cell 24.638574400885837 55.698799056823454 0.0 1.0 1.0 1 0 0 0.0 1.0 0
cell 29.392228304237335 36.33331329724188 0.0 1.0 1.0 1 0 0 0.0 1.0 0
cell 42.308479426999575 33.32631647280738 0.0 1.0 1.0 1 0 0 0.0 1.0 0
cell 32.30374943345318 28.15361338599264 0.0 1.0 1.0 1 0 0 0.0 1.0 0
cell 55.62938077570696 20.27040348092693 0.0 1.0 1.0 1 0 0 0.0 1.0 0
cell 36.90693467716548 47.20357826094701 0.0 1.0 1.0 1 0 0 0.0 1.0 0
cell 25.875944027328252 52.65846847468344 0.0 1.0 1.0 1 0 0 0.0 1.0 0
cell 57.51211302189319 27.487116370927605 0.0 1.0 1.0 1 0 0 0.0 1.0 0
cell 36.424168492710685 12.543284313661774 0.0 1.0 1.0 1 0 0 0.0 1.0 0
cell 54.03647930882219 32.0769070127799 0.0 1.0 1.0 1 0 0 0.0 1.0 0
cell 66.36964142856074 14.8641254213922 0.0 1.0 1.0 1 0 0 0.0 1.0 0
cell 33.20611305663497 57.550698224246624 0.0 1.0 1.0 1 0 0 0.0 1.0 0
cell 51.747580220028986 59.47572079290364 0.0 1.0 1.0 1 0 0 0.0 1.0 0
cell 19.104158471690784 2.3418974412833564 0.0 1.0 1.0 1 0 0 0.0 1.0 0
cell 26.627350021361014 18.523685791613747 0.0 1.0 1.0 1 0 0 0.0 1.0 0
cell 45.3881115863293 32.66524019752978 0.0 1.0 1.0 1 0 0 0.0 1.0 0
cell 10.892226857526142 19.802403832794298 0.0 1.0 1.0 1 0 0 0.0 1.0 0
cell 56.65792348029312 54.7002175565854 0.0 1.0 1.0 1 0 0 0.0 1.0 0
cell 5.359253889167435 8.74328577009119 0.0 1.0 1.0 1 0 0 0.0 1.0 0
cell 36.8324459275265 6.9608994490208005 0.0 1.0 1.0 1 0 0 0.0 1.0 0
cell 0.13773628114248923 37.49468457324699 0.0 1.0 1.0 1 0 0 0.0 1.0 0
cell 11.101921338728943 57.017796727534446 0.0 1.0 1.0 1 0 0 0.0 1.0 0
cell 22.59916110831243 24.720668733995826 0.0 1.0 1.0 1 0 0 0.0 1.0 0
cell 45.6734206614994 52.99916585092473 0.0 1.0 1.0 1 0 0 0.0 1.0 0
cell 62.2484114372562 7.014391413446746 0.0 1.0 1.0 1 0 0 0.0 1.0 0
cell 26.852271744406643 41.63290005412346 0.0 1.0 1.0 1 0 0 0.0 1.0 0
cell 37.37600689251513 40.699590326695585 0.0 1.0 1.0 1 0 0 0.0 1.0 0
cell 6.067700963140859 9.005768281817149 0.0 1.0 1.0 1 0 0 0.0 1.0 0
cell 1.7849067358264294 52.2348495669027 0.0 1.0 1.0 1 0 0 0.0 1.0 0
cell 63.67442919571323 63.50343114746127 0.0 1.0 1.0 1 0 0 0.0 1.0 0
cell 32.912597925296964 38.01245573177499 0.0 1.0 1.0 1 0 0 0.0 1.0 0
cell 53.256031071743735 44.245349317554435 0.0 1.0 1.0 1 0 0 0.0 1.0 0
cell 16.66554473290751 11.150439694462356 0.0 1.0 1.0 1 0 0 0.0 1.0 0
cell 31.784807328033434 8.301696504406854 0.0 1.0 1.0 1 0 0 0.0 1.0 0
cell 62.363005936112714 54.17262091329766 0.0 1.0 1.0 1 0 0 0.0 1.0 0
cell 18.370889571976317 1.099397571947835 0.0 1.0 1.0 1 0 0 0.0 1.0 0
cell 58.519079665531706 18.80684195762244 0.0 1.0 1.0 1 0 0 0.0 1.0 0
cell 17.79004356721497 34.74482936736903 0.0 1.0 1.0 1 0 0 0.0 1.0 0
cell 39.745171366886616 0.03409390188000537 0.0 1.0 1.0 1 0 0 0.0 1.0 0
cell 52.53348184635089 50.98508245808516 0.0 1.0 1.0 1 0 0 0.0 1.0 0
cell 42.577361088352106 42.212158757130354 0.0 1.0 1.0 1 0 0 0.0 1.0 0
cell 15.293767342151696 27.535165241393564 0.0 1.0 1.0 1 0 0 0.0 1.0 0
cell 2.600180634557522 43.06027673942595 0.0 1.0 1.0 1 0 0 0.0 1.0 0
cell 32.694383503892496 5.321703562915604 0.0 1.0 1.0 1 0 0 0.0 1.0 0
cell 31.36960144362648 31.919646306432988 0.0 1.0 1.0 1 0 0 0.0 1.0 0
cell 61.81434513011098 51.331264188106914 0.0 1.0 1.0 1 0 0 0.0 1.0 0
cell 46.517245788402995 48.16353467511174 0.0 1.0 1.0 1 0 0 0.0 1.0 0
cell 55.65134146030199 27.72898350204781 0.0 1.0 1.0 1 0 0 0.0 1.0 0
cell 47.490669224807625 34.02302712766665 0.0 1.0 1.0 1 0 0 0.0 1.0 0
cell 22.445764091161294 4.424555163872333 0.0 1.0 1.0 1 0 0 0.0 1.0 0
cell 33.58158064829161 35.39123597299741 0.0 1.0 1.0 1 0 0 0.0 1.0 0
cell 52.34035379549952 43.45291757834485 0.0 1.0 1.0 1 0 0 0.0 1.0 0
cell 13.023999759786088 63.12645787446387 0.0 1.0 1.0 1 0 0 0.0 1.0 0
cell 50.89289773594763 23.28659476891277 0.0 1.0 1.0 1 0 0 0.0 1.0 0
cell 21.666728616338485 16.0417126802208 0.0 1.0 1.0 1 0 0 0.0 1.0 0
cell 9.624713988483684 57.65709975886897 0.0 1.0 1.0 1 0 0 0.0 1.0 0
cell 45.91237791891581 44.47853359382595 0.0 1.0 1.0 1 0 0 0.0 1.0 0
cell 5.861713945943259 60.38335494611514 0.0 1.0 1.0 1 0 0 0.0 1.0 0
cell 50.36284417735213 0.365502063911857 0.0 1.0 1.0 1 0 0 0.0 1.0 0
cell 31.40772119373336 32.24292668672799 0.0 1.0 1.0 1 0 0 0.0 1.0 0
cell 54.12665065684659 52.911568495810904 0.0 1.0 1.0 1 0 0 0.0 1.0 0
cell 60.86639006804761 19.760467635021737 0.0 1.0 1.0 1 0 0 0.0 1.0 0
cell 58.32201706120676 16.688445756708383 0.0 1.0 1.0 1 0 0 0.0 1.0 0
cell 24.172482152967913 42.29285939969707 0.0 1.0 1.0 1 0 0 0.0 1.0 0
cell 60.7832797565845 55.16725726263779 0.0 1.0 1.0 1 0 0 0.0 1.0 0
cell 49.546392711876614 59.231997313667264 0.0 1.0 1.0 1 0 0 0.0 1.0 0
cell 40.19731913117319 47.38308858211297 0.0 1.0 1.0 1 0 0 0.0 1.0 0
cell 3.634569397647076 53.51812186210754 0.0 1.0 1.0 1 0 0 0.0 1.0 0
cell 66.14176293520235 0.9359200773797248 0.0 1.0 1.0 1 0 0 0.0 1.0 0
cell 55.69743384038886 39.67280212097313 0.0 1.0 1.0 1 0 0 0.0 1.0 0
cell 13.908792014866798 21.17162127370996 0.0 1.0 1.0 1 0 0 0.0 1.0 0
cell 16.803857807704098 28.201546185006745 0.0 1.0 1.0 1 0 0 0.0 1.0 0
cell 30.951709897533284 49.82951636605067 0.0 1.0 1.0 1 0 0 0.0 1.0 0
cell 13.161218759004832 34.253510448478394 0.0 1.0 1.0 1 0 0 0.0 1.0 0
cell 20.851299330148933 18.09075296337675 0.0 1.0 1.0 1 0 0 0.0 1.0 0
cell 19.124909643570753 3.8312171820337038 0.0 1.0 1.0 1 0 0 0.0 1.0 0
cell 50.123582759515244 14.847411878057295 0.0 1.0 1.0 1 0 0 0.0 1.0 0
cell 53.02826008364256 8.422374067628205 0.0 1.0 1.0 1 0 0 0.0 1.0 0
cell 54.95628686925929 5.499388597863292 0.0 1.0 1.0 1 0 0 0.0 1.0 0
cell 52.522387268616924 58.627793324119914 0.0 1.0 1.0 1 0 0 0.0 1.0 0
cell 60.94967729998552 39.81527081276099 0.0 1.0 1.0 1 0 0 0.0 1.0 0
cell 34.584720161191925 11.275434015375708 0.0 1.0 1.0 1 0 0 0.0 1.0 0
cell 22.52128505045354 27.74459318389982 0.0 1.0 1.0 1 0 0 0.0 1.0 0
cell 58.20445755622666 50.753316613550744 0.0 1.0 1.0 1 0 0 0.0 1.0 0
cell 9.963391946357373 26.415892458532408 0.0 1.0 1.0 1 0 0 0.0 1.0 0
cell 9.07098748376016 1.0276454234707566 0.0 1.0 1.0 1 0 0 0.0 1.0 0
cell 10.48527829130964 27.953616751269458 0.0 1.0 1.0 1 0 0 0.0 1.0 0
cell 13.222556482793259 47.92923775876975 0.0 1.0 1.0 1 0 0 0.0 1.0 0
cell 35.87383038895452 40.80883188461242 0.0 1.0 1.0 1 0 0 0.0 1.0 0
cell 0.7668335361218425 17.602832208313096 0.0 1.0 1.0 1 0 0 0.0 1.0 0
cell 20.89207852955637 17.4925990694876 0.0 1.0 1.0 1 0 0 0.0 1.0 0
cell 13.393443935137594 27.397782387855614 0.0 1.0 1.0 1 0 0 0.0 1.0 0
cell 44.8149993032216 26.630429990566196 0.0 1.0 1.0 1 0 0 0.0 1.0 0
cell 64.09253365829896 34.42379403808675 0.0 1.0 1.0 1 0 0 0.0 1.0 0
cell 28.921856389500743 60.18416893306898 0.0 1.0 1.0 1 0 0 0.0 1.0 0
cell 44.25994120398733 59.63616852819246 0.0 1.0 1.0 1 0 0 0.0 1.0 0
cell 49.78497923730199 50.546927297292136 0.0 1.0 1.0 1 0 0 0.0 1.0 0
cell 4.749912285056991 13.370851082601362 0.0 1.0 1.0 1 0 0 0.0 1.0 0
cell 48.894353417561334 35.58418486440531 0.0 1.0 1.0 1 0 0 0.0 1.0 0
cell 25.52357293281043 50.3516600422063 0.0 1.0 1.0 1 0 0 0.0 1.0 0
cell 20.744475317783817 10.155618441611152 0.0 1.0 1.0 1 0 0 0.0 1.0 0
cell 36.87475849787631 25.23104686877984 0.0 1.0 1.0 1 0 0 0.0 1.0 0
cell 38.9558568563454 12.163744026845789 0.0 1.0 1.0 1 0 0 0.0 1.0 0
cell 42.631248295924365 51.67526309992197 0.0 1.0 1.0 1 0 0 0.0 1.0 0
cell 15.762363358093449 7.011391812969366 0.0 1.0 1.0 1 0 0 0.0 1.0 0
cell 11.791429792495034 31.17718454592245 0.0 1.0 1.0 1 0 0 0.0 1.0 0
cell 17.351453614848086 36.27136966460709 0.0 1.0 1.0 1 0 0 0.0 1.0 0
cell 27.30503990709122 60.3921702813983 0.0 1.0 1.0 1 0 0 0.0 1.0 0
cell 18.93147972827728 19.957469699772044 0.0 1.0 1.0 1 0 0 0.0 1.0 0
cell 48.03063641899003 19.46172550140083 0.0 1.0 1.0 1 0 0 0.0 1.0 0
cell 47.7165866267397 39.11496288012001 0.0 1.0 1.0 1 0 0 0.0 1.0 0
cell 59.929818657168795 26.976663921717797 0.0 1.0 1.0 1 0 0 0.0 1.0 0
cell 21.330654984058338 50.01224386850306 0.0 1.0 1.0 1 0 0 0.0 1.0 0
cell 21.12098864539148 39.55091245749258 0.0 1.0 1.0 1 0 0 0.0 1.0 0
cell 25.920602927393077 5.999424189245911 0.0 1.0 1.0 1 0 0 0.0 1.0 0
cell 57.21216972190034 10.250366726712963 0.0 1.0 1.0 1 0 0 0.0 1.0 0
cell 19.881437790567883 7.468360672991704 0.0 1.0 1.0 1 0 0 0.0 1.0 0
cell 55.43497612285166 51.970397669278164 0.0 1.0 1.0 1 0 0 0.0 1.0 0
cell 29.595076765386647 16.934517561683414 0.0 1.0 1.0 1 0 0 0.0 1.0 0
cell 56.42806602946395 32.3734989021892 0.0 1.0 1.0 1 0 0 0.0 1.0 0
cell 40.97006386616656 39.862565772592475 0.0 1.0 1.0 1 0 0 0.0 1.0 0
cell 45.97547432206087 26.828528244796004 0.0 1.0 1.0 1 0 0 0.0 1.0 0
cell 44.35988419766878 57.92395261182818 0.0 1.0 1.0 1 0 0 0.0 1.0 0
cell 35.10164627486853 41.1633943460644 0.0 1.0 1.0 1 0 0 0.0 1.0 0
cell 46.48266377661617 1.5377579324105755 0.0 1.0 1.0 1 0 0 0.0 1.0 0
cell 39.106009598239574 31.12723457904927 0.0 1.0 1.0 1 0 0 0.0 1.0 0
cell 3.662711386610594 50.057929987364616 0.0 1.0 1.0 1 0 0 0.0 1.0 0
cell 19.855115627213205 30.44555513384895 0.0 1.0 1.0 1 0 0 0.0 1.0 0
cell 12.85908340710716 64.48614263876019 0.0 1.0 1.0 1 0 0 0.0 1.0 0
cell 14.147094886034449 60.7220444328273 0.0 1.0 1.0 1 0 0 0.0 1.0 0
cell 15.777076168288353 41.747015687975455 0.0 1.0 1.0 1 0 0 0.0 1.0 0
cell 59.830729910663344 20.854491880632505 0.0 1.0 1.0 1 0 0 0.0 1.0 0
cell 55.984731176864834 37.463900852623304 0.0 1.0 1.0 1 0 0 0.0 1.0 0
cell 15.480976659868722 66.40900064440453 0.0 1.0 1.0 1 0 0 0.0 1.0 0
cell 58.60469877393645 34.18193668148867 0.0 1.0 1.0 1 0 0 0.0 1.0 0
cell 49.73359089492808 58.55416381332712 0.0 1.0 1.0 1 0 0 0.0 1.0 0
cell 65.96355854451772 11.232156710204581 0.0 1.0 1.0 1 0 0 0.0 1.0 0
cell 62.6647236175236 46.00448940692828 0.0 1.0 1.0 1 0 0 0.0 1.0 0
cell 59.71429842627889 0.5392823667896816 0.0 1.0 1.0 1 0 0 0.0 1.0 0
cell 8.958355969015958 11.227797264892997 0.0 1.0 1.0 1 0 0 0.0 1.0 0
cell 13.934299209016642 38.191833465254106 0.0 1.0 1.0 1 0 0 0.0 1.0 0
cell 9.98188448955953 33.72855946505425 0.0 1.0 1.0 1 0 0 0.0 1.0 0
cell 10.71259540579128 28.02662070015732 0.0 1.0 1.0 1 0 0 0.0 1.0 0
cell 4.96303645257673 33.48488385882495 0.0 1.0 1.0 1 0 0 0.0 1.0 0
cell 2.1714848896618086 3.5140604128523107 0.0 1.0 1.0 1 0 0 0.0 1.0 0
cell 24.109956263830817 6.718607340145107 0.0 1.0 1.0 1 0 0 0.0 1.0 0
cell 45.48040954946559 43.547329855373754 0.0 1.0 1.0 1 0 0 0.0 1.0 0
cell 31.33027770105136 36.75905232832632 0.0 1.0 1.0 1 0 0 0.0 1.0 0
cell 9.025348877991028 3.6723584789781585 0.0 1.0 1.0 1 0 0 0.0 1.0 0
cell 3.0838238203971318 62.037650480316344 0.0 1.0 1.0 1 0 0 0.0 1.0 0
cell 9.297259315292 58.13801217783978 0.0 1.0 1.0 1 0 0 0.0 1.0 0
cell 26.675965628514568 24.302730196001676 0.0 1.0 1.0 1 0 0 0.0 1.0 0
cell 8.369214543534655 1.35444680204119 0.0 1.0 1.0 1 0 0 0.0 1.0 0
cell 63.42210620602753 17.39509911872505 0.0 1.0 1.0 1 0 0 0.0 1.0 0
cell 2.5855065141491136 25.957630419415253 0.0 1.0 1.0 1 0 0 0.0 1.0 0
cell 20.80611666066068 1.41352461672916 0.0 1.0 1.0 1 0 0 0.0 1.0 0
cell 15.574570125006158 13.990182373652187 0.0 1.0 1.0 1 0 0 0.0 1.0 0
cell 45.76716867959477 23.032758195860172 0.0 1.0 1.0 1 0 0 0.0 1.0 0
cell 60.915343573980856 47.382013479105986 0.0 1.0 1.0 1 0 0 0.0 1.0 0
cell 66.55007762574326 22.97600520525538 0.0 1.0 1.0 1 0 0 0.0 1.0 0
cell 31.52391889310517 22.576268269557417 0.0 1.0 1.0 1 0 0 0.0 1.0 0
cell 37.362086072626084 58.0043010447644 0.0 1.0 1.0 1 0 0 0.0 1.0 0
cell 64.96392885661236 26.67895422346421 0.0 1.0 1.0 1 0 0 0.0 1.0 0
cell 29.320742842499644 60.373724702682566 0.0 1.0 1.0 1 0 0 0.0 1.0 0
cell 13.160073520906156 35.81257711351246 0.0 1.0 1.0 1 0 0 0.0 1.0 0
cell 6.180708549799594 57.30588881922522 0.0 1.0 1.0 1 0 0 0.0 1.0 0
cell 1.893747937809038 61.11769025364465 0.0 1.0 1.0 1 0 0 0.0 1.0 0
cell 59.371834700399475 50.827721394787275 0.0 1.0 1.0 1 0 0 0.0 1.0 0
cell 54.63338755261348 45.51887193650861 0.0 1.0 1.0 1 0 0 0.0 1.0 0
cell 63.14278962536202 5.005409509844451 0.0 1.0 1.0 1 0 0 0.0 1.0 0
cell 42.311877712516306 63.30534243650671 0.0 1.0 1.0 1 0 0 0.0 1.0 0
cell 16.58361397715448 11.787875467488494 0.0 1.0 1.0 1 0 0 0.0 1.0 0
cell 38.292715429943186 14.342166430860916 0.0 1.0 1.0 1 0 0 0.0 1.0 0
cell 16.94913440598572 12.199946699637033 0.0 1.0 1.0 1 0 0 0.0 1.0 0
cell 32.63367934857127 48.3271152183554 0.0 1.0 1.0 1 0 0 0.0 1.0 0
cell 33.53352021907685 60.97260329566328 0.0 1.0 1.0 1 0 0 0.0 1.0 0
cell 63.50611320983505 64.2227596096801 0.0 1.0 1.0 1 0 0 0.0 1.0 0
cell 63.487169932875894 34.787235039903265 0.0 1.0 1.0 1 0 0 0.0 1.0 0
cell 21.09065232701315 64.91841319772978 0.0 1.0 1.0 1 0 0 0.0 1.0 0
cell 45.8466057064166 53.8490503517363 0.0 1.0 1.0 1 0 0 0.0 1.0 0
cell 51.764976287969226 38.40867891721139 0.0 1.0 1.0 1 0 0 0.0 1.0 0
cell 48.657290660122555 24.262892064404873 0.0 1.0 1.0 1 0 0 0.0 1.0 0
cell 58.08087366621054 9.648067518494114 0.0 1.0 1.0 1 0 0 0.0 1.0 0
cell 62.705152144384776 29.823546460489297 0.0 1.0 1.0 1 0 0 0.0 1.0 0
cell 34.039657975233716 25.129687103706782 0.0 1.0 1.0 1 0 0 0.0 1.0 0
cell 31.495531381393537 42.9441666676658 0.0 1.0 1.0 1 0 0 0.0 1.0 0
cell 11.832395364324281 32.72497628910551 0.0 1.0 1.0 1 0 0 0.0 1.0 0
cell 24.241898049008512 44.35701093751914 0.0 1.0 1.0 1 0 0 0.0 1.0 0
cell 20.038339183078836 54.938741777252375 0.0 1.0 1.0 1 0 0 0.0 1.0 0
cell 48.09209651239508 2.774810302168789 0.0 1.0 1.0 1 0 0 0.0 1.0 0
cell 22.729562464376926 29.050054047602806 0.0 1.0 1.0 1 0 0 0.0 1.0 0
cell 61.281718840310525 61.30897897519213 0.0 1.0 1.0 1 0 0 0.0 1.0 0
cell 44.1627390491634 14.109682629673529 0.0 1.0 1.0 1 0 0 0.0 1.0 0
cell 4.448394620950637 6.655155214944413 0.0 1.0 1.0 1 0 0 0.0 1.0 0
cell 8.710962637135575 34.4257645211913 0.0 1.0 1.0 1 0 0 0.0 1.0 0
cell 2.8946527053625837 47.19090752973163 0.0 1.0 1.0 1 0 0 0.0 1.0 0
cell 66.20235528312038 40.626312731335375 0.0 1.0 1.0 1 0 0 0.0 1.0 0
cell 4.359615240816215 53.82923347385401 0.0 1.0 1.0 1 0 0 0.0 1.0 0
cell 28.044240415003323 14.07052179877388 0.0 1.0 1.0 1 0 0 0.0 1.0 0
cell 9.753874702502172 2.4587034263739582 0.0 1.0 1.0 1 0 0 0.0 1.0 0
cell 61.65409338049978 48.70146449160436 0.0 1.0 1.0 1 0 0 0.0 1.0 0
cell 6.231899917243957 21.55412397942627 0.0 1.0 1.0 1 0 0 0.0 1.0 0
cell 51.49152121817986 0.5914555605433275 0.0 1.0 1.0 1 0 0 0.0 1.0 0
cell 57.831196638172514 56.74654950430186 0.0 1.0 1.0 1 0 0 0.0 1.0 0
cell 54.07102982012806 61.19507383269477 0.0 1.0 1.0 1 0 0 0.0 1.0 0
cell 49.6419783593776 15.612582911725863 0.0 1.0 1.0 1 0 0 0.0 1.0 0
cell 3.821440071757443 21.93719116001119 0.0 1.0 1.0 1 0 0 0.0 1.0 0
cell 16.05501766987358 32.90498774236929 0.0 1.0 1.0 1 0 0 0.0 1.0 0
cell 35.71917978332428 63.56543998074076 0.0 1.0 1.0 1 0 0 0.0 1.0 0
cell 60.829540702466176 17.129823889154885 0.0 1.0 1.0 1 0 0 0.0 1.0 0
cell 31.625613465223104 51.29874230700935 0.0 1.0 1.0 1 0 0 0.0 1.0 0
cell 17.836528436365565 25.349284583434898 0.0 1.0 1.0 1 0 0 0.0 1.0 0
cell 64.94706839351822 15.611917284897403 0.0 1.0 1.0 1 0 0 0.0 1.0 0
cell 28.980325661748886 41.02271849384516 0.0 1.0 1.0 1 0 0 0.0 1.0 0
cell 33.78558696956126 58.0167696873959 0.0 1.0 1.0 1 0 0 0.0 1.0 0
cell 64.5285337054289 59.74755064184279 0.0 1.0 1.0 1 0 0 0.0 1.0 0
cell 30.19843917371517 12.289834018141088 0.0 1.0 1.0 1 0 0 0.0 1.0 0
cell 26.502523383167247 62.34772889460213 0.0 1.0 1.0 1 0 0 0.0 1.0 0
cell 5.5904712987206695 46.03644616822703 0.0 1.0 1.0 1 0 0 0.0 1.0 0
cell 26.55367364474183 22.043398075101113 0.0 1.0 1.0 1 0 0 0.0 1.0 0
cell 57.36332292564914 40.51262275558529 0.0 1.0 1.0 1 0 0 0.0 1.0 0
cell 16.8042736929199 9.629583444859543 0.0 1.0 1.0 1 0 0 0.0 1.0 0
cell 13.490937830538266 22.69219705872875 0.0 1.0 1.0 1 0 0 0.0 1.0 0
cell 22.40704601689626 0.4716840017635747 0.0 1.0 1.0 1 0 0 0.0 1.0 0
cell 38.124488845341055 3.0653859406506374 0.0 1.0 1.0 1 0 0 0.0 1.0 0
cell 5.093916071937537 41.46046534915396 0.0 1.0 1.0 1 0 0 0.0 1.0 0
cell 10.838620308110805 56.0543398459113 0.0 1.0 1.0 1 0 0 0.0 1.0 0
cell 4.837924326184929 11.478626486119252 0.0 1.0 1.0 1 0 0 0.0 1.0 0
cell 40.1642658342205 63.10399531488888 0.0 1.0 1.0 1 0 0 0.0 1.0 0
cell 49.53868177264127 36.317989120839016 0.0 1.0 1.0 1 0 0 0.0 1.0 0
cell 36.201160990761394 65.95162001863041 0.0 1.0 1.0 1 0 0 0.0 1.0 0
cell 37.8878313825886 10.494998753355171 0.0 1.0 1.0 1 0 0 0.0 1.0 0
cell 44.25660460305274 2.5668199124623086 0.0 1.0 1.0 1 0 0 0.0 1.0 0
cell 43.49734471925988 24.06172660393022 0.0 1.0 1.0 1 0 0 0.0 1.0 0
cell 45.39178988192208 66.77308840900545 0.0 1.0 1.0 1 0 0 0.0 1.0 0
cell 44.025721183884485 15.220282046705822 0.0 1.0 1.0 1 0 0 0.0 1.0 0
cell 45.89288990137248 66.91383673043683 0.0 1.0 1.0 1 0 0 0.0 1.0 0
cell 42.68544485831525 43.48943333439091 0.0 1.0 1.0 1 0 0 0.0 1.0 0
cell 39.519698002654344 49.00224389671601 0.0 1.0 1.0 1 0 0 0.0 1.0 0
cell 8.215299796941226 29.978727820229558 0.0 1.0 1.0 1 0 0 0.0 1.0 0
cell 65.93326121991751 11.292267948404278 0.0 1.0 1.0 1 0 0 0.0 1.0 0
cell 65.73897912698045 33.238939707451806 0.0 1.0 1.0 1 0 0 0.0 1.0 0
cell 66.5913089806712 30.639838332154284 0.0 1.0 1.0 1 0 0 0.0 1.0 0
cell 26.832227047244167 64.30105114578619 0.0 1.0 1.0 1 0 0 0.0 1.0 0
cell 27.018983989413222 26.01302314471703 0.0 1.0 1.0 1 0 0 0.0 1.0 0
cell 10.554777143330929 42.63805585622372 0.0 1.0 1.0 1 0 0 0.0 1.0 0
cell 2.983394716802721 45.69374593901422 0.0 1.0 1.0 1 0 0 0.0 1.0 0
cell 25.466760061430154 50.79612332118641 0.0 1.0 1.0 1 0 0 0.0 1.0 0
cell 61.02883575029836 49.6998380980532 0.0 1.0 1.0 1 0 0 0.0 1.0 0
cell 24.90785685201675 20.709814894070245 0.0 1.0 1.0 1 0 0 0.0 1.0 0
cell 48.565832969782825 13.990050340952644 0.0 1.0 1.0 1 0 0 0.0 1.0 0
cell 22.003372040310495 54.43252277499132 0.0 1.0 1.0 1 0 0 0.0 1.0 0
cell 38.83067566878855 44.951134278228714 0.0 1.0 1.0 1 0 0 0.0 1.0 0
cell 29.970693878968174 60.80517977718389 0.0 1.0 1.0 1 0 0 0.0 1.0 0
cell 30.363212669810128 21.51890854164548 0.0 1.0 1.0 1 0 0 0.0 1.0 0
cell 10.928187114445203 12.66154054954245 0.0 1.0 1.0 1 0 0 0.0 1.0 0
cell 8.610704267558129 0.9556889685952993 0.0 1.0 1.0 1 0 0 0.0 1.0 0
cell 63.84976235940408 56.71483287407745 0.0 1.0 1.0 1 0 0 0.0 1.0 0
cell 1.7616049227828756 7.317958672577407 0.0 1.0 1.0 1 0 0 0.0 1.0 0
cell 5.911247222252771 49.502337727900205 0.0 1.0 1.0 1 0 0 0.0 1.0 0
cell 23.065244053388 50.14202908335316 0.0 1.0 1.0 1 0 0 0.0 1.0 0
cell 55.46144646401918 18.3790418226113 0.0 1.0 1.0 1 0 0 0.0 1.0 0
cell 61.38196748419556 39.78940912446348 0.0 1.0 1.0 1 0 0 0.0 1.0 0
cell 42.09022831832253 47.43029068659874 0.0 1.0 1.0 1 0 0 0.0 1.0 0
cell 55.412058562363875 12.638003631980165 0.0 1.0 1.0 1 0 0 0.0 1.0 0
cell 33.08705644896414 51.394759157228556 0.0 1.0 1.0 1 0 0 0.0 1.0 0
cell 8.048269390962703 53.39950175058544 0.0 1.0 1.0 1 0 0 0.0 1.0 0
cell 23.786988926124533 63.294421553665885 0.0 1.0 1.0 1 0 0 0.0 1.0 0
cell 49.67645611979147 23.803340962364082 0.0 1.0 1.0 1 0 0 0.0 1.0 0
cell 4.977164446807272 12.856672144013674 0.0 1.0 1.0 1 0 0 0.0 1.0 0
cell 38.17351319200664 39.18761227048265 0.0 1.0 1.0 1 0 0 0.0 1.0 0
cell 57.35931301868411 31.626562542755362 0.0 1.0 1.0 1 0 0 0.0 1.0 0
cell 50.506257517523125 9.108736804593994 0.0 1.0 1.0 1 0 0 0.0 1.0 0
cell 35.653427932491674 6.365745747374198 0.0 1.0 1.0 1 0 0 0.0 1.0 0
cell 3.65652260311052 29.698457640507076 0.0 1.0 1.0 1 0 0 0.0 1.0 0
cell 14.14520206261018 16.83089195453768 0.0 1.0 1.0 1 0 0 0.0 1.0 0
cell 56.52559603352632 41.60195895003648 0.0 1.0 1.0 1 0 0 0.0 1.0 0
cell 8.070107130182219 24.301001791064294 0.0 1.0 1.0 1 0 0 0.0 1.0 0
cell 22.648541396928422 40.29285301360681 0.0 1.0 1.0 1 0 0 0.0 1.0 0
cell 52.846550441187006 51.34592994597651 0.0 1.0 1.0 1 0 0 0.0 1.0 0
cell 1.7075228594664755 32.606124157093234 0.0 1.0 1.0 1 0 0 0.0 1.0 0
cell 38.461123410638045 56.22604534026666 0.0 1.0 1.0 1 0 0 0.0 1.0 0
cell 8.974065184854604 1.6689262252312405 0.0 1.0 1.0 1 0 0 0.0 1.0 0
cell 56.232591140592056 20.965981686838756 0.0 1.0 1.0 1 0 0 0.0 1.0 0
cell 54.111743348145936 16.864799457368935 0.0 1.0 1.0 1 0 0 0.0 1.0 0
cell 1.598047640062891 36.261616776977895 0.0 1.0 1.0 1 0 0 0.0 1.0 0
cell 39.57978140345904 49.89001477351758 0.0 1.0 1.0 1 0 0 0.0 1.0 0
cell 61.39709010156387 14.341503371134014 0.0 1.0 1.0 1 0 0 0.0 1.0 0
cell 39.64239332889007 31.294743934788865 0.0 1.0 1.0 1 0 0 0.0 1.0 0
cell 46.546032053890805 54.556372193800954 0.0 1.0 1.0 1 0 0 0.0 1.0 0
cell 44.02993498898434 28.603935055710544 0.0 1.0 1.0 1 0 0 0.0 1.0 0
cell 63.54402505218866 50.484242828948176 0.0 1.0 1.0 1 0 0 0.0 1.0 0
cell 35.054571980610135 55.53421392791852 0.0 1.0 1.0 1 0 0 0.0 1.0 0
cell 15.413950578956836 21.466083851317904 0.0 1.0 1.0 1 0 0 0.0 1.0 0
cell 35.132304888081215 64.82513318388224 0.0 1.0 1.0 1 0 0 0.0 1.0 0
cell 20.710367683141698 55.88134339117438 0.0 1.0 1.0 1 0 0 0.0 1.0 0
cell 0.15255858535707556 3.005658569679149 0.0 1.0 1.0 1 0 0 0.0 1.0 0
cell 35.149923119401265 3.5234773857376798 0.0 1.0 1.0 1 0 0 0.0 1.0 0
cell 61.94244154163333 55.786004259638126 0.0 1.0 1.0 1 0 0 0.0 1.0 0
cell 31.318414922483747 64.20537973714585 0.0 1.0 1.0 1 0 0 0.0 1.0 0
cell 58.102460149376654 41.49720845642197 0.0 1.0 1.0 1 0 0 0.0 1.0 0
cell 64.09475249711583 33.21388508286191 0.0 1.0 1.0 1 0 0 0.0 1.0 0
cell 66.48395347664648 4.075616083397299 0.0 1.0 1.0 1 0 0 0.0 1.0 0
cell 8.723468331597253 42.70894262641012 0.0 1.0 1.0 1 0 0 0.0 1.0 0
cell 7.336993685699427 58.14994170997297 0.0 1.0 1.0 1 0 0 0.0 1.0 0
cell 23.316941801886173 62.272774856921025 0.0 1.0 1.0 1 0 0 0.0 1.0 0
cell 66.08818032570751 58.692948539932985 0.0 1.0 1.0 1 0 0 0.0 1.0 0
cell 21.424047367796984 2.3340516616458142 0.0 1.0 1.0 1 0 0 0.0 1.0 0
cell 55.81974053278522 12.217070916938933 0.0 1.0 1.0 1 0 0 0.0 1.0 0
cell 43.64452786360011 54.78561476734171 0.0 1.0 1.0 1 0 0 0.0 1.0 0
cell 58.788484607834526 24.607703698556993 0.0 1.0 1.0 1 0 0 0.0 1.0 0
cell 31.786479577307222 49.67892603683251 0.0 1.0 1.0 1 0 0 0.0 1.0 0
cell 9.97740971628815 18.258719911548837 0.0 1.0 1.0 1 0 0 0.0 1.0 0
cell 59.60976933034104 23.950824615748726 0.0 1.0 1.0 1 0 0 0.0 1.0 0
cell 11.002817192952573 66.70327294022985 0.0 1.0 1.0 1 0 0 0.0 1.0 0
cell 23.38145339795896 26.877168702959896 0.0 1.0 1.0 1 0 0 0.0 1.0 0
cell 9.195044239065536 34.80801216758051 0.0 1.0 1.0 1 0 0 0.0 1.0 0
cell 30.154620542256698 28.242507373727744 0.0 1.0 1.0 1 0 0 0.0 1.0 0
cell 20.524702128756708 11.87529438500042 0.0 1.0 1.0 1 0 0 0.0 1.0 0
cell 40.72335002792339 36.23413771813031 0.0 1.0 1.0 1 0 0 0.0 1.0 0
cell 32.89792948467107 10.503933647664118 0.0 1.0 1.0 1 0 0 0.0 1.0 0
cell 16.08268927984742 52.50511739812982 0.0 1.0 1.0 1 0 0 0.0 1.0 0
cell 29.28403438633893 55.87319806965927 0.0 1.0 1.0 1 0 0 0.0 1.0 0
cell 26.962379932875265 61.895147119966246 0.0 1.0 1.0 1 0 0 0.0 1.0 0
cell 31.85370099679093 36.888174090417415 0.0 1.0 1.0 1 0 0 0.0 1.0 0
cell 51.14555897224392 5.477961185739498 0.0 1.0 1.0 1 0 0 0.0 1.0 0
cell 10.947355141368092 28.013328369851997 0.0 1.0 1.0 1 0 0 0.0 1.0 0
cell 29.31998839725829 40.394622893337306 0.0 1.0 1.0 1 0 0 0.0 1.0 0
cell 62.77654197740173 39.76979040132738 0.0 1.0 1.0 1 0 0 0.0 1.0 0
cell 16.939515629591476 10.889686121885969 0.0 1.0 1.0 1 0 0 0.0 1.0 0
cell 3.7679289791654607 60.12176535881704 0.0 1.0 1.0 1 0 0 0.0 1.0 0
cell 25.103761346822893 10.978909328900968 0.0 1.0 1.0 1 0 0 0.0 1.0 0
cell 51.09703702672743 14.75385113890568 0.0 1.0 1.0 1 0 0 0.0 1.0 0
cell 1.6216928799933092 27.53779570332194 0.0 1.0 1.0 1 0 0 0.0 1.0 0
cell 9.540785165749956 65.58535562819141 0.0 1.0 1.0 1 0 0 0.0 1.0 0
cell 61.54425492827593 13.71906611157253 0.0 1.0 1.0 1 0 0 0.0 1.0 0
cell 10.94611487231499 63.42448275627 0.0 1.0 1.0 1 0 0 0.0 1.0 0
cell 32.02945546976049 33.26665312680192 0.0 1.0 1.0 1 0 0 0.0 1.0 0
cell 62.14722653893577 29.507713080525143 0.0 1.0 1.0 1 0 0 0.0 1.0 0
cell 8.699076183991286 61.50151414298015 0.0 1.0 1.0 1 0 0 0.0 1.0 0
cell 59.153491059461274 3.4363719583189876 0.0 1.0 1.0 1 0 0 0.0 1.0 0
cell 60.46812848765258 29.118565673840404 0.0 1.0 1.0 1 0 0 0.0 1.0 0
cell 40.288621676594715 44.28310843117579 0.0 1.0 1.0 1 0 0 0.0 1.0 0
cell 2.6612927421507204 4.748719549679138 0.0 1.0 1.0 1 0 0 0.0 1.0 0
cell 46.50642915455034 25.014365465974763 0.0 1.0 1.0 1 0 0 0.0 1.0 0
cell 14.52638290510357 66.24315980555328 0.0 1.0 1.0 1 0 0 0.0 1.0 0
cell 62.68120962167329 41.53634522425374 0.0 1.0 1.0 1 0 0 0.0 1.0 0
cell 66.32656240744969 33.30617927860291 0.0 1.0 1.0 1 0 0 0.0 1.0 0
cell 48.805359054465065 47.6029933357509 0.0 1.0 1.0 1 0 0 0.0 1.0 0
cell 50.86473615624939 66.59691676751885 0.0 1.0 1.0 1 0 0 0.0 1.0 0
cell 2.8351880258829443 36.64964338967645 0.0 1.0 1.0 1 0 0 0.0 1.0 0
cell 61.07776399218425 11.986627513454735 0.0 1.0 1.0 1 0 0 0.0 1.0 0
cell 66.98110513752246 47.63719104011881 0.0 1.0 1.0 1 0 0 0.0 1.0 0
cell 11.183620669526873 27.47892080661808 0.0 1.0 1.0 1 0 0 0.0 1.0 0
cell 49.32339406048865 24.126871199012783 0.0 1.0 1.0 1 0 0 0.0 1.0 0
cell 1.270452811683941 48.879486401360175 0.0 1.0 1.0 1 0 0 0.0 1.0 0
cell 51.409104517041314 62.04106296636814 0.0 1.0 1.0 1 0 0 0.0 1.0 0
cell 34.79995978349844 60.66740442981737 0.0 1.0 1.0 1 0 0 0.0 1.0 0
cell 62.72702597070771 53.752585175098964 0.0 1.0 1.0 1 0 0 0.0 1.0 0
cell 21.222399037288174 65.67415739327761 0.0 1.0 1.0 1 0 0 0.0 1.0 0
cell 27.06616558591771 39.02267445072604 0.0 1.0 1.0 1 0 0 0.0 1.0 0
cell 33.626266420098666 55.42271386241663 0.0 1.0 1.0 1 0 0 0.0 1.0 0
cell 22.114827698393533 66.80777470983375 0.0 1.0 1.0 1 0 0 0.0 1.0 0
cell 52.56510805008643 66.5869981654299 0.0 1.0 1.0 1 0 0 0.0 1.0 0
cell 14.75094559225755 62.19228972976131 0.0 1.0 1.0 1 0 0 0.0 1.0 0
cell 2.05341267970972 4.668552535695509 0.0 1.0 1.0 1 0 0 0.0 1.0 0
cell 12.220600671361112 60.51868805461983 0.0 1.0 1.0 1 0 0 0.0 1.0 0
cell 38.05933397851344 2.6602999645803904 0.0 1.0 1.0 1 0 0 0.0 1.0 0
cell 65.76917070436319 57.499355819296625 0.0 1.0 1.0 1 0 0 0.0 1.0 0
cell 50.41585522496326 38.0177270017688 0.0 1.0 1.0 1 0 0 0.0 1.0 0
cell 38.596881427940104 23.990670713188617 0.0 1.0 1.0 1 0 0 0.0 1.0 0
cell 30.218268123816323 36.52807956981543 0.0 1.0 1.0 1 0 0 0.0 1.0 0
cell 64.49941256751315 8.463319202771315 0.0 1.0 1.0 1 0 0 0.0 1.0 0
cell 3.7844672688484553 2.815085328839974 0.0 1.0 1.0 1 0 0 0.0 1.0 0
cell 38.591719834657304 62.1668517156539 0.0 1.0 1.0 1 0 0 0.0 1.0 0
cell 25.793230632780386 35.38795709071222 0.0 1.0 1.0 1 0 0 0.0 1.0 0
cell 13.011657299896518 49.12988725198984 0.0 1.0 1.0 1 0 0 0.0 1.0 0
cell 63.37358282725976 24.037667541789848 0.0 1.0 1.0 1 0 0 0.0 1.0 0
cell 19.97738837009282 20.939241049000525 0.0 1.0 1.0 1 0 0 0.0 1.0 0
cell 4.894146365296514 22.93273801192911 0.0 1.0 1.0 1 0 0 0.0 1.0 0
cell 7.773028816460868 49.340161048143564 0.0 1.0 1.0 1 0 0 0.0 1.0 0
cell 59.641624132881205 27.84087278291162 0.0 1.0 1.0 1 0 0 0.0 1.0 0
cell 53.24582390041327 33.99775480417052 0.0 1.0 1.0 1 0 0 0.0 1.0 0
cell 6.190625497339334 39.542981639469765 0.0 1.0 1.0 1 0 0 0.0 1.0 0
cell 46.9139073619276 57.034808123726755 0.0 1.0 1.0 1 0 0 0.0 1.0 0
cell 4.23713230878683 20.010807099981996 0.0 1.0 1.0 1 0 0 0.0 1.0 0
cell 20.10943276918517 55.89433521055305 0.0 1.0 1.0 1 0 0 0.0 1.0 0
cell 9.557646969292168 52.33262246008226 0.0 1.0 1.0 1 0 0 0.0 1.0 0
cell 0.7913746725841585 40.29941296082604 0.0 1.0 1.0 1 0 0 0.0 1.0 0
cell 32.152966242822146 60.640745103268635 0.0 1.0 1.0 1 0 0 0.0 1.0 0
cell 23.793830127675978 61.255484399843475 0.0 1.0 1.0 1 0 0 0.0 1.0 0
cell 57.891207001212855 18.45464932380309 0.0 1.0 1.0 1 0 0 0.0 1.0 0
cell 58.63812533839007 44.612880015847125 0.0 1.0 1.0 1 0 0 0.0 1.0 0
cell 1.7469237264665114 28.749852061609577 0.0 1.0 1.0 1 0 0 0.0 1.0 0
cell 14.073464703619852 66.64607741072875 0.0 1.0 1.0 1 0 0 0.0 1.0 0
cell 12.397790226643508 36.06640663838948 0.0 1.0 1.0 1 0 0 0.0 1.0 0
cell 19.740378746133125 10.302709564951956 0.0 1.0 1.0 1 0 0 0.0 1.0 0
cell 39.08675362917833 52.863564035720415 0.0 1.0 1.0 1 0 0 0.0 1.0 0
cell 61.29626961119502 60.62498746037852 0.0 1.0 1.0 1 0 0 0.0 1.0 0
cell 25.84217268530333 28.821200321430872 0.0 1.0 1.0 1 0 0 0.0 1.0 0
cell 57.301344253147974 66.76436289571829 0.0 1.0 1.0 1 0 0 0.0 1.0 0
cell 18.223604671436537 13.322993724298966 0.0 1.0 1.0 1 0 0 0.0 1.0 0
cell 1.037309617117457 53.12803035060249 0.0 1.0 1.0 1 0 0 0.0 1.0 0
cell 53.41564220274108 45.42703863306919 0.0 1.0 1.0 1 0 0 0.0 1.0 0
cell 8.289533821611599 48.00037133011997 0.0 1.0 1.0 1 0 0 0.0 1.0 0
cell 57.38714543099149 61.92480443922811 0.0 1.0 1.0 1 0 0 0.0 1.0 0
cell 43.7693447577524 25.959661008627517 0.0 1.0 1.0 1 0 0 0.0 1.0 0
cell 65.29563723144065 52.90003183204956 0.0 1.0 1.0 1 0 0 0.0 1.0 0
cell 46.67339151401297 57.46741105819749 0.0 1.0 1.0 1 0 0 0.0 1.0 0
cell 24.644807110300466 11.001806383217188 0.0 1.0 1.0 1 0 0 0.0 1.0 0
cell 11.828394472109157 1.09936591836073 0.0 1.0 1.0 1 0 0 0.0 1.0 0
cell 7.682107645883771 0.10101977701980039 0.0 1.0 1.0 1 0 0 0.0 1.0 0
cell 16.722053578598487 40.069892110274836 0.0 1.0 1.0 1 0 0 0.0 1.0 0
cell 36.75604199598252 39.401275795440455 0.0 1.0 1.0 1 0 0 0.0 1.0 0
cell 5.5252952363263725 24.52898778137447 0.0 1.0 1.0 1 0 0 0.0 1.0 0
cell 10.255305356826279 56.3524033247033 0.0 1.0 1.0 1 0 0 0.0 1.0 0
cell 32.762035546375586 49.720829067413156 0.0 1.0 1.0 1 0 0 0.0 1.0 0
cell 24.991192278732914 13.310112196988584 0.0 1.0 1.0 1 0 0 0.0 1.0 0
cell 66.9396507117963 30.718026975485753 0.0 1.0 1.0 1 0 0 0.0 1.0 0
cell 9.259343237678493 39.350892883843834 0.0 1.0 1.0 1 0 0 0.0 1.0 0
cell 17.91644329109664 52.15567972232101 0.0 1.0 1.0 1 0 0 0.0 1.0 0
cell 19.926610224804516 22.865935597338474 0.0 1.0 1.0 1 0 0 0.0 1.0 0
cell 48.57373500968661 26.72028288591114 0.0 1.0 1.0 1 0 0 0.0 1.0 0
cell 44.95070086484763 10.009671816138269 0.0 1.0 1.0 1 0 0 0.0 1.0 0
cell 50.28019027757766 66.95876667056704 0.0 1.0 1.0 1 0 0 0.0 1.0 0
cell 35.30208619731013 38.20229817450393 0.0 1.0 1.0 1 0 0 0.0 1.0 0
cell 18.80810503229981 6.869673138059909 0.0 1.0 1.0 1 0 0 0.0 1.0 0
cell 5.864984490316399 57.12617081921544 0.0 1.0 1.0 1 0 0 0.0 1.0 0
cell 41.84730350087101 46.86009123141561 0.0 1.0 1.0 1 0 0 0.0 1.0 0
cell 49.7528167538035 27.326067401239055 0.0 1.0 1.0 1 0 0 0.0 1.0 0
cell 65.20355017993356 65.4547826176522 0.0 1.0 1.0 1 0 0 0.0 1.0 0
cell 27.253785446444923 60.9636459512253 0.0 1.0 1.0 1 0 0 0.0 1.0 0
cell 48.68053902687951 11.498161084341557 0.0 1.0 1.0 1 0 0 0.0 1.0 0
cell 66.84139103900665 16.4179068041061 0.0 1.0 1.0 1 0 0 0.0 1.0 0
cell 8.369104473005772 19.75902692717399 0.0 1.0 1.0 1 0 0 0.0 1.0 0
cell 28.5160514401772 17.786045303265016 0.0 1.0 1.0 1 0 0 0.0 1.0 0
cell 42.90469841249131 52.18438844446268 0.0 1.0 1.0 1 0 0 0.0 1.0 0
cell 48.00667006793168 52.35756895908395 0.0 1.0 1.0 1 0 0 0.0 1.0 0
cell 21.094311947990313 49.95791822859353 0.0 1.0 1.0 1 0 0 0.0 1.0 0
cell 37.03439707315609 23.015355519103025 0.0 1.0 1.0 1 0 0 0.0 1.0 0
cell 37.70374042458358 60.33630193458414 0.0 1.0 1.0 1 0 0 0.0 1.0 0
cell 24.606349364937728 62.45333208280937 0.0 1.0 1.0 1 0 0 0.0 1.0 0
cell 12.679496200187181 32.93384141914306 0.0 1.0 1.0 1 0 0 0.0 1.0 0
cell 54.809425357147944 55.45740045141018 0.0 1.0 1.0 1 0 0 0.0 1.0 0
cell 23.715987334045252 3.5865136897901793 0.0 1.0 1.0 1 0 0 0.0 1.0 0
cell 21.521672862578082 24.57574856125541 0.0 1.0 1.0 1 0 0 0.0 1.0 0
cell 47.071569079469015 21.89363649285015 0.0 1.0 1.0 1 0 0 0.0 1.0 0
cell 26.346819905534392 23.968149297105292 0.0 1.0 1.0 1 0 0 0.0 1.0 0
cell 15.0783128368685 48.46142448337594 0.0 1.0 1.0 1 0 0 0.0 1.0 0
cell 20.385223493136493 36.32378643367818 0.0 1.0 1.0 1 0 0 0.0 1.0 0
cell 3.286571341483603 51.70996272470278 0.0 1.0 1.0 1 0 0 0.0 1.0 0
cell 29.421655577901806 11.414147462084744 0.0 1.0 1.0 1 0 0 0.0 1.0 0
cell 20.86432293364788 41.161900293819784 0.0 1.0 1.0 1 0 0 0.0 1.0 0
cell 42.71209423526452 6.092652319904102 0.0 1.0 1.0 1 0 0 0.0 1.0 0
cell 59.06173484007525 22.08857812658672 0.0 1.0 1.0 1 0 0 0.0 1.0 0
cell 37.71923727850226 5.037391775027816 0.0 1.0 1.0 1 0 0 0.0 1.0 0
cell 45.599370241972984 53.26670937449703 0.0 1.0 1.0 1 0 0 0.0 1.0 0
cell 34.23267929929132 10.34169061457249 0.0 1.0 1.0 1 0 0 0.0 1.0 0
cell 59.77707364723786 27.1922237828019 0.0 1.0 1.0 1 0 0 0.0 1.0 0
cell 41.215161556571346 30.052614603131946 0.0 1.0 1.0 1 0 0 0.0 1.0 0
cell 4.2883580094806035 57.90288329119432 0.0 1.0 1.0 1 0 0 0.0 1.0 0
cell 18.860776057913267 25.719722991687636 0.0 1.0 1.0 1 0 0 0.0 1.0 0
cell 56.46007883731739 12.576669413338925 0.0 1.0 1.0 1 0 0 0.0 1.0 0
cell 51.535487107285704 23.542669337790713 0.0 1.0 1.0 1 0 0 0.0 1.0 0
cell 63.60425953417175 7.686440168722915 0.0 1.0 1.0 1 0 0 0.0 1.0 0
cell 51.76747635951903 11.979338316102659 0.0 1.0 1.0 1 0 0 0.0 1.0 0
cell 40.74102860759955 23.39233346656832 0.0 1.0 1.0 1 0 0 0.0 1.0 0
cell 32.02029070035784 37.57588251964495 0.0 1.0 1.0 1 0 0 0.0 1.0 0
cell 1.503199503172491 49.025086569044845 0.0 1.0 1.0 1 0 0 0.0 1.0 0
cell 35.945971885594055 46.481621429553165 0.0 1.0 1.0 1 0 0 0.0 1.0 0
cell 37.94418005730472 50.87491005835749 0.0 1.0 1.0 1 0 0 0.0 1.0 0
cell 60.573153102501365 18.877014112558108 0.0 1.0 1.0 1 0 0 0.0 1.0 0
cell 3.4044793070753707 61.006338861934715 0.0 1.0 1.0 1 0 0 0.0 1.0 0
cell 59.007094762552434 26.42216823404197 0.0 1.0 1.0 1 0 0 0.0 1.0 0
cell 18.363242535220504 22.630011829118484 0.0 1.0 1.0 1 0 0 0.0 1.0 0
cell 58.101840730713576 26.710125085995475 0.0 1.0 1.0 1 0 0 0.0 1.0 0
cell 57.87400402823478 12.178753649514197 0.0 1.0 1.0 1 0 0 0.0 1.0 0
cell 24.886576265855627 28.608310211984673 0.0 1.0 1.0 1 0 0 0.0 1.0 0
cell 38.96587593755467 26.30984085685032 0.0 1.0 1.0 1 0 0 0.0 1.0 0
cell 43.26366052364691 27.070887956870653 0.0 1.0 1.0 1 0 0 0.0 1.0 0
cell 4.388260973288409 6.081054611253177 0.0 1.0 1.0 1 0 0 0.0 1.0 0
cell 62.128803271619724 31.63486633631005 0.0 1.0 1.0 1 0 0 0.0 1.0 0
cell 54.056252240028925 64.22907563812251 0.0 1.0 1.0 1 0 0 0.0 1.0 0
cell 36.24335924366513 18.091983658106983 0.0 1.0 1.0 1 0 0 0.0 1.0 0
cell 18.237573036345204 62.98599474850705 0.0 1.0 1.0 1 0 0 0.0 1.0 0
cell 16.196550307312787 43.3839516341029 0.0 1.0 1.0 1 0 0 0.0 1.0 0
cell 52.00015556832246 48.528063060145456 0.0 1.0 1.0 1 0 0 0.0 1.0 0
cell 31.404058865835857 60.060599490580024 0.0 1.0 1.0 1 0 0 0.0 1.0 0
cell 38.748573836826 12.664065374047519 0.0 1.0 1.0 1 0 0 0.0 1.0 0
cell 6.072076736228051 38.78186120790709 0.0 1.0 1.0 1 0 0 0.0 1.0 0
cell 8.415857023500397 61.670574445839826 0.0 1.0 1.0 1 0 0 0.0 1.0 0
cell 44.88303189277895 10.062931727301352 0.0 1.0 1.0 1 0 0 0.0 1.0 0
cell 16.80279258626787 30.85835766253502 0.0 1.0 1.0 1 0 0 0.0 1.0 0
cell 49.53187670684191 37.4292888847354 0.0 1.0 1.0 1 0 0 0.0 1.0 0
cell 46.232179242058 4.85713823183865 0.0 1.0 1.0 1 0 0 0.0 1.0 0
cell 52.81919875993536 29.57981644233803 0.0 1.0 1.0 1 0 0 0.0 1.0 0
cell 32.10875198694757 3.919748569500422 0.0 1.0 1.0 1 0 0 0.0 1.0 0
cell 38.943060688869174 19.75183242718735 0.0 1.0 1.0 1 0 0 0.0 1.0 0
cell 13.19638280867053 56.58811506204623 0.0 1.0 1.0 1 0 0 0.0 1.0 0
cell 38.12080576365742 52.12228820067807 0.0 1.0 1.0 1 0 0 0.0 1.0 0
cell 43.16922286841934 6.366618324813578 0.0 1.0 1.0 1 0 0 0.0 1.0 0
cell 2.197744843509643 30.625981101903953 0.0 1.0 1.0 1 0 0 0.0 1.0 0
cell 0.9007710274260783 51.06586334404878 0.0 1.0 1.0 1 0 0 0.0 1.0 0
cell 31.021148036268603 14.73093179543679 0.0 1.0 1.0 1 0 0 0.0 1.0 0
cell 8.206813963340073 10.959874298393686 0.0 1.0 1.0 1 0 0 0.0 1.0 0
cell 11.16510560581895 46.299201950262784 0.0 1.0 1.0 1 0 0 0.0 1.0 0
cell 11.179404293590094 51.298952267006925 0.0 1.0 1.0 1 0 0 0.0 1.0 0
cell 56.69427817526488 0.22932358967479646 0.0 1.0 1.0 1 0 0 0.0 1.0 0
cell 45.84470086341062 13.13228303736292 0.0 1.0 1.0 1 0 0 0.0 1.0 0
cell 20.91348578522421 7.7541417777923645 0.0 1.0 1.0 1 0 0 0.0 1.0 0
cell 40.63934979530461 16.638773990398573 0.0 1.0 1.0 1 0 0 0.0 1.0 0
cell 2.1443367030425087 14.85357276060009 0.0 1.0 1.0 1 0 0 0.0 1.0 0
cell 7.430162927387378 1.758821634306113 0.0 1.0 1.0 1 0 0 0.0 1.0 0
cell 0.7943164533670474 46.65876343450006 0.0 1.0 1.0 1 0 0 0.0 1.0 0
cell 39.36033772985 13.567973639376325 0.0 1.0 1.0 1 0 0 0.0 1.0 0
cell 44.88606947878512 43.71616009236996 0.0 1.0 1.0 1 0 0 0.0 1.0 0
cell 10.782060162584724 6.677866126298252 0.0 1.0 1.0 1 0 0 0.0 1.0 0
cell 40.81222802883928 14.370371940727631 0.0 1.0 1.0 1 0 0 0.0 1.0 0
cell 26.493051313847506 1.7220928610865596 0.0 1.0 1.0 1 0 0 0.0 1.0 0
cell 38.73461816788034 65.60959376418634 0.0 1.0 1.0 1 0 0 0.0 1.0 0
cell 45.39921097283818 44.90332059768239 0.0 1.0 1.0 1 0 0 0.0 1.0 0
cell 12.950185174638793 0.45402216597534417 0.0 1.0 1.0 1 0 0 0.0 1.0 0
cell 3.7094469220878006 65.45393217588638 0.0 1.0 1.0 1 0 0 0.0 1.0 0
cell 1.3249256393167799 19.15156618049855 0.0 1.0 1.0 1 0 0 0.0 1.0 0
cell 52.2662672776305 64.13521173752238 0.0 1.0 1.0 1 0 0 0.0 1.0 0
cell 39.59773361999256 65.01749085353896 0.0 1.0 1.0 1 0 0 0.0 1.0 0
cell 15.657166467069652 38.21799098495884 0.0 1.0 1.0 1 0 0 0.0 1.0 0
cell 23.258098434030874 54.864148262797855 0.0 1.0 1.0 1 0 0 0.0 1.0 0
cell 26.1935230052048 45.871972410891175 0.0 1.0 1.0 1 0 0 0.0 1.0 0
cell 59.973501953042785 39.00511593903198 0.0 1.0 1.0 1 0 0 0.0 1.0 0
cell 26.300510135991114 46.33019541633913 0.0 1.0 1.0 1 0 0 0.0 1.0 0
cell 36.94851469362369 13.65008500113847 0.0 1.0 1.0 1 0 0 0.0 1.0 0
cell 55.77010091257976 22.112225073360577 0.0 1.0 1.0 1 0 0 0.0 1.0 0
cell 3.2311102736773734 36.80687951744232 0.0 1.0 1.0 1 0 0 0.0 1.0 0
cell 31.103629704154432 52.159021101247326 0.0 1.0 1.0 1 0 0 0.0 1.0 0
cell 35.68567780645786 35.23359307069864 0.0 1.0 1.0 1 0 0 0.0 1.0 0
cell 15.471823829121684 15.408509473226326 0.0 1.0 1.0 1 0 0 0.0 1.0 0
cell 50.11584856111921 62.45855732935054 0.0 1.0 1.0 1 0 0 0.0 1.0 0
cell 53.81249674295774 46.924896158290714 0.0 1.0 1.0 1 0 0 0.0 1.0 0
cell 55.28825068246361 61.488990492830574 0.0 1.0 1.0 1 0 0 0.0 1.0 0
cell 53.13850933963805 48.87152434379291 0.0 1.0 1.0 1 0 0 0.0 1.0 0
cell 33.68849140587908 61.1867435960852 0.0 1.0 1.0 1 0 0 0.0 1.0 0
cell 59.14117422583579 31.193995167747108 0.0 1.0 1.0 1 0 0 0.0 1.0 0
cell 34.082817769736906 51.72580919551719 0.0 1.0 1.0 1 0 0 0.0 1.0 0
cell 54.43284901337195 51.01748949769294 0.0 1.0 1.0 1 0 0 0.0 1.0 0
cell 20.283865281601006 32.83370484520029 0.0 1.0 1.0 1 0 0 0.0 1.0 0
cell 65.47594662283724 36.853142540399745 0.0 1.0 1.0 1 0 0 0.0 1.0 0
cell 9.216189048080572 35.718092317611976 0.0 1.0 1.0 1 0 0 0.0 1.0 0
cell 34.153845173963376 43.35821990222838 0.0 1.0 1.0 1 0 0 0.0 1.0 0
cell 6.810716802013278 45.289389313509695 0.0 1.0 1.0 1 0 0 0.0 1.0 0
cell 42.840038350291074 23.279028540571886 0.0 1.0 1.0 1 0 0 0.0 1.0 0
cell 43.932382721615014 29.696690191752516 0.0 1.0 1.0 1 0 0 0.0 1.0 0
cell 13.092863367936173 13.07883350425964 0.0 1.0 1.0 1 0 0 0.0 1.0 0
cell 49.74601749882926 66.48483430730637 0.0 1.0 1.0 1 0 0 0.0 1.0 0
cell 64.29723634121295 28.02234281063568 0.0 1.0 1.0 1 0 0 0.0 1.0 0
cell 13.468954924664374 38.13636515741558 0.0 1.0 1.0 1 0 0 0.0 1.0 0
cell 10.798533632692719 38.67808769331904 0.0 1.0 1.0 1 0 0 0.0 1.0 0
cell 51.31528103289482 42.41724299023408 0.0 1.0 1.0 1 0 0 0.0 1.0 0
cell 29.99907544830894 13.479567383948785 0.0 1.0 1.0 1 0 0 0.0 1.0 0
cell 3.7137115597485386 7.246434345166372 0.0 1.0 1.0 1 0 0 0.0 1.0 0
cell 32.64279961024616 50.61973870397755 0.0 1.0 1.0 1 0 0 0.0 1.0 0
cell 17.95810379624516 45.73660053218916 0.0 1.0 1.0 1 0 0 0.0 1.0 0
cell 18.4744242562207 6.057201924035544 0.0 1.0 1.0 1 0 0 0.0 1.0 0
cell 2.1131728076734753 9.140357923483942 0.0 1.0 1.0 1 0 0 0.0 1.0 0
cell 61.05480993864496 44.128813392217225 0.0 1.0 1.0 1 0 0 0.0 1.0 0
cell 53.55480601767535 17.778604176407505 0.0 1.0 1.0 1 0 0 0.0 1.0 0
cell 38.66888781771908 5.860024728764758 0.0 1.0 1.0 1 0 0 0.0 1.0 0
cell 28.462057833146037 56.361222184138484 0.0 1.0 1.0 1 0 0 0.0 1.0 0
cell 3.24326397019943 65.44962314526971 0.0 1.0 1.0 1 0 0 0.0 1.0 0
cell 13.483545185269834 5.520771196902462 0.0 1.0 1.0 1 0 0 0.0 1.0 0
cell 17.8119804248771 28.58258926617664 0.0 1.0 1.0 1 0 0 0.0 1.0 0
cell 33.853703933897435 65.19782834293967 0.0 1.0 1.0 1 0 0 0.0 1.0 0
cell 4.790388339536536 46.50928192486955 0.0 1.0 1.0 1 0 0 0.0 1.0 0
cell 29.52937107668635 37.27056047347331 0.0 1.0 1.0 1 0 0 0.0 1.0 0
cell 27.975998094848723 52.56477210801568 0.0 1.0 1.0 1 0 0 0.0 1.0 0
cell 33.72680056906257 12.2453857178517 0.0 1.0 1.0 1 0 0 0.0 1.0 0
cell 45.42010945905536 35.694742463354466 0.0 1.0 1.0 1 0 0 0.0 1.0 0
cell 58.27274390149445 34.31225358173596 0.0 1.0 1.0 1 0 0 0.0 1.0 0
cell 8.165958279039788 62.13779974399408 0.0 1.0 1.0 1 0 0 0.0 1.0 0
cell 53.856372364960386 1.9877570141389453 0.0 1.0 1.0 1 0 0 0.0 1.0 0
cell 20.9860819707494 22.85436603888445 0.0 1.0 1.0 1 0 0 0.0 1.0 0
cell 43.126996507142124 13.175992236266618 0.0 1.0 1.0 1 0 0 0.0 1.0 0
cell 25.42529271084481 44.732748233384235 0.0 1.0 1.0 1 0 0 0.0 1.0 0
cell 7.119142126649043 26.544438157525043 0.0 1.0 1.0 1 0 0 0.0 1.0 0
cell 30.264166112332404 52.33578692964955 0.0 1.0 1.0 1 0 0 0.0 1.0 0
cell 52.58210209236055 28.749313149309014 0.0 1.0 1.0 1 0 0 0.0 1.0 0
cell 8.831441781724598 4.440574397197333 0.0 1.0 1.0 1 0 0 0.0 1.0 0
cell 31.337271656378224 33.01433072843304 0.0 1.0 1.0 1 0 0 0.0 1.0 0
cell 18.21412459169556 43.68185961076853 0.0 1.0 1.0 1 0 0 0.0 1.0 0
cell 48.9267340680319 10.911126663435876 0.0 1.0 1.0 1 0 0 0.0 1.0 0
cell 58.15427133773186 37.97376839781555 0.0 1.0 1.0 1 0 0 0.0 1.0 0
cell 26.34494005294559 5.745013997829115 0.0 1.0 1.0 1 0 0 0.0 1.0 0
cell 40.90582325476538 10.063256881589684 0.0 1.0 1.0 1 0 0 0.0 1.0 0
cell 12.571181347256537 44.08966120271714 0.0 1.0 1.0 1 0 0 0.0 1.0 0
cell 24.99721535435482 58.79995666605035 0.0 1.0 1.0 1 0 0 0.0 1.0 0
cell 21.14434219602371 56.319462947864885 0.0 1.0 1.0 1 0 0 0.0 1.0 0
cell 31.962575030760267 15.192049176483156 0.0 1.0 1.0 1 0 0 0.0 1.0 0
cell 7.36669989078837 6.433637717860156 0.0 1.0 1.0 1 0 0 0.0 1.0 0
cell 40.74454198574542 56.55307382161583 0.0 1.0 1.0 1 0 0 0.0 1.0 0
cell 61.66186013143404 45.752008618770915 0.0 1.0 1.0 1 0 0 0.0 1.0 0
cell 40.35799059469398 11.957902467457757 0.0 1.0 1.0 1 0 0 0.0 1.0 0
cell 24.230821375487313 4.725464290873331 0.0 1.0 1.0 1 0 0 0.0 1.0 0
cell 33.978302686260676 53.19516021451876 0.0 1.0 1.0 1 0 0 0.0 1.0 0
cell 58.8218817972216 21.40037353292706 0.0 1.0 1.0 1 0 0 0.0 1.0 0
cell 33.504579266320555 54.17088130253434 0.0 1.0 1.0 1 0 0 0.0 1.0 0
cell 63.21827351811428 66.11546334000406 0.0 1.0 1.0 1 0 0 0.0 1.0 0
cell 21.481842854501974 39.684513918960356 0.0 1.0 1.0 1 0 0 0.0 1.0 0
cell 56.974286589644585 10.404431084206358 0.0 1.0 1.0 1 0 0 0.0 1.0 0
cell 43.969414982344574 55.44233193021747 0.0 1.0 1.0 1 0 0 0.0 1.0 0
cell 40.97913743242343 65.35975703624744 0.0 1.0 1.0 1 0 0 0.0 1.0 0
cell 29.073753252189984 11.131816395898968 0.0 1.0 1.0 1 0 0 0.0 1.0 0
cell 45.770975580356655 63.28782686235454 0.0 1.0 1.0 1 0 0 0.0 1.0 0
cell 64.57588505890007 48.09629855443223 0.0 1.0 1.0 1 0 0 0.0 1.0 0
cell 47.076562942883015 12.131481516558706 0.0 1.0 1.0 1 0 0 0.0 1.0 0
cell 14.557770377901178 43.7898552663078 0.0 1.0 1.0 1 0 0 0.0 1.0 0
cell 25.23693206730699 48.42563513229722 0.0 1.0 1.0 1 0 0 0.0 1.0 0
cell 26.684072568747098 51.72811695759751 0.0 1.0 1.0 1 0 0 0.0 1.0 0
cell 62.46636714839827 63.820208578955636 0.0 1.0 1.0 1 0 0 0.0 1.0 0
cell 0.6197656535112493 56.42464413172318 0.0 1.0 1.0 1 0 0 0.0 1.0 0
cell 54.52690112871594 7.124122098918902 0.0 1.0 1.0 1 0 0 0.0 1.0 0
cell 55.676699192412514 34.58161434852011 0.0 1.0 1.0 1 0 0 0.0 1.0 0
cell 32.223721177018966 44.57460017081481 0.0 1.0 1.0 1 0 0 0.0 1.0 0
cell 59.0950136074861 11.007352454022758 0.0 1.0 1.0 1 0 0 0.0 1.0 0
cell 8.371960780871534 25.404666952405357 0.0 1.0 1.0 1 0 0 0.0 1.0 0
cell 57.22992826344017 52.2367003971605 0.0 1.0 1.0 1 0 0 0.0 1.0 0
cell 19.475319158570958 2.1055259821069585 0.0 1.0 1.0 1 0 0 0.0 1.0 0
cell 22.740951077723363 39.942768726431 0.0 1.0 1.0 1 0 0 0.0 1.0 0
cell 48.14670465450624 16.406651930828392 0.0 1.0 1.0 1 0 0 0.0 1.0 0
cell 33.9532814132218 42.44601297923515 0.0 1.0 1.0 1 0 0 0.0 1.0 0
cell 14.994795775167239 38.81414957793051 0.0 1.0 1.0 1 0 0 0.0 1.0 0
cell 42.723599432720384 40.846304414071504 0.0 1.0 1.0 1 0 0 0.0 1.0 0
cell 33.20861916439731 46.33033999615236 0.0 1.0 1.0 1 0 0 0.0 1.0 0
cell 49.735707139606255 56.41984179017799 0.0 1.0 1.0 1 0 0 0.0 1.0 0
cell 33.2345721641606 49.390374248229016 0.0 1.0 1.0 1 0 0 0.0 1.0 0
cell 14.553089835048537 50.5657770641645 0.0 1.0 1.0 1 0 0 0.0 1.0 0
cell 55.75254632806751 50.21268509868306 0.0 1.0 1.0 1 0 0 0.0 1.0 0
cell 53.988605197487615 23.574355343213618 0.0 1.0 1.0 1 0 0 0.0 1.0 0
cell 13.859595878693595 43.060421786539 0.0 1.0 1.0 1 0 0 0.0 1.0 0
cell 0.7791143921689028 7.512240873897381 0.0 1.0 1.0 1 0 0 0.0 1.0 0
cell 41.672112336660454 15.787803202647392 0.0 1.0 1.0 1 0 0 0.0 1.0 0
cell 20.908223237129373 24.443977250721186 0.0 1.0 1.0 1 0 0 0.0 1.0 0
cell 2.444609083325192 37.93977464729148 0.0 1.0 1.0 1 0 0 0.0 1.0 0
cell 60.491277002869985 26.72777397227671 0.0 1.0 1.0 1 0 0 0.0 1.0 0
cell 61.0146482790579 63.05411081529049 0.0 1.0 1.0 1 0 0 0.0 1.0 0
cell 21.1671360026049 12.60168501343323 0.0 1.0 1.0 1 0 0 0.0 1.0 0
cell 7.272794821672538 46.50779146803205 0.0 1.0 1.0 1 0 0 0.0 1.0 0
cell 62.320509498066784 35.11514812162033 0.0 1.0 1.0 1 0 0 0.0 1.0 0
cell 40.99995739526682 17.24163511312156 0.0 1.0 1.0 1 0 0 0.0 1.0 0
cell 33.715046561492876 30.08292400432607 0.0 1.0 1.0 1 0 0 0.0 1.0 0
cell 2.7539993311408786 45.62218116533501 0.0 1.0 1.0 1 0 0 0.0 1.0 0
cell 53.52377414010123 42.854972862760086 0.0 1.0 1.0 1 0 0 0.0 1.0 0
cell 17.1909026996407 36.164351600024276 0.0 1.0 1.0 1 0 0 0.0 1.0 0
cell 58.16457074001405 59.60550352389205 0.0 1.0 1.0 1 0 0 0.0 1.0 0
cell 34.390169232662224 53.28560033759188 0.0 1.0 1.0 1 0 0 0.0 1.0 0
cell 30.974554599396228 22.080966133486903 0.0 1.0 1.0 1 0 0 0.0 1.0 0
cell 62.55409582973165 0.4019538479821227 0.0 1.0 1.0 1 0 0 0.0 1.0 0
cell 41.43589311689586 41.43397862212459 0.0 1.0 1.0 1 0 0 0.0 1.0 0
cell 23.860744529988786 46.14154637946453 0.0 1.0 1.0 1 0 0 0.0 1.0 0
cell 27.993468708278897 3.0952628252823504 0.0 1.0 1.0 1 0 0 0.0 1.0 0
cell 41.71593123174951 63.7044799701615 0.0 1.0 1.0 1 0 0 0.0 1.0 0
cell 40.19922816644574 59.99409219171752 0.0 1.0 1.0 1 0 0 0.0 1.0 0
cell 55.654605745657015 56.40672068047275 0.0 1.0 1.0 1 0 0 0.0 1.0 0
cell 19.33395721113234 1.2993593694342287 0.0 1.0 1.0 1 0 0 0.0 1.0 0
cell 17.187593826354643 59.54924991190149 0.0 1.0 1.0 1 0 0 0.0 1.0 0
cell 50.07650326263295 63.62088995786466 0.0 1.0 1.0 1 0 0 0.0 1.0 0
cell 17.168182361769613 58.80452474435883 0.0 1.0 1.0 1 0 0 0.0 1.0 0
cell 54.300431592918095 60.925528102176386 0.0 1.0 1.0 1 0 0 0.0 1.0 0
cell 31.66499874696339 47.43223103411836 0.0 1.0 1.0 1 0 0 0.0 1.0 0
cell 16.64064404589632 13.240858375332786 0.0 1.0 1.0 1 0 0 0.0 1.0 0
cell 50.921381739455846 63.90652650525939 0.0 1.0 1.0 1 0 0 0.0 1.0 0
cell 36.683803510963635 34.03518447810908 0.0 1.0 1.0 1 0 0 0.0 1.0 0
cell 64.11665680574694 26.666344013419 0.0 1.0 1.0 1 0 0 0.0 1.0 0
cell 17.401119361211094 28.54848587055571 0.0 1.0 1.0 1 0 0 0.0 1.0 0
cell 31.111659047620986 17.298149515075497 0.0 1.0 1.0 1 0 0 0.0 1.0 0
cell 8.116623140871363 10.335660441636762 0.0 1.0 1.0 1 0 0 0.0 1.0 0
cell 9.06415711685951 20.016575686746616 0.0 1.0 1.0 1 0 0 0.0 1.0 0
cell 64.01222595675958 7.916183619402313 0.0 1.0 1.0 1 0 0 0.0 1.0 0
cell 62.38352416562687 48.064872859992334 0.0 1.0 1.0 1 0 0 0.0 1.0 0
cell 37.393443265904466 16.86471576301001 0.0 1.0 1.0 1 0 0 0.0 1.0 0
cell 60.45232975678603 29.592064446732362 0.0 1.0 1.0 1 0 0 0.0 1.0 0
cell 63.42745737422425 22.237264187450442 0.0 1.0 1.0 1 0 0 0.0 1.0 0
cell 32.32707227571948 18.740149480535926 0.0 1.0 1.0 1 0 0 0.0 1.0 0
cell 31.184248121024957 26.56955188537387 0.0 1.0 1.0 1 0 0 0.0 1.0 0
cell 36.04618830575498 60.3160418981611 0.0 1.0 1.0 1 0 0 0.0 1.0 0
cell 52.33180387950372 58.553125331456606 0.0 1.0 1.0 1 0 0 0.0 1.0 0
cell 40.326449713794446 65.27565395124748 0.0 1.0 1.0 1 0 0 0.0 1.0 0
cell 50.637287926134086 5.244791293174559 0.0 1.0 1.0 1 0 0 0.0 1.0 0
cell 52.83450412705569 42.438519053510625 0.0 1.0 1.0 1 0 0 0.0 1.0 0
cell 40.92042663285641 32.26340492273728 0.0 1.0 1.0 1 0 0 0.0 1.0 0
cell 13.240032278889146 11.120372437620011 0.0 1.0 1.0 1 0 0 0.0 1.0 0
cell 41.14793733354097 44.49057258618979 0.0 1.0 1.0 1 0 0 0.0 1.0 0
cell 3.1891511117714035 11.06191825823874 0.0 1.0 1.0 1 0 0 0.0 1.0 0
cell 0.4414741751019602 52.64682011694209 0.0 1.0 1.0 1 0 0 0.0 1.0 0
cell 49.50885937082501 17.70729548244771 0.0 1.0 1.0 1 0 0 0.0 1.0 0
cell 22.880496381540937 1.4951154173922938 0.0 1.0 1.0 1 0 0 0.0 1.0 0
cell 58.75220906608368 63.53177224139556 0.0 1.0 1.0 1 0 0 0.0 1.0 0
cell 12.25646946268996 5.9581791292930175 0.0 1.0 1.0 1 0 0 0.0 1.0 0
cell 11.824698832416727 39.405743622309195 0.0 1.0 1.0 1 0 0 0.0 1.0 0
cell 33.35308981460167 31.382988533458978 0.0 1.0 1.0 1 0 0 0.0 1.0 0
cell 39.24447503644818 58.35893474523396 0.0 1.0 1.0 1 0 0 0.0 1.0 0
cell 11.924249883448844 53.175230103830785 0.0 1.0 1.0 1 0 0 0.0 1.0 0
cell 7.5133547662945634 25.348413664586037 0.0 1.0 1.0 1 0 0 0.0 1.0 0
cell 43.02505413760718 51.446088115937926 0.0 1.0 1.0 1 0 0 0.0 1.0 0
cell 26.355250509442953 35.934575197840836 0.0 1.0 1.0 1 0 0 0.0 1.0 0
cell 21.573443306561323 23.258275260971068 0.0 1.0 1.0 1 0 0 0.0 1.0 0
cell 3.276224048998872 16.773839603227692 0.0 1.0 1.0 1 0 0 0.0 1.0 0
cell 7.970963486544266 22.05285510200067 0.0 1.0 1.0 1 0 0 0.0 1.0 0
cell 51.45811605154895 48.412764806239366 0.0 1.0 1.0 1 0 0 0.0 1.0 0
cell 48.132987030546126 29.264375763658943 0.0 1.0 1.0 1 0 0 0.0 1.0 0
cell 21.796070267614123 66.47382916261864 0.0 1.0 1.0 1 0 0 0.0 1.0 0
cell 30.309856479655583 47.72901537612567 0.0 1.0 1.0 1 0 0 0.0 1.0 0
cell 63.07121239577702 43.155689061525884 0.0 1.0 1.0 1 0 0 0.0 1.0 0
cell 47.63355180512909 6.808927619380226 0.0 1.0 1.0 1 0 0 0.0 1.0 0
cell 44.66539728277909 16.446626532995662 0.0 1.0 1.0 1 0 0 0.0 1.0 0
cell 34.65874685258143 53.79374062193122 0.0 1.0 1.0 1 0 0 0.0 1.0 0
cell 37.46750031450855 11.663375087995593 0.0 1.0 1.0 1 0 0 0.0 1.0 0
cell 55.13807451104532 15.408185330383661 0.0 1.0 1.0 1 0 0 0.0 1.0 0
cell 49.93773469608974 42.89731513550097 0.0 1.0 1.0 1 0 0 0.0 1.0 0
cell 42.55884428429781 65.55760646642634 0.0 1.0 1.0 1 0 0 0.0 1.0 0
cell 42.79194397144248 37.95189128337555 0.0 1.0 1.0 1 0 0 0.0 1.0 0
cell 59.82223152216564 34.95799031637249 0.0 1.0 1.0 1 0 0 0.0 1.0 0
cell 14.059166443943122 54.760405363728914 0.0 1.0 1.0 1 0 0 0.0 1.0 0
cell 2.110143987864836 16.45945390602431 0.0 1.0 1.0 1 0 0 0.0 1.0 0
cell 9.557853624932784 53.6418725026101 0.0 1.0 1.0 1 0 0 0.0 1.0 0
cell 60.8221702120505 9.275684044894335 0.0 1.0 1.0 1 0 0 0.0 1.0 0
cell 62.987951527997076 1.645924849686621 0.0 1.0 1.0 1 0 0 0.0 1.0 0
cell 3.0900300433343633 9.1276882184797 0.0 1.0 1.0 1 0 0 0.0 1.0 0
cell 31.496819431468616 8.620321030436244 0.0 1.0 1.0 1 0 0 0.0 1.0 0
cell 54.70174897522088 15.102597551621178 0.0 1.0 1.0 1 0 0 0.0 1.0 0
cell 31.66632693461623 62.13447014894837 0.0 1.0 1.0 1 0 0 0.0 1.0 0
cell 24.094838591146676 52.212764902386546 0.0 1.0 1.0 1 0 0 0.0 1.0 0
cell 31.171861751391734 55.11374627539128 0.0 1.0 1.0 1 0 0 0.0 1.0 0
cell 34.46645439200621 39.08964157825999 0.0 1.0 1.0 1 0 0 0.0 1.0 0
cell 63.74036616285615 55.09461137518247 0.0 1.0 1.0 1 0 0 0.0 1.0 0
cell 2.910289420103164 24.868021861091467 0.0 1.0 1.0 1 0 0 0.0 1.0 0
cell 12.14785455671517 59.338070160298315 0.0 1.0 1.0 1 0 0 0.0 1.0 0
cell 17.167451416202873 1.4087876111009177 0.0 1.0 1.0 1 0 0 0.0 1.0 0
cell 43.41156585248045 28.734504321925204 0.0 1.0 1.0 1 0 0 0.0 1.0 0
cell 1.94594150653937 22.077862217535156 0.0 1.0 1.0 1 0 0 0.0 1.0 0
cell 16.738002943142277 39.336473919343014 0.0 1.0 1.0 1 0 0 0.0 1.0 0
cell 19.345717693609107 59.00416977917652 0.0 1.0 1.0 1 0 0 0.0 1.0 0
cell 6.008521526855619 0.010227054508029711 0.0 1.0 1.0 1 0 0 0.0 1.0 0
cell 61.10144002256093 35.44006335895648 0.0 1.0 1.0 1 0 0 0.0 1.0 0
cell 8.01564802902653 21.964769534051634 0.0 1.0 1.0 1 0 0 0.0 1.0 0
cell 12.323311577399446 26.102274793133535 0.0 1.0 1.0 1 0 0 0.0 1.0 0
cell 8.0905849095488 41.1070481002498 0.0 1.0 1.0 1 0 0 0.0 1.0 0
cell 21.984686254830436 48.515620236650825 0.0 1.0 1.0 1 0 0 0.0 1.0 0
cell 27.642750736387793 35.37459771323458 0.0 1.0 1.0 1 0 0 0.0 1.0 0
cell 63.03635171513002 9.971632397251488 0.0 1.0 1.0 1 0 0 0.0 1.0 0
cell 26.439742391913327 7.120893703582906 0.0 1.0 1.0 1 0 0 0.0 1.0 0
cell 33.308766510286354 46.32936343773835 0.0 1.0 1.0 1 0 0 0.0 1.0 0
cell 10.088694665034735 17.68830812741224 0.0 1.0 1.0 1 0 0 0.0 1.0 0
cell 22.10878927908987 19.03267915367577 0.0 1.0 1.0 1 0 0 0.0 1.0 0
cell 0.5270450627343015 13.15621048783031 0.0 1.0 1.0 1 0 0 0.0 1.0 0
cell 45.66619457563407 49.77253932548116 0.0 1.0 1.0 1 0 0 0.0 1.0 0
cell 61.66931668082637 22.91761888187341 0.0 1.0 1.0 1 0 0 0.0 1.0 0
cell 5.905437253430982 0.3027661447033623 0.0 1.0 1.0 1 0 0 0.0 1.0 0
cell 19.55169779991877 40.896983524174274 0.0 1.0 1.0 1 0 0 0.0 1.0 0
cell 58.925995164469015 17.864561107645866 0.0 1.0 1.0 1 0 0 0.0 1.0 0
cell 58.365961552607935 53.28900537202514 0.0 1.0 1.0 1 0 0 0.0 1.0 0
cell 52.63869983934398 30.017001890203037 0.0 1.0 1.0 1 0 0 0.0 1.0 0
cell 18.9321013487169 36.24492437677267 0.0 1.0 1.0 1 0 0 0.0 1.0 0
cell 56.8888525319414 19.876082122003705 0.0 1.0 1.0 1 0 0 0.0 1.0 0
cell 37.68009842927633 53.158521665776796 0.0 1.0 1.0 1 0 0 0.0 1.0 0
cell 19.87565198124916 32.75846828471396 0.0 1.0 1.0 1 0 0 0.0 1.0 0
cell 37.83119800483189 45.90218840741307 0.0 1.0 1.0 1 0 0 0.0 1.0 0
cell 29.09793738366916 30.109041239686114 0.0 1.0 1.0 1 0 0 0.0 1.0 0
cell 50.050641339246475 66.8910467374696 0.0 1.0 1.0 1 0 0 0.0 1.0 0
cell 41.634969880203684 7.210929982036314 0.0 1.0 1.0 1 0 0 0.0 1.0 0
cell 7.004405701555655 29.626417669786438 0.0 1.0 1.0 1 0 0 0.0 1.0 0
cell 60.85560641177736 41.68354617400005 0.0 1.0 1.0 1 0 0 0.0 1.0 0
cell 34.371455885822066 0.5980948554697182 0.0 1.0 1.0 1 0 0 0.0 1.0 0
cell 14.050689144248791 52.25188861295162 0.0 1.0 1.0 1 0 0 0.0 1.0 0
cell 2.314258268892996 60.48139809708893 0.0 1.0 1.0 1 0 0 0.0 1.0 0
cell 65.80484776828332 35.46237130327425 0.0 1.0 1.0 1 0 0 0.0 1.0 0
cell 33.2245907973801 51.776074941111816 0.0 1.0 1.0 1 0 0 0.0 1.0 0
cell 12.678911314289996 44.789233491489746 0.0 1.0 1.0 1 0 0 0.0 1.0 0
cell 43.46180269655138 26.45642727488957 0.0 1.0 1.0 1 0 0 0.0 1.0 0
cell 30.25852889662596 14.759670728326853 0.0 1.0 1.0 1 0 0 0.0 1.0 0
cell 53.657578687509144 22.859782643176093 0.0 1.0 1.0 1 0 0 0.0 1.0 0
cell 4.497991325327018 28.135444463874776 0.0 1.0 1.0 1 0 0 0.0 1.0 0
cell 55.54734637246597 56.96604830254195 0.0 1.0 1.0 1 0 0 0.0 1.0 0
cell 62.0239571935263 20.94727335057269 0.0 1.0 1.0 1 0 0 0.0 1.0 0
cell 59.81600239602635 44.39638386135435 0.0 1.0 1.0 1 0 0 0.0 1.0 0
cell 34.07559918068665 8.599822062763504 0.0 1.0 1.0 1 0 0 0.0 1.0 0
cell 35.95940292310036 37.92227784763171 0.0 1.0 1.0 1 0 0 0.0 1.0 0
cell 48.68791231613908 27.91269106074803 0.0 1.0 1.0 1 0 0 0.0 1.0 0
cell 9.865111280821498 43.84437592226871 0.0 1.0 1.0 1 0 0 0.0 1.0 0
cell 10.196658978526747 4.429196068801733 0.0 1.0 1.0 1 0 0 0.0 1.0 0
cell 58.47036527865016 39.326134295741106 0.0 1.0 1.0 1 0 0 0.0 1.0 0
cell 35.6831186140959 4.459787196022337 0.0 1.0 1.0 1 0 0 0.0 1.0 0
cell 15.299148573999844 66.01718604733908 0.0 1.0 1.0 1 0 0 0.0 1.0 0
cell 23.634870180865175 11.561506424444916 0.0 1.0 1.0 1 0 0 0.0 1.0 0
cell 61.600125636139374 11.797464748857795 0.0 1.0 1.0 1 0 0 0.0 1.0 0
cell 62.81945919383977 62.63426403566144 0.0 1.0 1.0 1 0 0 0.0 1.0 0
cell 53.59803926141911 15.498477097840436 0.0 1.0 1.0 1 0 0 0.0 1.0 0
cell 3.5724446391421516 37.44867784472365 0.0 1.0 1.0 1 0 0 0.0 1.0 0
cell 60.73453249985684 42.37809401524861 0.0 1.0 1.0 1 0 0 0.0 1.0 0
cell 45.0287639878976 61.20283366155245 0.0 1.0 1.0 1 0 0 0.0 1.0 0
cell 43.813277982132064 60.151872486029816 0.0 1.0 1.0 1 0 0 0.0 1.0 0
cell 15.48482499568034 38.49285656202108 0.0 1.0 1.0 1 0 0 0.0 1.0 0
cell 10.11942301770026 22.53661763815395 0.0 1.0 1.0 1 0 0 0.0 1.0 0
cell 8.229983307030212 23.702364394869612 0.0 1.0 1.0 1 0 0 0.0 1.0 0
cell 53.78265964395579 64.43208498367822 0.0 1.0 1.0 1 0 0 0.0 1.0 0
cell 12.936471871451122 36.09811193815909 0.0 1.0 1.0 1 0 0 0.0 1.0 0
cell 62.47483334110468 23.3688511795902 0.0 1.0 1.0 1 0 0 0.0 1.0 0
cell 13.927437261041707 39.308183845072215 0.0 1.0 1.0 1 0 0 0.0 1.0 0
cell 59.65475614942913 66.06378638521535 0.0 1.0 1.0 1 0 0 0.0 1.0 0
cell 58.56924733256667 9.31915510779011 0.0 1.0 1.0 1 0 0 0.0 1.0 0
cell 41.31236831870674 8.131362952741453 0.0 1.0 1.0 1 0 0 0.0 1.0 0
cell 0.7819663418767294 10.78363825166691 0.0 1.0 1.0 1 0 0 0.0 1.0 0
cell 33.57641404609741 41.620470446182594 0.0 1.0 1.0 1 0 0 0.0 1.0 0
cell 21.049701658080874 0.38481441387608323 0.0 1.0 1.0 1 0 0 0.0 1.0 0
cell 59.368786373131066 3.48045607203819 0.0 1.0 1.0 1 0 0 0.0 1.0 0
cell 44.6500717698522 61.56121351782351 0.0 1.0 1.0 1 0 0 0.0 1.0 0
cell 20.000533860029726 45.97126454893667 0.0 1.0 1.0 1 0 0 0.0 1.0 0
cell 20.00929387992057 30.12345429325509 0.0 1.0 1.0 1 0 0 0.0 1.0 0
cell 27.577716999908073 2.7283259538976816 0.0 1.0 1.0 1 0 0 0.0 1.0 0
cell 57.943621934791175 61.68858947345753 0.0 1.0 1.0 1 0 0 0.0 1.0 0
cell 13.758132042236925 44.96524081047282 0.0 1.0 1.0 1 0 0 0.0 1.0 0
cell 57.81792329490831 23.14388516736971 0.0 1.0 1.0 1 0 0 0.0 1.0 0
cell 6.440269553652496 58.60226770200575 0.0 1.0 1.0 1 0 0 0.0 1.0 0
cell 44.02777876677401 11.99019947386297 0.0 1.0 1.0 1 0 0 0.0 1.0 0
cell 43.7181539022419 17.541156731229123 0.0 1.0 1.0 1 0 0 0.0 1.0 0
cell 53.70575984316184 8.197009666268949 0.0 1.0 1.0 1 0 0 0.0 1.0 0
cell 45.959698356986294 24.199175490399025 0.0 1.0 1.0 1 0 0 0.0 1.0 0
cell 25.979497933405824 43.86147878691351 0.0 1.0 1.0 1 0 0 0.0 1.0 0
cell 40.02493142447453 38.99185531653752 0.0 1.0 1.0 1 0 0 0.0 1.0 0
cell 9.657217161430305 30.904333383136763 0.0 1.0 1.0 1 0 0 0.0 1.0 0
cell 26.911188559170977 9.216079400338913 0.0 1.0 1.0 1 0 0 0.0 1.0 0
cell 31.643906407643147 14.825421842234174 0.0 1.0 1.0 1 0 0 0.0 1.0 0
cell 64.36707315614113 55.820928544415565 0.0 1.0 1.0 1 0 0 0.0 1.0 0
cell 41.670856409034066 33.95831155935428 0.0 1.0 1.0 1 0 0 0.0 1.0 0
cell 4.897761302916074 47.79243145287177 0.0 1.0 1.0 1 0 0 0.0 1.0 0
cell 13.367830550364829 47.75747423668113 0.0 1.0 1.0 1 0 0 0.0 1.0 0
cell 19.699769058169284 38.450433958887835 0.0 1.0 1.0 1 0 0 0.0 1.0 0
cell 61.57349552067264 2.864426187515773 0.0 1.0 1.0 1 0 0 0.0 1.0 0
cell 22.652686168997562 51.3762068903579 0.0 1.0 1.0 1 0 0 0.0 1.0 0
cell 51.224270702324354 43.7980392623849 0.0 1.0 1.0 1 0 0 0.0 1.0 0
cell 32.0619989090007 25.063936106411948 0.0 1.0 1.0 1 0 0 0.0 1.0 0
cell 14.457505538666473 30.76175065985926 0.0 1.0 1.0 1 0 0 0.0 1.0 0
cell 21.812350375245753 21.71954079631748 0.0 1.0 1.0 1 0 0 0.0 1.0 0
cell 4.819223533101806 1.7085318421477629 0.0 1.0 1.0 1 0 0 0.0 1.0 0
cell 43.70570556443909 24.351145425229742 0.0 1.0 1.0 1 0 0 0.0 1.0 0
cell 45.066325753874324 47.991065478278855 0.0 1.0 1.0 1 0 0 0.0 1.0 0
cell 47.96816345367309 41.58843250329327 0.0 1.0 1.0 1 0 0 0.0 1.0 0
cell 25.17722378240721 62.337659973151965 0.0 1.0 1.0 1 0 0 0.0 1.0 0
cell 64.41751226759288 59.27808105057013 0.0 1.0 1.0 1 0 0 0.0 1.0 0
cell 52.623089304191964 42.68507903939696 0.0 1.0 1.0 1 0 0 0.0 1.0 0
cell 11.933629668911426 57.73925689241151 0.0 1.0 1.0 1 0 0 0.0 1.0 0
cell 23.250667480801596 3.053579646482441 0.0 1.0 1.0 1 0 0 0.0 1.0 0
cell 28.817016590711525 13.753537861007722 0.0 1.0 1.0 1 0 0 0.0 1.0 0
cell 51.500565476489484 63.469973787495 0.0 1.0 1.0 1 0 0 0.0 1.0 0
cell 33.927213314661586 16.166930139147098 0.0 1.0 1.0 1 0 0 0.0 1.0 0
cell 36.15792653129246 32.83368400118222 0.0 1.0 1.0 1 0 0 0.0 1.0 0
cell 43.12106968234258 38.609747850138575 0.0 1.0 1.0 1 0 0 0.0 1.0 0
cell 45.981180023868404 6.037692082809924 0.0 1.0 1.0 1 0 0 0.0 1.0 0
cell 10.133969905514627 25.712451082663133 0.0 1.0 1.0 1 0 0 0.0 1.0 0
cell 28.282020498928425 44.37633686142541 0.0 1.0 1.0 1 0 0 0.0 1.0 0
cell 5.822723899260461 10.844749634572928 0.0 1.0 1.0 1 0 0 0.0 1.0 0
cell 65.67388802573576 49.90384788450978 0.0 1.0 1.0 1 0 0 0.0 1.0 0
cell 56.8598925864841 10.497835274944297 0.0 1.0 1.0 1 0 0 0.0 1.0 0
cell 13.292555856736906 38.37341901902759 0.0 1.0 1.0 1 0 0 0.0 1.0 0
cell 19.904822984848284 35.58058606796778 0.0 1.0 1.0 1 0 0 0.0 1.0 0
cell 23.365193305738597 11.563224199179178 0.0 1.0 1.0 1 0 0 0.0 1.0 0
cell 26.58121275545466 39.36794612058547 0.0 1.0 1.0 1 0 0 0.0 1.0 0
cell 32.87423744311341 35.08540913826084 0.0 1.0 1.0 1 0 0 0.0 1.0 0
cell 66.73360444087595 39.05331353835334 0.0 1.0 1.0 1 0 0 0.0 1.0 0
cell 2.7829151231103744 6.7897556411881785 0.0 1.0 1.0 1 0 0 0.0 1.0 0
cell 49.36438125633066 29.265182455593102 0.0 1.0 1.0 1 0 0 0.0 1.0 0
cell 17.6702314842881 66.48420767040871 0.0 1.0 1.0 1 0 0 0.0 1.0 0
cell 56.92752657341949 17.425161351104745 0.0 1.0 1.0 1 0 0 0.0 1.0 0
cell 63.33230974912683 30.35689662998721 0.0 1.0 1.0 1 0 0 0.0 1.0 0
cell 20.866556345015432 58.17106138491293 0.0 1.0 1.0 1 0 0 0.0 1.0 0
cell 8.245602226849064 56.270361215174326 0.0 1.0 1.0 1 0 0 0.0 1.0 0
cell 9.80194480576023 54.578446528829794 0.0 1.0 1.0 1 0 0 0.0 1.0 0
cell 19.04374059759369 64.0339410131129 0.0 1.0 1.0 1 0 0 0.0 1.0 0
cell 56.36744428405312 30.20702106587337 0.0 1.0 1.0 1 0 0 0.0 1.0 0
cell 30.91632932295956 49.60202634915672 0.0 1.0 1.0 1 0 0 0.0 1.0 0
cell 52.7510317072992 40.736359689902194 0.0 1.0 1.0 1 0 0 0.0 1.0 0
cell 35.119534919087464 19.592450056354426 0.0 1.0 1.0 1 0 0 0.0 1.0 0
cell 15.941678372441086 38.539871650500906 0.0 1.0 1.0 1 0 0 0.0 1.0 0
cell 36.953882825107655 57.752567863129705 0.0 1.0 1.0 1 0 0 0.0 1.0 0
cell 7.562396948604254 57.82115410502031 0.0 1.0 1.0 1 0 0 0.0 1.0 0
