1000
 Lattice="59.74940712514713 0.0 0.0 0.0 59.74940712514713 0.0 0.0 0.0 1.0"Properties=species:S:1:pos:R:3:aspherical_shape:R:3:orientation:R:4:Color:R:1
cell 59.04309545182963 4.699675566546929 0.0 1.6431676725154984 0.6085806194501846 1 0 0 0.9456902357778486 0.32506918948807967 2.4794228733496295
cell 18.86283240479786 10.789101344481006 0.0 1.6431676725154984 0.6085806194501846 1 0 0 0.9776716049132114 0.2101386041317149 2.7181591991528813
cell 59.40768771421472 7.400688375153427 0.0 1.0 1.0 1 0 0 0.0 1.0 0
cell 2.7448968493856354 43.90947725392282 0.0 1.0 1.0 1 0 0 0.0 1.0 0
cell 37.77862604174943 19.501047523436323 0.0 1.0 1.0 1 0 0 0.0 1.0 0
cell 34.16272350945116 36.637771707698086 0.0 1.0 1.0 1 0 0 0.0 1.0 0
cell 33.37191766621322 12.038056212124001 0.0 1.6431676725154984 0.6085806194501846 1 0 0 0.7614111133527152 0.6482693240181728 1.7309741612033491
cell 11.913318863258096 26.538407895880077 0.0 1.6431676725154984 0.6085806194501846 1 0 0 0.9762375118973876 -0.21670330030804305 3.578465159861923
cell 31.13772962368934 12.692852331065184 0.0 1.6431676725154984 0.6085806194501846 1 0 0 0.7301948455022349 0.683238968152408 1.6372141726635256
cell 50.327698786965286 27.10407148408516 0.0 1.6431676725154984 0.6085806194501846 1 0 0 -0.6137924728070414 -0.7894674156198072 1.321711017546118
cell 51.445468488032944 26.209897055801044 0.0 1.0 1.0 1 0 0 0.0 1.0 0
cell 10.047881783946446 51.83251987597837 0.0 1.6431676725154984 0.6085806194501846 1 0 0 -0.6344134431770563 0.7729939088480788 4.908686363519876
cell 33.162309451618725 6.764500374674736 0.0 1.6431676725154984 0.6085806194501846 1 0 0 0.6016101703688331 0.7987898365081917 1.2910306890908871
cell 34.37445604778295 55.597415475111504 0.0 1.6431676725154984 0.6085806194501846 1 0 0 0.6293091409252001 0.7771550714934482 1.3613278643142837
cell 47.339509886466836 50.76498570857186 0.0 1.6431676725154984 0.6085806194501846 1 0 0 0.7447404495544987 -0.6673542258781039 4.602893642989827
cell 32.82445643153996 9.576071774116597 0.0 1.6431676725154984 0.6085806194501846 1 0 0 0.7227608699780509 0.6910982020151485 1.6155778429945165
cell 42.56801103391791 8.383269762222783 0.0 1.0 1.0 1 0 0 0.0 1.0 0
cell 7.683536236642902 49.59555238141636 0.0 1.6431676725154984 0.6085806194501846 1 0 0 0.6595804751298607 -0.7516339513536274 4.842664360021358
cell 12.1240877596408 44.641904808921176 0.0 1.0 1.0 1 0 0 0.0 1.0 0
cell 42.87388085379324 10.279455301180233 0.0 1.0 1.0 1 0 0 0.0 1.0 0
cell 2.936532885149024 24.81980628298674 0.0 1.0 1.0 1 0 0 0.0 1.0 0
cell 24.038222036737796 1.399566163270651 0.0 1.0 1.0 1 0 0 0.0 1.0 0
cell 24.77233934038401 33.54254614972928 0.0 1.0 1.0 1 0 0 0.0 1.0 0
cell 11.6759680838284 53.959869471289146 0.0 1.0 1.0 1 0 0 0.0 1.0 0
cell 31.873979048848906 26.687156309536665 0.0 1.6431676725154984 0.6085806194501846 1 0 0 0.9135811097512201 -0.4066565576819452 3.9791753692133307
cell 10.118371290788799 44.92210641803752 0.0 1.0 1.0 1 0 0 0.0 1.0 0
cell 47.76307116223217 3.229480569212689 0.0 1.6431676725154984 0.6085806194501846 1 0 0 0.7250264812185667 0.6887209896117754 1.6221456867184114
cell 15.687198030529718 0.9141634963723374 0.0 1.0 1.0 1 0 0 0.0 1.0 0
cell 2.803430757071258 7.306418539277378 0.0 1.6431676725154984 0.6085806194501846 1 0 0 0.1754016844713942 -0.9844969522982778 5.930557780750973
cell 53.015591839862424 29.3640636878659 0.0 1.0 1.0 1 0 0 0.0 1.0 0
cell 21.90978056061836 31.603266930570175 0.0 1.6431676725154984 0.6085806194501846 1 0 0 0.9393219597402969 0.3430368142774885 2.4412966888993903
cell 5.083498357172025 17.420197482663 0.0 1.0 1.0 1 0 0 0.0 1.0 0
cell 10.733727890495732 9.292341317172436 0.0 1.6431676725154984 0.6085806194501846 1 0 0 0.9744116009713806 0.22477106551420514 2.6881764867463347
cell 11.33632620080319 17.718431464268214 0.0 1.6431676725154984 0.6085806194501846 1 0 0 0.8528272532900847 0.5221931405578685 2.042751566058429
cell 15.026317077549628 47.92750925902235 0.0 1.0 1.0 1 0 0 0.0 1.0 0
cell 42.68000391724847 40.54489163574228 0.0 1.0 1.0 1 0 0 0.0 1.0 0
cell 40.46695460837691 3.8293517813973703 0.0 1.0 1.0 1 0 0 0.0 1.0 0
cell 18.130145336208837 20.991751368478308 0.0 1.6431676725154984 0.6085806194501846 1 0 0 0.4776442690408366 -0.8785533292023 5.2872425534588245
cell 8.26373700793096 11.052832911563653 0.0 1.6431676725154984 0.6085806194501846 1 0 0 0.9660601367679499 -0.2583172703244788 3.664152550487409
cell 23.430070258962783 48.82477311897998 0.0 1.0 1.0 1 0 0 0.0 1.0 0
cell 44.14476871753924 7.168522489104762 0.0 1.0 1.0 1 0 0 0.0 1.0 0
cell 19.23009967988641 1.4658922161263845 0.0 1.0 1.0 1 0 0 0.0 1.0 0
cell 52.16447815627359 57.52610799635794 0.0 1.6431676725154984 0.6085806194501846 1 0 0 0.7770324411127861 0.6294605511533702 1.7798751059806357
cell 49.17922905312953 38.32451797770995 0.0 1.0 1.0 1 0 0 0.0 1.0 0
cell 22.360322067440997 45.59174901697161 0.0 1.0 1.0 1 0 0 0.0 1.0 0
cell 10.870656227244893 48.29993378124403 0.0 1.0 1.0 1 0 0 0.0 1.0 0
cell 4.590430048894982 28.436691186598424 0.0 1.0 1.0 1 0 0 0.0 1.0 0
cell 41.61302609410507 28.640356945435855 0.0 1.0 1.0 1 0 0 0.0 1.0 0
cell 55.946314702440944 21.43006388945112 0.0 1.0 1.0 1 0 0 0.0 1.0 0
cell 32.065761484556475 3.8564856190414747 0.0 1.6431676725154984 0.6085806194501846 1 0 0 0.6417692579546461 0.7668977895028404 1.3936061544783338
cell 36.823779467756125 29.0435882808104 0.0 1.6431676725154984 0.6085806194501846 1 0 0 0.4704084969399371 0.8824487781206959 0.9795072676968146
cell 51.15703271698023 17.320154253461922 0.0 1.0 1.0 1 0 0 0.0 1.0 0
cell 26.711923721807143 43.1196839010375 0.0 1.0 1.0 1 0 0 0.0 1.0 0
cell 40.38885176065251 25.86251022701018 0.0 1.6431676725154984 0.6085806194501846 1 0 0 0.5869853456543783 0.8095975568064728 1.2546602929152297
cell 6.104890517457736 4.951628218396083 0.0 1.6431676725154984 0.6085806194501846 1 0 0 0.2337527905557161 -0.972296062373707 5.811314060552777
cell 14.008803174149685 23.34629524594752 0.0 1.6431676725154984 0.6085806194501846 1 0 0 0.5731289118153793 -0.8194652222280816 5.062547275086895
cell 27.81432756730049 16.92288522421514 0.0 1.6431676725154984 0.6085806194501846 1 0 0 0.6964892444717776 -0.7175672319268296 4.742198859845594
cell 39.48611978280147 19.895675835550335 0.0 1.0 1.0 1 0 0 0.0 1.0 0
cell 25.765206354536506 46.337931845301554 0.0 1.0 1.0 1 0 0 0.0 1.0 0
cell 30.356708604262643 8.494137294749452 0.0 1.0 1.0 1 0 0 0.0 1.0 0
cell 5.406496641074483 36.32232656737615 0.0 1.0 1.0 1 0 0 0.0 1.0 0
cell 44.347326473370956 20.792956180479177 0.0 1.0 1.0 1 0 0 0.0 1.0 0
cell 34.80315048327883 39.94560055727261 0.0 1.0 1.0 1 0 0 0.0 1.0 0
cell 53.61714368847724 18.67208652466284 0.0 1.0 1.0 1 0 0 0.0 1.0 0
cell 42.29598347808418 31.948505267868274 0.0 1.0 1.0 1 0 0 0.0 1.0 0
cell 17.304651127952926 35.01028415739887 0.0 1.0 1.0 1 0 0 0.0 1.0 0
cell 37.13147893889428 53.61857871734812 0.0 1.0 1.0 1 0 0 0.0 1.0 0
cell 26.514774574761756 51.05412280852612 0.0 1.0 1.0 1 0 0 0.0 1.0 0
cell 5.076471529939968 50.42030165612993 0.0 1.0 1.0 1 0 0 0.0 1.0 0
cell 25.401475943444467 41.57695530771981 0.0 1.0 1.0 1 0 0 0.0 1.0 0
cell 49.463039881704496 28.353207067654278 0.0 1.0 1.0 1 0 0 0.0 1.0 0
cell 11.990697361574904 29.16089363661678 0.0 1.0 1.0 1 0 0 0.0 1.0 0
cell 22.788606007961732 43.629658635123384 0.0 1.0 1.0 1 0 0 0.0 1.0 0
cell 16.7640832540364 47.36308629748434 0.0 1.0 1.0 1 0 0 0.0 1.0 0
cell 37.38908451209694 10.481766529661588 0.0 1.0 1.0 1 0 0 0.0 1.0 0
cell 36.50605716041014 1.0370215795710842 0.0 1.0 1.0 1 0 0 0.0 1.0 0
cell 36.55568799850252 47.97680890627076 0.0 1.0 1.0 1 0 0 0.0 1.0 0
cell 15.342574948103874 45.964429628885014 0.0 1.0 1.0 1 0 0 0.0 1.0 0
cell 14.553089140196084 10.664740862756645 0.0 1.6431676725154984 0.6085806194501846 1 0 0 0.9998259148253249 0.018658511293835812 3.104273465404523
cell 6.618691498007956 56.4519173964036 0.0 1.0 1.0 1 0 0 0.0 1.0 0
cell 45.2696599990616 19.291544253541396 0.0 1.0 1.0 1 0 0 0.0 1.0 0
cell 28.27097822918363 56.423826243646076 0.0 1.6431676725154984 0.6085806194501846 1 0 0 0.2771345200169484 -0.9608311286667266 5.721564251236791
cell 12.511908957060312 23.132459273821393 0.0 1.6431676725154984 0.6085806194501846 1 0 0 0.6472726284959693 -0.7622585810602062 4.875183380269757
cell 57.97388092071753 57.61457218131739 0.0 1.6431676725154984 0.6085806194501846 1 0 0 0.28444733388650245 -0.9586916679750902 5.706325508558373
cell 32.12964099138283 36.66950176392778 0.0 1.0 1.0 1 0 0 0.0 1.0 0
cell 7.113486941767532 36.37227820484955 0.0 1.0 1.0 1 0 0 0.0 1.0 0
cell 18.24354584344529 18.196101578584088 0.0 1.6431676725154984 0.6085806194501846 1 0 0 0.5083087531517546 0.8611749017878474 1.0664395326489404
cell 21.680081862446865 9.117450068242162 0.0 1.6431676725154984 0.6085806194501846 1 0 0 0.9485961561088921 0.316489071873634 2.497540638382441
cell 19.295188170579426 52.075452392216555 0.0 1.0 1.0 1 0 0 0.0 1.0 0
cell 22.9728818770241 29.267562700482884 0.0 1.6431676725154984 0.6085806194501846 1 0 0 0.9038469874298747 0.4278558440806201 2.2573542819715566
cell 32.58109143329218 47.00440759175611 0.0 1.6431676725154984 0.6085806194501846 1 0 0 0.33826717032017534 0.941050116350655 0.6901498158752291
cell 55.917330290186236 27.1485986707471 0.0 1.0 1.0 1 0 0 0.0 1.0 0
cell 48.91720744948243 1.4096871106006619 0.0 1.6431676725154984 0.6085806194501846 1 0 0 0.7193125254831055 0.6946866132891267 1.6056243860377748
cell 54.826632951028095 50.657883231481755 0.0 1.6431676725154984 0.6085806194501846 1 0 0 0.7861749475168293 0.6180040063761001 1.8091900637985547
cell 17.658059300833035 53.2399809310624 0.0 1.0 1.0 1 0 0 0.0 1.0 0
cell 24.188880587181455 7.595601073844582 0.0 1.6431676725154984 0.6085806194501846 1 0 0 0.9774351033677833 -0.21123593137629476 3.567271156084097
cell 35.22814693266831 15.833236725995171 0.0 1.0 1.0 1 0 0 0.0 1.0 0
cell 48.16322251069425 6.495572618907397 0.0 1.6431676725154984 0.6085806194501846 1 0 0 0.6185553534711635 0.785741226290287 1.333805583364664
cell 35.638191557349714 51.37168540359028 0.0 1.6431676725154984 0.6085806194501846 1 0 0 0.47447314117126527 0.880269980350956 0.988730831030913
cell 25.66935402749727 44.51341363239239 0.0 1.0 1.0 1 0 0 0.0 1.0 0
cell 58.15848039248159 17.28543657448125 0.0 1.0 1.0 1 0 0 0.0 1.0 0
cell 39.41152731650529 38.494985434201006 0.0 1.0 1.0 1 0 0 0.0 1.0 0
cell 54.53423953570668 30.243390315610394 0.0 1.0 1.0 1 0 0 0.0 1.0 0
cell 50.58982160044765 3.9176308966933937 0.0 1.6431676725154984 0.6085806194501846 1 0 0 0.8084791168215433 0.5885248657987675 1.8831265591203439
cell 21.18675524751356 51.35200790277073 0.0 1.0 1.0 1 0 0 0.0 1.0 0
cell 43.98993981122781 46.495092208104516 0.0 1.0 1.0 1 0 0 0.0 1.0 0
cell 24.631705736205568 43.148062108715266 0.0 1.0 1.0 1 0 0 0.0 1.0 0
cell 34.891639723352405 20.121234216975527 0.0 1.6431676725154984 0.6085806194501846 1 0 0 0.4618391668361467 0.8869636880820397 0.9601352710131423
cell 2.5740341055196625 26.518449901611238 0.0 1.0 1.0 1 0 0 0.0 1.0 0
cell 32.2155084543217 50.754560668125464 0.0 1.6431676725154984 0.6085806194501846 1 0 0 -0.07461207548088632 -0.9972126343927029 0.14936295315314485
cell 4.8853555065443794 34.04015369349526 0.0 1.0 1.0 1 0 0 0.0 1.0 0
cell 6.698270303363087 34.027519255060874 0.0 1.6431676725154984 0.6085806194501846 1 0 0 -0.39355982853640004 0.9192990054179322 5.474183852598888
cell 48.46131525782889 49.17627646992892 0.0 1.6431676725154984 0.6085806194501846 1 0 0 0.7592431719811473 0.6508070419102776 1.7242988358233906
cell 24.93423789284116 50.034050224719564 0.0 1.0 1.0 1 0 0 0.0 1.0 0
cell 21.564581909623968 14.234911861604994 0.0 1.0 1.0 1 0 0 0.0 1.0 0
cell 58.120244451594914 34.34257495465837 0.0 1.0 1.0 1 0 0 0.0 1.0 0
cell 38.60859089297548 33.21831646092186 0.0 1.6431676725154984 0.6085806194501846 1 0 0 -0.4068055761124097 -0.9135147635609676 0.8379089566978255
cell 7.038591757348039 54.121375498306094 0.0 1.6431676725154984 0.6085806194501846 1 0 0 -0.05443206034751112 -0.9985174764651468 0.10891795049162845
cell 40.33419196205328 32.739534455245014 0.0 1.6431676725154984 0.6085806194501846 1 0 0 0.4825769649584472 0.8758535681787759 1.0071891365916854
cell 35.29018818553346 46.547959902998784 0.0 1.0 1.0 1 0 0 0.0 1.0 0
cell 36.89884257554273 2.973112553989112 0.0 1.0 1.0 1 0 0 0.0 1.0 0
cell 47.488292903512686 47.428609165124904 0.0 1.6431676725154984 0.6085806194501846 1 0 0 0.6798661229661446 -0.733336249508357 4.788025186496015
cell 37.66535000914325 49.533289648861086 0.0 1.0 1.0 1 0 0 0.0 1.0 0
cell 2.7529839390824655 34.02287286522262 0.0 1.0 1.0 1 0 0 0.0 1.0 0
cell 38.03547575143951 26.930478245223618 0.0 1.6431676725154984 0.6085806194501846 1 0 0 0.29948389019906535 0.9541013570429686 0.6083033398597116
cell 8.293117957893381 30.363533010352533 0.0 1.0 1.0 1 0 0 0.0 1.0 0
cell 2.678115357801603 28.270989384548947 0.0 1.0 1.0 1 0 0 0.0 1.0 0
cell 12.212487831019622 20.947010201763547 0.0 1.6431676725154984 0.6085806194501846 1 0 0 0.4088712143878599 -0.9125920940075016 5.440751670261953
cell 41.24270110879847 46.79394386089552 0.0 1.0 1.0 1 0 0 0.0 1.0 0
cell 30.400526731651954 58.59683075921884 0.0 1.0 1.0 1 0 0 0.0 1.0 0
cell 18.238967689069614 3.09898250842147 0.0 1.6431676725154984 0.6085806194501846 1 0 0 0.15164586564966737 -0.9884348898290484 5.978718939396879
cell 9.802955221636955 38.6406545746272 0.0 1.0 1.0 1 0 0 0.0 1.0 0
cell 56.50923590051976 33.21008109745625 0.0 1.0 1.0 1 0 0 0.0 1.0 0
cell 6.176129248622821 38.15421082493581 0.0 1.0 1.0 1 0 0 0.0 1.0 0
cell 38.86035145034492 50.81886947655113 0.0 1.0 1.0 1 0 0 0.0 1.0 0
cell 41.141899974736276 7.4913244134827695 0.0 1.0 1.0 1 0 0 0.0 1.0 0
cell 46.68567349712653 36.08172825085522 0.0 1.0 1.0 1 0 0 0.0 1.0 0
cell 19.93576225319982 14.644551833743819 0.0 1.6431676725154984 0.6085806194501846 1 0 0 0.8486429871372174 -0.528966048421655 4.2563561403032
cell 15.62932325486985 11.989404499224054 0.0 1.0 1.0 1 0 0 0.0 1.0 0
cell 25.488795212102175 0.2823645912866456 0.0 1.0 1.0 1 0 0 0.0 1.0 0
cell 43.52880941384524 1.44361976822683 0.0 1.0 1.0 1 0 0 0.0 1.0 0
cell 41.837107823358494 2.5477665221399604 0.0 1.0 1.0 1 0 0 0.0 1.0 0
cell 6.007518698020497 55.04454797130888 0.0 1.6431676725154984 0.6085806194501846 1 0 0 -0.007831178875648733 -0.9999693358485637 0.01566251784423134
cell 42.719615320195395 17.74306660037252 0.0 1.0 1.0 1 0 0 0.0 1.0 0
cell 23.34424591656097 41.63305308994861 0.0 1.0 1.0 1 0 0 0.0 1.0 0
cell 13.399186291899154 18.923595680151195 0.0 1.6431676725154984 0.6085806194501846 1 0 0 -0.18150224882892135 0.9833905295812261 5.918157590453614
cell 52.65675487611998 17.48534466740909 0.0 1.0 1.0 1 0 0 0.0 1.0 0
cell 47.00042691865402 53.905506507048045 0.0 1.6431676725154984 0.6085806194501846 1 0 0 -0.0004079799404827551 0.9999999167761806 6.282369347275985
cell 1.5933434315268904 16.435856188642234 0.0 1.0 1.0 1 0 0 0.0 1.0 0
cell 16.501569005130477 39.599499850473535 0.0 1.0 1.0 1 0 0 0.0 1.0 0
cell 46.89436977329575 12.270170764596475 0.0 1.6431676725154984 0.6085806194501846 1 0 0 0.804667602382103 0.5937255676460614 1.870230810042922
cell 33.60263918725729 56.78477576854942 0.0 1.6431676725154984 0.6085806194501846 1 0 0 0.6128479109604117 0.7902008846055915 1.3193192198910761
cell 31.259885016400474 43.91984423980327 0.0 1.0 1.0 1 0 0 0.0 1.0 0
cell 34.83011650018619 26.557452337343392 0.0 1.6431676725154984 0.6085806194501846 1 0 0 -0.3431078028348899 -0.939296031948296 0.7004471152866003
cell 59.434297679680746 13.393383730232422 0.0 1.0 1.0 1 0 0 0.0 1.0 0
cell 0.20416647696248724 38.34910071338846 0.0 1.0 1.0 1 0 0 0.0 1.0 0
cell 37.44400240036664 27.940048341144543 0.0 1.6431676725154984 0.6085806194501846 1 0 0 -0.3288886227540034 -0.9443687170925215 0.6702529737534162
cell 34.062389898047385 13.24375252057436 0.0 1.6431676725154984 0.6085806194501846 1 0 0 0.7964199853937121 0.6047439184195899 1.8427040790307223
cell 43.6710127790726 3.2738109925340333 0.0 1.0 1.0 1 0 0 0.0 1.0 0
cell 11.315814082086527 5.135949335335963 0.0 1.6431676725154984 0.6085806194501846 1 0 0 0.6925561349049472 0.7213639857974063 1.5300530553181007
cell 40.50612159634868 28.476865777845557 0.0 1.6431676725154984 0.6085806194501846 1 0 0 0.6470215107698822 0.7624717467559432 1.4073431409744144
cell 35.446162152783955 33.360985707118665 0.0 1.0 1.0 1 0 0 0.0 1.0 0
cell 42.24753753816537 37.31071358961215 0.0 1.6431676725154984 0.6085806194501846 1 0 0 0.5142246381187789 0.8576555378190074 1.0802067117049443
cell 45.65003677021795 42.371755853580964 0.0 1.0 1.0 1 0 0 0.0 1.0 0
cell 25.892943270048388 13.502598103839167 0.0 1.0 1.0 1 0 0 0.0 1.0 0
cell 39.05757521950064 5.279137319001179 0.0 1.0 1.0 1 0 0 0.0 1.0 0
cell 9.893394974138001 31.231765879879912 0.0 1.0 1.0 1 0 0 0.0 1.0 0
cell 54.565961773519874 58.1855115418567 0.0 1.6431676725154984 0.6085806194501846 1 0 0 0.85771373812199 0.5141275556093082 2.0616123246485576
cell 7.1239427007065945 28.56976604124863 0.0 1.6431676725154984 0.6085806194501846 1 0 0 0.9931290749480621 -0.11702410218756841 3.37617837811668
cell 15.695776200050911 28.64350630361156 0.0 1.0 1.0 1 0 0 0.0 1.0 0
cell 37.01988514435692 12.514694015460966 0.0 1.0 1.0 1 0 0 0.0 1.0 0
cell 24.081872877520752 10.76249279428694 0.0 1.6431676725154984 0.6085806194501846 1 0 0 0.9172611574131183 -0.3982862903755873 3.96088824718158
cell 24.68614299536903 51.88024128504907 0.0 1.0 1.0 1 0 0 0.0 1.0 0
cell 13.547003555808315 46.36722517230126 0.0 1.0 1.0 1 0 0 0.0 1.0 0
cell 32.91262975123333 20.39272435422041 0.0 1.6431676725154984 0.6085806194501846 1 0 0 -0.44988773340397437 -0.8930851176302483 0.9332792571517947
cell 4.5813707219071995 11.523891618948287 0.0 1.6431676725154984 0.6085806194501846 1 0 0 0.9842411548951168 -0.17683141409468733 3.4971250445440187
cell 7.936723920853582 34.643931462315834 0.0 1.0 1.0 1 0 0 0.0 1.0 0
cell 41.895919389144034 25.287936829044554 0.0 1.0 1.0 1 0 0 0.0 1.0 0
cell 0.9061535881603645 29.261681602984428 0.0 1.0 1.0 1 0 0 0.0 1.0 0
cell 11.587472994036933 11.253420005654814 0.0 1.6431676725154984 0.6085806194501846 1 0 0 0.30990506368202314 0.9507675065462856 0.6301863570401891
cell 41.87111346470651 48.782851691873454 0.0 1.0 1.0 1 0 0 0.0 1.0 0
cell 53.669786450388195 41.440614979144875 0.0 1.0 1.0 1 0 0 0.0 1.0 0
cell 9.100666567302358 13.618032016533647 0.0 1.6431676725154984 0.6085806194501846 1 0 0 0.9808848380127707 -0.19458914295679622 3.53326979170336
cell 57.61148431266595 12.566246500252248 0.0 1.0 1.0 1 0 0 0.0 1.0 0
cell 28.88715280390576 54.85925165826165 0.0 1.6431676725154984 0.6085806194501846 1 0 0 0.194240972038716 -0.9809538443685588 5.892218056005352
cell 3.9960242001045656 53.71134838099181 0.0 1.6431676725154984 0.6085806194501846 1 0 0 0.17446107206065684 0.98466407182117 0.3507168399429963
cell 3.4722607113696573 10.159581157121973 0.0 1.6431676725154984 0.6085806194501846 1 0 0 0.9954430686207989 -0.09535773243323033 3.3325983399617907
cell 30.572501535329156 2.5379420148287313 0.0 1.0 1.0 1 0 0 0.0 1.0 0
cell 52.309572761027084 37.891144160657745 0.0 1.6431676725154984 0.6085806194501846 1 0 0 0.807183756732878 -0.5903002480658449 4.404454173816817
cell 22.461184007043574 1.941982490220226 0.0 1.0 1.0 1 0 0 0.0 1.0 0
cell 47.44304939438992 25.96650123517484 0.0 1.6431676725154984 0.6085806194501846 1 0 0 -0.0014304160886740712 -0.9999989769543833 0.0028608331529360598
cell 41.64717868903569 15.325279054633159 0.0 1.0 1.0 1 0 0 0.0 1.0 0
cell 50.75570481804858 15.454400529328636 0.0 1.0 1.0 1 0 0 0.0 1.0 0
cell 58.26924396979793 37.984535491254654 0.0 1.0 1.0 1 0 0 0.0 1.0 0
cell 25.293317004012284 22.373146129156524 0.0 1.6431676725154984 0.6085806194501846 1 0 0 0.030796832929432385 -0.999525665043933 6.221581900796325
cell 13.486984240960375 4.064205347708617 0.0 1.6431676725154984 0.6085806194501846 1 0 0 0.838175959011161 0.5453999099153946 1.9878603335894176
cell 59.062663193864296 28.66703999677214 0.0 1.0 1.0 1 0 0 0.0 1.0 0
cell 14.956674978278663 6.9383735558391075 0.0 1.6431676725154984 0.6085806194501846 1 0 0 0.9898252856155586 -0.1422881019483983 3.42713796331807
cell 0.843916722323837 48.955784254441554 0.0 1.6431676725154984 0.6085806194501846 1 0 0 0.9869173646699871 0.16122690629311107 2.8177252589973936
cell 48.99753573494495 25.11868811447315 0.0 1.0 1.0 1 0 0 0.0 1.0 0
cell 0.4525778306681792 21.324725003000328 0.0 1.0 1.0 1 0 0 0.0 1.0 0
cell 44.03947345205783 39.02277070952746 0.0 1.0 1.0 1 0 0 0.0 1.0 0
cell 49.33622506138214 6.130535772318001 0.0 1.6431676725154984 0.6085806194501846 1 0 0 0.7372736953247695 0.6755941815780824 1.6580520092660573
cell 27.00188421294296 8.10992679460665 0.0 1.0 1.0 1 0 0 0.0 1.0 0
cell 55.33107783940537 4.386937379261453 0.0 1.6431676725154984 0.6085806194501846 1 0 0 0.9968259683042534 0.07961148732618605 2.9822010051782284
cell 43.566986294413894 59.44573759812005 0.0 1.0 1.0 1 0 0 0.0 1.0 0
cell 43.09363585282795 43.88239084869089 0.0 1.0 1.0 1 0 0 0.0 1.0 0
cell 13.205928259066733 15.954642318747329 0.0 1.0 1.0 1 0 0 0.0 1.0 0
cell 34.708500992978294 10.099824368906884 0.0 1.6431676725154984 0.6085806194501846 1 0 0 0.798282388831056 0.6022833450147719 1.8488759428014745
cell 38.64750932473617 14.238307220482248 0.0 1.6431676725154984 0.6085806194501846 1 0 0 0.5832656427646262 0.8122814721328854 1.2454864980720508
cell 55.54141692797868 45.2375012055766 0.0 1.6431676725154984 0.6085806194501846 1 0 0 0.9649967096897749 -0.2622619878821713 3.6723236451456
cell 0.6680297619324418 57.23901750046865 0.0 1.6431676725154984 0.6085806194501846 1 0 0 0.2222485026856575 -0.9749900527974545 5.834945213549514
cell 16.385842296986038 24.45095213758336 0.0 1.6431676725154984 0.6085806194501846 1 0 0 0.9691445385065578 -0.2464931307012653 3.639712773885748
cell 38.31266317189934 21.36768776178517 0.0 1.0 1.0 1 0 0 0.0 1.0 0
cell 28.67516555311439 59.51205633581697 0.0 1.0 1.0 1 0 0 0.0 1.0 0
cell 4.811027208372918 42.11972812494917 0.0 1.0 1.0 1 0 0 0.0 1.0 0
cell 19.589186653793696 43.14739077510924 0.0 1.0 1.0 1 0 0 0.0 1.0 0
cell 21.98266188088442 47.51040212391177 0.0 1.0 1.0 1 0 0 0.0 1.0 0
cell 55.89760241244799 25.276515923540853 0.0 1.0 1.0 1 0 0 0.0 1.0 0
cell 29.60449472099878 40.915182859890386 0.0 1.0 1.0 1 0 0 0.0 1.0 0
cell 24.101532216173258 45.04228699393694 0.0 1.0 1.0 1 0 0 0.0 1.0 0
cell 40.296144132627475 45.00120215245238 0.0 1.0 1.0 1 0 0 0.0 1.0 0
cell 19.606602403792895 37.91331091152664 0.0 1.0 1.0 1 0 0 0.0 1.0 0
cell 21.081085657815645 54.73602345011954 0.0 1.0 1.0 1 0 0 0.0 1.0 0
cell 18.818774958812412 22.736748684700785 0.0 1.0 1.0 1 0 0 0.0 1.0 0
cell 29.710946456031287 32.782155521895916 0.0 1.0 1.0 1 0 0 0.0 1.0 0
cell 28.825634411357925 1.664043897045624 0.0 1.0 1.0 1 0 0 0.0 1.0 0
cell 51.051231468223044 38.739727132025564 0.0 1.0 1.0 1 0 0 0.0 1.0 0
cell 12.8914293210872 55.26912159696211 0.0 1.0 1.0 1 0 0 0.0 1.0 0
cell 2.401774813720263 32.0528402684867 0.0 1.0 1.0 1 0 0 0.0 1.0 0
cell 9.154367143228207 50.399839710443665 0.0 1.0 1.0 1 0 0 0.0 1.0 0
cell 34.77905975502291 28.076826058123725 0.0 1.6431676725154984 0.6085806194501846 1 0 0 -0.379644211305152 -0.9251325704040957 0.7788233696076645
cell 30.909235764984732 35.109076667305295 0.0 1.0 1.0 1 0 0 0.0 1.0 0
cell 53.14676480259123 58.377413612421336 0.0 1.6431676725154984 0.6085806194501846 1 0 0 0.8416951951369469 0.5399529595097863 2.000830212387819
cell 53.47140948862619 7.089658405583415 0.0 1.0 1.0 1 0 0 0.0 1.0 0
cell 3.4494701904727516 47.31228098944674 0.0 1.0 1.0 1 0 0 0.0 1.0 0
cell 57.69883656796889 31.893762839273673 0.0 1.0 1.0 1 0 0 0.0 1.0 0
cell 0.5252449999069663 5.786687293080042 0.0 1.0 1.0 1 0 0 0.0 1.0 0
cell 13.937526607530536 58.01545165783111 0.0 1.6431676725154984 0.6085806194501846 1 0 0 0.38263626378545645 0.9238990689660351 0.7852960546716835
cell 27.938426910703768 53.617329746993086 0.0 1.0 1.0 1 0 0 0.0 1.0 0
cell 59.069770882061675 39.80328063971183 0.0 1.0 1.0 1 0 0 0.0 1.0 0
cell 50.013598226954755 18.520063696859115 0.0 1.0 1.0 1 0 0 0.0 1.0 0
cell 3.911223158852558 35.54902083663741 0.0 1.0 1.0 1 0 0 0.0 1.0 0
cell 27.24776850343356 2.8439852048284755 0.0 1.0 1.0 1 0 0 0.0 1.0 0
cell 36.76868425634997 39.96474269077432 0.0 1.0 1.0 1 0 0 0.0 1.0 0
cell 23.590273272053583 23.340919109244716 0.0 1.6431676725154984 0.6085806194501846 1 0 0 -0.13889727173281213 -0.9903067948394484 0.27869561129728115
cell 44.72432349327053 10.885503025228545 0.0 1.0 1.0 1 0 0 0.0 1.0 0
cell 47.55365642270884 16.087061728468356 0.0 1.0 1.0 1 0 0 0.0 1.0 0
cell 32.34337562061537 31.775368873189535 0.0 1.0 1.0 1 0 0 0.0 1.0 0
cell 19.049947562985473 45.01490986900405 0.0 1.0 1.0 1 0 0 0.0 1.0 0
cell 23.391574345071948 5.755439707181602 0.0 1.0 1.0 1 0 0 0.0 1.0 0
cell 40.03262774978108 8.65437536984668 0.0 1.6431676725154984 0.6085806194501846 1 0 0 0.9929546193920316 -0.11849524812424228 3.379141285816502
cell 37.55099764535537 38.3968405208205 0.0 1.0 1.0 1 0 0 0.0 1.0 0
cell 30.707093563527714 56.842686045560114 0.0 1.0 1.0 1 0 0 0.0 1.0 0
cell 7.42308635680936 41.342675700531096 0.0 1.0 1.0 1 0 0 0.0 1.0 0
cell 36.14848018120962 7.962410570005542 0.0 1.6431676725154984 0.6085806194501846 1 0 0 0.8073174402812295 0.5901174040966454 1.87918413759406
cell 57.678018178785614 8.647126349249268 0.0 1.0 1.0 1 0 0 0.0 1.0 0
cell 33.933822877876786 2.939222617208712 0.0 1.6431676725154984 0.6085806194501846 1 0 0 0.6633077317593855 0.7483467464940428 1.4504604056152335
cell 57.579976022861054 51.15026600263649 0.0 1.6431676725154984 0.6085806194501846 1 0 0 0.9377003317972489 0.34744508594500145 2.4319025254255413
cell 11.567857317977927 51.96453681284246 0.0 1.0 1.0 1 0 0 0.0 1.0 0
cell 12.051810773279712 14.297878799942826 0.0 1.0 1.0 1 0 0 0.0 1.0 0
cell 42.01857012279658 38.97300239896554 0.0 1.0 1.0 1 0 0 0.0 1.0 0
cell 56.96337382818248 42.2538371426783 0.0 1.6431676725154984 0.6085806194501846 1 0 0 -0.9944189482874853 0.10550334253857392 3.3529927635039787
cell 42.1215907473096 50.656862707197476 0.0 1.0 1.0 1 0 0 0.0 1.0 0
cell 15.961742375776407 2.792743621462134 0.0 1.6431676725154984 0.6085806194501846 1 0 0 0.9430964378567248 0.33251933613243734 2.463645320254071
cell 55.34612001975814 18.189018243896708 0.0 1.0 1.0 1 0 0 0.0 1.0 0
cell 48.624185502379696 27.10047228062272 0.0 1.0 1.0 1 0 0 0.0 1.0 0
cell 57.13285384215664 1.1086952072659204 0.0 1.6431676725154984 0.6085806194501846 1 0 0 0.23243721725716676 -0.9726114023769948 5.814019738065459
cell 53.77529865642359 1.4580239729706936 0.0 1.6431676725154984 0.6085806194501846 1 0 0 0.7839732701451908 0.6207945809185642 1.802080998366642
cell 16.504685967113442 6.159285178615166 0.0 1.6431676725154984 0.6085806194501846 1 0 0 0.9685344379648201 -0.24887957424459345 3.644639167505522
cell 10.503810775742918 28.475896729801207 0.0 1.6431676725154984 0.6085806194501846 1 0 0 0.5182115407808658 -0.8552524767584838 5.193668357146774
cell 8.881857985205786 32.86868657807707 0.0 1.0 1.0 1 0 0 0.0 1.0 0
cell 14.386866209631402 42.416222981718064 0.0 1.0 1.0 1 0 0 0.0 1.0 0
cell 28.392845783940974 51.70453371895203 0.0 1.0 1.0 1 0 0 0.0 1.0 0
cell 55.983905298370345 29.134702906262813 0.0 1.0 1.0 1 0 0 0.0 1.0 0
cell 45.870745726715164 7.825830957444562 0.0 1.0 1.0 1 0 0 0.0 1.0 0
cell 48.422801199299556 11.5838311434112 0.0 1.0 1.0 1 0 0 0.0 1.0 0
cell 45.17484717304166 30.665853813575417 0.0 1.0 1.0 1 0 0 0.0 1.0 0
cell 26.900642267621897 33.05228476879946 0.0 1.6431676725154984 0.6085806194501846 1 0 0 0.9180988613448094 0.3963514612025095 2.32651384239832
cell 50.84088077723179 7.111869273903523 0.0 1.0 1.0 1 0 0 0.0 1.0 0
cell 34.692957370040126 29.922314002156835 0.0 1.0 1.0 1 0 0 0.0 1.0 0
cell 35.540918036630245 12.188981963029875 0.0 1.6431676725154984 0.6085806194501846 1 0 0 0.8816904395656757 0.4718283255364027 2.1588660746829165
cell 15.365640743772223 9.086841440389108 0.0 1.0 1.0 1 0 0 0.0 1.0 0
cell 5.5338961283375925 53.02121921729347 0.0 1.6431676725154984 0.6085806194501846 1 0 0 -0.05340899655382574 -0.9985727209808575 0.10686884183243972
cell 49.426153404037066 22.094598646542817 0.0 1.0 1.0 1 0 0 0.0 1.0 0
cell 12.975044612058872 53.03956708399952 0.0 1.0 1.0 1 0 0 0.0 1.0 0
cell 47.963334345933674 28.970751331363505 0.0 1.0 1.0 1 0 0 0.0 1.0 0
cell 0.9612457740962708 43.057591212878364 0.0 1.0 1.0 1 0 0 0.0 1.0 0
cell 40.8073403181419 23.838828710439397 0.0 1.0 1.0 1 0 0 0.0 1.0 0
cell 32.7148308101787 25.608776338155813 0.0 1.6431676725154984 0.6085806194501846 1 0 0 0.5013215329219118 0.865261070792408 1.0502508475392844
cell 29.653125526732595 12.553274984419575 0.0 1.0 1.0 1 0 0 0.0 1.0 0
cell 27.35870341475691 41.75858091888521 0.0 1.6431676725154984 0.6085806194501846 1 0 0 0.4013514310882263 0.9159241391968184 0.8259837071434797
cell 8.381769557887457 51.89535350953686 0.0 1.0 1.0 1 0 0 0.0 1.0 0
cell 26.074312480200664 20.965666287796097 0.0 1.6431676725154984 0.6085806194501846 1 0 0 0.35515485788650836 0.9348074812064857 0.7261594391525835
cell 29.700904798559232 38.57008337751366 0.0 1.0 1.0 1 0 0 0.0 1.0 0
cell 57.49311602880935 29.88106994565967 0.0 1.0 1.0 1 0 0 0.0 1.0 0
cell 44.434618308756164 14.244628404718725 0.0 1.6431676725154984 0.6085806194501846 1 0 0 0.7994882230693657 0.6006817636431026 1.8528854816509959
cell 0.37699051124399935 34.703746217496494 0.0 1.0 1.0 1 0 0 0.0 1.0 0
cell 43.795366558249604 57.63111523449406 0.0 1.0 1.0 1 0 0 0.0 1.0 0
cell 8.102818331556248 8.05809217552663 0.0 1.6431676725154984 0.6085806194501846 1 0 0 0.450092069396758 0.8929821549539184 0.9337368793142486
cell 25.566174301323237 2.3354135931322353 0.0 1.0 1.0 1 0 0 0.0 1.0 0
cell 11.474432678817172 46.34310414772703 0.0 1.0 1.0 1 0 0 0.0 1.0 0
cell 16.347145296442747 31.52280587032615 0.0 1.0 1.0 1 0 0 0.0 1.0 0
cell 44.52540271215107 40.70799962145401 0.0 1.0 1.0 1 0 0 0.0 1.0 0
cell 17.588013943906372 40.79047791962382 0.0 1.6431676725154984 0.6085806194501846 1 0 0 -0.03777177836878652 0.9992863917610703 6.207623775809675
cell 45.363202606950225 56.77596362998291 0.0 1.0 1.0 1 0 0 0.0 1.0 0
cell 26.4632213596598 56.30499026593792 0.0 1.6431676725154984 0.6085806194501846 1 0 0 0.28520679059036325 -0.9584660070138871 5.704740961446692
cell 48.3411212997396 39.6569966329619 0.0 1.0 1.0 1 0 0 0.0 1.0 0
cell 5.0043283838410515 25.295083901770862 0.0 1.0 1.0 1 0 0 0.0 1.0 0
cell 45.586691994141866 34.68125677580524 0.0 1.0 1.0 1 0 0 0.0 1.0 0
cell 17.36984763695862 29.79281172634547 0.0 1.0 1.0 1 0 0 0.0 1.0 0
cell 2.752205478753506 8.885405615468724 0.0 1.0 1.0 1 0 0 0.0 1.0 0
cell 0.07833758523063784 59.061295046920414 0.0 1.6431676725154984 0.6085806194501846 1 0 0 0.3526708443220678 -0.9357474421900174 5.562337686617765
cell 11.679809761846537 12.690081891133527 0.0 1.6431676725154984 0.6085806194501846 1 0 0 0.23991968539447237 0.97079274026963 0.4845662384864536
cell 4.780839813821426 15.642291203744273 0.0 1.6431676725154984 0.6085806194501846 1 0 0 0.17891135465400448 -0.9838651976647355 5.923425624783986
cell 24.1214777504894 24.867039541899583 0.0 1.6431676725154984 0.6085806194501846 1 0 0 0.9671803829191861 -0.2540907453967905 3.655407610267271
cell 35.13963213868231 43.228536622376254 0.0 1.0 1.0 1 0 0 0.0 1.0 0
cell 40.05506304998083 15.224141779193529 0.0 1.0 1.0 1 0 0 0.0 1.0 0
cell 36.61389079751904 50.47606819679823 0.0 1.6431676725154984 0.6085806194501846 1 0 0 0.28685203150066924 0.9579749015626344 0.58187829561105
cell 59.161984709367665 11.934253397443152 0.0 1.0 1.0 1 0 0 0.0 1.0 0
cell 18.18614681879443 42.05705167385275 0.0 1.0 1.0 1 0 0 0.0 1.0 0
cell 54.63365242520779 8.122652268339607 0.0 1.0 1.0 1 0 0 0.0 1.0 0
cell 25.708048613270147 15.962568217656298 0.0 1.6431676725154984 0.6085806194501846 1 0 0 0.5887068358092539 -0.8083466221067891 5.024269021931164
cell 44.6663296615474 45.15956664962936 0.0 1.0 1.0 1 0 0 0.0 1.0 0
cell 12.63741868919688 9.950452423120074 0.0 1.0 1.0 1 0 0 0.0 1.0 0
cell 53.79832389318712 5.637701360791988 0.0 1.0 1.0 1 0 0 0.0 1.0 0
cell 3.049650641381204 50.69929808251472 0.0 1.0 1.0 1 0 0 0.0 1.0 0
cell 37.10245011363556 22.54720609654667 0.0 1.6431676725154984 0.6085806194501846 1 0 0 0.3967944460397411 0.9179074940275926 0.81604391640985
cell 23.335942488080644 39.05129234568538 0.0 1.0 1.0 1 0 0 0.0 1.0 0
cell 56.61670048387841 35.2282295756648 0.0 1.0 1.0 1 0 0 0.0 1.0 0
cell 6.038999778366008 10.610012037003946 0.0 1.6431676725154984 0.6085806194501846 1 0 0 0.9378053730955439 -0.3471614641533932 3.850677885082803
cell 19.695169840986424 50.12777931343821 0.0 1.0 1.0 1 0 0 0.0 1.0 0
cell 16.038414253033825 17.186136547812435 0.0 1.6431676725154984 0.6085806194501846 1 0 0 -0.26901020623680433 0.963137326106943 5.738454893018556
cell 28.80808050789077 27.241659016755612 0.0 1.6431676725154984 0.6085806194501846 1 0 0 0.999999947222226 0.0003248931290693583 3.140942867320223
cell 19.2537772849191 54.07493740802955 0.0 1.0 1.0 1 0 0 0.0 1.0 0
cell 45.7236797669373 50.03093732643217 0.0 1.0 1.0 1 0 0 0.0 1.0 0
cell 19.218827668885382 34.588131983273286 0.0 1.0 1.0 1 0 0 0.0 1.0 0
cell 35.09262896958512 2.7306034825329686 0.0 1.6431676725154984 0.6085806194501846 1 0 0 0.7786695373968 0.6274342607239849 1.7850850737290065
cell 36.79270329445189 30.621990390611963 0.0 1.6431676725154984 0.6085806194501846 1 0 0 -0.4252125336885387 -0.9050935317381146 0.8783933844941103
cell 53.870224284969545 35.314576742636525 0.0 1.0 1.0 1 0 0 0.0 1.0 0
cell 55.49406064118399 6.680072520585542 0.0 1.0 1.0 1 0 0 0.0 1.0 0
cell 9.7100145672974 25.200880089468733 0.0 1.6431676725154984 0.6085806194501846 1 0 0 0.16213759526921506 -0.9867681592959494 5.957472250954843
cell 41.02778353255692 10.173320092530691 0.0 1.0 1.0 1 0 0 0.0 1.0 0
cell 8.432930810645768 43.74070661546168 0.0 1.0 1.0 1 0 0 0.0 1.0 0
cell 5.606484741867216 58.23758468298736 0.0 1.0 1.0 1 0 0 0.0 1.0 0
cell 50.18080599145691 13.717205263408491 0.0 1.0 1.0 1 0 0 0.0 1.0 0
cell 22.485641826387635 18.21650778150433 0.0 1.6431676725154984 0.6085806194501846 1 0 0 0.7322798923254882 0.6810037880186655 1.6433275866885857
cell 0.14141868619210013 36.3684984132086 0.0 1.0 1.0 1 0 0 0.0 1.0 0
cell 29.162864162963427 48.41926981154812 0.0 1.0 1.0 1 0 0 0.0 1.0 0
cell 12.745061552425769 32.952273390254646 0.0 1.0 1.0 1 0 0 0.0 1.0 0
cell 49.43611693117923 43.94166499849207 0.0 1.0 1.0 1 0 0 0.0 1.0 0
cell 14.399196739112952 53.956849343372376 0.0 1.0 1.0 1 0 0 0.0 1.0 0
cell 39.89460835858823 41.638361725595445 0.0 1.0 1.0 1 0 0 0.0 1.0 0
cell 18.079513886250922 57.52075343646592 0.0 1.0 1.0 1 0 0 0.0 1.0 0
cell 18.766829499866894 28.20097376009368 0.0 1.0 1.0 1 0 0 0.0 1.0 0
cell 0.04510378188164364 19.634680188152824 0.0 1.0 1.0 1 0 0 0.0 1.0 0
cell 5.959846897421459 7.9849965637098315 0.0 1.6431676725154984 0.6085806194501846 1 0 0 -0.159170298831119 -0.9872511412857482 0.31970036080211806
cell 39.534488588097076 36.60154670022871 0.0 1.0 1.0 1 0 0 0.0 1.0 0
cell 16.02964132018723 21.892390358996366 0.0 1.6431676725154984 0.6085806194501846 1 0 0 0.7534338994163516 -0.6575236567685385 4.576647223720978
cell 42.406627418177976 52.59565820825566 0.0 1.0 1.0 1 0 0 0.0 1.0 0
cell 57.48188028468233 40.88901005949389 0.0 1.0 1.0 1 0 0 0.0 1.0 0
cell 21.551345243509683 49.458583965446266 0.0 1.0 1.0 1 0 0 0.0 1.0 0
cell 46.25858647695714 41.05864659454161 0.0 1.0 1.0 1 0 0 0.0 1.0 0
cell 42.260195392892975 56.47662690460628 0.0 1.0 1.0 1 0 0 0.0 1.0 0
cell 52.009288386040694 40.3304629626076 0.0 1.0 1.0 1 0 0 0.0 1.0 0
cell 18.209977486901188 48.79128788067002 0.0 1.0 1.0 1 0 0 0.0 1.0 0
cell 39.62560094165647 29.000302356000454 0.0 1.6431676725154984 0.6085806194501846 1 0 0 0.46311778873355025 0.8862967413674422 0.9630194986304146
cell 30.449371511460345 46.94887558369436 0.0 1.0 1.0 1 0 0 0.0 1.0 0
cell 44.47112778842804 17.998916308186885 0.0 1.0 1.0 1 0 0 0.0 1.0 0
cell 57.34692915093322 44.481309232187876 0.0 1.6431676725154984 0.6085806194501846 1 0 0 0.7977852135118071 -0.6029417493439315 4.435959430555375
cell 42.61400000204115 33.578255008926334 0.0 1.0 1.0 1 0 0 0.0 1.0 0
cell 33.07626667439813 43.46349554182125 0.0 1.0 1.0 1 0 0 0.0 1.0 0
cell 45.3786417332857 0.1671650710069203 0.0 1.0 1.0 1 0 0 0.0 1.0 0
cell 52.509230883387886 10.645111145466846 0.0 1.6431676725154984 0.6085806194501846 1 0 0 -0.6887417817487591 0.7250067296746594 4.763680984002636
cell 6.587234636163327 42.96311622593293 0.0 1.0 1.0 1 0 0 0.0 1.0 0
cell 11.861473847467664 58.72356634159351 0.0 1.0 1.0 1 0 0 0.0 1.0 0
cell 48.194490535188805 34.70394926668501 0.0 1.0 1.0 1 0 0 0.0 1.0 0
cell 17.805403500165273 50.79059832736673 0.0 1.0 1.0 1 0 0 0.0 1.0 0
cell 30.532896980569266 6.504287419674498 0.0 1.0 1.0 1 0 0 0.0 1.0 0
cell 53.47070942509593 9.062055572335565 0.0 1.0 1.0 1 0 0 0.0 1.0 0
cell 11.555650954258063 56.75075889464957 0.0 1.0 1.0 1 0 0 0.0 1.0 0
cell 48.27906951542498 13.1426870299614 0.0 1.0 1.0 1 0 0 0.0 1.0 0
cell 43.69662012607797 42.24746487671975 0.0 1.0 1.0 1 0 0 0.0 1.0 0
cell 33.897591764748626 48.9394015444983 0.0 1.6431676725154984 0.6085806194501846 1 0 0 0.25615587709444027 0.9666354879839546 0.5180865751778384
cell 32.302589313929374 12.558096093056623 0.0 1.6431676725154984 0.6085806194501846 1 0 0 0.7075010322542193 0.7067123101794776 1.5719117483077631
cell 27.62412452670655 49.623428700973335 0.0 1.0 1.0 1 0 0 0.0 1.0 0
cell 53.215515368315586 3.9430660862273044 0.0 1.0 1.0 1 0 0 0.0 1.0 0
cell 1.5851437597934637 37.55485932934639 0.0 1.0 1.0 1 0 0 0.0 1.0 0
cell 0.5464737875248672 14.833031236280773 0.0 1.0 1.0 1 0 0 0.0 1.0 0
cell 43.5892781264874 37.295505338207484 0.0 1.0 1.0 1 0 0 0.0 1.0 0
cell 8.037797635462047 0.7538151020431948 0.0 1.6431676725154984 0.6085806194501846 1 0 0 0.8425584664053256 -0.5386048929305283 4.279153519347003
cell 57.61580068787702 26.086262592904404 0.0 1.0 1.0 1 0 0 0.0 1.0 0
cell 54.40531409994296 22.410058683863422 0.0 1.0 1.0 1 0 0 0.0 1.0 0
cell 40.6221004417169 51.751419419444666 0.0 1.0 1.0 1 0 0 0.0 1.0 0
cell 40.167978160520846 59.32243949244907 0.0 1.0 1.0 1 0 0 0.0 1.0 0
cell 6.293670708680727 1.2039831946845947 0.0 1.6431676725154984 0.6085806194501846 1 0 0 0.4756999498280968 0.8796076157773681 0.9915192259984024
cell 37.92329593909941 41.62398488611283 0.0 1.0 1.0 1 0 0 0.0 1.0 0
cell 12.554535282188047 42.67979236847651 0.0 1.0 1.0 1 0 0 0.0 1.0 0
cell 22.90537096712069 52.737017371924914 0.0 1.0 1.0 1 0 0 0.0 1.0 0
cell 54.05715151525934 19.9077939383021 0.0 1.6431676725154984 0.6085806194501846 1 0 0 -0.1553648979305417 0.9878571498405183 5.971191655339231
cell 13.573845829240524 17.531760835659856 0.0 1.6431676725154984 0.6085806194501846 1 0 0 0.226226527063736 -0.9740747191323059 5.826781259407603
cell 46.704022053394496 24.940480852392177 0.0 1.6431676725154984 0.6085806194501846 1 0 0 -0.12041983478374105 0.9927230547290904 6.041759739472522
cell 10.708210806695838 36.845437154591956 0.0 1.0 1.0 1 0 0 0.0 1.0 0
cell 53.96564480432079 39.5433214132859 0.0 1.0 1.0 1 0 0 0.0 1.0 0
cell 29.074526936640638 18.38120872346757 0.0 1.6431676725154984 0.6085806194501846 1 0 0 0.7863561174249729 -0.6177734670478511 4.473408827425921
cell 46.740003072375465 57.685677121197536 0.0 1.6431676725154984 0.6085806194501846 1 0 0 0.4104369244382167 -0.911888990534318 5.4373190018078565
cell 48.128239939931845 17.70927360113312 0.0 1.0 1.0 1 0 0 0.0 1.0 0
cell 38.27981258633601 44.79305517861939 0.0 1.0 1.0 1 0 0 0.0 1.0 0
cell 22.899053296639902 54.72527417024296 0.0 1.0 1.0 1 0 0 0.0 1.0 0
cell 4.073770721528738 32.67214815571115 0.0 1.0 1.0 1 0 0 0.0 1.0 0
cell 41.023222020881754 31.734914252982712 0.0 1.6431676725154984 0.6085806194501846 1 0 0 0.5926829617493623 0.8054358489985431 1.268771685131694
cell 57.41435605250478 22.496838569134713 0.0 1.0 1.0 1 0 0 0.0 1.0 0
cell 46.89273592659147 4.725405298299333 0.0 1.6431676725154984 0.6085806194501846 1 0 0 0.6226507355206028 0.7824998795882669 1.3442513565928027
cell 12.37468437382628 6.9300644433649845 0.0 1.6431676725154984 0.6085806194501846 1 0 0 0.7266793330759956 0.6869768168433533 1.6269515417670062
cell 52.213069946803266 5.8985620103595915 0.0 1.6431676725154984 0.6085806194501846 1 0 0 0.6601913916062676 0.7510974147532261 1.4421470965992529
cell 55.063741649061896 47.797838151034895 0.0 1.6431676725154984 0.6085806194501846 1 0 0 0.1367024979397885 0.9906121476425686 0.27426378352709435
cell 36.08057109702066 36.6916567030471 0.0 1.0 1.0 1 0 0 0.0 1.0 0
cell 32.642458061312006 58.237299134441734 0.0 1.6431676725154984 0.6085806194501846 1 0 0 0.6922408023647058 0.7216665930618296 1.5291789711792283
cell 18.335950854810914 15.082234254183948 0.0 1.6431676725154984 0.6085806194501846 1 0 0 0.7824262903458481 0.6227432056438951 1.7971049404839199
cell 58.62583924771572 51.95477507925664 0.0 1.6431676725154984 0.6085806194501846 1 0 0 0.9708131944628 0.2398369059526363 2.657196953193083
cell 18.23854551777194 31.568797737761166 0.0 1.0 1.0 1 0 0 0.0 1.0 0
cell 37.31485481165374 46.39458373858282 0.0 1.0 1.0 1 0 0 0.0 1.0 0
cell 19.160046708109014 24.395951919496408 0.0 1.6431676725154984 0.6085806194501846 1 0 0 0.9999995662358806 0.0009314118587699567 3.1397298296029112
cell 19.561851168985687 3.8455505861907695 0.0 1.6431676725154984 0.6085806194501846 1 0 0 0.35634258172271094 -0.9343553737476941 5.554484144766886
cell 6.812883304046611 46.73506152905155 0.0 1.0 1.0 1 0 0 0.0 1.0 0
cell 26.229365140965495 17.87999783784876 0.0 1.6431676725154984 0.6085806194501846 1 0 0 0.5833604480542196 -0.8122133879997179 5.037465369675224
cell 59.63982719342541 31.87858304481326 0.0 1.0 1.0 1 0 0 0.0 1.0 0
cell 9.219180879123432 0.2236336237194311 0.0 1.6431676725154984 0.6085806194501846 1 0 0 0.8867267943971944 -0.4622938374000628 4.102753290772396
cell 24.775479295370864 4.186966043431861 0.0 1.0 1.0 1 0 0 0.0 1.0 0
cell 13.378399021196449 35.09796222279151 0.0 1.0 1.0 1 0 0 0.0 1.0 0
cell 0.9759914120452184 27.584094580489992 0.0 1.0 1.0 1 0 0 0.0 1.0 0
cell 42.054959610956374 11.90805333061285 0.0 1.0 1.0 1 0 0 0.0 1.0 0
cell 14.566702840781218 55.95340062807134 0.0 1.0 1.0 1 0 0 0.0 1.0 0
cell 52.74874984293486 27.392744018545848 0.0 1.0 1.0 1 0 0 0.0 1.0 0
cell 43.518066222144284 30.404830415273107 0.0 1.0 1.0 1 0 0 0.0 1.0 0
cell 10.342627027025255 8.051810272369531 0.0 1.6431676725154984 0.6085806194501846 1 0 0 0.9146696674725602 0.4042021763989354 2.3093798354423063
cell 43.32113610032649 14.482496647491825 0.0 1.6431676725154984 0.6085806194501846 1 0 0 0.8692230322510368 0.4944201858786846 2.1072573410767084
cell 40.10285024625962 48.207382806935975 0.0 1.0 1.0 1 0 0 0.0 1.0 0
cell 12.811894711666097 50.419544043161636 0.0 1.0 1.0 1 0 0 0.0 1.0 0
cell 4.41155945218606 38.78000124429491 0.0 1.0 1.0 1 0 0 0.0 1.0 0
cell 19.36993676427449 30.04857958576175 0.0 1.0 1.0 1 0 0 0.0 1.0 0
cell 48.37056986200662 30.88607588278957 0.0 1.0 1.0 1 0 0 0.0 1.0 0
cell 32.02129415397663 6.80637637917579 0.0 1.6431676725154984 0.6085806194501846 1 0 0 -0.6404973208381842 -0.767960403926601 1.3902913548942628
cell 30.788355851751543 54.63978107497756 0.0 1.6431676725154984 0.6085806194501846 1 0 0 0.4460035410589546 -0.895031195748435 5.358594939462343
cell 37.12082856493731 43.19723752770183 0.0 1.0 1.0 1 0 0 0.0 1.0 0
cell 59.18228259303788 1.2082122505576005 0.0 1.6431676725154984 0.6085806194501846 1 0 0 0.9697074353097717 0.24426929791716573 2.6480604685027718
cell 36.80838876059961 16.366920042932364 0.0 1.0 1.0 1 0 0 0.0 1.0 0
cell 45.32971484270549 2.186460356344845 0.0 1.0 1.0 1 0 0 0.0 1.0 0
cell 42.63926600586359 16.39897532618106 0.0 1.6431676725154984 0.6085806194501846 1 0 0 0.9346843414225318 0.3554788065405983 2.414740087787654
cell 28.887408310463165 3.6299632466673257 0.0 1.0 1.0 1 0 0 0.0 1.0 0
cell 49.92270563208045 47.90452401663645 0.0 1.6431676725154984 0.6085806194501846 1 0 0 0.7631731142361673 0.6461940867162667 1.7364188876610294
cell 23.85896606334075 46.92858175911464 0.0 1.0 1.0 1 0 0 0.0 1.0 0
cell 36.65045432352371 35.03819275898104 0.0 1.0 1.0 1 0 0 0.0 1.0 0
cell 9.340961632283994 20.78240454154164 0.0 1.6431676725154984 0.6085806194501846 1 0 0 0.9661168046006946 0.25810524959431447 2.619471682806601
cell 57.528930041004536 27.911453108069857 0.0 1.0 1.0 1 0 0 0.0 1.0 0
cell 23.359282402422828 15.399394433267048 0.0 1.6431676725154984 0.6085806194501846 1 0 0 0.8294475750919736 -0.5585845685069045 4.326949338712772
cell 51.420827311280476 10.00545718142871 0.0 1.0 1.0 1 0 0 0.0 1.0 0
cell 53.588328740402886 53.57434364281336 0.0 1.6431676725154984 0.6085806194501846 1 0 0 0.6784245586834987 0.7346700743701896 1.4912321707944436
cell 50.41069097766424 8.614818574272176 0.0 1.0 1.0 1 0 0 0.0 1.0 0
cell 38.77262573584651 3.5118948894364648 0.0 1.0 1.0 1 0 0 0.0 1.0 0
cell 7.977284379542204 27.0614895538487 0.0 1.0 1.0 1 0 0 0.0 1.0 0
cell 33.93597847266084 9.07168912250433 0.0 1.6431676725154984 0.6085806194501846 1 0 0 0.7695333653761466 0.6386066078368295 1.756220244283542
cell 33.64338029729776 16.113363869357677 0.0 1.6431676725154984 0.6085806194501846 1 0 0 0.83958297872289 0.5432314624897929 1.9930301971959006
cell 38.39987373349265 30.12024478564537 0.0 1.6431676725154984 0.6085806194501846 1 0 0 0.47967812185151115 0.8774445278289715 1.000575679422942
cell 13.635314780699968 12.164866220806106 0.0 1.0 1.0 1 0 0 0.0 1.0 0
cell 55.391649420719496 52.451397139263456 0.0 1.6431676725154984 0.6085806194501846 1 0 0 0.8607498690461013 0.5090281553481296 2.073481962788758
cell 1.3400966788434614 40.79696159326104 0.0 1.0 1.0 1 0 0 0.0 1.0 0
cell 33.570979956138906 33.42227788973052 0.0 1.0 1.0 1 0 0 0.0 1.0 0
cell 6.044446687539184 26.99749393623631 0.0 1.0 1.0 1 0 0 0.0 1.0 0
cell 13.533303189054847 38.57058415279482 0.0 1.0 1.0 1 0 0 0.0 1.0 0
cell 36.49427554688047 20.511449281095654 0.0 1.6431676725154984 0.6085806194501846 1 0 0 0.4340884811509931 0.9008702406739962 0.8980524189270133
cell 28.603142851824337 30.432428066733593 0.0 1.6431676725154984 0.6085806194501846 1 0 0 0.9122285611534717 0.40968164739937607 2.297382550681508
cell 19.975617452135094 8.93673270552717 0.0 1.6431676725154984 0.6085806194501846 1 0 0 0.9520680647304262 0.3058862535657022 2.519854328952566
cell 23.103403292852533 50.76181487075636 0.0 1.0 1.0 1 0 0 0.0 1.0 0
cell 59.363306722308735 16.149893671873233 0.0 1.0 1.0 1 0 0 0.0 1.0 0
cell 59.22998591575498 23.068929767200792 0.0 1.0 1.0 1 0 0 0.0 1.0 0
cell 56.441446303592606 19.101967706696346 0.0 1.6431676725154984 0.6085806194501846 1 0 0 -0.4490751055717211 0.8934940120424689 5.351725455085682
cell 13.92478601004764 44.39740178356526 0.0 1.0 1.0 1 0 0 0.0 1.0 0
cell 37.1628386619822 33.3827096821887 0.0 1.0 1.0 1 0 0 0.0 1.0 0
cell 14.794458122346956 25.333665179746642 0.0 1.6431676725154984 0.6085806194501846 1 0 0 0.7100835869878498 -0.7041173904190045 4.703951479253028
cell 17.814764413484564 8.440356612836231 0.0 1.6431676725154984 0.6085806194501846 1 0 0 0.09541567046483342 0.9954375167883448 0.19112209321630813
cell 48.29411612359709 32.74545961391058 0.0 1.0 1.0 1 0 0 0.0 1.0 0
cell 1.8978312865651041 19.898067846180695 0.0 1.0 1.0 1 0 0 0.0 1.0 0
cell 20.42792260808153 31.27093777564538 0.0 1.6431676725154984 0.6085806194501846 1 0 0 0.9534548233726677 0.30153590132419544 2.5289864043748014
cell 33.65019394032501 38.307876640991815 0.0 1.0 1.0 1 0 0 0.0 1.0 0
cell 45.40048052325993 4.045549508115456 0.0 1.0 1.0 1 0 0 0.0 1.0 0
cell 47.57807094210349 7.644865225840872 0.0 1.6431676725154984 0.6085806194501846 1 0 0 0.4910640401433395 0.8711234748748886 1.0266215806527597
cell 34.978916164444804 23.47900050561483 0.0 1.6431676725154984 0.6085806194501846 1 0 0 -0.37381614847019135 -0.9275028232533375 0.7662401195417337
cell 42.41106490066355 20.72786226874815 0.0 1.0 1.0 1 0 0 0.0 1.0 0
cell 54.508561909676146 55.4023637700687 0.0 1.6431676725154984 0.6085806194501846 1 0 0 0.8618070770930866 0.507236199292076 2.0776431149960093
cell 41.95762605699614 58.42526475345862 0.0 1.0 1.0 1 0 0 0.0 1.0 0
cell 39.1400887790628 43.25858191900954 0.0 1.0 1.0 1 0 0 0.0 1.0 0
cell 41.763784848067736 0.5827836810551872 0.0 1.0 1.0 1 0 0 0.0 1.0 0
cell 45.31379622988907 32.70899607293971 0.0 1.0 1.0 1 0 0 0.0 1.0 0
cell 5.8529345061530025 29.47726627914779 0.0 1.6431676725154984 0.6085806194501846 1 0 0 0.9996624734787398 -0.025979590419556445 3.19355768108546
cell 27.14567242119734 14.71987101653549 0.0 1.6431676725154984 0.6085806194501846 1 0 0 0.612167066069476 -0.7907284509993869 4.9655887318963625
cell 20.440016528145197 39.490293986242854 0.0 1.6431676725154984 0.6085806194501846 1 0 0 0.8753445725242762 0.48349961670335595 2.132296041805917
cell 25.453691023150228 58.19933043866554 0.0 1.6431676725154984 0.6085806194501846 1 0 0 0.34028246988016786 -0.940323263932278 5.588750751634278
cell 50.76419190982774 5.677714228358915 0.0 1.0 1.0 1 0 0 0.0 1.0 0
cell 7.230162889025418 21.778244162314788 0.0 1.0 1.0 1 0 0 0.0 1.0 0
cell 57.497200898739806 6.791716094765639 0.0 1.0 1.0 1 0 0 0.0 1.0 0
cell 4.116286947104502 26.88809138644606 0.0 1.0 1.0 1 0 0 0.0 1.0 0
cell 36.08644236314024 31.72610507240584 0.0 1.0 1.0 1 0 0 0.0 1.0 0
cell 32.06081307390865 55.622212263141904 0.0 1.0 1.0 1 0 0 0.0 1.0 0
cell 53.32704422067172 33.34315074303468 0.0 1.0 1.0 1 0 0 0.0 1.0 0
cell 41.83785603043427 30.260790561722104 0.0 1.0 1.0 1 0 0 0.0 1.0 0
cell 49.813688027031915 2.96575633778865 0.0 1.6431676725154984 0.6085806194501846 1 0 0 0.7725901681320323 0.6349050575524801 1.7658214029332227
cell 26.11098482380129 24.90058368513313 0.0 1.6431676725154984 0.6085806194501846 1 0 0 0.9626594862878932 -0.27071518882384404 3.6898644219177785
cell 41.3039184444833 19.03223443989453 0.0 1.0 1.0 1 0 0 0.0 1.0 0
cell 31.1740930793081 17.6390780603131 0.0 1.6431676725154984 0.6085806194501846 1 0 0 0.47312578489273743 0.8809948874253648 0.9856708573941302
cell 43.89158476630194 25.456011535146008 0.0 1.0 1.0 1 0 0 0.0 1.0 0
cell 28.029793117538624 24.44078883671294 0.0 1.6431676725154984 0.6085806194501846 1 0 0 0.9934429321959319 -0.11432908846810982 3.3707519207691217
cell 58.32111736333449 14.463874422008768 0.0 1.0 1.0 1 0 0 0.0 1.0 0
cell 49.46780133188194 16.641000237117954 0.0 1.0 1.0 1 0 0 0.0 1.0 0
cell 46.64410937272672 44.98960297234503 0.0 1.0 1.0 1 0 0 0.0 1.0 0
cell 48.2984821258825 9.858929117375874 0.0 1.6431676725154984 0.6085806194501846 1 0 0 0.5463402781935397 0.8375633112925887 1.1559769846593713
cell 23.756305231245516 18.49136623351001 0.0 1.6431676725154984 0.6085806194501846 1 0 0 0.5481743725521133 -0.8363640698147529 5.122825590878884
cell 10.480907484052306 59.66835338360423 0.0 1.6431676725154984 0.6085806194501846 1 0 0 0.5230091989521783 0.8523270368886585 1.1007554206487984
cell 53.09983881287015 31.377962120940186 0.0 1.0 1.0 1 0 0 0.0 1.0 0
cell 27.03839137123204 58.66377208007299 0.0 1.0 1.0 1 0 0 0.0 1.0 0
cell 58.58005077468706 21.220815718080402 0.0 1.0 1.0 1 0 0 0.0 1.0 0
cell 25.3274999102096 6.189232250000796 0.0 1.0 1.0 1 0 0 0.0 1.0 0
cell 57.65020255392743 56.3394133555244 0.0 1.6431676725154984 0.6085806194501846 1 0 0 -0.25657084841749594 0.966525426329968 5.764240094081626
cell 12.489017364398972 36.85756983749361 0.0 1.0 1.0 1 0 0 0.0 1.0 0
cell 31.739407367169232 0.2093734517752627 0.0 1.6431676725154984 0.6085806194501846 1 0 0 -0.6971273951124 -0.7169472748980916 1.542765866351341
cell 20.994583952210185 53.068041992616756 0.0 1.0 1.0 1 0 0 0.0 1.0 0
cell 31.59038297849414 33.4767609753685 0.0 1.0 1.0 1 0 0 0.0 1.0 0
cell 2.4044670024760784 58.83468202527691 0.0 1.6431676725154984 0.6085806194501846 1 0 0 0.19042409611953653 -0.9817019219788955 5.899997048476183
cell 10.667948316086225 43.27118855132537 0.0 1.0 1.0 1 0 0 0.0 1.0 0
cell 20.687073494783153 27.62741696492827 0.0 1.0 1.0 1 0 0 0.0 1.0 0
cell 42.23571690566164 4.476232356663411 0.0 1.0 1.0 1 0 0 0.0 1.0 0
cell 1.2339061081149758 23.76393264556842 0.0 1.0 1.0 1 0 0 0.0 1.0 0
cell 45.970767447148155 28.80888462485726 0.0 1.0 1.0 1 0 0 0.0 1.0 0
cell 3.61509198863068 20.917726051912915 0.0 1.0 1.0 1 0 0 0.0 1.0 0
cell 37.04489977833521 55.3577173327871 0.0 1.0 1.0 1 0 0 0.0 1.0 0
cell 51.38920149142696 44.04687795227516 0.0 1.0 1.0 1 0 0 0.0 1.0 0
cell 21.88893561634582 25.223710443508377 0.0 1.6431676725154984 0.6085806194501846 1 0 0 0.4234531964402584 -0.9059179821730706 5.40867778797415
cell 34.12210167517038 52.96592940315407 0.0 1.6431676725154984 0.6085806194501846 1 0 0 -0.47839725536265126 -0.8781435338607705 0.9976573040032424
cell 0.3085308668141085 17.911615016085765 0.0 1.0 1.0 1 0 0 0.0 1.0 0
cell 26.45668680360191 9.859071810434875 0.0 1.0 1.0 1 0 0 0.0 1.0 0
cell 28.574610547260612 9.400116916143844 0.0 1.0 1.0 1 0 0 0.0 1.0 0
cell 57.33530029484339 15.78562393410472 0.0 1.0 1.0 1 0 0 0.0 1.0 0
cell 35.697026175187894 10.477855234417037 0.0 1.6431676725154984 0.6085806194501846 1 0 0 0.8843271326588767 0.46686777833057774 2.170101600847326
cell 14.259939460470813 51.84333118554202 0.0 1.0 1.0 1 0 0 0.0 1.0 0
cell 21.857653742666752 6.462168171410068 0.0 1.6431676725154984 0.6085806194501846 1 0 0 0.6427040118941239 0.7661145822233107 1.3960451532519176
cell 41.153260790184405 43.53280760261849 0.0 1.0 1.0 1 0 0 0.0 1.0 0
cell 56.01753985537498 11.977901273812236 0.0 1.0 1.0 1 0 0 0.0 1.0 0
cell 28.960237394220236 34.61257744971788 0.0 1.0 1.0 1 0 0 0.0 1.0 0
cell 24.620685958503632 53.77224384323804 0.0 1.0 1.0 1 0 0 0.0 1.0 0
cell 49.97022498453101 59.60900659630064 0.0 1.6431676725154984 0.6085806194501846 1 0 0 0.7299137010261967 0.6835393105405424 1.636391377989493
cell 19.711369848515414 12.355602492530139 0.0 1.6431676725154984 0.6085806194501846 1 0 0 0.9733467745444309 0.22933830138891512 2.6787970327826147
cell 38.99814492508511 23.952348634984997 0.0 1.6431676725154984 0.6085806194501846 1 0 0 0.5328280830486125 0.8462235129767672 1.1238781348403573
cell 29.785364066355676 53.30725517595615 0.0 1.0 1.0 1 0 0 0.0 1.0 0
cell 7.524873126908416 39.55778246730707 0.0 1.0 1.0 1 0 0 0.0 1.0 0
cell 56.09786762411032 31.160602436981222 0.0 1.0 1.0 1 0 0 0.0 1.0 0
cell 0.46055934973158985 11.223070310160644 0.0 1.6431676725154984 0.6085806194501846 1 0 0 0.9465210507150678 -0.32264206259141753 3.7986316631113386
cell 8.503440611078785 16.64197617980498 0.0 1.6431676725154984 0.6085806194501846 1 0 0 0.737119994660316 -0.6757618763084936 4.625588250293825
cell 23.103153521773567 56.7468003378563 0.0 1.0 1.0 1 0 0 0.0 1.0 0
cell 54.852405244027935 2.7714088313031255 0.0 1.0 1.0 1 0 0 0.0 1.0 0
cell 7.283277313293247 18.59828038744639 0.0 1.0 1.0 1 0 0 0.0 1.0 0
cell 44.01229626547531 51.34172496513012 0.0 1.0 1.0 1 0 0 0.0 1.0 0
cell 46.93559571754131 55.562011651756464 0.0 1.0 1.0 1 0 0 0.0 1.0 0
cell 7.064645392345733 25.30327712052333 0.0 1.0 1.0 1 0 0 0.0 1.0 0
cell 17.864181710132108 55.51347852277741 0.0 1.0 1.0 1 0 0 0.0 1.0 0
cell 7.352047020765651 15.144391284893985 0.0 1.6431676725154984 0.6085806194501846 1 0 0 0.4482367730609591 -0.893914870262207 5.353601539416669
cell 8.676856564393908 57.32297908278358 0.0 1.6431676725154984 0.6085806194501846 1 0 0 0.6272862716104933 -0.7787887604793783 4.927057805843529
cell 58.69114611583763 44.17974838228687 0.0 1.6431676725154984 0.6085806194501846 1 0 0 -0.8967147038770652 0.4426090146513821 4.058604887941127
cell 40.42223878581003 57.35631264984696 0.0 1.0 1.0 1 0 0 0.0 1.0 0
cell 14.701066276884744 40.43376569948401 0.0 1.0 1.0 1 0 0 0.0 1.0 0
cell 6.320901959722789 23.52889125245836 0.0 1.0 1.0 1 0 0 0.0 1.0 0
cell 27.223652837530853 6.2940186709658255 0.0 1.0 1.0 1 0 0 0.0 1.0 0
cell 16.274460267906065 56.763633479760784 0.0 1.0 1.0 1 0 0 0.0 1.0 0
cell 45.71602348263618 12.122550375722788 0.0 1.6431676725154984 0.6085806194501846 1 0 0 0.858724635422031 0.5124373137460815 2.0655512748443394
cell 34.44067452751104 5.938799098651177 0.0 1.6431676725154984 0.6085806194501846 1 0 0 0.7395490881275374 0.6731026268331806 1.6648004218959294
cell 27.225611607748238 47.7378904241563 0.0 1.0 1.0 1 0 0 0.0 1.0 0
cell 26.935928843358482 39.8608697593374 0.0 1.0 1.0 1 0 0 0.0 1.0 0
cell 34.84708372112627 52.02463592669153 0.0 1.6431676725154984 0.6085806194501846 1 0 0 0.4282310487218305 0.9036692807164584 0.8850686925230792
cell 55.92896466183102 46.765389882111265 0.0 1.6431676725154984 0.6085806194501846 1 0 0 0.21683529171157778 0.9762082033400227 0.4371429187139272
cell 7.36201644303509 57.92852925064472 0.0 1.6431676725154984 0.6085806194501846 1 0 0 0.5759907619815395 -0.8174562019533068 5.055554032263999
cell 20.598532115917877 22.042349800722356 0.0 1.6431676725154984 0.6085806194501846 1 0 0 0.302009137135424 0.9533050304528539 0.6135990030755525
cell 20.063401892294387 59.38603460607976 0.0 1.0 1.0 1 0 0 0.0 1.0 0
cell 7.036489243459667 32.24217934046349 0.0 1.0 1.0 1 0 0 0.0 1.0 0
cell 53.83842834364414 10.578883732336976 0.0 1.0 1.0 1 0 0 0.0 1.0 0
cell 1.8760958810048103 21.886569228338434 0.0 1.0 1.0 1 0 0 0.0 1.0 0
cell 21.007767360494984 2.0829505709327503 0.0 1.6431676725154984 0.6085806194501846 1 0 0 0.812173989429317 -0.5834152988176328 4.387447659278394
cell 16.380585020523032 36.666496084482716 0.0 1.0 1.0 1 0 0 0.0 1.0 0
cell 31.67180368891702 38.327621953581065 0.0 1.0 1.0 1 0 0 0.0 1.0 0
cell 20.940125893606442 44.31175155778744 0.0 1.0 1.0 1 0 0 0.0 1.0 0
cell 49.766188122036276 33.4799201284781 0.0 1.0 1.0 1 0 0 0.0 1.0 0
cell 45.22462837161433 26.924573666226884 0.0 1.0 1.0 1 0 0 0.0 1.0 0
cell 32.13201963386464 52.26122008960003 0.0 1.0 1.0 1 0 0 0.0 1.0 0
cell 27.275650337227045 45.04108412838653 0.0 1.0 1.0 1 0 0 0.0 1.0 0
cell 28.89794532644357 5.383523035469565 0.0 1.0 1.0 1 0 0 0.0 1.0 0
cell 28.855620144935568 7.380007759482081 0.0 1.0 1.0 1 0 0 0.0 1.0 0
cell 28.674730557901402 44.452061553297895 0.0 1.6431676725154984 0.6085806194501846 1 0 0 0.5183318079385091 0.8551795933482023 1.0897982056513122
cell 28.361592758170715 40.18257231471784 0.0 1.6431676725154984 0.6085806194501846 1 0 0 0.7312020784359029 0.6821609197916688 1.6401649060270105
cell 47.233968071519634 38.00575446177029 0.0 1.0 1.0 1 0 0 0.0 1.0 0
cell 57.88623627284596 59.14632889695011 0.0 1.6431676725154984 0.6085806194501846 1 0 0 0.2862908785925864 -0.9581427518040748 5.702478448804771
cell 43.04346794720653 35.54906347942677 0.0 1.0 1.0 1 0 0 0.0 1.0 0
cell 52.55696344689352 24.971499114852097 0.0 1.0 1.0 1 0 0 0.0 1.0 0
cell 40.623639348722264 20.898724453423686 0.0 1.0 1.0 1 0 0 0.0 1.0 0
cell 51.48349624463468 30.53326040982724 0.0 1.0 1.0 1 0 0 0.0 1.0 0
cell 47.43134053852064 22.169194021466684 0.0 1.0 1.0 1 0 0 0.0 1.0 0
cell 43.73962546701427 49.48144204874401 0.0 1.0 1.0 1 0 0 0.0 1.0 0
cell 22.794480594994454 3.8813999096573895 0.0 1.0 1.0 1 0 0 0.0 1.0 0
cell 44.73658649628702 36.02473806873482 0.0 1.0 1.0 1 0 0 0.0 1.0 0
cell 32.914827082262924 39.943386699871475 0.0 1.0 1.0 1 0 0 0.0 1.0 0
cell 5.655550334212129 40.32348512133322 0.0 1.0 1.0 1 0 0 0.0 1.0 0
cell 51.29774623728988 35.88122759465325 0.0 1.0 1.0 1 0 0 0.0 1.0 0
cell 20.081093556112982 41.341134926961665 0.0 1.0 1.0 1 0 0 0.0 1.0 0
cell 11.641338091554093 31.181266121512717 0.0 1.0 1.0 1 0 0 0.0 1.0 0
cell 43.78144327100728 12.096398312533823 0.0 1.0 1.0 1 0 0 0.0 1.0 0
cell 56.026314544004904 5.388523378862738 0.0 1.6431676725154984 0.6085806194501846 1 0 0 0.9999965821651664 -0.002614509128999694 3.1468216778051077
cell 59.331615975844876 41.70686847307005 0.0 1.0 1.0 1 0 0 0.0 1.0 0
cell 45.42712796698139 37.60206452382891 0.0 1.0 1.0 1 0 0 0.0 1.0 0
cell 24.974028486353845 26.72389491372774 0.0 1.6431676725154984 0.6085806194501846 1 0 0 0.9489077537587898 -0.31555360060764304 3.7836726650814483
cell 20.055031217390137 57.68497870460961 0.0 1.0 1.0 1 0 0 0.0 1.0 0
cell 3.070286041907662 22.835736015342555 0.0 1.0 1.0 1 0 0 0.0 1.0 0
cell 9.241616616900446 42.128555534487724 0.0 1.0 1.0 1 0 0 0.0 1.0 0
cell 39.61212880769892 13.280072247497738 0.0 1.0 1.0 1 0 0 0.0 1.0 0
cell 46.354079870130725 20.722500652249483 0.0 1.0 1.0 1 0 0 0.0 1.0 0
cell 30.254795184336476 18.319089569680592 0.0 1.6431676725154984 0.6085806194501846 1 0 0 0.5396777509190733 0.8418716797487196 1.1401085709165297
cell 41.66948557372011 22.323677007517766 0.0 1.0 1.0 1 0 0 0.0 1.0 0
cell 52.56502031850096 35.144175190754964 0.0 1.6431676725154984 0.6085806194501846 1 0 0 0.722189089268105 -0.6916956840562944 4.669261450894493
cell 52.140435373048895 1.3878310599210857 0.0 1.6431676725154984 0.6085806194501846 1 0 0 0.8900325536307511 0.45589697682428676 2.1948331404403354
cell 31.727783891106547 9.680851496854984 0.0 1.6431676725154984 0.6085806194501846 1 0 0 0.7041343398168676 0.7100667795994008 1.5624065653906924
cell 24.70017928830038 40.05507223179393 0.0 1.0 1.0 1 0 0 0.0 1.0 0
cell 2.423142616822324 39.12478275338644 0.0 1.0 1.0 1 0 0 0.0 1.0 0
cell 44.31640512810051 53.269972743826074 0.0 1.0 1.0 1 0 0 0.0 1.0 0
cell 2.051426375515308 35.79685978741494 0.0 1.0 1.0 1 0 0 0.0 1.0 0
cell 34.835068233067425 35.019062024742496 0.0 1.0 1.0 1 0 0 0.0 1.0 0
cell 42.983050108533014 28.58110922931566 0.0 1.0 1.0 1 0 0 0.0 1.0 0
cell 9.028043190787145 36.29977772995771 0.0 1.0 1.0 1 0 0 0.0 1.0 0
cell 42.26478430627983 45.409764915718284 0.0 1.0 1.0 1 0 0 0.0 1.0 0
cell 59.05948755157398 33.22230374639584 0.0 1.0 1.0 1 0 0 0.0 1.0 0
cell 58.257359897160086 36.077783074933514 0.0 1.0 1.0 1 0 0 0.0 1.0 0
cell 49.789077249890354 35.25624774544954 0.0 1.0 1.0 1 0 0 0.0 1.0 0
cell 20.86936705618041 19.05866957473406 0.0 1.0 1.0 1 0 0 0.0 1.0 0
cell 35.55783972189322 54.70782552050005 0.0 1.6431676725154984 0.6085806194501846 1 0 0 0.745429145271508 0.666584870350197 1.682356812914362
cell 51.524342242190016 32.46097004153809 0.0 1.0 1.0 1 0 0 0.0 1.0 0
cell 37.53512718831499 17.807172197059167 0.0 1.0 1.0 1 0 0 0.0 1.0 0
cell 23.085832207399516 34.287550356538425 0.0 1.6431676725154984 0.6085806194501846 1 0 0 0.9588545266432209 -0.2838978632110584 3.717306256803674
cell 44.26066333832375 8.992443499826738 0.0 1.0 1.0 1 0 0 0.0 1.0 0
cell 58.04390496248048 10.642747105764105 0.0 1.0 1.0 1 0 0 0.0 1.0 0
cell 51.73428412003836 52.347204333883866 0.0 1.6431676725154984 0.6085806194501846 1 0 0 0.4195443878481448 0.907734821754198 0.8658866794689657
cell 5.306435269112769 48.06766368526072 0.0 1.0 1.0 1 0 0 0.0 1.0 0
cell 30.40141694941121 0.7175452245513264 0.0 1.0 1.0 1 0 0 0.0 1.0 0
cell 35.93887677832357 41.556043777551515 0.0 1.0 1.0 1 0 0 0.0 1.0 0
cell 28.27055306125529 11.743224596470125 0.0 1.6431676725154984 0.6085806194501846 1 0 0 0.47697632378819493 -0.8789161430679829 5.2887627965834305
cell 48.4705504569698 36.575723910485166 0.0 1.0 1.0 1 0 0 0.0 1.0 0
cell 3.546049865436377 55.94102778012297 0.0 1.6431676725154984 0.6085806194501846 1 0 0 -0.08752863432540658 0.9961620039798392 6.107903737778025
cell 39.42463866530981 18.35095017686835 0.0 1.0 1.0 1 0 0 0.0 1.0 0
cell 42.80150818057942 23.844185742007213 0.0 1.0 1.0 1 0 0 0.0 1.0 0
cell 1.1067420333568503 45.0728736256578 0.0 1.0 1.0 1 0 0 0.0 1.0 0
cell 9.677448752515751 55.44580328917791 0.0 1.6431676725154984 0.6085806194501846 1 0 0 0.7175192096138296 -0.6965387166806631 4.682716994244868
cell 21.821111324944308 40.37406920572774 0.0 1.0 1.0 1 0 0 0.0 1.0 0
cell 40.746802047179926 5.771965039561099 0.0 1.0 1.0 1 0 0 0.0 1.0 0
cell 13.748575214870922 28.796913480717148 0.0 1.6431676725154984 0.6085806194501846 1 0 0 0.9142354707515085 -0.4051832968173389 3.9759512808419344
cell 26.57988983836319 11.588778176274019 0.0 1.6431676725154984 0.6085806194501846 1 0 0 0.9586377658604418 0.28462894066854977 2.5643539805231153
cell 59.032685671515196 9.146906402471137 0.0 1.0 1.0 1 0 0 0.0 1.0 0
cell 30.030728466704026 49.88054901876613 0.0 1.6431676725154984 0.6085806194501846 1 0 0 0.16500253699472905 -0.9862931424202964 5.951664140057213
cell 30.555802937816978 15.21185530922864 0.0 1.6431676725154984 0.6085806194501846 1 0 0 0.5586601436807047 0.8293966746151412 1.1855389208542992
cell 15.349359133072701 38.38692884839016 0.0 1.0 1.0 1 0 0 0.0 1.0 0
cell 27.726667721181936 29.28490823627795 0.0 1.6431676725154984 0.6085806194501846 1 0 0 0.5515363895171773 -0.8341508323069374 5.114775348593415
cell 43.86576527079178 32.149202540740134 0.0 1.0 1.0 1 0 0 0.0 1.0 0
cell 33.18072568837839 49.8551318174263 0.0 1.6431676725154984 0.6085806194501846 1 0 0 -0.1437264467451175 -0.9896174556393106 0.28845187431555086
cell 34.98924533678407 0.30028928014154743 0.0 1.6431676725154984 0.6085806194501846 1 0 0 0.8319167089481555 0.5549005220513583 1.9651058844810707
cell 14.210865734371042 5.221093498903666 0.0 1.6431676725154984 0.6085806194501846 1 0 0 0.9111313150650518 0.41211615681483443 2.292041843121698
cell 20.39763497247351 4.786071106638085 0.0 1.6431676725154984 0.6085806194501846 1 0 0 0.32347929467737596 -0.9462352487172666 5.624376958347734
cell 1.4101877496898432 10.505060542750826 0.0 1.6431676725154984 0.6085806194501846 1 0 0 0.9907446214621675 -0.13573906970281843 3.413911450376361
cell 15.080108894398274 15.81418259470188 0.0 1.0 1.0 1 0 0 0.0 1.0 0
cell 32.18892437130576 41.69501662353453 0.0 1.0 1.0 1 0 0 0.0 1.0 0
cell 17.60310212827569 43.66574462733561 0.0 1.0 1.0 1 0 0 0.0 1.0 0
cell 21.468017684258005 42.36354905814187 0.0 1.0 1.0 1 0 0 0.0 1.0 0
cell 20.353431028689794 36.12822833287672 0.0 1.0 1.0 1 0 0 0.0 1.0 0
cell 38.72059900703188 40.00179575513024 0.0 1.0 1.0 1 0 0 0.0 1.0 0
cell 35.21199823189103 48.42465652490763 0.0 1.6431676725154984 0.6085806194501846 1 0 0 0.34465725699335775 0.9387285950698501 0.7037472931109083
cell 24.236977048594746 9.199198097302311 0.0 1.6431676725154984 0.6085806194501846 1 0 0 0.9211213208630966 -0.3892756250414661 3.9412827662008043
cell 14.511564170801508 31.95632609657566 0.0 1.0 1.0 1 0 0 0.0 1.0 0
cell 42.361001219471405 54.53410404124354 0.0 1.0 1.0 1 0 0 0.0 1.0 0
cell 54.76427676270466 32.251313997072295 0.0 1.0 1.0 1 0 0 0.0 1.0 0
cell 11.5431532752146 35.051210338719535 0.0 1.0 1.0 1 0 0 0.0 1.0 0
cell 16.732354095198104 20.138509245946214 0.0 1.0 1.0 1 0 0 0.0 1.0 0
cell 30.330059616597744 45.35678703376845 0.0 1.0 1.0 1 0 0 0.0 1.0 0
cell 31.76444618276339 15.4138970811855 0.0 1.6431676725154984 0.6085806194501846 1 0 0 0.6976194041733575 0.7164685386817831 1.5441388358329786
cell 36.746830627713784 58.94763760666736 0.0 1.0 1.0 1 0 0 0.0 1.0 0
cell 25.11073370768708 38.07617830184387 0.0 1.0 1.0 1 0 0 0.0 1.0 0
cell 53.66219811065145 37.30225623923529 0.0 1.0 1.0 1 0 0 0.0 1.0 0
cell 39.31646817336296 7.183948128048139 0.0 1.0 1.0 1 0 0 0.0 1.0 0
cell 34.249673405400635 31.69710311308085 0.0 1.0 1.0 1 0 0 0.0 1.0 0
cell 45.51873928712874 14.237684342174365 0.0 1.6431676725154984 0.6085806194501846 1 0 0 0.8713380389670043 0.4906832194493053 2.1158452860773425
cell 44.10028715430644 34.12677332287219 0.0 1.0 1.0 1 0 0 0.0 1.0 0
cell 28.56898461264007 14.497873062288278 0.0 1.6431676725154984 0.6085806194501846 1 0 0 0.7586814853022458 -0.6514617439724133 4.560611727002834
cell 33.37907233740729 4.640276168859995 0.0 1.6431676725154984 0.6085806194501846 1 0 0 -0.6261444923012714 -0.7797070441908185 1.3531970369702861
cell 8.155916811624621 37.91710679700739 0.0 1.0 1.0 1 0 0 0.0 1.0 0
cell 52.45211220000683 54.72526462221494 0.0 1.6431676725154984 0.6085806194501846 1 0 0 0.45336620785343673 0.8913243414024966 0.9410767276835625
cell 10.873649844350522 33.01110163768059 0.0 1.0 1.0 1 0 0 0.0 1.0 0
cell 47.15516835538679 9.652005858833187 0.0 1.6431676725154984 0.6085806194501846 1 0 0 -0.6345017422182014 -0.772921431403003 1.3747274142330985
cell 56.700621063107604 2.975947859857566 0.0 1.6431676725154984 0.6085806194501846 1 0 0 0.9727628335980214 0.23180265220732096 2.67373185147752
cell 1.2212898548171096 30.833903396939064 0.0 1.0 1.0 1 0 0 0.0 1.0 0
cell 45.965182643435625 46.69112051960495 0.0 1.0 1.0 1 0 0 0.0 1.0 0
cell 21.834248655692836 36.63576554542 0.0 1.6431676725154984 0.6085806194501846 1 0 0 0.8673066860764755 0.4977741579140503 2.099531661914564
cell 16.437388355582204 49.29806669764106 0.0 1.0 1.0 1 0 0 0.0 1.0 0
cell 1.1885558217101972 33.139135192078896 0.0 1.0 1.0 1 0 0 0.0 1.0 0
cell 4.802379554416521 56.923555730045166 0.0 1.6431676725154984 0.6085806194501846 1 0 0 0.402693210166687 -0.9153350088823482 5.454270766702656
cell 3.105858019882659 54.81474912007131 0.0 1.6431676725154984 0.6085806194501846 1 0 0 0.013085416988336603 -0.9999143822659224 6.257013726281499
cell 37.65366685367555 8.539843648696223 0.0 1.0 1.0 1 0 0 0.0 1.0 0
cell 5.281036508086889 31.458202455286337 0.0 1.6431676725154984 0.6085806194501846 1 0 0 0.8138766249768192 -0.581037726241887 4.381598958480771
cell 33.943784553682676 41.67334976509575 0.0 1.0 1.0 1 0 0 0.0 1.0 0
cell 32.765487802213016 1.8029194856619357 0.0 1.6431676725154984 0.6085806194501846 1 0 0 0.6896416497301887 0.7241508095399907 1.5219881604173298
cell 14.397120049716586 36.74591937500373 0.0 1.0 1.0 1 0 0 0.0 1.0 0
cell 27.15077033565015 19.577966558285677 0.0 1.6431676725154984 0.6085806194501846 1 0 0 0.7385307395990702 -0.6742198058995674 4.621408210093831
cell 0.8510842590430213 9.054362371889741 0.0 1.0 1.0 1 0 0 0.0 1.0 0
cell 9.580583903739122 27.525387471599544 0.0 1.6431676725154984 0.6085806194501846 1 0 0 0.8472820198127351 0.5311432753053097 2.021693973566284
cell 48.43632171614358 56.56201947679251 0.0 1.6431676725154984 0.6085806194501846 1 0 0 0.7915408032531044 0.6111163201759795 1.8266523790245774
cell 41.05435444594381 13.639859575210368 0.0 1.0 1.0 1 0 0 0.0 1.0 0
cell 39.378806410368604 26.615048555808748 0.0 1.6431676725154984 0.6085806194501846 1 0 0 0.560007625145201 0.8284874530004858 1.188790007333352
cell 45.90109844574901 51.99773607865842 0.0 1.0 1.0 1 0 0 0.0 1.0 0
cell 37.656869279425905 6.575504747164705 0.0 1.0 1.0 1 0 0 0.0 1.0 0
cell 49.95001169827039 31.668286635085384 0.0 1.0 1.0 1 0 0 0.0 1.0 0
cell 53.75742507671664 43.428944284934275 0.0 1.0 1.0 1 0 0 0.0 1.0 0
cell 2.4009781799302736 0.2959051605913602 0.0 1.6431676725154984 0.6085806194501846 1 0 0 0.9859937876998293 0.16678204524871365 2.806462462356517
cell 15.356556050986391 34.968516025742105 0.0 1.0 1.0 1 0 0 0.0 1.0 0
cell 50.68205978785672 24.309587876516908 0.0 1.0 1.0 1 0 0 0.0 1.0 0
cell 24.125458558911575 31.086194164619286 0.0 1.6431676725154984 0.6085806194501846 1 0 0 0.9586173012542846 0.284697856921952 2.564210199438262
cell 44.24340408223816 55.19011284860229 0.0 1.0 1.0 1 0 0 0.0 1.0 0
cell 40.05554670850911 1.603041879440063 0.0 1.0 1.0 1 0 0 0.0 1.0 0
cell 49.206033151335006 58.02539611486191 0.0 1.6431676725154984 0.6085806194501846 1 0 0 0.8253996646141547 0.5645488408055063 1.9418195405791006
cell 46.192998577962484 17.42745426080583 0.0 1.0 1.0 1 0 0 0.0 1.0 0
cell 57.23946726430456 20.34037766069689 0.0 1.0 1.0 1 0 0 0.0 1.0 0
cell 3.3916541286120174 37.327885933113215 0.0 1.0 1.0 1 0 0 0.0 1.0 0
cell 37.23490719230588 51.98010186227639 0.0 1.0 1.0 1 0 0 0.0 1.0 0
cell 43.046429011450165 47.67522373916243 0.0 1.0 1.0 1 0 0 0.0 1.0 0
cell 36.15032719606372 18.385822663196436 0.0 1.6431676725154984 0.6085806194501846 1 0 0 0.5619210385507712 0.82719087666271 1.1934126747185791
cell 38.589172589191755 58.16444056678903 0.0 1.0 1.0 1 0 0 0.0 1.0 0
cell 21.931096494021023 58.41453756444476 0.0 1.0 1.0 1 0 0 0.0 1.0 0
cell 42.51146413885974 13.511441166936372 0.0 1.0 1.0 1 0 0 0.0 1.0 0
cell 13.6460107287898 1.3656593872564062 0.0 1.6431676725154984 0.6085806194501846 1 0 0 0.8032621391091074 0.5956256675747453 1.8655039889755507
cell 20.689108384112178 17.189911730959224 0.0 1.6431676725154984 0.6085806194501846 1 0 0 -0.3809015349445214 0.9246156069831979 5.5016430302934065
cell 55.69349390918935 15.107758495973627 0.0 1.0 1.0 1 0 0 0.0 1.0 0
cell 14.607089946783425 49.864903190405634 0.0 1.0 1.0 1 0 0 0.0 1.0 0
cell 18.602329265369367 46.88252687684724 0.0 1.0 1.0 1 0 0 0.0 1.0 0
cell 54.155931186100624 26.23914666573649 0.0 1.0 1.0 1 0 0 0.0 1.0 0
cell 35.45953900915448 13.860919286455601 0.0 1.0 1.0 1 0 0 0.0 1.0 0
cell 4.516225276949684 23.625828836957833 0.0 1.0 1.0 1 0 0 0.0 1.0 0
cell 56.79048438968496 39.25626339730536 0.0 1.0 1.0 1 0 0 0.0 1.0 0
cell 9.149239218419329 48.69046028370736 0.0 1.0 1.0 1 0 0 0.0 1.0 0
cell 13.6834088662138 8.387660568990682 0.0 1.6431676725154984 0.6085806194501846 1 0 0 0.6165423962353503 0.7873217091153859 1.3286870185780182
cell 35.59495888577503 4.510845874625354 0.0 1.6431676725154984 0.6085806194501846 1 0 0 0.7738461384969971 0.6333736290163069 1.7697825826571922
cell 34.309850853466195 44.84474278870075 0.0 1.0 1.0 1 0 0 0.0 1.0 0
cell 27.709639585121415 37.77117968941044 0.0 1.6431676725154984 0.6085806194501846 1 0 0 0.7323421298033855 0.6809368582438765 1.6435103772618016
cell 2.8784736755727587 5.627664047158398 0.0 1.6431676725154984 0.6085806194501846 1 0 0 0.3957397886423191 -0.9183626841751208 5.469438780977284
cell 51.79790539518197 45.617582735941106 0.0 1.6431676725154984 0.6085806194501846 1 0 0 0.9882490317135034 0.1528523840747105 2.8346847861579785
cell 59.19619059134174 26.78222615510916 0.0 1.0 1.0 1 0 0 0.0 1.0 0
cell 27.06171279345187 23.12913684851854 0.0 1.6431676725154984 0.6085806194501846 1 0 0 0.1404120314797885 -0.9900931579481392 6.001430193786381
cell 55.21240529228043 10.025376604453257 0.0 1.0 1.0 1 0 0 0.0 1.0 0
cell 44.02718819867988 5.220649077033949 0.0 1.0 1.0 1 0 0 0.0 1.0 0
cell 55.524998262797986 40.83438774155504 0.0 1.0 1.0 1 0 0 0.0 1.0 0
cell 35.05307096648882 57.76630614474371 0.0 1.6431676725154984 0.6085806194501846 1 0 0 0.8432548360585185 0.5375139825752638 2.00662023627203
cell 21.22765287574009 20.730683526983793 0.0 1.6431676725154984 0.6085806194501846 1 0 0 0.06144534843409997 0.9981104493771278 0.12296815814910445
cell 52.07881044905773 3.237291372134085 0.0 1.6431676725154984 0.6085806194501846 1 0 0 0.8708276159588023 0.4915885101215331 2.113766745295217
cell 58.30754401829958 18.924160700487455 0.0 1.0 1.0 1 0 0 0.0 1.0 0
cell 10.559813197417178 54.44896479763743 0.0 1.6431676725154984 0.6085806194501846 1 0 0 -0.7238816591626229 0.689924157808645 4.664361205554904
cell 9.294394674316985 40.377652361565545 0.0 1.0 1.0 1 0 0 0.0 1.0 0
cell 21.4951047373619 56.43937979193509 0.0 1.0 1.0 1 0 0 0.0 1.0 0
cell 20.49953525727183 46.25114158827871 0.0 1.0 1.0 1 0 0 0.0 1.0 0
cell 19.56814661782399 56.014375393182966 0.0 1.0 1.0 1 0 0 0.0 1.0 0
cell 54.182057511209806 24.29362696311312 0.0 1.0 1.0 1 0 0 0.0 1.0 0
cell 51.10621862161617 0.6872363928382259 0.0 1.6431676725154984 0.6085806194501846 1 0 0 0.7839707483891494 0.6207977655164014 1.802072874102511
cell 35.59112465052788 38.342498386981994 0.0 1.0 1.0 1 0 0 0.0 1.0 0
cell 24.108032404992638 13.045709126037513 0.0 1.6431676725154984 0.6085806194501846 1 0 0 0.8078072170810973 -0.5894467745536427 4.4023402959151126
cell 26.326778735748444 54.73365832183851 0.0 1.0 1.0 1 0 0 0.0 1.0 0
cell 56.631245132922466 13.880780925958696 0.0 1.0 1.0 1 0 0 0.0 1.0 0
cell 8.546949675789937 55.01627034925506 0.0 1.6431676725154984 0.6085806194501846 1 0 0 0.49871298633157174 -0.8667671874639957 5.238958713818942
cell 32.88797055500902 18.42373511024448 0.0 1.6431676725154984 0.6085806194501846 1 0 0 0.5007928370216418 0.8655671749713105 1.0490290142692975
cell 20.111788011810553 48.16788107383198 0.0 1.0 1.0 1 0 0 0.0 1.0 0
cell 21.44776983452899 29.239361778385568 0.0 1.6431676725154984 0.6085806194501846 1 0 0 0.9158903494879057 0.4014285337577809 2.3154405829575753
cell 39.692592456356415 22.40458765945981 0.0 1.0 1.0 1 0 0 0.0 1.0 0
cell 32.86169000149594 35.030342244574754 0.0 1.0 1.0 1 0 0 0.0 1.0 0
cell 11.608370932337266 38.697500522287704 0.0 1.0 1.0 1 0 0 0.0 1.0 0
cell 13.475182910225612 48.47190598766657 0.0 1.0 1.0 1 0 0 0.0 1.0 0
cell 41.77884424065383 34.786543071553155 0.0 1.6431676725154984 0.6085806194501846 1 0 0 0.5999851255731585 0.800011155604071 1.2869650317787351
cell 16.079840011373594 51.133661003279755 0.0 1.0 1.0 1 0 0 0.0 1.0 0
cell 5.280824010059269 21.796245573091 0.0 1.0 1.0 1 0 0 0.0 1.0 0
cell 8.416784606274993 47.02893320161629 0.0 1.6431676725154984 0.6085806194501846 1 0 0 -0.4332494047890192 0.9012740722166375 5.386995283612012
cell 40.56044684303033 34.52667564384499 0.0 1.6431676725154984 0.6085806194501846 1 0 0 0.453947651935305 0.8910283549373854 0.9423816188253354
cell 10.788152342172747 15.73226655647633 0.0 1.6431676725154984 0.6085806194501846 1 0 0 -0.031127585152368936 0.9995154193120694 6.22092007904087
cell 11.087059105573772 50.027048315877366 0.0 1.0 1.0 1 0 0 0.0 1.0 0
cell 29.87342573748376 36.66387855570306 0.0 1.0 1.0 1 0 0 0.0 1.0 0
cell 30.8656686478257 21.505129148429635 0.0 1.6431676725154984 0.6085806194501846 1 0 0 0.6720035634277747 0.7405479125217846 1.4738219852764556
cell 1.1089921559600526 25.651176708325092 0.0 1.0 1.0 1 0 0 0.0 1.0 0
cell 51.431386410436865 28.65143079543695 0.0 1.0 1.0 1 0 0 0.0 1.0 0
cell 26.744784303975926 4.582302994727589 0.0 1.0 1.0 1 0 0 0.0 1.0 0
cell 50.339622965141295 37.11421626804906 0.0 1.0 1.0 1 0 0 0.0 1.0 0
cell 12.29178068985203 47.78267878240823 0.0 1.6431676725154984 0.6085806194501846 1 0 0 0.6526741982931422 -0.7576386941559968 4.860967822035953
cell 59.33017181469038 47.36733834164077 0.0 1.6431676725154984 0.6085806194501846 1 0 0 0.9889761719444152 0.1480747491173646 2.844350100256142
cell 37.18085509180607 4.810307249367763 0.0 1.0 1.0 1 0 0 0.0 1.0 0
cell 22.34042482615687 37.96052638931895 0.0 1.6431676725154984 0.6085806194501846 1 0 0 0.8798474384506159 0.4752562309448345 2.1510821919193894
cell 57.91218876053203 3.924283073493275 0.0 1.6431676725154984 0.6085806194501846 1 0 0 0.8656060607252687 0.5007256211096877 2.092718946508787
cell 1.3488783461543474 13.216701843375612 0.0 1.0 1.0 1 0 0 0.0 1.0 0
cell 38.70922653724811 31.87448681398865 0.0 1.6431676725154984 0.6085806194501846 1 0 0 0.4403615775576977 0.8978205171474395 0.9120027234933554
cell 32.693288217605335 22.085467490564646 0.0 1.6431676725154984 0.6085806194501846 1 0 0 0.44312839180303054 0.8964581576281515 0.9181708000385004
cell 55.22655024459408 38.27171318762205 0.0 1.0 1.0 1 0 0 0.0 1.0 0
cell 26.815181329596342 35.9656132624054 0.0 1.6431676725154984 0.6085806194501846 1 0 0 0.2643755201230955 -0.964419817485955 5.748072615009582
cell 16.23569596437975 42.18647251679629 0.0 1.0 1.0 1 0 0 0.0 1.0 0
cell 6.636644575032941 49.09506135720177 0.0 1.6431676725154984 0.6085806194501846 1 0 0 0.6522185179896814 -0.758031005164923 4.862170406715017
cell 48.38642139632516 45.255005290562416 0.0 1.6431676725154984 0.6085806194501846 1 0 0 0.7600091434565471 -0.6499123801424663 4.556530939874552
cell 10.105703708132864 22.448920909228804 0.0 1.6431676725154984 0.6085806194501846 1 0 0 0.6187517965009887 -0.7855865415896578 4.948879654936062
cell 49.45354831157319 50.57381840546056 0.0 1.6431676725154984 0.6085806194501846 1 0 0 0.9415350082417471 0.33691516477477434 2.4543154946697325
cell 17.593159811959058 38.16245841206068 0.0 1.0 1.0 1 0 0 0.0 1.0 0
cell 2.906712873718897 11.923451971437299 0.0 1.6431676725154984 0.6085806194501846 1 0 0 0.9774844325045823 -0.21100754538924604 3.566803850945816
cell 54.49279840814329 11.942308446313993 0.0 1.0 1.0 1 0 0 0.0 1.0 0
cell 45.77338918959053 5.975899727160544 0.0 1.0 1.0 1 0 0 0.0 1.0 0
cell 40.827964008180246 37.817584252157175 0.0 1.0 1.0 1 0 0 0.0 1.0 0
cell 1.2771288859844112 53.67282167605699 0.0 1.6431676725154984 0.6085806194501846 1 0 0 0.08300341771944636 0.9965492625288983 0.1661980480639356
cell 41.726102030815184 41.93791328644674 0.0 1.0 1.0 1 0 0 0.0 1.0 0
cell 51.113767765458405 22.38665592738489 0.0 1.0 1.0 1 0 0 0.0 1.0 0
cell 52.72057504567793 22.976871504348743 0.0 1.0 1.0 1 0 0 0.0 1.0 0
cell 53.87799096960342 21.038376877251814 0.0 1.6431676725154984 0.6085806194501846 1 0 0 -0.1835588874186495 0.9830087155512038 5.913974029368735
cell 48.67465665044916 19.351417856566865 0.0 1.0 1.0 1 0 0 0.0 1.0 0
cell 9.225729272279107 19.403566493249304 0.0 1.6431676725154984 0.6085806194501846 1 0 0 0.20986317337914806 -0.9777307648116804 5.860315277958906
cell 2.982255136545821 29.726791921702137 0.0 1.6431676725154984 0.6085806194501846 1 0 0 0.9992487271689787 -0.0387554028643228 3.219122875740861
cell 1.7705699860071056 1.738986907057516 0.0 1.6431676725154984 0.6085806194501846 1 0 0 -0.9999899603347111 -0.004480985358468246 3.1326306528810073
cell 27.085285253680905 0.9367163544437745 0.0 1.0 1.0 1 0 0 0.0 1.0 0
cell 4.708847821704261 44.10388280979378 0.0 1.0 1.0 1 0 0 0.0 1.0 0
cell 40.55008946488871 55.46313475042766 0.0 1.0 1.0 1 0 0 0.0 1.0 0
cell 2.7533070830627087 57.33913052369549 0.0 1.6431676725154984 0.6085806194501846 1 0 0 0.2294669612631325 -0.9733164509493631 5.820125316300903
cell 3.859124487754625 18.99337410997083 0.0 1.0 1.0 1 0 0 0.0 1.0 0
cell 21.318601291490438 10.704627147943263 0.0 1.6431676725154984 0.6085806194501846 1 0 0 0.9827060621380078 0.18517233982755063 2.7690981892965842
cell 46.72783493764121 23.596034634741343 0.0 1.0 1.0 1 0 0 0.0 1.0 0
cell 18.736211064216484 39.59151940895267 0.0 1.0 1.0 1 0 0 0.0 1.0 0
cell 30.524204295601866 30.913436106287694 0.0 1.0 1.0 1 0 0 0.0 1.0 0
cell 18.065632386466923 59.60444215217419 0.0 1.0 1.0 1 0 0 0.0 1.0 0
cell 42.5508238856004 6.390953940766218 0.0 1.0 1.0 1 0 0 0.0 1.0 0
cell 33.2356039299593 46.004798798131134 0.0 1.6431676725154984 0.6085806194501846 1 0 0 0.40101546225926976 0.9160712849058114 0.8252501489243488
cell 32.84937883690699 53.92687370135456 0.0 1.0 1.0 1 0 0 0.0 1.0 0
cell 9.801874545360826 34.62276992339356 0.0 1.0 1.0 1 0 0 0.0 1.0 0
cell 38.28224768203246 1.8875252585048805 0.0 1.0 1.0 1 0 0 0.0 1.0 0
cell 47.50482501685702 40.90823708013246 0.0 1.6431676725154984 0.6085806194501846 1 0 0 0.608697387845427 0.7934024766977689 1.308835499755826
cell 8.243292586337157 45.4142962107967 0.0 1.0 1.0 1 0 0 0.0 1.0 0
cell 28.42561093625742 20.2151650822202 0.0 1.6431676725154984 0.6085806194501846 1 0 0 0.7782409018323013 -0.6279658419971952 4.499465967121983
cell 8.32816680293549 23.536870624769133 0.0 1.0 1.0 1 0 0 0.0 1.0 0
cell 21.164760966822833 34.317350831178594 0.0 1.0 1.0 1 0 0 0.0 1.0 0
cell 33.056198905222836 24.020464404029283 0.0 1.6431676725154984 0.6085806194501846 1 0 0 0.36383289423917664 0.9314642371393247 0.7447590326052607
cell 49.91946029263578 12.181400573815182 0.0 1.0 1.0 1 0 0 0.0 1.0 0
cell 40.66364448208784 53.59198638644751 0.0 1.0 1.0 1 0 0 0.0 1.0 0
cell 30.655278001946673 4.521521110483341 0.0 1.0 1.0 1 0 0 0.0 1.0 0
cell 6.570524789588371 44.7745098582866 0.0 1.0 1.0 1 0 0 0.0 1.0 0
cell 26.36035752659529 52.84223962074355 0.0 1.0 1.0 1 0 0 0.0 1.0 0
cell 14.538249731581782 33.53356440623754 0.0 1.6431676725154984 0.6085806194501846 1 0 0 0.9759881121316013 0.21782379341521182 2.7024243205026948
cell 37.94436095583844 36.72243383767464 0.0 1.0 1.0 1 0 0 0.0 1.0 0
cell 46.77826260863859 1.5355121068034416 0.0 1.6431676725154984 0.6085806194501846 1 0 0 0.7069969710798155 0.7072165742429729 1.5704857610219713
cell 18.412186833423902 36.41681588647648 0.0 1.0 1.0 1 0 0 0.0 1.0 0
cell 43.2283882877882 19.321679008409504 0.0 1.0 1.0 1 0 0 0.0 1.0 0
cell 28.530697026440695 46.52235954138014 0.0 1.0 1.0 1 0 0 0.0 1.0 0
cell 46.84894364553588 33.85706207746453 0.0 1.0 1.0 1 0 0 0.0 1.0 0
cell 40.79274064993391 17.09530743835508 0.0 1.0 1.0 1 0 0 0.0 1.0 0
cell 23.61582764170856 21.52583067592886 0.0 1.6431676725154984 0.6085806194501846 1 0 0 -0.09916649487582858 0.9950708549113687 6.084525802867973
cell 31.06735469385519 40.081075971897555 0.0 1.0 1.0 1 0 0 0.0 1.0 0
cell 44.514720704266345 28.78982108357598 0.0 1.0 1.0 1 0 0 0.0 1.0 0
cell 49.834886585742474 29.82472203334215 0.0 1.0 1.0 1 0 0 0.0 1.0 0
cell 38.392328207953284 48.04504555866683 0.0 1.0 1.0 1 0 0 0.0 1.0 0
cell 39.062484177710814 16.775129845778032 0.0 1.0 1.0 1 0 0 0.0 1.0 0
cell 55.89352170280933 16.682331501146933 0.0 1.6431676725154984 0.6085806194501846 1 0 0 -0.937481152605577 0.34803604484208084 3.8525433720114264
cell 11.019657230198028 41.3254317535583 0.0 1.0 1.0 1 0 0 0.0 1.0 0
cell 52.059630261485424 8.273862424190673 0.0 1.0 1.0 1 0 0 0.0 1.0 0
cell 50.09263721450078 10.535291129172704 0.0 1.0 1.0 1 0 0 0.0 1.0 0
cell 37.99259854641018 15.332229391318819 0.0 1.6431676725154984 0.6085806194501846 1 0 0 0.624186117158943 0.7812756819113482 1.3481787261789884
cell 17.160220004302687 45.466087244333245 0.0 1.0 1.0 1 0 0 0.0 1.0 0
cell 38.85424855734094 54.499384625072224 0.0 1.0 1.0 1 0 0 0.0 1.0 0
cell 6.49374115693104 51.76474440479166 0.0 1.0 1.0 1 0 0 0.0 1.0 0
cell 3.7181071166351956 30.993469919127055 0.0 1.0 1.0 1 0 0 0.0 1.0 0
cell 2.4994371497352943 14.864729481854251 0.0 1.0 1.0 1 0 0 0.0 1.0 0
cell 46.89480646593025 27.441691397480994 0.0 1.0 1.0 1 0 0 0.0 1.0 0
cell 50.93026701186985 57.33562365883684 0.0 1.6431676725154984 0.6085806194501846 1 0 0 0.7082505887671942 0.7059611203961043 1.5740341254302053
cell 19.128202826276098 26.01696240795894 0.0 1.6431676725154984 0.6085806194501846 1 0 0 0.00741597017061107 0.9999725013151255 0.01483207629566874
cell 3.6245346418509934 52.144725588949846 0.0 1.6431676725154984 0.6085806194501846 1 0 0 -0.10983896053133078 0.993949396473179 6.06306324967875
cell 12.700030118492712 40.381949867040376 0.0 1.0 1.0 1 0 0 0.0 1.0 0
cell 9.241094568444858 6.606828817613469 0.0 1.6431676725154984 0.6085806194501846 1 0 0 0.6887926634337908 -0.7249583897023226 4.7635406173570365
cell 38.686069052263406 11.668584549662558 0.0 1.0 1.0 1 0 0 0.0 1.0 0
cell 9.941703117258355 46.911985198107296 0.0 1.0 1.0 1 0 0 0.0 1.0 0
cell 3.110859572847963 45.60581433278712 0.0 1.0 1.0 1 0 0 0.0 1.0 0
cell 28.860884523506517 57.62875562626383 0.0 1.0 1.0 1 0 0 0.0 1.0 0
cell 59.02962781270988 30.382116662291626 0.0 1.0 1.0 1 0 0 0.0 1.0 0
cell 49.1844328447384 8.84792018117758 0.0 1.6431676725154984 0.6085806194501846 1 0 0 0.7164843292593785 0.6976031865794038 1.5974990881751678
cell 51.820830676508386 19.281303353456718 0.0 1.0 1.0 1 0 0 0.0 1.0 0
cell 56.62167209499327 10.312240259825405 0.0 1.0 1.0 1 0 0 0.0 1.0 0
cell 31.192620339895115 28.681341252666115 0.0 1.0 1.0 1 0 0 0.0 1.0 0
cell 50.00662356531526 40.31046052606134 0.0 1.0 1.0 1 0 0 0.0 1.0 0
cell 43.50227683373419 27.06998035625476 0.0 1.0 1.0 1 0 0 0.0 1.0 0
cell 35.17995215275163 22.04150650218798 0.0 1.6431676725154984 0.6085806194501846 1 0 0 0.37554760297797074 0.9268031063270669 0.7699751105741172
cell 51.44677201342931 12.008119603898358 0.0 1.0 1.0 1 0 0 0.0 1.0 0
cell 48.82709197101332 41.92264514742786 0.0 1.0 1.0 1 0 0 0.0 1.0 0
cell 47.29682551336726 43.203940425000155 0.0 1.0 1.0 1 0 0 0.0 1.0 0
cell 45.89371149556763 15.728054309855821 0.0 1.0 1.0 1 0 0 0.0 1.0 0
cell 40.693681910783575 40.01938530821738 0.0 1.0 1.0 1 0 0 0.0 1.0 0
cell 15.702534377838582 44.06383712381788 0.0 1.0 1.0 1 0 0 0.0 1.0 0
cell 43.58794459101911 22.35503898023783 0.0 1.0 1.0 1 0 0 0.0 1.0 0
cell 46.721285150662034 31.941435230006913 0.0 1.0 1.0 1 0 0 0.0 1.0 0
cell 0.47266660041753145 2.748909647162353 0.0 1.6431676725154984 0.6085806194501846 1 0 0 0.9873420861840639 -0.15860518544392035 3.4601482452031824
cell 3.0700498537704184 13.353443644326527 0.0 1.6431676725154984 0.6085806194501846 1 0 0 0.924476175036616 -0.3812398218833757 3.9238667209438542
cell 19.177261588811767 16.882102699422546 0.0 1.6431676725154984 0.6085806194501846 1 0 0 0.7419906895432309 0.670410185357562 1.672069719830732
cell 34.393803887808126 17.709026595311332 0.0 1.0 1.0 1 0 0 0.0 1.0 0
cell 45.869876205134425 39.334209560171125 0.0 1.0 1.0 1 0 0 0.0 1.0 0
cell 37.32028553057123 25.417438230963626 0.0 1.6431676725154984 0.6085806194501846 1 0 0 0.24516378563321456 0.9694816750274299 0.4953772607381601
cell 3.577452078511864 49.05943868746713 0.0 1.0 1.0 1 0 0 0.0 1.0 0
cell 56.22244199484605 8.34947507409205 0.0 1.0 1.0 1 0 0 0.0 1.0 0
cell 36.270847355121276 44.82357826115923 0.0 1.0 1.0 1 0 0 0.0 1.0 0
cell 56.72192506675237 37.224882194497454 0.0 1.0 1.0 1 0 0 0.0 1.0 0
cell 16.281862496466132 58.72920810709452 0.0 1.0 1.0 1 0 0 0.0 1.0 0
cell 0.7319068984352772 55.936928185048856 0.0 1.6431676725154984 0.6085806194501846 1 0 0 0.12939190214872479 -0.9915935334895719 6.023673903214859
cell 33.67212989034568 0.01559832396915084 0.0 1.6431676725154984 0.6085806194501846 1 0 0 0.7093611102216973 0.7048452420957674 1.5771827395977174
cell 15.9583618846446 52.81109221709615 0.0 1.0 1.0 1 0 0 0.0 1.0 0
cell 39.57610993335352 30.394152431289637 0.0 1.6431676725154984 0.6085806194501846 1 0 0 0.4924981915320634 0.8703134672850047 1.029915759223978
cell 22.60581234431078 32.76735217573452 0.0 1.6431676725154984 0.6085806194501846 1 0 0 0.9953485385442574 0.09633943542397808 2.9486144796753706
cell 41.805467249157985 26.974438474796806 0.0 1.0 1.0 1 0 0 0.0 1.0 0
cell 46.95467480863722 19.05035020537577 0.0 1.0 1.0 1 0 0 0.0 1.0 0
cell 51.935081754428914 13.84945911110341 0.0 1.0 1.0 1 0 0 0.0 1.0 0
cell 32.78538386587541 15.234488997000105 0.0 1.6431676725154984 0.6085806194501846 1 0 0 0.7637796756889009 0.6454770383248015 1.7382972648930923
cell 46.80107098311757 30.258158874035857 0.0 1.0 1.0 1 0 0 0.0 1.0 0
cell 5.061001887458361 13.771666806903983 0.0 1.6431676725154984 0.6085806194501846 1 0 0 0.9531312305842486 -0.3025571967165149 3.7563415709366885
cell 45.44284007059383 22.277832610369064 0.0 1.0 1.0 1 0 0 0.0 1.0 0
cell 45.004546257909524 48.185993584613726 0.0 1.0 1.0 1 0 0 0.0 1.0 0
cell 48.95834066219531 14.904545344766884 0.0 1.0 1.0 1 0 0 0.0 1.0 0
cell 48.65732210198503 4.2679503359592434 0.0 1.6431676725154984 0.6085806194501846 1 0 0 0.7275221399170505 0.6860842046939396 1.6294068055083455
cell 54.40984491446265 28.232419999944497 0.0 1.0 1.0 1 0 0 0.0 1.0 0
cell 44.35108442603731 16.535152094595947 0.0 1.0 1.0 1 0 0 0.0 1.0 0
cell 25.33993426633865 48.25231544846045 0.0 1.0 1.0 1 0 0 0.0 1.0 0
cell 30.228838856997523 10.497822729212158 0.0 1.0 1.0 1 0 0 0.0 1.0 0
cell 52.39540981724989 15.77127805253975 0.0 1.0 1.0 1 0 0 0.0 1.0 0
cell 24.061296881911563 57.91571383164633 0.0 1.6431676725154984 0.6085806194501846 1 0 0 0.42277514369920827 -0.9062346152460266 5.410174467029485
cell 55.74703840344081 43.49127687086074 0.0 1.0 1.0 1 0 0 0.0 1.0 0
cell 55.07879575995221 34.22819635813783 0.0 1.0 1.0 1 0 0 0.0 1.0 0
cell 16.647017076315002 18.70166166045904 0.0 1.6431676725154984 0.6085806194501846 1 0 0 -0.0862822509507451 -0.9962707328687683 0.1727793354459939
cell 45.11570166575181 43.72181043686475 0.0 1.0 1.0 1 0 0 0.0 1.0 0
cell 48.31273175962802 20.74441271781234 0.0 1.0 1.0 1 0 0 0.0 1.0 0
cell 38.36669448402445 0.2301512717461192 0.0 1.0 1.0 1 0 0 0.0 1.0 0
cell 36.725725431091185 14.46076544398437 0.0 1.0 1.0 1 0 0 0.0 1.0 0
cell 16.691889781592543 26.592155650918148 0.0 1.6431676725154984 0.6085806194501846 1 0 0 0.8583116267460648 -0.5131287863612058 4.219244883760996
cell 5.0569633420158295 46.076672922841446 0.0 1.0 1.0 1 0 0 0.0 1.0 0
cell 30.36000858308156 51.703854109756584 0.0 1.0 1.0 1 0 0 0.0 1.0 0
cell 8.349285519646244 53.23818935465083 0.0 1.6431676725154984 0.6085806194501846 1 0 0 0.05621649625829016 0.9984186023649808 0.11249229712142869
cell 38.40174889442149 34.96451345624434 0.0 1.0 1.0 1 0 0 0.0 1.0 0
cell 17.004522263269727 33.60782465212846 0.0 1.6431676725154984 0.6085806194501846 1 0 0 0.9999618134164077 0.008739090854861686 3.1241142493993226
cell 52.1545748980199 42.30136430949126 0.0 1.0 1.0 1 0 0 0.0 1.0 0
cell 36.86193869583573 57.12799645295911 0.0 1.0 1.0 1 0 0 0.0 1.0 0
cell 24.6645872404063 55.71055529066907 0.0 1.0 1.0 1 0 0 0.0 1.0 0
cell 57.63296811502746 24.293421758149357 0.0 1.0 1.0 1 0 0 0.0 1.0 0
cell 16.363253035229604 15.108265585243968 0.0 1.6431676725154984 0.6085806194501846 1 0 0 0.9407587298471551 -0.33907670550535807 3.833463229013751
cell 45.86862379719242 9.768948075715437 0.0 1.0 1.0 1 0 0 0.0 1.0 0
cell 53.15108924119717 12.660279683447182 0.0 1.6431676725154984 0.6085806194501846 1 0 0 -0.7128378706002946 0.7013288602631705 4.696112602212614
cell 50.32233597599405 20.489972737148356 0.0 1.0 1.0 1 0 0 0.0 1.0 0
cell 5.690177374222357 19.835984625032214 0.0 1.0 1.0 1 0 0 0.0 1.0 0
cell 13.37096792305303 30.612650656965297 0.0 1.0 1.0 1 0 0 0.0 1.0 0
cell 2.7824443129352097 42.14577647200174 0.0 1.0 1.0 1 0 0 0.0 1.0 0
cell 39.13371557725326 9.873273235475859 0.0 1.0 1.0 1 0 0 0.0 1.0 0
cell 17.541366606887983 13.228885635944525 0.0 1.6431676725154984 0.6085806194501846 1 0 0 0.7164457077205889 0.6976428512417686 1.5973883649400313
cell 51.414888184258714 34.09121544637809 0.0 1.0 1.0 1 0 0 0.0 1.0 0
cell 32.77153403598106 29.840453117047282 0.0 1.0 1.0 1 0 0 0.0 1.0 0
cell 20.20755011229548 6.810064854406173 0.0 1.0 1.0 1 0 0 0.0 1.0 0
cell 55.8738099258134 23.450451182235085 0.0 1.0 1.0 1 0 0 0.0 1.0 0
cell 17.115288468590087 10.008395645071607 0.0 1.0 1.0 1 0 0 0.0 1.0 0
cell 59.272194290037845 24.939034336997096 0.0 1.0 1.0 1 0 0 0.0 1.0 0
cell 48.7425970907303 23.55372492825014 0.0 1.0 1.0 1 0 0 0.0 1.0 0
cell 59.63615150960928 54.811418432963684 0.0 1.6431676725154984 0.6085806194501846 1 0 0 0.021540125221538607 -0.9997679845871443 6.240101724666573
cell 2.9121699144575053 3.7462496636196327 0.0 1.6431676725154984 0.6085806194501846 1 0 0 0.437133505600477 -0.8993966301256847 5.3783671768016585
cell 30.617654967585775 42.237759263886645 0.0 1.0 1.0 1 0 0 0.0 1.0 0
cell 38.91598412078184 52.6737306334465 0.0 1.0 1.0 1 0 0 0.0 1.0 0
cell 15.70814809795441 13.492786856023542 0.0 1.6431676725154984 0.6085806194501846 1 0 0 0.9643662641113596 -0.2645708008150171 3.677110327303614
cell 54.197590499879475 16.774081688530547 0.0 1.0 1.0 1 0 0 0.0 1.0 0
cell 37.42124072357802 24.211144757603627 0.0 1.6431676725154984 0.6085806194501846 1 0 0 0.2855712651447756 0.9583574763748715 0.5792049260433472
cell 44.80932490153834 23.99543322905363 0.0 1.0 1.0 1 0 0 0.0 1.0 0
cell 19.350892523721992 32.985113641724645 0.0 1.6431676725154984 0.6085806194501846 1 0 0 0.999252008151371 -0.03867071508845209 3.2189533731245783
cell 50.45287979217221 42.2390760882017 0.0 1.0 1.0 1 0 0 0.0 1.0 0
cell 14.028434127086806 14.137715254456992 0.0 1.0 1.0 1 0 0 0.0 1.0 0
cell 6.517463258076573 30.77627592943131 0.0 1.0 1.0 1 0 0 0.0 1.0 0
cell 25.64247421772076 35.205749424541246 0.0 1.6431676725154984 0.6085806194501846 1 0 0 0.9609635795117868 0.2766748974010721 2.5809282505197673
cell 54.70474016983972 13.544202264046753 0.0 1.0 1.0 1 0 0 0.0 1.0 0
cell 40.38162706850818 35.70594943416319 0.0 1.6431676725154984 0.6085806194501846 1 0 0 0.4080013148430237 0.9129813399442313 0.8405276068170231
cell 39.271623739839605 46.44085886253916 0.0 1.0 1.0 1 0 0 0.0 1.0 0
cell 40.296193096614815 49.89987433563563 0.0 1.0 1.0 1 0 0 0.0 1.0 0
cell 13.779566589016994 20.97020679661652 0.0 1.6431676725154984 0.6085806194501846 1 0 0 0.6293723499016703 -0.7771038831322679 4.9216947699046685
cell 53.8026225878276 14.99407583467516 0.0 1.0 1.0 1 0 0 0.0 1.0 0
cell 3.665456070038179 40.55832943319015 0.0 1.0 1.0 1 0 0 0.0 1.0 0
cell 35.425182302327926 7.0215426263469585 0.0 1.6431676725154984 0.6085806194501846 1 0 0 0.8368948597008202 0.5473636760019287 1.9831709433500766
cell 21.81483472681245 12.44358250190717 0.0 1.6431676725154984 0.6085806194501846 1 0 0 0.9729665008010182 0.2309462888184656 2.67549234985398
cell 38.70436715266981 56.332706196284704 0.0 1.0 1.0 1 0 0 0.0 1.0 0
cell 47.78074313242452 59.695581980755634 0.0 1.6431676725154984 0.6085806194501846 1 0 0 0.6802905466421098 0.7329425435526168 1.4963179459651486
cell 35.51818771351191 25.477029479392275 0.0 1.6431676725154984 0.6085806194501846 1 0 0 0.4055417597471266 0.9140765181871832 0.8351428761710636
cell 16.187694931477377 54.72529225111701 0.0 1.0 1.0 1 0 0 0.0 1.0 0
cell 47.22821675159304 14.379875181832412 0.0 1.0 1.0 1 0 0 0.0 1.0 0
cell 12.346069464809814 3.279630313209348 0.0 1.6431676725154984 0.6085806194501846 1 0 0 0.7230509907122863 0.6907946618424184 1.6164176207734189
cell 40.42031249957052 11.759356654268196 0.0 1.0 1.0 1 0 0 0.0 1.0 0
cell 29.319801402442362 43.16815415351021 0.0 1.6431676725154984 0.6085806194501846 1 0 0 0.5327962711647374 0.8462435426240792 1.1238029501949223
cell 6.57299440723964 9.316451095022835 0.0 1.6431676725154984 0.6085806194501846 1 0 0 0.9942342225428807 -0.10723017637098987 3.3564661361839874
cell 2.3251260765028627 17.999305139079045 0.0 1.0 1.0 1 0 0 0.0 1.0 0
cell 14.941551309973839 20.247433705489193 0.0 1.6431676725154984 0.6085806194501846 1 0 0 0.6985608657700606 -0.715550638889089 4.736416725947081
cell 22.444246951151776 0.2764629797103911 0.0 1.6431676725154984 0.6085806194501846 1 0 0 -0.08213228275470273 0.9966214367198317 6.118735498560679
cell 55.22877389025753 36.29497486255264 0.0 1.0 1.0 1 0 0 0.0 1.0 0
cell 31.41424344877269 48.27475447124186 0.0 1.0 1.0 1 0 0 0.0 1.0 0
