1000
 Lattice="59.74940712514713 0.0 0.0 0.0 59.74940712514713 0.0 0.0 0.0 1.0"Properties=species:S:1:pos:R:3:aspherical_shape:R:3:orientation:R:4:Color:R:1
cell 52.517714699786 1.2995459992428264 0.0 1.6431676725154984 0.6085806194501846 1 0 0 0.998569011866436 0.053478299712028554 3.0345850070705653
cell 30.15048568153295 39.99749371255656 0.0 1.6431676725154984 0.6085806194501846 1 0 0 0.9125809185277782 -0.4088961569139487 3.9840809538755915
cell 41.64951612708251 49.88496849503267 0.0 1.0 1.0 1 0 0 0.0 1.0 0
cell 6.730407247929955 3.061755152217118 0.0 1.6431676725154984 0.6085806194501846 1 0 0 0.6588299644663209 -0.7522918834610051 4.844660497287877
cell 17.83244299587677 46.908602931347346 0.0 1.0 1.0 1 0 0 0.0 1.0 0
cell 57.60264926516674 34.17036221992875 0.0 1.6431676725154984 0.6085806194501846 1 0 0 0.7801088765434339 -0.6256437810273043 4.493505664028198
cell 2.8769308014830144 44.42604155568286 0.0 1.0 1.0 1 0 0 0.0 1.0 0
cell 18.549538804559436 36.28021978485104 0.0 1.0 1.0 1 0 0 0.0 1.0 0
cell 42.039238036500144 26.844813753557126 0.0 1.0 1.0 1 0 0 0.0 1.0 0
cell 32.454166814195055 10.524213768432544 0.0 1.0 1.0 1 0 0 0.0 1.0 0
cell 58.705085414746854 37.26841560355856 0.0 1.6431676725154984 0.6085806194501846 1 0 0 0.8176829563949551 -0.5756688134867182 4.368436353970168
cell 19.994484303725052 10.886461591172594 0.0 1.0 1.0 1 0 0 0.0 1.0 0
cell 35.95152229751104 40.113841741038264 0.0 1.0 1.0 1 0 0 0.0 1.0 0
cell 36.584443810087166 57.74956730083571 0.0 1.6431676725154984 0.6085806194501846 1 0 0 0.9709938570760639 -0.23910443224781155 3.62447950444452
cell 21.96416185642213 1.0504745361416734 0.0 1.0 1.0 1 0 0 0.0 1.0 0
cell 53.068062849587164 47.02444693516146 0.0 1.6431676725154984 0.6085806194501846 1 0 0 0.5130534784349438 -0.8583566439806968 5.205708551623947
cell 35.227034450785965 23.60895093716249 0.0 1.0 1.0 1 0 0 0.0 1.0 0
cell 36.09202874729394 6.37845820267602 0.0 1.0 1.0 1 0 0 0.0 1.0 0
cell 24.05847798192743 27.661863294020176 0.0 1.0 1.0 1 0 0 0.0 1.0 0
cell 42.14303717632124 13.092539317283213 0.0 1.6431676725154984 0.6085806194501846 1 0 0 0.761623387573531 -0.6480199190619212 4.551556124822428
cell 54.15422854145327 29.89335459918789 0.0 1.6431676725154984 0.6085806194501846 1 0 0 0.9902291325484198 -0.13944986573103652 3.4214043142881345
cell 5.503060203131529 31.612015251015208 0.0 1.0 1.0 1 0 0 0.0 1.0 0
cell 14.104822489034932 40.02014074963306 0.0 1.6431676725154984 0.6085806194501846 1 0 0 0.9346693594174861 0.3555181972362403 2.414655800484254
cell 33.81681530689485 59.52971582254733 0.0 1.0 1.0 1 0 0 0.0 1.0 0
cell 0.9263979177484916 51.811714463536234 0.0 1.0 1.0 1 0 0 0.0 1.0 0
cell 56.40222672396551 19.087374398613186 0.0 1.0 1.0 1 0 0 0.0 1.0 0
cell 23.624877243312742 35.94650049749607 0.0 1.6431676725154984 0.6085806194501846 1 0 0 0.2198223385581115 0.9755399220282289 0.4432647014902144
cell 18.324506510514503 23.901292742277573 0.0 1.0 1.0 1 0 0 0.0 1.0 0
cell 8.903513788261568 8.35999279566489 0.0 1.6431676725154984 0.6085806194501846 1 0 0 -0.3564099773168086 0.9343296677667 5.55433988162447
cell 16.279271691322283 29.482931398795056 0.0 1.0 1.0 1 0 0 0.0 1.0 0
cell 17.05575739919673 22.478397181872044 0.0 1.0 1.0 1 0 0 0.0 1.0 0
cell 8.649818584822373 44.23368657797002 0.0 1.6431676725154984 0.6085806194501846 1 0 0 0.9237972753535665 0.38288195837532873 2.3557647050510693
cell 9.695574146628289 54.934572462607726 0.0 1.0 1.0 1 0 0 0.0 1.0 0
cell 55.45500013089816 20.55441069854005 0.0 1.6431676725154984 0.6085806194501846 1 0 0 -0.9999846589019218 -0.005539129968427048 3.130514337001701
cell 29.922337115625208 16.232321153691675 0.0 1.0 1.0 1 0 0 0.0 1.0 0
cell 51.671380819619564 41.851279840201165 0.0 1.6431676725154984 0.6085806194501846 1 0 0 -0.41652547959914477 0.9091240426062345 5.423945055850702
cell 24.973916680199387 2.3726660915586555 0.0 1.0 1.0 1 0 0 0.0 1.0 0
cell 25.638194493839652 56.875382791522554 0.0 1.0 1.0 1 0 0 0.0 1.0 0
cell 46.5286790532237 26.17434355108464 0.0 1.0 1.0 1 0 0 0.0 1.0 0
cell 17.73513885992066 25.803998338873626 0.0 1.0 1.0 1 0 0 0.0 1.0 0
cell 44.289841618039056 27.884805855600256 0.0 1.6431676725154984 0.6085806194501846 1 0 0 0.9303722498772293 -0.3666162525835187 3.892331494390369
cell 7.538301281047236 0.39659165342168834 0.0 1.0 1.0 1 0 0 0.0 1.0 0
cell 21.774186758545586 8.497637520706212 0.0 1.6431676725154984 0.6085806194501846 1 0 0 0.5709789538226273 0.8209646973479542 1.2153956093933487
cell 40.23944700095239 23.806101375959955 0.0 1.0 1.0 1 0 0 0.0 1.0 0
cell 26.69785121570587 25.218902605200842 0.0 1.0 1.0 1 0 0 0.0 1.0 0
cell 0.2208168018637602 35.45532127540829 0.0 1.6431676725154984 0.6085806194501846 1 0 0 0.8489765274894016 -0.528430559082305 4.255094398630285
cell 4.708261284694167 57.49619862544974 0.0 1.0 1.0 1 0 0 0.0 1.0 0
cell 1.5778789475645711 22.943167587254035 0.0 1.0 1.0 1 0 0 0.0 1.0 0
cell 47.69621181429201 39.667256370153126 0.0 1.0 1.0 1 0 0 0.0 1.0 0
cell 50.14595770198576 23.475366417481148 0.0 1.0 1.0 1 0 0 0.0 1.0 0
cell 45.68070395632737 17.858327246065034 0.0 1.0 1.0 1 0 0 0.0 1.0 0
cell 47.40610813527324 18.866144858689328 0.0 1.0 1.0 1 0 0 0.0 1.0 0
cell 5.263178057271437 55.67834159159805 0.0 1.0 1.0 1 0 0 0.0 1.0 0
cell 18.965249231135957 9.437630570249425 0.0 1.0 1.0 1 0 0 0.0 1.0 0
cell 2.2902037511200772 33.392205277652 0.0 1.0 1.0 1 0 0 0.0 1.0 0
cell 38.40907690159321 15.744411344055393 0.0 1.0 1.0 1 0 0 0.0 1.0 0
cell 34.242507133219874 25.329177392764997 0.0 1.0 1.0 1 0 0 0.0 1.0 0
cell 17.298638062732472 14.235356047713616 0.0 1.0 1.0 1 0 0 0.0 1.0 0
cell 13.231734858503735 22.344381281785676 0.0 1.0 1.0 1 0 0 0.0 1.0 0
cell 56.866525386318116 47.426802157154 0.0 1.6431676725154984 0.6085806194501846 1 0 0 0.6004142139487079 -0.799689171921413 4.9951473535344855
cell 43.72538091339711 40.14177053670241 0.0 1.0 1.0 1 0 0 0.0 1.0 0
cell 28.974312864248212 21.894173540412634 0.0 1.0 1.0 1 0 0 0.0 1.0 0
cell 58.02501759391195 19.123946651222145 0.0 1.0 1.0 1 0 0 0.0 1.0 0
cell 58.52204063676057 26.833084007809582 0.0 1.0 1.0 1 0 0 0.0 1.0 0
cell 7.711296450579393 55.3001022747806 0.0 1.0 1.0 1 0 0 0.0 1.0 0
cell 24.13757767204195 43.56006615994038 0.0 1.0 1.0 1 0 0 0.0 1.0 0
cell 27.814701402615018 45.49497301263876 0.0 1.6431676725154984 0.6085806194501846 1 0 0 -0.14056014411208906 -0.9900721417589674 0.282054305853646
cell 56.09773830760437 42.0309067277928 0.0 1.6431676725154984 0.6085806194501846 1 0 0 0.4984613553009463 -0.8669119201346488 5.239539284993286
cell 39.03496052821004 35.13575539879751 0.0 1.6431676725154984 0.6085806194501846 1 0 0 0.39549567455275436 -0.9184678390722573 5.469970379478154
cell 44.04417656472397 8.838030201068829 0.0 1.6431676725154984 0.6085806194501846 1 0 0 0.6830707948805039 0.7303521679171744 1.5039179048007045
cell 34.21293979829398 39.9673066590774 0.0 1.6431676725154984 0.6085806194501846 1 0 0 0.8788565935943944 -0.47708603825270074 4.136264831192554
cell 56.67722762548462 57.130109776266195 0.0 1.6431676725154984 0.6085806194501846 1 0 0 0.7362097697933206 0.6767534077201723 1.6549051102872219
cell 17.45420892848445 53.811047288609466 0.0 1.0 1.0 1 0 0 0.0 1.0 0
cell 25.43600431363348 53.4904712293627 0.0 1.0 1.0 1 0 0 0.0 1.0 0
cell 39.15125622474754 4.68016377484037 0.0 1.0 1.0 1 0 0 0.0 1.0 0
cell 35.17707636932875 15.541813781601574 0.0 1.0 1.0 1 0 0 0.0 1.0 0
cell 14.42131153551807 29.557502721268275 0.0 1.0 1.0 1 0 0 0.0 1.0 0
cell 17.105162620647867 32.833316698769444 0.0 1.0 1.0 1 0 0 0.0 1.0 0
cell 7.08449590825456 52.331742742058424 0.0 1.0 1.0 1 0 0 0.0 1.0 0
cell 58.201400817742154 20.60420239834785 0.0 1.6431676725154984 0.6085806194501846 1 0 0 0.9998844624257247 -0.01520071707583046 3.1719952586315525
cell 32.250301186655925 6.889421784125901 0.0 1.0 1.0 1 0 0 0.0 1.0 0
cell 27.667435752591526 56.71108853435342 0.0 1.0 1.0 1 0 0 0.0 1.0 0
cell 6.029560543090472 8.75876858924198 0.0 1.6431676725154984 0.6085806194501846 1 0 0 -0.011694702456194856 0.9999316146289511 6.259795369088234
cell 30.766193219709606 58.11893831277917 0.0 1.0 1.0 1 0 0 0.0 1.0 0
cell 2.905724472297311 42.27438495887383 0.0 1.0 1.0 1 0 0 0.0 1.0 0
cell 20.507213136991908 55.316178113720134 0.0 1.0 1.0 1 0 0 0.0 1.0 0
cell 19.29457227103155 12.519636325358713 0.0 1.0 1.0 1 0 0 0.0 1.0 0
cell 27.86470026324002 0.29003573550166684 0.0 1.0 1.0 1 0 0 0.0 1.0 0
cell 56.648343767919634 8.482495214608612 0.0 1.6431676725154984 0.6085806194501846 1 0 0 0.9991472535799057 -0.04128880797179309 3.224193750131565
cell 40.124265666439754 42.6385609962395 0.0 1.6431676725154984 0.6085806194501846 1 0 0 0.719254123548932 0.6947470804241337 1.6054562544186746
cell 13.917401367823015 47.48912045557236 0.0 1.0 1.0 1 0 0 0.0 1.0 0
cell 45.272457848155156 15.726781174056494 0.0 1.0 1.0 1 0 0 0.0 1.0 0
cell 11.381280365308111 27.748831662000857 0.0 1.0 1.0 1 0 0 0.0 1.0 0
cell 55.74571251133196 44.85686514012285 0.0 1.0 1.0 1 0 0 0.0 1.0 0
cell 16.801645977350788 34.803399772507255 0.0 1.0 1.0 1 0 0 0.0 1.0 0
cell 42.120204674198874 58.852326223003914 0.0 1.6431676725154984 0.6085806194501846 1 0 0 0.8102121754549219 0.5861366997080143 1.8890280287072063
cell 56.99193204067036 31.19899677474164 0.0 1.6431676725154984 0.6085806194501846 1 0 0 0.7523857818150212 -0.6587227302307088 4.5798323944918975
cell 50.11529693547046 0.31512565143429333 0.0 1.6431676725154984 0.6085806194501846 1 0 0 0.9999960406713616 -0.0028140081024051558 3.1472206772223372
cell 46.02463072439006 27.608911160234854 0.0 1.6431676725154984 0.6085806194501846 1 0 0 0.9853481567912202 -0.1705550055206382 3.4843784535837017
cell 38.61747035616263 23.203839715200402 0.0 1.0 1.0 1 0 0 0.0 1.0 0
cell 40.24804769411526 32.540167490965516 0.0 1.6431676725154984 0.6085806194501846 1 0 0 0.45262673805268405 -0.8917000818659753 5.343767490610659
cell 27.45833719971351 53.37160006658269 0.0 1.0 1.0 1 0 0 0.0 1.0 0
cell 11.549768805087805 25.736892155049315 0.0 1.0 1.0 1 0 0 0.0 1.0 0
cell 50.249534481036626 38.150629080976735 0.0 1.0 1.0 1 0 0 0.0 1.0 0
cell 3.811895697555884 52.00918905331662 0.0 1.0 1.0 1 0 0 0.0 1.0 0
cell 8.107357148871357 22.89410003803731 0.0 1.0 1.0 1 0 0 0.0 1.0 0
cell 2.1512263385623376 5.7277009623691875 0.0 1.6431676725154984 0.6085806194501846 1 0 0 0.2527828220101617 -0.9675230461836963 5.772074482138421
cell 11.629709350271048 12.716512934955075 0.0 1.0 1.0 1 0 0 0.0 1.0 0
cell 38.1665314534683 43.60658658583839 0.0 1.0 1.0 1 0 0 0.0 1.0 0
cell 26.243363729953295 36.79842162702469 0.0 1.6431676725154984 0.6085806194501846 1 0 0 0.3351515326161617 0.9421642373732076 0.6835321202205011
cell 36.807199457050615 20.504816644356946 0.0 1.0 1.0 1 0 0 0.0 1.0 0
cell 35.81372143684238 3.075749515009626 0.0 1.0 1.0 1 0 0 0.0 1.0 0
cell 33.311361763083745 47.179297276972235 0.0 1.0 1.0 1 0 0 0.0 1.0 0
cell 38.36768488510159 19.415448487879317 0.0 1.0 1.0 1 0 0 0.0 1.0 0
cell 22.7388063031173 26.210581776426224 0.0 1.0 1.0 1 0 0 0.0 1.0 0
cell 15.001475113816037 2.5122156850420794 0.0 1.0 1.0 1 0 0 0.0 1.0 0
cell 57.54048251754922 59.20165717287869 0.0 1.0 1.0 1 0 0 0.0 1.0 0
cell 36.96019444942494 14.686187227780321 0.0 1.0 1.0 1 0 0 0.0 1.0 0
cell 4.342651315927248 4.239807697933909 0.0 1.6431676725154984 0.6085806194501846 1 0 0 -0.01341511705389929 0.9999100132684091 6.25635426825446
cell 24.253073043471375 32.959332527829666 0.0 1.0 1.0 1 0 0 0.0 1.0 0
cell 32.0334829973967 3.375212574471002 0.0 1.0 1.0 1 0 0 0.0 1.0 0
cell 31.825424314662385 59.712301432708436 0.0 1.0 1.0 1 0 0 0.0 1.0 0
cell 2.3476680374613235 7.137320331118848 0.0 1.6431676725154984 0.6085806194501846 1 0 0 0.9244645199590211 0.381268083291713 2.3592574454789483
cell 0.5245944910690713 28.31980943318721 0.0 1.0 1.0 1 0 0 0.0 1.0 0
cell 54.15025766244695 36.26460783172015 0.0 1.0 1.0 1 0 0 0.0 1.0 0
cell 29.111366513658922 18.132760341629375 0.0 1.6431676725154984 0.6085806194501846 1 0 0 0.9730310210616905 0.23067429863693978 2.676051425961116
cell 22.22590109377195 44.03474128119934 0.0 1.0 1.0 1 0 0 0.0 1.0 0
cell 7.875654253648619 27.420160112342195 0.0 1.0 1.0 1 0 0 0.0 1.0 0
cell 46.680533823824234 8.672904589121359 0.0 1.6431676725154984 0.6085806194501846 1 0 0 0.9612577157641431 -0.2756512359556945 3.700126893288675
cell 32.34494849661746 41.79262031272461 0.0 1.0 1.0 1 0 0 0.0 1.0 0
cell 35.75238307935193 36.704398094264775 0.0 1.0 1.0 1 0 0 0.0 1.0 0
cell 49.45040622797195 18.746529287307897 0.0 1.0 1.0 1 0 0 0.0 1.0 0
cell 43.03686916884224 55.03551276130233 0.0 1.0 1.0 1 0 0 0.0 1.0 0
cell 17.284551771955382 5.700356934512074 0.0 1.6431676725154984 0.6085806194501846 1 0 0 -0.30875323278563493 -0.9511421771977203 0.6277638850050282
cell 39.004653832576466 58.219760778420046 0.0 1.6431676725154984 0.6085806194501846 1 0 0 0.7555325334051827 -0.6551111287150803 4.570252048996357
cell 11.62581980551605 54.64032680433465 0.0 1.0 1.0 1 0 0 0.0 1.0 0
cell 11.74437664034222 31.866411353408797 0.0 1.0 1.0 1 0 0 0.0 1.0 0
cell 22.985483261068353 9.690552910062287 0.0 1.6431676725154984 0.6085806194501846 1 0 0 -0.6090398783455372 -0.7931396009435244 1.3096989889745911
cell 19.113460381179163 39.5530489049629 0.0 1.6431676725154984 0.6085806194501846 1 0 0 0.9264518650593524 0.3764132592351756 2.369749141295215
cell 27.110468215610297 35.6302256347487 0.0 1.0 1.0 1 0 0 0.0 1.0 0
cell 13.384137554193215 9.33998281699825 0.0 1.0 1.0 1 0 0 0.0 1.0 0
cell 32.755414795081734 25.34220114102316 0.0 1.6431676725154984 0.6085806194501846 1 0 0 0.4729703567028952 0.8810783402628486 0.9853180271326023
cell 31.468196799590338 52.94793840139595 0.0 1.0 1.0 1 0 0 0.0 1.0 0
cell 0.45431595793166374 14.8827950071052 0.0 1.6431676725154984 0.6085806194501846 1 0 0 0.9990629243602004 -0.04328132586745148 3.2281823540477332
cell 26.98999636788342 2.0820211466834446 0.0 1.0 1.0 1 0 0 0.0 1.0 0
cell 15.896019025733713 26.17734713618177 0.0 1.0 1.0 1 0 0 0.0 1.0 0
cell 12.167004909771457 35.58379830024452 0.0 1.0 1.0 1 0 0 0.0 1.0 0
cell 9.294484486928331 42.1578677246643 0.0 1.0 1.0 1 0 0 0.0 1.0 0
cell 48.42086120547978 1.274645621272369 0.0 1.6431676725154984 0.6085806194501846 1 0 0 0.9944083537395825 -0.10560315342324547 3.3531935066946743
cell 29.88888112829832 0.11635581439359555 0.0 1.0 1.0 1 0 0 0.0 1.0 0
cell 55.9639438340594 36.97491060519515 0.0 1.0 1.0 1 0 0 0.0 1.0 0
cell 50.28145005212894 41.14913954891487 0.0 1.6431676725154984 0.6085806194501846 1 0 0 -0.593518338457335 0.8048204656411542 5.012338482517784
cell 21.984684820118822 20.822195791128895 0.0 1.0 1.0 1 0 0 0.0 1.0 0
cell 56.63572344554629 12.508530771009633 0.0 1.6431676725154984 0.6085806194501846 1 0 0 -0.11311872284218977 -0.9935814785625544 0.2267227284641189
cell 20.035733288776875 47.403508912248554 0.0 1.0 1.0 1 0 0 0.0 1.0 0
cell 5.7975445581336835 0.14503059735082008 0.0 1.6431676725154984 0.6085806194501846 1 0 0 0.8643710408009886 -0.5028545553384356 4.195388814620454
cell 55.64856371976161 2.2317386024598003 0.0 1.6431676725154984 0.6085806194501846 1 0 0 -0.048422901183365834 0.998826923265981 6.1863016178486845
cell 31.926936535031533 43.723036439265876 0.0 1.0 1.0 1 0 0 0.0 1.0 0
cell 21.67120128893743 56.97879866804789 0.0 1.0 1.0 1 0 0 0.0 1.0 0
cell 57.52730632633109 51.208455140987766 0.0 1.0 1.0 1 0 0 0.0 1.0 0
cell 37.685069050790275 34.54949122100448 0.0 1.6431676725154984 0.6085806194501846 1 0 0 0.2352591756835266 -0.9719326726973981 5.808214867954286
cell 59.234355488919675 50.54570043574155 0.0 1.0 1.0 1 0 0 0.0 1.0 0
cell 24.393874073237495 16.115231321126732 0.0 1.0 1.0 1 0 0 0.0 1.0 0
cell 23.434093040124164 29.591407928386133 0.0 1.0 1.0 1 0 0 0.0 1.0 0
cell 29.12761790916255 40.843096419786455 0.0 1.0 1.0 1 0 0 0.0 1.0 0
cell 30.997408528919134 32.85229499350873 0.0 1.0 1.0 1 0 0 0.0 1.0 0
cell 21.421726934996155 24.82359963273879 0.0 1.0 1.0 1 0 0 0.0 1.0 0
cell 33.318993295127015 27.496917707120534 0.0 1.0 1.0 1 0 0 0.0 1.0 0
cell 55.03695500773966 13.629963563600741 0.0 1.0 1.0 1 0 0 0.0 1.0 0
cell 0.5256455349681506 12.17578151625911 0.0 1.6431676725154984 0.6085806194501846 1 0 0 0.9801559606147052 -0.19822788116575427 3.54069183827279
cell 18.97293483519138 14.40856665350926 0.0 1.0 1.0 1 0 0 0.0 1.0 0
cell 48.336230025165534 29.83507451957252 0.0 1.6431676725154984 0.6085806194501846 1 0 0 0.6891599687958466 -0.7246092308336319 4.762527058971788
cell 57.9305381506258 11.611165269503719 0.0 1.0 1.0 1 0 0 0.0 1.0 0
cell 33.25396248775367 40.41708937433093 0.0 1.6431676725154984 0.6085806194501846 1 0 0 0.8512578869220109 -0.524747567839121 4.246429745212044
cell 44.43391764582803 4.3518336435520375 0.0 1.6431676725154984 0.6085806194501846 1 0 0 0.16015290256982195 -0.9870922184874426 5.961494201145214
cell 59.31698812716853 58.17566056731605 0.0 1.0 1.0 1 0 0 0.0 1.0 0
cell 16.99726616073766 27.682352399437274 0.0 1.0 1.0 1 0 0 0.0 1.0 0
cell 7.361961545311814 16.009211823487853 0.0 1.0 1.0 1 0 0 0.0 1.0 0
cell 10.053703822996958 48.51439473820475 0.0 1.0 1.0 1 0 0 0.0 1.0 0
cell 8.95822438066012 40.19938926891931 0.0 1.0 1.0 1 0 0 0.0 1.0 0
cell 26.90890531903689 14.42342333860855 0.0 1.0 1.0 1 0 0 0.0 1.0 0
cell 51.35630557309517 6.826669679159606 0.0 1.6431676725154984 0.6085806194501846 1 0 0 0.24541173384620707 -0.9694189398245726 5.787296523138496
cell 9.654833469309025 22.35799913960187 0.0 1.0 1.0 1 0 0 0.0 1.0 0
cell 33.69154819854497 56.27795762426233 0.0 1.0 1.0 1 0 0 0.0 1.0 0
cell 53.108491956738895 5.307310078895346 0.0 1.6431676725154984 0.6085806194501846 1 0 0 0.1244560287593268 0.9922251241051385 0.24955915719982572
cell 28.922323847169597 19.90366821579988 0.0 1.0 1.0 1 0 0 0.0 1.0 0
cell 36.35522237542534 50.32456805022125 0.0 1.6431676725154984 0.6085806194501846 1 0 0 0.8359853347470815 -0.5487517836761993 4.303333447551817
cell 46.99161279106144 45.886159221627366 0.0 1.6431676725154984 0.6085806194501846 1 0 0 0.21748775210397328 -0.9760630500560713 5.8447055652819575
cell 51.80577570171775 11.148657300183439 0.0 1.6431676725154984 0.6085806194501846 1 0 0 0.7653690051181874 -0.6435917075323423 4.539956331300326
cell 40.67789280137665 21.977156997637696 0.0 1.0 1.0 1 0 0 0.0 1.0 0
cell 9.785438019572464 4.683028797593833 0.0 1.0 1.0 1 0 0 0.0 1.0 0
cell 26.152125523127573 13.022091166609528 0.0 1.0 1.0 1 0 0 0.0 1.0 0
cell 10.849032934685615 56.41538391927821 0.0 1.0 1.0 1 0 0 0.0 1.0 0
cell 31.64457456807681 39.66747855971468 0.0 1.0 1.0 1 0 0 0.0 1.0 0
cell 25.38529443431106 29.08666762430044 0.0 1.0 1.0 1 0 0 0.0 1.0 0
cell 23.240508786173507 22.246697889569898 0.0 1.0 1.0 1 0 0 0.0 1.0 0
cell 9.676226285381295 26.532670417911085 0.0 1.0 1.0 1 0 0 0.0 1.0 0
cell 50.32910342364506 14.392972969062264 0.0 1.0 1.0 1 0 0 0.0 1.0 0
cell 17.481571960277318 18.58122510543501 0.0 1.0 1.0 1 0 0 0.0 1.0 0
cell 56.03167225984628 50.42794486743166 0.0 1.6431676725154984 0.6085806194501846 1 0 0 0.4307557409266543 -0.9024685543877576 5.392525257205541
cell 22.971349155416775 5.290534371749074 0.0 1.6431676725154984 0.6085806194501846 1 0 0 0.5084590059201413 0.8610861973685919 1.0667884989423302
cell 5.879592674981901 27.67407874325365 0.0 1.0 1.0 1 0 0 0.0 1.0 0
cell 6.16877368512015 22.444086999102467 0.0 1.0 1.0 1 0 0 0.0 1.0 0
cell 34.72164968830515 1.4437741949017313 0.0 1.0 1.0 1 0 0 0.0 1.0 0
cell 27.25107761445181 50.13499708126214 0.0 1.0 1.0 1 0 0 0.0 1.0 0
cell 43.48588555420071 29.77508966914199 0.0 1.0 1.0 1 0 0 0.0 1.0 0
cell 33.081229466707406 5.080935172295816 0.0 1.0 1.0 1 0 0 0.0 1.0 0
cell 27.81547067171371 23.50034925965066 0.0 1.0 1.0 1 0 0 0.0 1.0 0
cell 49.52308225710835 44.08082788114237 0.0 1.6431676725154984 0.6085806194501846 1 0 0 0.4816067415156374 -0.8763874408768589 5.278210987701854
cell 46.28887040711497 43.40681295429772 0.0 1.0 1.0 1 0 0 0.0 1.0 0
cell 13.491988883202106 36.6402136548348 0.0 1.0 1.0 1 0 0 0.0 1.0 0
cell 50.62113228257648 49.89923128399529 0.0 1.0 1.0 1 0 0 0.0 1.0 0
cell 51.99331258943067 24.334487892788633 0.0 1.0 1.0 1 0 0 0.0 1.0 0
cell 24.233233804888364 4.240160728890559 0.0 1.0 1.0 1 0 0 0.0 1.0 0
cell 17.349343793257983 45.02936566048951 0.0 1.0 1.0 1 0 0 0.0 1.0 0
cell 9.915330043530957 32.328256521611095 0.0 1.0 1.0 1 0 0 0.0 1.0 0
cell 59.59087958451998 18.191734447707255 0.0 1.0 1.0 1 0 0 0.0 1.0 0
cell 25.29224315874174 10.294530590872526 0.0 1.6431676725154984 0.6085806194501846 1 0 0 0.4570913590822398 0.8894197487420386 0.9494443439302461
cell 35.66220303132639 56.06374438065455 0.0 1.0 1.0 1 0 0 0.0 1.0 0
cell 55.52444092191368 54.65278435177904 0.0 1.6431676725154984 0.6085806194501846 1 0 0 0.5794476089386804 -0.8150094898191346 5.047083797801701
cell 36.82831094366757 41.88932543287494 0.0 1.0 1.0 1 0 0 0.0 1.0 0
cell 19.369102297046144 37.854361018748776 0.0 1.6431676725154984 0.6085806194501846 1 0 0 0.9584088981463519 0.28539864042054525 2.562747969099216
cell 47.0328515253861 16.64933546680345 0.0 1.0 1.0 1 0 0 0.0 1.0 0
cell 52.88791101865074 20.718260316914762 0.0 1.6431676725154984 0.6085806194501846 1 0 0 0.7891153138598296 -0.6142450825459677 4.4644505473003875
cell 47.05893254610102 20.908418100294263 0.0 1.0 1.0 1 0 0 0.0 1.0 0
cell 33.47599303419439 21.67150619931182 0.0 1.0 1.0 1 0 0 0.0 1.0 0
cell 46.12392319264751 52.48673096671385 0.0 1.6431676725154984 0.6085806194501846 1 0 0 0.810496943874404 -0.5857428650613264 4.393185272739238
cell 28.57738124920217 54.92516026756661 0.0 1.0 1.0 1 0 0 0.0 1.0 0
cell 40.043000038450614 0.9558936157104425 0.0 1.0 1.0 1 0 0 0.0 1.0 0
cell 16.880594233177405 38.36840783520614 0.0 1.6431676725154984 0.6085806194501846 1 0 0 0.9676955551804611 0.25212162240470193 2.6318484949898555
cell 1.45030994923828 47.72340227434058 0.0 1.0 1.0 1 0 0 0.0 1.0 0
cell 56.64611443038158 27.49508997999253 0.0 1.0 1.0 1 0 0 0.0 1.0 0
cell 23.082050958135408 11.889346877301913 0.0 1.6431676725154984 0.6085806194501846 1 0 0 0.26625807151361386 0.963901778893395 0.5390177478328602
cell 31.21371184141011 5.187161806535442 0.0 1.0 1.0 1 0 0 0.0 1.0 0
cell 24.28615598054306 51.89325802537471 0.0 1.0 1.0 1 0 0 0.0 1.0 0
cell 55.807987027286245 38.70367126337198 0.0 1.6431676725154984 0.6085806194501846 1 0 0 0.3073651608694867 -0.9515916445007673 5.658339479664427
cell 15.243405638770394 33.541495407316404 0.0 1.0 1.0 1 0 0 0.0 1.0 0
cell 29.99469496816209 48.018988845796414 0.0 1.0 1.0 1 0 0 0.0 1.0 0
cell 23.910112526974974 0.666817246086622 0.0 1.0 1.0 1 0 0 0.0 1.0 0
cell 14.843988048166235 10.24692815772384 0.0 1.0 1.0 1 0 0 0.0 1.0 0
cell 52.385133285148186 49.773876305361846 0.0 1.6431676725154984 0.6085806194501846 1 0 0 0.5331173170669052 -0.8460413265576243 5.158623510990912
cell 1.4047070921798488 16.525947719803703 0.0 1.0 1.0 1 0 0 0.0 1.0 0
cell 48.68226579192845 15.525722629904275 0.0 1.0 1.0 1 0 0 0.0 1.0 0
cell 37.80903494015798 51.12417993305138 0.0 1.6431676725154984 0.6085806194501846 1 0 0 0.7710225679170796 -0.6368078201173039 4.522294575150165
cell 55.145091329235456 48.30511607340675 0.0 1.6431676725154984 0.6085806194501846 1 0 0 0.4108909343066581 -0.9116845068907344 5.436323133289912
cell 1.117444765669464 49.71088286874284 0.0 1.0 1.0 1 0 0 0.0 1.0 0
cell 15.077997299062222 8.283002005187441 0.0 1.0 1.0 1 0 0 0.0 1.0 0
cell 29.24581732300411 28.27056043208788 0.0 1.0 1.0 1 0 0 0.0 1.0 0
cell 33.21095719605672 8.653390582739757 0.0 1.0 1.0 1 0 0 0.0 1.0 0
cell 16.458287809683736 1.3663631687354871 0.0 1.6431676725154984 0.6085806194501846 1 0 0 0.7650166425012334 0.6440105097714944 1.7421343440017356
cell 15.126041034165297 37.741614583897814 0.0 1.0 1.0 1 0 0 0.0 1.0 0
cell 14.134095807421472 45.72390779119008 0.0 1.0 1.0 1 0 0 0.0 1.0 0
cell 54.42345618275218 33.50086711244038 0.0 1.0 1.0 1 0 0 0.0 1.0 0
cell 48.38159160988242 26.74317113538142 0.0 1.0 1.0 1 0 0 0.0 1.0 0
cell 55.505767448128786 10.869873865059718 0.0 1.0 1.0 1 0 0 0.0 1.0 0
cell 55.28540086857102 26.21289697788512 0.0 1.0 1.0 1 0 0 0.0 1.0 0
cell 28.153412841653466 16.886588237713642 0.0 1.0 1.0 1 0 0 0.0 1.0 0
cell 34.24956865669169 12.234661024102758 0.0 1.0 1.0 1 0 0 0.0 1.0 0
cell 20.468550160275523 40.45648332022972 0.0 1.0 1.0 1 0 0 0.0 1.0 0
cell 32.03345473207322 20.55570713415702 0.0 1.0 1.0 1 0 0 0.0 1.0 0
cell 30.939876815341325 1.7276520897654837 0.0 1.0 1.0 1 0 0 0.0 1.0 0
cell 0.11255490379531635 46.57330559044732 0.0 1.0 1.0 1 0 0 0.0 1.0 0
cell 57.25210466583606 7.262573785701211 0.0 1.6431676725154984 0.6085806194501846 1 0 0 0.9978161604991578 -0.06605232658066557 3.273793555953437
cell 16.347133952498638 52.21762532957815 0.0 1.0 1.0 1 0 0 0.0 1.0 0
cell 53.239826895827 34.369819702626366 0.0 1.6431676725154984 0.6085806194501846 1 0 0 0.29720349678668 0.9548141607128425 0.6035249359829289
cell 40.05909381764748 14.81940436850506 0.0 1.0 1.0 1 0 0 0.0 1.0 0
cell 18.938529462462956 19.963459036430596 0.0 1.0 1.0 1 0 0 0.0 1.0 0
cell 29.080426086179546 35.03975242004542 0.0 1.6431676725154984 0.6085806194501846 1 0 0 0.974812875500972 -0.22302434341911317 3.5914243761609224
cell 32.3885768018181 51.15537136657057 0.0 1.0 1.0 1 0 0 0.0 1.0 0
cell 28.155267574267196 13.113857524935767 0.0 1.0 1.0 1 0 0 0.0 1.0 0
cell 18.553294545573294 55.448065493858 0.0 1.0 1.0 1 0 0 0.0 1.0 0
cell 1.0296321563410515 24.49934612946016 0.0 1.0 1.0 1 0 0 0.0 1.0 0
cell 5.720219391606365 6.180621919296919 0.0 1.6431676725154984 0.6085806194501846 1 0 0 -0.38533074599582845 -0.9227785304125244 0.7911324395374093
cell 17.998313251183895 11.04205757992792 0.0 1.0 1.0 1 0 0 0.0 1.0 0
cell 56.9966123843567 13.88088719252284 0.0 1.0 1.0 1 0 0 0.0 1.0 0
cell 36.59823068408814 16.644231507580564 0.0 1.0 1.0 1 0 0 0.0 1.0 0
cell 51.64561358668205 55.032035158875644 0.0 1.6431676725154984 0.6085806194501846 1 0 0 0.7674527388949913 -0.6411055245141601 4.533468477516403
cell 46.88986229851863 22.51191650724232 0.0 1.6431676725154984 0.6085806194501846 1 0 0 0.9412080684179889 -0.3378274292369971 3.8308079726383144
cell 35.64656169719311 51.49228950952297 0.0 1.6431676725154984 0.6085806194501846 1 0 0 0.5254529817263461 0.850822639564141 1.1064948600670697
cell 2.412911360768976 17.501144283356965 0.0 1.6431676725154984 0.6085806194501846 1 0 0 0.9384497880768753 0.3454156847314086 2.4362292589861503
cell 59.74494112552303 42.20222137809422 0.0 1.0 1.0 1 0 0 0.0 1.0 0
cell 12.536563574055839 24.035699589037357 0.0 1.0 1.0 1 0 0 0.0 1.0 0
cell 23.415768428178392 53.563834325660004 0.0 1.0 1.0 1 0 0 0.0 1.0 0
cell 2.207822839239935 31.336750851036363 0.0 1.0 1.0 1 0 0 0.0 1.0 0
cell 36.96176091485826 24.527097573497418 0.0 1.0 1.0 1 0 0 0.0 1.0 0
cell 11.021186969439254 51.4241658224557 0.0 1.0 1.0 1 0 0 0.0 1.0 0
cell 46.17764454539008 47.5280708857968 0.0 1.0 1.0 1 0 0 0.0 1.0 0
cell 30.45304564045692 21.041431619518573 0.0 1.0 1.0 1 0 0 0.0 1.0 0
cell 22.100483163380126 6.543343580889661 0.0 1.6431676725154984 0.6085806194501846 1 0 0 0.6016813582425675 0.7987362162462518 1.2912089343810083
cell 13.115705263432533 28.262148463592123 0.0 1.6431676725154984 0.6085806194501846 1 0 0 0.4760978861111989 -0.8793922917790716 5.290761166349514
cell 57.00755350327681 25.553475412040342 0.0 1.0 1.0 1 0 0 0.0 1.0 0
cell 52.472336498076 16.602547377461605 0.0 1.0 1.0 1 0 0 0.0 1.0 0
cell 52.69231661678683 32.34322488614932 0.0 1.0 1.0 1 0 0 0.0 1.0 0
cell 22.352029309562894 33.49004418549511 0.0 1.0 1.0 1 0 0 0.0 1.0 0
cell 10.544353439235788 47.00916109086963 0.0 1.0 1.0 1 0 0 0.0 1.0 0
cell 31.249398636939368 49.58453742050461 0.0 1.0 1.0 1 0 0 0.0 1.0 0
cell 13.62031269043656 54.29011524817668 0.0 1.0 1.0 1 0 0 0.0 1.0 0
cell 13.401983737280393 38.5249357070884 0.0 1.0 1.0 1 0 0 0.0 1.0 0
cell 25.859317533779212 0.5247758411910085 0.0 1.0 1.0 1 0 0 0.0 1.0 0
cell 30.08893070530007 38.24082577830304 0.0 1.0 1.0 1 0 0 0.0 1.0 0
cell 53.035796695942196 13.296320972953648 0.0 1.0 1.0 1 0 0 0.0 1.0 0
cell 4.6126112225109015 41.36710788504771 0.0 1.0 1.0 1 0 0 0.0 1.0 0
cell 5.808841579306255 25.641790116262115 0.0 1.0 1.0 1 0 0 0.0 1.0 0
cell 24.52169942693454 55.21067189363794 0.0 1.0 1.0 1 0 0 0.0 1.0 0
cell 30.567310892544867 54.74583832750775 0.0 1.0 1.0 1 0 0 0.0 1.0 0
cell 43.10739733856309 52.66444373637564 0.0 1.6431676725154984 0.6085806194501846 1 0 0 0.5304632692206945 0.8477079214019961 1.118293936463449
cell 29.62490873622305 45.478798355380064 0.0 1.6431676725154984 0.6085806194501846 1 0 0 0.8756928854753147 -0.4828684813983176 4.149447525164574
cell 35.03947394287781 4.915285783186319 0.0 1.0 1.0 1 0 0 0.0 1.0 0
cell 22.297696639728745 51.951684398803565 0.0 1.0 1.0 1 0 0 0.0 1.0 0
cell 49.65961584258358 51.684544602129215 0.0 1.0 1.0 1 0 0 0.0 1.0 0
cell 27.90536618996923 26.77590581594076 0.0 1.0 1.0 1 0 0 0.0 1.0 0
cell 34.135909687161174 6.704163897559353 0.0 1.0 1.0 1 0 0 0.0 1.0 0
cell 33.90860302338391 3.260822570393953 0.0 1.0 1.0 1 0 0 0.0 1.0 0
cell 41.47389262650673 38.4810931774852 0.0 1.6431676725154984 0.6085806194501846 1 0 0 0.7713092265435151 0.6364605856208572 1.7617912762361272
cell 50.40954777088377 12.460351416853584 0.0 1.0 1.0 1 0 0 0.0 1.0 0
cell 54.790483704639314 18.468728823229394 0.0 1.0 1.0 1 0 0 0.0 1.0 0
cell 25.334696126133444 17.41411323959052 0.0 1.0 1.0 1 0 0 0.0 1.0 0
cell 53.20261086580106 39.413405884733145 0.0 1.0 1.0 1 0 0 0.0 1.0 0
cell 25.314716439197632 11.868616922982415 0.0 1.0 1.0 1 0 0 0.0 1.0 0
cell 46.89828063975651 10.659936899211816 0.0 1.0 1.0 1 0 0 0.0 1.0 0
cell 24.208444560432177 38.13497363464528 0.0 1.0 1.0 1 0 0 0.0 1.0 0
cell 13.4439724096442 49.37813956013975 0.0 1.0 1.0 1 0 0 0.0 1.0 0
cell 54.87301347214441 28.435532075708025 0.0 1.0 1.0 1 0 0 0.0 1.0 0
cell 44.695387993284285 57.83594245813611 0.0 1.6431676725154984 0.6085806194501846 1 0 0 0.6087062250221971 -0.7933956967486189 4.974327530673213
cell 23.956952542233765 48.73641294548121 0.0 1.0 1.0 1 0 0 0.0 1.0 0
cell 41.12864783028975 25.288009400634856 0.0 1.0 1.0 1 0 0 0.0 1.0 0
cell 42.419485738371804 8.313991198397447 0.0 1.0 1.0 1 0 0 0.0 1.0 0
cell 55.48749589876714 24.24337516270697 0.0 1.0 1.0 1 0 0 0.0 1.0 0
cell 8.526294496589797 47.250642081602834 0.0 1.0 1.0 1 0 0 0.0 1.0 0
cell 18.27948197844066 4.800019289642272 0.0 1.6431676725154984 0.6085806194501846 1 0 0 0.19769891794380026 0.9802627901965119 0.3980198985174298
cell 50.92563584080615 44.43308317910755 0.0 1.0 1.0 1 0 0 0.0 1.0 0
cell 0.6827288095475469 26.38294592571426 0.0 1.0 1.0 1 0 0 0.0 1.0 0
cell 38.43274902810499 31.439698090669253 0.0 1.0 1.0 1 0 0 0.0 1.0 0
cell 40.29442324241215 6.299441228530986 0.0 1.0 1.0 1 0 0 0.0 1.0 0
cell 34.68252528894802 28.994176176665707 0.0 1.0 1.0 1 0 0 0.0 1.0 0
cell 25.951367504967017 27.148276574152877 0.0 1.0 1.0 1 0 0 0.0 1.0 0
cell 58.51940083550143 45.45345577342247 0.0 1.0 1.0 1 0 0 0.0 1.0 0
cell 9.403609133564906 15.458906825578497 0.0 1.0 1.0 1 0 0 0.0 1.0 0
cell 36.23562738081657 9.826853752197348 0.0 1.0 1.0 1 0 0 0.0 1.0 0
cell 6.506912433042995 40.16038222750939 0.0 1.0 1.0 1 0 0 0.0 1.0 0
cell 27.381553379649812 5.505325661399026 0.0 1.0 1.0 1 0 0 0.0 1.0 0
cell 8.423982763304416 53.55156662746794 0.0 1.0 1.0 1 0 0 0.0 1.0 0
cell 34.368881017281076 10.26823358399037 0.0 1.0 1.0 1 0 0 0.0 1.0 0
cell 22.882793361142 31.51851296256556 0.0 1.0 1.0 1 0 0 0.0 1.0 0
cell 6.474463931970545 45.37256646473099 0.0 1.6431676725154984 0.6085806194501846 1 0 0 0.9538248140621559 0.30036348659464873 2.5314452249040302
cell 16.9319447390997 48.44250508120937 0.0 1.0 1.0 1 0 0 0.0 1.0 0
cell 10.8990922043165 23.805103273121738 0.0 1.0 1.0 1 0 0 0.0 1.0 0
cell 1.9739796398477754 37.23701883284831 0.0 1.0 1.0 1 0 0 0.0 1.0 0
cell 5.327000734563334 7.492253907033198 0.0 1.6431676725154984 0.6085806194501846 1 0 0 0.18261298072007054 0.983184875429098 0.3672869370339443
cell 33.74202415130415 14.179866381582352 0.0 1.0 1.0 1 0 0 0.0 1.0 0
cell 37.01501621435616 4.623466033722535 0.0 1.0 1.0 1 0 0 0.0 1.0 0
cell 17.940511062987774 57.25019059397286 0.0 1.0 1.0 1 0 0 0.0 1.0 0
cell 59.432177515483865 4.509745109570556 0.0 1.6431676725154984 0.6085806194501846 1 0 0 0.30334851856229567 -0.9528796756600807 5.6667757030071915
cell 19.274202714544778 45.56048617199411 0.0 1.0 1.0 1 0 0 0.0 1.0 0
cell 13.138863314294875 13.898417592302318 0.0 1.0 1.0 1 0 0 0.0 1.0 0
cell 20.070471529331723 23.360458018065533 0.0 1.0 1.0 1 0 0 0.0 1.0 0
cell 45.080792420963505 24.957845294517412 0.0 1.0 1.0 1 0 0 0.0 1.0 0
cell 59.45310143097011 16.464329814063028 0.0 1.0 1.0 1 0 0 0.0 1.0 0
cell 20.832901075748282 17.57254126126829 0.0 1.0 1.0 1 0 0 0.0 1.0 0
cell 2.8069268559953486 0.7353572177613882 0.0 1.0 1.0 1 0 0 0.0 1.0 0
cell 29.669889449002238 56.502204570699554 0.0 1.0 1.0 1 0 0 0.0 1.0 0
cell 33.34255598301234 45.14701804745494 0.0 1.0 1.0 1 0 0 0.0 1.0 0
cell 3.8648811627325106 2.7077116354932818 0.0 1.6431676725154984 0.6085806194501846 1 0 0 0.24433768199073994 0.9696902067977133 0.493673226969431
cell 4.471965558728029 47.14021689466829 0.0 1.6431676725154984 0.6085806194501846 1 0 0 0.9721061107913594 0.23454148750721526 2.6680989094794305
cell 50.49937077986701 16.34369593696605 0.0 1.0 1.0 1 0 0 0.0 1.0 0
cell 3.9657978543883496 36.71786648433105 0.0 1.0 1.0 1 0 0 0.0 1.0 0
cell 40.38045215574368 39.88670199304086 0.0 1.6431676725154984 0.6085806194501846 1 0 0 -0.5652398159925248 -0.824926633353983 1.201447873080851
cell 20.982269151667914 31.952296111106403 0.0 1.0 1.0 1 0 0 0.0 1.0 0
cell 25.107697643815964 45.92807462793534 0.0 1.6431676725154984 0.6085806194501846 1 0 0 0.024898669599656975 -0.9996899800699051 6.233382821286163
cell 2.2559914451634744 29.338122847577253 0.0 1.0 1.0 1 0 0 0.0 1.0 0
cell 31.47607200949293 45.623675808029 0.0 1.0 1.0 1 0 0 0.0 1.0 0
cell 58.328739250115895 28.458605420090716 0.0 1.0 1.0 1 0 0 0.0 1.0 0
cell 25.20574479079404 50.27334412672177 0.0 1.0 1.0 1 0 0 0.0 1.0 0
cell 48.4920454875593 8.517688826059617 0.0 1.6431676725154984 0.6085806194501846 1 0 0 0.9668465106786381 -0.2553582283548779 3.658029048016298
cell 56.06865866009666 4.816619915319845 0.0 1.6431676725154984 0.6085806194501846 1 0 0 0.30536175967260637 -0.952236417981191 5.662548684259905
cell 2.5327298757210754 50.75113020256888 0.0 1.0 1.0 1 0 0 0.0 1.0 0
cell 27.41152323164578 40.810984732942835 0.0 1.0 1.0 1 0 0 0.0 1.0 0
cell 55.35822739485417 46.570303493732325 0.0 1.0 1.0 1 0 0 0.0 1.0 0
cell 56.183590319019174 17.230474464249085 0.0 1.0 1.0 1 0 0 0.0 1.0 0
cell 47.7419750651555 48.76793737664156 0.0 1.0 1.0 1 0 0 0.0 1.0 0
cell 35.13205830981928 19.57217701429383 0.0 1.0 1.0 1 0 0 0.0 1.0 0
cell 48.688578000273814 24.861227899893965 0.0 1.0 1.0 1 0 0 0.0 1.0 0
cell 23.637018174081977 56.96963504575271 0.0 1.0 1.0 1 0 0 0.0 1.0 0
cell 35.37796035061842 42.58053859044006 0.0 1.6431676725154984 0.6085806194501846 1 0 0 0.9127308745411529 -0.40856131811435886 3.9833471859854033
cell 44.05211171742804 56.19903846487037 0.0 1.6431676725154984 0.6085806194501846 1 0 0 0.5054130807625906 -0.862877521896397 5.223464061344955
cell 37.14760576032104 26.92096983886387 0.0 1.0 1.0 1 0 0 0.0 1.0 0
cell 37.42145050141057 53.440437165225795 0.0 1.6431676725154984 0.6085806194501846 1 0 0 0.7983209279382771 -0.6022322608560322 4.434181382284662
cell 58.71906615022872 43.481240610531124 0.0 1.0 1.0 1 0 0 0.0 1.0 0
cell 57.79341085025383 49.2448303911826 0.0 1.0 1.0 1 0 0 0.0 1.0 0
cell 9.279195828135968 34.16732083951977 0.0 1.0 1.0 1 0 0 0.0 1.0 0
cell 19.50418586236824 49.31169069367082 0.0 1.0 1.0 1 0 0 0.0 1.0 0
cell 52.48710477890252 57.976824251420894 0.0 1.6431676725154984 0.6085806194501846 1 0 0 0.9995616540596113 0.02960573818728359 3.0823725239945343
cell 56.22433359002347 34.092209760746854 0.0 1.0 1.0 1 0 0 0.0 1.0 0
cell 17.695727514791315 50.122523702614735 0.0 1.0 1.0 1 0 0 0.0 1.0 0
cell 38.785638775305436 25.109477449717144 0.0 1.0 1.0 1 0 0 0.0 1.0 0
cell 41.48823406811907 15.028942864647536 0.0 1.6431676725154984 0.6085806194501846 1 0 0 0.729682698109248 -0.6837859022237941 4.647469709648449
cell 36.47202720859346 1.1956743799316658 0.0 1.0 1.0 1 0 0 0.0 1.0 0
cell 31.683918460313187 26.333702885493533 0.0 1.0 1.0 1 0 0 0.0 1.0 0
cell 53.282365056154894 50.71508939728899 0.0 1.6431676725154984 0.6085806194501846 1 0 0 0.5916106823915616 -0.8062237905694615 5.017074926390961
cell 27.5706608124271 21.546716165123506 0.0 1.0 1.0 1 0 0 0.0 1.0 0
cell 3.023934179106537 46.594524435592376 0.0 1.0 1.0 1 0 0 0.0 1.0 0
cell 54.440384931665584 16.778469303301062 0.0 1.0 1.0 1 0 0 0.0 1.0 0
cell 14.831762529761534 21.432785033384423 0.0 1.6431676725154984 0.6085806194501846 1 0 0 0.6069285226838083 -0.7947564207685586 4.978804939546894
cell 34.979350873881906 52.665335220112006 0.0 1.6431676725154984 0.6085806194501846 1 0 0 0.5218731452945992 0.8530231064984829 1.0980907397469184
cell 41.306093226552065 20.12446146597743 0.0 1.0 1.0 1 0 0 0.0 1.0 0
cell 24.00804705362923 13.458980494641246 0.0 1.0 1.0 1 0 0 0.0 1.0 0
cell 59.14245230129767 35.93246279348621 0.0 1.6431676725154984 0.6085806194501846 1 0 0 0.842677270033543 -0.5384189990786129 4.278712290034944
cell 58.93201964909921 25.05129677890734 0.0 1.0 1.0 1 0 0 0.0 1.0 0
cell 19.80376484873063 6.7078006410773465 0.0 1.6431676725154984 0.6085806194501846 1 0 0 0.29194793425133775 0.9564342129422058 0.5925257390992247
cell 34.814406829800625 17.63347640842398 0.0 1.0 1.0 1 0 0 0.0 1.0 0
cell 15.640369982435752 15.051705948552836 0.0 1.0 1.0 1 0 0 0.0 1.0 0
cell 26.791750590394756 46.904352699334005 0.0 1.0 1.0 1 0 0 0.0 1.0 0
cell 26.191283103227793 22.780272997566556 0.0 1.0 1.0 1 0 0 0.0 1.0 0
cell 9.285639394994261 6.44830945556329 0.0 1.0 1.0 1 0 0 0.0 1.0 0
cell 9.796135345734145 13.48228492834348 0.0 1.0 1.0 1 0 0 0.0 1.0 0
cell 39.69885057570498 36.62627947684141 0.0 1.6431676725154984 0.6085806194501846 1 0 0 0.7865693334978936 0.6175019705237219 1.8104669041377932
cell 31.717958331769193 22.585519284801226 0.0 1.0 1.0 1 0 0 0.0 1.0 0
cell 14.766375174468862 42.21390949325476 0.0 1.6431676725154984 0.6085806194501846 1 0 0 0.9660715694950088 0.2582745101891595 2.6191212809582485
cell 32.895197516060385 36.64192722554184 0.0 1.0 1.0 1 0 0 0.0 1.0 0
cell 55.93895808855644 32.34493881205022 0.0 1.0 1.0 1 0 0 0.0 1.0 0
cell 1.470720209640496 43.236428601072355 0.0 1.0 1.0 1 0 0 0.0 1.0 0
cell 11.245846022674536 33.77493974481028 0.0 1.0 1.0 1 0 0 0.0 1.0 0
cell 19.62850563157658 30.531504778534337 0.0 1.0 1.0 1 0 0 0.0 1.0 0
cell 59.353863594612974 23.140166263768073 0.0 1.0 1.0 1 0 0 0.0 1.0 0
cell 53.96867768211016 47.5609764328519 0.0 1.6431676725154984 0.6085806194501846 1 0 0 0.5951875371501963 -0.8035868314134346 5.008187299924508
cell 4.2796948303240505 33.71783558831841 0.0 1.0 1.0 1 0 0 0.0 1.0 0
cell 38.06666471353324 9.054841529609684 0.0 1.0 1.0 1 0 0 0.0 1.0 0
cell 9.236586967822879 24.574856659243835 0.0 1.0 1.0 1 0 0 0.0 1.0 0
cell 20.64656752569465 13.831516773393208 0.0 1.0 1.0 1 0 0 0.0 1.0 0
cell 9.848630732578572 2.7717173403082866 0.0 1.0 1.0 1 0 0 0.0 1.0 0
cell 6.510390356325713 54.130424439894526 0.0 1.0 1.0 1 0 0 0.0 1.0 0
cell 28.17039266285916 3.6870905495883486 0.0 1.0 1.0 1 0 0 0.0 1.0 0
cell 57.604634505591214 21.697028577466874 0.0 1.6431676725154984 0.6085806194501846 1 0 0 0.9901855706866464 -0.13975884803460703 3.4220283902466875
cell 26.34860352504728 51.80388862078423 0.0 1.0 1.0 1 0 0 0.0 1.0 0
cell 15.169713909090932 43.41456570269575 0.0 1.6431676725154984 0.6085806194501846 1 0 0 0.9973579329888226 0.0726440190536237 2.9961765265269444
cell 32.78130171478235 57.97021892433073 0.0 1.0 1.0 1 0 0 0.0 1.0 0
cell 49.16537811815293 28.247333792879598 0.0 1.6431676725154984 0.6085806194501846 1 0 0 0.9936044792330037 -0.11291651273446089 3.3679083540025356
cell 38.73171675429533 41.68639278978602 0.0 1.0 1.0 1 0 0 0.0 1.0 0
cell 8.19269954084269 2.0299957550274845 0.0 1.0 1.0 1 0 0 0.0 1.0 0
cell 24.151915038101535 10.93033183593308 0.0 1.6431676725154984 0.6085806194501846 1 0 0 0.6193476375141316 0.7851168727684202 1.3358230386046037
cell 37.73639957227317 10.887341078684255 0.0 1.0 1.0 1 0 0 0.0 1.0 0
cell 29.23581437514461 49.86327154149707 0.0 1.0 1.0 1 0 0 0.0 1.0 0
cell 40.68537995867384 8.443210463052472 0.0 1.6431676725154984 0.6085806194501846 1 0 0 0.8984998698584693 -0.43897378493973155 4.0505050768184665
cell 5.434432462480092 38.02401410323666 0.0 1.0 1.0 1 0 0 0.0 1.0 0
cell 36.853116836640666 22.51451243467092 0.0 1.0 1.0 1 0 0 0.0 1.0 0
cell 13.999814450365914 57.64155483973876 0.0 1.0 1.0 1 0 0 0.0 1.0 0
cell 29.830225432707284 26.49572321270343 0.0 1.0 1.0 1 0 0 0.0 1.0 0
cell 16.631157433384313 36.70616231955828 0.0 1.0 1.0 1 0 0 0.0 1.0 0
cell 6.55655105007611 47.638275505711334 0.0 1.0 1.0 1 0 0 0.0 1.0 0
cell 9.197873950812543 20.77491152447762 0.0 1.6431676725154984 0.6085806194501846 1 0 0 0.9996651785506344 -0.025875293106133217 3.1933490163111338
cell 42.51247018759039 33.28616401115601 0.0 1.6431676725154984 0.6085806194501846 1 0 0 -0.412725863227082 -0.9108552913736957 0.8508893634241579
cell 48.72314577406982 41.016194481679754 0.0 1.6431676725154984 0.6085806194501846 1 0 0 0.9188712546102962 0.39455749574795856 2.3304201985630764
cell 33.83056176577259 43.234058728362086 0.0 1.0 1.0 1 0 0 0.0 1.0 0
cell 26.740543495263104 58.48881458709983 0.0 1.0 1.0 1 0 0 0.0 1.0 0
cell 32.66598691249641 12.480102084878745 0.0 1.0 1.0 1 0 0 0.0 1.0 0
cell 59.62430472254889 9.49137613956684 0.0 1.6431676725154984 0.6085806194501846 1 0 0 0.9851215796603967 -0.17185887607977882 3.4870252749882
cell 43.312391817642656 11.98448364839799 0.0 1.0 1.0 1 0 0 0.0 1.0 0
cell 56.526099239006484 29.336909699659248 0.0 1.0 1.0 1 0 0 0.0 1.0 0
cell 5.208795873795438 53.06585180234577 0.0 1.0 1.0 1 0 0 0.0 1.0 0
cell 59.304168999794896 40.287118522608196 0.0 1.0 1.0 1 0 0 0.0 1.0 0
cell 35.71003035350665 59.11555472366614 0.0 1.0 1.0 1 0 0 0.0 1.0 0
cell 15.616373419392836 58.5040151585926 0.0 1.0 1.0 1 0 0 0.0 1.0 0
cell 26.097019891590744 32.41679416613437 0.0 1.0 1.0 1 0 0 0.0 1.0 0
cell 6.049761308953407 33.394376329991616 0.0 1.0 1.0 1 0 0 0.0 1.0 0
cell 2.4976419600472815 25.60578066821985 0.0 1.0 1.0 1 0 0 0.0 1.0 0
cell 32.90172298777237 1.5771516727376318 0.0 1.0 1.0 1 0 0 0.0 1.0 0
cell 22.86687765824066 47.08502714935883 0.0 1.0 1.0 1 0 0 0.0 1.0 0
cell 50.40849399175826 5.6165711935577844 0.0 1.6431676725154984 0.6085806194501846 1 0 0 -0.04120106207645823 -0.9991508757358779 0.08242545529186796
cell 29.979922659840696 31.429888005998436 0.0 1.0 1.0 1 0 0 0.0 1.0 0
cell 53.69529623246428 6.757844745572942 0.0 1.6431676725154984 0.6085806194501846 1 0 0 0.18035616018587053 -0.9836013702120431 5.920488232513655
cell 54.86347528517636 41.7144259766572 0.0 1.6431676725154984 0.6085806194501846 1 0 0 0.3533585223892761 -0.9354879767559108 5.560867688713092
cell 36.039802229263024 38.427030020528356 0.0 1.6431676725154984 0.6085806194501846 1 0 0 0.973583118160185 0.22833289739652357 2.680862651902825
cell 51.72668639320586 47.31843121665272 0.0 1.6431676725154984 0.6085806194501846 1 0 0 0.47132886258518364 -0.8819575405279764 5.301591523350875
cell 57.89061315151308 9.936875342041976 0.0 1.6431676725154984 0.6085806194501846 1 0 0 0.9773792302542074 -0.21149430315659354 3.567799844204192
cell 21.134323905182633 3.532305868630309 0.0 1.6431676725154984 0.6085806194501846 1 0 0 0.6669135263696336 0.7451351208641424 1.4601178046982577
cell 50.35746559824457 25.38833237150489 0.0 1.0 1.0 1 0 0 0.0 1.0 0
cell 36.56504494447661 8.12543974838178 0.0 1.0 1.0 1 0 0 0.0 1.0 0
cell 1.1345978993167973 39.05823094051207 0.0 1.0 1.0 1 0 0 0.0 1.0 0
cell 9.161450054062918 30.48969212809949 0.0 1.0 1.0 1 0 0 0.0 1.0 0
cell 3.7742505967999933 32.16309742394904 0.0 1.0 1.0 1 0 0 0.0 1.0 0
cell 45.6324747733701 54.926269433303126 0.0 1.6431676725154984 0.6085806194501846 1 0 0 0.6890721333475583 -0.7246927590667956 4.762769480354751
cell 26.765510290293868 18.196642267567558 0.0 1.0 1.0 1 0 0 0.0 1.0 0
cell 7.080716138088688 17.815095849902754 0.0 1.6431676725154984 0.6085806194501846 1 0 0 0.9747023050497253 0.2235070838491529 2.690770448000139
cell 44.753789482117696 53.37216819413818 0.0 1.6431676725154984 0.6085806194501846 1 0 0 0.5631049954320114 -0.8263853605428368 5.086908641911841
cell 25.204566664557465 24.14401007757387 0.0 1.0 1.0 1 0 0 0.0 1.0 0
cell 48.767778922640886 17.35038160878011 0.0 1.0 1.0 1 0 0 0.0 1.0 0
cell 10.062825787546046 58.31091372011987 0.0 1.0 1.0 1 0 0 0.0 1.0 0
cell 45.931222123429166 48.99243044353284 0.0 1.6431676725154984 0.6085806194501846 1 0 0 0.9246219326948639 -0.3808861792971943 3.9231017153870567
cell 34.555785993655036 54.45705107886702 0.0 1.0 1.0 1 0 0 0.0 1.0 0
cell 7.433796925567565 38.37090784010008 0.0 1.0 1.0 1 0 0 0.0 1.0 0
cell 16.862120941075975 12.535604238549322 0.0 1.0 1.0 1 0 0 0.0 1.0 0
cell 29.224591015030164 36.25658783136101 0.0 1.6431676725154984 0.6085806194501846 1 0 0 0.9627801089357874 -0.2702858890833804 3.688972574187183
cell 20.208162678791233 43.99359715389279 0.0 1.0 1.0 1 0 0 0.0 1.0 0
cell 18.12721951139178 1.0834432967809207 0.0 1.0 1.0 1 0 0 0.0 1.0 0
cell 7.942943102737441 14.120848242893809 0.0 1.0 1.0 1 0 0 0.0 1.0 0
cell 24.779187520343076 58.635502017678874 0.0 1.0 1.0 1 0 0 0.0 1.0 0
cell 13.40549239646558 34.25116444032649 0.0 1.0 1.0 1 0 0 0.0 1.0 0
cell 4.4147611198996275 21.718995917292975 0.0 1.0 1.0 1 0 0 0.0 1.0 0
cell 44.33329380606593 20.924352838978113 0.0 1.6431676725154984 0.6085806194501846 1 0 0 0.9265200991349198 -0.37624527359027155 3.9130735362327846
cell 10.917729700879201 19.529122466026365 0.0 1.6431676725154984 0.6085806194501846 1 0 0 0.9805390530912991 0.19632413341924798 2.7463772899701295
cell 44.92825996744426 46.008445881564775 0.0 1.6431676725154984 0.6085806194501846 1 0 0 0.295219588378384 -0.9554294294387721 5.6838146219010905
cell 30.559936376256704 42.237542264388935 0.0 1.0 1.0 1 0 0 0.0 1.0 0
cell 57.22084987356855 53.61814155115891 0.0 1.0 1.0 1 0 0 0.0 1.0 0
cell 13.422619634948926 11.778032077109652 0.0 1.0 1.0 1 0 0 0.0 1.0 0
cell 38.20823252462786 7.506204064869087 0.0 1.6431676725154984 0.6085806194501846 1 0 0 0.9850978486033943 -0.1719948507280496 3.487301334895242
cell 44.33602986222039 51.63888727156357 0.0 1.0 1.0 1 0 0 0.0 1.0 0
cell 17.62889108444222 30.944330309169267 0.0 1.0 1.0 1 0 0 0.0 1.0 0
cell 31.58025993135388 16.324906749848754 0.0 1.0 1.0 1 0 0 0.0 1.0 0
cell 43.09471548372825 15.574065981328179 0.0 1.0 1.0 1 0 0 0.0 1.0 0
cell 5.765340755907287 29.643961825220067 0.0 1.0 1.0 1 0 0 0.0 1.0 0
cell 50.204785424611494 10.425798140309007 0.0 1.0 1.0 1 0 0 0.0 1.0 0
cell 38.703027116506846 13.772881193695504 0.0 1.0 1.0 1 0 0 0.0 1.0 0
cell 27.27084855987065 11.528790238839527 0.0 1.0 1.0 1 0 0 0.0 1.0 0
cell 33.39978380613846 16.19798546698993 0.0 1.0 1.0 1 0 0 0.0 1.0 0
cell 19.606855272894364 25.33169359317235 0.0 1.0 1.0 1 0 0 0.0 1.0 0
cell 37.3523418810649 12.732548298967258 0.0 1.0 1.0 1 0 0 0.0 1.0 0
cell 1.7761629196128932 55.097762052942095 0.0 1.0 1.0 1 0 0 0.0 1.0 0
cell 1.6401138247570306 45.749011931665464 0.0 1.0 1.0 1 0 0 0.0 1.0 0
cell 38.39646430336006 17.573305820011573 0.0 1.0 1.0 1 0 0 0.0 1.0 0
cell 26.699090583295835 30.53751080935266 0.0 1.0 1.0 1 0 0 0.0 1.0 0
cell 8.793384148410562 18.327763846137938 0.0 1.6431676725154984 0.6085806194501846 1 0 0 0.988371519085684 0.15205834492147233 2.8362916481532245
cell 39.08325870897095 52.313243785775 0.0 1.6431676725154984 0.6085806194501846 1 0 0 0.8137848969628975 -0.5811661909256992 4.381914662161945
cell 26.94453435547396 9.831387390722174 0.0 1.0 1.0 1 0 0 0.0 1.0 0
cell 23.08939752635789 42.224038387730104 0.0 1.0 1.0 1 0 0 0.0 1.0 0
cell 39.69933115189536 2.908751313633273 0.0 1.0 1.0 1 0 0 0.0 1.0 0
cell 55.87761891955269 15.408691719422224 0.0 1.0 1.0 1 0 0 0.0 1.0 0
cell 9.588349648943932 38.451166435332006 0.0 1.6431676725154984 0.6085806194501846 1 0 0 0.2506386374809283 -0.968080716367031 5.7765055205433935
cell 14.990111693786437 0.5218688074983181 0.0 1.0 1.0 1 0 0 0.0 1.0 0
cell 46.82931862093204 29.34869996459502 0.0 1.0 1.0 1 0 0 0.0 1.0 0
cell 23.194335833774126 24.283455658980284 0.0 1.0 1.0 1 0 0 0.0 1.0 0
cell 14.873690919622724 6.031130079895333 0.0 1.0 1.0 1 0 0 0.0 1.0 0
cell 35.313890329576324 46.710236124861986 0.0 1.6431676725154984 0.6085806194501846 1 0 0 0.9707498970561524 -0.24009297650174916 3.626515909436536
cell 20.85221466083647 26.736354021254744 0.0 1.0 1.0 1 0 0 0.0 1.0 0
cell 42.931216323359834 45.59848386407848 0.0 1.0 1.0 1 0 0 0.0 1.0 0
cell 30.390246396405942 51.36537066540408 0.0 1.0 1.0 1 0 0 0.0 1.0 0
cell 4.398276511697281 43.34051165401573 0.0 1.0 1.0 1 0 0 0.0 1.0 0
cell 48.828372490608054 6.833295246904846 0.0 1.6431676725154984 0.6085806194501846 1 0 0 0.10638029319072514 -0.9943255167301377 6.070021369663136
cell 4.187226724368134 59.328938483948086 0.0 1.0 1.0 1 0 0 0.0 1.0 0
cell 42.56890014482812 28.362392346775884 0.0 1.0 1.0 1 0 0 0.0 1.0 0
cell 53.75097461298851 25.220427426000317 0.0 1.0 1.0 1 0 0 0.0 1.0 0
cell 47.86719209931597 51.49387767316472 0.0 1.6431676725154984 0.6085806194501846 1 0 0 0.8239334868749773 -0.5666865175792006 4.3465501056766325
cell 52.69069441776995 9.688374291669444 0.0 1.6431676725154984 0.6085806194501846 1 0 0 0.9912188462980569 -0.13223161022822405 3.406832700701906
cell 52.091823887316295 26.333387219517952 0.0 1.0 1.0 1 0 0 0.0 1.0 0
cell 51.77790192532847 45.60068855115675 0.0 1.6431676725154984 0.6085806194501846 1 0 0 0.4719198931845473 -0.8816414318852566 5.30025101320887
cell 31.260361763623152 27.98834672034928 0.0 1.0 1.0 1 0 0 0.0 1.0 0
cell 18.292268942586084 51.95711873070443 0.0 1.0 1.0 1 0 0 0.0 1.0 0
cell 39.2701666726798 50.325978289337264 0.0 1.6431676725154984 0.6085806194501846 1 0 0 0.4605187674604806 0.8876499675078459 0.9571590758782847
cell 7.246804206472062 46.234123071587476 0.0 1.6431676725154984 0.6085806194501846 1 0 0 0.9845034845921424 0.1753650159693468 2.7890396187689133
cell 28.03381669807969 39.15096845584079 0.0 1.0 1.0 1 0 0 0.0 1.0 0
cell 17.3522698836527 20.60181541186656 0.0 1.0 1.0 1 0 0 0.0 1.0 0
cell 25.145599308653356 14.639707249819299 0.0 1.0 1.0 1 0 0 0.0 1.0 0
cell 45.473957269260886 59.65076851188215 0.0 1.6431676725154984 0.6085806194501846 1 0 0 0.6997332488860447 -0.714404213595763 4.733137229811221
cell 1.7083272856604932 35.27258741351766 0.0 1.0 1.0 1 0 0 0.0 1.0 0
cell 11.164890230329378 5.735099217393176 0.0 1.0 1.0 1 0 0 0.0 1.0 0
cell 22.17671646598214 14.026804512037979 0.0 1.6431676725154984 0.6085806194501846 1 0 0 0.8382343548709907 0.5453101560708492 1.9880744908126613
cell 11.550212766552576 17.993159682285324 0.0 1.6431676725154984 0.6085806194501846 1 0 0 0.972638298585467 0.23232464381715504 2.6726585682586066
cell 43.274698205617355 59.209245489091906 0.0 1.6431676725154984 0.6085806194501846 1 0 0 0.6154807545396129 -0.7881519147926679 4.95719371052152
cell 12.85425744080036 15.97395656903047 0.0 1.6431676725154984 0.6085806194501846 1 0 0 0.9306115885675212 0.36600829392765766 2.3921605595146294
cell 55.74131649074874 52.35294107281249 0.0 1.6431676725154984 0.6085806194501846 1 0 0 0.3961255671732649 -0.9181963488446571 5.468598560721173
cell 11.385433419814541 7.208165507375077 0.0 1.6431676725154984 0.6085806194501846 1 0 0 0.3232628349334415 -0.9463092198382063 5.6248344582830585
cell 28.726836225872084 24.947755110610988 0.0 1.0 1.0 1 0 0 0.0 1.0 0
cell 21.15525613371724 42.331965778211824 0.0 1.0 1.0 1 0 0 0.0 1.0 0
cell 0.5376862418855355 30.269728001058844 0.0 1.0 1.0 1 0 0 0.0 1.0 0
cell 13.827363804062069 24.49746631140102 0.0 1.6431676725154984 0.6085806194501846 1 0 0 -0.49016082703801106 0.871632011595153 5.258636795368607
cell 40.60459252534008 28.660559364873343 0.0 1.0 1.0 1 0 0 0.0 1.0 0
cell 28.733563821349946 10.503357715007294 0.0 1.0 1.0 1 0 0 0.0 1.0 0
cell 40.19949173004384 16.66907663648666 0.0 1.0 1.0 1 0 0 0.0 1.0 0
cell 32.96207599172422 32.88230925311034 0.0 1.0 1.0 1 0 0 0.0 1.0 0
cell 38.793792532791905 54.84044056747379 0.0 1.6431676725154984 0.6085806194501846 1 0 0 0.7416878240255298 -0.6707452360563396 4.612018884633321
cell 3.346370370956868 35.100220661940014 0.0 1.0 1.0 1 0 0 0.0 1.0 0
cell 50.83944777226848 34.13352631209372 0.0 1.0 1.0 1 0 0 0.0 1.0 0
cell 26.814188915120695 42.29614395417439 0.0 1.0 1.0 1 0 0 0.0 1.0 0
cell 53.55714477703582 11.386546212674443 0.0 1.0 1.0 1 0 0 0.0 1.0 0
cell 58.52198759096262 29.940951704733806 0.0 1.0 1.0 1 0 0 0.0 1.0 0
cell 34.021321726593975 31.184111655829774 0.0 1.0 1.0 1 0 0 0.0 1.0 0
cell 52.14230955458239 52.83535425673249 0.0 1.6431676725154984 0.6085806194501846 1 0 0 0.8124190554430312 -0.583073990461805 4.386607305192468
cell 58.377415979225745 56.219522562774436 0.0 1.6431676725154984 0.6085806194501846 1 0 0 0.7614842957492898 0.6481833593414816 1.7311999539297205
cell 26.189936215993793 3.920786642382828 0.0 1.0 1.0 1 0 0 0.0 1.0 0
cell 7.67641427270877 41.434499306331645 0.0 1.0 1.0 1 0 0 0.0 1.0 0
cell 8.090175064415034 48.85138791670322 0.0 1.0 1.0 1 0 0 0.0 1.0 0
cell 44.017854331561004 17.12462346621443 0.0 1.0 1.0 1 0 0 0.0 1.0 0
cell 54.495632417245574 44.328641263185 0.0 1.6431676725154984 0.6085806194501846 1 0 0 0.6460940958971227 -0.7632577672365212 4.878273566397757
cell 13.699194343657354 32.336717776005294 0.0 1.0 1.0 1 0 0 0.0 1.0 0
cell 1.2415842677480688 0.05997680076336488 0.0 1.0 1.0 1 0 0 0.0 1.0 0
cell 56.80219978272922 43.356925169184365 0.0 1.0 1.0 1 0 0 0.0 1.0 0
cell 44.60691385284792 44.50974743376517 0.0 1.0 1.0 1 0 0 0.0 1.0 0
cell 4.306103144614008 50.06157319507982 0.0 1.0 1.0 1 0 0 0.0 1.0 0
cell 9.523686517596769 0.5599905085953245 0.0 1.0 1.0 1 0 0 0.0 1.0 0
cell 24.540279535555328 22.341845140985455 0.0 1.6431676725154984 0.6085806194501846 1 0 0 0.7701131966002315 0.6379072537776735 1.7580371652011846
cell 46.99615200463053 24.427309499870667 0.0 1.0 1.0 1 0 0 0.0 1.0 0
cell 45.61241115360002 19.85989351460556 0.0 1.0 1.0 1 0 0 0.0 1.0 0
cell 48.81338963958972 32.742391586989676 0.0 1.6431676725154984 0.6085806194501846 1 0 0 0.8050038838591056 -0.5932695398988183 4.411821277746396
cell 53.39832789706064 44.454017297392326 0.0 1.6431676725154984 0.6085806194501846 1 0 0 0.565834760689529 -0.8245186617629849 5.080294658947684
cell 18.26260961690453 29.065864412411383 0.0 1.0 1.0 1 0 0 0.0 1.0 0
cell 42.0124448009246 40.247683528748176 0.0 1.6431676725154984 0.6085806194501846 1 0 0 0.8188044603912259 0.5740725177566275 1.9186507130578205
cell 30.607764081381927 10.56904261965239 0.0 1.0 1.0 1 0 0 0.0 1.0 0
cell 2.7877026185856884 19.8607121497328 0.0 1.6431676725154984 0.6085806194501846 1 0 0 0.9999708829085953 0.007631076922983211 3.1263303516122587
cell 42.16059014627689 19.071035408089333 0.0 1.6431676725154984 0.6085806194501846 1 0 0 0.9010434850437196 -0.43372876093276125 4.038846543245801
cell 14.093170914905691 3.9418141341404045 0.0 1.6431676725154984 0.6085806194501846 1 0 0 0.334135305389258 0.9425251178045216 0.6813753146426981
cell 50.611351392005616 19.932206971390002 0.0 1.0 1.0 1 0 0 0.0 1.0 0
cell 15.596233150192539 54.04190530104634 0.0 1.0 1.0 1 0 0 0.0 1.0 0
cell 32.56328363026549 54.60188728357581 0.0 1.0 1.0 1 0 0 0.0 1.0 0
cell 45.37184484562043 9.76715688620389 0.0 1.0 1.0 1 0 0 0.0 1.0 0
cell 12.795966924562633 56.07538303022425 0.0 1.0 1.0 1 0 0 0.0 1.0 0
cell 28.787770715711687 58.26441496612152 0.0 1.0 1.0 1 0 0 0.0 1.0 0
cell 27.896787674197316 43.96804947374302 0.0 1.0 1.0 1 0 0 0.0 1.0 0
cell 40.884306555528006 48.17419819718831 0.0 1.6431676725154984 0.6085806194501846 1 0 0 0.7328759584204794 0.6803622781792534 1.645078962961878
cell 30.10473139300596 3.519071080492396 0.0 1.0 1.0 1 0 0 0.0 1.0 0
cell 24.811598343305512 31.02750771164831 0.0 1.0 1.0 1 0 0 0.0 1.0 0
cell 48.70423882529694 20.337849824109163 0.0 1.0 1.0 1 0 0 0.0 1.0 0
cell 5.733701582262436 2.349441483035867 0.0 1.6431676725154984 0.6085806194501846 1 0 0 0.711995778424624 -0.7021837448314463 4.698512558070699
cell 15.721124464852885 50.50396319263007 0.0 1.0 1.0 1 0 0 0.0 1.0 0
cell 26.05109582572622 43.740494634705456 0.0 1.0 1.0 1 0 0 0.0 1.0 0
cell 56.250231936288735 39.733270494729894 0.0 1.6431676725154984 0.6085806194501846 1 0 0 0.337906278414759 -0.9411797633862977 5.593802436734093
cell 57.83275511687333 17.24092808172358 0.0 1.0 1.0 1 0 0 0.0 1.0 0
cell 45.27101970115501 30.523065368397305 0.0 1.6431676725154984 0.6085806194501846 1 0 0 0.541223611883194 0.8408787082214115 1.1437831753981236
cell 50.537276686994616 36.184779897564226 0.0 1.0 1.0 1 0 0 0.0 1.0 0
cell 25.433988204199135 5.759164132842762 0.0 1.0 1.0 1 0 0 0.0 1.0 0
cell 38.493432623553424 21.418703460616047 0.0 1.0 1.0 1 0 0 0.0 1.0 0
cell 8.387312252119653 19.58424051473853 0.0 1.6431676725154984 0.6085806194501846 1 0 0 0.9887187467289734 0.14978397733632318 2.840893090224391
cell 53.723932697097545 23.34674523701626 0.0 1.0 1.0 1 0 0 0.0 1.0 0
cell 23.16302396698909 15.00668667067561 0.0 1.0 1.0 1 0 0 0.0 1.0 0
cell 29.21378137111802 33.50892727627401 0.0 1.0 1.0 1 0 0 0.0 1.0 0
cell 27.031259692902065 20.29338306738761 0.0 1.6431676725154984 0.6085806194501846 1 0 0 0.8629260160387696 0.5053302789695637 2.0820633225151983
cell 0.94903651131282 1.8153456456323862 0.0 1.6431676725154984 0.6085806194501846 1 0 0 -0.011841409072061954 0.9999298880577518 6.259501935537147
cell 15.822535641996565 46.77868893656813 0.0 1.0 1.0 1 0 0 0.0 1.0 0
cell 19.535672379596786 16.1135879247845 0.0 1.0 1.0 1 0 0 0.0 1.0 0
cell 10.137000576259917 16.8083164892567 0.0 1.6431676725154984 0.6085806194501846 1 0 0 0.9844854102088098 0.1754664557286992 2.788833543946388
cell 22.52535075955333 55.261918465765184 0.0 1.0 1.0 1 0 0 0.0 1.0 0
cell 55.247303853864736 49.673597593658535 0.0 1.6431676725154984 0.6085806194501846 1 0 0 0.39197360942400594 -0.9199764613918754 5.477633512528056
cell 8.204647159529436 3.940946490177169 0.0 1.0 1.0 1 0 0 0.0 1.0 0
cell 5.790003428915425 19.286655765869952 0.0 1.6431676725154984 0.6085806194501846 1 0 0 0.9984769724338081 0.055170059991054184 3.031196482444415
cell 22.316089710548546 18.865009748698267 0.0 1.0 1.0 1 0 0 0.0 1.0 0
cell 20.064739640228026 0.8056230347508386 0.0 1.0 1.0 1 0 0 0.0 1.0 0
cell 13.07300078384064 42.094733409510084 0.0 1.6431676725154984 0.6085806194501846 1 0 0 0.9425902437110865 0.33395154208458827 2.460607263739687
cell 32.663557252507196 29.355863337277444 0.0 1.0 1.0 1 0 0 0.0 1.0 0
cell 12.035486227716769 48.03454909478324 0.0 1.0 1.0 1 0 0 0.0 1.0 0
cell 41.202167983916155 4.245442830196516 0.0 1.0 1.0 1 0 0 0.0 1.0 0
cell 42.24051600859707 31.280829509201418 0.0 1.6431676725154984 0.6085806194501846 1 0 0 0.3752835884324321 0.9269100432368165 0.7694054117643189
cell 7.308673897272811 34.644150239727026 0.0 1.0 1.0 1 0 0 0.0 1.0 0
cell 14.421738858085542 25.59113826347568 0.0 1.6431676725154984 0.6085806194501846 1 0 0 0.43075098934139416 -0.9024708223435316 5.392535787388042
cell 49.576931305094526 31.37423303253029 0.0 1.6431676725154984 0.6085806194501846 1 0 0 0.8033668572268898 -0.5954844185277983 4.417329652581405
cell 43.96543204413991 18.89079520122481 0.0 1.0 1.0 1 0 0 0.0 1.0 0
cell 58.822143316468974 6.285550454558365 0.0 1.6431676725154984 0.6085806194501846 1 0 0 -0.005308898486353192 -0.9999859076991343 0.010617846849384271
cell 54.36170089771465 21.78487396636531 0.0 1.6431676725154984 0.6085806194501846 1 0 0 0.8805891189897013 -0.47388057938360556 4.128977410387933
cell 46.37675855934126 57.96698422732288 0.0 1.6431676725154984 0.6085806194501846 1 0 0 0.8536910744045816 -0.5207797514131584 4.237120823120584
cell 15.46766156514304 40.46891764557391 0.0 1.6431676725154984 0.6085806194501846 1 0 0 0.9300561130194468 0.3674175099735423 2.3891310754746033
cell 17.896523668297565 16.203529802694426 0.0 1.0 1.0 1 0 0 0.0 1.0 0
cell 59.281666347773815 0.414090690621557 0.0 1.0 1.0 1 0 0 0.0 1.0 0
cell 28.285880599805893 37.33872059758624 0.0 1.0 1.0 1 0 0 0.0 1.0 0
cell 47.6200228672946 44.44405256207274 0.0 1.6431676725154984 0.6085806194501846 1 0 0 0.23180995162186185 -0.9727610941691028 5.815309497460495
cell 2.375544274091632 27.52743709573544 0.0 1.0 1.0 1 0 0 0.0 1.0 0
cell 7.08739108064811 24.23295748707712 0.0 1.0 1.0 1 0 0 0.0 1.0 0
cell 11.383368479157241 1.824172270937112 0.0 1.0 1.0 1 0 0 0.0 1.0 0
cell 48.269100293503506 42.875673888528446 0.0 1.0 1.0 1 0 0 0.0 1.0 0
cell 13.297479255443804 1.6190730531757889 0.0 1.0 1.0 1 0 0 0.0 1.0 0
cell 58.819400555986945 52.54133604504858 0.0 1.0 1.0 1 0 0 0.0 1.0 0
cell 7.6373911083051444 43.2951458686576 0.0 1.0 1.0 1 0 0 0.0 1.0 0
cell 12.80980713191758 44.64102482181247 0.0 1.6431676725154984 0.6085806194501846 1 0 0 0.9935691624620886 0.1132268493087389 2.9146522738531235
cell 27.293101949653774 28.62920902094266 0.0 1.0 1.0 1 0 0 0.0 1.0 0
cell 10.759888999023065 39.25681360602399 0.0 1.0 1.0 1 0 0 0.0 1.0 0
cell 15.165501428572364 48.756038916329246 0.0 1.0 1.0 1 0 0 0.0 1.0 0
cell 15.501495726974799 31.367564971450857 0.0 1.0 1.0 1 0 0 0.0 1.0 0
cell 21.35053702027095 12.242753146634978 0.0 1.0 1.0 1 0 0 0.0 1.0 0
cell 20.288124762239644 51.91081558929171 0.0 1.0 1.0 1 0 0 0.0 1.0 0
cell 6.082513296673134 42.2521269066656 0.0 1.0 1.0 1 0 0 0.0 1.0 0
cell 2.24492812362704 53.14452383655649 0.0 1.0 1.0 1 0 0 0.0 1.0 0
cell 27.207569603356816 33.74348505425263 0.0 1.0 1.0 1 0 0 0.0 1.0 0
cell 31.673462356074392 56.359879307635524 0.0 1.0 1.0 1 0 0 0.0 1.0 0
cell 34.19004601713454 37.96116727987579 0.0 1.0 1.0 1 0 0 0.0 1.0 0
cell 22.49496241812777 16.767414669162388 0.0 1.0 1.0 1 0 0 0.0 1.0 0
cell 21.209169728040987 50.285550820329085 0.0 1.0 1.0 1 0 0 0.0 1.0 0
cell 10.046499622379688 11.50350569180591 0.0 1.0 1.0 1 0 0 0.0 1.0 0
cell 11.391338768587632 21.78960839023672 0.0 1.0 1.0 1 0 0 0.0 1.0 0
cell 39.58668820391967 48.63908145612677 0.0 1.6431676725154984 0.6085806194501846 1 0 0 0.5431386889354103 0.8396429982924432 1.1483414651620796
cell 21.661230118499837 48.53703075068354 0.0 1.0 1.0 1 0 0 0.0 1.0 0
cell 15.58074099114122 22.652686619689245 0.0 1.6431676725154984 0.6085806194501846 1 0 0 0.5858505939982276 -0.8104190777072834 5.031326840977467
cell 7.6541696618493305 29.17866838770891 0.0 1.0 1.0 1 0 0 0.0 1.0 0
cell 51.90348155794164 22.44263435188652 0.0 1.0 1.0 1 0 0 0.0 1.0 0
cell 38.19348592533373 0.7750602389395677 0.0 1.0 1.0 1 0 0 0.0 1.0 0
cell 53.99398468059094 52.53304185042438 0.0 1.6431676725154984 0.6085806194501846 1 0 0 0.6452945500188589 -0.7639338608256335 4.880367726136514
cell 59.45767103658373 48.56386335455396 0.0 1.0 1.0 1 0 0 0.0 1.0 0
cell 29.470823262451745 53.160011355505 0.0 1.0 1.0 1 0 0 0.0 1.0 0
cell 4.450142600775721 45.31939825144796 0.0 1.0 1.0 1 0 0 0.0 1.0 0
cell 57.435178110702154 23.73484452409547 0.0 1.0 1.0 1 0 0 0.0 1.0 0
cell 35.66405430534076 26.02858498463359 0.0 1.0 1.0 1 0 0 0.0 1.0 0
cell 11.715726163667194 37.46984797171669 0.0 1.0 1.0 1 0 0 0.0 1.0 0
cell 57.865469429264515 39.672118321041744 0.0 1.6431676725154984 0.6085806194501846 1 0 0 0.369758270984744 -0.9291279895893636 5.5256876279680025
cell 37.7571496917975 40.08361493624705 0.0 1.0 1.0 1 0 0 0.0 1.0 0
cell 29.64144440966303 8.809067313272413 0.0 1.0 1.0 1 0 0 0.0 1.0 0
cell 17.42182075836079 2.9509586315130263 0.0 1.0 1.0 1 0 0 0.0 1.0 0
cell 18.925943935552606 27.220667105319563 0.0 1.0 1.0 1 0 0 0.0 1.0 0
cell 18.8482223198281 58.99185470512842 0.0 1.0 1.0 1 0 0 0.0 1.0 0
cell 12.017778467662586 57.849438953740304 0.0 1.0 1.0 1 0 0 0.0 1.0 0
cell 18.2037179313161 43.43177686618947 0.0 1.0 1.0 1 0 0 0.0 1.0 0
cell 34.916189798820604 8.33776429278549 0.0 1.0 1.0 1 0 0 0.0 1.0 0
cell 9.199484368460215 9.667679579919573 0.0 1.6431676725154984 0.6085806194501846 1 0 0 0.4739865401395966 -0.8805320890044238 5.295559883798403
cell 53.88736106620338 15.113740767592672 0.0 1.0 1.0 1 0 0 0.0 1.0 0
cell 33.51098230188572 19.64751414446428 0.0 1.0 1.0 1 0 0 0.0 1.0 0
cell 48.603114634649295 22.1989173499276 0.0 1.0 1.0 1 0 0 0.0 1.0 0
cell 7.044551060285075 10.63997395307711 0.0 1.6431676725154984 0.6085806194501846 1 0 0 -0.3025856799406659 0.9531221885439689 5.668376621862991
cell 43.3442500514009 50.042725199040454 0.0 1.0 1.0 1 0 0 0.0 1.0 0
cell 0.5447381033499152 21.613055895187436 0.0 1.6431676725154984 0.6085806194501846 1 0 0 0.9981926040034922 -0.06009596752468023 3.261857052504294
cell 31.42392358725578 8.725138312093591 0.0 1.0 1.0 1 0 0 0.0 1.0 0
cell 48.682270554098515 35.23857676071341 0.0 1.6431676725154984 0.6085806194501846 1 0 0 0.8220131270298969 -0.5694685408260324 4.353311006848138
cell 46.768052705086546 37.727940298118384 0.0 1.0 1.0 1 0 0 0.0 1.0 0
cell 55.0152917770878 59.24703940764498 0.0 1.6431676725154984 0.6085806194501846 1 0 0 0.9760919512007346 -0.2173580060663576 3.5798065435702515
cell 44.43488107977213 6.5165712656203745 0.0 1.6431676725154984 0.6085806194501846 1 0 0 0.9385678213444587 -0.3450948344103635 3.846272303264652
cell 14.499772194888168 16.336954389009424 0.0 1.6431676725154984 0.6085806194501846 1 0 0 0.7096046625776598 -0.7046000445983848 4.705311366991573
cell 34.7751351749219 33.83073177272286 0.0 1.0 1.0 1 0 0 0.0 1.0 0
cell 47.903384701590774 54.0488358340144 0.0 1.6431676725154984 0.6085806194501846 1 0 0 0.7968827974545567 -0.6041339314431858 4.438949850803218
cell 6.689405650028669 36.57410045317916 0.0 1.0 1.0 1 0 0 0.0 1.0 0
cell 31.10150684512372 12.519624004736299 0.0 1.0 1.0 1 0 0 0.0 1.0 0
cell 25.103971484833966 19.234148687994814 0.0 1.0 1.0 1 0 0 0.0 1.0 0
cell 11.454230788088042 41.93680771403038 0.0 1.6431676725154984 0.6085806194501846 1 0 0 0.9549241254990504 0.2968499865923425 2.538808154540767
cell 43.90859760272456 22.670478772034517 0.0 1.0 1.0 1 0 0 0.0 1.0 0
cell 57.873291338873294 15.330377559395975 0.0 1.0 1.0 1 0 0 0.0 1.0 0
cell 56.1835237633926 35.505636572838775 0.0 1.6431676725154984 0.6085806194501846 1 0 0 -0.13819891762264208 -0.9904044927038297 0.27728530160575904
cell 13.0261143499359 30.516989400758895 0.0 1.0 1.0 1 0 0 0.0 1.0 0
cell 40.88262375657535 10.589536875642 0.0 1.6431676725154984 0.6085806194501846 1 0 0 0.8189668578888457 -0.5738408191124706 4.363968706466939
cell 16.505181643457895 24.344733700360983 0.0 1.0 1.0 1 0 0 0.0 1.0 0
cell 20.43641816432542 33.831546614737654 0.0 1.0 1.0 1 0 0 0.0 1.0 0
cell 57.24783621597162 44.982015301635606 0.0 1.6431676725154984 0.6085806194501846 1 0 0 0.5133024439801922 -0.8582077842830148 5.205128403184649
cell 21.395264343140422 53.57809924986597 0.0 1.0 1.0 1 0 0 0.0 1.0 0
cell 6.183927324588951 49.381738264299116 0.0 1.0 1.0 1 0 0 0.0 1.0 0
cell 13.26063823903043 59.40432308613701 0.0 1.0 1.0 1 0 0 0.0 1.0 0
cell 22.33688032037048 38.88938683260926 0.0 1.0 1.0 1 0 0 0.0 1.0 0
cell 4.0155833979543685 24.855126240488136 0.0 1.0 1.0 1 0 0 0.0 1.0 0
cell 39.76791720571391 20.387833306347762 0.0 1.0 1.0 1 0 0 0.0 1.0 0
cell 35.21744520710954 21.612555242002724 0.0 1.0 1.0 1 0 0 0.0 1.0 0
cell 43.65077707938131 48.013585824923155 0.0 1.0 1.0 1 0 0 0.0 1.0 0
cell 29.49379116114469 12.214535315627517 0.0 1.0 1.0 1 0 0 0.0 1.0 0
cell 36.668312375217404 54.692963122230616 0.0 1.6431676725154984 0.6085806194501846 1 0 0 0.5843476106985802 0.8115034626363961 1.2481517962914375
cell 8.215116748360646 58.46174081852257 0.0 1.0 1.0 1 0 0 0.0 1.0 0
cell 38.56185747115709 38.43674802498927 0.0 1.0 1.0 1 0 0 0.0 1.0 0
cell 21.075626805392492 15.65485289850301 0.0 1.0 1.0 1 0 0 0.0 1.0 0
cell 21.465260873217726 10.214293919705009 0.0 1.6431676725154984 0.6085806194501846 1 0 0 0.27190319064009777 0.962324609952242 0.5507403636119637
cell 42.79124991071192 36.4426029124279 0.0 1.6431676725154984 0.6085806194501846 1 0 0 0.8185104883651513 0.5744915843041059 1.9176269233742393
cell 44.469585892302355 42.78434199740345 0.0 1.0 1.0 1 0 0 0.0 1.0 0
cell 3.390104789059202 18.11770381008589 0.0 1.6431676725154984 0.6085806194501846 1 0 0 0.9344911803291323 0.3559862832849957 2.4136540972511358
cell 16.459679916719463 7.115416497992138 0.0 1.0 1.0 1 0 0 0.0 1.0 0
cell 17.152792327190635 40.155021432445835 0.0 1.6431676725154984 0.6085806194501846 1 0 0 0.9000425120880513 0.43580210696396376 2.239734108478903
cell 43.258364228126965 24.557065325865896 0.0 1.0 1.0 1 0 0 0.0 1.0 0
cell 11.086841237402501 29.79045250917906 0.0 1.0 1.0 1 0 0 0.0 1.0 0
cell 31.923732218047103 14.365746976737766 0.0 1.0 1.0 1 0 0 0.0 1.0 0
cell 38.67361391441676 28.177662508042065 0.0 1.0 1.0 1 0 0 0.0 1.0 0
cell 57.87991653318864 41.65190368004097 0.0 1.0 1.0 1 0 0 0.0 1.0 0
cell 52.5225119442537 37.446944925015 0.0 1.0 1.0 1 0 0 0.0 1.0 0
cell 27.91673347179987 8.687473392087515 0.0 1.0 1.0 1 0 0 0.0 1.0 0
cell 5.160393100633564 23.754483699897825 0.0 1.0 1.0 1 0 0 0.0 1.0 0
cell 3.5742585290426363 13.888120922219716 0.0 1.6431676725154984 0.6085806194501846 1 0 0 0.16499792511483954 -0.9862939139565842 5.95167349199912
cell 11.596795530439989 3.7839911845230625 0.0 1.0 1.0 1 0 0 0.0 1.0 0
cell 56.01451361218178 22.02559002108319 0.0 1.6431676725154984 0.6085806194501846 1 0 0 0.9647158221183448 -0.2632933393660501 3.674461479395372
cell 25.737102890378676 8.7515717116511 0.0 1.6431676725154984 0.6085806194501846 1 0 0 0.6275599413853494 0.7785682500387597 1.356830409584303
cell 40.14065250004288 18.486671068603176 0.0 1.0 1.0 1 0 0 0.0 1.0 0
cell 23.57622060003707 8.133476484594302 0.0 1.6431676725154984 0.6085806194501846 1 0 0 0.5815119402608534 0.8135378684081385 1.2411718690603328
cell 11.376919109463058 59.729667482297096 0.0 1.0 1.0 1 0 0 0.0 1.0 0
cell 42.81581757068513 41.84890799476028 0.0 1.0 1.0 1 0 0 0.0 1.0 0
cell 17.96203772840379 7.946614587735469 0.0 1.0 1.0 1 0 0 0.0 1.0 0
cell 10.64396295649018 40.9319349587795 0.0 1.0 1.0 1 0 0 0.0 1.0 0
cell 39.21572649059489 11.8365006299227 0.0 1.0 1.0 1 0 0 0.0 1.0 0
cell 29.810295546889897 23.2935152905276 0.0 1.0 1.0 1 0 0 0.0 1.0 0
cell 14.953598709433154 18.868196979454666 0.0 1.6431676725154984 0.6085806194501846 1 0 0 0.549953692441622 -0.8351951485550104 5.118567723857694
cell 36.66119802979505 48.514514153016115 0.0 1.6431676725154984 0.6085806194501846 1 0 0 0.968613149923969 -0.24857305926903434 3.644006247278034
cell 20.588423164435863 19.407224746266245 0.0 1.0 1.0 1 0 0 0.0 1.0 0
cell 33.07492510358111 34.87743319619556 0.0 1.0 1.0 1 0 0 0.0 1.0 0
cell 30.013584527206753 14.15952511042168 0.0 1.0 1.0 1 0 0 0.0 1.0 0
cell 44.89993874370718 49.6234568532587 0.0 1.6431676725154984 0.6085806194501846 1 0 0 0.820493805670484 -0.5716554161873794 4.358636705085607
cell 22.198524514444255 45.68885735543082 0.0 1.6431676725154984 0.6085806194501846 1 0 0 0.08937381015589971 -0.995998153641972 6.10419886436052
cell 16.529866773405423 57.17163741490576 0.0 1.6431676725154984 0.6085806194501846 1 0 0 0.610125567263647 0.7923047344117117 1.3124381296033591
cell 44.21232837000802 33.17191949349332 0.0 1.6431676725154984 0.6085806194501846 1 0 0 0.7120504523853525 0.7021283025614442 1.5848284807663984
cell 45.54994426876893 23.20093592806665 0.0 1.0 1.0 1 0 0 0.0 1.0 0
cell 44.291522374785856 38.471081229857 0.0 1.0 1.0 1 0 0 0.0 1.0 0
cell 40.82713226456498 56.063058468628405 0.0 1.0 1.0 1 0 0 0.0 1.0 0
cell 51.614282350005396 31.111247613327308 0.0 1.6431676725154984 0.6085806194501846 1 0 0 0.9521640006260499 0.30558749305525523 2.5204819005882526
cell 3.04327946359479 11.784301535393539 0.0 1.6431676725154984 0.6085806194501846 1 0 0 0.6945992228855006 0.7193969137874159 1.535725298676905
cell 41.3626506334869 42.980764109374185 0.0 1.6431676725154984 0.6085806194501846 1 0 0 0.6372889303927561 0.7706249536570022 1.3819502231418967
cell 41.92723068033879 53.88517166617044 0.0 1.0 1.0 1 0 0 0.0 1.0 0
cell 12.833022391335705 20.437286667608387 0.0 1.0 1.0 1 0 0 0.0 1.0 0
cell 20.186640979409688 8.278398954899817 0.0 1.6431676725154984 0.6085806194501846 1 0 0 0.3562328328451366 0.9343972221722028 0.7284662487538507
cell 43.624808666209915 13.819046374409933 0.0 1.0 1.0 1 0 0 0.0 1.0 0
cell 38.73060797612908 45.54753014295899 0.0 1.6431676725154984 0.6085806194501846 1 0 0 0.5646072509970674 -0.8253597107452814 5.08327065884301
cell 38.12028509618009 6.104458192592337 0.0 1.0 1.0 1 0 0 0.0 1.0 0
cell 1.65376259890611 20.76091871420188 0.0 1.6431676725154984 0.6085806194501846 1 0 0 0.9926118982204324 -0.1213326811342685 3.3848573996880758
cell 41.85846951176281 2.19221700460588 0.0 1.6431676725154984 0.6085806194501846 1 0 0 0.8955700043209209 -0.4449206304057228 4.063763922020911
cell 19.683781069241917 57.09470089468113 0.0 1.0 1.0 1 0 0 0.0 1.0 0
cell 20.381449231051953 21.419261099214772 0.0 1.0 1.0 1 0 0 0.0 1.0 0
cell 22.76835333323246 58.797774168848406 0.0 1.0 1.0 1 0 0 0.0 1.0 0
cell 40.85167898342514 36.876779641503525 0.0 1.6431676725154984 0.6085806194501846 1 0 0 0.8193763634100322 0.573255942040683 1.9206445726768557
cell 58.32610141046504 32.99397148102278 0.0 1.6431676725154984 0.6085806194501846 1 0 0 -0.8337088561028307 0.5522042586359773 4.3116043514295574
cell 8.470259757334137 35.96788162410431 0.0 1.0 1.0 1 0 0 0.0 1.0 0
cell 12.959716185697188 51.0728578219556 0.0 1.0 1.0 1 0 0 0.0 1.0 0
cell 24.851616993499025 47.307735658599135 0.0 1.0 1.0 1 0 0 0.0 1.0 0
cell 58.802655826576895 3.4858836174643515 0.0 1.6431676725154984 0.6085806194501846 1 0 0 0.2967957554145894 -0.9549409822433443 5.680514389299238
cell 23.930087601113755 40.149037910801354 0.0 1.0 1.0 1 0 0 0.0 1.0 0
cell 21.724243394950914 22.87019167421479 0.0 1.0 1.0 1 0 0 0.0 1.0 0
cell 23.688308651062822 17.960120657554445 0.0 1.0 1.0 1 0 0 0.0 1.0 0
cell 29.295261056980333 5.2940481949023965 0.0 1.0 1.0 1 0 0 0.0 1.0 0
cell 19.041152005820997 32.3938181791415 0.0 1.0 1.0 1 0 0 0.0 1.0 0
cell 6.064400457508908 9.905132970226573 0.0 1.6431676725154984 0.6085806194501846 1 0 0 0.16108490041303525 -0.9869405528495232 5.959605685842942
cell 19.2583538803264 41.97128576870234 0.0 1.0 1.0 1 0 0 0.0 1.0 0
cell 46.772357103749975 55.33234061859334 0.0 1.6431676725154984 0.6085806194501846 1 0 0 0.6726527078877662 -0.7399583329967002 4.807609477445244
cell 5.9415826584046645 44.14990862670408 0.0 1.0 1.0 1 0 0 0.0 1.0 0
cell 36.93738975908934 45.83262256122275 0.0 1.0 1.0 1 0 0 0.0 1.0 0
cell 11.47053557861564 49.75748621400957 0.0 1.0 1.0 1 0 0 0.0 1.0 0
cell 35.2929701686633 44.65521728060515 0.0 1.0 1.0 1 0 0 0.0 1.0 0
cell 1.343109174024773 41.06301829864423 0.0 1.0 1.0 1 0 0 0.0 1.0 0
cell 26.674764131234436 7.3166343868820265 0.0 1.0 1.0 1 0 0 0.0 1.0 0
cell 28.41938159735113 15.05843501621761 0.0 1.0 1.0 1 0 0 0.0 1.0 0
cell 5.667204993289017 14.410846412118318 0.0 1.6431676725154984 0.6085806194501846 1 0 0 -0.10809924150015199 0.994140107825397 6.066563531901164
cell 45.296634787630346 13.736859842149167 0.0 1.0 1.0 1 0 0 0.0 1.0 0
cell 1.1709267525747764 57.02068335431527 0.0 1.0 1.0 1 0 0 0.0 1.0 0
cell 3.3136808963410123 23.01936837697514 0.0 1.0 1.0 1 0 0 0.0 1.0 0
cell 26.470968004972825 16.09836986012347 0.0 1.0 1.0 1 0 0 0.0 1.0 0
cell 26.53961492420112 55.1011735613987 0.0 1.0 1.0 1 0 0 0.0 1.0 0
cell 5.686384987357644 51.16998465031443 0.0 1.0 1.0 1 0 0 0.0 1.0 0
cell 11.868849007313399 8.67069155982685 0.0 1.0 1.0 1 0 0 0.0 1.0 0
cell 32.519858091495415 18.022226067248532 0.0 1.0 1.0 1 0 0 0.0 1.0 0
cell 17.18575350273839 41.845109205031086 0.0 1.6431676725154984 0.6085806194501846 1 0 0 0.9572106038595312 0.28939222494543915 2.5544089879286425
cell 15.355849625894383 11.678994391260893 0.0 1.6431676725154984 0.6085806194501846 1 0 0 0.951278097187052 0.30833420473924317 2.5147098105821777
cell 48.58832082061795 11.594573837879913 0.0 1.0 1.0 1 0 0 0.0 1.0 0
cell 43.70028571502062 26.101879695234757 0.0 1.6431676725154984 0.6085806194501846 1 0 0 0.9862809773965415 -0.16507523625826737 3.4732612408020382
cell 39.39670455564524 26.632201253764773 0.0 1.6431676725154984 0.6085806194501846 1 0 0 0.9911725158444129 -0.13257844407993724 3.4075325299178676
cell 20.60804742892542 5.46461895481652 0.0 1.6431676725154984 0.6085806194501846 1 0 0 0.5082525180657324 0.8612080920891549 1.0663089343181344
cell 36.634203951771376 18.532621854657172 0.0 1.0 1.0 1 0 0 0.0 1.0 0
cell 37.736470878577876 2.7626780172248124 0.0 1.0 1.0 1 0 0 0.0 1.0 0
cell 21.971222933160277 37.37397038812765 0.0 1.6431676725154984 0.6085806194501846 1 0 0 0.984574973332754 0.17496320152193914 2.7898558674871157
cell 52.502170219739135 43.21918554509991 0.0 1.0 1.0 1 0 0 0.0 1.0 0
cell 8.85181706226534 56.74409337020607 0.0 1.0 1.0 1 0 0 0.0 1.0 0
cell 53.613130648792755 27.225747527619824 0.0 1.0 1.0 1 0 0 0.0 1.0 0
cell 42.28770783693207 6.352570416160601 0.0 1.0 1.0 1 0 0 0.0 1.0 0
cell 28.07704561402913 31.941066261327283 0.0 1.0 1.0 1 0 0 0.0 1.0 0
cell 40.63971092842583 58.097424932486 0.0 1.0 1.0 1 0 0 0.0 1.0 0
cell 57.59847869894607 37.247564611036864 0.0 1.6431676725154984 0.6085806194501846 1 0 0 0.7088095868692565 -0.7053998650143292 4.707566900821651
cell 39.95005007274976 46.17321606522095 0.0 1.6431676725154984 0.6085806194501846 1 0 0 0.6951901258662129 0.718825910007506 1.537368723986773
cell 19.41575517162671 53.64744773528135 0.0 1.0 1.0 1 0 0 0.0 1.0 0
cell 42.8053691593875 43.75805167208009 0.0 1.0 1.0 1 0 0 0.0 1.0 0
cell 15.042762185524097 27.82878578714064 0.0 1.0 1.0 1 0 0 0.0 1.0 0
cell 54.02270539971446 19.594242982430433 0.0 1.6431676725154984 0.6085806194501846 1 0 0 0.9955027743632837 -0.09473239274400778 3.331341972952387
cell 31.77484745135735 37.72080906830321 0.0 1.6431676725154984 0.6085806194501846 1 0 0 0.9327157227022267 -0.360612507581286 3.8794416592153573
cell 28.648259442126328 46.90056552984574 0.0 1.0 1.0 1 0 0 0.0 1.0 0
cell 42.098355551408766 47.36998004015592 0.0 1.6431676725154984 0.6085806194501846 1 0 0 0.7488232735393758 -0.6627697224570335 4.590615655912162
cell 35.84926955526082 11.60658240067731 0.0 1.0 1.0 1 0 0 0.0 1.0 0
cell 7.319735684519481 21.305314651599986 0.0 1.0 1.0 1 0 0 0.0 1.0 0
cell 10.575197522447445 9.705676985914984 0.0 1.0 1.0 1 0 0 0.0 1.0 0
cell 46.83822100558666 41.47808034620519 0.0 1.0 1.0 1 0 0 0.0 1.0 0
cell 20.215021872542952 28.64073740744506 0.0 1.0 1.0 1 0 0 0.0 1.0 0
cell 47.115487231005844 34.91587506242932 0.0 1.6431676725154984 0.6085806194501846 1 0 0 0.7316617174814811 -0.6816679038740561 4.641672316934968
cell 0.3767221580776499 44.60155729874061 0.0 1.0 1.0 1 0 0 0.0 1.0 0
cell 28.383167078262986 51.650319582473614 0.0 1.0 1.0 1 0 0 0.0 1.0 0
cell 24.61339648301092 25.7695739911606 0.0 1.0 1.0 1 0 0 0.0 1.0 0
cell 2.6161767037918526 58.337814692684226 0.0 1.0 1.0 1 0 0 0.0 1.0 0
cell 57.58762558931117 1.2763787994408584 0.0 1.6431676725154984 0.6085806194501846 1 0 0 0.07584503796193028 0.9971196168046005 0.15183588578153545
cell 48.624016616528564 13.519374650756328 0.0 1.0 1.0 1 0 0 0.0 1.0 0
cell 33.40868355685191 52.83193922863939 0.0 1.0 1.0 1 0 0 0.0 1.0 0
cell 24.54680530509923 7.5444725409822855 0.0 1.6431676725154984 0.6085806194501846 1 0 0 0.6189989290531696 0.7853918294908785 1.3349348971897104
cell 54.67783779948934 9.124448944431736 0.0 1.6431676725154984 0.6085806194501846 1 0 0 0.9937268113249006 -0.11183480877636175 3.3657311551501534
cell 30.75197397361511 19.04924895512255 0.0 1.0 1.0 1 0 0 0.0 1.0 0
cell 16.048317600663317 19.499479670136893 0.0 1.6431676725154984 0.6085806194501846 1 0 0 0.6613733410243062 -0.750056867032325 4.837888769678394
cell 31.723158335482367 47.69437770486784 0.0 1.6431676725154984 0.6085806194501846 1 0 0 0.8988488890101888 -0.4382586847116087 4.048913621210618
cell 9.520902415784352 28.552128748403295 0.0 1.0 1.0 1 0 0 0.0 1.0 0
cell 7.261620482415841 31.014150901846524 0.0 1.0 1.0 1 0 0 0.0 1.0 0
cell 48.40266376236391 37.45105230910837 0.0 1.6431676725154984 0.6085806194501846 1 0 0 0.7862263897035353 -0.6179385601609149 4.4738287560763
cell 2.0684265148426952 3.110045854599283 0.0 1.6431676725154984 0.6085806194501846 1 0 0 0.11171656985173821 0.9937401109045371 0.2239005324688265
cell 48.07351483850537 56.95861111955305 0.0 1.6431676725154984 0.6085806194501846 1 0 0 0.7996728139418825 -0.6004360004548955 4.429685095227929
cell 5.3213720941296785 20.46945410635424 0.0 1.6431676725154984 0.6085806194501846 1 0 0 0.9991560635298337 0.04107506191799268 3.059419412121183
cell 7.938437060077019 32.76127942470297 0.0 1.0 1.0 1 0 0 0.0 1.0 0
cell 4.527952744288864 1.3395482296539576 0.0 1.0 1.0 1 0 0 0.0 1.0 0
cell 19.40843922471438 2.680921456678699 0.0 1.0 1.0 1 0 0 0.0 1.0 0
cell 50.42882504037854 27.173887841648863 0.0 1.0 1.0 1 0 0 0.0 1.0 0
cell 51.822839444153495 19.694060894275264 0.0 1.6431676725154984 0.6085806194501846 1 0 0 0.7109313626313313 -0.7032614006378841 4.701541962934246
cell 4.80503235545621 48.38591602899438 0.0 1.0 1.0 1 0 0 0.0 1.0 0
cell 33.97250490821871 49.445980205661776 0.0 1.6431676725154984 0.6085806194501846 1 0 0 0.8031064192316649 0.5958356144012317 1.8649812027837998
cell 12.384814502053516 46.274663317255396 0.0 1.0 1.0 1 0 0 0.0 1.0 0
cell 21.512534152539423 30.045938297593313 0.0 1.0 1.0 1 0 0 0.0 1.0 0
cell 12.360142686170976 52.8147605287535 0.0 1.0 1.0 1 0 0 0.0 1.0 0
cell 19.130564688755385 18.03533381059849 0.0 1.0 1.0 1 0 0 0.0 1.0 0
cell 54.40001638786749 38.02907720191074 0.0 1.0 1.0 1 0 0 0.0 1.0 0
cell 6.399235506297669 58.5310790886143 0.0 1.0 1.0 1 0 0 0.0 1.0 0
cell 54.38710164798431 31.50956281702615 0.0 1.0 1.0 1 0 0 0.0 1.0 0
cell 6.260817244910024 12.69447117909571 0.0 1.0 1.0 1 0 0 0.0 1.0 0
cell 25.037258347168045 41.79788200116706 0.0 1.0 1.0 1 0 0 0.0 1.0 0
cell 51.053415282186855 8.360664908124482 0.0 1.6431676725154984 0.6085806194501846 1 0 0 0.9988725703004387 -0.0474719738518957 3.2365722982679133
cell 4.167607110260494 26.698509264324223 0.0 1.0 1.0 1 0 0 0.0 1.0 0
cell 9.418119027713496 37.18872709721058 0.0 1.0 1.0 1 0 0 0.0 1.0 0
cell 20.478761066670028 35.817719842660395 0.0 1.0 1.0 1 0 0 0.0 1.0 0
cell 7.330181300096687 5.563482729524368 0.0 1.0 1.0 1 0 0 0.0 1.0 0
cell 36.91893767987 30.298292881694724 0.0 1.6431676725154984 0.6085806194501846 1 0 0 -0.0071003312496762646 0.9999747923303591 6.268984525357161
cell 3.7367698463256036 54.395504452532975 0.0 1.0 1.0 1 0 0 0.0 1.0 0
cell 23.170386698353123 50.24905310555876 0.0 1.0 1.0 1 0 0 0.0 1.0 0
cell 13.484519493306124 18.488252032054966 0.0 1.0 1.0 1 0 0 0.0 1.0 0
cell 4.899945286453594 18.123725742432278 0.0 1.6431676725154984 0.6085806194501846 1 0 0 -0.9377167983301141 -0.3474006420971615 2.431997317879162
cell 58.22591986173279 47.30420851887861 0.0 1.0 1.0 1 0 0 0.0 1.0 0
cell 51.57759644907377 39.377000743054886 0.0 1.6431676725154984 0.6085806194501846 1 0 0 0.6734029846986405 -0.7392756050343894 4.8055806523155695
cell 26.023500075982724 48.670182568441504 0.0 1.0 1.0 1 0 0 0.0 1.0 0
cell 45.11355499248226 41.24192933075482 0.0 1.0 1.0 1 0 0 0.0 1.0 0
cell 31.110385478313667 34.68553754075311 0.0 1.0 1.0 1 0 0 0.0 1.0 0
cell 2.872613912005118 48.78233112122016 0.0 1.0 1.0 1 0 0 0.0 1.0 0
cell 28.674528700765638 30.0711557509932 0.0 1.0 1.0 1 0 0 0.0 1.0 0
cell 26.178875406590137 38.347960475732904 0.0 1.0 1.0 1 0 0 0.0 1.0 0
cell 41.156984009795494 51.43886643362457 0.0 1.6431676725154984 0.6085806194501846 1 0 0 0.8965212486540589 -0.4430007344370515 4.05947865980341
cell 6.840587497259185 56.88027662566706 0.0 1.0 1.0 1 0 0 0.0 1.0 0
cell 14.956939825741676 35.52228301060707 0.0 1.0 1.0 1 0 0 0.0 1.0 0
cell 33.34412922629696 23.62576975566287 0.0 1.0 1.0 1 0 0 0.0 1.0 0
cell 35.563269695832794 13.59669061721862 0.0 1.0 1.0 1 0 0 0.0 1.0 0
cell 5.369629164342295 35.284844530856155 0.0 1.0 1.0 1 0 0 0.0 1.0 0
cell 45.548906126196044 35.650748734158825 0.0 1.6431676725154984 0.6085806194501846 1 0 0 0.7865128898224806 0.617573861285507 1.8102841018387925
cell 11.333047927013132 14.841182349465873 0.0 1.0 1.0 1 0 0 0.0 1.0 0
cell 20.833800034300292 58.74268756951852 0.0 1.0 1.0 1 0 0 0.0 1.0 0
cell 28.961446821712528 1.9105705442749612 0.0 1.0 1.0 1 0 0 0.0 1.0 0
cell 7.68376883782741 7.422579882482928 0.0 1.0 1.0 1 0 0 0.0 1.0 0
cell 22.93875455519887 2.811101620004791 0.0 1.0 1.0 1 0 0 0.0 1.0 0
cell 57.65094940723071 2.8062761442794444 0.0 1.6431676725154984 0.6085806194501846 1 0 0 -0.26228368940996616 0.9649908114948538 5.752409338073291
cell 9.018267475121123 51.795439926812406 0.0 1.0 1.0 1 0 0 0.0 1.0 0
cell 50.46131373385719 29.777334561107022 0.0 1.0 1.0 1 0 0 0.0 1.0 0
cell 14.374260632262766 52.43371040136381 0.0 1.0 1.0 1 0 0 0.0 1.0 0
cell 4.830440834256415 39.68441221322282 0.0 1.0 1.0 1 0 0 0.0 1.0 0
cell 7.806779958739616 25.83717108419217 0.0 1.0 1.0 1 0 0 0.0 1.0 0
cell 10.461282541388556 35.69099119834709 0.0 1.0 1.0 1 0 0 0.0 1.0 0
cell 49.824057326351145 46.11806976410036 0.0 1.0 1.0 1 0 0 0.0 1.0 0
cell 25.394972899165406 34.65054229342366 0.0 1.0 1.0 1 0 0 0.0 1.0 0
cell 54.89204376527182 3.7914519490925835 0.0 1.6431676725154984 0.6085806194501846 1 0 0 0.2447134998462601 -0.9695954326382702 5.788736912605811
cell 42.75994020765113 10.298603733032964 0.0 1.0 1.0 1 0 0 0.0 1.0 0
cell 54.15437533841612 7.780202619792358 0.0 1.6431676725154984 0.6085806194501846 1 0 0 0.9933486053282637 0.1151457697546606 2.9107891651116944
cell 0.354973765832585 53.8066488564593 0.0 1.0 1.0 1 0 0 0.0 1.0 0
cell 15.620176133928823 44.80529479478116 0.0 1.0 1.0 1 0 0 0.0 1.0 0
cell 52.28888850328263 35.5272772208721 0.0 1.0 1.0 1 0 0 0.0 1.0 0
cell 47.32986118229803 31.663316705122003 0.0 1.6431676725154984 0.6085806194501846 1 0 0 0.7011738740570785 -0.7129903213507096 4.729100154856506
cell 30.052213131682755 43.99020680700979 0.0 1.0 1.0 1 0 0 0.0 1.0 0
cell 0.5191132973468124 19.4506943531403 0.0 1.6431676725154984 0.6085806194501846 1 0 0 0.9852042506195781 0.17138431830571757 2.7971234419129503
cell 53.0181503835973 18.17109553292473 0.0 1.0 1.0 1 0 0 0.0 1.0 0
cell 12.1827743806406 43.78283143009325 0.0 1.6431676725154984 0.6085806194501846 1 0 0 0.9775155056378468 0.21086354885940958 2.716676078298491
cell 42.28812314917866 17.420644941669238 0.0 1.0 1.0 1 0 0 0.0 1.0 0
cell 49.686416460288456 48.17710735877793 0.0 1.0 1.0 1 0 0 0.0 1.0 0
cell 36.04944804106231 32.296729040898605 0.0 1.0 1.0 1 0 0 0.0 1.0 0
cell 11.934928296192385 10.741159640271658 0.0 1.0 1.0 1 0 0 0.0 1.0 0
cell 8.193935894727641 12.116869068705086 0.0 1.0 1.0 1 0 0 0.0 1.0 0
cell 45.7460589579483 39.43683760265767 0.0 1.0 1.0 1 0 0 0.0 1.0 0
cell 48.764484303867974 50.07372848523154 0.0 1.0 1.0 1 0 0 0.0 1.0 0
cell 28.004959389771464 48.45697296547795 0.0 1.0 1.0 1 0 0 0.0 1.0 0
cell 18.765143389336487 21.996547096544013 0.0 1.0 1.0 1 0 0 0.0 1.0 0
cell 43.56111677664502 37.38327395484672 0.0 1.6431676725154984 0.6085806194501846 1 0 0 0.9062902102009792 0.4226559533401428 2.2688448506289656
cell 31.997801998450793 31.142484651276558 0.0 1.0 1.0 1 0 0 0.0 1.0 0
cell 36.877499401393784 28.694425261038337 0.0 1.6431676725154984 0.6085806194501846 1 0 0 0.33266027563705264 0.9430467332073634 0.6782462279403636
cell 4.629870832791585 15.746740652666219 0.0 1.6431676725154984 0.6085806194501846 1 0 0 0.9837643957046331 -0.17946479806329138 3.502477432693751
cell 40.50056563434184 12.894001875964369 0.0 1.0 1.0 1 0 0 0.0 1.0 0
cell 30.39696525010677 6.996413014583536 0.0 1.0 1.0 1 0 0 0.0 1.0 0
cell 22.18137081306785 40.66516428806363 0.0 1.0 1.0 1 0 0 0.0 1.0 0
cell 52.06285407336615 28.499662113420396 0.0 1.0 1.0 1 0 0 0.0 1.0 0
cell 3.422598101185122 38.48894122370591 0.0 1.0 1.0 1 0 0 0.0 1.0 0
cell 50.33156348739565 21.549687476138974 0.0 1.0 1.0 1 0 0 0.0 1.0 0
cell 10.214974304143764 45.79704715530333 0.0 1.6431676725154984 0.6085806194501846 1 0 0 0.9878095560747397 0.15566721211425896 2.8289869264829925
cell 2.936663695130148 40.29283173391448 0.0 1.0 1.0 1 0 0 0.0 1.0 0
cell 28.724342492389063 42.517310926526534 0.0 1.0 1.0 1 0 0 0.0 1.0 0
cell 38.080640716559756 33.063615119125856 0.0 1.6431676725154984 0.6085806194501846 1 0 0 0.24202722981667418 -0.9702694574329683 5.794275995922963
cell 40.555298740752704 52.72065404331665 0.0 1.6431676725154984 0.6085806194501846 1 0 0 0.45909311566368566 0.888388153427436 0.9539482180171085
cell 3.245145945609847 56.34683262452922 0.0 1.0 1.0 1 0 0 0.0 1.0 0
cell 46.53202210593902 51.102737296258006 0.0 1.6431676725154984 0.6085806194501846 1 0 0 0.8544560559401221 -0.5195236745974633 4.234179445139774
cell 30.643073210043323 29.67987594800495 0.0 1.0 1.0 1 0 0 0.0 1.0 0
cell 28.573453851151786 7.06421530067733 0.0 1.0 1.0 1 0 0 0.0 1.0 0
cell 50.684037617396854 53.05658072743376 0.0 1.6431676725154984 0.6085806194501846 1 0 0 0.6167844285737784 -0.787132116400365 4.953883390069521
cell 23.69925806220365 20.290496630016946 0.0 1.0 1.0 1 0 0 0.0 1.0 0
cell 13.34463222274819 7.3075514199251135 0.0 1.0 1.0 1 0 0 0.0 1.0 0
cell 16.702893397887767 9.533066237178028 0.0 1.0 1.0 1 0 0 0.0 1.0 0
cell 12.328504049186632 39.93614281556219 0.0 1.0 1.0 1 0 0 0.0 1.0 0
cell 0.4752602748872841 33.72110280790264 0.0 1.0 1.0 1 0 0 0.0 1.0 0
cell 0.6673910259993164 32.099973276238664 0.0 1.0 1.0 1 0 0 0.0 1.0 0
cell 25.018437621995005 44.89616922008058 0.0 1.6431676725154984 0.6085806194501846 1 0 0 -0.0175744526984279 -0.9998455573799139 0.035150715004996336
cell 18.572243841834748 34.30422873991533 0.0 1.0 1.0 1 0 0 0.0 1.0 0
cell 39.441453312467964 9.862717019723869 0.0 1.0 1.0 1 0 0 0.0 1.0 0
cell 1.3263301785930264 4.729324030806402 0.0 1.6431676725154984 0.6085806194501846 1 0 0 0.2585298741306396 -0.9660032630286481 5.760185251216124
cell 59.6951978290989 13.513778865236615 0.0 1.6431676725154984 0.6085806194501846 1 0 0 0.02571544924766914 0.9996693031547935 0.05143656859067127
cell 46.956557331564426 14.654496947825105 0.0 1.0 1.0 1 0 0 0.0 1.0 0
cell 10.59463011778176 43.52300176396284 0.0 1.6431676725154984 0.6085806194501846 1 0 0 0.95802649050899 0.2866796879498583 2.5600741563610603
cell 13.074244043793614 5.222503011853506 0.0 1.0 1.0 1 0 0 0.0 1.0 0
cell 46.91771898486985 12.640441341328518 0.0 1.0 1.0 1 0 0 0.0 1.0 0
cell 10.4058520856988 53.1515133438683 0.0 1.0 1.0 1 0 0 0.0 1.0 0
cell 25.78237634598636 40.012926970071504 0.0 1.0 1.0 1 0 0 0.0 1.0 0
cell 41.06519797478521 45.3145570245871 0.0 1.6431676725154984 0.6085806194501846 1 0 0 0.6142738009215477 0.7890929587199437 1.322930681000018
cell 58.512907471139044 31.474701916221353 0.0 1.6431676725154984 0.6085806194501846 1 0 0 0.8978263896712232 -0.4403496043031457 4.053568705348285
cell 42.607010547199664 21.474090514914007 0.0 1.0 1.0 1 0 0 0.0 1.0 0
cell 16.41624424189494 16.57169958469667 0.0 1.6431676725154984 0.6085806194501846 1 0 0 0.6175946573999035 -0.786496560164821 4.951823873065049
cell 45.16039612844914 11.750857084049064 0.0 1.0 1.0 1 0 0 0.0 1.0 0
cell 25.708284365911464 20.938749648633433 0.0 1.6431676725154984 0.6085806194501846 1 0 0 0.8094306176711625 0.587215527022643 1.8863636704680744
cell 51.91787427415821 14.907611113473294 0.0 1.0 1.0 1 0 0 0.0 1.0 0
cell 15.048792447519082 13.42925336149876 0.0 1.0 1.0 1 0 0 0.0 1.0 0
cell 51.06675819140358 17.94571396846981 0.0 1.0 1.0 1 0 0 0.0 1.0 0
cell 7.544983674203467 50.59157139832826 0.0 1.0 1.0 1 0 0 0.0 1.0 0
cell 14.820758582214538 55.90179238633422 0.0 1.0 1.0 1 0 0 0.0 1.0 0
cell 30.71918189397408 24.714412958416023 0.0 1.0 1.0 1 0 0 0.0 1.0 0
cell 53.85803710982878 40.98719116149553 0.0 1.6431676725154984 0.6085806194501846 1 0 0 0.37068623404017087 -0.9287581579147047 5.523689738098365
cell 9.54498024593877 50.13035711389303 0.0 1.0 1.0 1 0 0 0.0 1.0 0
cell 9.60041371012459 45.02304751271005 0.0 1.6431676725154984 0.6085806194501846 1 0 0 0.9869857916594538 0.16080748447246243 2.8185751929224527
cell 22.127243385341394 28.140615070077626 0.0 1.0 1.0 1 0 0 0.0 1.0 0
cell 4.080956698668785 28.54845633985282 0.0 1.0 1.0 1 0 0 0.0 1.0 0
cell 42.00159268395764 23.373449825544675 0.0 1.0 1.0 1 0 0 0.0 1.0 0
cell 3.958039074956127 30.364460920686 0.0 1.0 1.0 1 0 0 0.0 1.0 0
cell 48.05921064342054 46.97859966662952 0.0 1.0 1.0 1 0 0 0.0 1.0 0
cell 39.68824621955992 30.222648323347865 0.0 1.6431676725154984 0.6085806194501846 1 0 0 0.28982756000782706 0.9570788815243545 0.5880933192077163
cell 49.24625120979697 53.97312531160348 0.0 1.6431676725154984 0.6085806194501846 1 0 0 0.7496372249577629 -0.6618489487470871 4.588157737014788
