1000
 Lattice="61.15546790168123 0.0 0.0 0.0 61.15546790168123 0.0 0.0 0.0 1.0"Properties=species:S:1:pos:R:3:aspherical_shape:R:3:orientation:R:4:Color:R:1
cell 1.0678389985828534 40.71867653160757 0.0 1.0 1.0 1 0 0 0.0 1.0 0
cell 28.251302655931497 52.03271323078342 0.0 1.0 1.0 1 0 0 0.0 1.0 0
cell 40.269812347688145 49.08423445523892 0.0 1.0 1.0 1 0 0 0.0 1.0 0
cell 2.1035119836824703 51.812374682435205 0.0 1.0 1.0 1 0 0 0.0 1.0 0
cell 47.519611321928984 44.91626319194599 0.0 1.0 1.0 1 0 0 0.0 1.0 0
cell 6.75886000059704 41.64862426477314 0.0 1.0 1.0 1 0 0 0.0 1.0 0
cell 40.54416390321537 15.214071864393452 0.0 1.0 1.0 1 0 0 0.0 1.0 0
cell 55.01469351261681 55.31411516942744 0.0 1.0 1.0 1 0 0 0.0 1.0 0
cell 37.07933042663325 57.721517268029466 0.0 1.0 1.0 1 0 0 0.0 1.0 0
cell 1.4545086443419268 22.692682242389683 0.0 1.0 1.0 1 0 0 0.0 1.0 0
cell 8.162875628519338 21.726470015889586 0.0 1.0 1.0 1 0 0 0.0 1.0 0
cell 55.36641620265021 51.821711854175454 0.0 1.0 1.0 1 0 0 0.0 1.0 0
cell 58.54087866905356 19.997592233055048 0.0 1.0 1.0 1 0 0 0.0 1.0 0
cell 28.58097385862699 18.65862070518545 0.0 1.0 1.0 1 0 0 0.0 1.0 0
cell 12.680522714209557 42.003202047646965 0.0 1.0 1.0 1 0 0 0.0 1.0 0
cell 45.736310813964124 11.583872069313589 0.0 1.0 1.0 1 0 0 0.0 1.0 0
cell 25.535543988954007 14.635796742280954 0.0 1.0 1.0 1 0 0 0.0 1.0 0
cell 18.227407585286368 16.047128053279007 0.0 1.0 1.0 1 0 0 0.0 1.0 0
cell 16.48585496993131 21.704251732067657 0.0 1.0 1.0 1 0 0 0.0 1.0 0
cell 39.064700732082656 14.162673890778635 0.0 1.0 1.0 1 0 0 0.0 1.0 0
cell 20.741968771899938 2.7966334302388263 0.0 1.0 1.0 1 0 0 0.0 1.0 0
cell 27.301701076839436 13.673931268513227 0.0 1.0 1.0 1 0 0 0.0 1.0 0
cell 41.70943642944262 30.4027129392604 0.0 1.6431676725154984 0.6085806194501846 1 0 0 0.43233237638554917 -0.9017143207961288 5.389029746679991
cell 13.91904337710877 36.90364635796229 0.0 1.0 1.0 1 0 0 0.0 1.0 0
cell 20.340554553329028 43.15397627271966 0.0 1.0 1.0 1 0 0 0.0 1.0 0
cell 35.14286157345439 1.3042814841449542 0.0 1.0 1.0 1 0 0 0.0 1.0 0
cell 24.95374692360372 31.756915663538877 0.0 1.0 1.0 1 0 0 0.0 1.0 0
cell 3.7238495529815965 29.539611989561248 0.0 1.0 1.0 1 0 0 0.0 1.0 0
cell 45.18683743513462 39.99765871365441 0.0 1.0 1.0 1 0 0 0.0 1.0 0
cell 8.391724331708211 17.674483285902323 0.0 1.6431676725154984 0.6085806194501846 1 0 0 0.5074500812865153 0.861681156230255 1.06444593187157
cell 44.81243510033477 48.463042644066086 0.0 1.6431676725154984 0.6085806194501846 1 0 0 0.916405968426965 -0.4002500481342087 3.9651720279838596
cell 37.77846442231214 51.039809009189206 0.0 1.0 1.0 1 0 0 0.0 1.0 0
cell 58.25234516725707 2.064126471158338 0.0 1.0 1.0 1 0 0 0.0 1.0 0
cell 59.075898142402266 58.46319823251003 0.0 1.0 1.0 1 0 0 0.0 1.0 0
cell 15.11952119273072 28.85873915264524 0.0 1.6431676725154984 0.6085806194501846 1 0 0 0.09999244310629732 0.9949881965740266 0.20031965240104266
cell 56.0668318646733 46.77965294835301 0.0 1.0 1.0 1 0 0 0.0 1.0 0
cell 44.952268936259614 31.152321845610885 0.0 1.6431676725154984 0.6085806194501846 1 0 0 0.759521207699127 -0.6504825401617322 4.5580318246501
cell 47.30330424443443 1.1768853084583657 0.0 1.6431676725154984 0.6085806194501846 1 0 0 0.2364250152313165 0.971649737391449 0.47736980114977956
cell 59.24217028441439 48.35099065430817 0.0 1.0 1.0 1 0 0 0.0 1.0 0
cell 48.14262693430676 20.100119674137584 0.0 1.6431676725154984 0.6085806194501846 1 0 0 0.9873186944132478 0.1587507343671825 2.822742228707969
cell 58.276166532184206 50.07405343127135 0.0 1.0 1.0 1 0 0 0.0 1.0 0
cell 49.21256189497259 39.926892800951975 0.0 1.6431676725154984 0.6085806194501846 1 0 0 0.4362755427033871 0.8998131199526184 0.9029107088957543
cell 3.8705840764870607 36.47922756543185 0.0 1.0 1.0 1 0 0 0.0 1.0 0
cell 28.90541983917188 23.803809482071657 0.0 1.0 1.0 1 0 0 0.0 1.0 0
cell 3.5676813994451035 9.391152208838362 0.0 1.0 1.0 1 0 0 0.0 1.0 0
cell 16.615157939223263 34.04829906815224 0.0 1.0 1.0 1 0 0 0.0 1.0 0
cell 35.30913880665319 37.61821693468871 0.0 1.6431676725154984 0.6085806194501846 1 0 0 0.6063642338368315 0.7951870320393011 1.3029607226200672
cell 27.76614849563903 50.02213033875913 0.0 1.0 1.0 1 0 0 0.0 1.0 0
cell 56.20710491326197 32.02572600808175 0.0 1.6431676725154984 0.6085806194501846 1 0 0 0.7600883258659961 0.6498197726156287 1.7268980556963172
cell 22.279920107232556 39.66047499806844 0.0 1.0 1.0 1 0 0 0.0 1.0 0
cell 34.91994922183155 24.287424803124868 0.0 1.0 1.0 1 0 0 0.0 1.0 0
cell 20.16008029938917 15.614494381601222 0.0 1.0 1.0 1 0 0 0.0 1.0 0
cell 31.16539963768582 10.232284067810605 0.0 1.0 1.0 1 0 0 0.0 1.0 0
cell 33.04767189550041 9.499876084325098 0.0 1.0 1.0 1 0 0 0.0 1.0 0
cell 60.869485162958256 45.119563978712144 0.0 1.0 1.0 1 0 0 0.0 1.0 0
cell 29.204072470064865 15.090005391472644 0.0 1.0 1.0 1 0 0 0.0 1.0 0
cell 0.19015704606870942 42.988954171261675 0.0 1.6431676725154984 0.6085806194501846 1 0 0 -0.3630962134797976 -0.9317516513302422 0.7431775074034839
cell 12.842067123431027 38.533291397475836 0.0 1.0 1.0 1 0 0 0.0 1.0 0
cell 21.476997013103684 60.674331109162736 0.0 1.0 1.0 1 0 0 0.0 1.0 0
cell 12.041530918610936 31.334880067889994 0.0 1.0 1.0 1 0 0 0.0 1.0 0
cell 12.610034825570994 10.654836235871654 0.0 1.6431676725154984 0.6085806194501846 1 0 0 0.6381846219827261 -0.7698833601687758 4.898909380291725
cell 34.465540796268634 54.19564077783083 0.0 1.0 1.0 1 0 0 0.0 1.0 0
cell 16.81570630322035 7.1954057823010125 0.0 1.6431676725154984 0.6085806194501846 1 0 0 -0.0911282399435488 -0.9958391656712398 0.18250968102115728
cell 23.27019187300458 41.14353644571167 0.0 1.0 1.0 1 0 0 0.0 1.0 0
cell 33.67324255878612 2.3921565738642534 0.0 1.6431676725154984 0.6085806194501846 1 0 0 0.05998345815214018 0.9981993712420933 0.12003897349941975
cell 22.71112914811268 17.95336290417798 0.0 1.0 1.0 1 0 0 0.0 1.0 0
cell 7.341248708801585 56.55501678153709 0.0 1.6431676725154984 0.6085806194501846 1 0 0 0.16260812734136457 -0.986690730129018 5.956518530427388
cell 50.01852838737068 38.37198089184879 0.0 1.6431676725154984 0.6085806194501846 1 0 0 0.683035327480643 0.7303853376221423 1.503820782902432
cell 26.93417142679837 23.59354341663253 0.0 1.0 1.0 1 0 0 0.0 1.0 0
cell 0.1240658338876714 8.436912499387493 0.0 1.6431676725154984 0.6085806194501846 1 0 0 0.9391745873781202 -0.34344008854986285 3.8427473353575263
cell 10.382298428532073 49.49574600121229 0.0 1.0 1.0 1 0 0 0.0 1.0 0
cell 60.31917899944116 53.42534138276613 0.0 1.0 1.0 1 0 0 0.0 1.0 0
cell 2.9134119690295113 2.5540284349554665 0.0 1.0 1.0 1 0 0 0.0 1.0 0
cell 23.512276179653288 54.12297398716007 0.0 1.0 1.0 1 0 0 0.0 1.0 0
cell 55.49666243826854 26.07390009700718 0.0 1.6431676725154984 0.6085806194501846 1 0 0 0.4649045168373094 0.8853608248755238 0.9670535231102058
cell 47.93228406239986 42.959981644114556 0.0 1.0 1.0 1 0 0 0.0 1.0 0
cell 12.681362846454167 18.667806002164507 0.0 1.0 1.0 1 0 0 0.0 1.0 0
cell 58.12344688399948 56.70107268987077 0.0 1.0 1.0 1 0 0 0.0 1.0 0
cell 10.669469436166738 6.743128352114031 0.0 1.6431676725154984 0.6085806194501846 1 0 0 0.7682915991149502 0.6401000068187727 1.7523358008729508
cell 43.688222074529094 14.138840064269006 0.0 1.0 1.0 1 0 0 0.0 1.0 0
cell 16.59937687602367 50.75012252325302 0.0 1.6431676725154984 0.6085806194501846 1 0 0 -0.2501670175077271 -0.9682026974509462 0.5057055078492985
cell 38.908159346839284 31.928346412247095 0.0 1.0 1.0 1 0 0 0.0 1.0 0
cell 27.0281738833138 6.622316079494221 0.0 1.0 1.0 1 0 0 0.0 1.0 0
cell 1.0663645642948612 31.571277501954288 0.0 1.0 1.0 1 0 0 0.0 1.0 0
cell 38.95641814209988 53.29588618846991 0.0 1.6431676725154984 0.6085806194501846 1 0 0 0.9005901760096486 0.43466922466964475 2.242250739777063
cell 16.487309392143413 8.403354751423617 0.0 1.6431676725154984 0.6085806194501846 1 0 0 0.06434996938559949 -0.9979273928698783 6.154396379825086
cell 2.1830495040651363 48.311361237388546 0.0 1.0 1.0 1 0 0 0.0 1.0 0
cell 3.1053862612869616 56.723200284312526 0.0 1.6431676725154984 0.6085806194501846 1 0 0 0.8641721878828739 0.5031962139063916 2.087005864803142
cell 35.5406183805926 3.231296389432056 0.0 1.6431676725154984 0.6085806194501846 1 0 0 0.38831254021389927 -0.9215277375709474 5.485585847122215
cell 23.901724407995374 13.253284700749521 0.0 1.0 1.0 1 0 0 0.0 1.0 0
cell 13.9170861411327 9.204986429316735 0.0 1.0 1.0 1 0 0 0.0 1.0 0
cell 60.07572226476778 46.707487745886105 0.0 1.0 1.0 1 0 0 0.0 1.0 0
cell 40.79414961987154 43.00169076793555 0.0 1.0 1.0 1 0 0 0.0 1.0 0
cell 3.353014497288857 46.63459205333429 0.0 1.0 1.0 1 0 0 0.0 1.0 0
cell 51.5154447045012 20.21837299140473 0.0 1.6431676725154984 0.6085806194501846 1 0 0 0.9403018973718633 -0.3403415076050435 3.8361527795593866
cell 56.860948203820584 22.108088258815968 0.0 1.0 1.0 1 0 0 0.0 1.0 0
cell 20.88232541063767 22.83757377304742 0.0 1.0 1.0 1 0 0 0.0 1.0 0
cell 9.075163958845334 34.697733619687 0.0 1.0 1.0 1 0 0 0.0 1.0 0
cell 31.119880218417997 15.616880021307315 0.0 1.0 1.0 1 0 0 0.0 1.0 0
cell 58.07195139095954 46.71789560738485 0.0 1.0 1.0 1 0 0 0.0 1.0 0
cell 27.41135703481175 55.39924549640204 0.0 1.0 1.0 1 0 0 0.0 1.0 0
cell 4.867269903417329 19.49189420886631 0.0 1.0 1.0 1 0 0 0.0 1.0 0
cell 40.87747810838359 35.80365654102775 0.0 1.0 1.0 1 0 0 0.0 1.0 0
cell 40.87831931241499 11.293353676043743 0.0 1.0 1.0 1 0 0 0.0 1.0 0
cell 24.34234624755479 26.594081670225563 0.0 1.0 1.0 1 0 0 0.0 1.0 0
cell 5.040079558061673 11.118602913278888 0.0 1.6431676725154984 0.6085806194501846 1 0 0 0.24106595469213177 -0.970508735400342 5.796257211601258
cell 20.17916117241227 21.006741902469653 0.0 1.0 1.0 1 0 0 0.0 1.0 0
cell 60.41651294435468 20.271669303133535 0.0 1.0 1.0 1 0 0 0.0 1.0 0
cell 46.88782775888781 15.047741537431415 0.0 1.0 1.0 1 0 0 0.0 1.0 0
cell 51.63733221342095 43.573440214465386 0.0 1.0 1.0 1 0 0 0.0 1.0 0
cell 32.36787373009304 33.48163961322462 0.0 1.0 1.0 1 0 0 0.0 1.0 0
cell 38.94059509849872 35.36878466807681 0.0 1.0 1.0 1 0 0 0.0 1.0 0
cell 14.613244060000435 2.4699088360131483 0.0 1.0 1.0 1 0 0 0.0 1.0 0
cell 44.21176534239935 0.05004595833382379 0.0 1.0 1.0 1 0 0 0.0 1.0 0
cell 61.026226542550454 10.274425163852849 0.0 1.0 1.0 1 0 0 0.0 1.0 0
cell 23.590102309721097 5.442351603665533 0.0 1.0 1.0 1 0 0 0.0 1.0 0
cell 47.985339880601366 32.75514575287613 0.0 1.6431676725154984 0.6085806194501846 1 0 0 0.38806501506366375 -0.9216320003578643 5.486123022807326
cell 10.570734241011579 60.50729704500051 0.0 1.0 1.0 1 0 0 0.0 1.0 0
cell 11.390129124549917 56.92268660308998 0.0 1.0 1.0 1 0 0 0.0 1.0 0
cell 6.918151929695917 38.20043298423225 0.0 1.0 1.0 1 0 0 0.0 1.0 0
cell 15.535598216963484 30.448507579107268 0.0 1.0 1.0 1 0 0 0.0 1.0 0
cell 30.89845765214102 12.123729652587054 0.0 1.0 1.0 1 0 0 0.0 1.0 0
cell 10.24494596367355 26.149183388054972 0.0 1.0 1.0 1 0 0 0.0 1.0 0
cell 57.04827437544388 55.02893524100335 0.0 1.0 1.0 1 0 0 0.0 1.0 0
cell 49.909214175049534 47.16477512419038 0.0 1.0 1.0 1 0 0 0.0 1.0 0
cell 32.892544039083575 7.605102804315679 0.0 1.0 1.0 1 0 0 0.0 1.0 0
cell 15.355293873304644 4.317001091874829 0.0 1.0 1.0 1 0 0 0.0 1.0 0
cell 56.51605788543118 17.382507816542415 0.0 1.6431676725154984 0.6085806194501846 1 0 0 -0.2462991397694148 0.9691938576718521 5.785465511061464
cell 53.74471526531093 4.906468068491106 0.0 1.0 1.0 1 0 0 0.0 1.0 0
cell 26.933327692740246 46.11765979059872 0.0 1.0 1.0 1 0 0 0.0 1.0 0
cell 50.13710993101756 13.069399112763731 0.0 1.0 1.0 1 0 0 0.0 1.0 0
cell 11.43275593046485 22.547352291140314 0.0 1.0 1.0 1 0 0 0.0 1.0 0
cell 19.14981036435021 58.15100548243815 0.0 1.0 1.0 1 0 0 0.0 1.0 0
cell 23.94889376392505 56.03676073700531 0.0 1.0 1.0 1 0 0 0.0 1.0 0
cell 19.323731334257985 31.068556121975714 0.0 1.0 1.0 1 0 0 0.0 1.0 0
cell 60.42407112898994 26.142663913103142 0.0 1.0 1.0 1 0 0 0.0 1.0 0
cell 28.749098161538765 44.71665261750195 0.0 1.0 1.0 1 0 0 0.0 1.0 0
cell 30.109182219125422 22.196068590231217 0.0 1.0 1.0 1 0 0 0.0 1.0 0
cell 18.636505975825877 12.636636932658076 0.0 1.0 1.0 1 0 0 0.0 1.0 0
cell 27.57014199937387 35.347761794351065 0.0 1.6431676725154984 0.6085806194501846 1 0 0 0.9656635957237243 -0.259795727243401 3.667213975069767
cell 2.184262245905028 24.555508239302842 0.0 1.0 1.0 1 0 0 0.0 1.0 0
cell 25.58295438749853 5.654278893718369 0.0 1.0 1.0 1 0 0 0.0 1.0 0
cell 60.10495929968834 56.77563139944919 0.0 1.0 1.0 1 0 0 0.0 1.0 0
cell 32.9164853890627 24.160816964370827 0.0 1.0 1.0 1 0 0 0.0 1.0 0
cell 5.667212876159384 33.03717192591828 0.0 1.0 1.0 1 0 0 0.0 1.0 0
cell 55.38623325217036 40.04619376261195 0.0 1.0 1.0 1 0 0 0.0 1.0 0
cell 22.88071109148141 59.2491186632132 0.0 1.0 1.0 1 0 0 0.0 1.0 0
cell 11.914427222808254 36.73356470713523 0.0 1.0 1.0 1 0 0 0.0 1.0 0
cell 33.18698688199783 29.49036491411291 0.0 1.0 1.0 1 0 0 0.0 1.0 0
cell 21.933101952070594 1.3308131592820196 0.0 1.0 1.0 1 0 0 0.0 1.0 0
cell 37.64329531930003 12.941988787705062 0.0 1.6431676725154984 0.6085806194501846 1 0 0 0.5170360538554688 0.8559636201460695 1.0867692275385472
cell 22.91730777139544 23.08152641150551 0.0 1.0 1.0 1 0 0 0.0 1.0 0
cell 15.70250595129395 51.97970369532154 0.0 1.0 1.0 1 0 0 0.0 1.0 0
cell 53.06219798039903 55.60683688162139 0.0 1.0 1.0 1 0 0 0.0 1.0 0
cell 48.4448733059002 41.21707939240689 0.0 1.0 1.0 1 0 0 0.0 1.0 0
cell 12.328588142018148 33.29113151908589 0.0 1.0 1.0 1 0 0 0.0 1.0 0
cell 24.938663530758983 52.78937858479643 0.0 1.0 1.0 1 0 0 0.0 1.0 0
cell 47.875856664323045 50.3502906075822 0.0 1.0 1.0 1 0 0 0.0 1.0 0
cell 55.71547501280213 41.981083749176435 0.0 1.0 1.0 1 0 0 0.0 1.0 0
cell 50.22426423433768 25.3527620675455 0.0 1.6431676725154984 0.6085806194501846 1 0 0 0.0413049257354741 0.9991465873984593 0.08263335959208021
cell 16.47702745920579 39.70971554398772 0.0 1.0 1.0 1 0 0 0.0 1.0 0
cell 0.6652551593530145 60.784148930850634 0.0 1.0 1.0 1 0 0 0.0 1.0 0
cell 52.90002023878724 45.14200544137267 0.0 1.0 1.0 1 0 0 0.0 1.0 0
cell 7.1026938557463195 50.40855463331149 0.0 1.0 1.0 1 0 0 0.0 1.0 0
cell 40.8700931698102 25.432238255669333 0.0 1.6431676725154984 0.6085806194501846 1 0 0 0.186614328320727 0.9824332508956545 0.37542960120651525
cell 47.01492904908798 2.797634109609012 0.0 1.0 1.0 1 0 0 0.0 1.0 0
cell 36.1915544170959 32.649667087798846 0.0 1.0 1.0 1 0 0 0.0 1.0 0
cell 5.358843112593885 46.7882729240712 0.0 1.0 1.0 1 0 0 0.0 1.0 0
cell 37.21364310713222 49.14869263716732 0.0 1.0 1.0 1 0 0 0.0 1.0 0
cell 28.09797279667397 31.81947176007739 0.0 1.0 1.0 1 0 0 0.0 1.0 0
cell 22.043972888827255 55.44462944483702 0.0 1.0 1.0 1 0 0 0.0 1.0 0
cell 39.514851557820535 50.91784095621329 0.0 1.0 1.0 1 0 0 0.0 1.0 0
cell 51.20299972550082 40.22869197057469 0.0 1.0 1.0 1 0 0 0.0 1.0 0
cell 4.6629413117315694 25.789134862828185 0.0 1.0 1.0 1 0 0 0.0 1.0 0
cell 3.9034584433578665 4.892758597051072 0.0 1.0 1.0 1 0 0 0.0 1.0 0
cell 38.287851703309386 28.856836604323277 0.0 1.6431676725154984 0.6085806194501846 1 0 0 0.6044373985587671 -0.7966526415091524 4.98506636446746
cell 47.820389315856076 9.449764059914493 0.0 1.6431676725154984 0.6085806194501846 1 0 0 0.7697144913477325 0.6383882845175822 1.7567875949329634
cell 55.17900912891181 48.446452172271904 0.0 1.0 1.0 1 0 0 0.0 1.0 0
cell 41.709309653843675 46.29443975270105 0.0 1.0 1.0 1 0 0 0.0 1.0 0
cell 10.829305169971205 51.555232597432024 0.0 1.0 1.0 1 0 0 0.0 1.0 0
cell 37.591193597565834 7.244872206695841 0.0 1.6431676725154984 0.6085806194501846 1 0 0 -0.6942244677875594 -0.7197585625229337 1.5346837014467534
cell 11.90751146004816 58.86316118717064 0.0 1.0 1.0 1 0 0 0.0 1.0 0
cell 25.924854781180684 33.58969917892643 0.0 1.6431676725154984 0.6085806194501846 1 0 0 0.9773593307779922 -0.21158624374281826 3.567987983094967
cell 22.077249246928098 14.09316450773183 0.0 1.0 1.0 1 0 0 0.0 1.0 0
cell 26.002107742062087 8.483210987674784 0.0 1.0 1.0 1 0 0 0.0 1.0 0
cell 29.716992918197235 28.891561758433845 0.0 1.0 1.0 1 0 0 0.0 1.0 0
cell 25.94528075764963 10.645140270591181 0.0 1.0 1.0 1 0 0 0.0 1.0 0
cell 51.779785741749606 18.978416364907492 0.0 1.6431676725154984 0.6085806194501846 1 0 0 0.9993888538678283 -0.03495595463935386 3.211518808482005
cell 52.56931707528324 16.494982719721108 0.0 1.6431676725154984 0.6085806194501846 1 0 0 0.957047733082527 0.289930399581686 2.553284427859227
cell 52.28598709213179 10.715001459282194 0.0 1.0 1.0 1 0 0 0.0 1.0 0
cell 6.537945298561113 24.60517260281987 0.0 1.0 1.0 1 0 0 0.0 1.0 0
cell 34.53887999902313 50.40196039795401 0.0 1.0 1.0 1 0 0 0.0 1.0 0
cell 3.353951424588298 22.218535779101092 0.0 1.0 1.0 1 0 0 0.0 1.0 0
cell 49.36720991403622 49.072563288204876 0.0 1.6431676725154984 0.6085806194501846 1 0 0 0.8685120097349239 -0.49566812379474573 4.178800527618594
cell 39.29687737305141 23.823204492540707 0.0 1.6431676725154984 0.6085806194501846 1 0 0 0.9992685644470731 0.038240503499374384 3.0650929941578284
cell 23.635249804719724 24.90931606127597 0.0 1.0 1.0 1 0 0 0.0 1.0 0
cell 60.3609666219812 12.659417317020386 0.0 1.0 1.0 1 0 0 0.0 1.0 0
cell 39.94442203607242 54.13075738421965 0.0 1.6431676725154984 0.6085806194501846 1 0 0 0.8448929935951166 0.5349353506489193 2.012730198623755
cell 42.023956431198 14.565591827597304 0.0 1.0 1.0 1 0 0 0.0 1.0 0
cell 38.36370590242084 18.079706781737183 0.0 1.0 1.0 1 0 0 0.0 1.0 0
cell 1.8975126735708483 36.80582440421116 0.0 1.0 1.0 1 0 0 0.0 1.0 0
cell 53.83488044391868 53.79257534402929 0.0 1.0 1.0 1 0 0 0.0 1.0 0
cell 22.076989252932677 48.194238536023015 0.0 1.0 1.0 1 0 0 0.0 1.0 0
cell 51.868043888795356 54.04173735922549 0.0 1.0 1.0 1 0 0 0.0 1.0 0
cell 26.990414159822635 27.904961557886416 0.0 1.6431676725154984 0.6085806194501846 1 0 0 0.5153866601784168 -0.8569577530486185 5.200267729093467
cell 6.379399463393218 26.857481056131988 0.0 1.0 1.0 1 0 0 0.0 1.0 0
cell 32.61688757665652 1.170301908888065 0.0 1.6431676725154984 0.6085806194501846 1 0 0 -0.09023477997914997 0.9959205211672839 6.102469938816476
cell 27.258177558652495 41.043224041537854 0.0 1.0 1.0 1 0 0 0.0 1.0 0
cell 59.74096448853086 18.40587110647036 0.0 1.0 1.0 1 0 0 0.0 1.0 0
cell 44.14882838462424 43.891765454634026 0.0 1.0 1.0 1 0 0 0.0 1.0 0
cell 30.81500616011952 30.55622758529901 0.0 1.0 1.0 1 0 0 0.0 1.0 0
cell 15.093806417729015 15.932523493051221 0.0 1.6431676725154984 0.6085806194501846 1 0 0 0.6564506765852093 -0.7543689476713772 4.850977209992215
cell 20.12685701075757 54.86576916214896 0.0 1.0 1.0 1 0 0 0.0 1.0 0
cell 24.83122682827256 7.327027935330028 0.0 1.0 1.0 1 0 0 0.0 1.0 0
cell 7.612505924033169 43.47394184685391 0.0 1.0 1.0 1 0 0 0.0 1.0 0
cell 48.75514156574382 56.71255409027998 0.0 1.6431676725154984 0.6085806194501846 1 0 0 0.5656931218900957 0.8246158450128384 1.2025471012416402
cell 29.6442527360978 50.60896836597945 0.0 1.0 1.0 1 0 0 0.0 1.0 0
cell 14.779328128870125 55.2169516748987 0.0 1.0 1.0 1 0 0 0.0 1.0 0
cell 56.991490913692886 33.97446615622243 0.0 1.6431676725154984 0.6085806194501846 1 0 0 0.7610047855160877 0.6487462650540758 1.7297210449670972
cell 36.68355771333909 30.72156556584119 0.0 1.0 1.0 1 0 0 0.0 1.0 0
cell 18.04383068236034 29.47071121730367 0.0 1.0 1.0 1 0 0 0.0 1.0 0
cell 48.20691726596067 13.547132480978727 0.0 1.0 1.0 1 0 0 0.0 1.0 0
cell 22.807813932198084 3.168557207382444 0.0 1.0 1.0 1 0 0 0.0 1.0 0
cell 56.402377642313084 36.933891938837064 0.0 1.6431676725154984 0.6085806194501846 1 0 0 0.8697645323040536 0.49346697796905414 2.109449899168769
cell 55.7589622448646 60.11415917459977 0.0 1.6431676725154984 0.6085806194501846 1 0 0 -0.21137011722798138 0.9774060944883807 5.857232233325475
cell 59.19825501274739 55.06682033686917 0.0 1.0 1.0 1 0 0 0.0 1.0 0
cell 44.91344613760894 15.541519344543335 0.0 1.0 1.0 1 0 0 0.0 1.0 0
cell 25.62107839505118 25.03491140170688 0.0 1.0 1.0 1 0 0 0.0 1.0 0
cell 47.00379201668595 12.535944844037717 0.0 1.6431676725154984 0.6085806194501846 1 0 0 0.7706946013966597 0.6372047013150828 1.7598610199735099
cell 8.270058113588577 48.78706262054192 0.0 1.0 1.0 1 0 0 0.0 1.0 0
cell 53.742224122188226 43.39326554598423 0.0 1.0 1.0 1 0 0 0.0 1.0 0
cell 17.081744058876225 48.14923517583795 0.0 1.0 1.0 1 0 0 0.0 1.0 0
cell 15.112624933865233 48.34099225009504 0.0 1.0 1.0 1 0 0 0.0 1.0 0
cell 37.81176367795775 15.531618166064082 0.0 1.6431676725154984 0.6085806194501846 1 0 0 0.6185935202093231 0.7857111789678429 1.3339027335883027
cell 44.45812545224947 53.887940005624685 0.0 1.6431676725154984 0.6085806194501846 1 0 0 0.8074760481909538 -0.5899003573468323 4.403463523750179
cell 22.36274722137942 42.91666433197858 0.0 1.0 1.0 1 0 0 0.0 1.0 0
cell 52.611727938030434 17.79773500711353 0.0 1.6431676725154984 0.6085806194501846 1 0 0 0.9961327099365171 0.08786139194510115 2.9656429950460463
cell 26.660444037910537 2.2805840161284143 0.0 1.0 1.0 1 0 0 0.0 1.0 0
cell 19.496005318402855 19.23751058752288 0.0 1.0 1.0 1 0 0 0.0 1.0 0
cell 19.998218380498 0.9176156286009279 0.0 1.0 1.0 1 0 0 0.0 1.0 0
cell 11.749001680315416 40.228304350344025 0.0 1.0 1.0 1 0 0 0.0 1.0 0
cell 18.105017765738634 61.14800503715218 0.0 1.0 1.0 1 0 0 0.0 1.0 0
cell 47.26805997767494 26.28374974232268 0.0 1.6431676725154984 0.6085806194501846 1 0 0 0.2656486158598178 -0.9640699211632748 5.745432008681699
cell 38.98815999168519 43.782746355851316 0.0 1.0 1.0 1 0 0 0.0 1.0 0
cell 56.872274864957774 28.5825717602489 0.0 1.6431676725154984 0.6085806194501846 1 0 0 0.7429251641049116 0.6693744845299155 1.6748596440063082
cell 12.204596665946458 46.286162273038464 0.0 1.0 1.0 1 0 0 0.0 1.0 0
cell 6.845462105928735 2.9895123783755673 0.0 1.0 1.0 1 0 0 0.0 1.0 0
cell 40.083753513957696 29.680272942244077 0.0 1.6431676725154984 0.6085806194501846 1 0 0 0.637690845548012 0.7702924026006368 1.382993537099026
cell 9.955745838135913 4.845437409688552 0.0 1.6431676725154984 0.6085806194501846 1 0 0 0.7427663631981651 0.6695506924060131 1.674385230921134
cell 49.047042393670765 26.69407326121661 0.0 1.6431676725154984 0.6085806194501846 1 0 0 -0.15537337770831636 0.9878558161490516 5.9711744873033465
cell 1.1406541635386038 50.02881086004097 0.0 1.0 1.0 1 0 0 0.0 1.0 0
cell 25.223360649516234 28.393455434304407 0.0 1.0 1.0 1 0 0 0.0 1.0 0
cell 38.73695137677501 41.932274944924245 0.0 1.6431676725154984 0.6085806194501846 1 0 0 0.8592657183542193 0.5115294959835722 2.0676649483606506
cell 45.978234632350095 59.76365090048641 0.0 1.6431676725154984 0.6085806194501846 1 0 0 -0.06421809076879109 0.9979358881300999 6.15466068373382
cell 45.562305041903095 34.35260122826837 0.0 1.0 1.0 1 0 0 0.0 1.0 0
cell 30.664308503660916 27.29697561641471 0.0 1.0 1.0 1 0 0 0.0 1.0 0
cell 20.711461471918835 49.60108371046182 0.0 1.0 1.0 1 0 0 0.0 1.0 0
cell 24.34196913904294 42.85318074262925 0.0 1.0 1.0 1 0 0 0.0 1.0 0
cell 31.250053931836042 6.891940668598998 0.0 1.6431676725154984 0.6085806194501846 1 0 0 0.9527074820570539 0.30388888369354383 2.524048774105821
cell 1.6940467910038097 27.90807447908622 0.0 1.0 1.0 1 0 0 0.0 1.0 0
cell 35.41153345985392 26.333118212879388 0.0 1.0 1.0 1 0 0 0.0 1.0 0
cell 51.121770197284135 48.76261008811348 0.0 1.0 1.0 1 0 0 0.0 1.0 0
cell 56.60664855791882 0.384359577885158 0.0 1.0 1.0 1 0 0 0.0 1.0 0
cell 8.53924490737687 26.95942761514751 0.0 1.6431676725154984 0.6085806194501846 1 0 0 0.9706041556025681 -0.24068147649336435 3.627728465122157
cell 42.2350405944951 23.20799211748068 0.0 1.6431676725154984 0.6085806194501846 1 0 0 0.5505505093241607 -0.834801854743332 5.117138219838341
cell 3.1538119926256565 14.83302726930059 0.0 1.6431676725154984 0.6085806194501846 1 0 0 0.22775688314534245 0.9737180301195613 0.45954679643925433
cell 44.6100244490913 36.734949346787076 0.0 1.6431676725154984 0.6085806194501846 1 0 0 0.726402590054557 0.6872694356378953 1.626146029604399
cell 23.71701572617822 14.967998030700048 0.0 1.0 1.0 1 0 0 0.0 1.0 0
cell 38.70632705232221 5.443367603202046 0.0 1.6431676725154984 0.6085806194501846 1 0 0 0.7447082051070117 0.667390207634404 1.6801950331144138
cell 11.134758616399225 18.846388952594612 0.0 1.6431676725154984 0.6085806194501846 1 0 0 0.7711071768855513 0.6367053649495935 1.7611564818287617
cell 29.104912743734324 60.21364576612707 0.0 1.6431676725154984 0.6085806194501846 1 0 0 0.9514687160974238 -0.3077454829691573 3.7672378716077066
cell 0.06859344166224648 55.12912295047125 0.0 1.0 1.0 1 0 0 0.0 1.0 0
cell 31.77310839788831 53.112739087587826 0.0 1.0 1.0 1 0 0 0.0 1.0 0
cell 1.3076567499963396 1.3867899842207707 0.0 1.0 1.0 1 0 0 0.0 1.0 0
cell 46.08598277695424 43.41165579462327 0.0 1.0 1.0 1 0 0 0.0 1.0 0
cell 11.582088144718794 43.70471181273431 0.0 1.0 1.0 1 0 0 0.0 1.0 0
cell 29.73573097883855 25.5470116476116 0.0 1.0 1.0 1 0 0 0.0 1.0 0
cell 25.210768199489163 45.162459792714074 0.0 1.0 1.0 1 0 0 0.0 1.0 0
cell 54.478311248138475 32.89183524806077 0.0 1.0 1.0 1 0 0 0.0 1.0 0
cell 3.093978589804179 38.2528643185492 0.0 1.0 1.0 1 0 0 0.0 1.0 0
cell 51.304741457149944 22.83124769170869 0.0 1.6431676725154984 0.6085806194501846 1 0 0 -0.5973126074425575 0.8020085093003522 5.002893141433621
cell 14.569004462266154 21.18008396322824 0.0 1.6431676725154984 0.6085806194501846 1 0 0 0.11652518999505368 -0.9931877365818693 6.04960428075348
cell 5.992613804690645 29.20341570451331 0.0 1.0 1.0 1 0 0 0.0 1.0 0
cell 5.647731611391764 43.37318826148237 0.0 1.0 1.0 1 0 0 0.0 1.0 0
cell 17.382902323700254 9.64823254299404 0.0 1.0 1.0 1 0 0 0.0 1.0 0
cell 55.150528975349495 6.341588555059455 0.0 1.0 1.0 1 0 0 0.0 1.0 0
cell 32.574181704871286 31.503465520757064 0.0 1.0 1.0 1 0 0 0.0 1.0 0
cell 5.003663591821568 53.58392015695235 0.0 1.6431676725154984 0.6085806194501846 1 0 0 0.03721616638857832 -0.999307238520435 6.208735781687161
cell 55.64149682555665 38.63628938923994 0.0 1.6431676725154984 0.6085806194501846 1 0 0 -0.07107252408767656 -0.9974711506203108 0.14226499064967424
cell 17.536775176004856 18.816223398478936 0.0 1.0 1.0 1 0 0 0.0 1.0 0
cell 26.6110141870672 18.442467933570132 0.0 1.0 1.0 1 0 0 0.0 1.0 0
cell 3.112279337056038 50.09534054211134 0.0 1.0 1.0 1 0 0 0.0 1.0 0
cell 53.23447273657619 59.37252406602191 0.0 1.0 1.0 1 0 0 0.0 1.0 0
cell 25.452590001009707 54.723236405033745 0.0 1.0 1.0 1 0 0 0.0 1.0 0
cell 37.8635437391174 0.0871046536373232 0.0 1.6431676725154984 0.6085806194501846 1 0 0 0.18177546309662798 0.9833400637704163 0.36558338869624113
cell 19.6436936215673 52.93334634632946 0.0 1.0 1.0 1 0 0 0.0 1.0 0
cell 29.918881858891634 57.132353315671395 0.0 1.6431676725154984 0.6085806194501846 1 0 0 0.44870155667031053 0.8936816620260484 0.9306237867839501
cell 7.343027287840946 46.94016600891669 0.0 1.0 1.0 1 0 0 0.0 1.0 0
cell 11.744145859457205 29.321484253934745 0.0 1.0 1.0 1 0 0 0.0 1.0 0
cell 14.837161125743972 38.62395728493107 0.0 1.0 1.0 1 0 0 0.0 1.0 0
cell 37.160894505721586 20.913520081529754 0.0 1.0 1.0 1 0 0 0.0 1.0 0
cell 44.45938559416767 27.343527967728594 0.0 1.6431676725154984 0.6085806194501846 1 0 0 0.2784661759961142 0.960446036394602 0.564393494589627
cell 47.61347358827795 57.45219248034116 0.0 1.0 1.0 1 0 0 0.0 1.0 0
cell 22.97314429823391 6.618774667025991 0.0 1.6431676725154984 0.6085806194501846 1 0 0 0.2760380417350535 0.9611467107133421 0.5593390771593276
cell 53.31139646432534 39.56637835054402 0.0 1.0 1.0 1 0 0 0.0 1.0 0
cell 17.33599420938937 31.262272515668563 0.0 1.0 1.0 1 0 0 0.0 1.0 0
cell 46.0027432983117 21.73127563056725 0.0 1.6431676725154984 0.6085806194501846 1 0 0 0.9832997406851626 0.18199346133444488 2.7755658725927757
cell 35.249570749647475 20.457667356572053 0.0 1.0 1.0 1 0 0 0.0 1.0 0
cell 8.189421850783727 9.940033959521356 0.0 1.6431676725154984 0.6085806194501846 1 0 0 0.7961312634979696 0.6051239635654223 1.8417495222743665
cell 6.521225031272614 45.134641211940746 0.0 1.0 1.0 1 0 0 0.0 1.0 0
cell 9.798111217172838 40.11998802064414 0.0 1.0 1.0 1 0 0 0.0 1.0 0
cell 41.52093025076531 26.82567687407172 0.0 1.6431676725154984 0.6085806194501846 1 0 0 0.06225763072772534 0.9980601121256025 0.12459583919892456
cell 31.039267376561472 49.1966356354441 0.0 1.0 1.0 1 0 0 0.0 1.0 0
cell 44.5113249677495 3.365024281909195 0.0 1.6431676725154984 0.6085806194501846 1 0 0 0.12194852967257042 -0.9925364255838162 6.03867964923374
cell 0.8600370594253864 5.440879684473147 0.0 1.6431676725154984 0.6085806194501846 1 0 0 0.6887605862351474 -0.7249888653276105 4.763629109399838
cell 6.979128688076426 13.110665790647925 0.0 1.6431676725154984 0.6085806194501846 1 0 0 0.8327189750674445 0.5536958628729536 1.9680005934667675
cell 19.00296819054193 37.13126839396947 0.0 1.0 1.0 1 0 0 0.0 1.0 0
cell 44.84307529552144 8.287112272747564 0.0 1.0 1.0 1 0 0 0.0 1.0 0
cell 16.62960327961802 15.13102313960367 0.0 1.0 1.0 1 0 0 0.0 1.0 0
cell 3.8046207069063422 13.742663004170325 0.0 1.6431676725154984 0.6085806194501846 1 0 0 0.9397142332285924 -0.34196075778895835 3.839597962304696
cell 41.49618635448249 58.146033740350944 0.0 1.6431676725154984 0.6085806194501846 1 0 0 0.5436036583477081 0.8393420415009535 1.1494492043959406
cell 3.7311001293861246 23.89705454959778 0.0 1.6431676725154984 0.6085806194501846 1 0 0 0.9747307113169575 -0.22338316949926623 3.592160601969932
cell 21.344042276807894 28.261512306937846 0.0 1.0 1.0 1 0 0 0.0 1.0 0
cell 11.134789674917961 12.501846579844008 0.0 1.6431676725154984 0.6085806194501846 1 0 0 0.6557662934173296 -0.7549639517339201 4.85279094669999
cell 26.918852416343025 44.147164546038304 0.0 1.0 1.0 1 0 0 0.0 1.0 0
cell 11.269191840734024 2.8566495132553515 0.0 1.0 1.0 1 0 0 0.0 1.0 0
cell 40.16159143358335 6.007137319221509 0.0 1.0 1.0 1 0 0 0.0 1.0 0
cell 56.60177306324497 15.93229638773262 0.0 1.6431676725154984 0.6085806194501846 1 0 0 0.9960332274695364 0.08898207559176627 2.963392813959408
cell 36.104384670406276 6.8700023077354295 0.0 1.0 1.0 1 0 0 0.0 1.0 0
cell 37.86064339245547 59.48715882806884 0.0 1.0 1.0 1 0 0 0.0 1.0 0
cell 8.849236349037835 11.57307141688665 0.0 1.6431676725154984 0.6085806194501846 1 0 0 0.8575925536795084 0.5143296723634166 2.0611409994884062
cell 13.844658664055926 58.57400803075604 0.0 1.0 1.0 1 0 0 0.0 1.0 0
cell 9.719779529912026 22.43128739738244 0.0 1.6431676725154984 0.6085806194501846 1 0 0 0.8928413296431487 0.45037135797145716 2.207230206127671
cell 50.06522745362575 52.1095054346367 0.0 1.0 1.0 1 0 0 0.0 1.0 0
cell 24.42026108040228 9.407045302777313 0.0 1.0 1.0 1 0 0 0.0 1.0 0
cell 32.54090853177665 13.294929329019164 0.0 1.0 1.0 1 0 0 0.0 1.0 0
cell 37.30846469271959 55.17465599390339 0.0 1.6431676725154984 0.6085806194501846 1 0 0 0.999143870003475 0.041370605923517094 3.0588278212425366
cell 31.67442745138168 17.249594964797573 0.0 1.0 1.0 1 0 0 0.0 1.0 0
cell 30.919312775642073 23.964311829011773 0.0 1.0 1.0 1 0 0 0.0 1.0 0
cell 24.648347831308726 18.219840286653238 0.0 1.0 1.0 1 0 0 0.0 1.0 0
cell 44.68092810197065 20.820598628771993 0.0 1.0 1.0 1 0 0 0.0 1.0 0
cell 57.12552949825956 41.02368474161778 0.0 1.0 1.0 1 0 0 0.0 1.0 0
cell 3.9974117501679225 51.94541340504731 0.0 1.0 1.0 1 0 0 0.0 1.0 0
cell 37.718441944765374 56.321852676940054 0.0 1.6431676725154984 0.6085806194501846 1 0 0 0.9975115128488237 -0.07050377106262472 3.2827172774181257
cell 22.966192841291903 31.849926599839282 0.0 1.0 1.0 1 0 0 0.0 1.0 0
cell 43.17022022662009 2.5698415999835693 0.0 1.6431676725154984 0.6085806194501846 1 0 0 -0.22437851823545651 0.97450206800933 5.830574814347631
cell 30.706806600376968 8.781793455776207 0.0 1.6431676725154984 0.6085806194501846 1 0 0 0.9156513033731042 0.4019734949360911 2.31425041365648
cell 5.916390024183701 52.038026816266516 0.0 1.0 1.0 1 0 0 0.0 1.0 0
cell 50.685286485289645 27.208834911749815 0.0 1.6431676725154984 0.6085806194501846 1 0 0 0.4297915217172219 -0.9029281521029205 5.394661561352522
cell 56.89035593562886 25.39854272629041 0.0 1.6431676725154984 0.6085806194501846 1 0 0 0.973813041243928 -0.22735030394361003 3.6003043841308875
cell 13.362617981378184 56.629449934693476 0.0 1.0 1.0 1 0 0 0.0 1.0 0
cell 37.7162198467221 40.75516735492367 0.0 1.6431676725154984 0.6085806194501846 1 0 0 0.7044898029895148 0.7097141096834658 1.5634080246099378
cell 33.331284562134684 51.821773505143234 0.0 1.0 1.0 1 0 0 0.0 1.0 0
cell 15.167275675264674 23.191207151026223 0.0 1.0 1.0 1 0 0 0.0 1.0 0
cell 16.123623089043605 19.73623366922355 0.0 1.0 1.0 1 0 0 0.0 1.0 0
cell 24.569275149121285 4.147918297175626 0.0 1.0 1.0 1 0 0 0.0 1.0 0
cell 1.4378240903258444 45.22094190153711 0.0 1.6431676725154984 0.6085806194501846 1 0 0 -0.42471791462600905 -0.9053257386133093 0.877300556863907
cell 46.91833305502824 60.815804402674324 0.0 1.6431676725154984 0.6085806194501846 1 0 0 0.9993516036907376 0.03600516908376985 3.069566747638709
cell 44.53201866061399 26.03321851362897 0.0 1.6431676725154984 0.6085806194501846 1 0 0 0.22708619883007192 0.9738746625212656 0.45816933329453596
cell 55.103377338915166 58.64187543422791 0.0 1.0 1.0 1 0 0 0.0 1.0 0
cell 37.8231700156242 37.558305490380924 0.0 1.6431676725154984 0.6085806194501846 1 0 0 0.4175544733658341 -0.9086518925155997 5.4216807643351235
cell 35.938093780559655 47.672670925895225 0.0 1.0 1.0 1 0 0 0.0 1.0 0
cell 31.768751768606993 39.58854943171336 0.0 1.0 1.0 1 0 0 0.0 1.0 0
cell 32.944033526848486 58.867226069563316 0.0 1.6431676725154984 0.6085806194501846 1 0 0 0.986567989558372 -0.16335116154699333 3.469765637638778
cell 16.55823863650879 2.791667753079643 0.0 1.0 1.0 1 0 0 0.0 1.0 0
cell 42.09766550276343 32.398506191173 0.0 1.6431676725154984 0.6085806194501846 1 0 0 0.6345368439082592 -0.7728926146127582 4.908367062642178
cell 3.8821735818568692 39.84745827066966 0.0 1.0 1.0 1 0 0 0.0 1.0 0
cell 26.59579538523323 4.0621153497623395 0.0 1.0 1.0 1 0 0 0.0 1.0 0
cell 13.897346435677852 32.056149228974185 0.0 1.0 1.0 1 0 0 0.0 1.0 0
cell 13.123777953747243 48.27548360751358 0.0 1.0 1.0 1 0 0 0.0 1.0 0
cell 19.779363413797757 4.427868270778019 0.0 1.0 1.0 1 0 0 0.0 1.0 0
cell 22.137587516419437 21.283766695396874 0.0 1.0 1.0 1 0 0 0.0 1.0 0
cell 28.302983527648074 42.68739737075423 0.0 1.0 1.0 1 0 0 0.0 1.0 0
cell 15.836379027403034 32.3761148875305 0.0 1.0 1.0 1 0 0 0.0 1.0 0
cell 56.89403579595896 45.12132998823362 0.0 1.0 1.0 1 0 0 0.0 1.0 0
cell 11.604151805898953 24.40311073361377 0.0 1.6431676725154984 0.6085806194501846 1 0 0 0.9201799113899544 0.3914957607361485 2.337079572134999
cell 7.9184105117005394 36.412466740425955 0.0 1.0 1.0 1 0 0 0.0 1.0 0
cell 43.57472242422463 38.581684109486794 0.0 1.0 1.0 1 0 0 0.0 1.0 0
cell 44.0798431613772 12.199998499659419 0.0 1.0 1.0 1 0 0 0.0 1.0 0
cell 49.99836729592093 54.100984161712766 0.0 1.0 1.0 1 0 0 0.0 1.0 0
cell 48.34691062521682 52.33911753846628 0.0 1.0 1.0 1 0 0 0.0 1.0 0
cell 51.79782008550914 5.52454700989635 0.0 1.0 1.0 1 0 0 0.0 1.0 0
cell 17.20036308807621 57.67642555695854 0.0 1.0 1.0 1 0 0 0.0 1.0 0
cell 57.07427270441174 5.835034129309661 0.0 1.0 1.0 1 0 0 0.0 1.0 0
cell 37.49644686235367 10.651271523191834 0.0 1.0 1.0 1 0 0 0.0 1.0 0
cell 4.047277277818034 17.6654723199941 0.0 1.0 1.0 1 0 0 0.0 1.0 0
cell 40.71833835030196 40.99624416330044 0.0 1.0 1.0 1 0 0 0.0 1.0 0
cell 49.38218336205 14.935234479468916 0.0 1.0 1.0 1 0 0 0.0 1.0 0
cell 30.987287574355705 2.9572084347853447 0.0 1.6431676725154984 0.6085806194501846 1 0 0 0.012623209833060154 0.9999203241126318 0.02524709019778703
cell 13.595763928223429 30.03577195468868 0.0 1.0 1.0 1 0 0 0.0 1.0 0
cell 50.27318732110649 42.083593405994506 0.0 1.0 1.0 1 0 0 0.0 1.0 0
cell 15.564833064708992 10.269498321195675 0.0 1.0 1.0 1 0 0 0.0 1.0 0
cell 14.353247252975514 43.08590534884566 0.0 1.0 1.0 1 0 0 0.0 1.0 0
cell 48.95896081174079 21.70500874428922 0.0 1.6431676725154984 0.6085806194501846 1 0 0 0.9539613578465058 -0.299929537951251 3.75083023474169
cell 20.521569684649855 11.91016099940497 0.0 1.0 1.0 1 0 0 0.0 1.0 0
cell 44.68945337602119 41.94547468591041 0.0 1.0 1.0 1 0 0 0.0 1.0 0
cell 40.58534438786093 19.043356322320033 0.0 1.0 1.0 1 0 0 0.0 1.0 0
cell 36.10485380322294 54.08059202980953 0.0 1.0 1.0 1 0 0 0.0 1.0 0
cell 37.0826922725387 1.4564403390350158 0.0 1.0 1.0 1 0 0 0.0 1.0 0
cell 24.464268630014715 50.83021821556099 0.0 1.0 1.0 1 0 0 0.0 1.0 0
cell 1.0414677742152116 21.041119440509707 0.0 1.6431676725154984 0.6085806194501846 1 0 0 0.9991675073093631 0.04079573920391353 3.059978526203279
cell 39.01366691509459 11.975251980074315 0.0 1.0 1.0 1 0 0 0.0 1.0 0
cell 48.18989985473758 16.5264225992244 0.0 1.0 1.0 1 0 0 0.0 1.0 0
cell 35.70857408565834 22.305202798610853 0.0 1.0 1.0 1 0 0 0.0 1.0 0
cell 26.70433620136141 60.951005593437216 0.0 1.6431676725154984 0.6085806194501846 1 0 0 0.936439876116298 0.35082810380483 2.424682117536863
cell 18.42318677317417 39.862489213699966 0.0 1.0 1.0 1 0 0 0.0 1.0 0
cell 21.442488196115388 44.666061062541445 0.0 1.0 1.0 1 0 0 0.0 1.0 0
cell 37.322930199011005 52.87274997733139 0.0 1.0 1.0 1 0 0 0.0 1.0 0
cell 43.030422639854685 52.556516310649904 0.0 1.6431676725154984 0.6085806194501846 1 0 0 0.7128716910984849 -0.7012944831027735 4.696016152946049
cell 17.685589105755813 59.52194288195326 0.0 1.0 1.0 1 0 0 0.0 1.0 0
cell 1.2035604765443402 12.460485211748784 0.0 1.0 1.0 1 0 0 0.0 1.0 0
cell 44.384634902510314 10.200829830734968 0.0 1.0 1.0 1 0 0 0.0 1.0 0
cell 7.840254103246605 39.97606650850298 0.0 1.0 1.0 1 0 0 0.0 1.0 0
cell 30.988399599766726 41.45459372864226 0.0 1.0 1.0 1 0 0 0.0 1.0 0
cell 7.679768824644572 33.221602860970776 0.0 1.0 1.0 1 0 0 0.0 1.0 0
cell 59.2858256178759 51.75829056360589 0.0 1.0 1.0 1 0 0 0.0 1.0 0
cell 2.860712245153872 41.361758373910604 0.0 1.0 1.0 1 0 0 0.0 1.0 0
cell 31.734151926630677 25.745652240018956 0.0 1.0 1.0 1 0 0 0.0 1.0 0
cell 11.901041162061036 15.70363736716028 0.0 1.6431676725154984 0.6085806194501846 1 0 0 0.9222422296976793 -0.3866125576882531 3.935504056950069
cell 30.22079660795122 37.28449490916533 0.0 1.6431676725154984 0.6085806194501846 1 0 0 0.9460665594354054 -0.3239723215307976 3.801443176223185
cell 55.69665165419091 4.4211827074237995 0.0 1.0 1.0 1 0 0 0.0 1.0 0
cell 35.41618950505111 17.640509154111335 0.0 1.0 1.0 1 0 0 0.0 1.0 0
cell 45.35969809247802 1.6715580061590731 0.0 1.0 1.0 1 0 0 0.0 1.0 0
cell 4.533854526382591 45.01033412040335 0.0 1.0 1.0 1 0 0 0.0 1.0 0
cell 24.86017919719414 37.0448251969839 0.0 1.0 1.0 1 0 0 0.0 1.0 0
cell 56.109342608008966 23.82742836759991 0.0 1.6431676725154984 0.6085806194501846 1 0 0 0.997150712490134 0.07543511503549417 2.990578969120971
cell 18.419683039632954 46.676212205514545 0.0 1.0 1.0 1 0 0 0.0 1.0 0
cell 51.094462655167405 1.1596088354972653 0.0 1.6431676725154984 0.6085806194501846 1 0 0 0.360581845167482 0.9327275770210797 0.7377832573633558
cell 27.376811568337203 15.318207735003886 0.0 1.0 1.0 1 0 0 0.0 1.0 0
cell 21.353524790888567 46.3602052739071 0.0 1.0 1.0 1 0 0 0.0 1.0 0
cell 29.225544437595893 40.900939245437016 0.0 1.0 1.0 1 0 0 0.0 1.0 0
cell 4.968477520556737 38.155234424413585 0.0 1.0 1.0 1 0 0 0.0 1.0 0
cell 3.7455111188822703 43.14036772183749 0.0 1.0 1.0 1 0 0 0.0 1.0 0
cell 46.289090363253706 16.979137143423213 0.0 1.0 1.0 1 0 0 0.0 1.0 0
cell 56.5024665045879 7.740262847611438 0.0 1.0 1.0 1 0 0 0.0 1.0 0
cell 43.99224159297492 4.9737966748964775 0.0 1.0 1.0 1 0 0 0.0 1.0 0
cell 50.78503854522137 30.93095606803449 0.0 1.6431676725154984 0.6085806194501846 1 0 0 0.6374087919882439 0.7705258152041939 1.3822613194931892
cell 22.290827914555333 12.143101771854429 0.0 1.0 1.0 1 0 0 0.0 1.0 0
cell 51.30288452615646 7.349949075659438 0.0 1.0 1.0 1 0 0 0.0 1.0 0
cell 9.021801029825564 20.443732914680627 0.0 1.6431676725154984 0.6085806194501846 1 0 0 0.6060102632806786 0.7954568252259091 1.3020705911209436
cell 15.158690305470268 25.163778116503806 0.0 1.0 1.0 1 0 0 0.0 1.0 0
cell 28.683249864393577 27.22407802657526 0.0 1.0 1.0 1 0 0 0.0 1.0 0
cell 19.99864929040137 35.542755794540824 0.0 1.0 1.0 1 0 0 0.0 1.0 0
cell 0.17437187279902946 24.36649446221023 0.0 1.0 1.0 1 0 0 0.0 1.0 0
cell 35.319461731919716 56.04795519872582 0.0 1.0 1.0 1 0 0 0.0 1.0 0
cell 57.56247074992006 3.8796875417319745 0.0 1.0 1.0 1 0 0 0.0 1.0 0
cell 36.03851908773963 12.736448329116337 0.0 1.0 1.0 1 0 0 0.0 1.0 0
cell 38.3820945010598 2.6680242009264643 0.0 1.6431676725154984 0.6085806194501846 1 0 0 0.7651345395761785 0.6438704344412386 1.7425005178321527
cell 32.96203490475971 3.74451440939246 0.0 1.6431676725154984 0.6085806194501846 1 0 0 -0.14373257427144107 0.9896165656926448 5.994721049232272
cell 6.011587823761634 17.846015169012194 0.0 1.0 1.0 1 0 0 0.0 1.0 0
cell 52.6928539522811 0.5104300683831549 0.0 1.0 1.0 1 0 0 0.0 1.0 0
cell 30.706128231927845 45.303703689886994 0.0 1.0 1.0 1 0 0 0.0 1.0 0
cell 33.69403685704328 25.963230551930945 0.0 1.0 1.0 1 0 0 0.0 1.0 0
cell 31.527591515201376 51.13653125904929 0.0 1.0 1.0 1 0 0 0.0 1.0 0
cell 53.172212226424065 48.55232317158041 0.0 1.0 1.0 1 0 0 0.0 1.0 0
cell 58.911708205430166 5.315424204631189 0.0 1.0 1.0 1 0 0 0.0 1.0 0
cell 33.677471107319704 35.038849254838716 0.0 1.0 1.0 1 0 0 0.0 1.0 0
cell 49.43944639711128 2.961564580582134 0.0 1.6431676725154984 0.6085806194501846 1 0 0 0.5343581526441404 0.8452581645288861 1.1274964280765127
cell 40.03275569062593 57.70616993353898 0.0 1.6431676725154984 0.6085806194501846 1 0 0 0.7759531957934529 -0.6307904865626363 4.5067356934959735
cell 53.22938886596338 6.829494218316147 0.0 1.0 1.0 1 0 0 0.0 1.0 0
cell 34.56229296407737 28.052215881570213 0.0 1.0 1.0 1 0 0 0.0 1.0 0
cell 16.36149129877076 43.19859993295285 0.0 1.0 1.0 1 0 0 0.0 1.0 0
cell 13.961734324862158 6.028967502199804 0.0 1.6431676725154984 0.6085806194501846 1 0 0 0.33535601981979485 -0.9420914711272071 5.59921909045741
cell 23.402392730645285 44.578107491917734 0.0 1.0 1.0 1 0 0 0.0 1.0 0
cell 60.88408319032538 39.239057062169394 0.0 1.0 1.0 1 0 0 0.0 1.0 0
cell 20.17470337165046 47.67686125572204 0.0 1.0 1.0 1 0 0 0.0 1.0 0
cell 58.637641590854074 0.4752092250888816 0.0 1.0 1.0 1 0 0 0.0 1.0 0
cell 27.4406581659188 8.448818683618251 0.0 1.6431676725154984 0.6085806194501846 1 0 0 0.8779180562629033 0.4788109089061838 2.1429931194547422
cell 22.929545880732793 37.28430337228125 0.0 1.0 1.0 1 0 0 0.0 1.0 0
cell 27.34099327919119 20.24510027328293 0.0 1.0 1.0 1 0 0 0.0 1.0 0
cell 14.600446486264762 33.870863261035694 0.0 1.0 1.0 1 0 0 0.0 1.0 0
cell 4.3673723054838804 1.3939918760496381 0.0 1.0 1.0 1 0 0 0.0 1.0 0
cell 16.149812669255333 46.63326889898549 0.0 1.0 1.0 1 0 0 0.0 1.0 0
cell 48.70635533354229 34.42418240361321 0.0 1.6431676725154984 0.6085806194501846 1 0 0 0.6996141343380439 -0.7145208625606599 4.733470668001123
cell 20.308816694456468 39.83459826740078 0.0 1.0 1.0 1 0 0 0.0 1.0 0
cell 2.0206826272390317 8.108795563912704 0.0 1.0 1.0 1 0 0 0.0 1.0 0
cell 58.991347057161384 41.76617255187741 0.0 1.0 1.0 1 0 0 0.0 1.0 0
cell 55.54021514653657 28.50126425588352 0.0 1.6431676725154984 0.6085806194501846 1 0 0 0.5801935042917961 0.8144786661279751 1.237932502253278
cell 8.614443967516342 60.09835338542576 0.0 1.0 1.0 1 0 0 0.0 1.0 0
cell 9.966709046393522 19.613727646814247 0.0 1.6431676725154984 0.6085806194501846 1 0 0 0.6651475999851333 0.7467119057802796 1.4553829343579001
cell 45.95731391253862 4.54287301063788 0.0 1.0 1.0 1 0 0 0.0 1.0 0
cell 59.21454170645241 14.262447644834142 0.0 1.0 1.0 1 0 0 0.0 1.0 0
cell 56.275114946867916 50.06458628375744 0.0 1.0 1.0 1 0 0 0.0 1.0 0
cell 28.90491800176147 30.539255439149727 0.0 1.0 1.0 1 0 0 0.0 1.0 0
cell 13.762771480037628 11.400654263692118 0.0 1.6431676725154984 0.6085806194501846 1 0 0 0.5100870236648007 -0.8601227983775253 5.212613380976108
cell 35.729642525646625 41.112074790698784 0.0 1.6431676725154984 0.6085806194501846 1 0 0 0.8148100353333072 -0.5797280451385242 4.378382426159396
cell 55.81558350285349 53.55185879847272 0.0 1.0 1.0 1 0 0 0.0 1.0 0
cell 16.829224368037394 13.398528187408195 0.0 1.0 1.0 1 0 0 0.0 1.0 0
cell 55.77183692546909 43.58080127609167 0.0 1.0 1.0 1 0 0 0.0 1.0 0
cell 60.47475904880784 32.05879245468499 0.0 1.0 1.0 1 0 0 0.0 1.0 0
cell 17.393294511875517 41.49971908549948 0.0 1.0 1.0 1 0 0 0.0 1.0 0
cell 22.12833127032882 16.07136169548822 0.0 1.0 1.0 1 0 0 0.0 1.0 0
cell 18.627852660770575 25.977154194840264 0.0 1.0 1.0 1 0 0 0.0 1.0 0
cell 34.263799640681135 48.38866598947334 0.0 1.0 1.0 1 0 0 0.0 1.0 0
cell 49.65682881225635 43.885790120702445 0.0 1.0 1.0 1 0 0 0.0 1.0 0
cell 43.93655698953912 57.92908993388928 0.0 1.6431676725154984 0.6085806194501846 1 0 0 0.6359360818597745 0.7717417312733829 1.3784417236410649
cell 24.110973603374887 21.56080627781692 0.0 1.0 1.0 1 0 0 0.0 1.0 0
cell 58.4171152247626 17.583955927023542 0.0 1.6431676725154984 0.6085806194501846 1 0 0 0.23337536646489498 -0.9723867226198515 5.81209038065803
cell 2.0183762187748497 10.829859890670155 0.0 1.6431676725154984 0.6085806194501846 1 0 0 0.9992106014858669 0.03972623664849319 3.062119267134343
cell 46.04648010684643 23.200063148336938 0.0 1.6431676725154984 0.6085806194501846 1 0 0 0.12960966404305393 0.9915650936709333 0.25995062630523336
cell 51.76027702420134 52.08487901543865 0.0 1.0 1.0 1 0 0 0.0 1.0 0
cell 26.486009856877025 30.469526964592593 0.0 1.0 1.0 1 0 0 0.0 1.0 0
cell 8.158886286594669 1.4864450310329442 0.0 1.0 1.0 1 0 0 0.0 1.0 0
cell 20.74371350218609 10.33626326325675 0.0 1.0 1.0 1 0 0 0.0 1.0 0
cell 35.260993168797675 58.472142008861255 0.0 1.0 1.0 1 0 0 0.0 1.0 0
cell 34.3035573555131 18.989437544048148 0.0 1.0 1.0 1 0 0 0.0 1.0 0
cell 0.13961923897977976 51.77607031962515 0.0 1.0 1.0 1 0 0 0.0 1.0 0
cell 47.16455509574079 39.58201661229797 0.0 1.0 1.0 1 0 0 0.0 1.0 0
cell 60.919840507791015 58.54622179349989 0.0 1.0 1.0 1 0 0 0.0 1.0 0
cell 30.06519231400223 32.13692924566543 0.0 1.0 1.0 1 0 0 0.0 1.0 0
cell 10.747479595442147 9.10990618622831 0.0 1.6431676725154984 0.6085806194501846 1 0 0 0.8789934238373894 0.4768338923048817 2.147494235849568
cell 2.875819608584398 31.37229688451902 0.0 1.0 1.0 1 0 0 0.0 1.0 0
cell 25.804160186900543 60.33402092201345 0.0 1.6431676725154984 0.6085806194501846 1 0 0 0.9036323133512503 0.42830904994812785 2.2563513252952303
cell 59.47566912662009 3.392877644182452 0.0 1.0 1.0 1 0 0 0.0 1.0 0
cell 45.40976210099186 6.397018652813359 0.0 1.0 1.0 1 0 0 0.0 1.0 0
cell 15.11282405659634 12.27113082538766 0.0 1.0 1.0 1 0 0 0.0 1.0 0
cell 37.53020967658913 26.515444899240734 0.0 1.6431676725154984 0.6085806194501846 1 0 0 0.9841575984281158 -0.17729585854216576 3.4980688460742226
cell 2.031452059700219 16.13549842448206 0.0 1.0 1.0 1 0 0 0.0 1.0 0
cell 57.31583669966488 51.79424682151144 0.0 1.0 1.0 1 0 0 0.0 1.0 0
cell 34.19065393291978 40.3687405613873 0.0 1.6431676725154984 0.6085806194501846 1 0 0 0.810146413675826 0.5862275909646334 1.8888036555168928
cell 26.134571845298037 21.80909637298361 0.0 1.0 1.0 1 0 0 0.0 1.0 0
cell 49.76026216349798 5.677109888057689 0.0 1.0 1.0 1 0 0 0.0 1.0 0
cell 5.092234486205204 50.230398796851446 0.0 1.0 1.0 1 0 0 0.0 1.0 0
cell 57.21293076929852 48.38800438456544 0.0 1.0 1.0 1 0 0 0.0 1.0 0
cell 15.279578823350692 44.874251495188375 0.0 1.0 1.0 1 0 0 0.0 1.0 0
cell 49.66847468759949 56.148425134930655 0.0 1.6431676725154984 0.6085806194501846 1 0 0 0.8086009252017324 -0.5883574965638684 4.399644744472649
cell 31.526733904638878 29.05129540003209 0.0 1.0 1.0 1 0 0 0.0 1.0 0
cell 58.03472436387155 36.734829418010584 0.0 1.0 1.0 1 0 0 0.0 1.0 0
cell 20.979489004192267 37.05459197043812 0.0 1.0 1.0 1 0 0 0.0 1.0 0
cell 38.434283123717734 8.583985803735484 0.0 1.6431676725154984 0.6085806194501846 1 0 0 0.7912763909031296 0.61145864389942 1.8257872792029004
cell 30.7751387424426 47.302644283075026 0.0 1.0 1.0 1 0 0 0.0 1.0 0
cell 7.7415483007101935 52.17250305665738 0.0 1.6431676725154984 0.6085806194501846 1 0 0 0.4036498330211036 -0.9149135545514862 5.452180071949132
cell 2.223241223836498 18.037832065697533 0.0 1.6431676725154984 0.6085806194501846 1 0 0 -0.49284857487838385 0.870115097122413 5.252464267351159
cell 12.768442117057779 52.06569625614034 0.0 1.0 1.0 1 0 0 0.0 1.0 0
cell 57.111456164278465 11.100566704727607 0.0 1.0 1.0 1 0 0 0.0 1.0 0
cell 9.928720513962753 36.53725497012761 0.0 1.0 1.0 1 0 0 0.0 1.0 0
cell 34.36503498302055 60.62570363934897 0.0 1.0 1.0 1 0 0 0.0 1.0 0
cell 49.183559005394244 31.05794838464711 0.0 1.0 1.0 1 0 0 0.0 1.0 0
cell 4.217531199030336 48.4683941259312 0.0 1.0 1.0 1 0 0 0.0 1.0 0
cell 5.485131145457009 8.764022266328633 0.0 1.0 1.0 1 0 0 0.0 1.0 0
cell 53.29362953294302 29.813938289009887 0.0 1.0 1.0 1 0 0 0.0 1.0 0
cell 54.297928948515924 50.14053950298183 0.0 1.0 1.0 1 0 0 0.0 1.0 0
cell 0.4191972636187703 18.60714271123595 0.0 1.0 1.0 1 0 0 0.0 1.0 0
cell 17.12471053412525 36.68080232734188 0.0 1.0 1.0 1 0 0 0.0 1.0 0
cell 13.280157813865273 44.73405223360545 0.0 1.0 1.0 1 0 0 0.0 1.0 0
cell 34.24753396204476 33.099620796021455 0.0 1.0 1.0 1 0 0 0.0 1.0 0
cell 43.99517590216657 51.11715565037347 0.0 1.6431676725154984 0.6085806194501846 1 0 0 0.8468593568389035 -0.5318169137347917 4.263081846431803
cell 41.24585216122486 0.40985421638836195 0.0 1.0 1.0 1 0 0 0.0 1.0 0
cell 54.687488226590716 36.977840419915836 0.0 1.0 1.0 1 0 0 0.0 1.0 0
cell 11.178472624977047 53.515680420919466 0.0 1.0 1.0 1 0 0 0.0 1.0 0
cell 21.158505005116123 38.419652086374334 0.0 1.6431676725154984 0.6085806194501846 1 0 0 0.007198126397732543 0.9999740931525988 0.014396377117261508
cell 28.091524169170047 22.00510982469462 0.0 1.0 1.0 1 0 0 0.0 1.0 0
cell 7.657322279612069 54.21390605809389 0.0 1.0 1.0 1 0 0 0.0 1.0 0
cell 11.708383042269638 9.629879939594906 0.0 1.6431676725154984 0.6085806194501846 1 0 0 -0.4313834497086379 0.9021686756463423 5.3911339332403205
cell 26.276406080552455 42.514425163488205 0.0 1.0 1.0 1 0 0 0.0 1.0 0
cell 41.65689214446181 28.484575102028433 0.0 1.0 1.0 1 0 0 0.0 1.0 0
cell 25.29526676306611 35.070512879963324 0.0 1.0 1.0 1 0 0 0.0 1.0 0
cell 14.223673799982011 19.536887425711043 0.0 1.0 1.0 1 0 0 0.0 1.0 0
cell 58.492066135691516 7.271530455401832 0.0 1.0 1.0 1 0 0 0.0 1.0 0
cell 22.398001705436016 29.95178647799721 0.0 1.0 1.0 1 0 0 0.0 1.0 0
cell 23.417145464177146 0.011610120313120078 0.0 1.0 1.0 1 0 0 0.0 1.0 0
cell 41.555040905262004 53.34434570738573 0.0 1.6431676725154984 0.6085806194501846 1 0 0 0.5363344977612869 -0.8440055133179807 5.151009102366395
cell 20.39878857372076 13.653225072286405 0.0 1.0 1.0 1 0 0 0.0 1.0 0
cell 60.88942654053814 28.093346727492523 0.0 1.0 1.0 1 0 0 0.0 1.0 0
cell 18.917542118890115 48.8695616715928 0.0 1.0 1.0 1 0 0 0.0 1.0 0
cell 12.260636896730924 6.271589067848875 0.0 1.6431676725154984 0.6085806194501846 1 0 0 0.8756468413246584 0.4829519740907459 2.1335470875630165
cell 8.026950378367243 6.120556942061781 0.0 1.6431676725154984 0.6085806194501846 1 0 0 0.33658456735694625 0.9416532424502861 0.6865749510248905
cell 21.216776894633263 8.70556729495149 0.0 1.0 1.0 1 0 0 0.0 1.0 0
cell 57.85147537126365 9.200166939843632 0.0 1.0 1.0 1 0 0 0.0 1.0 0
cell 46.226397390414625 19.603924188164818 0.0 1.6431676725154984 0.6085806194501846 1 0 0 0.9944405326281243 0.1052997011690557 2.930602107791646
cell 10.327961157967556 30.701587287718855 0.0 1.0 1.0 1 0 0 0.0 1.0 0
cell 43.47507917816724 6.795264910486243 0.0 1.0 1.0 1 0 0 0.0 1.0 0
cell 4.86994236228393 31.209845700152147 0.0 1.0 1.0 1 0 0 0.0 1.0 0
cell 41.13540288826644 50.93189059889295 0.0 1.6431676725154984 0.6085806194501846 1 0 0 0.7932758704056078 0.6088623764301958 1.8323412192887576
cell 40.97178748040843 17.108778564425933 0.0 1.0 1.0 1 0 0 0.0 1.0 0
cell 21.399939131295188 19.45851120419277 0.0 1.0 1.0 1 0 0 0.0 1.0 0
cell 29.049634607811075 9.023049882379489 0.0 1.0 1.0 1 0 0 0.0 1.0 0
cell 43.47158999384714 48.340421953160536 0.0 1.6431676725154984 0.6085806194501846 1 0 0 0.8294545011361955 -0.5585742838198919 4.326924539932519
cell 9.337859679246785 47.05728396312799 0.0 1.0 1.0 1 0 0 0.0 1.0 0
cell 24.66959444931241 59.67574246318146 0.0 1.0 1.0 1 0 0 0.0 1.0 0
cell 6.098335609578911 11.92992252138341 0.0 1.6431676725154984 0.6085806194501846 1 0 0 0.3470469655968801 -0.9378477507943376 5.574344254218124
cell 6.330199267713843 58.02881480195198 0.0 1.6431676725154984 0.6085806194501846 1 0 0 0.9999828259868937 -0.0058606937529591206 3.15331410819726
cell 55.025148977422816 30.65998863570709 0.0 1.0 1.0 1 0 0 0.0 1.0 0
cell 36.65527561944465 27.90749219359365 0.0 1.0 1.0 1 0 0 0.0 1.0 0
cell 51.061720003967146 2.6336095534757007 0.0 1.6431676725154984 0.6085806194501846 1 0 0 -0.28710233725376355 -0.9578999154104912 0.5824008887355125
cell 45.94060156005835 38.0664803977933 0.0 1.0 1.0 1 0 0 0.0 1.0 0
cell 39.64158182414095 22.50794163874488 0.0 1.6431676725154984 0.6085806194501846 1 0 0 0.9899716121436264 0.14126644028129706 2.8581115183787467
cell 27.515583255968195 11.881075065579891 0.0 1.0 1.0 1 0 0 0.0 1.0 0
cell 13.082080839986938 60.2509144649685 0.0 1.6431676725154984 0.6085806194501846 1 0 0 0.9971737968281754 0.07512934792263695 2.9911922436588565
cell 19.333167238135236 41.58572312905399 0.0 1.0 1.0 1 0 0 0.0 1.0 0
cell 21.293302117656236 41.388835474887735 0.0 1.0 1.0 1 0 0 0.0 1.0 0
cell 33.49253520393908 17.18687711873075 0.0 1.0 1.0 1 0 0 0.0 1.0 0
cell 1.1438237079641063 53.50172957554724 0.0 1.0 1.0 1 0 0 0.0 1.0 0
cell 37.91431041084895 33.65727395038488 0.0 1.0 1.0 1 0 0 0.0 1.0 0
cell 39.22232008550906 16.30069166305021 0.0 1.0 1.0 1 0 0 0.0 1.0 0
cell 25.265034386329393 47.197578524012854 0.0 1.0 1.0 1 0 0 0.0 1.0 0
cell 50.938083224666606 9.22829323844468 0.0 1.0 1.0 1 0 0 0.0 1.0 0
cell 35.635542219584686 34.53917627390924 0.0 1.0 1.0 1 0 0 0.0 1.0 0
cell 43.52564977143965 24.332194400851286 0.0 1.6431676725154984 0.6085806194501846 1 0 0 0.9782184708621936 0.20757799320744882 2.7233959136146226
cell 20.136122863201233 33.84053283192425 0.0 1.0 1.0 1 0 0 0.0 1.0 0
cell 8.165009121045118 24.32014814792509 0.0 1.6431676725154984 0.6085806194501846 1 0 0 0.7333152698122759 -0.6798887519735483 4.636814490385484
cell 4.608784781038911 27.766889104069705 0.0 1.0 1.0 1 0 0 0.0 1.0 0
cell 53.97736540675751 41.40576763131415 0.0 1.0 1.0 1 0 0 0.0 1.0 0
cell 40.574508192066986 38.1704692644949 0.0 1.6431676725154984 0.6085806194501846 1 0 0 0.9154466979464658 0.40243924164886336 2.3132329985265576
cell 47.540102203118316 28.10672563383966 0.0 1.6431676725154984 0.6085806194501846 1 0 0 0.0872221785344209 -0.9961888834812952 6.108519002469596
cell 47.688219796008376 24.537416382429395 0.0 1.0 1.0 1 0 0 0.0 1.0 0
cell 25.880097594390136 56.66623211447186 0.0 1.0 1.0 1 0 0 0.0 1.0 0
cell 26.209334672712195 26.677199596914324 0.0 1.0 1.0 1 0 0 0.0 1.0 0
cell 38.86744867365403 19.997659483077314 0.0 1.0 1.0 1 0 0 0.0 1.0 0
cell 57.086521685174176 58.31601813904301 0.0 1.0 1.0 1 0 0 0.0 1.0 0
cell 12.424306239258724 13.756638342361178 0.0 1.6431676725154984 0.6085806194501846 1 0 0 0.8080125111844275 -0.5891653263468883 4.401643564221633
cell 0.30813530883143436 2.9670182060553 0.0 1.0 1.0 1 0 0 0.0 1.0 0
cell 58.83041428835112 21.962038572850073 0.0 1.0 1.0 1 0 0 0.0 1.0 0
cell 7.349106756951714 8.889033817843023 0.0 1.6431676725154984 0.6085806194501846 1 0 0 0.4870329023940312 -0.8733836224624584 5.265806751288557
cell 28.939907818809203 34.819180035103116 0.0 1.6431676725154984 0.6085806194501846 1 0 0 0.9896383043221798 -0.1435828214596737 3.429754266711016
cell 60.48028983174088 1.233609601474647 0.0 1.0 1.0 1 0 0 0.0 1.0 0
cell 24.385163126842503 30.044185532490893 0.0 1.0 1.0 1 0 0 0.0 1.0 0
cell 32.95674000688537 15.231077603426186 0.0 1.0 1.0 1 0 0 0.0 1.0 0
cell 30.731474866231046 36.301381132823266 0.0 1.6431676725154984 0.6085806194501846 1 0 0 0.9737678753350739 -0.22754367704995893 3.600701539605286
cell 21.096887454535278 51.58445986204235 0.0 1.0 1.0 1 0 0 0.0 1.0 0
cell 26.367120267715247 51.41433777395103 0.0 1.0 1.0 1 0 0 0.0 1.0 0
cell 18.65784141199261 56.26021842487381 0.0 1.0 1.0 1 0 0 0.0 1.0 0
cell 48.761172560307166 29.30659626396698 0.0 1.0 1.0 1 0 0 0.0 1.0 0
cell 53.0522253899963 2.479538979155599 0.0 1.0 1.0 1 0 0 0.0 1.0 0
cell 17.578739748289593 49.85181778291856 0.0 1.0 1.0 1 0 0 0.0 1.0 0
cell 23.957399485476056 1.4432127342314531 0.0 1.6431676725154984 0.6085806194501846 1 0 0 0.9761639973144421 0.21703421469226872 2.7040421835289745
cell 60.42692534583928 6.624564241056939 0.0 1.0 1.0 1 0 0 0.0 1.0 0
cell 46.731308253030605 31.67742158741146 0.0 1.0 1.0 1 0 0 0.0 1.0 0
cell 28.267707264002787 2.665116631501201 0.0 1.6431676725154984 0.6085806194501846 1 0 0 0.6652835802553113 -0.7465907566014159 4.827438132475164
cell 49.333869287842816 7.688009839974463 0.0 1.0 1.0 1 0 0 0.0 1.0 0
cell 18.362211652231196 32.99874194230754 0.0 1.0 1.0 1 0 0 0.0 1.0 0
cell 59.928120440144895 60.23962189221315 0.0 1.0 1.0 1 0 0 0.0 1.0 0
cell 32.46771484830425 18.966406028331086 0.0 1.0 1.0 1 0 0 0.0 1.0 0
cell 30.49377443177812 18.823188818769992 0.0 1.0 1.0 1 0 0 0.0 1.0 0
cell 11.07454343608404 34.89358851116252 0.0 1.0 1.0 1 0 0 0.0 1.0 0
cell 33.28465362559162 20.740081152527132 0.0 1.0 1.0 1 0 0 0.0 1.0 0
cell 50.55438177276347 11.198712087709438 0.0 1.0 1.0 1 0 0 0.0 1.0 0
cell 11.992837180634826 20.639255817776423 0.0 1.0 1.0 1 0 0 0.0 1.0 0
cell 6.705171025354144 34.82212043913921 0.0 1.0 1.0 1 0 0 0.0 1.0 0
cell 31.557644642634692 59.87769046673218 0.0 1.6431676725154984 0.6085806194501846 1 0 0 -0.852122764138303 0.5233419482874442 4.2431289698234025
cell 23.630258110102673 35.431244104767195 0.0 1.0 1.0 1 0 0 0.0 1.0 0
cell 14.188941385737326 50.655022859273785 0.0 1.0 1.0 1 0 0 0.0 1.0 0
cell 52.01839022153525 46.99367974742224 0.0 1.0 1.0 1 0 0 0.0 1.0 0
cell 1.2191732092282002 33.47535286405906 0.0 1.0 1.0 1 0 0 0.0 1.0 0
cell 15.412763141926275 41.40463930415686 0.0 1.0 1.0 1 0 0 0.0 1.0 0
cell 7.866060363287848 28.442427814355216 0.0 1.0 1.0 1 0 0 0.0 1.0 0
cell 45.592407058308666 45.32220414268782 0.0 1.0 1.0 1 0 0 0.0 1.0 0
cell 53.97889818905268 21.509218879558883 0.0 1.6431676725154984 0.6085806194501846 1 0 0 0.9280164179938404 -0.37253929716726764 3.9050802258703685
cell 45.51508811469002 13.581406842645503 0.0 1.0 1.0 1 0 0 0.0 1.0 0
cell 31.634901764222896 56.81496742537922 0.0 1.0 1.0 1 0 0 0.0 1.0 0
cell 43.83087095092713 31.979261847844278 0.0 1.6431676725154984 0.6085806194501846 1 0 0 0.5303416503707171 0.8477840136981023 1.1180070136011195
cell 24.86048513992466 23.355056044379527 0.0 1.0 1.0 1 0 0 0.0 1.0 0
cell 4.311027014559664 59.59535820942963 0.0 1.6431676725154984 0.6085806194501846 1 0 0 0.9710380768025632 0.23892478607205953 2.6590758196685798
cell 57.96856093831729 60.037603086414144 0.0 1.0 1.0 1 0 0 0.0 1.0 0
cell 26.017946903184423 39.51773897843281 0.0 1.0 1.0 1 0 0 0.0 1.0 0
cell 58.38733298215063 34.73780526071736 0.0 1.0 1.0 1 0 0 0.0 1.0 0
cell 60.92065856246265 30.08916246075154 0.0 1.0 1.0 1 0 0 0.0 1.0 0
cell 9.424702002423452 56.86103267204924 0.0 1.0 1.0 1 0 0 0.0 1.0 0
cell 47.488515169198855 35.419003312586504 0.0 1.6431676725154984 0.6085806194501846 1 0 0 0.861948046767806 -0.5069966120923926 4.2049862264438405
cell 32.07031992214794 22.343469313965752 0.0 1.0 1.0 1 0 0 0.0 1.0 0
cell 44.24069925282432 19.004136385447886 0.0 1.6431676725154984 0.6085806194501846 1 0 0 0.9947287298100758 0.10254147497687612 2.936148592902791
cell 22.6026335319009 50.20100118469032 0.0 1.0 1.0 1 0 0 0.0 1.0 0
cell 32.9170372127153 41.897637014744404 0.0 1.6431676725154984 0.6085806194501846 1 0 0 0.7953344658310202 -0.6061708401608293 4.444067010762281
cell 13.075025341530328 35.11705542339665 0.0 1.0 1.0 1 0 0 0.0 1.0 0
cell 58.243670626481695 53.44364191065626 0.0 1.0 1.0 1 0 0 0.0 1.0 0
cell 5.638047245236356 16.21892242693163 0.0 1.6431676725154984 0.6085806194501846 1 0 0 0.00936262094123063 0.999956169704008 0.018725515464889157
cell 41.122105748164806 47.85176739681231 0.0 1.6431676725154984 0.6085806194501846 1 0 0 0.9993091695966321 0.037164278011143276 3.0672469766942525
cell 46.71756373208097 48.20627951161272 0.0 1.6431676725154984 0.6085806194501846 1 0 0 0.9887635432284745 -0.14948797805266065 3.441693477268969
cell 58.86692990935356 45.02213702667165 0.0 1.0 1.0 1 0 0 0.0 1.0 0
cell 42.895285288501924 35.88826418844109 0.0 1.0 1.0 1 0 0 0.0 1.0 0
cell 0.9464231906755605 46.714395103021 0.0 1.0 1.0 1 0 0 0.0 1.0 0
cell 45.77740453547733 56.79445885731529 0.0 1.6431676725154984 0.6085806194501846 1 0 0 0.8903173953488965 -0.4553404611267889 4.087101815526691
cell 4.022696029673042 7.320968548587385 0.0 1.0 1.0 1 0 0 0.0 1.0 0
cell 9.862451329087229 24.15523280258164 0.0 1.0 1.0 1 0 0 0.0 1.0 0
cell 15.744650577253537 59.12617449026408 0.0 1.0 1.0 1 0 0 0.0 1.0 0
cell 32.800388989596044 49.55986808683256 0.0 1.0 1.0 1 0 0 0.0 1.0 0
cell 0.0625638107096971 48.34563870269701 0.0 1.0 1.0 1 0 0 0.0 1.0 0
cell 6.845509889998677 7.240512832904937 0.0 1.0 1.0 1 0 0 0.0 1.0 0
cell 29.731216117695826 17.008437785151624 0.0 1.0 1.0 1 0 0 0.0 1.0 0
cell 34.852618038381706 15.767959644357136 0.0 1.0 1.0 1 0 0 0.0 1.0 0
cell 47.81048845699877 22.532174414833953 0.0 1.0 1.0 1 0 0 0.0 1.0 0
cell 23.414085637462765 19.75406312303605 0.0 1.0 1.0 1 0 0 0.0 1.0 0
cell 29.14598281601175 13.027151058186352 0.0 1.0 1.0 1 0 0 0.0 1.0 0
cell 54.644651904007354 2.880996907909512 0.0 1.0 1.0 1 0 0 0.0 1.0 0
cell 52.22978994016469 41.72652467843673 0.0 1.0 1.0 1 0 0 0.0 1.0 0
cell 36.62106375351685 8.854973951061622 0.0 1.0 1.0 1 0 0 0.0 1.0 0
cell 14.374984420739713 0.4757858614419372 0.0 1.0 1.0 1 0 0 0.0 1.0 0
cell 26.896569100313645 57.9325466796083 0.0 1.6431676725154984 0.6085806194501846 1 0 0 0.973478084414636 0.22878028578619009 2.6799435469847026
cell 24.036881933677964 16.569651691211714 0.0 1.0 1.0 1 0 0 0.0 1.0 0
cell 4.675120113864784 34.76463908331112 0.0 1.0 1.0 1 0 0 0.0 1.0 0
cell 51.5569033088172 36.606984479585 0.0 1.0 1.0 1 0 0 0.0 1.0 0
cell 23.99463352349592 48.77617010478844 0.0 1.0 1.0 1 0 0 0.0 1.0 0
cell 3.751754855253807 58.18640558010247 0.0 1.0 1.0 1 0 0 0.0 1.0 0
cell 27.131051342566156 0.8378434353941397 0.0 1.6431676725154984 0.6085806194501846 1 0 0 0.9893910267880691 0.14527696345687563 2.8500068535568586
cell 2.7643955213051004 44.678666038231555 0.0 1.0 1.0 1 0 0 0.0 1.0 0
cell 47.902750597833496 37.62705107516266 0.0 1.6431676725154984 0.6085806194501846 1 0 0 0.29887789913453144 0.9542913608583747 0.6070331798166937
cell 21.86875531777517 35.55661472969986 0.0 1.0 1.0 1 0 0 0.0 1.0 0
cell 59.52778789621976 37.84329631304773 0.0 1.0 1.0 1 0 0 0.0 1.0 0
cell 47.64774866316559 54.204212754254385 0.0 1.6431676725154984 0.6085806194501846 1 0 0 0.12288701321988489 0.992420667853051 0.24639684940885342
cell 18.89123789356688 17.49068674941315 0.0 1.0 1.0 1 0 0 0.0 1.0 0
cell 32.75116648705761 11.380319869291554 0.0 1.0 1.0 1 0 0 0.0 1.0 0
cell 50.922278807824625 45.44631217925192 0.0 1.0 1.0 1 0 0 0.0 1.0 0
cell 51.194839038803856 55.90330537947183 0.0 1.0 1.0 1 0 0 0.0 1.0 0
cell 54.45112251014348 34.95471981527257 0.0 1.0 1.0 1 0 0 0.0 1.0 0
cell 24.114636480082275 38.919795689326335 0.0 1.0 1.0 1 0 0 0.0 1.0 0
cell 5.20105053660074 22.871357240908342 0.0 1.0 1.0 1 0 0 0.0 1.0 0
cell 59.83626051547725 35.96659963300668 0.0 1.0 1.0 1 0 0 0.0 1.0 0
cell 19.650534226951606 7.788313572181058 0.0 1.6431676725154984 0.6085806194501846 1 0 0 0.05587785431113534 -0.9984376121709275 6.171371360239695
cell 41.27438925403082 9.335241902342467 0.0 1.0 1.0 1 0 0 0.0 1.0 0
cell 30.241601587950488 43.33393832848246 0.0 1.0 1.0 1 0 0 0.0 1.0 0
cell 14.976685184979681 27.194653308195313 0.0 1.0 1.0 1 0 0 0.0 1.0 0
cell 38.55921279348189 48.38934270007139 0.0 1.6431676725154984 0.6085806194501846 1 0 0 0.5760920259356184 0.8173848406065498 1.2278790395638022
cell 16.987582721438496 11.564335119517654 0.0 1.0 1.0 1 0 0 0.0 1.0 0
cell 16.519488463256675 17.150591278165802 0.0 1.0 1.0 1 0 0 0.0 1.0 0
cell 23.03073926096016 52.168577761529335 0.0 1.0 1.0 1 0 0 0.0 1.0 0
cell 1.3024366389836044 26.096144924899225 0.0 1.0 1.0 1 0 0 0.0 1.0 0
cell 39.42272998916171 9.997101956189 0.0 1.0 1.0 1 0 0 0.0 1.0 0
cell 42.46374813145597 49.990291395611955 0.0 1.6431676725154984 0.6085806194501846 1 0 0 0.661066682627862 -0.7503271560588711 4.838706316086393
cell 0.5913022860284987 35.33998061764922 0.0 1.0 1.0 1 0 0 0.0 1.0 0
cell 27.304891929964707 48.04986638089711 0.0 1.0 1.0 1 0 0 0.0 1.0 0
cell 0.16861114542341882 37.317155665121874 0.0 1.0 1.0 1 0 0 0.0 1.0 0
cell 17.075908944657357 23.488204021295957 0.0 1.0 1.0 1 0 0 0.0 1.0 0
cell 8.72655172562219 41.767932568606064 0.0 1.0 1.0 1 0 0 0.0 1.0 0
cell 54.68793693596751 0.8641281232574309 0.0 1.0 1.0 1 0 0 0.0 1.0 0
cell 23.099803766449607 8.507469428814098 0.0 1.0 1.0 1 0 0 0.0 1.0 0
cell 10.442155740367241 45.39002254946769 0.0 1.0 1.0 1 0 0 0.0 1.0 0
cell 36.66887731937402 19.052513707030393 0.0 1.0 1.0 1 0 0 0.0 1.0 0
cell 22.142006443968107 33.669647226741084 0.0 1.0 1.0 1 0 0 0.0 1.0 0
cell 10.432186671687395 16.699838523394874 0.0 1.6431676725154984 0.6085806194501846 1 0 0 0.7149138074681102 0.6992125913421824 1.5930016557884945
cell 23.312591969747796 46.5975812251838 0.0 1.0 1.0 1 0 0 0.0 1.0 0
cell 25.873107744673327 16.59649576692757 0.0 1.0 1.0 1 0 0 0.0 1.0 0
cell 22.50881435285914 57.374644994876704 0.0 1.0 1.0 1 0 0 0.0 1.0 0
cell 23.343440244555755 28.323102334498042 0.0 1.0 1.0 1 0 0 0.0 1.0 0
cell 42.999261203019216 20.344577052693477 0.0 1.0 1.0 1 0 0 0.0 1.0 0
cell 18.836664662886314 22.527278381558446 0.0 1.0 1.0 1 0 0 0.0 1.0 0
cell 20.557696768432525 26.427300828458385 0.0 1.0 1.0 1 0 0 0.0 1.0 0
cell 45.626636496472024 29.305752921796795 0.0 1.6431676725154984 0.6085806194501846 1 0 0 0.9471138803754843 -0.32089764349414096 3.7949468586642063
cell 2.068680235911526 4.160166866189812 0.0 1.0 1.0 1 0 0 0.0 1.0 0
cell 59.35740524094333 15.996969918590102 0.0 1.0 1.0 1 0 0 0.0 1.0 0
cell 34.03284535892344 45.60720630164899 0.0 1.6431676725154984 0.6085806194501846 1 0 0 0.8196267377478533 -0.5728979060607672 4.361666944882765
cell 42.322299786803775 12.650697707819866 0.0 1.0 1.0 1 0 0 0.0 1.0 0
cell 21.714762449008514 24.70646408011163 0.0 1.0 1.0 1 0 0 0.0 1.0 0
cell 18.575618279653852 14.388664417883806 0.0 1.0 1.0 1 0 0 0.0 1.0 0
cell 53.07008585125534 36.30230414911786 0.0 1.6431676725154984 0.6085806194501846 1 0 0 0.540097892757145 0.8416022018978393 1.1411068443888523
cell 51.650366005048944 15.555560330237935 0.0 1.6431676725154984 0.6085806194501846 1 0 0 0.8674373472969998 0.49754642850124464 2.1000567639633188
cell 10.328436097027737 33.0013457562984 0.0 1.0 1.0 1 0 0 0.0 1.0 0
cell 7.61405299726874 19.193557932502706 0.0 1.6431676725154984 0.6085806194501846 1 0 0 0.6329032560698875 0.774230888337668 1.3705946974756198
cell 19.947810364681125 24.60678014972402 0.0 1.0 1.0 1 0 0 0.0 1.0 0
cell 9.207519287565564 55.183220473987426 0.0 1.6431676725154984 0.6085806194501846 1 0 0 0.994055425560284 0.10887520798677094 2.9234097311622316
cell 58.30490223321143 38.69527303325501 0.0 1.6431676725154984 0.6085806194501846 1 0 0 0.2901877012412172 0.9569697477184627 0.5888459463325195
cell 21.042600612201735 58.73845300978458 0.0 1.0 1.0 1 0 0 0.0 1.0 0
cell 57.53268211017963 30.74466521466074 0.0 1.6431676725154984 0.6085806194501846 1 0 0 0.7675847274605693 0.6409474909610643 1.7501286334295438
cell 26.675191000190633 32.473175564780234 0.0 1.0 1.0 1 0 0 0.0 1.0 0
cell 49.001073260488695 45.799829033385926 0.0 1.6431676725154984 0.6085806194501846 1 0 0 0.36855541892501936 -0.9296057783711349 5.528276168430433
cell 8.782468530879942 31.684919595205926 0.0 1.0 1.0 1 0 0 0.0 1.0 0
cell 60.63784451794649 4.768778700891048 0.0 1.0 1.0 1 0 0 0.0 1.0 0
cell 32.70280641602358 45.655268771275445 0.0 1.6431676725154984 0.6085806194501846 1 0 0 0.7001759755558893 -0.7139703097849089 4.731897424288453
cell 49.9984522590338 32.90418216661147 0.0 1.0 1.0 1 0 0 0.0 1.0 0
cell 6.781691470214853 0.5054163573953354 0.0 1.6431676725154984 0.6085806194501846 1 0 0 0.38879877169565547 -0.9213226986935411 5.484530457143941
cell 40.0093909108995 33.6470740607649 0.0 1.0 1.0 1 0 0 0.0 1.0 0
cell 5.896018134872827 39.877775351154476 0.0 1.0 1.0 1 0 0 0.0 1.0 0
cell 29.30426068602751 11.0407916602694 0.0 1.0 1.0 1 0 0 0.0 1.0 0
cell 19.139804322953054 6.725547494365378 0.0 1.6431676725154984 0.6085806194501846 1 0 0 -0.03828203932118863 -0.9992669740691978 0.0765827919477653
cell 54.049000113960815 46.79849627700726 0.0 1.0 1.0 1 0 0 0.0 1.0 0
cell 53.580842810359975 14.082401623349062 0.0 1.6431676725154984 0.6085806194501846 1 0 0 0.8753064589557602 0.48356861241226984 2.132138395975566
cell 18.0924388079039 1.6038229656890772 0.0 1.0 1.0 1 0 0 0.0 1.0 0
cell 22.01657681692445 7.222745458429119 0.0 1.6431676725154984 0.6085806194501846 1 0 0 -0.17069043950134163 -0.9853247047866195 0.3430606989548286
cell 30.8145198663051 13.93689173914942 0.0 1.0 1.0 1 0 0 0.0 1.0 0
cell 16.769041222610838 5.914083368025751 0.0 1.6431676725154984 0.6085806194501846 1 0 0 -0.013618875977689633 0.9999072588080878 6.255946713172443
cell 49.62820907245397 59.580258969753444 0.0 1.6431676725154984 0.6085806194501846 1 0 0 0.34088668260533794 0.940104392938533 0.6957198221221295
cell 52.31750111700744 50.330047960015655 0.0 1.0 1.0 1 0 0 0.0 1.0 0
cell 42.014340040454464 5.23181976559398 0.0 1.0 1.0 1 0 0 0.0 1.0 0
cell 49.849159991739384 16.682379071088352 0.0 1.6431676725154984 0.6085806194501846 1 0 0 0.8906550309661184 0.45467968484939225 2.1975675713327676
cell 18.267837395496972 34.99150329663428 0.0 1.0 1.0 1 0 0 0.0 1.0 0
cell 60.25694574030348 33.98747754453859 0.0 1.0 1.0 1 0 0 0.0 1.0 0
cell 55.781984367564256 35.03304171218501 0.0 1.6431676725154984 0.6085806194501846 1 0 0 0.7122567367963852 0.7019190415483575 1.5854161658196524
cell 50.16071024115084 20.831979686818325 0.0 1.0 1.0 1 0 0 0.0 1.0 0
cell 60.29549343977293 50.05840896613512 0.0 1.0 1.0 1 0 0 0.0 1.0 0
cell 47.20010113063481 18.24845853468354 0.0 1.6431676725154984 0.6085806194501846 1 0 0 0.9939413814216672 0.10991146572395348 2.9213247023740774
cell 39.64832712164137 46.81797867569652 0.0 1.0 1.0 1 0 0 0.0 1.0 0
cell 42.79748816701201 16.30130212735552 0.0 1.0 1.0 1 0 0 0.0 1.0 0
cell 42.47213531578922 60.29478357815643 0.0 1.0 1.0 1 0 0 0.0 1.0 0
cell 20.545041992668537 56.823152231179236 0.0 1.0 1.0 1 0 0 0.0 1.0 0
cell 58.35071967481587 40.08180690428075 0.0 1.6431676725154984 0.6085806194501846 1 0 0 0.27122344312540747 0.9625164122752395 0.5493277846434496
cell 12.189219859605767 27.64537185466328 0.0 1.6431676725154984 0.6085806194501846 1 0 0 0.054930789275068025 -0.998490164393029 6.173268404241338
cell 40.56244665392618 13.19057063342001 0.0 1.0 1.0 1 0 0 0.0 1.0 0
cell 35.27723329340316 45.10534389240399 0.0 1.6431676725154984 0.6085806194501846 1 0 0 0.5527940466968652 0.8333179116858728 1.1714268833608985
cell 42.24253198796971 44.35996536262334 0.0 1.0 1.0 1 0 0 0.0 1.0 0
cell 12.444131343436798 0.7873770436970762 0.0 1.0 1.0 1 0 0 0.0 1.0 0
cell 59.767334748805126 43.46126908083307 0.0 1.0 1.0 1 0 0 0.0 1.0 0
cell 17.678546267106128 52.45165431330773 0.0 1.0 1.0 1 0 0 0.0 1.0 0
cell 37.1795980538654 43.47053935589712 0.0 1.6431676725154984 0.6085806194501846 1 0 0 0.6473069818183356 0.7622294085701737 1.4080920642479895
cell 8.489047504580812 45.304922021584666 0.0 1.0 1.0 1 0 0 0.0 1.0 0
cell 24.116925856534564 11.365910666110487 0.0 1.0 1.0 1 0 0 0.0 1.0 0
cell 25.369534899856703 19.982295250541608 0.0 1.0 1.0 1 0 0 0.0 1.0 0
cell 58.369534742811176 27.66705221866661 0.0 1.6431676725154984 0.6085806194501846 1 0 0 0.8931906703018422 -0.4496781365440685 4.074402561360356
cell 46.835079567773455 55.58698055849828 0.0 1.0 1.0 1 0 0 0.0 1.0 0
cell 34.239945965435176 6.169438123569301 0.0 1.0 1.0 1 0 0 0.0 1.0 0
cell 24.392037577106557 57.96536517652018 0.0 1.0 1.0 1 0 0 0.0 1.0 0
cell 52.09737190958052 31.224598365804123 0.0 1.6431676725154984 0.6085806194501846 1 0 0 0.6236644760236306 0.7816921525422718 1.3468437246403895
cell 13.360779240386828 26.052799335078717 0.0 1.0 1.0 1 0 0 0.0 1.0 0
cell 32.92214659843109 5.0070881507148695 0.0 1.6431676725154984 0.6085806194501846 1 0 0 0.13992553959403478 -0.9901620288464501 6.002412879006368
cell 41.69461042411384 7.282535968474684 0.0 1.0 1.0 1 0 0 0.0 1.0 0
cell 28.536775238295967 33.402706402803865 0.0 1.0 1.0 1 0 0 0.0 1.0 0
cell 35.82349536138392 4.999296674310111 0.0 1.0 1.0 1 0 0 0.0 1.0 0
cell 48.656425587631375 11.629599980689456 0.0 1.0 1.0 1 0 0 0.0 1.0 0
cell 0.11227814649143615 16.623353111609568 0.0 1.0 1.0 1 0 0 0.0 1.0 0
cell 17.909054411948397 38.372422729199826 0.0 1.6431676725154984 0.6085806194501846 1 0 0 0.08425902382983749 0.9964438854763689 0.16871808872845223
cell 53.530159304133 51.92253503177955 0.0 1.0 1.0 1 0 0 0.0 1.0 0
cell 37.32023774963141 4.262918943589605 0.0 1.6431676725154984 0.6085806194501846 1 0 0 0.5878659161508036 0.8089583825068978 1.256836480683988
cell 4.836996215721375 3.229111490813765 0.0 1.0 1.0 1 0 0 0.0 1.0 0
cell 25.659716051769912 12.62440264679676 0.0 1.0 1.0 1 0 0 0.0 1.0 0
cell 60.631445714714694 40.99572144518033 0.0 1.6431676725154984 0.6085806194501846 1 0 0 0.38222573577204605 0.924068983849971 0.7844074505509976
cell 49.50524182227027 23.711912860415804 0.0 1.0 1.0 1 0 0 0.0 1.0 0
cell 28.868313295124327 46.699583190824555 0.0 1.0 1.0 1 0 0 0.0 1.0 0
cell 2.832343824873169 0.2300469294194235 0.0 1.0 1.0 1 0 0 0.0 1.0 0
cell 58.37575453715953 12.494903271887798 0.0 1.0 1.0 1 0 0 0.0 1.0 0
cell 6.819417836027666 22.643237005020122 0.0 1.0 1.0 1 0 0 0.0 1.0 0
cell 29.20758272841649 48.67453527453702 0.0 1.0 1.0 1 0 0 0.0 1.0 0
cell 14.294496087404536 53.32528490378611 0.0 1.0 1.0 1 0 0 0.0 1.0 0
cell 43.62256961454265 45.77029186147817 0.0 1.0 1.0 1 0 0 0.0 1.0 0
cell 6.495452958882801 20.601981199375434 0.0 1.0 1.0 1 0 0 0.0 1.0 0
cell 47.3834454206165 5.9565971058612295 0.0 1.0 1.0 1 0 0 0.0 1.0 0
cell 59.269150505382214 24.534064879664907 0.0 1.0 1.0 1 0 0 0.0 1.0 0
cell 23.98240238104597 33.56633023758218 0.0 1.0 1.0 1 0 0 0.0 1.0 0
cell 51.68096116906776 33.88861065404735 0.0 1.6431676725154984 0.6085806194501846 1 0 0 0.6774728496386262 0.7355477809106078 1.4886428704168901
cell 45.59871287041968 52.170680961834634 0.0 1.6431676725154984 0.6085806194501846 1 0 0 0.6081155549681905 0.7938485194328511 1.3073692342374057
cell 45.357821988020554 58.35591456426306 0.0 1.0 1.0 1 0 0 0.0 1.0 0
cell 39.95525937648986 8.016940947664745 0.0 1.0 1.0 1 0 0 0.0 1.0 0
cell 9.531002607323193 29.21875750035988 0.0 1.6431676725154984 0.6085806194501846 1 0 0 0.27559654241305087 -0.961273398055918 5.724764862346724
cell 34.558879703853776 31.17887154335145 0.0 1.0 1.0 1 0 0 0.0 1.0 0
cell 1.7145015016097804 29.72518326154801 0.0 1.0 1.0 1 0 0 0.0 1.0 0
cell 46.24879960209481 9.708417736490267 0.0 1.0 1.0 1 0 0 0.0 1.0 0
cell 53.86625617099273 26.963719087575768 0.0 1.6431676725154984 0.6085806194501846 1 0 0 0.820417714455363 -0.5717646139871183 4.358902893233447
cell 52.49188109986043 22.93063131901809 0.0 1.6431676725154984 0.6085806194501846 1 0 0 0.6322497489113909 -0.774764644909332 4.914278173304241
cell 1.4670549421718395 38.82792804628952 0.0 1.0 1.0 1 0 0 0.0 1.0 0
cell 27.88657637639262 29.048831723592585 0.0 1.0 1.0 1 0 0 0.0 1.0 0
cell 36.7009388209664 16.573313476910222 0.0 1.0 1.0 1 0 0 0.0 1.0 0
cell 36.13655747515241 50.720311661897675 0.0 1.6431676725154984 0.6085806194501846 1 0 0 0.6035718496580528 0.7973086117058795 1.295946872810441
cell 17.794366558660183 27.70491989418392 0.0 1.6431676725154984 0.6085806194501846 1 0 0 -0.26812603509324184 0.9633838431825488 5.740290680957102
cell 40.0335778030657 2.0050660779963296 0.0 1.0 1.0 1 0 0 0.0 1.0 0
cell 11.172983373848085 47.8283220314974 0.0 1.0 1.0 1 0 0 0.0 1.0 0
cell 8.877471045726944 38.26683513728582 0.0 1.0 1.0 1 0 0 0.0 1.0 0
cell 34.354812773519555 13.832157622513533 0.0 1.0 1.0 1 0 0 0.0 1.0 0
cell 45.01220299214504 46.904038623892255 0.0 1.6431676725154984 0.6085806194501846 1 0 0 0.999988740102904 -0.004745489164114353 3.151083667540662
cell 42.68403219188948 10.713084689909952 0.0 1.0 1.0 1 0 0 0.0 1.0 0
cell 57.742155959876165 43.296068476233195 0.0 1.0 1.0 1 0 0 0.0 1.0 0
cell 29.875977958586905 39.00004231374378 0.0 1.0 1.0 1 0 0 0.0 1.0 0
cell 52.75377640901232 8.770292337560067 0.0 1.0 1.0 1 0 0 0.0 1.0 0
cell 2.232623438401813 59.52924544024904 0.0 1.0 1.0 1 0 0 0.0 1.0 0
cell 29.31353333133472 20.441703948332886 0.0 1.0 1.0 1 0 0 0.0 1.0 0
cell 17.514331185492964 4.532961990784218 0.0 1.0 1.0 1 0 0 0.0 1.0 0
cell 5.103201561850629 60.92157838479505 0.0 1.0 1.0 1 0 0 0.0 1.0 0
cell 30.510850538393875 33.813567774289446 0.0 1.0 1.0 1 0 0 0.0 1.0 0
cell 21.576839444082733 53.520939180403246 0.0 1.0 1.0 1 0 0 0.0 1.0 0
cell 0.8527080490968495 56.82151162273426 0.0 1.0 1.0 1 0 0 0.0 1.0 0
cell 21.721310844535683 4.6477616454128325 0.0 1.0 1.0 1 0 0 0.0 1.0 0
cell 60.697363931830125 22.443907179727017 0.0 1.0 1.0 1 0 0 0.0 1.0 0
cell 31.88586862129711 43.3187161198201 0.0 1.6431676725154984 0.6085806194501846 1 0 0 0.6861643872420536 -0.7274465160276301 4.770779021227659
cell 37.020527667448164 36.015267414702535 0.0 1.0 1.0 1 0 0 0.0 1.0 0
cell 42.11376353436768 1.85694611301035 0.0 1.6431676725154984 0.6085806194501846 1 0 0 0.9637043051450024 0.2669719315676991 2.6010935657106207
cell 44.3485756849871 17.417265065568028 0.0 1.0 1.0 1 0 0 0.0 1.0 0
cell 33.35308677470438 55.81821428722863 0.0 1.0 1.0 1 0 0 0.0 1.0 0
cell 56.10394907814866 56.81683635278817 0.0 1.0 1.0 1 0 0 0.0 1.0 0
cell 43.537959774493515 34.01047937942755 0.0 1.6431676725154984 0.6085806194501846 1 0 0 0.553249940511063 0.8330153079772936 1.1725212474351265
cell 40.27957993346345 4.0087324208182284 0.0 1.0 1.0 1 0 0 0.0 1.0 0
cell 16.28475513840861 0.8504403810946953 0.0 1.0 1.0 1 0 0 0.0 1.0 0
cell 51.683692186696256 38.41110221904273 0.0 1.0 1.0 1 0 0 0.0 1.0 0
cell 32.63629078265212 27.551250755181652 0.0 1.0 1.0 1 0 0 0.0 1.0 0
cell 55.90937291935056 9.668002726438937 0.0 1.0 1.0 1 0 0 0.0 1.0 0
cell 58.62138840461045 32.741375681712576 0.0 1.0 1.0 1 0 0 0.0 1.0 0
cell 42.45977416051034 18.267136743439394 0.0 1.0 1.0 1 0 0 0.0 1.0 0
cell 34.974381144278354 9.981814099259152 0.0 1.0 1.0 1 0 0 0.0 1.0 0
cell 43.51850622417858 28.482648952828377 0.0 1.6431676725154984 0.6085806194501846 1 0 0 0.861705223580384 -0.5074092112430364 4.205943725611129
cell 54.876279317174884 45.131546258144 0.0 1.0 1.0 1 0 0 0.0 1.0 0
cell 13.775290591238713 40.3297668625662 0.0 1.0 1.0 1 0 0 0.0 1.0 0
cell 18.8405850758161 10.88867762727011 0.0 1.0 1.0 1 0 0 0.0 1.0 0
cell 28.039030698526304 39.32309372918991 0.0 1.0 1.0 1 0 0 0.0 1.0 0
cell 14.152216946432466 46.54092289258619 0.0 1.0 1.0 1 0 0 0.0 1.0 0
cell 26.593987376829865 37.99917727889277 0.0 1.0 1.0 1 0 0 0.0 1.0 0
cell 41.29384112188591 20.9179803726991 0.0 1.0 1.0 1 0 0 0.0 1.0 0
cell 12.297114486847896 4.237049615721389 0.0 1.6431676725154984 0.6085806194501846 1 0 0 0.8836898068103916 0.4680729914654475 2.167374900845115
cell 17.290590343804183 44.99506888632218 0.0 1.0 1.0 1 0 0 0.0 1.0 0
cell 18.37861635300809 24.288064756751346 0.0 1.6431676725154984 0.6085806194501846 1 0 0 -0.31571997570989785 0.9488524105137435 5.640754618916523
cell 39.596538243197784 60.54686930814826 0.0 1.6431676725154984 0.6085806194501846 1 0 0 0.6226362022401789 0.7825114437884771 1.344214211096904
cell 22.58079138505339 10.210080417455092 0.0 1.0 1.0 1 0 0 0.0 1.0 0
cell 9.492111412329193 8.401451637006806 0.0 1.6431676725154984 0.6085806194501846 1 0 0 0.7280809917085392 0.6854911155607416 1.6310366154132323
cell 49.20731245298978 9.712041802420144 0.0 1.0 1.0 1 0 0 0.0 1.0 0
cell 36.91027611324767 23.963087872212103 0.0 1.0 1.0 1 0 0 0.0 1.0 0
cell 2.074208897223592 55.251886840990274 0.0 1.0 1.0 1 0 0 0.0 1.0 0
cell 27.683506047724716 10.127225884226737 0.0 1.0 1.0 1 0 0 0.0 1.0 0
cell 5.511980577320703 5.934816855467184 0.0 1.0 1.0 1 0 0 0.0 1.0 0
cell 1.8487594314847244 42.88141151238623 0.0 1.0 1.0 1 0 0 0.0 1.0 0
cell 37.433116625189264 22.45177502014877 0.0 1.6431676725154984 0.6085806194501846 1 0 0 0.9608179387654361 0.2771802455921755 2.579876417780927
cell 10.679245980293933 41.896861938484875 0.0 1.0 1.0 1 0 0 0.0 1.0 0
cell 34.51169365674318 11.845698084790243 0.0 1.0 1.0 1 0 0 0.0 1.0 0
cell 20.73204883731426 17.55429809925858 0.0 1.0 1.0 1 0 0 0.0 1.0 0
cell 28.818747684156527 54.01860015122522 0.0 1.0 1.0 1 0 0 0.0 1.0 0
cell 27.832939441721102 16.938481873878974 0.0 1.0 1.0 1 0 0 0.0 1.0 0
cell 43.03234952943315 8.781780049157085 0.0 1.0 1.0 1 0 0 0.0 1.0 0
cell 59.64614609722072 8.863301951612584 0.0 1.0 1.0 1 0 0 0.0 1.0 0
cell 28.443067585483536 37.34450715486028 0.0 1.0 1.0 1 0 0 0.0 1.0 0
cell 52.27571696054782 57.59417369172018 0.0 1.0 1.0 1 0 0 0.0 1.0 0
cell 35.21249495439833 29.544976881368214 0.0 1.6431676725154984 0.6085806194501846 1 0 0 0.990819435402406 0.13519188743729177 2.870378402981732
cell 4.8089842901729485 41.55629242921225 0.0 1.0 1.0 1 0 0 0.0 1.0 0
cell 27.745452692073652 25.398267849934516 0.0 1.0 1.0 1 0 0 0.0 1.0 0
cell 6.827294166486745 31.384877067465958 0.0 1.0 1.0 1 0 0 0.0 1.0 0
cell 36.931753383408655 46.23433378344931 0.0 1.6431676725154984 0.6085806194501846 1 0 0 0.5616777067846676 0.8273561226588687 1.1928244006726945
cell 30.687776411418543 54.77499085378779 0.0 1.0 1.0 1 0 0 0.0 1.0 0
cell 53.05007650253382 34.08326873106617 0.0 1.6431676725154984 0.6085806194501846 1 0 0 0.572437858945958 0.8199481066783235 1.2189519342275417
cell 54.15175003055476 10.235359524911699 0.0 1.0 1.0 1 0 0 0.0 1.0 0
cell 54.1583399638108 57.144010810682786 0.0 1.0 1.0 1 0 0 0.0 1.0 0
cell 9.264155338813254 52.87214676660319 0.0 1.0 1.0 1 0 0 0.0 1.0 0
cell 49.62314079989613 18.416146053130568 0.0 1.6431676725154984 0.6085806194501846 1 0 0 0.9651627921924216 0.2616501186075182 2.612129680047131
cell 22.443072168561375 26.55475133299658 0.0 1.0 1.0 1 0 0 0.0 1.0 0
cell 2.899620183302981 19.56553692038518 0.0 1.0 1.0 1 0 0 0.0 1.0 0
cell 48.33450303107683 4.274700490460742 0.0 1.0 1.0 1 0 0 0.0 1.0 0
cell 2.5847630648845628 34.928291531727034 0.0 1.0 1.0 1 0 0 0.0 1.0 0
cell 25.06366889409384 40.96509106910702 0.0 1.0 1.0 1 0 0 0.0 1.0 0
cell 56.05099242298105 12.812525186316927 0.0 1.0 1.0 1 0 0 0.0 1.0 0
cell 45.719215613111615 24.811493000354808 0.0 1.0 1.0 1 0 0 0.0 1.0 0
cell 6.2326663812298655 48.62294519628033 0.0 1.0 1.0 1 0 0 0.0 1.0 0
cell 36.22273935822287 14.617929120302486 0.0 1.0 1.0 1 0 0 0.0 1.0 0
cell 26.670020550222254 36.39680047643733 0.0 1.0 1.0 1 0 0 0.0 1.0 0
cell 51.835169083345335 4.064048043992657 0.0 1.6431676725154984 0.6085806194501846 1 0 0 -0.06931412278095224 0.9975948838998259 6.1444458155780195
cell 12.278657872731953 50.10989096140135 0.0 1.0 1.0 1 0 0 0.0 1.0 0
cell 50.27946719332541 35.10049508948214 0.0 1.0 1.0 1 0 0 0.0 1.0 0
cell 10.374579725789319 1.099135534631307 0.0 1.6431676725154984 0.6085806194501846 1 0 0 0.19046424069354528 0.9816941341461867 0.38327004469635767
cell 57.10013000329264 14.141534818869648 0.0 1.6431676725154984 0.6085806194501846 1 0 0 0.24024985524075343 -0.9707110832048829 5.797938833425798
cell 56.91328511345874 19.6062871918275 0.0 1.6431676725154984 0.6085806194501846 1 0 0 0.36945796701793115 -0.9292474431533171 5.526334007507697
cell 25.874131343502963 49.41274670179619 0.0 1.0 1.0 1 0 0 0.0 1.0 0
cell 6.6653377641062175 59.713461121259975 0.0 1.0 1.0 1 0 0 0.0 1.0 0
cell 18.781498713498802 3.073331175745404 0.0 1.0 1.0 1 0 0 0.0 1.0 0
cell 8.351107420674118 4.295156594593932 0.0 1.0 1.0 1 0 0 0.0 1.0 0
cell 18.184508239398145 54.33875376894269 0.0 1.0 1.0 1 0 0 0.0 1.0 0
cell 5.066297589078167 55.0185044401173 0.0 1.6431676725154984 0.6085806194501846 1 0 0 0.9884234766288024 -0.15172023875881357 3.446209508853795
cell 9.246314551503232 12.979961352862654 0.0 1.6431676725154984 0.6085806194501846 1 0 0 0.3651308505752971 -0.9309562083998152 5.53563859872145
cell 59.09042812245267 10.76802756157411 0.0 1.0 1.0 1 0 0 0.0 1.0 0
cell 9.596466991259561 43.57802998325875 0.0 1.0 1.0 1 0 0 0.0 1.0 0
cell 0.05385207536690624 14.592988165486492 0.0 1.0 1.0 1 0 0 0.0 1.0 0
cell 38.847373929981806 38.55385599495808 0.0 1.6431676725154984 0.6085806194501846 1 0 0 0.7879727479089808 0.6157101173058389 1.815018963979222
cell 4.188520037390092 21.02511237677748 0.0 1.6431676725154984 0.6085806194501846 1 0 0 0.9895154142509394 -0.14442729991172706 3.4314610131711407
cell 32.92194345318073 53.99236358626555 0.0 1.6431676725154984 0.6085806194501846 1 0 0 0.40832806395187704 -0.9128352492039907 5.441941858240617
cell 37.235620273775666 25.291891082927858 0.0 1.6431676725154984 0.6085806194501846 1 0 0 0.997952068190011 -0.06396615976654835 3.2696123769481438
cell 18.37357277916366 43.301114690936025 0.0 1.0 1.0 1 0 0 0.0 1.0 0
cell 20.83810227485052 32.27076772763249 0.0 1.0 1.0 1 0 0 0.0 1.0 0
cell 19.60110693344981 60.099407760452266 0.0 1.0 1.0 1 0 0 0.0 1.0 0
cell 1.2859691227195977 58.46728636147378 0.0 1.6431676725154984 0.6085806194501846 1 0 0 0.8718513108454097 0.48977065222116045 2.117939303333421
cell 33.61215206994248 38.249885583633564 0.0 1.6431676725154984 0.6085806194501846 1 0 0 0.5844587276330946 -0.8114234379739743 5.034759642892495
cell 9.067348438353 50.60268910683744 0.0 1.0 1.0 1 0 0 0.0 1.0 0
cell 29.36011932694646 7.072504829776114 0.0 1.6431676725154984 0.6085806194501846 1 0 0 0.9011106916275131 0.4335891159088116 2.2446487152697543
cell 13.95744770114331 7.50897846666899 0.0 1.6431676725154984 0.6085806194501846 1 0 0 0.20376331546667092 -0.9790201791944995 5.872784597413573
cell 21.00007948807616 30.558208018833145 0.0 1.6431676725154984 0.6085806194501846 1 0 0 0.4314629839309658 0.9021306410367553 0.8922276955097301
cell 10.8716158640397 38.421485213399514 0.0 1.0 1.0 1 0 0 0.0 1.0 0
cell 46.72572049311329 7.793508962211176 0.0 1.0 1.0 1 0 0 0.0 1.0 0
cell 12.834090487704337 54.6571182940628 0.0 1.0 1.0 1 0 0 0.0 1.0 0
cell 20.09439719382813 5.798382069813478 0.0 1.6431676725154984 0.6085806194501846 1 0 0 -0.07432224245708999 -0.9972342775276778 0.14878167316013258
cell 43.26812840629073 40.55121233400467 0.0 1.0 1.0 1 0 0 0.0 1.0 0
cell 5.865880660796885 36.47008639180509 0.0 1.0 1.0 1 0 0 0.0 1.0 0
cell 41.70893792785582 39.28972853804917 0.0 1.0 1.0 1 0 0 0.0 1.0 0
cell 26.86003053397527 53.40393010157773 0.0 1.0 1.0 1 0 0 0.0 1.0 0
cell 16.701169446014887 55.75219019500275 0.0 1.0 1.0 1 0 0 0.0 1.0 0
cell 9.161910155386769 16.459147569834865 0.0 1.6431676725154984 0.6085806194501846 1 0 0 0.6025778688853627 0.7980600929313373 1.2934547074791636
cell 15.283988680327989 57.16928033107255 0.0 1.0 1.0 1 0 0 0.0 1.0 0
cell 40.33328274720467 44.948650760648015 0.0 1.0 1.0 1 0 0 0.0 1.0 0
cell 33.804858846432346 57.41298317136987 0.0 1.6431676725154984 0.6085806194501846 1 0 0 0.1594198857202972 -0.9872108690836662 5.96297931621282
cell 42.771475768989816 42.424682125018634 0.0 1.0 1.0 1 0 0 0.0 1.0 0
cell 19.529903114369468 28.178096993519308 0.0 1.0 1.0 1 0 0 0.0 1.0 0
cell 56.3120391442447 2.3155156285352714 0.0 1.0 1.0 1 0 0 0.0 1.0 0
cell 13.372307869351168 23.865400758894307 0.0 1.6431676725154984 0.6085806194501846 1 0 0 0.4676922360380537 -0.883891380402437 5.309829196150172
cell 46.76178420497892 51.9815907620803 0.0 1.6431676725154984 0.6085806194501846 1 0 0 0.5924772136469921 0.8055872090029089 1.2682608343397586
cell 53.6827034490629 23.890053195879016 0.0 1.6431676725154984 0.6085806194501846 1 0 0 0.7193222932644905 -0.6946764991078325 4.677532799533291
cell 19.254872636748217 9.181026785102796 0.0 1.0 1.0 1 0 0 0.0 1.0 0
cell 3.493541343931983 33.18160217170094 0.0 1.0 1.0 1 0 0 0.0 1.0 0
cell 24.793313169130407 2.5930259155270816 0.0 1.0 1.0 1 0 0 0.0 1.0 0
cell 52.448371513305595 26.149260234656225 0.0 1.6431676725154984 0.6085806194501846 1 0 0 0.7799962546379973 -0.6257841822471198 4.49386564289534
cell 19.49596131294027 44.966003822517735 0.0 1.0 1.0 1 0 0 0.0 1.0 0
cell 19.240627146673766 50.97456370690963 0.0 1.0 1.0 1 0 0 0.0 1.0 0
cell 52.08659907726663 12.705791721336706 0.0 1.0 1.0 1 0 0 0.0 1.0 0
cell 46.573242582622875 41.48240785660491 0.0 1.0 1.0 1 0 0 0.0 1.0 0
cell 42.871463211749045 58.381216557551035 0.0 1.6431676725154984 0.6085806194501846 1 0 0 0.5349754452441075 0.844867606779825 1.1289573668610644
cell 9.979925615021898 58.631401744749105 0.0 1.0 1.0 1 0 0 0.0 1.0 0
cell 38.35011332287149 45.5940140852729 0.0 1.0 1.0 1 0 0 0.0 1.0 0
cell 15.446335131706753 35.67418230948023 0.0 1.0 1.0 1 0 0 0.0 1.0 0
cell 31.30082185622646 20.59714045227915 0.0 1.0 1.0 1 0 0 0.0 1.0 0
cell 3.1336105499031213 26.96642906102608 0.0 1.6431676725154984 0.6085806194501846 1 0 0 0.7118088819067301 0.7023732025345861 1.584140491539292
cell 34.0025384168102 22.507130772168246 0.0 1.0 1.0 1 0 0 0.0 1.0 0
cell 54.632422702464204 8.261356279552814 0.0 1.0 1.0 1 0 0 0.0 1.0 0
cell 59.038939238523064 30.703283721587308 0.0 1.0 1.0 1 0 0 0.0 1.0 0
cell 14.225300744519513 14.043100276229213 0.0 1.0 1.0 1 0 0 0.0 1.0 0
cell 28.958847532656332 58.64694943405262 0.0 1.6431676725154984 0.6085806194501846 1 0 0 0.9984297796021067 -0.05601763297113387 3.2536865964079213
cell 34.75658114986897 8.099739791590418 0.0 1.0 1.0 1 0 0 0.0 1.0 0
cell 31.946563142256853 35.61926312284392 0.0 1.6431676725154984 0.6085806194501846 1 0 0 0.9522865686964337 -0.3052053261009259 3.7619007247987883
cell 16.22250837334315 53.829903957193245 0.0 1.0 1.0 1 0 0 0.0 1.0 0
cell 50.94501991522958 58.69296160110202 0.0 1.6431676725154984 0.6085806194501846 1 0 0 0.7817961449731935 -0.6235341110998286 4.488102854982949
cell 35.2306994308436 52.33075213677779 0.0 1.0 1.0 1 0 0 0.0 1.0 0
cell 16.73959771701223 26.40041174427792 0.0 1.0 1.0 1 0 0 0.0 1.0 0
cell 2.4160760367302014 6.1449837474268305 0.0 1.0 1.0 1 0 0 0.0 1.0 0
cell 18.18933624117517 20.702465288589394 0.0 1.0 1.0 1 0 0 0.0 1.0 0
cell 30.105530235276373 52.54396468232202 0.0 1.0 1.0 1 0 0 0.0 1.0 0
