1000
 Lattice="59.74940712514713 0.0 0.0 0.0 59.74940712514713 0.0 0.0 0.0 1.0"Properties=species:S:1:pos:R:3:aspherical_shape:R:3:orientation:R:4:Color:R:1
cell 59.579151497861716 43.56564702941007 0.0 1.0 1.0 1 0 0 0.0 1.0 0
cell 51.273635372893686 51.027610813899315 0.0 1.6431676725154984 0.6085806194501846 1 0 0 0.16674817196747402 0.9859995168079474 0.33506148251878154
cell 54.54935703775117 6.145603048669425 0.0 1.0 1.0 1 0 0 0.0 1.0 0
cell 57.89018703824048 1.1339179731709197 0.0 1.0 1.0 1 0 0 0.0 1.0 0
cell 43.849545359763404 19.491416975012665 0.0 1.6431676725154984 0.6085806194501846 1 0 0 0.44004183747278103 -0.897977272136427 5.371894779866549
cell 6.013782188017264 41.74869574338767 0.0 1.0 1.0 1 0 0 0.0 1.0 0
cell 41.99972841376652 13.288776247309443 0.0 1.0 1.0 1 0 0 0.0 1.0 0
cell 42.6490692543397 35.48615764994716 0.0 1.6431676725154984 0.6085806194501846 1 0 0 0.7384426446202457 -0.674316291221158 4.6216695156054515
cell 14.972831687410524 7.131202465511766 0.0 1.0 1.0 1 0 0 0.0 1.0 0
cell 53.22797079422459 34.210104732435425 0.0 1.0 1.0 1 0 0 0.0 1.0 0
cell 1.379270409424179 7.563034601700269 0.0 1.0 1.0 1 0 0 0.0 1.0 0
cell 3.888595184148959 53.51996729885567 0.0 1.0 1.0 1 0 0 0.0 1.0 0
cell 57.07967928441143 16.276125777313624 0.0 1.0 1.0 1 0 0 0.0 1.0 0
cell 30.374725471451427 20.498877230874736 0.0 1.0 1.0 1 0 0 0.0 1.0 0
cell 12.998468880048856 41.44533451588489 0.0 1.0 1.0 1 0 0 0.0 1.0 0
cell 46.36926890469474 7.940541719190348 0.0 1.0 1.0 1 0 0 0.0 1.0 0
cell 28.660199058013355 17.241907192948428 0.0 1.0 1.0 1 0 0 0.0 1.0 0
cell 6.402118235262618 2.2537067624194655 0.0 1.0 1.0 1 0 0 0.0 1.0 0
cell 17.49599308078844 11.421859429507768 0.0 1.0 1.0 1 0 0 0.0 1.0 0
cell 38.92711653284005 15.07715823247163 0.0 1.0 1.0 1 0 0 0.0 1.0 0
cell 19.96765765732075 4.117491582170181 0.0 1.0 1.0 1 0 0 0.0 1.0 0
cell 27.84227873706484 15.33798784632092 0.0 1.0 1.0 1 0 0 0.0 1.0 0
cell 13.784583596953889 34.278649114260084 0.0 1.0 1.0 1 0 0 0.0 1.0 0
cell 15.511582129420622 34.21762568156582 0.0 1.0 1.0 1 0 0 0.0 1.0 0
cell 20.415881258741198 39.75987116021077 0.0 1.0 1.0 1 0 0 0.0 1.0 0
cell 41.853773172699576 40.44451094005071 0.0 1.0 1.0 1 0 0 0.0 1.0 0
cell 33.30283957916852 33.88721304508945 0.0 1.6431676725154984 0.6085806194501846 1 0 0 0.37821820137239404 0.9257164750346788 0.7757415198931097
cell 51.806442956885896 18.849177004609107 0.0 1.6431676725154984 0.6085806194501846 1 0 0 0.8980168841873334 -0.43996099340108935 4.052703126705321
cell 57.730340466031784 18.160722445717102 0.0 1.0 1.0 1 0 0 0.0 1.0 0
cell 6.3641870479319795 7.9248766292195985 0.0 1.0 1.0 1 0 0 0.0 1.0 0
cell 53.09993605790879 36.224764949883856 0.0 1.0 1.0 1 0 0 0.0 1.0 0
cell 27.634181096835906 0.04246821693824694 0.0 1.6431676725154984 0.6085806194501846 1 0 0 0.9255967512747314 0.3785111015936824 2.3652182851550494
cell 49.780737427670715 2.3496967739028847 0.0 1.0 1.0 1 0 0 0.0 1.0 0
cell 52.51544282699285 48.50133705114758 0.0 1.0 1.0 1 0 0 0.0 1.0 0
cell 2.6986970532566605 25.453984341809218 0.0 1.0 1.0 1 0 0 0.0 1.0 0
cell 53.11633613400854 45.051182460633235 0.0 1.0 1.0 1 0 0 0.0 1.0 0
cell 42.60708631582428 24.632773249245364 0.0 1.6431676725154984 0.6085806194501846 1 0 0 -0.13239061393726564 0.9911976217391333 6.017624432004825
cell 18.398844547825224 51.81239395698912 0.0 1.0 1.0 1 0 0 0.0 1.0 0
cell 4.771770600874396 1.363372070785687 0.0 1.0 1.0 1 0 0 0.0 1.0 0
cell 18.016343433214658 40.35970059838312 0.0 1.0 1.0 1 0 0 0.0 1.0 0
cell 7.001901651658966 52.906079591934166 0.0 1.0 1.0 1 0 0 0.0 1.0 0
cell 23.860887654044934 30.684073347542924 0.0 1.0 1.0 1 0 0 0.0 1.0 0
cell 3.5205171956397074 39.60693170337853 0.0 1.0 1.0 1 0 0 0.0 1.0 0
cell 46.0029931575155 9.989193222382012 0.0 1.0 1.0 1 0 0 0.0 1.0 0
cell 3.0103048871698435 6.3918085954510735 0.0 1.0 1.0 1 0 0 0.0 1.0 0
cell 23.245524940917168 32.47438275059602 0.0 1.0 1.0 1 0 0 0.0 1.0 0
cell 7.732489051774295 15.031855737147154 0.0 1.0 1.0 1 0 0 0.0 1.0 0
cell 27.64521060405113 43.17147099416209 0.0 1.6431676725154984 0.6085806194501846 1 0 0 0.8350717124492776 -0.5501411046877257 4.3066590567971605
cell 32.18690250550273 29.124470221490505 0.0 1.6431676725154984 0.6085806194501846 1 0 0 0.20889487614205274 0.9779381016821036 0.42088953615345465
cell 23.11589202544044 37.72515619000014 0.0 1.0 1.0 1 0 0 0.0 1.0 0
cell 51.68640674738997 31.125496985937794 0.0 1.0 1.0 1 0 0 0.0 1.0 0
cell 14.844152650462881 14.459080854212408 0.0 1.0 1.0 1 0 0 0.0 1.0 0
cell 27.220238431620455 4.509607069134432 0.0 1.6431676725154984 0.6085806194501846 1 0 0 0.3905687631948601 0.9205737565325427 0.802498694675993
cell 28.883868554051322 42.00456380651086 0.0 1.0 1.0 1 0 0 0.0 1.0 0
cell 59.109280302739165 48.664657153360466 0.0 1.0 1.0 1 0 0 0.0 1.0 0
cell 28.709339257472394 13.583613647524638 0.0 1.0 1.0 1 0 0 0.0 1.0 0
cell 19.950641929173752 31.359434535035824 0.0 1.0 1.0 1 0 0 0.0 1.0 0
cell 13.631511091747814 37.88069950304568 0.0 1.0 1.0 1 0 0 0.0 1.0 0
cell 24.538755695009648 54.81490000891334 0.0 1.0 1.0 1 0 0 0.0 1.0 0
cell 13.435635876080982 26.29280977476781 0.0 1.0 1.0 1 0 0 0.0 1.0 0
cell 3.040994631494945 23.56267551134328 0.0 1.0 1.0 1 0 0 0.0 1.0 0
cell 50.86408807207439 53.45751438416927 0.0 1.6431676725154984 0.6085806194501846 1 0 0 -0.598383581492017 -0.8012097661666304 1.282964225830466
cell 9.679892365860681 15.351363945153846 0.0 1.0 1.0 1 0 0 0.0 1.0 0
cell 24.386883467919283 39.335673800084436 0.0 1.0 1.0 1 0 0 0.0 1.0 0
cell 43.12430925950361 54.7213384950683 0.0 1.6431676725154984 0.6085806194501846 1 0 0 0.15820807140190166 -0.9874057960855257 5.965434099842755
cell 23.787286745117942 18.1039725513521 0.0 1.0 1.0 1 0 0 0.0 1.0 0
cell 11.35075150706416 48.122857202119434 0.0 1.0 1.0 1 0 0 0.0 1.0 0
cell 8.873232095293536 29.09359142436324 0.0 1.0 1.0 1 0 0 0.0 1.0 0
cell 51.84869024480733 9.890218404203587 0.0 1.0 1.0 1 0 0 0.0 1.0 0
cell 35.46921969547089 30.237414099659595 0.0 1.6431676725154984 0.6085806194501846 1 0 0 0.24712335934442978 -0.9689840273535596 5.783764491703646
cell 8.310117740204417 49.39474314590649 0.0 1.0 1.0 1 0 0 0.0 1.0 0
cell 36.15840177543852 45.298917879488016 0.0 1.6431676725154984 0.6085806194501846 1 0 0 0.65500721686064 0.7556226213265975 1.4283843426326615
cell 59.363701994178115 0.5447841640033922 0.0 1.0 1.0 1 0 0 0.0 1.0 0
cell 38.81986023629101 57.967910931460224 0.0 1.6431676725154984 0.6085806194501846 1 0 0 -0.17190061926586922 0.9851142964631112 5.937667938190112
cell 50.01326924040784 30.01304875402969 0.0 1.0 1.0 1 0 0 0.0 1.0 0
cell 53.094377406084405 5.343139903677632 0.0 1.0 1.0 1 0 0 0.0 1.0 0
cell 14.996738219375867 5.165270209045248 0.0 1.0 1.0 1 0 0 0.0 1.0 0
cell 48.33818880342913 41.479586273614714 0.0 1.0 1.0 1 0 0 0.0 1.0 0
cell 13.249230638001947 4.202125774241937 0.0 1.0 1.0 1 0 0 0.0 1.0 0
cell 45.6821349247064 11.959149246396834 0.0 1.0 1.0 1 0 0 0.0 1.0 0
cell 9.572124978165954 47.855710166401806 0.0 1.0 1.0 1 0 0 0.0 1.0 0
cell 36.73281814384996 27.748956166580633 0.0 1.6431676725154984 0.6085806194501846 1 0 0 -0.21775106881548706 0.9760043401695061 5.84416600048776
cell 41.68760985220795 57.47706719098972 0.0 1.6431676725154984 0.6085806194501846 1 0 0 0.22766892698149535 -0.9737385992591104 5.823819169271999
cell 9.12666960666859 35.82588242112067 0.0 1.6431676725154984 0.6085806194501846 1 0 0 0.1380910485416688 0.9904195385353939 0.2770674749252148
cell 54.4950786033416 55.33136173146604 0.0 1.6431676725154984 0.6085806194501846 1 0 0 -0.6113456808735841 -0.7913636701777597 1.3155198691013341
cell 8.177879517554318 21.99016281184964 0.0 1.0 1.0 1 0 0 0.0 1.0 0
cell 1.5806219312356342 51.373699875704716 0.0 1.0 1.0 1 0 0 0.0 1.0 0
cell 5.82496395162935 56.18356342521854 0.0 1.0 1.0 1 0 0 0.0 1.0 0
cell 29.39816421242675 5.35434702375087 0.0 1.0 1.0 1 0 0 0.0 1.0 0
cell 23.468169553948364 12.30381503164749 0.0 1.0 1.0 1 0 0 0.0 1.0 0
cell 8.552210559323074 11.960976290545728 0.0 1.0 1.0 1 0 0 0.0 1.0 0
cell 44.19434906103067 10.667473419707544 0.0 1.0 1.0 1 0 0 0.0 1.0 0
cell 49.272279818324286 13.301628546343734 0.0 1.6431676725154984 0.6085806194501846 1 0 0 0.3912043102556654 -0.9203038561461041 5.479305647183189
cell 2.1454936411887506 46.19617208912755 0.0 1.0 1.0 1 0 0 0.0 1.0 0
cell 5.9705616851105745 36.47160447284843 0.0 1.0 1.0 1 0 0 0.0 1.0 0
cell 25.69857430731385 1.3128785118102195 0.0 1.6431676725154984 0.6085806194501846 1 0 0 0.756914313794335 0.6535141326499763 1.7171568657091365
cell 20.79079551218102 20.806146415464678 0.0 1.0 1.0 1 0 0 0.0 1.0 0
cell 11.116578921083843 35.83868108856302 0.0 1.0 1.0 1 0 0 0.0 1.0 0
cell 31.79366096745383 15.99409506651877 0.0 1.0 1.0 1 0 0 0.0 1.0 0
cell 9.449896809548642 57.925635547608834 0.0 1.0 1.0 1 0 0 0.0 1.0 0
cell 48.05751573899711 50.68321864555433 0.0 1.6431676725154984 0.6085806194501846 1 0 0 0.07645216184514665 -0.9970732505434109 6.130131637753551
cell 5.620320884471994 19.7560760959096 0.0 1.0 1.0 1 0 0 0.0 1.0 0
cell 39.17202666891499 27.717496351592704 0.0 1.6431676725154984 0.6085806194501846 1 0 0 0.4339988350210149 -0.9009134315795285 5.385331904663444
cell 39.333665973347316 8.386253148143936 0.0 1.0 1.0 1 0 0 0.0 1.0 0
cell 29.84961185468725 25.963333809273546 0.0 1.6431676725154984 0.6085806194501846 1 0 0 0.14476334850726486 0.9894663071216544 0.29054759494502674
cell 3.0088954233200105 8.33217867322822 0.0 1.0 1.0 1 0 0 0.0 1.0 0
cell 20.124591049995715 18.930572551665254 0.0 1.0 1.0 1 0 0 0.0 1.0 0
cell 12.641020379166642 32.703123039453345 0.0 1.0 1.0 1 0 0 0.0 1.0 0
cell 49.35544148035829 21.745505968806274 0.0 1.0 1.0 1 0 0 0.0 1.0 0
cell 39.824314639766605 22.912335180940886 0.0 1.6431676725154984 0.6085806194501846 1 0 0 -0.19073185496612563 0.9816421748790038 5.899370038988521
cell 40.51423118147777 16.068684743288394 0.0 1.0 1.0 1 0 0 0.0 1.0 0
cell 44.83665116028399 24.067026879839453 0.0 1.6431676725154984 0.6085806194501846 1 0 0 0.4605979772216154 -0.887608868465923 5.3258477564570095
cell 14.940789255540833 3.1665820667267566 0.0 1.0 1.0 1 0 0 0.0 1.0 0
cell 48.154914619122444 39.68963954834213 0.0 1.0 1.0 1 0 0 0.0 1.0 0
cell 59.427756883710366 8.856803596529359 0.0 1.0 1.0 1 0 0 0.0 1.0 0
cell 25.432865667010155 6.827362471662154 0.0 1.0 1.0 1 0 0 0.0 1.0 0
cell 0.6409447057480323 20.62576096664355 0.0 1.0 1.0 1 0 0 0.0 1.0 0
cell 13.140993522891481 2.2771758556086223 0.0 1.0 1.0 1 0 0 0.0 1.0 0
cell 10.918999661623953 55.38684411161759 0.0 1.0 1.0 1 0 0 0.0 1.0 0
cell 6.56356708150028 38.404573018379864 0.0 1.0 1.0 1 0 0 0.0 1.0 0
cell 19.51105930876323 27.10348042622502 0.0 1.0 1.0 1 0 0 0.0 1.0 0
cell 31.280653668050487 10.798956898409157 0.0 1.0 1.0 1 0 0 0.0 1.0 0
cell 11.530621990247866 20.88430823317497 0.0 1.0 1.0 1 0 0 0.0 1.0 0
cell 53.871545541811685 47.25183351539112 0.0 1.0 1.0 1 0 0 0.0 1.0 0
cell 49.78740811639534 43.63326421372857 0.0 1.6431676725154984 0.6085806194501846 1 0 0 0.9739888771847656 0.22659582326327132 2.684430322164628
cell 39.183411311375416 34.240005784198516 0.0 1.6431676725154984 0.6085806194501846 1 0 0 0.6610973972836419 -0.7503000941655242 4.8386244445736075
cell 16.723097611888168 6.118179668125085 0.0 1.0 1.0 1 0 0 0.0 1.0 0
cell 2.6037876363818504 28.907448186029185 0.0 1.0 1.0 1 0 0 0.0 1.0 0
cell 40.09194358716803 27.962343063849627 0.0 1.6431676725154984 0.6085806194501846 1 0 0 0.5378254079287698 -0.84305624402305 5.147474175982412
cell 31.178567563816213 48.29598219173454 0.0 1.6431676725154984 0.6085806194501846 1 0 0 0.00864603391593068 0.9999626223502179 0.017292283280701027
cell 50.363133346252326 8.734822272919775 0.0 1.0 1.0 1 0 0 0.0 1.0 0
cell 8.77984189912005 23.860682927161015 0.0 1.0 1.0 1 0 0 0.0 1.0 0
cell 19.592044981245394 57.44722146309215 0.0 1.0 1.0 1 0 0 0.0 1.0 0
cell 43.83837774602104 53.48228554026757 0.0 1.6431676725154984 0.6085806194501846 1 0 0 -0.1546301694910159 0.987972424049973 5.972679088092277
cell 24.55859102677478 25.767454385688634 0.0 1.6431676725154984 0.6085806194501846 1 0 0 0.9722153198658459 -0.23408838462886403 3.614154241395124
cell 23.5565137185676 44.80835503186683 0.0 1.6431676725154984 0.6085806194501846 1 0 0 0.9935877377414092 0.11306373162915083 2.9149806176878856
cell 30.674221803427727 56.76042202192241 0.0 1.6431676725154984 0.6085806194501846 1 0 0 0.6503560540669491 0.7596295168952215 1.4161061268338369
cell 46.78516144171986 23.660170829798602 0.0 1.0 1.0 1 0 0 0.0 1.0 0
cell 22.377916529554838 15.468815232986087 0.0 1.0 1.0 1 0 0 0.0 1.0 0
cell 28.99224226985262 8.255723550714267 0.0 1.0 1.0 1 0 0 0.0 1.0 0
cell 33.523166548485435 43.562374052469124 0.0 1.6431676725154984 0.6085806194501846 1 0 0 0.5905187650122011 0.8070239080525835 1.2634030043242401
cell 26.08859084202554 9.480159597280464 0.0 1.6431676725154984 0.6085806194501846 1 0 0 0.8111386668434512 -0.5848538818811317 4.390992466697572
cell 59.06434834679051 23.01940477728544 0.0 1.6431676725154984 0.6085806194501846 1 0 0 0.13059878382096668 0.9914353018046536 0.26194582448701526
cell 33.42063857460312 56.38186852976683 0.0 1.6431676725154984 0.6085806194501846 1 0 0 0.9189916833453818 0.39427691530448683 2.331030865301052
cell 4.614683418048964 33.58798536638253 0.0 1.0 1.0 1 0 0 0.0 1.0 0
cell 44.06916122951826 31.56427488592693 0.0 1.0 1.0 1 0 0 0.0 1.0 0
cell 46.18585222166193 53.26774483455471 0.0 1.6431676725154984 0.6085806194501846 1 0 0 0.3062702340353586 -0.9519446116996129 5.660640306265034
cell 12.940100258082317 36.02620027387656 0.0 1.0 1.0 1 0 0 0.0 1.0 0
cell 51.80914456392248 29.106279711920727 0.0 1.0 1.0 1 0 0 0.0 1.0 0
cell 21.815052171675724 2.132699631852555 0.0 1.0 1.0 1 0 0 0.0 1.0 0
cell 43.39734697259562 3.3714908018627425 0.0 1.0 1.0 1 0 0 0.0 1.0 0
cell 22.767509835711486 21.272184749395223 0.0 1.0 1.0 1 0 0 0.0 1.0 0
cell 13.475646440005722 50.702962907799176 0.0 1.0 1.0 1 0 0 0.0 1.0 0
cell 41.03591908777826 28.086170996194458 0.0 1.6431676725154984 0.6085806194501846 1 0 0 0.6150022410980635 -0.7885253600515074 4.958407689905868
cell 55.90187840550431 39.066211961893465 0.0 1.0 1.0 1 0 0 0.0 1.0 0
cell 12.089971361841657 27.76877029552486 0.0 1.0 1.0 1 0 0 0.0 1.0 0
cell 37.57038176233647 56.745195487895316 0.0 1.6431676725154984 0.6085806194501846 1 0 0 -0.38031550568754235 0.9248568084485451 5.50291048198931
cell 15.749470125489257 50.55773391229724 0.0 1.6431676725154984 0.6085806194501846 1 0 0 0.8837465788272283 0.46796579406102906 2.167617506248417
cell 56.137002415671894 42.479324834011486 0.0 1.0 1.0 1 0 0 0.0 1.0 0
cell 43.17600001391793 30.176534325271614 0.0 1.0 1.0 1 0 0 0.0 1.0 0
cell 18.656011555272645 30.019118574618794 0.0 1.0 1.0 1 0 0 0.0 1.0 0
cell 1.2274731735651594 12.551445383529165 0.0 1.6431676725154984 0.6085806194501846 1 0 0 0.14408188324412347 0.9895657688707844 0.28917022416973914
cell 51.13402272171848 24.617964641757624 0.0 1.6431676725154984 0.6085806194501846 1 0 0 0.15824607362106896 -0.9873997063922569 5.965357125742541
cell 4.888197087237985 50.3970764894692 0.0 1.0 1.0 1 0 0 0.0 1.0 0
cell 29.8600283641227 9.806692906385043 0.0 1.0 1.0 1 0 0 0.0 1.0 0
cell 37.15826922497118 32.5012230754946 0.0 1.0 1.0 1 0 0 0.0 1.0 0
cell 31.136880624056445 23.762422564937125 0.0 1.6431676725154984 0.6085806194501846 1 0 0 0.9995742144898728 -0.02917858336098032 3.1999581042679806
cell 4.052646818424346 46.64904599314986 0.0 1.0 1.0 1 0 0 0.0 1.0 0
cell 25.702302145948863 50.10500812939232 0.0 1.6431676725154984 0.6085806194501846 1 0 0 0.2644002136400007 0.9644130479349199 0.535163901411295
cell 45.02675532428065 15.065605719074325 0.0 1.6431676725154984 0.6085806194501846 1 0 0 0.42777295897390627 -0.9038862182657221 5.39913033675439
cell 23.443694410872556 50.213502727556246 0.0 1.6431676725154984 0.6085806194501846 1 0 0 0.786521413144578 -0.6175630062309885 4.472873602498319
cell 41.680321793948515 37.42100397169053 0.0 1.6431676725154984 0.6085806194501846 1 0 0 0.8611052030421589 -0.5084268180315848 4.208306392227212
cell 52.357535868120586 37.954657884347085 0.0 1.0 1.0 1 0 0 0.0 1.0 0
cell 35.33759320473373 53.39360362358739 0.0 1.6431676725154984 0.6085806194501846 1 0 0 0.6242513810877062 0.7812235360062391 1.3483458019201517
cell 0.94873773066081 3.730598038818812 0.0 1.0 1.0 1 0 0 0.0 1.0 0
cell 37.383227260261656 52.89131728607066 0.0 1.6431676725154984 0.6085806194501846 1 0 0 0.4349980258870775 0.9004314063127438 0.9000721687236255
cell 53.457406624008065 56.579055996306074 0.0 1.6431676725154984 0.6085806194501846 1 0 0 -0.7010020062452541 -0.7131593000446175 1.5536031052547674
cell 56.326612673484654 49.57962499723032 0.0 1.0 1.0 1 0 0 0.0 1.0 0
cell 14.774953781473416 30.03849949459029 0.0 1.0 1.0 1 0 0 0.0 1.0 0
cell 10.121770709319797 49.74947643352956 0.0 1.0 1.0 1 0 0 0.0 1.0 0
cell 49.36606452738341 53.71285188517882 0.0 1.6431676725154984 0.6085806194501846 1 0 0 0.5078306345652522 -0.8614569325259698 5.2178559794269015
cell 11.397242581038734 1.295946075582603 0.0 1.0 1.0 1 0 0 0.0 1.0 0
cell 12.662381412402262 52.56875317872762 0.0 1.0 1.0 1 0 0 0.0 1.0 0
cell 14.204715492804075 12.509376777465437 0.0 1.0 1.0 1 0 0 0.0 1.0 0
cell 43.93701039509709 57.14760564094534 0.0 1.6431676725154984 0.6085806194501846 1 0 0 0.3931300601016548 -0.9194828741441948 5.475118750710941
cell 36.16036179299469 14.154605486225908 0.0 1.6431676725154984 0.6085806194501846 1 0 0 0.6876967595310993 -0.7259980488475333 4.766561807146557
cell 25.492383297630724 12.542994833108 0.0 1.0 1.0 1 0 0 0.0 1.0 0
cell 19.269629308227337 43.09262545990502 0.0 1.6431676725154984 0.6085806194501846 1 0 0 0.9743840118425019 0.22489063445530846 2.6879310655432755
cell 54.831476915940264 13.938886125880824 0.0 1.0 1.0 1 0 0 0.0 1.0 0
cell 55.22428056836654 15.847834483934731 0.0 1.0 1.0 1 0 0 0.0 1.0 0
cell 6.861594632828618 23.485819091665398 0.0 1.0 1.0 1 0 0 0.0 1.0 0
cell 41.72434231851988 45.863258205365874 0.0 1.0 1.0 1 0 0 0.0 1.0 0
cell 4.249220176400469 21.947783184327818 0.0 1.0 1.0 1 0 0 0.0 1.0 0
cell 56.69504223134797 46.188538105127265 0.0 1.0 1.0 1 0 0 0.0 1.0 0
cell 3.147508502273845 17.49331326955376 0.0 1.0 1.0 1 0 0 0.0 1.0 0
cell 23.517468953817477 23.102894228920384 0.0 1.0 1.0 1 0 0 0.0 1.0 0
cell 58.34270905947782 12.523516446880201 0.0 1.0 1.0 1 0 0 0.0 1.0 0
cell 54.1828755129212 3.2335105650617555 0.0 1.6431676725154984 0.6085806194501846 1 0 0 -0.3385128732868699 -0.9409617604446354 0.6906720292965751
cell 43.52430639763163 14.520544270773273 0.0 1.0 1.0 1 0 0 0.0 1.0 0
cell 34.314787793349765 50.25641195470244 0.0 1.6431676725154984 0.6085806194501846 1 0 0 0.4938175161197641 0.8695655586402364 1.0329488996094256
cell 57.430020321411156 32.03476848932095 0.0 1.0 1.0 1 0 0 0.0 1.0 0
cell 51.87937361633684 46.609981390623794 0.0 1.0 1.0 1 0 0 0.0 1.0 0
cell 19.94602772219935 47.89526148963408 0.0 1.0 1.0 1 0 0 0.0 1.0 0
cell 0.2454085385553397 45.52559222830586 0.0 1.0 1.0 1 0 0 0.0 1.0 0
cell 26.54647069904352 33.606149720866064 0.0 1.0 1.0 1 0 0 0.0 1.0 0
cell 57.6306068739444 28.9013745130098 0.0 1.6431676725154984 0.6085806194501846 1 0 0 0.9633759638050384 0.2681543442920763 2.5986392567852583
cell 27.888655185386668 9.926320278215067 0.0 1.0 1.0 1 0 0 0.0 1.0 0
cell 28.31392924966628 38.57420153350666 0.0 1.0 1.0 1 0 0 0.0 1.0 0
cell 0.6810605619121137 29.883479478261517 0.0 1.6431676725154984 0.6085806194501846 1 0 0 0.05907187192845375 -0.9982537322479031 6.164972745046889
cell 48.89981164801036 15.48058197891322 0.0 1.0 1.0 1 0 0 0.0 1.0 0
cell 31.81220895397457 30.86001566148166 0.0 1.0 1.0 1 0 0 0.0 1.0 0
cell 15.497872643848591 16.308485481233028 0.0 1.0 1.0 1 0 0 0.0 1.0 0
cell 21.151675861068956 56.13218596906253 0.0 1.0 1.0 1 0 0 0.0 1.0 0
cell 22.385065551126253 8.628157637770824 0.0 1.0 1.0 1 0 0 0.0 1.0 0
cell 6.666658688986627 43.65352093319061 0.0 1.0 1.0 1 0 0 0.0 1.0 0
cell 40.615816495573156 50.91661128017088 0.0 1.0 1.0 1 0 0 0.0 1.0 0
cell 41.28193862929744 43.93124976060967 0.0 1.0 1.0 1 0 0 0.0 1.0 0
cell 15.776513488125415 56.41669629774855 0.0 1.0 1.0 1 0 0 0.0 1.0 0
cell 11.000426027299348 13.80640529033958 0.0 1.0 1.0 1 0 0 0.0 1.0 0
cell 45.96737303077318 31.070477882690916 0.0 1.0 1.0 1 0 0 0.0 1.0 0
cell 4.688419454458551 25.686259777907598 0.0 1.0 1.0 1 0 0 0.0 1.0 0
cell 50.35797180798106 14.411213979169025 0.0 1.0 1.0 1 0 0 0.0 1.0 0
cell 31.68236104145147 9.05949460082373 0.0 1.6431676725154984 0.6085806194501846 1 0 0 0.46422384885028034 0.8857179111650797 0.9655162273600731
cell 3.8177499790158893 14.193784163687429 0.0 1.0 1.0 1 0 0 0.0 1.0 0
cell 44.49762261796307 8.681967520270483 0.0 1.0 1.0 1 0 0 0.0 1.0 0
cell 54.38170890758641 49.21400834718017 0.0 1.0 1.0 1 0 0 0.0 1.0 0
cell 48.93474751500167 19.795496334647535 0.0 1.0 1.0 1 0 0 0.0 1.0 0
cell 34.09429505121211 24.434017031839915 0.0 1.0 1.0 1 0 0 0.0 1.0 0
cell 36.97109422933689 38.74123829434336 0.0 1.6431676725154984 0.6085806194501846 1 0 0 0.9998594285227083 0.01676672878778753 3.108057624643305
cell 6.394003536049461 49.014903929780665 0.0 1.0 1.0 1 0 0 0.0 1.0 0
cell 49.57723865192349 38.4957172300223 0.0 1.0 1.0 1 0 0 0.0 1.0 0
cell 16.389216869238325 48.14034915154647 0.0 1.0 1.0 1 0 0 0.0 1.0 0
cell 14.572001050227726 47.3253712634811 0.0 1.0 1.0 1 0 0 0.0 1.0 0
cell 33.20071728977031 21.890982638198395 0.0 1.6431676725154984 0.6085806194501846 1 0 0 0.899049465641829 0.4378470718517389 2.2351874504260936
cell 45.95486452509035 58.75288330080941 0.0 1.0 1.0 1 0 0 0.0 1.0 0
cell 23.561688248504684 41.17133045769 0.0 1.0 1.0 1 0 0 0.0 1.0 0
cell 56.73693502473859 14.198606671350106 0.0 1.0 1.0 1 0 0 0.0 1.0 0
cell 40.15319528930286 55.69144164447887 0.0 1.6431676725154984 0.6085806194501846 1 0 0 0.280295012007527 -0.9599139056413863 5.7149824528579805
cell 19.38421497029333 17.064343171619957 0.0 1.0 1.0 1 0 0 0.0 1.0 0
cell 26.271594199841054 55.4354726076528 0.0 1.6431676725154984 0.6085806194501846 1 0 0 0.32403579875824867 -0.9460448198278472 5.62320059111948
cell 12.430320069651073 39.531491403747104 0.0 1.0 1.0 1 0 0 0.0 1.0 0
cell 18.297905356371395 1.0033208264686109 0.0 1.0 1.0 1 0 0 0.0 1.0 0
cell 52.09740039894106 41.2648506520835 0.0 1.6431676725154984 0.6085806194501846 1 0 0 0.8605254443402759 0.5094074593515201 2.0726005140296873
cell 29.09066999851713 28.178039670047223 0.0 1.6431676725154984 0.6085806194501846 1 0 0 0.02130257746176828 0.9997730743491172 0.04260837795026409
cell 19.53482432356422 44.17933300648827 0.0 1.6431676725154984 0.6085806194501846 1 0 0 0.9959391331549651 0.09002912334648636 2.9612902794484133
cell 12.727537687813328 46.70801705907104 0.0 1.0 1.0 1 0 0 0.0 1.0 0
cell 4.814722477656063 3.3655033691437093 0.0 1.0 1.0 1 0 0 0.0 1.0 0
cell 35.41353688869127 33.6337696056574 0.0 1.0 1.0 1 0 0 0.0 1.0 0
cell 9.78125276769756 2.196317644902296 0.0 1.0 1.0 1 0 0 0.0 1.0 0
cell 0.9694467375821382 22.691216217393627 0.0 1.6431676725154984 0.6085806194501846 1 0 0 0.3538504442991957 0.9353020170347447 0.7233694134840323
cell 37.644203858950384 44.321419832453984 0.0 1.0 1.0 1 0 0 0.0 1.0 0
cell 37.42582153449521 24.726967397718276 0.0 1.0 1.0 1 0 0 0.0 1.0 0
cell 36.46505954575966 22.256898759321274 0.0 1.6431676725154984 0.6085806194501846 1 0 0 0.9889755839383557 0.14807867629671842 2.8443421583448347
cell 38.794315118091106 50.17023243847755 0.0 1.0 1.0 1 0 0 0.0 1.0 0
cell 40.62478197155595 24.094666468225036 0.0 1.0 1.0 1 0 0 0.0 1.0 0
cell 35.669609107658005 20.532938775621204 0.0 1.6431676725154984 0.6085806194501846 1 0 0 0.9513004146390472 0.3082653420473615 2.5148545881909303
cell 30.54199546349666 49.64563642288909 0.0 1.6431676725154984 0.6085806194501846 1 0 0 0.16551251897295027 -0.9862076891117959 5.950629956529976
cell 24.82545573377736 42.29491051882767 0.0 1.6431676725154984 0.6085806194501846 1 0 0 0.7819057716044124 0.6233966348415015 1.7954341209041207
cell 46.992594278964546 1.1125834365422147 0.0 1.0 1.0 1 0 0 0.0 1.0 0
cell 16.528526353105427 43.38667510897928 0.0 1.6431676725154984 0.6085806194501846 1 0 0 0.9721940268143402 -0.2341768012133526 3.6143361302233763
cell 39.117291416329046 21.70598666076776 0.0 1.6431676725154984 0.6085806194501846 1 0 0 -0.37992012551036747 0.9250192961404571 5.503765415290353
cell 14.554013536546915 53.73172558180252 0.0 1.6431676725154984 0.6085806194501846 1 0 0 0.9369464864371088 0.3494728623987231 2.4275757890117537
cell 49.5577607066053 45.319007273246555 0.0 1.0 1.0 1 0 0 0.0 1.0 0
cell 17.425702334611856 21.91484462198939 0.0 1.0 1.0 1 0 0 0.0 1.0 0
cell 2.7898563719462177 34.09778953592707 0.0 1.0 1.0 1 0 0 0.0 1.0 0
cell 0.037299434130388595 13.665967560114225 0.0 1.0 1.0 1 0 0 0.0 1.0 0
cell 44.74301927835734 16.951399820534107 0.0 1.6431676725154984 0.6085806194501846 1 0 0 -0.4351258463326738 0.9003696451198665 5.382829219373884
cell 24.010765493968062 14.244723858056764 0.0 1.0 1.0 1 0 0 0.0 1.0 0
cell 9.85667532513435 10.001827143689004 0.0 1.0 1.0 1 0 0 0.0 1.0 0
cell 14.106579505873102 23.01795399714721 0.0 1.0 1.0 1 0 0 0.0 1.0 0
cell 47.529568233134015 54.96297841308971 0.0 1.6431676725154984 0.6085806194501846 1 0 0 0.4951873402765423 -0.8687862211325891 5.247084401424597
cell 54.21490496325798 52.61498786576804 0.0 1.0 1.0 1 0 0 0.0 1.0 0
cell 55.60431789206589 20.072664131771162 0.0 1.6431676725154984 0.6085806194501846 1 0 0 0.5121621663267504 0.8588887677595336 1.0754006119315298
cell 2.205805040459271 53.35082365481294 0.0 1.0 1.0 1 0 0 0.0 1.0 0
cell 41.184245023026776 21.157013499689295 0.0 1.6431676725154984 0.6085806194501846 1 0 0 0.9488846694136049 0.31562300954118294 2.499366348051094
cell 11.701925034180652 42.95695950941245 0.0 1.0 1.0 1 0 0 0.0 1.0 0
cell 37.49525520899822 20.922569874620176 0.0 1.6431676725154984 0.6085806194501846 1 0 0 0.9928115789728215 0.1196877966105699 2.901641828508876
cell 26.261478443940582 44.32363166624801 0.0 1.6431676725154984 0.6085806194501846 1 0 0 0.9027706789763252 -0.4301221933132778 4.030848906049012
cell 19.4101430339677 50.28484910606601 0.0 1.6431676725154984 0.6085806194501846 1 0 0 0.9918407168454393 0.1274833024655585 2.8859303292580227
cell 1.5455697567041384 39.56769220389284 0.0 1.0 1.0 1 0 0 0.0 1.0 0
cell 1.8187095540299612 18.923717281836172 0.0 1.0 1.0 1 0 0 0.0 1.0 0
cell 45.364980692867846 35.919041662771804 0.0 1.6431676725154984 0.6085806194501846 1 0 0 0.8429116846701128 -0.5380519415879774 4.277841241411116
cell 58.61836194130042 20.516782571024596 0.0 1.0 1.0 1 0 0 0.0 1.0 0
cell 4.832970977350648 43.32254877550863 0.0 1.0 1.0 1 0 0 0.0 1.0 0
cell 24.021638603054747 5.228888244848631 0.0 1.6431676725154984 0.6085806194501846 1 0 0 0.6126676055258251 -0.79034068928485 4.9643224003315405
cell 43.10929681607837 44.60392800718869 0.0 1.0 1.0 1 0 0 0.0 1.0 0
cell 40.560541323355395 19.650015064539183 0.0 1.0 1.0 1 0 0 0.0 1.0 0
cell 58.50826492426231 53.70666572383528 0.0 1.0 1.0 1 0 0 0.0 1.0 0
cell 32.27340618621954 43.98612113293827 0.0 1.0 1.0 1 0 0 0.0 1.0 0
cell 16.134374778755408 18.22485670677674 0.0 1.0 1.0 1 0 0 0.0 1.0 0
cell 27.50057274543987 18.861975307389244 0.0 1.0 1.0 1 0 0 0.0 1.0 0
cell 0.5459387297832587 53.13457403093272 0.0 1.0 1.0 1 0 0 0.0 1.0 0
cell 55.70817880215705 2.8682608474424893 0.0 1.0 1.0 1 0 0 0.0 1.0 0
cell 42.62131374608445 52.80287951438664 0.0 1.6431676725154984 0.6085806194501846 1 0 0 -0.12632439907486884 0.9919889849178636 6.029859681926029
cell 39.02070801346887 12.161687717376594 0.0 1.6431676725154984 0.6085806194501846 1 0 0 0.30681980514156054 0.9517676224651135 0.6236997365538418
cell 20.84375722183834 54.11956271611828 0.0 1.0 1.0 1 0 0 0.0 1.0 0
cell 52.16171673468427 56.24973607050526 0.0 1.6431676725154984 0.6085806194501846 1 0 0 0.5813260086841832 0.8136707390752828 1.2407148125403367
cell 7.201743921600228 45.607698762851776 0.0 1.0 1.0 1 0 0 0.0 1.0 0
cell 10.767610088214752 24.168025196419414 0.0 1.0 1.0 1 0 0 0.0 1.0 0
cell 15.50703360312848 38.14793834487948 0.0 1.0 1.0 1 0 0 0.0 1.0 0
cell 47.554998061573976 27.693129231903207 0.0 1.6431676725154984 0.6085806194501846 1 0 0 0.9251589962349083 0.3795798093756002 2.362908509454886
cell 58.99620880580536 16.82823008103485 0.0 1.0 1.0 1 0 0 0.0 1.0 0
cell 36.751087961396706 2.992618737253148 0.0 1.6431676725154984 0.6085806194501846 1 0 0 0.9962635978085526 -0.0863645973854953 3.3145372989798827
cell 19.940259515420784 6.337621440857692 0.0 1.0 1.0 1 0 0 0.0 1.0 0
cell 58.06996254719969 35.72354817217193 0.0 1.0 1.0 1 0 0 0.0 1.0 0
cell 22.697663760545495 29.185891508414215 0.0 1.0 1.0 1 0 0 0.0 1.0 0
cell 21.4468954489587 11.943397292088925 0.0 1.0 1.0 1 0 0 0.0 1.0 0
cell 51.57471541322662 33.13779087044068 0.0 1.0 1.0 1 0 0 0.0 1.0 0
cell 6.381382739139081 4.220199617171112 0.0 1.0 1.0 1 0 0 0.0 1.0 0
cell 5.4093203722140775 45.20277753052581 0.0 1.0 1.0 1 0 0 0.0 1.0 0
cell 9.181297035870966 40.68616805380083 0.0 1.0 1.0 1 0 0 0.0 1.0 0
cell 37.63055192992703 28.31188532386966 0.0 1.6431676725154984 0.6085806194501846 1 0 0 -0.381438390188338 0.9243942635534522 5.500481640649609
cell 31.46804949525504 59.0111463172476 0.0 1.6431676725154984 0.6085806194501846 1 0 0 0.8311202908614311 0.5560926740377093 1.962238475560449
cell 40.65812045628846 38.930397035391415 0.0 1.0 1.0 1 0 0 0.0 1.0 0
cell 0.8603694952636797 24.61303514007727 0.0 1.0 1.0 1 0 0 0.0 1.0 0
cell 9.815605643981742 4.170935018700593 0.0 1.0 1.0 1 0 0 0.0 1.0 0
cell 19.87614233662325 36.52082502272075 0.0 1.0 1.0 1 0 0 0.0 1.0 0
cell 45.13867721645021 38.05578867388909 0.0 1.6431676725154984 0.6085806194501846 1 0 0 0.7879695524849729 -0.6157142067198316 4.468176722803708
cell 9.802329962850848 8.013809417261317 0.0 1.0 1.0 1 0 0 0.0 1.0 0
cell 7.015900598884772 18.313600451197818 0.0 1.0 1.0 1 0 0 0.0 1.0 0
cell 47.33335222489088 16.114725050939615 0.0 1.0 1.0 1 0 0 0.0 1.0 0
cell 6.1633197472361525 26.96535656594012 0.0 1.0 1.0 1 0 0 0.0 1.0 0
cell 24.643744340867165 28.898466440234124 0.0 1.6431676725154984 0.6085806194501846 1 0 0 0.5737225906110256 0.8190496865407944 1.2220873415045
cell 12.767775606038882 24.490596557137355 0.0 1.0 1.0 1 0 0 0.0 1.0 0
cell 27.428446836472993 46.55118073194501 0.0 1.6431676725154984 0.6085806194501846 1 0 0 0.08825419074968231 0.9960979860511308 0.17673831981732804
cell 11.496959114709997 3.236871662580304 0.0 1.0 1.0 1 0 0 0.0 1.0 0
cell 46.30990321913626 5.951998068022267 0.0 1.0 1.0 1 0 0 0.0 1.0 0
cell 59.300058276903215 31.343462031422085 0.0 1.0 1.0 1 0 0 0.0 1.0 0
cell 37.86120950442421 6.968577550924051 0.0 1.0 1.0 1 0 0 0.0 1.0 0
cell 36.04559581602937 7.84833548868557 0.0 1.0 1.0 1 0 0 0.0 1.0 0
cell 11.736775974777396 10.588506502921765 0.0 1.0 1.0 1 0 0 0.0 1.0 0
cell 12.93278926505694 58.29947956057269 0.0 1.0 1.0 1 0 0 0.0 1.0 0
cell 18.100776059980053 13.287065652343177 0.0 1.0 1.0 1 0 0 0.0 1.0 0
cell 28.126117177284073 3.0251907003708944 0.0 1.0 1.0 1 0 0 0.0 1.0 0
cell 24.371652950719238 8.61486047366318 0.0 1.0 1.0 1 0 0 0.0 1.0 0
cell 31.49923113283301 12.54806990173901 0.0 1.0 1.0 1 0 0 0.0 1.0 0
cell 38.49957448833989 32.76073376981989 0.0 1.6431676725154984 0.6085806194501846 1 0 0 -0.6341920037539653 0.7731755960805607 4.909259235823646
cell 32.93900890981733 17.771024541651656 0.0 1.0 1.0 1 0 0 0.0 1.0 0
cell 52.02454599565796 13.601707144148131 0.0 1.0 1.0 1 0 0 0.0 1.0 0
cell 25.59724620562155 18.617906448960806 0.0 1.0 1.0 1 0 0 0.0 1.0 0
cell 32.0082821259051 24.991491261162995 0.0 1.6431676725154984 0.6085806194501846 1 0 0 0.06341946302804291 0.9979869596889704 0.12692410527142997
cell 56.183511870501285 40.74228691652588 0.0 1.0 1.0 1 0 0 0.0 1.0 0
cell 2.906345953974603 58.45662215372266 0.0 1.0 1.0 1 0 0 0.0 1.0 0
cell 39.697328837872014 3.1872198979202984 0.0 1.6431676725154984 0.6085806194501846 1 0 0 0.5939719545329794 0.8044857470634718 1.2719743069521208
cell 24.52260772845735 33.972740156041546 0.0 1.0 1.0 1 0 0 0.0 1.0 0
cell 42.25410542303817 49.8324911100661 0.0 1.0 1.0 1 0 0 0.0 1.0 0
cell 47.02731541398933 36.21204538403956 0.0 1.0 1.0 1 0 0 0.0 1.0 0
cell 3.38213967628087 51.75048086632807 0.0 1.0 1.0 1 0 0 0.0 1.0 0
cell 47.34151746497194 38.068073214603025 0.0 1.0 1.0 1 0 0 0.0 1.0 0
cell 57.248042477639146 34.051400277742644 0.0 1.0 1.0 1 0 0 0.0 1.0 0
cell 12.666756271416578 56.31499764077536 0.0 1.0 1.0 1 0 0 0.0 1.0 0
cell 16.32090874572374 55.0771985528855 0.0 1.6431676725154984 0.6085806194501846 1 0 0 0.3056001946874521 0.952159924071052 0.6211374325638398
cell 40.14664664538165 46.888582813204344 0.0 1.0 1.0 1 0 0 0.0 1.0 0
cell 13.4636338176244 21.239990098672145 0.0 1.0 1.0 1 0 0 0.0 1.0 0
cell 14.190559152957697 17.873405453109992 0.0 1.0 1.0 1 0 0 0.0 1.0 0
cell 44.04503044849782 55.505329642773326 0.0 1.6431676725154984 0.6085806194501846 1 0 0 0.32247805705926247 -0.9465769396701375 5.626492831292492
cell 34.02891459448203 22.686854459857788 0.0 1.6431676725154984 0.6085806194501846 1 0 0 0.9376682548887967 0.34753164427688976 2.431717903943788
cell 51.74459969851981 2.1017974923023486 0.0 1.0 1.0 1 0 0 0.0 1.0 0
cell 56.984586650333966 19.717983060627027 0.0 1.0 1.0 1 0 0 0.0 1.0 0
cell 52.67433089396792 3.732168438590265 0.0 1.0 1.0 1 0 0 0.0 1.0 0
cell 55.9352345121951 56.74404755502609 0.0 1.0 1.0 1 0 0 0.0 1.0 0
cell 13.6581995949327 31.374451228522076 0.0 1.0 1.0 1 0 0 0.0 1.0 0
cell 39.007946425391246 59.31461002647744 0.0 1.6431676725154984 0.6085806194501846 1 0 0 0.27048669868764486 -0.962723712096601 5.735388229054192
cell 6.374269588405207 9.735889075352341 0.0 1.0 1.0 1 0 0 0.0 1.0 0
cell 16.688758810990556 4.126429109211379 0.0 1.0 1.0 1 0 0 0.0 1.0 0
cell 9.69175590907306 30.881090179405437 0.0 1.0 1.0 1 0 0 0.0 1.0 0
cell 2.368247354672302 41.192268985315614 0.0 1.0 1.0 1 0 0 0.0 1.0 0
cell 24.786270274801954 10.650627256618394 0.0 1.0 1.0 1 0 0 0.0 1.0 0
cell 16.085378586031133 28.534967927956263 0.0 1.0 1.0 1 0 0 0.0 1.0 0
cell 10.856065252359224 46.262986473718264 0.0 1.0 1.0 1 0 0 0.0 1.0 0
cell 32.921435409483735 7.299189262739946 0.0 1.6431676725154984 0.6085806194501846 1 0 0 -0.102510744124266 -0.9947318972160736 0.20538227338206116
cell 22.142979264549204 19.39652474143506 0.0 1.0 1.0 1 0 0 0.0 1.0 0
cell 31.54622181640886 53.98815098243887 0.0 1.6431676725154984 0.6085806194501846 1 0 0 0.8074692441743864 0.5899096708076969 1.8796987152526505
cell 17.45023544405953 27.144649619378242 0.0 1.0 1.0 1 0 0 0.0 1.0 0
cell 54.56113208182574 43.73815390375961 0.0 1.0 1.0 1 0 0 0.0 1.0 0
cell 20.11742069546406 13.474340334009916 0.0 1.0 1.0 1 0 0 0.0 1.0 0
cell 9.81812701113514 37.39604047131181 0.0 1.0 1.0 1 0 0 0.0 1.0 0
cell 8.59287592608206 54.29594499552026 0.0 1.6431676725154984 0.6085806194501846 1 0 0 0.9968084377166262 -0.07983068643660103 3.3014241000081936
cell 43.92530148831735 12.667909734393449 0.0 1.0 1.0 1 0 0 0.0 1.0 0
cell 47.19414400773823 4.245640674292799 0.0 1.0 1.0 1 0 0 0.0 1.0 0
cell 38.64966506245575 48.16240597462197 0.0 1.0 1.0 1 0 0 0.0 1.0 0
cell 40.07912931895376 30.257264734837374 0.0 1.6431676725154984 0.6085806194501846 1 0 0 0.8767565971985682 -0.4809343710619855 4.145032882528282
cell 18.111075133425473 58.797627422696955 0.0 1.0 1.0 1 0 0 0.0 1.0 0
cell 50.830271628113934 3.595811547020963 0.0 1.0 1.0 1 0 0 0.0 1.0 0
cell 39.100192643842036 5.377402038906479 0.0 1.0 1.0 1 0 0 0.0 1.0 0
cell 48.18446095095188 25.062074225731617 0.0 1.0 1.0 1 0 0 0.0 1.0 0
cell 30.877996898728906 41.77507132100119 0.0 1.0 1.0 1 0 0 0.0 1.0 0
cell 50.871352024866724 20.26432567641995 0.0 1.0 1.0 1 0 0 0.0 1.0 0
cell 33.25190196218164 9.821465605434318 0.0 1.6431676725154984 0.6085806194501846 1 0 0 0.5959106344143481 0.8030507554270085 1.2767982818689694
cell 15.403504943446917 26.703372433522674 0.0 1.0 1.0 1 0 0 0.0 1.0 0
cell 54.313501270307924 20.52655358241873 0.0 1.6431676725154984 0.6085806194501846 1 0 0 -0.3585892641872764 -0.9334954416651576 0.7335124275577565
cell 21.910573205325267 6.9458517428782125 0.0 1.0 1.0 1 0 0 0.0 1.0 0
cell 14.697303795821748 41.68285555168687 0.0 1.0 1.0 1 0 0 0.0 1.0 0
cell 2.662657851332284 37.9060630120717 0.0 1.0 1.0 1 0 0 0.0 1.0 0
cell 8.103144014080668 10.410587636242322 0.0 1.0 1.0 1 0 0 0.0 1.0 0
cell 21.83728917177336 42.9086111334928 0.0 1.6431676725154984 0.6085806194501846 1 0 0 0.9895509524303969 0.14418360705744032 2.8522168350513493
cell 35.20889249873583 41.15370995714332 0.0 1.6431676725154984 0.6085806194501846 1 0 0 -0.7721646098044525 -0.635422548675712 1.7644814074562323
cell 1.6627155093109147 11.192363089446378 0.0 1.0 1.0 1 0 0 0.0 1.0 0
cell 54.735575272783045 38.43459406354073 0.0 1.6431676725154984 0.6085806194501846 1 0 0 0.9019032815436728 0.43193804039555755 2.2483116376348873
cell 36.101295656094514 56.4795354553527 0.0 1.6431676725154984 0.6085806194501846 1 0 0 -0.3322780498432276 0.9431814764892181 5.605749640308405
cell 4.9193966056465515 23.828983058988072 0.0 1.0 1.0 1 0 0 0.0 1.0 0
cell 36.76402256816343 11.963224960321124 0.0 1.0 1.0 1 0 0 0.0 1.0 0
cell 22.526600504483195 43.95343172360493 0.0 1.6431676725154984 0.6085806194501846 1 0 0 0.9848558090444305 0.17337541749463872 2.793080725547623
cell 56.15929332632985 23.305141817902175 0.0 1.0 1.0 1 0 0 0.0 1.0 0
cell 49.44781751821958 55.99668493453971 0.0 1.0 1.0 1 0 0 0.0 1.0 0
cell 17.334995894634943 33.543087292309444 0.0 1.0 1.0 1 0 0 0.0 1.0 0
cell 19.65144787637622 41.3464734790603 0.0 1.0 1.0 1 0 0 0.0 1.0 0
cell 39.83484736679558 40.71701134751503 0.0 1.0 1.0 1 0 0 0.0 1.0 0
cell 43.54988675756012 5.314652948958225 0.0 1.0 1.0 1 0 0 0.0 1.0 0
cell 19.79651999235616 59.4635208483862 0.0 1.0 1.0 1 0 0 0.0 1.0 0
cell 1.3822039954309975 9.433387532823707 0.0 1.0 1.0 1 0 0 0.0 1.0 0
cell 45.52976190635579 43.87324104819801 0.0 1.6431676725154984 0.6085806194501846 1 0 0 0.8479468631901415 -0.5300812364213616 4.258985385878099
cell 7.218030496879401 40.256538126461585 0.0 1.0 1.0 1 0 0 0.0 1.0 0
cell 49.95987325096912 35.49827364540771 0.0 1.0 1.0 1 0 0 0.0 1.0 0
cell 6.612540461714189 32.467446313195616 0.0 1.0 1.0 1 0 0 0.0 1.0 0
cell 55.351790998261635 51.09994055238133 0.0 1.0 1.0 1 0 0 0.0 1.0 0
cell 1.267342568764897 42.66247166971238 0.0 1.0 1.0 1 0 0 0.0 1.0 0
cell 52.23201120596271 8.489709895601443 0.0 1.0 1.0 1 0 0 0.0 1.0 0
cell 12.129041797199784 22.679048785631444 0.0 1.0 1.0 1 0 0 0.0 1.0 0
cell 48.10965333958431 2.7023806069665284 0.0 1.0 1.0 1 0 0 0.0 1.0 0
cell 57.486374677164015 48.242941104882455 0.0 1.6431676725154984 0.6085806194501846 1 0 0 0.7770883754256056 -0.6293914972244168 4.503132470025999
cell 35.75373103658306 17.276938172640072 0.0 1.6431676725154984 0.6085806194501846 1 0 0 0.16350161313066205 -0.9865430667252552 5.95470731934909
cell 52.38320109373665 0.8966457400057182 0.0 1.6431676725154984 0.6085806194501846 1 0 0 -0.4140891014811454 -0.910236351743072 0.8538836948836952
cell 3.544007436029686 44.841619096968316 0.0 1.0 1.0 1 0 0 0.0 1.0 0
cell 29.03186270994188 36.723186545627556 0.0 1.0 1.0 1 0 0 0.0 1.0 0
cell 22.243503204592553 24.540458381605685 0.0 1.0 1.0 1 0 0 0.0 1.0 0
cell 17.994220287859502 47.34004643053365 0.0 1.0 1.0 1 0 0 0.0 1.0 0
cell 58.60531942120576 46.83364790001052 0.0 1.0 1.0 1 0 0 0.0 1.0 0
cell 29.405114135530017 19.06089517404227 0.0 1.0 1.0 1 0 0 0.0 1.0 0
cell 21.630528958571784 46.77953220577744 0.0 1.0 1.0 1 0 0 0.0 1.0 0
cell 54.92795936648211 0.039622350089369415 0.0 1.0 1.0 1 0 0 0.0 1.0 0
cell 4.624038166585472 37.94534446858635 0.0 1.0 1.0 1 0 0 0.0 1.0 0
cell 3.036276823310884 43.04503027657692 0.0 1.0 1.0 1 0 0 0.0 1.0 0
cell 23.32646103371022 48.09012859454405 0.0 1.6431676725154984 0.6085806194501846 1 0 0 0.9999969838637309 -0.0024560666605713496 3.1465047918494964
cell 56.58578064593464 52.78457531990879 0.0 1.0 1.0 1 0 0 0.0 1.0 0
cell 43.58978519308828 46.57875556341524 0.0 1.0 1.0 1 0 0 0.0 1.0 0
cell 38.45052368118504 26.335114740710768 0.0 1.6431676725154984 0.6085806194501846 1 0 0 0.05664371687175763 0.9983944557833603 0.11334810203557512
cell 22.85250103150269 10.417985089720288 0.0 1.0 1.0 1 0 0 0.0 1.0 0
cell 46.54666626426616 46.40498277659517 0.0 1.6431676725154984 0.6085806194501846 1 0 0 -0.9524104755331326 0.3048184477598954 3.761088252627674
cell 20.41414997288004 8.251720237917038 0.0 1.0 1.0 1 0 0 0.0 1.0 0
cell 11.653954915444729 15.64501629339657 0.0 1.0 1.0 1 0 0 0.0 1.0 0
cell 42.865534374011155 21.63038733365222 0.0 1.6431676725154984 0.6085806194501846 1 0 0 -0.1488593447562987 0.9888583798900252 5.984355976838627
cell 19.302958127810715 33.24324204668541 0.0 1.0 1.0 1 0 0 0.0 1.0 0
cell 34.04006906239924 41.52262377697183 0.0 1.6431676725154984 0.6085806194501846 1 0 0 0.6938128143533894 0.7201553850656324 1.5335401513793496
cell 5.181862387712535 12.86984394355189 0.0 1.0 1.0 1 0 0 0.0 1.0 0
cell 41.24462646173249 34.809615084468405 0.0 1.6431676725154984 0.6085806194501846 1 0 0 0.8417641769978411 -0.5398454133575159 4.282099558711945
cell 36.173101570889955 10.033676430609209 0.0 1.0 1.0 1 0 0 0.0 1.0 0
cell 57.431753898886335 51.06513251599358 0.0 1.0 1.0 1 0 0 0.0 1.0 0
cell 46.17819380963686 54.7319039950874 0.0 1.6431676725154984 0.6085806194501846 1 0 0 0.38420628018257075 -0.9232472768810488 5.49448937891898
cell 3.7669127668594515 19.22091834609796 0.0 1.0 1.0 1 0 0 0.0 1.0 0
cell 59.48878416297333 57.20550488655749 0.0 1.6431676725154984 0.6085806194501846 1 0 0 -0.3482487596311435 -0.9374021556489883 0.7114045382134329
cell 45.237168486291296 4.264345814692808 0.0 1.0 1.0 1 0 0 0.0 1.0 0
cell 35.88658428497806 23.661035912688916 0.0 1.0 1.0 1 0 0 0.0 1.0 0
cell 2.1561675786438834 3.0449729915734634 0.0 1.6431676725154984 0.6085806194501846 1 0 0 0.7138104950833777 0.7003389016103727 1.5898483251344089
cell 57.20190723203408 21.79282035607756 0.0 1.6431676725154984 0.6085806194501846 1 0 0 0.009645737577089218 0.9999534787911856 0.01929177431399335
cell 55.390870590353046 54.0644503133558 0.0 1.6431676725154984 0.6085806194501846 1 0 0 0.7593616756945263 -0.6506687678737938 4.5585222580157385
cell 46.79939619813233 29.642769622366792 0.0 1.0 1.0 1 0 0 0.0 1.0 0
cell 43.3239879264315 1.3801696688290332 0.0 1.0 1.0 1 0 0 0.0 1.0 0
cell 16.62129274724783 7.942600386686098 0.0 1.0 1.0 1 0 0 0.0 1.0 0
cell 43.143774390582294 26.70602818141863 0.0 1.6431676725154984 0.6085806194501846 1 0 0 0.3787790936229383 -0.9254871140292474 5.506231835804329
cell 46.643988003905406 17.58092337936948 0.0 1.0 1.0 1 0 0 0.0 1.0 0
cell 17.296487103819363 38.668173342725915 0.0 1.0 1.0 1 0 0 0.0 1.0 0
cell 8.373019967600788 16.83477426040977 0.0 1.0 1.0 1 0 0 0.0 1.0 0
cell 23.61480545496579 46.46371602989491 0.0 1.0 1.0 1 0 0 0.0 1.0 0
cell 58.69486595021931 37.59377651921993 0.0 1.0 1.0 1 0 0 0.0 1.0 0
cell 21.86597317997171 50.68898956267869 0.0 1.0 1.0 1 0 0 0.0 1.0 0
cell 54.213681239081026 9.038151199587759 0.0 1.0 1.0 1 0 0 0.0 1.0 0
cell 41.69347438896736 14.902787324328404 0.0 1.6431676725154984 0.6085806194501846 1 0 0 0.20102391725503335 0.9795863334548117 0.40480612727552046
cell 25.80011186190715 35.50962201959397 0.0 1.0 1.0 1 0 0 0.0 1.0 0
cell 28.366441004078386 20.843429596698908 0.0 1.0 1.0 1 0 0 0.0 1.0 0
cell 20.5894569511336 29.441458491813076 0.0 1.0 1.0 1 0 0 0.0 1.0 0
cell 57.639387975518815 59.30832535379463 0.0 1.0 1.0 1 0 0 0.0 1.0 0
cell 15.947116211286396 46.19507166519256 0.0 1.0 1.0 1 0 0 0.0 1.0 0
cell 32.90760017364278 40.63069056467841 0.0 1.6431676725154984 0.6085806194501846 1 0 0 0.8087707909268811 0.5881239731072925 1.8841181008266519
cell 21.864744713463814 36.22607209156343 0.0 1.0 1.0 1 0 0 0.0 1.0 0
cell 59.57058999370791 6.845790688030487 0.0 1.0 1.0 1 0 0 0.0 1.0 0
cell 57.54670680999706 39.2256397700787 0.0 1.0 1.0 1 0 0 0.0 1.0 0
cell 55.78851096563179 33.531839603000904 0.0 1.6431676725154984 0.6085806194501846 1 0 0 0.7802619646420463 0.6254528491684518 1.7901690956657785
cell 8.067481557454725 1.2090553436033298 0.0 1.0 1.0 1 0 0 0.0 1.0 0
cell 22.39659252751989 39.565047068658245 0.0 1.0 1.0 1 0 0 0.0 1.0 0
cell 53.56216335208643 0.0989640421127696 0.0 1.6431676725154984 0.6085806194501846 1 0 0 -0.7028413708599828 -0.7113466155171191 1.5587680219389144
cell 52.69212635593062 43.08842526995894 0.0 1.0 1.0 1 0 0 0.0 1.0 0
cell 57.880412307249486 42.98875681605411 0.0 1.0 1.0 1 0 0 0.0 1.0 0
cell 29.193625776582316 31.35852790645423 0.0 1.0 1.0 1 0 0 0.0 1.0 0
cell 20.895645267391966 10.126979510274085 0.0 1.0 1.0 1 0 0 0.0 1.0 0
cell 57.9484193245089 2.466073878522306 0.0 1.6431676725154984 0.6085806194501846 1 0 0 -0.267823709542526 0.9634679343947471 5.74091828615591
cell 33.51863530963046 47.06307731752655 0.0 1.6431676725154984 0.6085806194501846 1 0 0 0.7800615561582508 0.6257027797636575 1.7895283808659657
cell 12.873296353865927 19.382931024987997 0.0 1.0 1.0 1 0 0 0.0 1.0 0
cell 54.23922271378492 41.894257753005334 0.0 1.0 1.0 1 0 0 0.0 1.0 0
cell 2.9723957950410216 32.096189597477675 0.0 1.0 1.0 1 0 0 0.0 1.0 0
cell 17.866797070855014 36.900824909911535 0.0 1.0 1.0 1 0 0 0.0 1.0 0
cell 20.54135614238964 15.391162025842773 0.0 1.0 1.0 1 0 0 0.0 1.0 0
cell 20.935828938009827 25.96155512181188 0.0 1.0 1.0 1 0 0 0.0 1.0 0
cell 33.35041564548941 58.119135688200124 0.0 1.6431676725154984 0.6085806194501846 1 0 0 0.9071702010300321 0.4207638605716169 2.273018290689152
cell 46.992614115305514 14.433376289285546 0.0 1.6431676725154984 0.6085806194501846 1 0 0 0.3516203411950275 -0.9361426897956809 5.564582482930981
cell 2.5526239056382534 56.583212135483244 0.0 1.0 1.0 1 0 0 0.0 1.0 0
cell 24.864479933401764 21.749851347371436 0.0 1.0 1.0 1 0 0 0.0 1.0 0
cell 0.8002610218419662 37.88025804361484 0.0 1.0 1.0 1 0 0 0.0 1.0 0
cell 8.108501644969863 5.132393361950443 0.0 1.0 1.0 1 0 0 0.0 1.0 0
cell 53.58102174027126 38.357935649278694 0.0 1.6431676725154984 0.6085806194501846 1 0 0 0.8462414637467198 0.532799573043944 2.017781899770746
cell 49.42663608082039 47.88655486576183 0.0 1.6431676725154984 0.6085806194501846 1 0 0 0.9993190806073865 -0.0368968173967309 3.2154030421188486
cell 28.50627880885416 33.26091035413505 0.0 1.0 1.0 1 0 0 0.0 1.0 0
cell 7.948254824157989 58.993030568019854 0.0 1.0 1.0 1 0 0 0.0 1.0 0
cell 58.46136713070525 14.90738041880897 0.0 1.0 1.0 1 0 0 0.0 1.0 0
cell 49.97137430915535 42.19244281732836 0.0 1.6431676725154984 0.6085806194501846 1 0 0 0.9409852429409247 0.3384475920543814 2.451059376834804
cell 0.3544535712222602 26.679502441193957 0.0 1.6431676725154984 0.6085806194501846 1 0 0 0.9999993747177752 0.0011182862149686263 3.139356080693693
cell 59.23875691558675 50.352967498207455 0.0 1.0 1.0 1 0 0 0.0 1.0 0
cell 21.948808270847234 27.828069087877303 0.0 1.6431676725154984 0.6085806194501846 1 0 0 0.05073835454239427 -0.9987119801916517 6.181665007632024
cell 41.76981766722072 30.728926059646177 0.0 1.6431676725154984 0.6085806194501846 1 0 0 0.9218253751988987 -0.38760544067312785 3.9376577369698125
cell 53.51747510659961 28.139400731348072 0.0 1.0 1.0 1 0 0 0.0 1.0 0
cell 8.106160748191828 6.983706256025139 0.0 1.0 1.0 1 0 0 0.0 1.0 0
cell 45.618605631715525 28.057053620946757 0.0 1.0 1.0 1 0 0 0.0 1.0 0
cell 48.79277091873953 51.58149810981479 0.0 1.6431676725154984 0.6085806194501846 1 0 0 -0.15518616316758335 0.98788524372081 5.97155351377392
cell 49.21103080738253 4.406502824364728 0.0 1.0 1.0 1 0 0 0.0 1.0 0
cell 16.423675942743735 51.509070497752944 0.0 1.6431676725154984 0.6085806194501846 1 0 0 0.952651248377271 0.30406512290170185 2.523678787698872
cell 11.146019017928428 57.311302874736995 0.0 1.0 1.0 1 0 0 0.0 1.0 0
cell 59.58503532622295 18.749058506424056 0.0 1.0 1.0 1 0 0 0.0 1.0 0
cell 34.849370025000255 44.53947599990851 0.0 1.6431676725154984 0.6085806194501846 1 0 0 0.743229900364169 0.6690361090439494 1.6757703847175807
cell 36.9629995018486 50.923219312228625 0.0 1.6431676725154984 0.6085806194501846 1 0 0 0.34789131671967727 0.9375348696187514 0.7106419677327844
cell 51.582441777208565 11.750964227616125 0.0 1.6431676725154984 0.6085806194501846 1 0 0 0.44040708230836717 -0.8977981966191685 5.371081215282548
cell 29.103660694873064 24.123078660392505 0.0 1.6431676725154984 0.6085806194501846 1 0 0 0.37907335629582034 0.9253666249366367 0.7775894215083391
cell 56.079923678904365 58.70801244889008 0.0 1.0 1.0 1 0 0 0.0 1.0 0
cell 3.019258300219493 49.92292716659629 0.0 1.0 1.0 1 0 0 0.0 1.0 0
cell 7.3523535889985725 55.212281834447225 0.0 1.0 1.0 1 0 0 0.0 1.0 0
cell 15.422740122856645 44.275712609599815 0.0 1.0 1.0 1 0 0 0.0 1.0 0
cell 5.925632313203807 30.414624419754112 0.0 1.0 1.0 1 0 0 0.0 1.0 0
cell 47.574096305913855 20.88046381537081 0.0 1.0 1.0 1 0 0 0.0 1.0 0
cell 10.615792805715717 32.636172929472686 0.0 1.0 1.0 1 0 0 0.0 1.0 0
cell 20.599220956142766 34.715774800000936 0.0 1.0 1.0 1 0 0 0.0 1.0 0
cell 6.617868337285423 11.591049919149942 0.0 1.0 1.0 1 0 0 0.0 1.0 0
cell 31.36036101533901 50.552206482114634 0.0 1.6431676725154984 0.6085806194501846 1 0 0 0.9830106385918995 0.18354858870377055 2.7724023292143327
cell 2.920526274582974 0.6213123856158467 0.0 1.0 1.0 1 0 0 0.0 1.0 0
cell 20.46586591433314 45.17122319161431 0.0 1.6431676725154984 0.6085806194501846 1 0 0 0.9980520435988273 -0.062386843710870596 3.266447422093054
cell 11.935707786224416 49.763245808019235 0.0 1.0 1.0 1 0 0 0.0 1.0 0
cell 35.63081802620958 48.456023714160025 0.0 1.6431676725154984 0.6085806194501846 1 0 0 0.8174660386131639 0.5759768013679902 1.9139955347048785
cell 11.753722267690598 37.67476409427664 0.0 1.0 1.0 1 0 0 0.0 1.0 0
cell 33.57225209565206 2.539995931671469 0.0 1.6431676725154984 0.6085806194501846 1 0 0 0.9993900099689561 0.0349228861099691 3.0717326761621924
cell 42.308106017215124 23.29855250498682 0.0 1.0 1.0 1 0 0 0.0 1.0 0
cell 4.487216144628804 48.580246008943035 0.0 1.0 1.0 1 0 0 0.0 1.0 0
cell 4.659762554288036 7.1307950459158125 0.0 1.0 1.0 1 0 0 0.0 1.0 0
cell 7.105728191292042 13.304804407895451 0.0 1.0 1.0 1 0 0 0.0 1.0 0
cell 45.27743971191899 2.565021043070245 0.0 1.6431676725154984 0.6085806194501846 1 0 0 0.9936003660970244 -0.11295270024155701 3.36798119502278
cell 48.23615549182288 34.87502790425274 0.0 1.0 1.0 1 0 0 0.0 1.0 0
cell 18.644349160858713 35.05872790581519 0.0 1.0 1.0 1 0 0 0.0 1.0 0
cell 13.65910897101 43.37084781443633 0.0 1.0 1.0 1 0 0 0.0 1.0 0
cell 42.50936711269481 18.610558853608055 0.0 1.0 1.0 1 0 0 0.0 1.0 0
cell 49.273831687445785 49.599106403146074 0.0 1.6431676725154984 0.6085806194501846 1 0 0 -0.09106155988777301 -0.9958452652449604 0.18237576411200074
cell 25.938325013847862 58.02545411358338 0.0 1.6431676725154984 0.6085806194501846 1 0 0 0.8116808454465397 0.5841011942593428 1.8940480993376418
cell 0.22962426260557328 36.12182439979967 0.0 1.0 1.0 1 0 0 0.0 1.0 0
cell 9.995006607226573 51.62443315456044 0.0 1.0 1.0 1 0 0 0.0 1.0 0
cell 10.13848120072603 27.484256739795853 0.0 1.0 1.0 1 0 0 0.0 1.0 0
cell 51.24206485213436 5.121333710210746 0.0 1.0 1.0 1 0 0 0.0 1.0 0
cell 5.2737557473122605 52.34730950833779 0.0 1.0 1.0 1 0 0 0.0 1.0 0
cell 4.706678496451475 9.026804221542184 0.0 1.0 1.0 1 0 0 0.0 1.0 0
cell 27.59870052547898 40.486834766642076 0.0 1.0 1.0 1 0 0 0.0 1.0 0
cell 39.29243308343118 42.990500934331926 0.0 1.0 1.0 1 0 0 0.0 1.0 0
cell 29.727987724332078 34.826413127353106 0.0 1.0 1.0 1 0 0 0.0 1.0 0
cell 10.921170644629115 19.02882415032827 0.0 1.0 1.0 1 0 0 0.0 1.0 0
cell 41.212129430481994 32.92990836346721 0.0 1.6431676725154984 0.6085806194501846 1 0 0 0.8654276505366634 -0.5010339127110967 4.191178747948167
cell 27.191677724474044 31.682435060453553 0.0 1.0 1.0 1 0 0 0.0 1.0 0
cell 23.32538847996092 1.1163954389803803 0.0 1.0 1.0 1 0 0 0.0 1.0 0
cell 29.57010750302892 11.783858364962 0.0 1.0 1.0 1 0 0 0.0 1.0 0
cell 8.129979131651954 8.814650892258914 0.0 1.0 1.0 1 0 0 0.0 1.0 0
cell 3.310709084654373 12.26733150979996 0.0 1.0 1.0 1 0 0 0.0 1.0 0
cell 20.46029770027254 52.13553829601914 0.0 1.0 1.0 1 0 0 0.0 1.0 0
cell 13.249803142230691 6.144575982993432 0.0 1.0 1.0 1 0 0 0.0 1.0 0
cell 4.699915963107414 5.255955890249552 0.0 1.0 1.0 1 0 0 0.0 1.0 0
cell 15.517757871743333 11.034065260288855 0.0 1.0 1.0 1 0 0 0.0 1.0 0
cell 53.566851183259736 15.487451878730772 0.0 1.6431676725154984 0.6085806194501846 1 0 0 0.6760529282827894 0.7368530641588359 1.484785440097089
cell 26.148950646447105 41.5313255691758 0.0 1.6431676725154984 0.6085806194501846 1 0 0 0.747072554125927 -0.6647425056905598 4.595890841665975
cell 8.14474774015867 27.25012869759714 0.0 1.0 1.0 1 0 0 0.0 1.0 0
cell 40.24678449923799 6.668964587028002 0.0 1.0 1.0 1 0 0 0.0 1.0 0
cell 11.692692497984014 31.018711422419614 0.0 1.0 1.0 1 0 0 0.0 1.0 0
cell 19.30338942045662 46.12417364413315 0.0 1.0 1.0 1 0 0 0.0 1.0 0
cell 37.158575780963346 48.90598118448254 0.0 1.6431676725154984 0.6085806194501846 1 0 0 0.6150972496595142 0.7884512498951988 1.3250186064189895
cell 21.220437494411193 17.24989850651207 0.0 1.0 1.0 1 0 0 0.0 1.0 0
cell 23.163830368520102 58.855283952932524 0.0 1.0 1.0 1 0 0 0.0 1.0 0
cell 52.97400233673388 53.39266199142529 0.0 1.6431676725154984 0.6085806194501846 1 0 0 0.5688447602827769 0.8224449152975718 1.2102010618534391
cell 7.737464488523839 47.47510826429432 0.0 1.0 1.0 1 0 0 0.0 1.0 0
cell 34.63321757220741 6.391925698328375 0.0 1.6431676725154984 0.6085806194501846 1 0 0 0.030169474765648543 0.9995447977916572 0.06034810667301781
cell 1.9872508970084786 14.00932343501045 0.0 1.0 1.0 1 0 0 0.0 1.0 0
cell 9.720650822312827 0.19067829722613747 0.0 1.0 1.0 1 0 0 0.0 1.0 0
cell 45.66652223601137 25.117112629917624 0.0 1.0 1.0 1 0 0 0.0 1.0 0
cell 50.10655797364456 27.99111523822602 0.0 1.0 1.0 1 0 0 0.0 1.0 0
cell 28.9514100202502 45.68571960873028 0.0 1.6431676725154984 0.6085806194501846 1 0 0 0.9826835829850222 -0.1852915964951432 3.5143298314186966
cell 15.735796586100042 32.214804960193725 0.0 1.0 1.0 1 0 0 0.0 1.0 0
cell 39.02975150811017 24.752604006876222 0.0 1.0 1.0 1 0 0 0.0 1.0 0
cell 27.55185709878932 11.907605994760448 0.0 1.0 1.0 1 0 0 0.0 1.0 0
cell 16.52804680617286 0.2785910303072164 0.0 1.0 1.0 1 0 0 0.0 1.0 0
cell 19.182238397355288 38.42649783993498 0.0 1.0 1.0 1 0 0 0.0 1.0 0
cell 21.158157976431514 38.03364960633305 0.0 1.0 1.0 1 0 0 0.0 1.0 0
cell 34.892425135061394 19.485035263326047 0.0 1.6431676725154984 0.6085806194501846 1 0 0 0.17882088579143993 -0.9838816447138166 5.923609528242607
cell 45.89563296025266 41.2741031837251 0.0 1.6431676725154984 0.6085806194501846 1 0 0 0.7845724442948697 -0.6200371598970288 4.479172784712136
cell 6.436846865902244 16.432121481602362 0.0 1.0 1.0 1 0 0 0.0 1.0 0
cell 46.72870617277977 26.41429589116058 0.0 1.0 1.0 1 0 0 0.0 1.0 0
cell 27.662803721495415 49.934048498216335 0.0 1.6431676725154984 0.6085806194501846 1 0 0 0.258648316335185 0.9659715567536004 0.5232452811148136
cell 48.06744774038187 6.030234752082984 0.0 1.0 1.0 1 0 0 0.0 1.0 0
cell 27.263382829723216 58.422143491690775 0.0 1.6431676725154984 0.6085806194501846 1 0 0 0.9041846667236347 0.4271417662344313 2.2589340724744944
cell 11.827362856340292 34.26365801871617 0.0 1.0 1.0 1 0 0 0.0 1.0 0
cell 25.25776142202577 32.05111682662984 0.0 1.0 1.0 1 0 0 0.0 1.0 0
cell 9.42305230107036 25.673753098966017 0.0 1.0 1.0 1 0 0 0.0 1.0 0
cell 46.3187630431013 34.37149933551945 0.0 1.0 1.0 1 0 0 0.0 1.0 0
cell 51.41377757348057 39.38285542812843 0.0 1.0 1.0 1 0 0 0.0 1.0 0
cell 49.97681797708945 31.918702745443085 0.0 1.0 1.0 1 0 0 0.0 1.0 0
cell 25.09099090255721 37.39919654533705 0.0 1.0 1.0 1 0 0 0.0 1.0 0
cell 42.472443028009224 26.034728577139912 0.0 1.6431676725154984 0.6085806194501846 1 0 0 -0.29036376402151076 0.956916341454811 5.693971391654348
cell 45.82414473633739 52.030436660257294 0.0 1.6431676725154984 0.6085806194501846 1 0 0 -0.1407583601015839 0.990043980872321 6.000730588468195
cell 34.34257192847517 26.1227317596734 0.0 1.6431676725154984 0.6085806194501846 1 0 0 0.10861398171734478 0.994084001971415 0.21765735311525802
cell 45.89234888315881 22.032816528368947 0.0 1.6431676725154984 0.6085806194501846 1 0 0 0.9975719654240743 -0.06964318918565801 3.280991872275004
cell 50.53432252154862 0.7096057084824895 0.0 1.0 1.0 1 0 0 0.0 1.0 0
cell 10.311794147528596 17.19950170573358 0.0 1.0 1.0 1 0 0 0.0 1.0 0
cell 56.49093501077832 4.563652723288445 0.0 1.0 1.0 1 0 0 0.0 1.0 0
cell 19.482776519207942 11.564915130434231 0.0 1.0 1.0 1 0 0 0.0 1.0 0
cell 5.772326336869338 14.66612703603213 0.0 1.0 1.0 1 0 0 0.0 1.0 0
cell 5.107013012926056 17.890456308475756 0.0 1.0 1.0 1 0 0 0.0 1.0 0
cell 57.96775346408546 4.074910802389523 0.0 1.0 1.0 1 0 0 0.0 1.0 0
cell 30.190790384586954 29.66300812475389 0.0 1.0 1.0 1 0 0 0.0 1.0 0
cell 33.79298134423608 15.99317983168233 0.0 1.0 1.0 1 0 0 0.0 1.0 0
cell 44.49632086814053 44.27193147814281 0.0 1.6431676725154984 0.6085806194501846 1 0 0 0.787756440850486 -0.6159868423096184 4.468868811626814
cell 31.288048486119923 51.8907570601379 0.0 1.6431676725154984 0.6085806194501846 1 0 0 0.13818208623315725 -0.9904068411739957 6.005933994453428
cell 43.393429771095214 51.532958527615556 0.0 1.6431676725154984 0.6085806194501846 1 0 0 -6.55091095141504e-05 0.9999999978542783 6.283054288960464
cell 17.771475680406592 56.79249225551523 0.0 1.0 1.0 1 0 0 0.0 1.0 0
cell 10.871599973479443 29.262138448914904 0.0 1.0 1.0 1 0 0 0.0 1.0 0
cell 29.841703901404152 43.6829863546594 0.0 1.0 1.0 1 0 0 0.0 1.0 0
cell 14.850426089853405 49.32120217237246 0.0 1.0 1.0 1 0 0 0.0 1.0 0
cell 28.349195578198714 52.743772727667455 0.0 1.6431676725154984 0.6085806194501846 1 0 0 -0.009760583726595691 -0.9999523643680813 0.01952147742681376
cell 57.91963903269268 7.991463804673847 0.0 1.0 1.0 1 0 0 0.0 1.0 0
cell 18.06422013300634 23.745137057330673 0.0 1.0 1.0 1 0 0 0.0 1.0 0
cell 35.96766147478294 4.558984802831195 0.0 1.6431676725154984 0.6085806194501846 1 0 0 0.24052489206538338 -0.9706429705596882 5.7973721427240035
cell 56.33697643839437 1.0982319976527553 0.0 1.0 1.0 1 0 0 0.0 1.0 0
cell 32.6831105294548 26.696640221783646 0.0 1.6431676725154984 0.6085806194501846 1 0 0 0.279786202139924 0.96006233187857 0.567142820669629
cell 42.1164301295848 32.51674091884693 0.0 1.6431676725154984 0.6085806194501846 1 0 0 0.8853481699856265 -0.46492861592195234 4.108700616101869
cell 59.165947538601415 51.874519856047634 0.0 1.6431676725154984 0.6085806194501846 1 0 0 0.2298147244865845 -0.9732343974650481 5.819410691825441
cell 31.593523306721913 21.80161835663074 0.0 1.0 1.0 1 0 0 0.0 1.0 0
cell 16.68107306955064 30.44656057577811 0.0 1.0 1.0 1 0 0 0.0 1.0 0
cell 53.28824230709317 32.25678554050397 0.0 1.0 1.0 1 0 0 0.0 1.0 0
cell 49.215715217633445 10.1827444698896 0.0 1.0 1.0 1 0 0 0.0 1.0 0
cell 10.13339283284335 22.35999525188188 0.0 1.0 1.0 1 0 0 0.0 1.0 0
cell 9.802776844994828 34.2879979364678 0.0 1.0 1.0 1 0 0 0.0 1.0 0
cell 29.110748081239542 54.76229620726027 0.0 1.6431676725154984 0.6085806194501846 1 0 0 0.12955079388897575 -0.9915727869414005 6.02335342229851
cell 27.741257142505983 35.141696602469736 0.0 1.0 1.0 1 0 0 0.0 1.0 0
cell 13.255590953951252 48.623093598455384 0.0 1.0 1.0 1 0 0 0.0 1.0 0
cell 44.60890445336039 40.79513366407124 0.0 1.6431676725154984 0.6085806194501846 1 0 0 0.7008078725668027 -0.7133500723686738 4.730126561971819
cell 4.191396349557555 35.56325066901649 0.0 1.0 1.0 1 0 0 0.0 1.0 0
cell 16.030232897339058 40.06166151937007 0.0 1.0 1.0 1 0 0 0.0 1.0 0
cell 49.949612062895994 23.559893020368925 0.0 1.6431676725154984 0.6085806194501846 1 0 0 0.010461880451371317 0.9999452730311901 0.020924142609101935
cell 50.9114796404871 37.04137670327011 0.0 1.0 1.0 1 0 0 0.0 1.0 0
cell 39.48004724689766 37.109660700116734 0.0 1.6431676725154984 0.6085806194501846 1 0 0 -0.3288854504645679 -0.944369821877382 0.670246255429265
cell 47.54274681154777 11.273195004398913 0.0 1.0 1.0 1 0 0 0.0 1.0 0
cell 41.07977234112631 42.15708106448702 0.0 1.0 1.0 1 0 0 0.0 1.0 0
cell 55.58609080726948 36.23085596893072 0.0 1.6431676725154984 0.6085806194501846 1 0 0 0.8862834241841726 0.46314327374623293 2.178515645543046
cell 25.142647250033242 23.8322049925988 0.0 1.6431676725154984 0.6085806194501846 1 0 0 0.9423278227790676 0.33469131213173453 2.4590373917705755
cell 5.606446119915355 54.292812533611404 0.0 1.0 1.0 1 0 0 0.0 1.0 0
cell 36.09721077658723 42.08953844839546 0.0 1.6431676725154984 0.6085806194501846 1 0 0 0.8131076406489274 0.5821133607110687 1.8989418626144845
cell 30.242393585707394 38.26784512089369 0.0 1.0 1.0 1 0 0 0.0 1.0 0
cell 31.117034292338847 45.22475731869339 0.0 1.0 1.0 1 0 0 0.0 1.0 0
cell 3.464413268010112 27.24868477056325 0.0 1.0 1.0 1 0 0 0.0 1.0 0
cell 7.638916647670298 57.031340356107556 0.0 1.0 1.0 1 0 0 0.0 1.0 0
cell 51.59862816792509 35.11641536182989 0.0 1.0 1.0 1 0 0 0.0 1.0 0
cell 46.929202001777 32.47796988347212 0.0 1.0 1.0 1 0 0 0.0 1.0 0
cell 55.58418913899151 10.467482528993687 0.0 1.0 1.0 1 0 0 0.0 1.0 0
cell 24.652944898058333 0.23510723429583186 0.0 1.6431676725154984 0.6085806194501846 1 0 0 0.7100375273903247 0.7041638372548209 1.579103002927677
cell 32.52565424264195 46.17273695385847 0.0 1.6431676725154984 0.6085806194501846 1 0 0 0.4964018867375424 -0.8680928330791633 5.244287324080396
cell 14.919292978608532 36.23923856474789 0.0 1.0 1.0 1 0 0 0.0 1.0 0
cell 53.384950273337736 50.92136620258126 0.0 1.0 1.0 1 0 0 0.0 1.0 0
cell 1.176317113504953 17.221404925628036 0.0 1.0 1.0 1 0 0 0.0 1.0 0
cell 42.024050161103354 47.82473122816744 0.0 1.0 1.0 1 0 0 0.0 1.0 0
cell 48.68534266258851 7.910002196985392 0.0 1.0 1.0 1 0 0 0.0 1.0 0
cell 54.917503534913074 45.67004355319686 0.0 1.0 1.0 1 0 0 0.0 1.0 0
cell 35.01712592453861 35.59401355212093 0.0 1.0 1.0 1 0 0 0.0 1.0 0
cell 58.19918754675255 44.95122457681195 0.0 1.0 1.0 1 0 0 0.0 1.0 0
cell 18.498962379020035 7.707663267376555 0.0 1.0 1.0 1 0 0 0.0 1.0 0
cell 1.4167846564747477 5.594865783928305 0.0 1.0 1.0 1 0 0 0.0 1.0 0
cell 9.543388451118451 20.527697785671446 0.0 1.0 1.0 1 0 0 0.0 1.0 0
cell 11.299029729880006 59.16179818512942 0.0 1.0 1.0 1 0 0 0.0 1.0 0
cell 55.0038636711811 7.663287344233267 0.0 1.0 1.0 1 0 0 0.0 1.0 0
cell 2.635086282940473 48.04803843908893 0.0 1.0 1.0 1 0 0 0.0 1.0 0
cell 6.351086747749999 6.085885214633666 0.0 1.0 1.0 1 0 0 0.0 1.0 0
cell 30.919276652224806 17.80535610129939 0.0 1.0 1.0 1 0 0 0.0 1.0 0
cell 34.62931297115973 14.421258344565413 0.0 1.0 1.0 1 0 0 0.0 1.0 0
cell 47.369385987312135 19.04414508346633 0.0 1.6431676725154984 0.6085806194501846 1 0 0 -0.9365489039148918 -0.35053694609244085 2.425303920962806
cell 24.10106278709393 19.931415549311627 0.0 1.0 1.0 1 0 0 0.0 1.0 0
cell 37.6721715969388 4.750679429962666 0.0 1.6431676725154984 0.6085806194501846 1 0 0 0.4050271605823163 -0.9143046533790729 5.449168233787998
cell 4.95068492283081 28.56502335512814 0.0 1.0 1.0 1 0 0 0.0 1.0 0
cell 44.022375617744046 22.81489533308992 0.0 1.0 1.0 1 0 0 0.0 1.0 0
cell 37.61321665696709 9.000254922084132 0.0 1.0 1.0 1 0 0 0.0 1.0 0
cell 16.639184971615553 2.177776788890756 0.0 1.0 1.0 1 0 0 0.0 1.0 0
cell 27.007360464664607 1.982066524049695 0.0 1.6431676725154984 0.6085806194501846 1 0 0 0.9291073881639155 0.3698100340164221 2.3839835503201283
cell 24.90935424598261 16.393499197353176 0.0 1.0 1.0 1 0 0 0.0 1.0 0
cell 7.920870256317787 34.13652148250598 0.0 1.0 1.0 1 0 0 0.0 1.0 0
cell 1.1948851442415016 49.39643193386733 0.0 1.0 1.0 1 0 0 0.0 1.0 0
cell 25.13515537164671 3.5963372292957936 0.0 1.6431676725154984 0.6085806194501846 1 0 0 0.585413439265653 0.8107349166818706 1.250779840177715
cell 1.418227845126046 55.151001363922006 0.0 1.0 1.0 1 0 0 0.0 1.0 0
cell 51.40581630880795 57.942748846618294 0.0 1.6431676725154984 0.6085806194501846 1 0 0 0.5129115751662636 0.8584414459125691 1.0771461324749352
cell 1.6280183252403149 44.41803362020181 0.0 1.0 1.0 1 0 0 0.0 1.0 0
cell 45.53746617731785 18.626011561618952 0.0 1.6431676725154984 0.6085806194501846 1 0 0 -0.7339804034505255 0.6791706467086189 4.63485686120227
cell 23.819698513024573 35.85816891488721 0.0 1.0 1.0 1 0 0 0.0 1.0 0
cell 56.829052016671554 37.302931210036526 0.0 1.0 1.0 1 0 0 0.0 1.0 0
cell 54.43358781744409 57.95429035024704 0.0 1.6431676725154984 0.6085806194501846 1 0 0 0.6863532841473265 0.727268292544216 1.5129256919636025
cell 16.77783794871971 14.82638648576782 0.0 1.0 1.0 1 0 0 0.0 1.0 0
cell 34.692916286206625 10.868315045335683 0.0 1.0 1.0 1 0 0 0.0 1.0 0
cell 49.97039853794501 40.42193297631639 0.0 1.0 1.0 1 0 0 0.0 1.0 0
cell 42.73416014586936 9.336493472960314 0.0 1.0 1.0 1 0 0 0.0 1.0 0
cell 53.465082133444426 30.332569617433144 0.0 1.0 1.0 1 0 0 0.0 1.0 0
cell 27.018342892931884 37.03860841889895 0.0 1.0 1.0 1 0 0 0.0 1.0 0
cell 58.155390578361484 26.073051746285433 0.0 1.6431676725154984 0.6085806194501846 1 0 0 0.9858346706709971 0.16772001103925208 2.8045597294573934
cell 59.06677616065025 33.31948190319896 0.0 1.0 1.0 1 0 0 0.0 1.0 0
cell 7.616399341022101 20.155875889245507 0.0 1.0 1.0 1 0 0 0.0 1.0 0
cell 29.72565608072587 58.168242257383646 0.0 1.6431676725154984 0.6085806194501846 1 0 0 0.836786494278796 -0.5475293261484745 4.300410257935902
cell 44.81123992723781 6.733972586884591 0.0 1.0 1.0 1 0 0 0.0 1.0 0
cell 6.195054140298135 21.62321595645931 0.0 1.0 1.0 1 0 0 0.0 1.0 0
cell 40.450173312673876 48.96380528417088 0.0 1.0 1.0 1 0 0 0.0 1.0 0
cell 13.61013820609297 10.557671184473625 0.0 1.0 1.0 1 0 0 0.0 1.0 0
cell 12.934174247684366 14.108791050637116 0.0 1.0 1.0 1 0 0 0.0 1.0 0
cell 36.46586153656757 1.6625376888634456 0.0 1.6431676725154984 0.6085806194501846 1 0 0 0.15593702056329203 0.9877669996602657 0.3131520151189202
cell 45.279598864071865 32.8727800682259 0.0 1.0 1.0 1 0 0 0.0 1.0 0
cell 33.98738463909555 3.960664208502035 0.0 1.6431676725154984 0.6085806194501846 1 0 0 0.9957792271191668 0.09178088492684593 2.957772189413995
cell 30.538204595738918 1.6380391400908292 0.0 1.6431676725154984 0.6085806194501846 1 0 0 0.03180367000989348 0.9994941353374225 0.06361806775906421
cell 0.8953651982050039 34.493933139745394 0.0 1.0 1.0 1 0 0 0.0 1.0 0
cell 33.532045209339586 54.05702532567995 0.0 1.6431676725154984 0.6085806194501846 1 0 0 0.81439417706379 0.5803120922095215 1.9033689366649424
cell 59.342597639555486 39.510197074725596 0.0 1.0 1.0 1 0 0 0.0 1.0 0
cell 15.468535841760971 21.550853519259295 0.0 1.0 1.0 1 0 0 0.0 1.0 0
cell 7.9104755802371125 42.15557172325694 0.0 1.0 1.0 1 0 0 0.0 1.0 0
cell 0.9010112229185399 1.7407601907305126 0.0 1.0 1.0 1 0 0 0.0 1.0 0
cell 16.965180029276183 9.650353876961253 0.0 1.0 1.0 1 0 0 0.0 1.0 0
cell 12.241704335314788 44.79351553588295 0.0 1.0 1.0 1 0 0 0.0 1.0 0
cell 32.999687342759685 11.807300929182729 0.0 1.6431676725154984 0.6085806194501846 1 0 0 0.8309312994156464 -0.556375031477353 4.321626371143853
cell 22.606495461910185 34.34639974171716 0.0 1.0 1.0 1 0 0 0.0 1.0 0
cell 10.320974167804708 11.964228735573046 0.0 1.0 1.0 1 0 0 0.0 1.0 0
cell 31.98313896925686 55.89904738564424 0.0 1.6431676725154984 0.6085806194501846 1 0 0 0.7929997643020201 0.6092219413456319 1.831434529678426
cell 26.74149064868493 16.991939686124073 0.0 1.0 1.0 1 0 0 0.0 1.0 0
cell 29.683180677532604 7.004218779650343 0.0 1.6431676725154984 0.6085806194501846 1 0 0 0.1654684783079812 0.9862150793242016 0.33246603781938633
cell 27.234624697493356 24.861733511730016 0.0 1.6431676725154984 0.6085806194501846 1 0 0 -0.016319783356622895 -0.999866823467602 0.03264101573187439
cell 49.820331375832545 6.34595598251923 0.0 1.0 1.0 1 0 0 0.0 1.0 0
cell 18.812649133628014 20.422141258065825 0.0 1.0 1.0 1 0 0 0.0 1.0 0
cell 18.676930852001387 25.5574390330905 0.0 1.0 1.0 1 0 0 0.0 1.0 0
cell 35.66974422455894 31.731192723909658 0.0 1.0 1.0 1 0 0 0.0 1.0 0
cell 59.343465400793235 2.9801605734999397 0.0 1.0 1.0 1 0 0 0.0 1.0 0
cell 56.38238410960296 44.36301968744395 0.0 1.0 1.0 1 0 0 0.0 1.0 0
cell 41.36144895742265 56.37031492653315 0.0 1.6431676725154984 0.6085806194501846 1 0 0 0.21045874345873689 -0.9776027400236609 5.859096928128151
cell 40.90787808859092 10.005213376563884 0.0 1.0 1.0 1 0 0 0.0 1.0 0
cell 21.43724647309884 22.71745386101222 0.0 1.0 1.0 1 0 0 0.0 1.0 0
cell 15.003365029381397 9.15182258940527 0.0 1.0 1.0 1 0 0 0.0 1.0 0
cell 31.002977754771187 27.346584044912852 0.0 1.6431676725154984 0.6085806194501846 1 0 0 0.07500950900906198 0.9971828185233736 0.15016005389328874
cell 54.72920466351917 12.17023427455327 0.0 1.0 1.0 1 0 0 0.0 1.0 0
cell 7.7206964472229815 30.707020684594887 0.0 1.0 1.0 1 0 0 0.0 1.0 0
cell 12.285697514807316 12.29043046552149 0.0 1.0 1.0 1 0 0 0.0 1.0 0
cell 19.436759498142866 22.296791767327477 0.0 1.0 1.0 1 0 0 0.0 1.0 0
cell 10.897734635304246 53.394409208204394 0.0 1.0 1.0 1 0 0 0.0 1.0 0
cell 12.825684414060024 29.56162744824901 0.0 1.0 1.0 1 0 0 0.0 1.0 0
cell 21.345774308869807 58.06365052107318 0.0 1.0 1.0 1 0 0 0.0 1.0 0
cell 58.18011519631968 27.431674000553127 0.0 1.6431676725154984 0.6085806194501846 1 0 0 0.04610078008254468 0.998936793834215 0.09223425049055488
cell 37.841367113875535 37.260164915296315 0.0 1.6431676725154984 0.6085806194501846 1 0 0 0.3719323053007546 0.9282598560067468 0.7621795948994485
cell 48.86088873605182 36.797016270247546 0.0 1.0 1.0 1 0 0 0.0 1.0 0
cell 55.139106399789625 29.89471354043021 0.0 1.6431676725154984 0.6085806194501846 1 0 0 0.9624801497595499 -0.2713520984234954 3.691187774394634
cell 57.874363270429086 5.990511831352243 0.0 1.0 1.0 1 0 0 0.0 1.0 0
cell 16.369522734356167 58.18317461415872 0.0 1.0 1.0 1 0 0 0.0 1.0 0
cell 49.9412039406309 11.465809920170619 0.0 1.6431676725154984 0.6085806194501846 1 0 0 0.23022136543084887 -0.9731382855993055 5.8185750020484805
cell 3.4402452448754253 2.4645968329900887 0.0 1.0 1.0 1 0 0 0.0 1.0 0
cell 56.938378304319826 24.921658101551046 0.0 1.0 1.0 1 0 0 0.0 1.0 0
cell 5.364289213844383 39.872825313434696 0.0 1.0 1.0 1 0 0 0.0 1.0 0
cell 21.597541234227045 3.6455280991870596 0.0 1.6431676725154984 0.6085806194501846 1 0 0 0.9580172255329553 -0.28671064783530203 3.723175783760211
cell 9.111079201516079 13.575199500158718 0.0 1.0 1.0 1 0 0 0.0 1.0 0
cell 48.069938944302336 46.15802256149705 0.0 1.6431676725154984 0.6085806194501846 1 0 0 0.9559254773537353 -0.29360940336786434 3.737593614859657
cell 56.25637029226873 8.803133948080918 0.0 1.0 1.0 1 0 0 0.0 1.0 0
cell 19.932260782653643 1.7747992363482032 0.0 1.0 1.0 1 0 0 0.0 1.0 0
cell 22.046399359485793 13.696360346442713 0.0 1.0 1.0 1 0 0 0.0 1.0 0
cell 30.618368369213933 14.152567911663356 0.0 1.0 1.0 1 0 0 0.0 1.0 0
cell 11.59277834091192 7.094094406324064 0.0 1.0 1.0 1 0 0 0.0 1.0 0
cell 6.359444872403228 0.29175932772958896 0.0 1.0 1.0 1 0 0 0.0 1.0 0
cell 56.426191596555306 6.821504085039995 0.0 1.0 1.0 1 0 0 0.0 1.0 0
cell 40.21863382434733 35.21328799778937 0.0 1.6431676725154984 0.6085806194501846 1 0 0 0.7375461292623892 -0.6752967549233945 4.624326618627837
cell 50.55418970578303 16.522392420949682 0.0 1.0 1.0 1 0 0 0.0 1.0 0
cell 21.303402492155413 32.874800261853046 0.0 1.0 1.0 1 0 0 0.0 1.0 0
cell 8.61446269246499 32.476565081620365 0.0 1.0 1.0 1 0 0 0.0 1.0 0
cell 55.27276751701735 27.006628893203068 0.0 1.6431676725154984 0.6085806194501846 1 0 0 0.33078934967760043 0.9437046180558142 0.6742797798019252
cell 29.579012411361802 40.13036901483138 0.0 1.0 1.0 1 0 0 0.0 1.0 0
cell 9.175150900753065 55.9452203437269 0.0 1.0 1.0 1 0 0 0.0 1.0 0
cell 52.5089270354492 17.3533926877104 0.0 1.0 1.0 1 0 0 0.0 1.0 0
cell 55.07987326321553 4.98168254334925 0.0 1.6431676725154984 0.6085806194501846 1 0 0 -0.3046599127369397 -0.9524612000344792 0.6191626946756124
cell 55.672265121650106 28.767514599186065 0.0 1.6431676725154984 0.6085806194501846 1 0 0 0.37011243717707715 0.9289869664569272 0.758260099613813
cell 55.778139169641605 47.81173992673894 0.0 1.0 1.0 1 0 0 0.0 1.0 0
cell 23.03563493268942 56.843208614496824 0.0 1.0 1.0 1 0 0 0.0 1.0 0
cell 14.112048842206775 28.19637700930022 0.0 1.0 1.0 1 0 0 0.0 1.0 0
cell 4.752316649393556 31.644876746755436 0.0 1.0 1.0 1 0 0 0.0 1.0 0
cell 40.60483832555095 11.85334906555681 0.0 1.0 1.0 1 0 0 0.0 1.0 0
cell 38.02785805967271 46.26912241850905 0.0 1.0 1.0 1 0 0 0.0 1.0 0
cell 37.303299484844196 14.717624582691862 0.0 1.6431676725154984 0.6085806194501846 1 0 0 0.7041826354877142 -0.7100188841696937 4.720642705852302
cell 13.048470865514695 0.44518322241025327 0.0 1.0 1.0 1 0 0 0.0 1.0 0
cell 54.13148223284189 18.065753016875323 0.0 1.6431676725154984 0.6085806194501846 1 0 0 0.7433491682264485 0.6689035910331528 1.6761269564284182
cell 18.979940922013025 53.50591298707113 0.0 1.0 1.0 1 0 0 0.0 1.0 0
cell 32.998739782973566 35.98060638051349 0.0 1.0 1.0 1 0 0 0.0 1.0 0
cell 8.50821017195625 44.0566604490373 0.0 1.0 1.0 1 0 0 0.0 1.0 0
cell 29.787246625645484 15.80926324124356 0.0 1.0 1.0 1 0 0 0.0 1.0 0
cell 26.41464598887331 20.540057555225022 0.0 1.0 1.0 1 0 0 0.0 1.0 0
cell 6.947474492041844 28.783533971681685 0.0 1.0 1.0 1 0 0 0.0 1.0 0
cell 44.01925898257131 59.108061094843805 0.0 1.0 1.0 1 0 0 0.0 1.0 0
cell 42.40866819770736 11.303899951251072 0.0 1.0 1.0 1 0 0 0.0 1.0 0
cell 40.693126177857465 54.00776989034023 0.0 1.6431676725154984 0.6085806194501846 1 0 0 0.0829473506771396 0.9965539308113955 0.16608552595774598
cell 35.72916098440085 27.10845706406569 0.0 1.6431676725154984 0.6085806194501846 1 0 0 -0.12231471740625531 0.9924913651542908 6.037941749782176
cell 14.727071966743662 24.862640357784535 0.0 1.0 1.0 1 0 0 0.0 1.0 0
cell 50.292873621614596 58.133414301516325 0.0 1.6431676725154984 0.6085806194501846 1 0 0 -0.3737125833034096 -0.9275445569247291 0.7660168041315059
cell 40.77617071008807 59.32059842748091 0.0 1.6431676725154984 0.6085806194501846 1 0 0 0.3575977872452776 -0.9338756997359344 5.551796671356316
cell 33.742362240271945 32.11033199970506 0.0 1.0 1.0 1 0 0 0.0 1.0 0
cell 41.74772033287018 5.689659036485258 0.0 1.0 1.0 1 0 0 0.0 1.0 0
cell 47.664604370261266 9.317423271507979 0.0 1.0 1.0 1 0 0 0.0 1.0 0
cell 47.051021640666306 44.156177333880684 0.0 1.6431676725154984 0.6085806194501846 1 0 0 0.9266844657243194 -0.3758402599313075 3.9121993453092445
cell 11.411339046856693 25.9845522099435 0.0 1.0 1.0 1 0 0 0.0 1.0 0
cell 57.05029397441198 54.8343055257885 0.0 1.0 1.0 1 0 0 0.0 1.0 0
cell 42.26688463109901 59.71243878906367 0.0 1.0 1.0 1 0 0 0.0 1.0 0
cell 1.2064611402638656 59.50776316621098 0.0 1.0 1.0 1 0 0 0.0 1.0 0
cell 25.96863530947031 14.568179887697312 0.0 1.0 1.0 1 0 0 0.0 1.0 0
cell 12.242316565851953 17.525064930698626 0.0 1.0 1.0 1 0 0 0.0 1.0 0
cell 2.2046151883019185 36.0037484145508 0.0 1.0 1.0 1 0 0 0.0 1.0 0
cell 17.99862178902821 49.55134679572016 0.0 1.6431676725154984 0.6085806194501846 1 0 0 0.9775023786646937 0.21092439333767396 2.716551589456249
cell 46.628896585033445 39.90401616877246 0.0 1.6431676725154984 0.6085806194501846 1 0 0 0.8127480173138039 -0.5826153622695516 4.385478490345634
cell 59.42524043029508 10.832981753132248 0.0 1.0 1.0 1 0 0 0.0 1.0 0
cell 3.1663120381918812 10.30054660358609 0.0 1.0 1.0 1 0 0 0.0 1.0 0
cell 46.25436113744662 49.72760792949282 0.0 1.6431676725154984 0.6085806194501846 1 0 0 0.057823060202998454 0.9983268471341239 0.11571066148215893
cell 11.571320314825696 51.438244769347 0.0 1.0 1.0 1 0 0 0.0 1.0 0
cell 35.82662476762091 25.415886704008603 0.0 1.0 1.0 1 0 0 0.0 1.0 0
cell 13.556573205966302 15.998221276333206 0.0 1.0 1.0 1 0 0 0.0 1.0 0
cell 41.431809958305784 3.7085892655285284 0.0 1.0 1.0 1 0 0 0.0 1.0 0
cell 21.579007500603918 41.37207037974478 0.0 1.0 1.0 1 0 0 0.0 1.0 0
cell 30.500579073642935 32.9018596534972 0.0 1.0 1.0 1 0 0 0.0 1.0 0
cell 40.714480865168895 17.783949224502653 0.0 1.0 1.0 1 0 0 0.0 1.0 0
cell 47.009786732213 48.39567624036168 0.0 1.0 1.0 1 0 0 0.0 1.0 0
cell 50.81277286248498 55.638457135937216 0.0 1.6431676725154984 0.6085806194501846 1 0 0 -0.5045755722745774 -0.8633675300031747 1.0577805980190043
cell 41.337838245045965 1.7454568709986589 0.0 1.0 1.0 1 0 0 0.0 1.0 0
cell 51.43549915910013 22.513302084863945 0.0 1.6431676725154984 0.6085806194501846 1 0 0 0.9998327271708026 0.018289824444081143 3.105010964971367
cell 48.5002405468365 28.945907193873662 0.0 1.0 1.0 1 0 0 0.0 1.0 0
cell 49.94239943258322 33.835554350651485 0.0 1.0 1.0 1 0 0 0.0 1.0 0
cell 57.54830959374473 57.40506327252753 0.0 1.0 1.0 1 0 0 0.0 1.0 0
cell 26.18339977406405 29.299797496814957 0.0 1.6431676725154984 0.6085806194501846 1 0 0 0.6583610647099659 -0.7527022708043068 4.845906747287862
cell 1.1487763016760268 32.504147254675836 0.0 1.0 1.0 1 0 0 0.0 1.0 0
cell 0.3618433689099311 41.208647306006874 0.0 1.0 1.0 1 0 0 0.0 1.0 0
cell 45.39335711743392 20.84411392187242 0.0 1.6431676725154984 0.6085806194501846 1 0 0 0.07056112110455559 0.9975074577107022 0.14123961028763213
cell 39.076504903057504 18.832385332382717 0.0 1.6431676725154984 0.6085806194501846 1 0 0 0.7456100380046102 0.6663825262015531 1.6828996400906595
cell 39.20668358543963 13.46455165700127 0.0 1.6431676725154984 0.6085806194501846 1 0 0 -0.10708125186475607 -0.9942502730696515 0.2145739087100953
cell 59.466310945170406 28.800258543812237 0.0 1.6431676725154984 0.6085806194501846 1 0 0 0.9573287058908908 0.2890012956325148 2.5552257469379778
cell 43.84421582153716 37.74854616164979 0.0 1.6431676725154984 0.6085806194501846 1 0 0 0.7909956047550513 -0.6118218313023742 4.458316169478457
cell 10.352702545791727 44.409753923860954 0.0 1.0 1.0 1 0 0 0.0 1.0 0
cell 8.508857366744815 38.84290135823804 0.0 1.0 1.0 1 0 0 0.0 1.0 0
cell 32.64895007528665 14.189344768571559 0.0 1.0 1.0 1 0 0 0.0 1.0 0
cell 52.18112548013104 54.06412811386426 0.0 1.6431676725154984 0.6085806194501846 1 0 0 0.547979599742347 0.8364916964717684 1.1598939910115016
cell 41.280561440460346 8.109069958598434 0.0 1.0 1.0 1 0 0 0.0 1.0 0
cell 58.171917539274986 41.094391064538385 0.0 1.0 1.0 1 0 0 0.0 1.0 0
cell 39.552203279395265 44.95874263715798 0.0 1.0 1.0 1 0 0 0.0 1.0 0
cell 48.24735085495751 30.949516754783556 0.0 1.0 1.0 1 0 0 0.0 1.0 0
cell 43.88065902556906 35.20423221245761 0.0 1.6431676725154984 0.6085806194501846 1 0 0 0.8288591132560084 -0.5594573892375213 4.329054668580044
cell 29.657494104464792 22.370470731802065 0.0 1.0 1.0 1 0 0 0.0 1.0 0
cell 13.25486880821142 8.164315879401913 0.0 1.0 1.0 1 0 0 0.0 1.0 0
cell 4.389539585597148 57.215071612982996 0.0 1.0 1.0 1 0 0 0.0 1.0 0
cell 45.268227212014416 0.9174218157977156 0.0 1.0 1.0 1 0 0 0.0 1.0 0
cell 22.67777257967183 54.819503491397064 0.0 1.0 1.0 1 0 0 0.0 1.0 0
cell 43.82800518276724 33.232702783525106 0.0 1.6431676725154984 0.6085806194501846 1 0 0 0.9080671303178853 -0.41882464927012203 4.00589383296717
cell 21.58856094233519 5.253498869211658 0.0 1.0 1.0 1 0 0 0.0 1.0 0
cell 2.528654388206683 15.763860478899865 0.0 1.0 1.0 1 0 0 0.0 1.0 0
cell 51.871894217539484 27.134121564568243 0.0 1.0 1.0 1 0 0 0.0 1.0 0
cell 31.384475207972052 4.432763157978338 0.0 1.6431676725154984 0.6085806194501846 1 0 0 0.9027826370648023 0.4300970939384751 2.252392005968334
cell 27.509280158472492 47.95079546150741 0.0 1.6431676725154984 0.6085806194501846 1 0 0 0.9946933955445802 0.10288366663369485 2.9354605706895405
cell 44.83455330436702 29.71477715630099 0.0 1.0 1.0 1 0 0 0.0 1.0 0
cell 52.63172325114003 58.755104106346415 0.0 1.6431676725154984 0.6085806194501846 1 0 0 0.6581246613941356 0.7529089786055513 1.436650500519877
cell 34.77129017389652 47.41931988160669 0.0 1.6431676725154984 0.6085806194501846 1 0 0 0.8261072429060822 0.5635129308348755 1.9443285457308346
cell 21.91164600004281 30.98685662050122 0.0 1.0 1.0 1 0 0 0.0 1.0 0
cell 45.32513309660541 47.52738896725377 0.0 1.0 1.0 1 0 0 0.0 1.0 0
cell 18.34761498006551 3.0556686060778513 0.0 1.0 1.0 1 0 0 0.0 1.0 0
cell 53.00047423801957 25.4748260718291 0.0 1.0 1.0 1 0 0 0.0 1.0 0
cell 53.26788694006893 7.2837467697057 0.0 1.0 1.0 1 0 0 0.0 1.0 0
cell 16.771447423151223 35.47780691885898 0.0 1.0 1.0 1 0 0 0.0 1.0 0
cell 40.85178182123248 25.70618821182721 0.0 1.6431676725154984 0.6085806194501846 1 0 0 -0.0780193182739262 0.9969518473708104 6.126987933879909
cell 47.82551051131803 43.06388781111428 0.0 1.0 1.0 1 0 0 0.0 1.0 0
cell 45.597653463213106 56.82402266270146 0.0 1.6431676725154984 0.6085806194501846 1 0 0 0.43482167335993094 -0.9005165808448334 5.383504826673145
cell 31.673112450725043 5.8732863418456756 0.0 1.6431676725154984 0.6085806194501846 1 0 0 0.9787294489293833 0.20515522366828923 2.728348050106025
cell 51.340539823411 44.566975080314776 0.0 1.0 1.0 1 0 0 0.0 1.0 0
cell 14.253656592083098 39.78312882744802 0.0 1.0 1.0 1 0 0 0.0 1.0 0
cell 9.844675891633628 6.100410299303538 0.0 1.0 1.0 1 0 0 0.0 1.0 0
cell 31.47454629647265 39.869800274018 0.0 1.0 1.0 1 0 0 0.0 1.0 0
cell 14.126479490821646 45.388368576512065 0.0 1.0 1.0 1 0 0 0.0 1.0 0
cell 31.02225582639387 36.40891851222991 0.0 1.0 1.0 1 0 0 0.0 1.0 0
cell 52.028739973819015 15.432578662829421 0.0 1.0 1.0 1 0 0 0.0 1.0 0
cell 14.851251564697826 1.3305513316857376 0.0 1.0 1.0 1 0 0 0.0 1.0 0
cell 17.47232276870378 45.36841337479759 0.0 1.0 1.0 1 0 0 0.0 1.0 0
cell 37.27782758382135 17.932694546135373 0.0 1.6431676725154984 0.6085806194501846 1 0 0 -0.16769592246610032 0.9858387685561183 5.946201252343027
cell 37.06078728115775 34.72273365920388 0.0 1.0 1.0 1 0 0 0.0 1.0 0
cell 18.935592184602367 9.646558080265654 0.0 1.0 1.0 1 0 0 0.0 1.0 0
cell 11.553971249689102 5.162665917964654 0.0 1.0 1.0 1 0 0 0.0 1.0 0
cell 39.786563114548244 31.998143839110217 0.0 1.6431676725154984 0.6085806194501846 1 0 0 0.8107768956134845 -0.5853552985489759 4.392229070287738
cell 53.248432644691746 21.581976208080732 0.0 1.6431676725154984 0.6085806194501846 1 0 0 -0.08820535735047279 -0.9961023114794361 0.17664027064173027
cell 59.26201357010872 55.4059197144929 0.0 1.0 1.0 1 0 0 0.0 1.0 0
cell 47.794196369633525 56.548652986933845 0.0 1.6431676725154984 0.6085806194501846 1 0 0 0.5014705433900938 -0.8651747188354755 5.232590013533242
cell 3.1099024178907335 4.450577992911764 0.0 1.0 1.0 1 0 0 0.0 1.0 0
cell 0.7416201717766232 47.45198142291196 0.0 1.0 1.0 1 0 0 0.0 1.0 0
cell 49.86497532980438 18.38808890651539 0.0 1.0 1.0 1 0 0 0.0 1.0 0
cell 11.13370356462524 41.05953719775541 0.0 1.0 1.0 1 0 0 0.0 1.0 0
cell 34.54313636700101 8.87488340340987 0.0 1.0 1.0 1 0 0 0.0 1.0 0
cell 18.70075208527159 15.15631906993562 0.0 1.0 1.0 1 0 0 0.0 1.0 0
cell 40.50154557085416 52.45820729315796 0.0 1.6431676725154984 0.6085806194501846 1 0 0 -0.11550485798822177 0.9933069151984802 6.0516588182095745
cell 32.14381593938206 19.566293775030655 0.0 1.0 1.0 1 0 0 0.0 1.0 0
cell 59.18199246992683 58.57725691008385 0.0 1.0 1.0 1 0 0 0.0 1.0 0
cell 57.556090251920395 10.295193044544252 0.0 1.0 1.0 1 0 0 0.0 1.0 0
cell 14.201693098588883 55.9514605487521 0.0 1.6431676725154984 0.6085806194501846 1 0 0 0.8329901162521335 0.5532878692202253 1.9689803411230546
cell 43.34749695645368 39.76111470512718 0.0 1.6431676725154984 0.6085806194501846 1 0 0 0.7799133961584698 -0.6258874455463713 4.494130435921136
cell 50.44534978016227 26.08319973274629 0.0 1.6431676725154984 0.6085806194501846 1 0 0 -0.23790415341939988 0.9712886356721151 5.802770349430216
cell 4.1854564419576175 41.43517290789785 0.0 1.0 1.0 1 0 0 0.0 1.0 0
cell 39.04385656839051 10.352527441732216 0.0 1.0 1.0 1 0 0 0.0 1.0 0
cell 55.556087427009274 25.588404161045542 0.0 1.6431676725154984 0.6085806194501846 1 0 0 0.45705259514904223 0.8894396692679756 0.9493571781142205
cell 52.96530704047262 12.27240594624624 0.0 1.0 1.0 1 0 0 0.0 1.0 0
cell 26.271482107591805 53.68235100074432 0.0 1.6431676725154984 0.6085806194501846 1 0 0 0.9984564447787206 -0.05554032660902937 3.252730495159514
cell 54.826376654586426 32.30025560001846 0.0 1.6431676725154984 0.6085806194501846 1 0 0 0.7080420966153963 0.70617022694282 1.5734435510458158
cell 29.968835877094392 3.543560661943023 0.0 1.0 1.0 1 0 0 0.0 1.0 0
cell 37.85984160821735 40.32968193375333 0.0 1.0 1.0 1 0 0 0.0 1.0 0
cell 8.264393622996247 51.29186793050553 0.0 1.0 1.0 1 0 0 0.0 1.0 0
cell 44.737053595357054 26.636918875122667 0.0 1.0 1.0 1 0 0 0.0 1.0 0
cell 20.065948290883757 24.144316189638936 0.0 1.0 1.0 1 0 0 0.0 1.0 0
cell 2.2806543451297676 21.78191684683592 0.0 1.0 1.0 1 0 0 0.0 1.0 0
cell 51.70361232402824 49.69801027024395 0.0 1.6431676725154984 0.6085806194501846 1 0 0 0.17914335263106398 0.9838229816425831 0.3602312977225086
cell 6.191637670883847 34.560840857584985 0.0 1.0 1.0 1 0 0 0.0 1.0 0
cell 26.32617324929499 38.91735298388463 0.0 1.0 1.0 1 0 0 0.0 1.0 0
cell 0.6181898616716955 15.441964899821704 0.0 1.0 1.0 1 0 0 0.0 1.0 0
cell 47.21526005850748 12.990998985841447 0.0 1.6431676725154984 0.6085806194501846 1 0 0 -0.17221637106107981 0.985059146213339 5.937026874239766
cell 5.893444190141885 47.11605710965741 0.0 1.0 1.0 1 0 0 0.0 1.0 0
cell 34.84446414592544 12.63243200720676 0.0 1.0 1.0 1 0 0 0.0 1.0 0
cell 31.68063374286704 34.477669881508604 0.0 1.0 1.0 1 0 0 0.0 1.0 0
cell 42.99692752222549 42.60214934635144 0.0 1.0 1.0 1 0 0 0.0 1.0 0
cell 9.011323216213901 45.93011000741755 0.0 1.0 1.0 1 0 0 0.0 1.0 0
cell 2.6586866805783647 20.367017038678494 0.0 1.6431676725154984 0.6085806194501846 1 0 0 0.9914488094469457 -0.1304962001218197 3.40333153971168
cell 3.8621298276083555 55.29455489411045 0.0 1.0 1.0 1 0 0 0.0 1.0 0
cell 37.22593346010302 30.493456559261414 0.0 1.0 1.0 1 0 0 0.0 1.0 0
cell 33.817273158446454 28.244317326900397 0.0 1.6431676725154984 0.6085806194501846 1 0 0 0.06425108349332698 0.9979337644703348 0.12859074544825302
cell 38.59303272019954 54.875874872938375 0.0 1.6431676725154984 0.6085806194501846 1 0 0 -0.03804850277581338 0.9992758935531864 6.207069928862213
cell 4.5906747462628275 59.19601121337359 0.0 1.0 1.0 1 0 0 0.0 1.0 0
cell 18.395143705238436 5.104764344164396 0.0 1.0 1.0 1 0 0 0.0 1.0 0
cell 8.10415745820619 3.188457055188569 0.0 1.0 1.0 1 0 0 0.0 1.0 0
cell 19.382234562164903 55.46858567509958 0.0 1.0 1.0 1 0 0 0.0 1.0 0
cell 8.97475325633824 52.963460798748784 0.0 1.0 1.0 1 0 0 0.0 1.0 0
cell 4.495803577379573 16.042138053231138 0.0 1.0 1.0 1 0 0 0.0 1.0 0
cell 56.53064653335793 12.217684493146292 0.0 1.0 1.0 1 0 0 0.0 1.0 0
cell 9.774333859056151 42.56325808499074 0.0 1.0 1.0 1 0 0 0.0 1.0 0
cell 54.28748860609843 40.25217288641198 0.0 1.0 1.0 1 0 0 0.0 1.0 0
cell 37.57883591590087 42.306351966257104 0.0 1.0 1.0 1 0 0 0.0 1.0 0
cell 16.074295340047545 23.358345426378715 0.0 1.0 1.0 1 0 0 0.0 1.0 0
cell 48.67055549738136 52.703612114752076 0.0 1.6431676725154984 0.6085806194501846 1 0 0 0.2468405671847695 -0.9690561048731395 5.784348157961018
cell 43.67633998503077 28.242885854047056 0.0 1.0 1.0 1 0 0 0.0 1.0 0
cell 16.454282402545687 41.800713294046304 0.0 1.0 1.0 1 0 0 0.0 1.0 0
cell 28.014734401796503 29.749316006117247 0.0 1.0 1.0 1 0 0 0.0 1.0 0
cell 21.541452850589298 0.2897672181121669 0.0 1.0 1.0 1 0 0 0.0 1.0 0
cell 1.3053530557937136 57.52578650976346 0.0 1.6431676725154984 0.6085806194501846 1 0 0 0.5258914245085001 0.8505517089680207 1.1075256567822704
cell 48.76816882903695 0.8057426958272151 0.0 1.0 1.0 1 0 0 0.0 1.0 0
cell 6.6362800694136 50.91523999473343 0.0 1.0 1.0 1 0 0 0.0 1.0 0
cell 38.55284902554553 29.95384639827302 0.0 1.6431676725154984 0.6085806194501846 1 0 0 0.6922691335972997 -0.7216394159609382 4.753927818395877
cell 8.963598054351948 18.678230193868085 0.0 1.0 1.0 1 0 0 0.0 1.0 0
cell 16.800855637166674 20.07470664830052 0.0 1.0 1.0 1 0 0 0.0 1.0 0
cell 10.464891126843385 39.16089056799309 0.0 1.0 1.0 1 0 0 0.0 1.0 0
cell 34.64832675892422 37.254851883846236 0.0 1.6431676725154984 0.6085806194501846 1 0 0 0.9998314194124606 0.018361175225577883 3.1048682394410054
cell 12.553578333384289 54.45357655067802 0.0 1.0 1.0 1 0 0 0.0 1.0 0
cell 11.51824655198474 8.921737628749614 0.0 1.0 1.0 1 0 0 0.0 1.0 0
cell 42.45982810741096 16.648486425830985 0.0 1.0 1.0 1 0 0 0.0 1.0 0
cell 7.858770048860071 36.97249072214457 0.0 1.0 1.0 1 0 0 0.0 1.0 0
cell 16.873838109132553 53.10112337777844 0.0 1.0 1.0 1 0 0 0.0 1.0 0
cell 44.93676045266872 50.640668502788095 0.0 1.6431676725154984 0.6085806194501846 1 0 0 0.11694410382319044 0.99313849818693 0.23442462163135208
cell 14.588512031589467 57.65559056281106 0.0 1.0 1.0 1 0 0 0.0 1.0 0
cell 4.837003204224351 10.999434057657883 0.0 1.0 1.0 1 0 0 0.0 1.0 0
cell 14.685988016849567 59.30232261065617 0.0 1.0 1.0 1 0 0 0.0 1.0 0
cell 28.279245616651828 51.555144622260315 0.0 1.6431676725154984 0.6085806194501846 1 0 0 0.025605938892449023 0.9996721141921666 0.051217475735073015
cell 47.73379571479411 58.97245486563192 0.0 1.0 1.0 1 0 0 0.0 1.0 0
cell 53.70492964431319 23.317648541734894 0.0 1.6431676725154984 0.6085806194501846 1 0 0 0.07246631171346321 -0.9973708606464534 6.1381255340035565
cell 22.846645854873028 26.430096569619497 0.0 1.0 1.0 1 0 0 0.0 1.0 0
cell 42.12015215189808 28.94071904598122 0.0 1.0 1.0 1 0 0 0.0 1.0 0
cell 7.377821643620868 25.392678678430507 0.0 1.0 1.0 1 0 0 0.0 1.0 0
cell 54.55072190971036 1.6249241676815005 0.0 1.0 1.0 1 0 0 0.0 1.0 0
cell 51.618096865151145 6.812209995937112 0.0 1.0 1.0 1 0 0 0.0 1.0 0
cell 16.12075724585276 12.93529120438608 0.0 1.0 1.0 1 0 0 0.0 1.0 0
cell 18.749770998409698 28.493964608596162 0.0 1.6431676725154984 0.6085806194501846 1 0 0 0.09444426726816502 -0.9955301504124219 6.094014834043484
cell 23.404452669649093 3.131257848444268 0.0 1.0 1.0 1 0 0 0.0 1.0 0
cell 48.3737523851832 32.947855044322026 0.0 1.0 1.0 1 0 0 0.0 1.0 0
cell 17.9612686482107 42.32320428723098 0.0 1.0 1.0 1 0 0 0.0 1.0 0
cell 23.300196463990645 52.68794025541992 0.0 1.6431676725154984 0.6085806194501846 1 0 0 0.0592670342896172 -0.9982421643301356 6.164581735256433
cell 34.84454052473349 29.41517748611151 0.0 1.6431676725154984 0.6085806194501846 1 0 0 -0.19240154190749578 0.9813162826895405 5.895967651062784
cell 14.1558025868175 52.36277069343994 0.0 1.6431676725154984 0.6085806194501846 1 0 0 0.8529894807929882 0.5219281039151928 2.0433730551908718
cell 32.27294667390933 38.047362535018635 0.0 1.0 1.0 1 0 0 0.0 1.0 0
cell 6.139643270417938 58.103077738794596 0.0 1.0 1.0 1 0 0 0.0 1.0 0
cell 22.859742251992255 17.089107461445806 0.0 1.6431676725154984 0.6085806194501846 1 0 0 0.8926272878739209 0.45079543580525355 2.2062801410934023
cell 17.989594144851786 31.804266274319144 0.0 1.0 1.0 1 0 0 0.0 1.0 0
cell 42.9891405032215 7.277900152282367 0.0 1.0 1.0 1 0 0 0.0 1.0 0
cell 14.834748768716114 19.70784192685806 0.0 1.0 1.0 1 0 0 0.0 1.0 0
cell 58.65214092795249 24.34847859029952 0.0 1.0 1.0 1 0 0 0.0 1.0 0
cell 53.63117895934515 10.613435752782852 0.0 1.0 1.0 1 0 0 0.0 1.0 0
cell 55.75915254684652 17.817208392162602 0.0 1.0 1.0 1 0 0 0.0 1.0 0
cell 17.446650011971936 16.679725377213924 0.0 1.0 1.0 1 0 0 0.0 1.0 0
cell 27.040506526745514 8.04530284575371 0.0 1.0 1.0 1 0 0 0.0 1.0 0
cell 49.67551159847605 58.90494712478001 0.0 1.6431676725154984 0.6085806194501846 1 0 0 -0.2961888123139587 -0.9551294087504826 0.6013998797383735
cell 54.587419224099555 35.3294875499162 0.0 1.6431676725154984 0.6085806194501846 1 0 0 0.7403591141259025 0.6722115605452713 1.6672088582539992
cell 17.77025798086447 54.73475765787149 0.0 1.0 1.0 1 0 0 0.0 1.0 0
cell 3.726760590504879 30.261203986374678 0.0 1.6431676725154984 0.6085806194501846 1 0 0 -0.166213433642176 0.9860898004121521 5.949208437426613
cell 43.8379897378069 48.67622895344884 0.0 1.0 1.0 1 0 0 0.0 1.0 0
cell 16.736683707762424 25.26934204253236 0.0 1.0 1.0 1 0 0 0.0 1.0 0
cell 59.45068526324675 4.963257206331126 0.0 1.0 1.0 1 0 0 0.0 1.0 0
cell 18.12382515258335 18.556869972942913 0.0 1.0 1.0 1 0 0 0.0 1.0 0
cell 26.995111723066657 5.980636448164523 0.0 1.6431676725154984 0.6085806194501846 1 0 0 0.43222162576828504 0.9017674124840732 0.8939099231524996
