1000
 Lattice="59.74940712514713 0.0 0.0 0.0 59.74940712514713 0.0 0.0 0.0 1.0"Properties=species:S:1:pos:R:3:aspherical_shape:R:3:orientation:R:4:Color:R:1
cell 8.256218334759808 35.7264466542983 0.0 1.6431676725154984 0.6085806194501846 1 0 0 0.7201129085626561 0.69385690089631 1.6079300624036328
cell 48.05508902275459 14.449503202584676 0.0 1.0 1.0 1 0 0 0.0 1.0 0
cell 54.76840176053687 35.27206929055778 0.0 1.6431676725154984 0.6085806194501846 1 0 0 0.9968367700551402 -0.07947612135752277 3.3007127094880393
cell 21.866321481481524 6.420078574666827 0.0 1.0 1.0 1 0 0 0.0 1.0 0
cell 58.60441191560656 52.569561881703144 0.0 1.6431676725154984 0.6085806194501846 1 0 0 0.9812788782967012 -0.19259221949177435 3.5291989330711466
cell 8.778218747765882 0.42058195459300074 0.0 1.0 1.0 1 0 0 0.0 1.0 0
cell 28.09894078991994 54.522464693543775 0.0 1.0 1.0 1 0 0 0.0 1.0 0
cell 24.807909476153874 10.932040970770348 0.0 1.0 1.0 1 0 0 0.0 1.0 0
cell 27.6773074060938 43.69674070236256 0.0 1.0 1.0 1 0 0 0.0 1.0 0
cell 37.33431237002446 34.362780802296726 0.0 1.0 1.0 1 0 0 0.0 1.0 0
cell 55.58503620677853 44.21707475068332 0.0 1.6431676725154984 0.6085806194501846 1 0 0 0.1286051754956541 -0.9916958751732973 6.0252606138751785
cell 35.56316688339831 18.676758542280258 0.0 1.0 1.0 1 0 0 0.0 1.0 0
cell 30.159805944620377 12.357867416998639 0.0 1.0 1.0 1 0 0 0.0 1.0 0
cell 6.9821059881885335 51.08068446008203 0.0 1.0 1.0 1 0 0 0.0 1.0 0
cell 34.895944222926076 32.519496163190894 0.0 1.6431676725154984 0.6085806194501846 1 0 0 0.8228450893690358 0.5682657467253006 1.9327992792125572
cell 56.42338376805155 21.604024337497954 0.0 1.6431676725154984 0.6085806194501846 1 0 0 0.4470501898804744 0.8945088751531937 0.926929848613358
cell 37.993885268007446 8.471156879782534 0.0 1.0 1.0 1 0 0 0.0 1.0 0
cell 1.3410490084541524 45.59930875844136 0.0 1.6431676725154984 0.6085806194501846 1 0 0 0.0641477558368672 0.997940411758685 0.12838366294255582
cell 6.070191296176847 29.866745496403603 0.0 1.6431676725154984 0.6085806194501846 1 0 0 0.31321599548414386 -0.9496819152605133 5.646030222817636
cell 4.366422486960383 56.395267139610155 0.0 1.6431676725154984 0.6085806194501846 1 0 0 0.9430001503629697 -0.3327923022177894 3.820118888526104
cell 21.257874064163605 55.25372082643311 0.0 1.0 1.0 1 0 0 0.0 1.0 0
cell 45.53334683079129 29.34089678449209 0.0 1.0 1.0 1 0 0 0.0 1.0 0
cell 58.6519518389848 58.52910428154125 0.0 1.6431676725154984 0.6085806194501846 1 0 0 0.9959624487807349 0.0897708227581876 2.961808980952932
cell 36.62237459805055 24.255443796655502 0.0 1.0 1.0 1 0 0 0.0 1.0 0
cell 46.77778012213947 5.882105014086387 0.0 1.0 1.0 1 0 0 0.0 1.0 0
cell 45.15097838583374 4.8474947924645155 0.0 1.6431676725154984 0.6085806194501846 1 0 0 0.2728987375118671 -0.9620427636360189 5.730375594862967
cell 33.8248718193072 18.32261984843937 0.0 1.0 1.0 1 0 0 0.0 1.0 0
cell 18.914650394505806 47.70014209472891 0.0 1.0 1.0 1 0 0 0.0 1.0 0
cell 27.003473175184787 38.569228047681314 0.0 1.0 1.0 1 0 0 0.0 1.0 0
cell 49.22658259285779 59.63404380970354 0.0 1.6431676725154984 0.6085806194501846 1 0 0 0.46078247223839197 0.8875131059752727 0.9577532855707028
cell 33.626055212654755 29.1095759800489 0.0 1.0 1.0 1 0 0 0.0 1.0 0
cell 1.8088394409927329 14.937046063374865 0.0 1.0 1.0 1 0 0 0.0 1.0 0
cell 55.84293806211493 58.42800917545278 0.0 1.6431676725154984 0.6085806194501846 1 0 0 0.8125258114552444 0.5829252145164049 1.8969442321233279
cell 58.94061323341447 5.582630668941972 0.0 1.6431676725154984 0.6085806194501846 1 0 0 0.9423321851648218 0.3346790295230522 2.4590634603635957
cell 15.957917847042252 55.1614640440484 0.0 1.0 1.0 1 0 0 0.0 1.0 0
cell 13.562938953306757 31.77962869222014 0.0 1.0 1.0 1 0 0 0.0 1.0 0
cell 16.610365861703322 11.320273287807407 0.0 1.6431676725154984 0.6085806194501846 1 0 0 0.43271005427876075 0.9015331435538418 0.8949933332294199
cell 1.7579367282009046 29.855859481450306 0.0 1.6431676725154984 0.6085806194501846 1 0 0 0.12204907095183419 -0.9925240673554441 6.0384770533339465
cell 42.812626087095246 39.205581129955306 0.0 1.0 1.0 1 0 0 0.0 1.0 0
cell 16.922569485902653 47.45942826168641 0.0 1.0 1.0 1 0 0 0.0 1.0 0
cell 24.509352101104437 9.385728883317674 0.0 1.0 1.0 1 0 0 0.0 1.0 0
cell 28.87818004006507 29.801590929245833 0.0 1.0 1.0 1 0 0 0.0 1.0 0
cell 26.081949313162887 31.758774596967914 0.0 1.0 1.0 1 0 0 0.0 1.0 0
cell 22.259972574226467 27.72686241905508 0.0 1.6431676725154984 0.6085806194501846 1 0 0 0.9980768436667042 0.06198882267239112 3.01753547092529
cell 32.51681640438412 42.69707049304438 0.0 1.0 1.0 1 0 0 0.0 1.0 0
cell 47.95482591695512 25.783034384187175 0.0 1.6431676725154984 0.6085806194501846 1 0 0 0.14229908930517687 -0.9898237061128196 5.997617796835293
cell 33.17141679715064 54.26731931158444 0.0 1.0 1.0 1 0 0 0.0 1.0 0
cell 43.70695157492181 30.064641257474047 0.0 1.0 1.0 1 0 0 0.0 1.0 0
cell 48.26185267189409 19.814244125978288 0.0 1.0 1.0 1 0 0 0.0 1.0 0
cell 35.98926321195565 8.149363199018502 0.0 1.0 1.0 1 0 0 0.0 1.0 0
cell 20.037920035421013 10.211173851138057 0.0 1.0 1.0 1 0 0 0.0 1.0 0
cell 16.322269377839053 51.950393448740726 0.0 1.0 1.0 1 0 0 0.0 1.0 0
cell 37.43287246612671 40.15816805594406 0.0 1.0 1.0 1 0 0 0.0 1.0 0
cell 3.3581452882480436 40.040800170866284 0.0 1.0 1.0 1 0 0 0.0 1.0 0
cell 34.397981819698494 30.884193565772314 0.0 1.6431676725154984 0.6085806194501846 1 0 0 0.9067331892301541 0.4217047824586693 2.270943380178017
cell 42.11987971980415 29.162166113697904 0.0 1.0 1.0 1 0 0 0.0 1.0 0
cell 23.571868041851687 16.216836802004078 0.0 1.0 1.0 1 0 0 0.0 1.0 0
cell 34.928786535005635 2.100637576318464 0.0 1.0 1.0 1 0 0 0.0 1.0 0
cell 3.344793543012971 54.416097827714594 0.0 1.0 1.0 1 0 0 0.0 1.0 0
cell 4.731499165739389 6.742791115225624 0.0 1.0 1.0 1 0 0 0.0 1.0 0
cell 47.44881219893723 28.732741701979315 0.0 1.0 1.0 1 0 0 0.0 1.0 0
cell 40.61940592239333 5.441734752665418 0.0 1.0 1.0 1 0 0 0.0 1.0 0
cell 37.867761895792086 3.313712925842216 0.0 1.0 1.0 1 0 0 0.0 1.0 0
cell 49.56049011713748 34.99214142419704 0.0 1.0 1.0 1 0 0 0.0 1.0 0
cell 7.0555309608655215 10.03226582253698 0.0 1.6431676725154984 0.6085806194501846 1 0 0 0.05579550904712387 0.9984422172415248 0.11164899907923055
cell 47.07323808018903 30.682287831220183 0.0 1.0 1.0 1 0 0 0.0 1.0 0
cell 21.64964930349693 16.411055802376616 0.0 1.0 1.0 1 0 0 0.0 1.0 0
cell 28.612052753111612 25.60428112100477 0.0 1.0 1.0 1 0 0 0.0 1.0 0
cell 29.935693713712674 53.732361584459845 0.0 1.0 1.0 1 0 0 0.0 1.0 0
cell 45.62435597629552 7.175683131197641 0.0 1.0 1.0 1 0 0 0.0 1.0 0
cell 14.104300533629582 55.809282351716696 0.0 1.0 1.0 1 0 0 0.0 1.0 0
cell 34.70807076402438 58.121953879073494 0.0 1.0 1.0 1 0 0 0.0 1.0 0
cell 47.7867504154828 8.127506399286734 0.0 1.6431676725154984 0.6085806194501846 1 0 0 0.910870314540201 -0.4126927066104215 3.9924092143557477
cell 8.350830468760682 18.068133581809505 0.0 1.6431676725154984 0.6085806194501846 1 0 0 0.5547262176570938 -0.8320329461288505 5.1071175516944916
cell 17.47302586357222 49.118918076815326 0.0 1.0 1.0 1 0 0 0.0 1.0 0
cell 11.757388515304708 26.12100244026054 0.0 1.6431676725154984 0.6085806194501846 1 0 0 0.8358099445679757 0.5490188854322566 1.9792127819677483
cell 45.38454062100653 15.096786153055723 0.0 1.0 1.0 1 0 0 0.0 1.0 0
cell 15.507316267280203 48.83477108906145 0.0 1.0 1.0 1 0 0 0.0 1.0 0
cell 26.19870688972385 9.509547973855094 0.0 1.0 1.0 1 0 0 0.0 1.0 0
cell 21.950359473120425 39.12179030986961 0.0 1.0 1.0 1 0 0 0.0 1.0 0
cell 23.129883470112375 54.78474492326234 0.0 1.0 1.0 1 0 0 0.0 1.0 0
cell 52.24421452959552 19.313920831078576 0.0 1.0 1.0 1 0 0 0.0 1.0 0
cell 13.28823667360042 0.828956951080934 0.0 1.6431676725154984 0.6085806194501846 1 0 0 0.9173566914366824 -0.39806620137402204 3.9604083892086566
cell 51.00733069000307 17.7030162299413 0.0 1.0 1.0 1 0 0 0.0 1.0 0
cell 4.9289647207632115 12.340178065760382 0.0 1.6431676725154984 0.6085806194501846 1 0 0 0.24665433489193483 0.9691035234065642 0.49845280050023955
cell 50.12147270640097 7.985104053179842 0.0 1.0 1.0 1 0 0 0.0 1.0 0
cell 7.622301683539677 43.29966643877748 0.0 1.6431676725154984 0.6085806194501846 1 0 0 0.7532029563168151 0.6577881928064763 1.7058357615043493
cell 5.407450877137737 39.824551439418286 0.0 1.0 1.0 1 0 0 0.0 1.0 0
cell 53.93830441242764 4.239667201423057 0.0 1.6431676725154984 0.6085806194501846 1 0 0 0.8337502968095688 0.5521416870423351 1.9717310562031731
cell 14.285108834771915 54.100781610791415 0.0 1.0 1.0 1 0 0 0.0 1.0 0
cell 53.07076187032011 39.454982353715 0.0 1.6431676725154984 0.6085806194501846 1 0 0 0.08083129603006778 -0.9967277971352557 6.121346153066797
cell 48.96705193597558 22.79752800144607 0.0 1.6431676725154984 0.6085806194501846 1 0 0 0.9991433836820987 -0.041382349429275433 3.224380993079452
cell 50.88231873221821 36.413182825978495 0.0 1.0 1.0 1 0 0 0.0 1.0 0
cell 56.478333313168314 55.43263022763151 0.0 1.6431676725154984 0.6085806194501846 1 0 0 0.9953731637199805 0.09608467591701048 2.949126373437893
cell 26.44370192746841 1.4902216111909368 0.0 1.0 1.0 1 0 0 0.0 1.0 0
cell 53.55212025496048 33.852405840564316 0.0 1.0 1.0 1 0 0 0.0 1.0 0
cell 34.17930462692502 43.850757758705385 0.0 1.0 1.0 1 0 0 0.0 1.0 0
cell 57.10283401076918 42.52918670753332 0.0 1.6431676725154984 0.6085806194501846 1 0 0 0.7421968385758048 0.6701819550003423 1.6726848182629632
cell 14.851965030205452 18.61385420198378 0.0 1.6431676725154984 0.6085806194501846 1 0 0 0.9991919817775424 0.04019183438793556 3.0611873273241823
cell 9.53885473590758 39.753484820605834 0.0 1.6431676725154984 0.6085806194501846 1 0 0 0.757212123201377 0.6531690443345143 1.7180685156243751
cell 18.68060531639357 20.557784279934772 0.0 1.0 1.0 1 0 0 0.0 1.0 0
cell 16.217391369581684 9.544788433399257 0.0 1.6431676725154984 0.6085806194501846 1 0 0 0.42859418268261884 0.9034971093316336 0.8858724568203805
cell 46.524781333273175 13.44568532250587 0.0 1.0 1.0 1 0 0 0.0 1.0 0
cell 58.69496103468744 42.157516158719346 0.0 1.6431676725154984 0.6085806194501846 1 0 0 0.73659287365606 0.6763364092514225 1.6560376407303516
cell 20.859886763294607 34.469966166199086 0.0 1.0 1.0 1 0 0 0.0 1.0 0
cell 59.46431033683109 39.91599172864067 0.0 1.6431676725154984 0.6085806194501846 1 0 0 0.9816519400418177 -0.19068158959935175 3.525305511517656
cell 27.794453900062337 58.48790127253423 0.0 1.0 1.0 1 0 0 0.0 1.0 0
cell 59.06405396943924 34.51095825496823 0.0 1.6431676725154984 0.6085806194501846 1 0 0 0.182795745403756 -0.9831509118453206 5.9155265828154375
cell 12.902173817643513 15.720445643712345 0.0 1.6431676725154984 0.6085806194501846 1 0 0 0.04960805779546955 -0.9987687623277779 6.183928451984151
cell 36.59387630252803 9.932967346622403 0.0 1.0 1.0 1 0 0 0.0 1.0 0
cell 32.67267972451771 27.447764841906814 0.0 1.0 1.0 1 0 0 0.0 1.0 0
cell 7.244324141863716 36.09166780964151 0.0 1.6431676725154984 0.6085806194501846 1 0 0 -0.5720051307957424 -0.8202500413552842 1.2178966272435794
cell 28.32286124317838 12.02839701437403 0.0 1.0 1.0 1 0 0 0.0 1.0 0
cell 11.709592785956229 47.97985973263761 0.0 1.0 1.0 1 0 0 0.0 1.0 0
cell 18.060864480528345 46.163301881592936 0.0 1.0 1.0 1 0 0 0.0 1.0 0
cell 42.12795472065334 42.80968568160489 0.0 1.0 1.0 1 0 0 0.0 1.0 0
cell 8.849496910827186 3.9508283915439693 0.0 1.0 1.0 1 0 0 0.0 1.0 0
cell 14.344383658896922 8.95481180013347 0.0 1.6431676725154984 0.6085806194501846 1 0 0 0.32503670665253015 0.9457014007224886 0.6621010840803215
cell 8.647463905707466 50.33414862693765 0.0 1.0 1.0 1 0 0 0.0 1.0 0
cell 37.340185867605335 19.03928026949089 0.0 1.0 1.0 1 0 0 0.0 1.0 0
cell 25.706478633102005 13.29406817459859 0.0 1.0 1.0 1 0 0 0.0 1.0 0
cell 1.0293263503721033 7.381396328308154 0.0 1.6431676725154984 0.6085806194501846 1 0 0 -0.10059549214172672 -0.9949274078849993 0.20153186263873657
cell 34.643961366239544 9.62702455724749 0.0 1.0 1.0 1 0 0 0.0 1.0 0
cell 26.26659824053122 59.23752687862732 0.0 1.0 1.0 1 0 0 0.0 1.0 0
cell 16.05375400127857 32.34775939200644 0.0 1.6431676725154984 0.6085806194501846 1 0 0 0.9263601804136249 0.376638840461305 2.3692621383624224
cell 35.89255269018266 43.05075433694647 0.0 1.0 1.0 1 0 0 0.0 1.0 0
cell 16.993164589156795 6.082075529490778 0.0 1.0 1.0 1 0 0 0.0 1.0 0
cell 13.45182582013099 30.10203824646168 0.0 1.0 1.0 1 0 0 0.0 1.0 0
cell 37.34002809000175 6.656235296121104 0.0 1.0 1.0 1 0 0 0.0 1.0 0
cell 16.582857222623364 41.342076921272415 0.0 1.0 1.0 1 0 0 0.0 1.0 0
cell 3.9785547585086434 5.084705932681068 0.0 1.6431676725154984 0.6085806194501846 1 0 0 0.2894162898920188 0.9572033280056745 0.5872339472563226
cell 3.2864117843083402 2.0321642959818016 0.0 1.6431676725154984 0.6085806194501846 1 0 0 0.5221007620108388 0.8528838105555184 1.0986244540137715
cell 15.921353290990767 12.304285539705514 0.0 1.6431676725154984 0.6085806194501846 1 0 0 0.1718505490942138 0.9851230323040961 0.34541571591263204
cell 21.446955432431416 7.940356100172675 0.0 1.0 1.0 1 0 0 0.0 1.0 0
cell 8.803783250044733 55.493784794463025 0.0 1.6431676725154984 0.6085806194501846 1 0 0 -0.2242331575844093 0.9745355257966358 5.8308731372763205
cell 10.560844458395396 28.376101844807582 0.0 1.0 1.0 1 0 0 0.0 1.0 0
cell 12.268208754953491 28.86222665967444 0.0 1.0 1.0 1 0 0 0.0 1.0 0
cell 54.46473162533099 54.36330177004545 0.0 1.6431676725154984 0.6085806194501846 1 0 0 0.581900540029265 0.8132599593694809 1.2421273651997669
cell 8.321439629226683 48.48102776294621 0.0 1.0 1.0 1 0 0 0.0 1.0 0
cell 26.36874953636693 7.0220577758302865 0.0 1.0 1.0 1 0 0 0.0 1.0 0
cell 14.120794967139663 50.27902519191319 0.0 1.0 1.0 1 0 0 0.0 1.0 0
cell 18.03894304599063 51.02683423354046 0.0 1.0 1.0 1 0 0 0.0 1.0 0
cell 37.787048173312634 13.73844044737446 0.0 1.0 1.0 1 0 0 0.0 1.0 0
cell 54.401720162873644 51.25183267867747 0.0 1.6431676725154984 0.6085806194501846 1 0 0 0.7390615067048083 -0.6736379512076339 4.619833067389033
cell 32.19947692494518 17.801789136006562 0.0 1.0 1.0 1 0 0 0.0 1.0 0
cell 36.54309159677861 59.29400148783638 0.0 1.0 1.0 1 0 0 0.0 1.0 0
cell 45.87576764417166 19.033321250407795 0.0 1.0 1.0 1 0 0 0.0 1.0 0
cell 37.54960336432911 44.15582262031645 0.0 1.0 1.0 1 0 0 0.0 1.0 0
cell 1.938289576132898 37.965289542788554 0.0 1.6431676725154984 0.6085806194501846 1 0 0 0.7300770954075569 -0.6833647889387227 4.64631578480339
cell 40.30802276129976 10.568856570003936 0.0 1.0 1.0 1 0 0 0.0 1.0 0
cell 15.747337694283347 16.69009698108431 0.0 1.0 1.0 1 0 0 0.0 1.0 0
cell 35.87022707567166 41.0926125359471 0.0 1.0 1.0 1 0 0 0.0 1.0 0
cell 35.86680414908675 37.27577687356356 0.0 1.0 1.0 1 0 0 0.0 1.0 0
cell 2.8407822507884486 16.871969035118777 0.0 1.6431676725154984 0.6085806194501846 1 0 0 0.9147701023053104 -0.40397482585964684 3.973308378491853
cell 10.32888797648271 10.159541230150731 0.0 1.6431676725154984 0.6085806194501846 1 0 0 -0.04250968605356471 0.9990960547372947 6.198140308186545
cell 4.640215048367507 47.07009557705996 0.0 1.6431676725154984 0.6085806194501846 1 0 0 0.5842889022601017 0.8115457341984402 1.2480071095165266
cell 42.16906249677841 10.721726912020761 0.0 1.0 1.0 1 0 0 0.0 1.0 0
cell 25.96760595521418 35.58701654478264 0.0 1.0 1.0 1 0 0 0.0 1.0 0
cell 52.34718251997142 26.84109222284761 0.0 1.6431676725154984 0.6085806194501846 1 0 0 0.508058238157181 -0.8613227192177281 5.2173275227775
cell 34.23769034797017 41.928660122991865 0.0 1.0 1.0 1 0 0 0.0 1.0 0
cell 22.457528771634365 20.694775322835536 0.0 1.0 1.0 1 0 0 0.0 1.0 0
cell 33.74016111842508 22.29434035033764 0.0 1.0 1.0 1 0 0 0.0 1.0 0
cell 23.764155578739537 38.330560565464346 0.0 1.0 1.0 1 0 0 0.0 1.0 0
cell 10.77479966275087 30.180211144764765 0.0 1.0 1.0 1 0 0 0.0 1.0 0
cell 26.558816042176776 5.249101334764067 0.0 1.0 1.0 1 0 0 0.0 1.0 0
cell 40.99977660975112 12.344098693814265 0.0 1.0 1.0 1 0 0 0.0 1.0 0
cell 26.514883476645803 3.39847086783819 0.0 1.0 1.0 1 0 0 0.0 1.0 0
cell 30.722959954027065 14.233852000416821 0.0 1.0 1.0 1 0 0 0.0 1.0 0
cell 38.74427606076418 17.661065989425722 0.0 1.0 1.0 1 0 0 0.0 1.0 0
cell 15.733966848409725 58.55994523596639 0.0 1.0 1.0 1 0 0 0.0 1.0 0
cell 55.62628368601774 39.62150993351637 0.0 1.0 1.0 1 0 0 0.0 1.0 0
cell 12.486669528185779 13.073664375544311 0.0 1.6431676725154984 0.6085806194501846 1 0 0 -0.14367684264449382 0.9896246585891589 5.99483368154055
cell 20.65882571900895 48.611586310284466 0.0 1.0 1.0 1 0 0 0.0 1.0 0
cell 17.86514546800677 54.56490349817106 0.0 1.0 1.0 1 0 0 0.0 1.0 0
cell 54.75144070434402 21.400177989536044 0.0 1.6431676725154984 0.6085806194501846 1 0 0 0.7269319096149374 -0.6867095447010916 4.655498294658364
cell 17.45765672064551 58.00175288041832 0.0 1.0 1.0 1 0 0 0.0 1.0 0
cell 15.356668440783505 5.678838949920143 0.0 1.0 1.0 1 0 0 0.0 1.0 0
cell 24.83473393940901 41.32318112036352 0.0 1.0 1.0 1 0 0 0.0 1.0 0
cell 40.35303247259272 54.87570537324325 0.0 1.6431676725154984 0.6085806194501846 1 0 0 0.3660236283118929 0.930605557428816 0.7494650496800869
cell 6.248185301257549 32.96321270397337 0.0 1.6431676725154984 0.6085806194501846 1 0 0 -0.6189243109768835 -0.7854506332557063 1.3347448893996248
cell 15.048638904978457 47.019326836445536 0.0 1.0 1.0 1 0 0 0.0 1.0 0
cell 22.324304389418995 47.88416105942705 0.0 1.0 1.0 1 0 0 0.0 1.0 0
cell 45.34416705988404 57.11919415146764 0.0 1.6431676725154984 0.6085806194501846 1 0 0 0.44337789233100344 0.8963347837678269 0.918727474533588
cell 25.184056754007603 39.38838753835961 0.0 1.0 1.0 1 0 0 0.0 1.0 0
cell 2.660526610552094 52.51656349527723 0.0 1.0 1.0 1 0 0 0.0 1.0 0
cell 35.17173688531326 28.86068032928419 0.0 1.6431676725154984 0.6085806194501846 1 0 0 0.9187676244537323 0.3947987490553201 2.3298950609884983
cell 38.28952900374438 15.683636158747111 0.0 1.0 1.0 1 0 0 0.0 1.0 0
cell 20.811591616786032 36.23413486726323 0.0 1.0 1.0 1 0 0 0.0 1.0 0
cell 6.744526662257171 26.86372689465477 0.0 1.6431676725154984 0.6085806194501846 1 0 0 -0.3341997147962455 -0.9425022814986223 0.6815119904427132
cell 51.93255823322919 14.17686592175734 0.0 1.0 1.0 1 0 0 0.0 1.0 0
cell 19.692309422867567 43.561209508086684 0.0 1.0 1.0 1 0 0 0.0 1.0 0
cell 18.21284923294175 1.2651123830146889 0.0 1.6431676725154984 0.6085806194501846 1 0 0 0.9935166560280461 0.11368664914953384 2.913726697658457
cell 29.748814164123157 1.5873171619115134 0.0 1.0 1.0 1 0 0 0.0 1.0 0
cell 26.983691680656992 47.508905040922 0.0 1.0 1.0 1 0 0 0.0 1.0 0
cell 50.23812167486488 19.46755571374405 0.0 1.0 1.0 1 0 0 0.0 1.0 0
cell 6.6709769957854 45.08342004527405 0.0 1.0 1.0 1 0 0 0.0 1.0 0
cell 3.4473132674774067 44.437045509106056 0.0 1.6431676725154984 0.6085806194501846 1 0 0 0.6740865109497197 -0.738652405232416 4.803730694272698
cell 35.05659504398127 16.726651004402736 0.0 1.0 1.0 1 0 0 0.0 1.0 0
cell 25.148676467757745 24.237388594866022 0.0 1.6431676725154984 0.6085806194501846 1 0 0 0.9948532040557264 0.10132671108871165 2.9385908421342264
cell 38.179827012291064 23.37018953045631 0.0 1.0 1.0 1 0 0 0.0 1.0 0
cell 53.85848028859391 40.81163332778417 0.0 1.0 1.0 1 0 0 0.0 1.0 0
cell 13.80640305140921 35.54628607966034 0.0 1.0 1.0 1 0 0 0.0 1.0 0
cell 39.2301711867246 45.34585505455953 0.0 1.0 1.0 1 0 0 0.0 1.0 0
cell 19.85994560777465 41.570812944093475 0.0 1.0 1.0 1 0 0 0.0 1.0 0
cell 42.013240200724354 25.277131556067346 0.0 1.6431676725154984 0.6085806194501846 1 0 0 0.9827215097176077 0.18509034101850333 2.769265071679174
cell 30.473575606680534 24.696824233266646 0.0 1.0 1.0 1 0 0 0.0 1.0 0
cell 5.256919113343316 35.498372570736635 0.0 1.6431676725154984 0.6085806194501846 1 0 0 -0.3437207357942944 -0.9390719119348788 0.7017523610232423
cell 39.183032925060914 43.34562864500737 0.0 1.0 1.0 1 0 0 0.0 1.0 0
cell 56.872263861710266 15.60168337131238 0.0 1.6431676725154984 0.6085806194501846 1 0 0 0.8570717433609909 -0.5151970756246116 4.224067801593049
cell 20.518899661580555 50.52313773894525 0.0 1.0 1.0 1 0 0 0.0 1.0 0
cell 47.23309993627248 37.78401074749147 0.0 1.0 1.0 1 0 0 0.0 1.0 0
cell 9.25297685821597 19.23018684729814 0.0 1.6431676725154984 0.6085806194501846 1 0 0 0.9316225420894503 0.363427350471577 2.3977043131406166
cell 23.588604629406454 51.07530835018483 0.0 1.0 1.0 1 0 0 0.0 1.0 0
cell 54.7115821143775 16.63509302052546 0.0 1.0 1.0 1 0 0 0.0 1.0 0
cell 1.2843994053444936 27.511899062419907 0.0 1.6431676725154984 0.6085806194501846 1 0 0 0.9851517393275094 0.17168590652695637 2.796511190684396
cell 30.88667161167681 9.040379234170024 0.0 1.0 1.0 1 0 0 0.0 1.0 0
cell 25.546901461578432 27.825652579096793 0.0 1.0 1.0 1 0 0 0.0 1.0 0
cell 20.6866735068152 20.572418170380093 0.0 1.0 1.0 1 0 0 0.0 1.0 0
cell 11.82950569280345 23.116113608298306 0.0 1.6431676725154984 0.6085806194501846 1 0 0 0.6984884507435052 0.7156213273638077 1.5465661875909271
cell 49.10332858272815 18.007905065182893 0.0 1.0 1.0 1 0 0 0.0 1.0 0
cell 19.749762354673358 17.591938877061676 0.0 1.0 1.0 1 0 0 0.0 1.0 0
cell 21.77672364127987 24.088782742192738 0.0 1.0 1.0 1 0 0 0.0 1.0 0
cell 55.54300944834621 41.779121111876734 0.0 1.0 1.0 1 0 0 0.0 1.0 0
cell 21.73789407793 22.266500689350003 0.0 1.0 1.0 1 0 0 0.0 1.0 0
cell 24.481185768000124 43.21096136816325 0.0 1.0 1.0 1 0 0 0.0 1.0 0
cell 29.692616011469156 48.78045903037284 0.0 1.0 1.0 1 0 0 0.0 1.0 0
cell 1.019883702433581 23.76220646286619 0.0 1.6431676725154984 0.6085806194501846 1 0 0 0.975686728410227 0.2191698154494548 2.699665619528804
cell 8.594477137953353 11.995130566788612 0.0 1.6431676725154984 0.6085806194501846 1 0 0 -0.3511434874006932 0.9363216601446744 5.565601148592713
cell 10.237258553520947 26.354756898275546 0.0 1.0 1.0 1 0 0 0.0 1.0 0
cell 58.9994706687481 0.4751342513003233 0.0 1.0 1.0 1 0 0 0.0 1.0 0
cell 24.139911495081826 14.318595438980813 0.0 1.0 1.0 1 0 0 0.0 1.0 0
cell 30.052337609283693 7.209811164014391 0.0 1.0 1.0 1 0 0 0.0 1.0 0
cell 16.0242014361856 24.899785459051966 0.0 1.0 1.0 1 0 0 0.0 1.0 0
cell 32.51700938094277 23.94157942399962 0.0 1.0 1.0 1 0 0 0.0 1.0 0
cell 26.11509355650793 33.681586228237975 0.0 1.0 1.0 1 0 0 0.0 1.0 0
cell 38.474691535165235 10.231956701869512 0.0 1.0 1.0 1 0 0 0.0 1.0 0
cell 4.510309246356267 1.9170581661580965 0.0 1.6431676725154984 0.6085806194501846 1 0 0 -0.5798015236015273 -0.8147577512545356 1.2369701356414753
cell 58.58629957624207 16.76714977609749 0.0 1.6431676725154984 0.6085806194501846 1 0 0 0.8432154548393563 -0.5375757590517428 4.27671159344468
cell 41.32706940448626 48.29069013117542 0.0 1.0 1.0 1 0 0 0.0 1.0 0
cell 56.917552535673465 37.26887120055353 0.0 1.6431676725154984 0.6085806194501846 1 0 0 0.8426949291555828 -0.538391359863313 4.278646692144316
cell 18.040624717977206 52.87117531510156 0.0 1.0 1.0 1 0 0 0.0 1.0 0
cell 12.445801566148647 2.2966785512944967 0.0 1.0 1.0 1 0 0 0.0 1.0 0
cell 36.18230331216964 35.63806181959884 0.0 1.0 1.0 1 0 0 0.0 1.0 0
cell 19.66336645432514 27.96232782049048 0.0 1.6431676725154984 0.6085806194501846 1 0 0 0.9038804001150716 0.4277852525366179 2.25751048150574
cell 30.47243229486228 45.12640641248922 0.0 1.0 1.0 1 0 0 0.0 1.0 0
cell 32.070801716862746 46.341100138487455 0.0 1.0 1.0 1 0 0 0.0 1.0 0
cell 45.193264926799436 24.743662867059637 0.0 1.6431676725154984 0.6085806194501846 1 0 0 0.9993695136540657 -0.0355045796882057 3.2126167401659718
cell 51.789586436635744 52.320574440091605 0.0 1.6431676725154984 0.6085806194501846 1 0 0 0.411733794669942 -0.9113041656476119 5.434473730019509
cell 23.82082376644246 49.10366021046401 0.0 1.0 1.0 1 0 0 0.0 1.0 0
cell 29.910441132497816 3.469263095225786 0.0 1.0 1.0 1 0 0 0.0 1.0 0
cell 25.150802505492493 52.289292178295405 0.0 1.0 1.0 1 0 0 0.0 1.0 0
cell 15.042691905087288 23.196538742742632 0.0 1.6431676725154984 0.6085806194501846 1 0 0 0.556579459031683 -0.8307943823738814 5.102659504667007
cell 52.58001757503444 2.064248653974387 0.0 1.6431676725154984 0.6085806194501846 1 0 0 0.4677167511136814 0.8838784083388748 0.9734115822243227
cell 10.86133504448325 52.56108341987842 0.0 1.0 1.0 1 0 0 0.0 1.0 0
cell 38.54924976349267 25.11915772071472 0.0 1.6431676725154984 0.6085806194501846 1 0 0 0.926358049423623 0.3766440816846331 2.36925082261404
cell 48.67897067655818 26.878248185153193 0.0 1.6431676725154984 0.6085806194501846 1 0 0 0.9737459285861051 0.22763757721866576 2.6822909059505315
cell 8.244632608292145 32.55631588345618 0.0 1.6431676725154984 0.6085806194501846 1 0 0 0.6884912458482718 0.7252446514041275 1.5188133094637044
cell 22.35875714559677 37.2300728450296 0.0 1.0 1.0 1 0 0 0.0 1.0 0
cell 9.723138470024042 53.895845277760216 0.0 1.0 1.0 1 0 0 0.0 1.0 0
cell 31.175527236126968 31.65150817447605 0.0 1.0 1.0 1 0 0 0.0 1.0 0
cell 13.452545545216248 10.81754972514123 0.0 1.6431676725154984 0.6085806194501846 1 0 0 0.20957111689602007 0.9777934070973043 0.42227263137686605
cell 51.891402563812505 50.74935815235951 0.0 1.6431676725154984 0.6085806194501846 1 0 0 -0.19334255598788275 0.9811313143733984 5.894049609511667
cell 45.66229061876004 27.28993045570517 0.0 1.0 1.0 1 0 0 0.0 1.0 0
cell 56.17873569712869 17.081191019516353 0.0 1.6431676725154984 0.6085806194501846 1 0 0 0.7827002043845694 -0.6223988994658918 4.485200422042992
cell 40.174190205224946 29.66530914776377 0.0 1.0 1.0 1 0 0 0.0 1.0 0
cell 43.102047820141536 23.83750228226056 0.0 1.6431676725154984 0.6085806194501846 1 0 0 0.9955064556341192 0.09469369984742049 2.9519210694702096
cell 20.63621437665795 38.02662527167909 0.0 1.0 1.0 1 0 0 0.0 1.0 0
cell 49.93970734719612 53.071388628679806 0.0 1.6431676725154984 0.6085806194501846 1 0 0 0.5230799807675823 -0.8522835993495274 5.1822637915555285
cell 27.324647817957675 45.5614181183897 0.0 1.0 1.0 1 0 0 0.0 1.0 0
cell 24.944121241828192 54.180639632981865 0.0 1.0 1.0 1 0 0 0.0 1.0 0
cell 32.455556045850656 36.85018987337959 0.0 1.0 1.0 1 0 0 0.0 1.0 0
cell 47.35209231421909 18.036208877614037 0.0 1.0 1.0 1 0 0 0.0 1.0 0
cell 5.235777754869399 52.279610425640264 0.0 1.6431676725154984 0.6085806194501846 1 0 0 0.8703493866710229 -0.4924347115317667 4.171362537350009
cell 49.94862134323636 14.620662198584776 0.0 1.0 1.0 1 0 0 0.0 1.0 0
cell 19.921654193067763 6.9084296177015645 0.0 1.0 1.0 1 0 0 0.0 1.0 0
cell 24.208119860705278 45.158615489957846 0.0 1.0 1.0 1 0 0 0.0 1.0 0
cell 42.0368313162979 8.707190901475071 0.0 1.0 1.0 1 0 0 0.0 1.0 0
cell 21.43021685793288 29.19767056211473 0.0 1.6431676725154984 0.6085806194501846 1 0 0 0.9704916030300202 0.24113491752175073 2.6545224398918035
cell 21.565001162490407 53.50251613627893 0.0 1.0 1.0 1 0 0 0.0 1.0 0
cell 5.690088546664395 34.29912838739018 0.0 1.6431676725154984 0.6085806194501846 1 0 0 -0.5163493697125515 -0.856378028908642 1.0851651455342672
cell 3.2999162603359156 47.659217350872474 0.0 1.6431676725154984 0.6085806194501846 1 0 0 0.9360522243161179 -0.3518610995163407 3.86070986513466
cell 17.474843659740806 9.814183512758115 0.0 1.6431676725154984 0.6085806194501846 1 0 0 0.5231905431830198 0.8522157329713274 1.1011809757791566
cell 6.699628228596825 6.596348283872585 0.0 1.0 1.0 1 0 0 0.0 1.0 0
cell 50.24883545864971 33.11928390116996 0.0 1.0 1.0 1 0 0 0.0 1.0 0
cell 24.838932723462488 4.242575999084639 0.0 1.0 1.0 1 0 0 0.0 1.0 0
cell 55.57565524648481 52.423012914898905 0.0 1.6431676725154984 0.6085806194501846 1 0 0 0.7801200628034053 -0.6256298327378665 4.4934699044314215
cell 46.03727847906083 2.8304495447432942 0.0 1.6431676725154984 0.6085806194501846 1 0 0 0.9502415515007906 -0.31151403467800665 3.7751645191944467
cell 25.18209977641904 20.7186787017679 0.0 1.0 1.0 1 0 0 0.0 1.0 0
cell 19.553745031563366 4.076450755359773 0.0 1.0 1.0 1 0 0 0.0 1.0 0
cell 17.68202727697907 4.559059433934919 0.0 1.0 1.0 1 0 0 0.0 1.0 0
cell 53.74386282426091 14.140173848053553 0.0 1.6431676725154984 0.6085806194501846 1 0 0 0.34453916646377614 0.9387719439632004 0.7034957021750426
cell 7.925984250341207 26.104360111787237 0.0 1.6431676725154984 0.6085806194501846 1 0 0 0.6365467645953745 0.7712381062182813 1.3800248491981852
cell 50.73228526380042 6.556556057085647 0.0 1.6431676725154984 0.6085806194501846 1 0 0 0.2621468813422747 0.9650279853986201 0.5304924318315648
cell 56.29634334157271 33.95174494927718 0.0 1.6431676725154984 0.6085806194501846 1 0 0 0.1383193332191115 0.9903876827070399 0.27752846814855087
cell 20.60516168027321 58.87614729597064 0.0 1.0 1.0 1 0 0 0.0 1.0 0
cell 43.33477841044887 31.987905371567585 0.0 1.0 1.0 1 0 0 0.0 1.0 0
cell 36.69761885510118 57.57302789444279 0.0 1.0 1.0 1 0 0 0.0 1.0 0
cell 3.1090056548202365 36.56763589242558 0.0 1.6431676725154984 0.6085806194501846 1 0 0 0.7579786347406902 0.6522793797726856 1.7204171689669987
cell 24.099171615173088 25.546010374339172 0.0 1.6431676725154984 0.6085806194501846 1 0 0 0.988073190272218 0.15398496895892574 2.832392478258732
cell 14.485658206926228 39.00915902099528 0.0 1.0 1.0 1 0 0 0.0 1.0 0
cell 44.710565680329516 33.25397205020778 0.0 1.0 1.0 1 0 0 0.0 1.0 0
cell 21.198579842681305 32.83560794449764 0.0 1.0 1.0 1 0 0 0.0 1.0 0
cell 56.831860608556376 3.7931904486142956 0.0 1.0 1.0 1 0 0 0.0 1.0 0
cell 48.94429373014 30.058961847256356 0.0 1.0 1.0 1 0 0 0.0 1.0 0
cell 54.927511375206976 45.657022452618115 0.0 1.6431676725154984 0.6085806194501846 1 0 0 0.24328033218866404 -0.9699560196061331 5.791692580309499
cell 24.585870644703963 56.13472464476414 0.0 1.0 1.0 1 0 0 0.0 1.0 0
cell 31.774168904419227 53.307420996822735 0.0 1.0 1.0 1 0 0 0.0 1.0 0
cell 20.16038606880944 19.056700909985402 0.0 1.0 1.0 1 0 0 0.0 1.0 0
cell 55.01867675985807 4.550487953239375 0.0 1.6431676725154984 0.6085806194501846 1 0 0 0.8274297652502932 0.5615692153046182 1.9490305019021466
cell 31.449349153620638 19.59181934892465 0.0 1.0 1.0 1 0 0 0.0 1.0 0
cell 47.929280977408645 5.054150995076044 0.0 1.6431676725154984 0.6085806194501846 1 0 0 0.3098361295842761 0.9507899730246611 0.6300413514887767
cell 28.233954495740335 23.132584689907322 0.0 1.6431676725154984 0.6085806194501846 1 0 0 0.970765898270611 0.24002827074087302 2.6568027075229823
cell 27.20378920249668 13.437968089483636 0.0 1.0 1.0 1 0 0 0.0 1.0 0
cell 55.887749384476365 11.67313889658904 0.0 1.6431676725154984 0.6085806194501846 1 0 0 0.7898759785486441 -0.6132666129114008 4.461971826831121
cell 17.822179087287477 32.16594413417869 0.0 1.6431676725154984 0.6085806194501846 1 0 0 0.9745455592238372 0.22418954702906735 2.689369983411644
cell 34.02114306710053 7.814214378988734 0.0 1.0 1.0 1 0 0 0.0 1.0 0
cell 42.442227842339726 5.7520486246340505 0.0 1.6431676725154984 0.6085806194501846 1 0 0 0.9279112460405651 0.37280117954674713 2.3775406576351354
cell 29.72484258838044 21.342275455189135 0.0 1.6431676725154984 0.6085806194501846 1 0 0 0.9763397086687229 0.2162423947256258 2.705664346745993
cell 42.248684968191654 35.77809167694125 0.0 1.0 1.0 1 0 0 0.0 1.0 0
cell 16.698266288269693 29.4366864217324 0.0 1.6431676725154984 0.6085806194501846 1 0 0 0.8548201925024246 0.5189243090182978 2.050408480382274
cell 56.93371796420954 2.245262469110379 0.0 1.6431676725154984 0.6085806194501846 1 0 0 0.9850199727709911 0.17244028891832702 2.7949795833633275
cell 44.732267162684394 40.38171375504163 0.0 1.0 1.0 1 0 0 0.0 1.0 0
cell 12.50146976492925 44.79687849493366 0.0 1.0 1.0 1 0 0 0.0 1.0 0
cell 3.791664227172605 9.765589705013278 0.0 1.6431676725154984 0.6085806194501846 1 0 0 0.0653257388000286 0.99786399266144 0.1307445813246594
cell 41.64052754147536 40.82695818223101 0.0 1.0 1.0 1 0 0 0.0 1.0 0
cell 30.061480455805842 23.42674674595892 0.0 1.6431676725154984 0.6085806194501846 1 0 0 0.987323160235858 0.1587229575766476 2.822798495702346
cell 37.027990028910715 20.928250357920493 0.0 1.0 1.0 1 0 0 0.0 1.0 0
cell 34.590294771025135 14.783130181288868 0.0 1.0 1.0 1 0 0 0.0 1.0 0
cell 22.51724952067961 45.984212640010654 0.0 1.0 1.0 1 0 0 0.0 1.0 0
cell 27.44320469097126 22.29718620322458 0.0 1.6431676725154984 0.6085806194501846 1 0 0 0.9169243119564482 0.39906115589367264 2.3206072298582994
cell 37.229094909836455 53.76838079467402 0.0 1.0 1.0 1 0 0 0.0 1.0 0
cell 44.53597406930706 54.72875023835283 0.0 1.6431676725154984 0.6085806194501846 1 0 0 0.4047183636955582 0.9144413847194307 0.8333416447046302
cell 30.476452463990505 17.813846832287187 0.0 1.0 1.0 1 0 0 0.0 1.0 0
cell 9.161308983579344 24.45265393433805 0.0 1.6431676725154984 0.6085806194501846 1 0 0 0.7805836906984739 0.625051279348782 1.7911982039813523
cell 32.39600697463556 44.576711139336886 0.0 1.0 1.0 1 0 0 0.0 1.0 0
cell 24.36934487570126 30.782927974569304 0.0 1.0 1.0 1 0 0 0.0 1.0 0
cell 47.9757691106504 49.83186699091009 0.0 1.0 1.0 1 0 0 0.0 1.0 0
cell 49.827961922461455 10.742141093255507 0.0 1.6431676725154984 0.6085806194501846 1 0 0 0.9997617189265805 0.02182900293116826 3.097931179771415
cell 38.747106739120724 21.531488698645838 0.0 1.0 1.0 1 0 0 0.0 1.0 0
cell 24.002626569873616 28.810399599524768 0.0 1.0 1.0 1 0 0 0.0 1.0 0
cell 10.418073384762437 36.185258471879685 0.0 1.0 1.0 1 0 0 0.0 1.0 0
cell 58.49144740868445 48.05526667910126 0.0 1.6431676725154984 0.6085806194501846 1 0 0 0.8716599550663064 0.4901111330441338 2.117158165120432
cell 22.711539715467026 33.714465785633195 0.0 1.0 1.0 1 0 0 0.0 1.0 0
cell 12.642409514494744 38.295997099591965 0.0 1.0 1.0 1 0 0 0.0 1.0 0
cell 33.64543672759683 47.43480055875502 0.0 1.0 1.0 1 0 0 0.0 1.0 0
cell 47.54913789488173 10.039448205442612 0.0 1.0 1.0 1 0 0 0.0 1.0 0
cell 39.26301988053439 41.100077111810364 0.0 1.0 1.0 1 0 0 0.0 1.0 0
cell 15.051476648994521 14.829003830469638 0.0 1.0 1.0 1 0 0 0.0 1.0 0
cell 4.1114431738917645 27.356434886669458 0.0 1.6431676725154984 0.6085806194501846 1 0 0 0.16442608185203308 -0.9863894076919056 5.952833015660143
cell 42.45005778975368 17.996847357867285 0.0 1.0 1.0 1 0 0 0.0 1.0 0
cell 44.64261157471972 12.971217775849025 0.0 1.0 1.0 1 0 0 0.0 1.0 0
cell 16.195594397224543 26.738489070613145 0.0 1.0 1.0 1 0 0 0.0 1.0 0
cell 48.214025873144294 39.49640019636964 0.0 1.0 1.0 1 0 0 0.0 1.0 0
cell 12.269225325539816 54.848629531896094 0.0 1.0 1.0 1 0 0 0.0 1.0 0
cell 19.12414767449621 35.50841626032642 0.0 1.0 1.0 1 0 0 0.0 1.0 0
cell 18.31769680859499 13.507796493020003 0.0 1.6431676725154984 0.6085806194501846 1 0 0 0.1385386815490243 0.9903570233580706 0.2779714294819211
cell 22.625249116426133 35.43654970495799 0.0 1.0 1.0 1 0 0 0.0 1.0 0
cell 28.131818681390733 2.530908454843249 0.0 1.0 1.0 1 0 0 0.0 1.0 0
cell 44.007599356797144 25.921356544614643 0.0 1.6431676725154984 0.6085806194501846 1 0 0 0.9988017975437153 0.04893842277232704 3.043676697207168
cell 27.168828826392737 26.763229154195972 0.0 1.0 1.0 1 0 0 0.0 1.0 0
cell 36.16501700683929 33.188060862420194 0.0 1.0 1.0 1 0 0 0.0 1.0 0
cell 9.818870580716538 47.463087747038905 0.0 1.0 1.0 1 0 0 0.0 1.0 0
cell 32.50582509045703 32.87843983015564 0.0 1.0 1.0 1 0 0 0.0 1.0 0
cell 29.430664407019634 19.652212001702836 0.0 1.0 1.0 1 0 0 0.0 1.0 0
cell 25.742814621210464 18.172822617711578 0.0 1.0 1.0 1 0 0 0.0 1.0 0
cell 45.18728312665 31.32323514035237 0.0 1.0 1.0 1 0 0 0.0 1.0 0
cell 11.40693169385107 14.466042007169332 0.0 1.6431676725154984 0.6085806194501846 1 0 0 -0.13437198807057488 -0.9909309606738308 0.2695593513401011
cell 38.13147380657015 32.55706697740799 0.0 1.0 1.0 1 0 0 0.0 1.0 0
cell 2.0110082518635144 3.4125751554165555 0.0 1.6431676725154984 0.6085806194501846 1 0 0 0.06413194068323068 0.9979414282332418 0.128351967371567
cell 39.298602250670235 26.999397141316432 0.0 1.6431676725154984 0.6085806194501846 1 0 0 0.9548948072554603 0.2969442827813956 2.538610656888274
cell 13.946124780115973 59.30606157055307 0.0 1.0 1.0 1 0 0 0.0 1.0 0
cell 43.21335684460251 51.415650568216975 0.0 1.6431676725154984 0.6085806194501846 1 0 0 0.9869149319552812 0.16124179695011642 2.8176950828633207
cell 10.60015268342841 55.876287091263336 0.0 1.0 1.0 1 0 0 0.0 1.0 0
cell 56.63700195648192 48.91794136643579 0.0 1.0 1.0 1 0 0 0.0 1.0 0
cell 37.57987532635496 38.204949527886306 0.0 1.0 1.0 1 0 0 0.0 1.0 0
cell 41.578710070153136 14.19828989271961 0.0 1.0 1.0 1 0 0 0.0 1.0 0
cell 29.578388385291554 55.43776306277038 0.0 1.0 1.0 1 0 0 0.0 1.0 0
cell 30.885119171412178 39.71663596774991 0.0 1.0 1.0 1 0 0 0.0 1.0 0
cell 28.333498657164377 48.468734890180535 0.0 1.6431676725154984 0.6085806194501846 1 0 0 0.8478247384434107 0.5302765437800943 2.023739228699533
cell 12.007023755813783 6.924595808503062 0.0 1.0 1.0 1 0 0 0.0 1.0 0
cell 45.41569581264426 44.29662423968613 0.0 1.0 1.0 1 0 0 0.0 1.0 0
cell 27.553310149264433 30.790906501866154 0.0 1.0 1.0 1 0 0 0.0 1.0 0
cell 9.33932366951829 41.96016684297489 0.0 1.0 1.0 1 0 0 0.0 1.0 0
cell 8.973222955594876 37.60398212711439 0.0 1.0 1.0 1 0 0 0.0 1.0 0
cell 32.07949457454241 7.508275243826562 0.0 1.0 1.0 1 0 0 0.0 1.0 0
cell 8.55697201371317 52.32546065835405 0.0 1.0 1.0 1 0 0 0.0 1.0 0
cell 27.083404554198058 24.71658838163159 0.0 1.6431676725154984 0.6085806194501846 1 0 0 0.9837338499218288 0.17963215891921153 2.780367623396131
cell 39.829726231865884 52.31907408917783 0.0 1.6431676725154984 0.6085806194501846 1 0 0 0.583110252215523 0.8123930291190029 1.24510392162733
cell 34.41127689218912 51.12815336260882 0.0 1.0 1.0 1 0 0 0.0 1.0 0
cell 35.7997323542423 52.36952446731597 0.0 1.0 1.0 1 0 0 0.0 1.0 0
cell 30.11841902044698 26.484702397970267 0.0 1.0 1.0 1 0 0 0.0 1.0 0
cell 0.31494919744267685 20.32558817024149 0.0 1.6431676725154984 0.6085806194501846 1 0 0 0.7070642889228036 -0.7071492708969516 4.712509163045159
cell 52.314388200385345 43.671037644131786 0.0 1.6431676725154984 0.6085806194501846 1 0 0 0.9472174650112383 -0.32059175594154576 3.7943009578281535
cell 27.421980083594654 36.72827307873878 0.0 1.0 1.0 1 0 0 0.0 1.0 0
cell 37.59438623214066 27.08354458979306 0.0 1.6431676725154984 0.6085806194501846 1 0 0 0.9438788475014205 0.33029187280251115 2.4683670827754938
cell 0.2763711149738503 47.92121235839235 0.0 1.6431676725154984 0.6085806194501846 1 0 0 0.9097674785214597 0.41511821813154076 2.285447168871149
cell 34.613756958482725 24.07551752344774 0.0 1.0 1.0 1 0 0 0.0 1.0 0
cell 29.239791013585187 36.05379246233138 0.0 1.0 1.0 1 0 0 0.0 1.0 0
cell 5.844869024420766 8.398692030556234 0.0 1.0 1.0 1 0 0 0.0 1.0 0
cell 5.885977126777839 46.251729705914734 0.0 1.6431676725154984 0.6085806194501846 1 0 0 0.3528578652038881 0.9356769351457557 0.721247360745743
cell 34.66638065806168 4.551678575985899 0.0 1.0 1.0 1 0 0 0.0 1.0 0
cell 16.619497588258156 33.441439104241574 0.0 1.6431676725154984 0.6085806194501846 1 0 0 0.9859665654648794 0.16694289977531188 2.8061361788671286
cell 16.179022307906443 53.525912184810174 0.0 1.0 1.0 1 0 0 0.0 1.0 0
cell 29.86651004080175 5.282841686717783 0.0 1.0 1.0 1 0 0 0.0 1.0 0
cell 34.23535146389442 36.13184127713464 0.0 1.0 1.0 1 0 0 0.0 1.0 0
cell 31.423027489737056 48.02094348701205 0.0 1.0 1.0 1 0 0 0.0 1.0 0
cell 24.74103939101241 12.453249065836133 0.0 1.6431676725154984 0.6085806194501846 1 0 0 -0.31158344013090955 0.9502187957708413 5.649467360225808
cell 43.48063873776934 37.12368082303816 0.0 1.0 1.0 1 0 0 0.0 1.0 0
cell 21.080306503225316 30.962400079679995 0.0 1.0 1.0 1 0 0 0.0 1.0 0
cell 46.06143281373083 1.0099931634226218 0.0 1.6431676725154984 0.6085806194501846 1 0 0 0.06228089673213551 0.9980586605516938 0.12464246168397419
cell 31.85153971013369 25.81555126857827 0.0 1.0 1.0 1 0 0 0.0 1.0 0
cell 0.7394231322030997 9.200878446672506 0.0 1.6431676725154984 0.6085806194501846 1 0 0 0.1935521422666266 -0.9810899898704499 5.89362236661609
cell 21.422422130577594 3.6563516779603553 0.0 1.0 1.0 1 0 0 0.0 1.0 0
cell 45.24333844888514 42.36819690108654 0.0 1.0 1.0 1 0 0 0.0 1.0 0
cell 43.4795797862906 22.0978968469824 0.0 1.0 1.0 1 0 0 0.0 1.0 0
cell 54.05463365942762 47.39332535160653 0.0 1.6431676725154984 0.6085806194501846 1 0 0 0.30791519043787735 -0.9514138087591569 5.657183351494364
cell 35.395942334169845 25.774172921751664 0.0 1.0 1.0 1 0 0 0.0 1.0 0
cell 46.28815286712921 8.768136659919417 0.0 1.0 1.0 1 0 0 0.0 1.0 0
cell 56.69013332819285 6.394613306333027 0.0 1.6431676725154984 0.6085806194501846 1 0 0 -0.3026401588859741 0.9531048915148177 5.668262304013112
cell 41.468911070860955 26.94546651546326 0.0 1.6431676725154984 0.6085806194501846 1 0 0 0.9946055218577086 0.10372972520042305 2.9337593512130424
cell 46.275904728691465 39.245564266966774 0.0 1.0 1.0 1 0 0 0.0 1.0 0
cell 6.779534651693734 49.48895538260009 0.0 1.0 1.0 1 0 0 0.0 1.0 0
cell 22.590748712009233 12.876097195308075 0.0 1.6431676725154984 0.6085806194501846 1 0 0 -0.030407513063696618 0.9995375846606676 6.222360905384341
cell 50.02950201389321 38.21948469149677 0.0 1.0 1.0 1 0 0 0.0 1.0 0
cell 50.92112701210318 21.011596935881453 0.0 1.0 1.0 1 0 0 0.0 1.0 0
cell 9.632884026623879 45.80083410953787 0.0 1.0 1.0 1 0 0 0.0 1.0 0
cell 47.68069410508932 2.4381921986705 0.0 1.0 1.0 1 0 0 0.0 1.0 0
cell 2.3535397307646075 50.75004291802956 0.0 1.6431676725154984 0.6085806194501846 1 0 0 0.9946060928127162 -0.1037242504905315 3.3494149471631545
cell 19.748561540954118 29.214984378507484 0.0 1.6431676725154984 0.6085806194501846 1 0 0 -0.9525312901885745 -0.3044407022914144 2.5228902451267157
cell 43.67521301127863 43.51354964596301 0.0 1.0 1.0 1 0 0 0.0 1.0 0
cell 11.780917129919251 32.73300914566231 0.0 1.0 1.0 1 0 0 0.0 1.0 0
cell 50.942887470792776 44.279437408910056 0.0 1.0 1.0 1 0 0 0.0 1.0 0
cell 4.2080518894207835 28.87606122452706 0.0 1.6431676725154984 0.6085806194501846 1 0 0 -0.05591742849207 -0.998435396603523 0.11189321924365014
cell 39.6273923559798 49.252966411344225 0.0 1.0 1.0 1 0 0 0.0 1.0 0
cell 40.21956406529214 25.054113917771378 0.0 1.6431676725154984 0.6085806194501846 1 0 0 0.9339924704907504 0.35729268823554833 2.4108573808076175
cell 5.659412625763591 41.597683161744314 0.0 1.0 1.0 1 0 0 0.0 1.0 0
cell 12.83402466296974 40.09419242267248 0.0 1.0 1.0 1 0 0 0.0 1.0 0
cell 40.78753545821543 39.27421381464053 0.0 1.0 1.0 1 0 0 0.0 1.0 0
cell 57.46814351077888 33.104173330346825 0.0 1.6431676725154984 0.6085806194501846 1 0 0 0.19310468107347215 0.98117816024793 0.3886508100060665
cell 55.455500735431606 1.6270593016456991 0.0 1.6431676725154984 0.6085806194501846 1 0 0 0.8046360832975409 0.5937682826284953 1.8701246399451237
cell 10.19747008366585 49.148355756394466 0.0 1.0 1.0 1 0 0 0.0 1.0 0
cell 38.02817656064661 48.02933860783422 0.0 1.0 1.0 1 0 0 0.0 1.0 0
cell 38.644528346878026 5.122006550848903 0.0 1.0 1.0 1 0 0 0.0 1.0 0
cell 41.8478907273883 22.493982293507962 0.0 1.0 1.0 1 0 0 0.0 1.0 0
cell 44.72101365021732 46.24030321374864 0.0 1.0 1.0 1 0 0 0.0 1.0 0
cell 10.54588288074838 1.4071505960199033 0.0 1.0 1.0 1 0 0 0.0 1.0 0
cell 31.266386629121715 21.967250910113822 0.0 1.6431676725154984 0.6085806194501846 1 0 0 0.9898631589209096 0.1420243873815973 2.8565801844020955
cell 30.561312636499874 51.907080841196326 0.0 1.0 1.0 1 0 0 0.0 1.0 0
cell 57.063226561881244 0.45705369229661635 0.0 1.0 1.0 1 0 0 0.0 1.0 0
cell 25.281009960419 16.604074081727145 0.0 1.0 1.0 1 0 0 0.0 1.0 0
cell 19.737623272845795 32.16224722601329 0.0 1.0 1.0 1 0 0 0.0 1.0 0
cell 10.059996496573175 59.17174621331734 0.0 1.0 1.0 1 0 0 0.0 1.0 0
cell 55.371374426595416 13.915274488780595 0.0 1.6431676725154984 0.6085806194501846 1 0 0 0.7475514611495754 -0.6642038940966357 4.594449377953084
cell 8.412228518239456 45.029549433602426 0.0 1.6431676725154984 0.6085806194501846 1 0 0 0.9512172990897861 0.3085217170837935 2.5143155655410383
cell 12.160058439771705 49.718873443516316 0.0 1.0 1.0 1 0 0 0.0 1.0 0
cell 2.600692498485854 13.6299822802358 0.0 1.6431676725154984 0.6085806194501846 1 0 0 -0.25522800462810247 -0.9668808952779847 0.516167020933266
cell 23.0556110015413 8.39954638811152 0.0 1.0 1.0 1 0 0 0.0 1.0 0
cell 21.672277839273328 1.8705647362803102 0.0 1.0 1.0 1 0 0 0.0 1.0 0
cell 33.320135721021884 3.3177562701175396 0.0 1.0 1.0 1 0 0 0.0 1.0 0
cell 53.52722655443749 20.758895943429145 0.0 1.6431676725154984 0.6085806194501846 1 0 0 0.7864164377111273 0.6176966783929962 1.809971774755586
cell 28.666318201360557 52.597425825215865 0.0 1.0 1.0 1 0 0 0.0 1.0 0
cell 14.244493439531904 3.092972223539514 0.0 1.0 1.0 1 0 0 0.0 1.0 0
cell 14.397120809416919 52.207973124961995 0.0 1.0 1.0 1 0 0 0.0 1.0 0
cell 24.863890650595028 2.3090584350147836 0.0 1.0 1.0 1 0 0 0.0 1.0 0
cell 31.374877753306222 0.5659316925995646 0.0 1.0 1.0 1 0 0 0.0 1.0 0
cell 7.343776666815624 33.47828712054183 0.0 1.6431676725154984 0.6085806194501846 1 0 0 0.6466617368786106 0.7627768992681533 1.4063996256058562
cell 23.231250079418754 3.1106226219768858 0.0 1.0 1.0 1 0 0 0.0 1.0 0
cell 40.62779305216288 20.983488655345248 0.0 1.0 1.0 1 0 0 0.0 1.0 0
cell 26.607140141707735 51.45338473563498 0.0 1.0 1.0 1 0 0 0.0 1.0 0
cell 10.866438808149564 12.620495514333923 0.0 1.6431676725154984 0.6085806194501846 1 0 0 0.35453035474406247 -0.935044505660051 5.558361809317783
cell 32.47983103039264 51.656571718737794 0.0 1.0 1.0 1 0 0 0.0 1.0 0
cell 31.319683980871925 55.04902285391129 0.0 1.0 1.0 1 0 0 0.0 1.0 0
cell 40.56894090459518 17.321143652883396 0.0 1.0 1.0 1 0 0 0.0 1.0 0
cell 29.156521085341808 43.61354127900213 0.0 1.6431676725154984 0.6085806194501846 1 0 0 0.8176687381965183 0.5756890085594075 1.914699556929083
cell 40.24907312442808 36.136805431274524 0.0 1.0 1.0 1 0 0 0.0 1.0 0
cell 15.597120656973354 36.37266667631098 0.0 1.0 1.0 1 0 0 0.0 1.0 0
cell 59.22085361962924 38.255993539382146 0.0 1.6431676725154984 0.6085806194501846 1 0 0 0.9808486049963844 0.19477169731931457 2.749543284758252
cell 15.242379227869966 0.4580566218781983 0.0 1.0 1.0 1 0 0 0.0 1.0 0
cell 44.428053843228575 48.70556349133194 0.0 1.0 1.0 1 0 0 0.0 1.0 0
cell 28.066448887593705 41.850523906304026 0.0 1.0 1.0 1 0 0 0.0 1.0 0
cell 48.02394349801223 48.10136688395872 0.0 1.6431676725154984 0.6085806194501846 1 0 0 0.44302294584443985 0.8965102729223545 0.9179355567254058
cell 11.924783761031502 34.7572398045312 0.0 1.0 1.0 1 0 0 0.0 1.0 0
cell 39.83601431524782 3.5753258686183877 0.0 1.0 1.0 1 0 0 0.0 1.0 0
cell 52.221787833131444 11.966081350290045 0.0 1.0 1.0 1 0 0 0.0 1.0 0
cell 42.527632983440824 20.2610087903119 0.0 1.0 1.0 1 0 0 0.0 1.0 0
cell 35.331252357158576 6.3311121179216245 0.0 1.0 1.0 1 0 0 0.0 1.0 0
cell 53.29890408097506 15.526663714746084 0.0 1.0 1.0 1 0 0 0.0 1.0 0
cell 19.96115513296274 2.2447254969716357 0.0 1.0 1.0 1 0 0 0.0 1.0 0
cell 18.002423493811715 7.563971317321205 0.0 1.0 1.0 1 0 0 0.0 1.0 0
cell 42.84043643285677 12.663499767039447 0.0 1.0 1.0 1 0 0 0.0 1.0 0
cell 14.987549240820833 31.92216194620238 0.0 1.6431676725154984 0.6085806194501846 1 0 0 0.9178084583353747 0.39702346757848295 2.325049702376092
cell 46.77832525934979 45.63360135837513 0.0 1.0 1.0 1 0 0 0.0 1.0 0
cell 56.08851160491248 19.48657133719524 0.0 1.6431676725154984 0.6085806194501846 1 0 0 0.39561565614837996 0.9184161652596751 0.8134761997146289
cell 5.912318175031921 38.31597408976419 0.0 1.0 1.0 1 0 0 0.0 1.0 0
cell 3.708010966906179 30.328560895319114 0.0 1.6431676725154984 0.6085806194501846 1 0 0 0.1937798029787858 -0.9810450488930175 5.893158258475437
cell 9.047648034105805 2.248928587735932 0.0 1.0 1.0 1 0 0 0.0 1.0 0
cell 30.233841134117473 56.79843040332893 0.0 1.6431676725154984 0.6085806194501846 1 0 0 0.992421219309156 -0.12288255964508561 3.387980527825706
cell 14.14210107306837 57.57019008191871 0.0 1.0 1.0 1 0 0 0.0 1.0 0
cell 28.917832596020183 38.04983261296235 0.0 1.0 1.0 1 0 0 0.0 1.0 0
cell 58.040456158177996 4.7198233427903515 0.0 1.6431676725154984 0.6085806194501846 1 0 0 0.20285921930362963 -0.9792079131336316 5.8746313610308345
cell 51.44430620228372 47.2655397701097 0.0 1.6431676725154984 0.6085806194501846 1 0 0 0.9999967991897516 0.0025301403620354083 3.136532367466716
cell 19.81556395893839 8.447482130787531 0.0 1.0 1.0 1 0 0 0.0 1.0 0
cell 57.581393953395356 46.70348118010681 0.0 1.0 1.0 1 0 0 0.0 1.0 0
cell 4.84523877343369 49.9589161723362 0.0 1.0 1.0 1 0 0 0.0 1.0 0
cell 1.5255207526612111 1.6163128828280449 0.0 1.6431676725154984 0.6085806194501846 1 0 0 0.3795884259844712 0.9251554609138032 0.7787027714743581
cell 38.272953438490696 56.08952375241697 0.0 1.6431676725154984 0.6085806194501846 1 0 0 0.9948945606022553 0.10091983592953967 2.939408785314217
cell 16.375473053355954 45.51595253301384 0.0 1.0 1.0 1 0 0 0.0 1.0 0
cell 46.00258622313678 49.94241782287733 0.0 1.0 1.0 1 0 0 0.0 1.0 0
cell 30.656405098803614 37.61209282091123 0.0 1.0 1.0 1 0 0 0.0 1.0 0
cell 47.41521204910516 35.80317268810443 0.0 1.0 1.0 1 0 0 0.0 1.0 0
cell 20.27496724503875 23.590355338573293 0.0 1.0 1.0 1 0 0 0.0 1.0 0
cell 15.319554284524145 44.07359926072724 0.0 1.0 1.0 1 0 0 0.0 1.0 0
cell 21.178425803068777 13.929285061374788 0.0 1.0 1.0 1 0 0 0.0 1.0 0
cell 50.39846551059915 4.8701865268060835 0.0 1.0 1.0 1 0 0 0.0 1.0 0
cell 17.371755442713923 37.21502618598181 0.0 1.0 1.0 1 0 0 0.0 1.0 0
cell 28.93022167783532 13.939043597196497 0.0 1.0 1.0 1 0 0 0.0 1.0 0
cell 52.50930233598063 56.26544295965097 0.0 1.6431676725154984 0.6085806194501846 1 0 0 0.6668329598807361 0.7452072219300458 1.4599015685047185
cell 45.94503997123788 11.53237040649539 0.0 1.0 1.0 1 0 0 0.0 1.0 0
cell 58.232131733627 35.95806154806292 0.0 1.6431676725154984 0.6085806194501846 1 0 0 0.9997733935713148 -0.021287590443660097 3.1841710507052063
cell 33.94022988286012 12.950822533554776 0.0 1.0 1.0 1 0 0 0.0 1.0 0
cell 5.387314101963582 16.99488043522042 0.0 1.6431676725154984 0.6085806194501846 1 0 0 0.690116333901981 0.7236984494122463 1.523299579135403
cell 58.13931127441805 7.4297790170002695 0.0 1.0 1.0 1 0 0 0.0 1.0 0
cell 30.458798204827094 30.065779706860567 0.0 1.0 1.0 1 0 0 0.0 1.0 0
cell 21.79147190343153 51.76935478724636 0.0 1.0 1.0 1 0 0 0.0 1.0 0
cell 27.626637282404403 18.914463454095184 0.0 1.0 1.0 1 0 0 0.0 1.0 0
cell 50.99714900024434 55.861136834792916 0.0 1.6431676725154984 0.6085806194501846 1 0 0 0.4469990205817113 -0.8945344462897954 5.356369864512995
cell 49.16556400479578 12.810106713445823 0.0 1.0 1.0 1 0 0 0.0 1.0 0
cell 57.89538290735128 51.2778734239955 0.0 1.6431676725154984 0.6085806194501846 1 0 0 0.9982531154402163 0.059082294419751255 3.0233592100034516
cell 23.22165236869903 11.567882128997118 0.0 1.0 1.0 1 0 0 0.0 1.0 0
cell 37.41242937588733 46.15960015825924 0.0 1.0 1.0 1 0 0 0.0 1.0 0
cell 50.56587880572281 54.49081720136629 0.0 1.6431676725154984 0.6085806194501846 1 0 0 -0.2807947673352687 0.9597678358004775 5.713941123338273
cell 18.834413339414215 23.74053470530912 0.0 1.6431676725154984 0.6085806194501846 1 0 0 -0.5742656893549704 -0.818668991735769 1.2234138177332694
cell 53.5928507618191 58.699381817817574 0.0 1.6431676725154984 0.6085806194501846 1 0 0 0.6620876790063802 0.7494263841818918 1.4472020951056714
cell 10.576102973920348 34.01955035795805 0.0 1.6431676725154984 0.6085806194501846 1 0 0 0.7129452753147404 0.701219676282967 1.587379017972012
cell 51.895936923544006 4.454444109848072 0.0 1.0 1.0 1 0 0 0.0 1.0 0
cell 3.9123847873450055 15.572048215381251 0.0 1.0 1.0 1 0 0 0.0 1.0 0
cell 30.9173900341304 35.5987379002963 0.0 1.0 1.0 1 0 0 0.0 1.0 0
cell 41.48742455815823 32.63429203213529 0.0 1.0 1.0 1 0 0 0.0 1.0 0
cell 23.402717018026866 40.20265925647448 0.0 1.0 1.0 1 0 0 0.0 1.0 0
cell 50.366457775439315 9.50283893302875 0.0 1.6431676725154984 0.6085806194501846 1 0 0 0.9976598085458487 0.06837328727113015 3.0047393080399636
cell 19.11839463253087 49.59804825950145 0.0 1.0 1.0 1 0 0 0.0 1.0 0
cell 24.43081287574663 32.71325505100473 0.0 1.0 1.0 1 0 0 0.0 1.0 0
cell 35.09690193581552 20.62232105244683 0.0 1.0 1.0 1 0 0 0.0 1.0 0
cell 31.56443684831577 2.420316874622867 0.0 1.0 1.0 1 0 0 0.0 1.0 0
cell 33.21793740473214 20.239595977865584 0.0 1.0 1.0 1 0 0 0.0 1.0 0
cell 22.94514029548867 4.930223411070905 0.0 1.0 1.0 1 0 0 0.0 1.0 0
cell 30.735518443633197 43.4678335489028 0.0 1.0 1.0 1 0 0 0.0 1.0 0
cell 32.817308600878754 30.91393524489309 0.0 1.0 1.0 1 0 0 0.0 1.0 0
cell 24.17428156635279 36.39924435485098 0.0 1.0 1.0 1 0 0 0.0 1.0 0
cell 56.85059717246172 52.883454667372646 0.0 1.6431676725154984 0.6085806194501846 1 0 0 0.8525776563706694 -0.5226005547810839 4.241389324661833
cell 53.99536443498204 12.702098744836134 0.0 1.0 1.0 1 0 0 0.0 1.0 0
cell 34.81956576636986 48.83288472751452 0.0 1.0 1.0 1 0 0 0.0 1.0 0
cell 17.500994725908967 17.49108265278634 0.0 1.0 1.0 1 0 0 0.0 1.0 0
cell 33.71550790674541 33.52328276512776 0.0 1.6431676725154984 0.6085806194501846 1 0 0 0.7525718314722432 0.6585101658095444 1.703917883867938
cell 10.235068122745272 16.24959663376383 0.0 1.6431676725154984 0.6085806194501846 1 0 0 0.48788658921426964 -0.8729070260141492 5.263851322499018
cell 17.38979865508027 30.332248894396844 0.0 1.6431676725154984 0.6085806194501846 1 0 0 0.9316200152226437 0.3634338278649377 2.3976904075042618
cell 43.783423985436606 28.057618714836167 0.0 1.0 1.0 1 0 0 0.0 1.0 0
cell 12.255427805872348 36.49545260264983 0.0 1.0 1.0 1 0 0 0.0 1.0 0
cell 42.08769405216438 16.02960093142175 0.0 1.0 1.0 1 0 0 0.0 1.0 0
cell 8.147557970593569 7.711117269307186 0.0 1.0 1.0 1 0 0 0.0 1.0 0
cell 19.042437866241542 11.187355119226812 0.0 1.0 1.0 1 0 0 0.0 1.0 0
cell 48.18197335791759 41.53491803353269 0.0 1.0 1.0 1 0 0 0.0 1.0 0
cell 50.59731383888219 31.133442256191113 0.0 1.0 1.0 1 0 0 0.0 1.0 0
cell 39.36558514475867 57.22705261645511 0.0 1.6431676725154984 0.6085806194501846 1 0 0 0.2612561052345245 -0.9652695206405758 5.754538758776315
cell 20.70083148780005 46.76691916925462 0.0 1.0 1.0 1 0 0 0.0 1.0 0
cell 26.37805362004678 55.359673551157854 0.0 1.0 1.0 1 0 0 0.0 1.0 0
cell 14.089441285660875 37.25791830139378 0.0 1.0 1.0 1 0 0 0.0 1.0 0
cell 48.65784209879976 46.433644811027726 0.0 1.0 1.0 1 0 0 0.0 1.0 0
cell 6.607390750013376 18.42138745976888 0.0 1.6431676725154984 0.6085806194501846 1 0 0 0.910665781250701 0.4131438428187577 2.2897854208296806
cell 56.34442127851319 25.97730404614649 0.0 1.6431676725154984 0.6085806194501846 1 0 0 0.518901652306703 -0.8548339459996739 5.1920541428493205
cell 57.34522048938732 44.86122259220212 0.0 1.6431676725154984 0.6085806194501846 1 0 0 0.9082724118751927 0.4183792846525988 2.278272270144569
cell 34.994190895287936 56.425854883385675 0.0 1.6431676725154984 0.6085806194501846 1 0 0 0.999738425142217 0.02287097055570105 3.0958467237471337
cell 26.74891572356386 21.234079065303487 0.0 1.0 1.0 1 0 0 0.0 1.0 0
cell 47.09858376573642 16.079126010035782 0.0 1.0 1.0 1 0 0 0.0 1.0 0
cell 36.5140733199285 48.68317228613193 0.0 1.0 1.0 1 0 0 0.0 1.0 0
cell 45.15436279368388 9.802849778910755 0.0 1.6431676725154984 0.6085806194501846 1 0 0 0.2523840776575333 0.9676271375612386 0.5102866112921047
cell 13.085933841715587 41.775177498607576 0.0 1.0 1.0 1 0 0 0.0 1.0 0
cell 23.258659133377254 1.1160308507954135 0.0 1.0 1.0 1 0 0 0.0 1.0 0
cell 22.28930496084327 25.311092904474265 0.0 1.6431676725154984 0.6085806194501846 1 0 0 0.9619244889536491 0.273315344522149 2.5879167997040597
cell 48.48402537377731 44.592079921125595 0.0 1.0 1.0 1 0 0 0.0 1.0 0
cell 24.367114940111634 58.144195766052846 0.0 1.0 1.0 1 0 0 0.0 1.0 0
cell 50.17411262656105 39.781045748109754 0.0 1.0 1.0 1 0 0 0.0 1.0 0
cell 35.26812089980455 11.464167699913798 0.0 1.0 1.0 1 0 0 0.0 1.0 0
cell 41.98624105132089 3.990233040042746 0.0 1.0 1.0 1 0 0 0.0 1.0 0
cell 36.345345365495334 30.297830016314094 0.0 1.6431676725154984 0.6085806194501846 1 0 0 0.9579811149632087 0.2868312803266888 2.5597576808396036
cell 35.803191013760156 39.106487371135515 0.0 1.0 1.0 1 0 0 0.0 1.0 0
cell 46.50104813696592 20.714680712311928 0.0 1.0 1.0 1 0 0 0.0 1.0 0
cell 32.01870178826946 12.713546472158901 0.0 1.0 1.0 1 0 0 0.0 1.0 0
cell 6.500517539651967 54.99823411703393 0.0 1.6431676725154984 0.6085806194501846 1 0 0 0.9940797384771947 0.10865299604296332 2.9238568072904583
cell 33.26253343952162 55.5669657315057 0.0 1.6431676725154984 0.6085806194501846 1 0 0 0.9970846590842936 0.07630322810181797 2.988837724283249
cell 16.990184786784752 22.314838884003986 0.0 1.6431676725154984 0.6085806194501846 1 0 0 0.36578789308735793 0.9306982417898465 0.7489584473223773
cell 8.692908965344373 13.564334030155312 0.0 1.6431676725154984 0.6085806194501846 1 0 0 0.45146766663790455 -0.8922874794484824 5.346366323196322
cell 22.189676715607593 49.806338876301446 0.0 1.0 1.0 1 0 0 0.0 1.0 0
cell 34.51933477276038 27.372567029912155 0.0 1.0 1.0 1 0 0 0.0 1.0 0
cell 22.686811728337517 30.077449323651532 0.0 1.0 1.0 1 0 0 0.0 1.0 0
cell 0.29130245863501647 49.622639983124046 0.0 1.6431676725154984 0.6085806194501846 1 0 0 0.9114235236656012 0.4114695134623942 2.293461045027868
cell 35.76728509497843 45.00592128280188 0.0 1.0 1.0 1 0 0 0.0 1.0 0
cell 19.17117772190409 57.50342814188658 0.0 1.0 1.0 1 0 0 0.0 1.0 0
cell 1.066466422504054 56.903101315898795 0.0 1.6431676725154984 0.6085806194501846 1 0 0 -0.2111586542804189 0.9774518007157603 5.857664925537541
cell 19.741457170711417 53.96742065327989 0.0 1.0 1.0 1 0 0 0.0 1.0 0
cell 36.728296056105854 31.583814495318393 0.0 1.0 1.0 1 0 0 0.0 1.0 0
cell 3.545084340583891 57.51438663315076 0.0 1.6431676725154984 0.6085806194501846 1 0 0 -0.4810885933300654 -0.876671982766473 1.0037920476996165
cell 55.900901179393 9.70636880025649 0.0 1.0 1.0 1 0 0 0.0 1.0 0
cell 0.718661678010493 31.433402124654705 0.0 1.6431676725154984 0.6085806194501846 1 0 0 0.25616216520223234 -0.9666338216299408 5.765085721692712
cell 40.89626297789291 19.121233576715408 0.0 1.0 1.0 1 0 0 0.0 1.0 0
cell 2.3188839265016705 41.872279335319696 0.0 1.6431676725154984 0.6085806194501846 1 0 0 0.34530926829464026 -0.9384889499774732 5.578048699810917
cell 46.07978245380986 47.719008080475895 0.0 1.0 1.0 1 0 0 0.0 1.0 0
cell 54.52145312253907 1.0571131934579818 0.0 1.6431676725154984 0.6085806194501846 1 0 0 0.7380140860585183 0.6747853056930108 1.6602451428749043
cell 50.77263404826352 12.925077743953297 0.0 1.6431676725154984 0.6085806194501846 1 0 0 -0.6436979288777452 -0.7652796719882877 1.3986412628855538
cell 11.14272478987965 41.237254569120935 0.0 1.0 1.0 1 0 0 0.0 1.0 0
cell 4.99324237458906 43.89132304467738 0.0 1.0 1.0 1 0 0 0.0 1.0 0
cell 31.445995670215538 10.887110920359927 0.0 1.0 1.0 1 0 0 0.0 1.0 0
cell 29.447987208105687 40.67875549923228 0.0 1.6431676725154984 0.6085806194501846 1 0 0 0.7593602618494691 0.6506704178951935 1.7246587033481753
cell 13.45334034245717 11.976721779721714 0.0 1.6431676725154984 0.6085806194501846 1 0 0 0.15440553702067644 0.9880075557086375 0.3100514928822411
cell 57.252719342776665 14.100516335312802 0.0 1.6431676725154984 0.6085806194501846 1 0 0 0.9400162997630067 -0.34112952991476003 3.837829138943202
cell 34.90710633711293 34.584496639364744 0.0 1.0 1.0 1 0 0 0.0 1.0 0
cell 18.90115300841593 5.776644658815686 0.0 1.0 1.0 1 0 0 0.0 1.0 0
cell 32.00893999113088 29.358504545362756 0.0 1.0 1.0 1 0 0 0.0 1.0 0
cell 54.57027972468895 10.823312906665466 0.0 1.6431676725154984 0.6085806194501846 1 0 0 0.7593759457146962 -0.6506521137058656 4.558478394829121
cell 23.471956284162673 23.289255524252372 0.0 1.0 1.0 1 0 0 0.0 1.0 0
cell 57.78781585317335 50.09853573060426 0.0 1.6431676725154984 0.6085806194501846 1 0 0 0.9672785226385848 0.2537168887601231 2.6285507433304924
cell 8.537541659571163 9.161435045626616 0.0 1.6431676725154984 0.6085806194501846 1 0 0 0.05855781918393293 0.9982840186101457 0.11718267380137873
cell 52.007663860627765 38.04743986039915 0.0 1.0 1.0 1 0 0 0.0 1.0 0
cell 10.549433100665615 50.88004041714063 0.0 1.0 1.0 1 0 0 0.0 1.0 0
cell 1.2660307926557641 28.743069420157557 0.0 1.6431676725154984 0.6085806194501846 1 0 0 0.17510627198560927 -0.9845495383734136 5.931157893516147
cell 39.0486452347704 19.644426747964093 0.0 1.0 1.0 1 0 0 0.0 1.0 0
cell 43.442867644402824 41.49523789229728 0.0 1.0 1.0 1 0 0 0.0 1.0 0
cell 52.2131974764913 31.622752041645832 0.0 1.6431676725154984 0.6085806194501846 1 0 0 0.8452207158404266 0.5344173851159755 2.0139560700283496
cell 21.506830990337097 40.86278648083111 0.0 1.0 1.0 1 0 0 0.0 1.0 0
cell 15.741214886511044 28.301607620828566 0.0 1.0 1.0 1 0 0 0.0 1.0 0
cell 27.973847929237678 0.6233679177738145 0.0 1.0 1.0 1 0 0 0.0 1.0 0
cell 19.14048428842809 33.6637761524041 0.0 1.0 1.0 1 0 0 0.0 1.0 0
cell 39.681448358288755 33.21892720626837 0.0 1.0 1.0 1 0 0 0.0 1.0 0
cell 46.606860116090964 32.634261509211434 0.0 1.0 1.0 1 0 0 0.0 1.0 0
cell 1.624917742727878 54.300093537468314 0.0 1.6431676725154984 0.6085806194501846 1 0 0 0.6404816744968558 0.7679734530787531 1.3902506074590615
cell 27.976333238357228 51.010102392830035 0.0 1.6431676725154984 0.6085806194501846 1 0 0 0.8140698056530775 0.5807670372222933 1.9022514541642195
cell 0.8681837057437732 5.73387773171803 0.0 1.6431676725154984 0.6085806194501846 1 0 0 0.9623311597921477 0.27188000826302017 2.590900469766529
cell 40.94807945453335 44.307734775064944 0.0 1.0 1.0 1 0 0 0.0 1.0 0
cell 15.576124660470569 13.313753587410837 0.0 1.6431676725154984 0.6085806194501846 1 0 0 0.09905102513389077 0.9950823555967241 0.19842742219612844
cell 9.345657831570295 30.648642362389378 0.0 1.6431676725154984 0.6085806194501846 1 0 0 0.7667571255500087 0.6419373103491401 1.7475481934869752
cell 39.304063130963705 6.9361804334011685 0.0 1.0 1.0 1 0 0 0.0 1.0 0
cell 16.136100950930132 50.4230188794194 0.0 1.0 1.0 1 0 0 0.0 1.0 0
cell 52.9508784315113 17.437233225504258 0.0 1.0 1.0 1 0 0 0.0 1.0 0
cell 18.164590359839135 2.91810285628553 0.0 1.0 1.0 1 0 0 0.0 1.0 0
cell 57.93579743583483 31.605876458217537 0.0 1.6431676725154984 0.6085806194501846 1 0 0 0.46555434698185 0.8850192935785656 0.9685217504328759
cell 39.04586314265519 39.3541049202357 0.0 1.0 1.0 1 0 0 0.0 1.0 0
cell 19.56141080983979 45.51846859012036 0.0 1.0 1.0 1 0 0 0.0 1.0 0
cell 52.51878105209169 3.4607898051568573 0.0 1.6431676725154984 0.6085806194501846 1 0 0 0.4433236972594298 0.8963615896769727 0.918606550382996
cell 28.884770623158232 17.693761919944464 0.0 1.0 1.0 1 0 0 0.0 1.0 0
cell 36.39519584575347 15.208686245142488 0.0 1.0 1.0 1 0 0 0.0 1.0 0
cell 1.6110539683619272 32.40795000888825 0.0 1.6431676725154984 0.6085806194501846 1 0 0 0.41426154972669654 -0.9101578810393479 5.428922687243439
cell 14.556261391154823 26.247292618425902 0.0 1.0 1.0 1 0 0 0.0 1.0 0
cell 12.428947294887283 56.614355537282854 0.0 1.0 1.0 1 0 0 0.0 1.0 0
cell 25.808521427054927 29.79259565798137 0.0 1.0 1.0 1 0 0 0.0 1.0 0
cell 7.238384073815339 37.90600350431369 0.0 1.6431676725154984 0.6085806194501846 1 0 0 -0.4027926140717814 -0.9152912706069151 0.8291317424391451
cell 10.278905566213675 5.303645433803791 0.0 1.0 1.0 1 0 0 0.0 1.0 0
cell 40.02475862939184 8.71267113470312 0.0 1.0 1.0 1 0 0 0.0 1.0 0
cell 9.037799149624018 57.22935169416791 0.0 1.0 1.0 1 0 0 0.0 1.0 0
cell 48.59177143797187 52.254625053872125 0.0 1.0 1.0 1 0 0 0.0 1.0 0
cell 20.07110508804628 12.544857122108908 0.0 1.0 1.0 1 0 0 0.0 1.0 0
cell 38.53232443887269 59.54265310404475 0.0 1.0 1.0 1 0 0 0.0 1.0 0
cell 9.019392336446792 43.43670382021957 0.0 1.0 1.0 1 0 0 0.0 1.0 0
cell 22.504780464872667 58.41167152414833 0.0 1.0 1.0 1 0 0 0.0 1.0 0
cell 17.574474663226695 34.29109772183712 0.0 1.0 1.0 1 0 0 0.0 1.0 0
cell 11.62949922019101 42.971349498955796 0.0 1.0 1.0 1 0 0 0.0 1.0 0
cell 22.969456068714475 10.124866676844109 0.0 1.0 1.0 1 0 0 0.0 1.0 0
cell 49.24791345142613 1.570836965105883 0.0 1.6431676725154984 0.6085806194501846 1 0 0 0.1860646437947636 0.9825375047953782 0.37431063389357633
cell 0.1263778164843091 26.44740550384743 0.0 1.6431676725154984 0.6085806194501846 1 0 0 0.00728519881190114 0.9999734625870184 0.014570526512056774
cell 36.4689451211739 55.31598316161985 0.0 1.6431676725154984 0.6085806194501846 1 0 0 0.99878377395096 0.04930489724436925 3.0429428623754387
cell 23.979295499605808 47.1170417715715 0.0 1.0 1.0 1 0 0 0.0 1.0 0
cell 36.64308775191286 4.905022645700394 0.0 1.0 1.0 1 0 0 0.0 1.0 0
cell 14.119628912125346 28.228217074775618 0.0 1.0 1.0 1 0 0 0.0 1.0 0
cell 18.4580111960632 28.170401356293798 0.0 1.6431676725154984 0.6085806194501846 1 0 0 0.8918126736958102 0.4524048574402472 2.2026724630918886
cell 50.53204008268945 45.911764415563795 0.0 1.0 1.0 1 0 0 0.0 1.0 0
cell 24.76615568217218 5.928156524364667 0.0 1.0 1.0 1 0 0 0.0 1.0 0
cell 21.323027728162643 42.86257116428548 0.0 1.0 1.0 1 0 0 0.0 1.0 0
cell 52.30109683459281 42.10041892448179 0.0 1.6431676725154984 0.6085806194501846 1 0 0 0.9999571075627066 -0.009261913129887762 3.1601167446981315
cell 27.83092961235991 32.76369535157982 0.0 1.0 1.0 1 0 0 0.0 1.0 0
cell 26.265598198199797 42.46708778654394 0.0 1.0 1.0 1 0 0 0.0 1.0 0
cell 13.037020695868302 33.553261657929575 0.0 1.0 1.0 1 0 0 0.0 1.0 0
cell 27.553239384729178 8.184351438359311 0.0 1.0 1.0 1 0 0 0.0 1.0 0
cell 50.48268718776641 3.0749621783369347 0.0 1.0 1.0 1 0 0 0.0 1.0 0
cell 59.01039871583304 44.56636621763334 0.0 1.6431676725154984 0.6085806194501846 1 0 0 -0.8756444919644997 -0.48295623372333973 2.1335373584391117
cell 5.98963083467564 28.17114357646186 0.0 1.0 1.0 1 0 0 0.0 1.0 0
cell 51.528894721890396 59.434284650442095 0.0 1.6431676725154984 0.6085806194501846 1 0 0 0.42362351700137085 0.9058383497310043 0.8748835533500098
cell 49.67723950418311 48.11902100043961 0.0 1.0 1.0 1 0 0 0.0 1.0 0
cell 42.592158514792985 56.61482382978796 0.0 1.6431676725154984 0.6085806194501846 1 0 0 0.08900179230499497 -0.9960314658516057 6.1049458770413345
cell 18.20489151804011 38.77735010174405 0.0 1.0 1.0 1 0 0 0.0 1.0 0
cell 53.59162395305841 6.947143541077808 0.0 1.6431676725154984 0.6085806194501846 1 0 0 0.7748947081564754 0.632090334739498 1.7730970015566085
cell 36.01074007883846 3.2771944323465947 0.0 1.0 1.0 1 0 0 0.0 1.0 0
cell 45.57757611157287 36.63380469944242 0.0 1.0 1.0 1 0 0 0.0 1.0 0
cell 15.924915729954398 38.008115532640254 0.0 1.0 1.0 1 0 0 0.0 1.0 0
cell 14.218897531859417 33.91243318706696 0.0 1.6431676725154984 0.6085806194501846 1 0 0 0.9107088655010286 0.4130488618769327 2.2899940126027314
cell 38.95614710337047 34.79508290803112 0.0 1.0 1.0 1 0 0 0.0 1.0 0
cell 16.735360897739593 43.237729188465934 0.0 1.0 1.0 1 0 0 0.0 1.0 0
cell 18.534748697256596 9.261790880522485 0.0 1.0 1.0 1 0 0 0.0 1.0 0
cell 4.349342820394085 52.90681699727587 0.0 1.6431676725154984 0.6085806194501846 1 0 0 0.8343150395932805 -0.551287959879828 4.309407024001948
cell 31.322605349836778 15.994048466634379 0.0 1.0 1.0 1 0 0 0.0 1.0 0
cell 32.75781043025735 9.348597229759584 0.0 1.0 1.0 1 0 0 0.0 1.0 0
cell 18.29128426105058 42.382406102218226 0.0 1.0 1.0 1 0 0 0.0 1.0 0
cell 14.752012781111839 40.63670282012216 0.0 1.0 1.0 1 0 0 0.0 1.0 0
cell 19.98914395144624 39.636707907122776 0.0 1.0 1.0 1 0 0 0.0 1.0 0
cell 6.522677011413902 57.8530429058902 0.0 1.6431676725154984 0.6085806194501846 1 0 0 0.9261761272343576 0.3770912109041618 2.368285379241432
cell 44.50206161508522 20.49957865202846 0.0 1.0 1.0 1 0 0 0.0 1.0 0
cell 52.78399633450746 36.21235125965418 0.0 1.0 1.0 1 0 0 0.0 1.0 0
cell 30.80866889948176 41.69423835089429 0.0 1.0 1.0 1 0 0 0.0 1.0 0
cell 37.54646623947773 42.187619998241416 0.0 1.0 1.0 1 0 0 0.0 1.0 0
cell 54.165497804698596 43.16239970735963 0.0 1.6431676725154984 0.6085806194501846 1 0 0 0.9985817801921619 -0.0532393488714212 3.248121716638174
cell 23.005030218078584 42.04313735770047 0.0 1.0 1.0 1 0 0 0.0 1.0 0
cell 26.641925481947542 11.525063467757109 0.0 1.0 1.0 1 0 0 0.0 1.0 0
cell 38.80292611936037 1.777195541974051 0.0 1.0 1.0 1 0 0 0.0 1.0 0
cell 32.337495640721514 38.79569314291966 0.0 1.0 1.0 1 0 0 0.0 1.0 0
cell 46.963404910209675 23.55409330542218 0.0 1.0 1.0 1 0 0 0.0 1.0 0
cell 2.1656980075651555 18.680966886834472 0.0 1.6431676725154984 0.6085806194501846 1 0 0 0.7365850778695656 -0.6763448994853779 4.62717071928938
cell 15.440109200306006 1.6709528641637155 0.0 1.6431676725154984 0.6085806194501846 1 0 0 0.9876739619491155 0.15652522125119986 2.827249611896137
cell 35.84042385918105 13.278676874385788 0.0 1.0 1.0 1 0 0 0.0 1.0 0
cell 5.409725433270695 0.8439662947465237 0.0 1.6431676725154984 0.6085806194501846 1 0 0 0.8030556900981994 -0.5959039843807932 4.418374373583743
cell 49.95921841300579 50.10318166396842 0.0 1.0 1.0 1 0 0 0.0 1.0 0
cell 13.65180327379617 48.425458338533474 0.0 1.0 1.0 1 0 0 0.0 1.0 0
cell 42.31317297574831 0.22626427332229168 0.0 1.6431676725154984 0.6085806194501846 1 0 0 0.8102051622484673 0.5861463938863182 1.8890040986292487
cell 33.849550195300885 52.749364353893114 0.0 1.0 1.0 1 0 0 0.0 1.0 0
cell 53.70068837569097 27.497405894963702 0.0 1.6431676725154984 0.6085806194501846 1 0 0 0.8156473071317049 0.5785494536932848 1.907694318187571
cell 39.602258588737065 47.26013811168893 0.0 1.0 1.0 1 0 0 0.0 1.0 0
cell 54.778101454328684 57.64255008597069 0.0 1.6431676725154984 0.6085806194501846 1 0 0 0.7753438226397054 0.6315393548263236 1.7745186663624535
cell 40.89845087917875 34.495182509009666 0.0 1.0 1.0 1 0 0 0.0 1.0 0
cell 28.257416729574373 6.3904543764686474 0.0 1.0 1.0 1 0 0 0.0 1.0 0
cell 51.3729784112352 15.968500312424554 0.0 1.0 1.0 1 0 0 0.0 1.0 0
cell 46.589738811600455 41.136177021307624 0.0 1.0 1.0 1 0 0 0.0 1.0 0
cell 12.868336367965568 26.947646617642828 0.0 1.0 1.0 1 0 0 0.0 1.0 0
cell 0.7383839003867761 17.502987732592835 0.0 1.0 1.0 1 0 0 0.0 1.0 0
cell 18.9085079946721 59.374550267981725 0.0 1.0 1.0 1 0 0 0.0 1.0 0
cell 41.28695841863139 2.2213946674719915 0.0 1.0 1.0 1 0 0 0.0 1.0 0
cell 10.876415781847456 37.75007794739208 0.0 1.0 1.0 1 0 0 0.0 1.0 0
cell 17.620436261213293 56.26809835541398 0.0 1.0 1.0 1 0 0 0.0 1.0 0
cell 54.599873878168665 8.593782651337063 0.0 1.6431676725154984 0.6085806194501846 1 0 0 0.478674674878977 -0.877992343719184 5.2848961169594295
cell 15.640262884852143 34.755094445300756 0.0 1.0 1.0 1 0 0 0.0 1.0 0
cell 18.23141513049918 12.190098873342102 0.0 1.6431676725154984 0.6085806194501846 1 0 0 0.4066269543847534 0.9135942863042542 0.8375179089339265
cell 35.80965002750151 22.456122380010004 0.0 1.0 1.0 1 0 0 0.0 1.0 0
cell 56.941555352982085 23.762925337973176 0.0 1.6431676725154984 0.6085806194501846 1 0 0 0.06832108260650123 -0.9976633849507938 6.146436615682368
cell 44.249167771209926 2.991415904674556 0.0 1.6431676725154984 0.6085806194501846 1 0 0 0.2868304767142956 0.9579813555742356 0.581833295029659
cell 23.770775019956506 21.557287266757836 0.0 1.0 1.0 1 0 0 0.0 1.0 0
cell 7.073485602395721 0.9204727624599391 0.0 1.0 1.0 1 0 0 0.0 1.0 0
cell 20.32284936943251 25.541308259468362 0.0 1.0 1.0 1 0 0 0.0 1.0 0
cell 46.06739372913511 34.59030223118401 0.0 1.0 1.0 1 0 0 0.0 1.0 0
cell 35.60490045577558 46.98174438934612 0.0 1.0 1.0 1 0 0 0.0 1.0 0
cell 4.718548393350638 19.733932875198253 0.0 1.6431676725154984 0.6085806194501846 1 0 0 0.760721689210512 -0.649078201424686 4.554336787914995
cell 29.381696489931187 34.034762618659386 0.0 1.0 1.0 1 0 0 0.0 1.0 0
cell 47.124046914915525 51.36638776924273 0.0 1.6431676725154984 0.6085806194501846 1 0 0 -0.15737961857142163 0.9875381793421021 5.967112026492209
cell 29.127565710690178 8.752754244894888 0.0 1.0 1.0 1 0 0 0.0 1.0 0
cell 12.721189978845063 9.027374360035175 0.0 1.6431676725154984 0.6085806194501846 1 0 0 0.3480985892024432 0.9374579308935781 0.7110841507254124
cell 19.7988964786595 52.08462189984621 0.0 1.0 1.0 1 0 0 0.0 1.0 0
cell 19.11461581123589 37.239347307993405 0.0 1.0 1.0 1 0 0 0.0 1.0 0
cell 36.70401643921429 28.882950960913085 0.0 1.6431676725154984 0.6085806194501846 1 0 0 0.9549651188950267 0.2967180845412148 2.5390844052213866
cell 39.04473114467586 12.14253062715899 0.0 1.0 1.0 1 0 0 0.0 1.0 0
cell 29.336573885542382 57.858108696004386 0.0 1.0 1.0 1 0 0 0.0 1.0 0
cell 47.03719882402171 43.16915117447435 0.0 1.0 1.0 1 0 0 0.0 1.0 0
cell 35.15797058114302 54.18007429532405 0.0 1.0 1.0 1 0 0 0.0 1.0 0
cell 14.33623984001718 45.3621537790688 0.0 1.0 1.0 1 0 0 0.0 1.0 0
cell 17.55327505923277 14.450945183261558 0.0 1.6431676725154984 0.6085806194501846 1 0 0 -0.10204791532373994 -0.9947794845985108 0.20445173577085196
cell 47.75702764144212 11.879333707000988 0.0 1.0 1.0 1 0 0 0.0 1.0 0
cell 39.50064553406251 37.70371135403893 0.0 1.0 1.0 1 0 0 0.0 1.0 0
cell 0.11637428176551087 13.740976750026485 0.0 1.0 1.0 1 0 0 0.0 1.0 0
cell 3.9413683718072057 38.460214910074114 0.0 1.0 1.0 1 0 0 0.0 1.0 0
cell 49.82742953557416 28.223395595151636 0.0 1.0 1.0 1 0 0 0.0 1.0 0
cell 26.81260028038163 53.3982357389708 0.0 1.0 1.0 1 0 0 0.0 1.0 0
cell 55.43870865587147 28.82997633473174 0.0 1.6431676725154984 0.6085806194501846 1 0 0 0.36477513388411853 -0.9310956458387202 5.536402737885548
cell 7.9527296759108586 46.68937569435701 0.0 1.0 1.0 1 0 0 0.0 1.0 0
cell 12.456815827904087 20.280658514524692 0.0 1.6431676725154984 0.6085806194501846 1 0 0 0.8895771091079423 -0.45678503363306044 4.090348237571307
cell 29.451028883154166 15.813908856539602 0.0 1.0 1.0 1 0 0 0.0 1.0 0
cell 52.60767795114642 9.83035322788667 0.0 1.6431676725154984 0.6085806194501846 1 0 0 0.8938332436411189 0.4483995233739618 2.2116447398685333
cell 59.16195537560803 54.09917542680798 0.0 1.6431676725154984 0.6085806194501846 1 0 0 0.9566988000497251 -0.291079724445754 3.7323031299967
cell 15.042268141823776 30.018979080794367 0.0 1.0 1.0 1 0 0 0.0 1.0 0
cell 19.487798256711535 55.75114184511448 0.0 1.0 1.0 1 0 0 0.0 1.0 0
cell 23.974266756759775 19.56677063979564 0.0 1.0 1.0 1 0 0 0.0 1.0 0
cell 58.30042486340638 22.294905398934798 0.0 1.6431676725154984 0.6085806194501846 1 0 0 0.4608041559639961 0.887501847798814 0.9578021498927908
cell 20.69741668868877 15.414011040811149 0.0 1.0 1.0 1 0 0 0.0 1.0 0
cell 43.035004787960645 47.3211626048022 0.0 1.0 1.0 1 0 0 0.0 1.0 0
cell 6.264545426863 13.918320388330653 0.0 1.6431676725154984 0.6085806194501846 1 0 0 -0.11459145223834316 0.9934127032980339 6.053497841043028
cell 12.514683310190533 51.436344527931865 0.0 1.0 1.0 1 0 0 0.0 1.0 0
cell 2.425973440392284 49.10944609145794 0.0 1.0 1.0 1 0 0 0.0 1.0 0
cell 33.97876017451783 45.74653760244955 0.0 1.0 1.0 1 0 0 0.0 1.0 0
cell 28.623284910657862 46.247276741679585 0.0 1.6431676725154984 0.6085806194501846 1 0 0 0.8565125683259012 0.5161261670364801 2.0569487384835954
cell 45.552298537867 17.11094862469558 0.0 1.0 1.0 1 0 0 0.0 1.0 0
cell 22.805585077908326 56.57072531167735 0.0 1.0 1.0 1 0 0 0.0 1.0 0
cell 36.15886475869059 50.55423563452703 0.0 1.0 1.0 1 0 0 0.0 1.0 0
cell 42.198890220363644 53.25975238765129 0.0 1.6431676725154984 0.6085806194501846 1 0 0 0.4038403273728768 0.9148294868375022 0.8314216747998932
cell 49.11744026670085 16.159943027559358 0.0 1.0 1.0 1 0 0 0.0 1.0 0
cell 33.43663173184821 50.13586668404293 0.0 1.6431676725154984 0.6085806194501846 1 0 0 -0.15193190126730938 0.9883909638282316 5.978140161827541
cell 44.160982398633955 35.25621216690076 0.0 1.0 1.0 1 0 0 0.0 1.0 0
cell 11.068950696199785 39.49344393385039 0.0 1.0 1.0 1 0 0 0.0 1.0 0
cell 38.003278492526555 36.394698772777886 0.0 1.0 1.0 1 0 0 0.0 1.0 0
cell 33.34604994136694 5.974233259142606 0.0 1.0 1.0 1 0 0 0.0 1.0 0
cell 27.836954490352888 10.149317092588968 0.0 1.0 1.0 1 0 0 0.0 1.0 0
cell 13.118613723475896 46.66319254941132 0.0 1.0 1.0 1 0 0 0.0 1.0 0
cell 41.135029122910105 50.493384624748515 0.0 1.0 1.0 1 0 0 0.0 1.0 0
cell 22.589249879447287 14.801437739460164 0.0 1.0 1.0 1 0 0 0.0 1.0 0
cell 31.01610588258271 33.6153228756194 0.0 1.0 1.0 1 0 0 0.0 1.0 0
cell 53.278344889737184 51.88500797671529 0.0 1.6431676725154984 0.6085806194501846 1 0 0 0.6231330021909486 -0.7821158875643016 4.9377010174534295
cell 28.21571091169915 39.87053613640569 0.0 1.0 1.0 1 0 0 0.0 1.0 0
cell 59.14513821398826 11.946046113597202 0.0 1.0 1.0 1 0 0 0.0 1.0 0
cell 9.3518873562303 35.1912624703219 0.0 1.6431676725154984 0.6085806194501846 1 0 0 0.7928852553429753 0.6093709640766493 1.831058656954407
cell 40.9797092354095 28.17240296136416 0.0 1.6431676725154984 0.6085806194501846 1 0 0 0.9873083286349343 0.15881518884569115 2.8226116633348965
cell 51.625892839005935 48.94179716362996 0.0 1.0 1.0 1 0 0 0.0 1.0 0
cell 58.22462208536187 9.164231936466939 0.0 1.6431676725154984 0.6085806194501846 1 0 0 0.9621456466347494 0.27253578602047834 2.5895374442836836
cell 48.528580731096675 32.01079177570138 0.0 1.0 1.0 1 0 0 0.0 1.0 0
cell 31.477679863738782 5.9603840647982445 0.0 1.0 1.0 1 0 0 0.0 1.0 0
cell 28.851488873877564 27.824021027221022 0.0 1.0 1.0 1 0 0 0.0 1.0 0
cell 17.15093807958469 0.058726756657007745 0.0 1.0 1.0 1 0 0 0.0 1.0 0
cell 22.138706579810652 19.161520353487738 0.0 1.0 1.0 1 0 0 0.0 1.0 0
cell 57.92629749130981 18.403711659538896 0.0 1.6431676725154984 0.6085806194501846 1 0 0 0.8925050349860107 -0.4510374291836762 4.077447407966725
cell 22.033407788446695 26.68725639212371 0.0 1.6431676725154984 0.6085806194501846 1 0 0 0.9980456314614621 0.06248933925631887 3.016532493242959
cell 42.815553863207555 33.909490420395755 0.0 1.0 1.0 1 0 0 0.0 1.0 0
cell 34.911157171428 0.319927820165073 0.0 1.0 1.0 1 0 0 0.0 1.0 0
cell 59.63541548335302 55.87773701509445 0.0 1.6431676725154984 0.6085806194501846 1 0 0 0.07818759700904754 -0.996938663947763 6.126650345163244
cell 33.288993103167186 16.315571077613907 0.0 1.0 1.0 1 0 0 0.0 1.0 0
cell 17.457061557123037 26.378974892293318 0.0 1.6431676725154984 0.6085806194501846 1 0 0 0.7722804706007634 0.6352817286280658 1.7648461210975073
cell 26.160403369220564 57.375391763954994 0.0 1.0 1.0 1 0 0 0.0 1.0 0
cell 27.88014771080535 56.503116777295475 0.0 1.0 1.0 1 0 0 0.0 1.0 0
cell 55.88624738117611 47.03990310238165 0.0 1.6431676725154984 0.6085806194501846 1 0 0 0.585951568894136 -0.8103460735454331 5.031077637949626
cell 34.178372301103266 39.960494397556005 0.0 1.0 1.0 1 0 0 0.0 1.0 0
cell 55.349292967094364 49.96586244800395 0.0 1.6431676725154984 0.6085806194501846 1 0 0 0.9002769106353661 -0.4353176819023564 4.042374889588419
cell 14.962623388023701 10.634723991981371 0.0 1.6431676725154984 0.6085806194501846 1 0 0 0.35169036641223006 0.9361163849505206 0.7187524300763766
cell 23.42908876667938 6.851969242560797 0.0 1.0 1.0 1 0 0 0.0 1.0 0
cell 52.12481658087679 24.88742081519904 0.0 1.6431676725154984 0.6085806194501846 1 0 0 0.044039578805626374 -0.9990297870927688 6.195077653330536
cell 16.02032097264445 7.566466261385184 0.0 1.0 1.0 1 0 0 0.0 1.0 0
cell 15.807423742755034 56.81288488444508 0.0 1.0 1.0 1 0 0 0.0 1.0 0
cell 3.934191400665898 32.96499694661212 0.0 1.6431676725154984 0.6085806194501846 1 0 0 0.259973555080605 -0.9656157365426227 5.7571956747386235
cell 8.505593261144117 5.88282284459216 0.0 1.0 1.0 1 0 0 0.0 1.0 0
cell 54.99702391707712 36.79758461623137 0.0 1.6431676725154984 0.6085806194501846 1 0 0 0.9497863442163174 -0.3128991855857141 3.7780805830384434
cell 52.240211219958915 5.9890439454056725 0.0 1.0 1.0 1 0 0 0.0 1.0 0
cell 23.4228678546062 52.9357310476882 0.0 1.0 1.0 1 0 0 0.0 1.0 0
cell 41.77845216876677 30.861449513356398 0.0 1.0 1.0 1 0 0 0.0 1.0 0
cell 14.30847988943392 21.43978191948278 0.0 1.6431676725154984 0.6085806194501846 1 0 0 -0.7405386134771977 -0.67201381083224 1.6677429929431682
cell 37.987548799354904 50.02991152726218 0.0 1.0 1.0 1 0 0 0.0 1.0 0
cell 11.733002540048993 0.4181344631438676 0.0 1.0 1.0 1 0 0 0.0 1.0 0
cell 18.18124737232991 18.873872760537054 0.0 1.0 1.0 1 0 0 0.0 1.0 0
cell 4.339226273101598 31.497971356552345 0.0 1.6431676725154984 0.6085806194501846 1 0 0 0.13130658678443335 -0.9913418079890619 6.019811580524637
cell 25.61831685430949 46.334405754160066 0.0 1.0 1.0 1 0 0 0.0 1.0 0
cell 26.572887656710893 40.53865932342252 0.0 1.0 1.0 1 0 0 0.0 1.0 0
cell 5.22598067652769 10.911764971319856 0.0 1.6431676725154984 0.6085806194501846 1 0 0 0.023730019149391074 0.9997184034472755 0.04746449366169116
cell 3.9753394864353835 41.76939509867494 0.0 1.6431676725154984 0.6085806194501846 1 0 0 0.4356331250007545 -0.9001243138600784 5.3817022427414365
cell 21.285828010901835 0.44270562132019103 0.0 1.6431676725154984 0.6085806194501846 1 0 0 0.9862628553619203 0.16518347415329404 2.809704577425018
cell 53.48782908044046 1.567432026367314 0.0 1.6431676725154984 0.6085806194501846 1 0 0 0.589131737411972 0.808037001611901 1.2599677722511267
cell 25.247585239960564 50.29045077601189 0.0 1.0 1.0 1 0 0 0.0 1.0 0
cell 17.280419622047145 15.942979031636849 0.0 1.6431676725154984 0.6085806194501846 1 0 0 0.35142114223095794 0.9362174858402768 0.7181772673158954
cell 18.76003397929747 16.058883743618644 0.0 1.6431676725154984 0.6085806194501846 1 0 0 0.347432342918759 0.9377050533584544 0.709662948917902
cell 44.644693062213726 38.42107750495869 0.0 1.0 1.0 1 0 0 0.0 1.0 0
cell 52.588846134995045 45.71802954418932 0.0 1.0 1.0 1 0 0 0.0 1.0 0
cell 6.637825435263315 52.4843743259639 0.0 1.6431676725154984 0.6085806194501846 1 0 0 0.910183628777109 -0.4142049757138776 3.9957309583631084
cell 13.822269023887312 17.136216060515896 0.0 1.0 1.0 1 0 0 0.0 1.0 0
cell 27.2536554109992 28.799061152553847 0.0 1.0 1.0 1 0 0 0.0 1.0 0
cell 49.29844015976309 43.162319206205915 0.0 1.0 1.0 1 0 0 0.0 1.0 0
cell 36.576688826564684 26.419906943088055 0.0 1.6431676725154984 0.6085806194501846 1 0 0 0.8953388542901158 0.4453856037171192 2.218382865976165
cell 14.081363334381782 7.185218867566417 0.0 1.0 1.0 1 0 0 0.0 1.0 0
cell 21.416874235915273 11.398465313443598 0.0 1.0 1.0 1 0 0 0.0 1.0 0
cell 50.874006147698935 0.9823112639771158 0.0 1.6431676725154984 0.6085806194501846 1 0 0 0.5416025337867528 0.8406346979489778 1.1446845583921679
cell 19.73962998060506 21.99537743373147 0.0 1.0 1.0 1 0 0 0.0 1.0 0
cell 0.6692036841806888 51.75991455294596 0.0 1.0 1.0 1 0 0 0.0 1.0 0
cell 53.68685709512483 55.801736130233515 0.0 1.6431676725154984 0.6085806194501846 1 0 0 0.6311040526130836 0.7756981853629299 1.365951381393158
cell 9.473628291346719 32.939303385040496 0.0 1.6431676725154984 0.6085806194501846 1 0 0 0.8550760673824928 0.5185025737541624 2.0513950554523004
cell 33.323900297093466 11.166903202762402 0.0 1.0 1.0 1 0 0 0.0 1.0 0
cell 42.9443325519488 49.76223534708159 0.0 1.0 1.0 1 0 0 0.0 1.0 0
cell 20.981304523827944 57.06350362914326 0.0 1.0 1.0 1 0 0 0.0 1.0 0
cell 58.106789706335135 28.924105728293092 0.0 1.6431676725154984 0.6085806194501846 1 0 0 0.9490642076891389 0.3150827346640672 2.5005049980306384
cell 21.433489047852255 9.564649212532343 0.0 1.0 1.0 1 0 0 0.0 1.0 0
cell 59.737342082313944 15.635321987982126 0.0 1.0 1.0 1 0 0 0.0 1.0 0
cell 27.575190151828902 15.296604243298159 0.0 1.0 1.0 1 0 0 0.0 1.0 0
cell 24.7606767420803 0.34487162889088396 0.0 1.0 1.0 1 0 0 0.0 1.0 0
cell 11.366637238573004 46.20967635356932 0.0 1.0 1.0 1 0 0 0.0 1.0 0
cell 30.10340176988989 46.86083728968133 0.0 1.0 1.0 1 0 0 0.0 1.0 0
cell 16.427288883215823 39.5825791935389 0.0 1.0 1.0 1 0 0 0.0 1.0 0
cell 32.73939306414283 57.916186466344364 0.0 1.0 1.0 1 0 0 0.0 1.0 0
cell 44.63132843488855 52.82795565757812 0.0 1.6431676725154984 0.6085806194501846 1 0 0 0.9991411823873817 -0.041435463766499814 3.2244873129462293
cell 53.53846125693271 23.30159531443173 0.0 1.6431676725154984 0.6085806194501846 1 0 0 0.8385512405523391 -0.5448227390336541 4.2939480749292676
cell 1.3133513589433197 25.381004904523333 0.0 1.6431676725154984 0.6085806194501846 1 0 0 0.14972845344630023 0.9887271566153015 0.3005872490109829
cell 25.9064212887429 44.401394433130186 0.0 1.0 1.0 1 0 0 0.0 1.0 0
cell 12.126542002396386 17.562605189641356 0.0 1.6431676725154984 0.6085806194501846 1 0 0 0.8807073626879323 -0.4736607871750277 4.128478250343674
cell 16.082461878483237 3.9541395177378993 0.0 1.0 1.0 1 0 0 0.0 1.0 0
cell 26.84724906794708 49.50106090916051 0.0 1.0 1.0 1 0 0 0.0 1.0 0
cell 28.21277089586043 4.44585351715752 0.0 1.0 1.0 1 0 0 0.0 1.0 0
cell 52.11492623126303 8.03726968315725 0.0 1.0 1.0 1 0 0 0.0 1.0 0
cell 58.813206858351094 3.0043244851883575 0.0 1.0 1.0 1 0 0 0.0 1.0 0
cell 47.90591844056769 21.670391071877603 0.0 1.6431676725154984 0.6085806194501846 1 0 0 0.9811583134699693 0.19320549658010633 2.7527363426252607
cell 13.570379214995864 43.53663011987084 0.0 1.0 1.0 1 0 0 0.0 1.0 0
cell 32.50184285276286 56.632093138204695 0.0 1.6431676725154984 0.6085806194501846 1 0 0 0.9926519004507951 -0.12100497730021191 3.3841971270708053
cell 18.412378769076817 26.6841028713292 0.0 1.6431676725154984 0.6085806194501846 1 0 0 0.8554692914009646 0.5178535424904723 2.052912773130376
cell 3.3928031185292404 12.651762631229282 0.0 1.6431676725154984 0.6085806194501846 1 0 0 -0.32011243755886476 -0.9473795582131387 0.65169633521998
cell 32.830407047321025 48.88786738720582 0.0 1.0 1.0 1 0 0 0.0 1.0 0
cell 44.05013140748803 11.040256485258332 0.0 1.0 1.0 1 0 0 0.0 1.0 0
cell 38.73708347922324 28.667300961634865 0.0 1.6431676725154984 0.6085806194501846 1 0 0 0.9457698457037479 0.32483749623082125 2.479912850924875
cell 25.363527252893345 22.664456760707527 0.0 1.0 1.0 1 0 0 0.0 1.0 0
cell 47.34724847706506 54.09655038711132 0.0 1.6431676725154984 0.6085806194501846 1 0 0 0.13296004811571055 -0.9911213980159382 6.016475405723773
cell 39.864470369893546 31.499494516212373 0.0 1.0 1.0 1 0 0 0.0 1.0 0
cell 25.010690857547978 7.869493753469935 0.0 1.0 1.0 1 0 0 0.0 1.0 0
cell 57.636847796874086 12.810368902373172 0.0 1.6431676725154984 0.6085806194501846 1 0 0 0.9078496641103713 -0.4192958232259009 4.006931708593743
cell 6.881169951658962 21.011172673678463 0.0 1.6431676725154984 0.6085806194501846 1 0 0 0.40454767993807533 0.9145169078025406 0.8329683529621443
cell 19.60442797227109 15.067372346018972 0.0 1.6431676725154984 0.6085806194501846 1 0 0 0.6661287647289632 0.7458367574748952 1.45801243549686
cell 7.105144805548524 40.40484009756844 0.0 1.6431676725154984 0.6085806194501846 1 0 0 0.6804906160257935 0.7327567956019487 1.4968639498476546
cell 43.876412261898395 16.522632172866825 0.0 1.0 1.0 1 0 0 0.0 1.0 0
cell 9.099800086065386 27.65783544799089 0.0 1.6431676725154984 0.6085806194501846 1 0 0 0.6852987714774094 0.7282620365030388 1.510027744832238
cell 10.036853057290093 7.199212600632288 0.0 1.0 1.0 1 0 0 0.0 1.0 0
cell 33.203176796920616 1.3844543979774595 0.0 1.0 1.0 1 0 0 0.0 1.0 0
cell 29.41935831530665 50.754285620808666 0.0 1.0 1.0 1 0 0 0.0 1.0 0
cell 8.30965405025475 29.503212655639878 0.0 1.6431676725154984 0.6085806194501846 1 0 0 0.6699298972690124 0.7424243616323016 1.468228718717495
cell 38.392848311439366 30.565444269992202 0.0 1.0 1.0 1 0 0 0.0 1.0 0
cell 55.0064113421617 6.503154639370632 0.0 1.6431676725154984 0.6085806194501846 1 0 0 0.8834256583945959 0.46857134578426246 2.166246838043525
cell 2.752069546950872 6.275302333994853 0.0 1.0 1.0 1 0 0 0.0 1.0 0
cell 10.735638275424867 44.35566002457292 0.0 1.0 1.0 1 0 0 0.0 1.0 0
cell 31.18822529718315 50.003877952670216 0.0 1.0 1.0 1 0 0 0.0 1.0 0
cell 17.27425191221529 35.71819807774893 0.0 1.0 1.0 1 0 0 0.0 1.0 0
cell 33.13973961517044 59.38905645767116 0.0 1.0 1.0 1 0 0 0.0 1.0 0
cell 45.35537278030243 22.340060905654433 0.0 1.0 1.0 1 0 0 0.0 1.0 0
cell 12.663340490500355 53.180028981969585 0.0 1.0 1.0 1 0 0 0.0 1.0 0
cell 16.692918661894648 20.232514962411948 0.0 1.0 1.0 1 0 0 0.0 1.0 0
cell 17.978570351428303 44.370549474165706 0.0 1.0 1.0 1 0 0 0.0 1.0 0
cell 29.359658192707876 31.754659744864647 0.0 1.0 1.0 1 0 0 0.0 1.0 0
cell 43.56145653829089 6.74323725520916 0.0 1.6431676725154984 0.6085806194501846 1 0 0 0.14839005381381062 -0.9889289114638798 5.985305100004161
cell 7.626878305956795 58.90585056138635 0.0 1.6431676725154984 0.6085806194501846 1 0 0 0.14804972375749925 -0.9889799185500827 5.9859933623705315
cell 30.77667901424204 28.070376885651186 0.0 1.0 1.0 1 0 0 0.0 1.0 0
cell 27.222533399747036 16.94422922122043 0.0 1.0 1.0 1 0 0 0.0 1.0 0
cell 23.75215130508261 17.90973393348798 0.0 1.0 1.0 1 0 0 0.0 1.0 0
cell 44.10479509054176 18.508579778548174 0.0 1.0 1.0 1 0 0 0.0 1.0 0
cell 10.906708218473975 11.225463842928926 0.0 1.6431676725154984 0.6085806194501846 1 0 0 0.28907815283495725 -0.9573055006389178 5.696657832619522
cell 34.07719407866334 38.04785824341051 0.0 1.0 1.0 1 0 0 0.0 1.0 0
cell 40.164300572903635 15.615292035268508 0.0 1.0 1.0 1 0 0 0.0 1.0 0
cell 49.802958097450514 41.57393231653918 0.0 1.6431676725154984 0.6085806194501846 1 0 0 0.9030591005888845 -0.42951631033477067 4.029506846099334
cell 7.318012174277583 30.57947625474615 0.0 1.6431676725154984 0.6085806194501846 1 0 0 0.7229678931513677 0.6908816291321347 1.6161770504998716
cell 7.171570930932879 2.820162726757638 0.0 1.0 1.0 1 0 0 0.0 1.0 0
cell 42.22709455592235 54.88022415946231 0.0 1.6431676725154984 0.6085806194501846 1 0 0 0.31384031838065785 0.9494757788162514 0.638470031248081
cell 3.63047112800309 8.138515144170324 0.0 1.0 1.0 1 0 0 0.0 1.0 0
cell 29.645586591211003 10.571874566093316 0.0 1.0 1.0 1 0 0 0.0 1.0 0
cell 43.458484592545055 14.560212062746743 0.0 1.0 1.0 1 0 0 0.0 1.0 0
cell 6.438243404873508 43.137919029668915 0.0 1.6431676725154984 0.6085806194501846 1 0 0 0.7872699068911929 0.6166085417049721 1.812737602948323
cell 49.01675877239979 4.133984343285257 0.0 1.6431676725154984 0.6085806194501846 1 0 0 0.6787067792144029 0.7344093598589357 1.4920005990246856
cell 25.386145207266264 48.31736105235559 0.0 1.0 1.0 1 0 0 0.0 1.0 0
cell 37.2330649362163 11.817739919537516 0.0 1.0 1.0 1 0 0 0.0 1.0 0
cell 53.79105270557524 48.91414704257011 0.0 1.6431676725154984 0.6085806194501846 1 0 0 -0.301587959987767 0.9534383579395246 5.670469856958332
cell 18.19759825700913 40.50224512893218 0.0 1.0 1.0 1 0 0 0.0 1.0 0
cell 5.410484065876677 4.814490140313915 0.0 1.6431676725154984 0.6085806194501846 1 0 0 0.5703588102814515 0.8213956583366674 1.2138852380316514
cell 13.454757344673537 14.10623404196411 0.0 1.0 1.0 1 0 0 0.0 1.0 0
cell 32.64367300352324 14.499767578547846 0.0 1.0 1.0 1 0 0 0.0 1.0 0
cell 10.751796888427526 3.356366755487657 0.0 1.0 1.0 1 0 0 0.0 1.0 0
cell 41.60823562272891 58.06781233916744 0.0 1.6431676725154984 0.6085806194501846 1 0 0 0.15152955516976646 -0.9884527272004731 5.978954279997457
cell 31.162430182925757 58.4815400568894 0.0 1.0 1.0 1 0 0 0.0 1.0 0
cell 41.21176179046785 46.28440052442242 0.0 1.0 1.0 1 0 0 0.0 1.0 0
cell 24.98538506170412 26.43817753892799 0.0 1.6431676725154984 0.6085806194501846 1 0 0 0.97909797665412 0.20338916419467465 2.731956251669709
cell 51.6472509753742 34.53638182075103 0.0 1.0 1.0 1 0 0 0.0 1.0 0
cell 41.527591386805305 37.624105419633345 0.0 1.0 1.0 1 0 0 0.0 1.0 0
cell 36.84675451400434 1.489648620726321 0.0 1.0 1.0 1 0 0 0.0 1.0 0
cell 4.724608835416576 36.77505170569251 0.0 1.0 1.0 1 0 0 0.0 1.0 0
cell 29.543144292764577 59.53427411833071 0.0 1.0 1.0 1 0 0 0.0 1.0 0
cell 33.542820941596666 25.625320987199157 0.0 1.0 1.0 1 0 0 0.0 1.0 0
cell 53.97074003515889 31.94128908153407 0.0 1.6431676725154984 0.6085806194501846 1 0 0 0.24784874313272878 -0.9687987409815966 5.7822671437732795
cell 13.44075747696247 5.613222347667538 0.0 1.0 1.0 1 0 0 0.0 1.0 0
cell 6.391838558844131 47.902365078798596 0.0 1.0 1.0 1 0 0 0.0 1.0 0
cell 11.06206910269636 9.043781989876644 0.0 1.6431676725154984 0.6085806194501846 1 0 0 0.23361573214845405 0.972329002803445 0.4715893240917366
cell 20.83729569355577 5.247581825762339 0.0 1.0 1.0 1 0 0 0.0 1.0 0
cell 17.42855996367393 24.075566039528923 0.0 1.6431676725154984 0.6085806194501846 1 0 0 0.3227208616424538 0.9464941867020379 0.6572055143640488
cell 22.79748685573398 31.858975831723534 0.0 1.0 1.0 1 0 0 0.0 1.0 0
cell 39.673862826897206 13.879595596708812 0.0 1.0 1.0 1 0 0 0.0 1.0 0
cell 56.482922431903084 8.232420164488905 0.0 1.0 1.0 1 0 0 0.0 1.0 0
cell 26.128237360630596 19.60189078955262 0.0 1.6431676725154984 0.6085806194501846 1 0 0 0.9757540554548791 -0.21886987746914047 3.58290488451572
cell 40.498705371366405 42.342714532351685 0.0 1.0 1.0 1 0 0 0.0 1.0 0
cell 32.57557176504077 34.873568557908904 0.0 1.0 1.0 1 0 0 0.0 1.0 0
cell 24.383871657077194 34.56283516595176 0.0 1.0 1.0 1 0 0 0.0 1.0 0
cell 27.74695186898142 34.77592412182771 0.0 1.0 1.0 1 0 0 0.0 1.0 0
cell 12.502520010119246 58.39113001221951 0.0 1.0 1.0 1 0 0 0.0 1.0 0
cell 21.73292079437444 17.824592314930904 0.0 1.0 1.0 1 0 0 0.0 1.0 0
cell 22.804802942310733 43.98965459988486 0.0 1.0 1.0 1 0 0 0.0 1.0 0
cell 18.751036787457682 30.790914255676135 0.0 1.6431676725154984 0.6085806194501846 1 0 0 0.9805220504428827 0.19640903389428152 2.746204117446688
cell 47.96026783237718 33.92969033760748 0.0 1.0 1.0 1 0 0 0.0 1.0 0
cell 7.506618514375115 11.431531426459795 0.0 1.6431676725154984 0.6085806194501846 1 0 0 0.28811071070224864 -0.957597106500769 5.698678702081582
cell 53.996844808423006 37.98199356930869 0.0 1.0 1.0 1 0 0 0.0 1.0 0
cell 6.966934918184679 4.588446318407178 0.0 1.0 1.0 1 0 0 0.0 1.0 0
cell 47.222648131744535 59.701233230719765 0.0 1.6431676725154984 0.6085806194501846 1 0 0 0.16151780341919356 0.986869798493519 0.3244569153460154
cell 11.92148229181456 4.939062531639512 0.0 1.0 1.0 1 0 0 0.0 1.0 0
cell 37.76893178171433 51.90799453832139 0.0 1.0 1.0 1 0 0 0.0 1.0 0
cell 10.940150636777323 57.771565684688824 0.0 1.0 1.0 1 0 0 0.0 1.0 0
cell 25.815890944166206 15.010690925321692 0.0 1.0 1.0 1 0 0 0.0 1.0 0
cell 4.490938030341383 23.258737590577834 0.0 1.6431676725154984 0.6085806194501846 1 0 0 0.839602368076034 -0.5432014944025063 4.290083722778359
cell 16.203362799036228 2.543567708885056 0.0 1.6431676725154984 0.6085806194501846 1 0 0 0.990682113045043 0.1361945332699107 2.8683543909433213
cell 8.304989422707262 40.47505405401641 0.0 1.6431676725154984 0.6085806194501846 1 0 0 0.7367236234081463 0.6761939830495179 1.6564243226191235
cell 52.10117008410735 58.356709715875525 0.0 1.6431676725154984 0.6085806194501846 1 0 0 0.5007200158107952 0.8656093031884748 1.0488607559508134
cell 48.95299906831685 36.89103918567397 0.0 1.0 1.0 1 0 0 0.0 1.0 0
cell 15.004707936341605 42.338006801758226 0.0 1.0 1.0 1 0 0 0.0 1.0 0
cell 52.04884426243257 22.023981010743334 0.0 1.6431676725154984 0.6085806194501846 1 0 0 0.5968969863840258 -0.8023178844109534 5.003929392039141
cell 32.58765672743885 40.77717288312694 0.0 1.0 1.0 1 0 0 0.0 1.0 0
cell 11.964382252150493 31.097790489066593 0.0 1.0 1.0 1 0 0 0.0 1.0 0
cell 21.188656731550942 44.816655603480335 0.0 1.0 1.0 1 0 0 0.0 1.0 0
cell 57.505243533766254 10.95043041386651 0.0 1.0 1.0 1 0 0 0.0 1.0 0
cell 51.336981260862935 40.86844301667173 0.0 1.0 1.0 1 0 0 0.0 1.0 0
cell 1.8054185734410089 35.43200557198017 0.0 1.6431676725154984 0.6085806194501846 1 0 0 0.33127808137969045 -0.9435331646515618 5.607869660682658
cell 31.730584479171352 4.315865806672868 0.0 1.0 1.0 1 0 0 0.0 1.0 0
cell 25.596736793512946 37.46866570505414 0.0 1.0 1.0 1 0 0 0.0 1.0 0
cell 13.776605648207381 4.176486372719627 0.0 1.6431676725154984 0.6085806194501846 1 0 0 0.18572443927323834 0.9826018688444681 0.3736181547286071
cell 48.67164490089206 6.846944525386319 0.0 1.0 1.0 1 0 0 0.0 1.0 0
cell 40.123933686226316 22.945767003295447 0.0 1.0 1.0 1 0 0 0.0 1.0 0
cell 36.84914764214379 17.098659710047663 0.0 1.0 1.0 1 0 0 0.0 1.0 0
cell 42.943447524389654 45.323807258924866 0.0 1.0 1.0 1 0 0 0.0 1.0 0
cell 40.52921846876719 0.664407337193105 0.0 1.6431676725154984 0.6085806194501846 1 0 0 0.869640255618372 0.49368595869035276 2.1089463229531296
