1000
 Lattice="61.15546790168123 0.0 0.0 0.0 61.15546790168123 0.0 0.0 0.0 1.0"Properties=species:S:1:pos:R:3:aspherical_shape:R:3:orientation:R:4:Color:R:1
cell 35.30897892208116 49.775006017033256 0.0 1.0 1.0 1 0 0 0.0 1.0 0
cell 38.13704219957631 6.141792230732501 0.0 1.0 1.0 1 0 0 0.0 1.0 0
cell 2.9868998184080318 38.41907395193263 0.0 1.0 1.0 1 0 0 0.0 1.0 0
cell 9.555389944903506 18.80844899973797 0.0 1.0 1.0 1 0 0 0.0 1.0 0
cell 18.72532137303187 61.12637993962853 0.0 1.6431676725154984 0.6085806194501846 1 0 0 0.16671556892349534 0.9860050299458494 0.33499535073621667
cell 35.81140759350709 55.464356183049055 0.0 1.6431676725154984 0.6085806194501846 1 0 0 0.8383270439736843 -0.5451676506748584 4.294770821909828
cell 50.62390965596766 5.184369045948177 0.0 1.6431676725154984 0.6085806194501846 1 0 0 0.9999625659224394 0.008652557645639103 3.1242873223616057
cell 26.49834064790498 32.75721213566922 0.0 1.6431676725154984 0.6085806194501846 1 0 0 0.726534100404997 -0.6871304104380055 4.656656534953631
cell 40.09633489839941 44.424976084783864 0.0 1.0 1.0 1 0 0 0.0 1.0 0
cell 27.720221674809324 57.56479347830903 0.0 1.6431676725154984 0.6085806194501846 1 0 0 0.8880014289313166 0.459840692214097 2.1859610739639432
cell 58.13045809343727 36.48445794730991 0.0 1.0 1.0 1 0 0 0.0 1.0 0
cell 9.341274381917877 60.632431870703144 0.0 1.6431676725154984 0.6085806194501846 1 0 0 0.8280576904057508 -0.560642900035213 4.331916636284814
cell 52.03014582197069 27.943251017185865 0.0 1.6431676725154984 0.6085806194501846 1 0 0 0.32491024375322736 0.9457448564513679 0.6618336423835042
cell 60.96317531679224 1.9142370551786207 0.0 1.6431676725154984 0.6085806194501846 1 0 0 0.4564470131834839 0.8897505966032708 0.9479957004717472
cell 41.55442249285999 29.870781530498906 0.0 1.0 1.0 1 0 0 0.0 1.0 0
cell 29.078730874302526 14.80791165413435 0.0 1.0 1.0 1 0 0 0.0 1.0 0
cell 51.21236930566075 53.68230630270215 0.0 1.0 1.0 1 0 0 0.0 1.0 0
cell 29.664241781233493 43.96434169426919 0.0 1.6431676725154984 0.6085806194501846 1 0 0 -0.8698183765674417 0.49337206222645014 4.1735171585855655
cell 7.044014521110237 60.271910149007944 0.0 1.6431676725154984 0.6085806194501846 1 0 0 0.6078004483415951 -0.7940898028534028 4.976609823223377
cell 42.549029976072696 11.054108993470551 0.0 1.0 1.0 1 0 0 0.0 1.0 0
cell 6.881041444667306 12.147535333588042 0.0 1.6431676725154984 0.6085806194501846 1 0 0 0.7421510811290226 -0.6702326258688268 4.610637036063804
cell 33.03880517912884 0.8480424302531657 0.0 1.6431676725154984 0.6085806194501846 1 0 0 0.9072262100245316 -0.4206430836760833 4.009900752966941
cell 36.25112626617643 45.39626473849753 0.0 1.0 1.0 1 0 0 0.0 1.0 0
cell 20.185494916220936 7.198267359336467 0.0 1.6431676725154984 0.6085806194501846 1 0 0 0.7334179075464945 -0.6797780320737951 4.636512540715969
cell 49.35848218980404 2.899317505874643 0.0 1.0 1.0 1 0 0 0.0 1.0 0
cell 60.650925085499615 34.103502219647694 0.0 1.0 1.0 1 0 0 0.0 1.0 0
cell 12.20444312724883 57.295659147866864 0.0 1.6431676725154984 0.6085806194501846 1 0 0 0.5091839734180797 -0.8606577026984515 5.214712545078106
cell 17.50255182681834 34.65385580787243 0.0 1.0 1.0 1 0 0 0.0 1.0 0
cell 8.609077877355805 23.181889226479388 0.0 1.6431676725154984 0.6085806194501846 1 0 0 0.9450734099245373 0.32685814943734787 2.4756382450181067
cell 12.255156576128721 15.481454078127724 0.0 1.6431676725154984 0.6085806194501846 1 0 0 -0.21315657800528806 -0.9770180516515934 0.4296093125130591
cell 22.142041327147144 52.94316560213086 0.0 1.0 1.0 1 0 0 0.0 1.0 0
cell 3.995339177734543 33.433701429953786 0.0 1.0 1.0 1 0 0 0.0 1.0 0
cell 3.945232324747827 3.3557809075220075 0.0 1.6431676725154984 0.6085806194501846 1 0 0 0.5557017172429858 0.8313817423140808 1.1784135312699053
cell 17.1499613457125 2.2427606491450116 0.0 1.6431676725154984 0.6085806194501846 1 0 0 0.9261415997418406 -0.3771760029848457 3.915083032768152
cell 30.230698617942945 20.370333965513822 0.0 1.0 1.0 1 0 0 0.0 1.0 0
cell 4.784635172758602 34.90184499186564 0.0 1.0 1.0 1 0 0 0.0 1.0 0
cell 22.515347157087614 43.7704585364683 0.0 1.6431676725154984 0.6085806194501846 1 0 0 0.8986726951452382 -0.43861986617160165 4.0497173533233575
cell 34.85102269768904 28.680294465741916 0.0 1.0 1.0 1 0 0 0.0 1.0 0
cell 26.006707651262538 52.445768087541936 0.0 1.6431676725154984 0.6085806194501846 1 0 0 0.5252357848053064 0.850956738242288 1.1059843428456415
cell 6.667731686566536 23.314731087815304 0.0 1.0 1.0 1 0 0 0.0 1.0 0
cell 1.4209076475133513 20.56257643816901 0.0 1.0 1.0 1 0 0 0.0 1.0 0
cell 11.359228017179552 28.952442037119024 0.0 1.0 1.0 1 0 0 0.0 1.0 0
cell 19.94124870210864 14.863193070170707 0.0 1.6431676725154984 0.6085806194501846 1 0 0 0.7819743942765816 0.6233105539743198 1.7956542934441215
cell 1.8409153871006445 14.1704294406771 0.0 1.0 1.0 1 0 0 0.0 1.0 0
cell 44.22526643789236 56.61249461440464 0.0 1.0 1.0 1 0 0 0.0 1.0 0
cell 12.85015206860243 20.185827328590854 0.0 1.0 1.0 1 0 0 0.0 1.0 0
cell 34.72066411366363 31.79422959052357 0.0 1.0 1.0 1 0 0 0.0 1.0 0
cell 22.767264282642234 27.91183770240004 0.0 1.0 1.0 1 0 0 0.0 1.0 0
cell 31.590150938583953 25.186959245565934 0.0 1.0 1.0 1 0 0 0.0 1.0 0
cell 33.08300471652102 60.48815067302398 0.0 1.6431676725154984 0.6085806194501846 1 0 0 0.9031585386898934 -0.4293071790589301 4.02904370971896
cell 53.75132669158856 22.559097695742597 0.0 1.0 1.0 1 0 0 0.0 1.0 0
cell 32.65963367103971 15.71472654226631 0.0 1.6431676725154984 0.6085806194501846 1 0 0 -0.4380016831709148 -0.898974151763801 0.9067491615350987
cell 55.80628721877228 34.087319899771195 0.0 1.0 1.0 1 0 0 0.0 1.0 0
cell 34.71597474649902 33.501417848551654 0.0 1.0 1.0 1 0 0 0.0 1.0 0
cell 53.046662037982124 36.39373331771531 0.0 1.0 1.0 1 0 0 0.0 1.0 0
cell 26.57084765828256 43.16615774710789 0.0 1.0 1.0 1 0 0 0.0 1.0 0
cell 23.067999660246073 2.076990290957011 0.0 1.0 1.0 1 0 0 0.0 1.0 0
cell 33.78168967277281 30.275312564966747 0.0 1.0 1.0 1 0 0 0.0 1.0 0
cell 24.13539238727991 52.82330453481937 0.0 1.0 1.0 1 0 0 0.0 1.0 0
cell 43.57905036292336 44.72128686042114 0.0 1.0 1.0 1 0 0 0.0 1.0 0
cell 10.91641167966646 17.519336773812242 0.0 1.0 1.0 1 0 0 0.0 1.0 0
cell 47.48213328180123 2.505137329594006 0.0 1.0 1.0 1 0 0 0.0 1.0 0
cell 3.968925184421474 54.711797966967 0.0 1.6431676725154984 0.6085806194501846 1 0 0 0.5546439102984534 0.8320878155392262 1.1758699156156114
cell 24.074273474145315 26.94123984065932 0.0 1.6431676725154984 0.6085806194501846 1 0 0 0.8120275421256357 -0.5836191145168216 4.387949606097577
cell 46.42724820443128 36.566257474920334 0.0 1.0 1.0 1 0 0 0.0 1.0 0
cell 7.2349519248568335 43.55341834829722 0.0 1.0 1.0 1 0 0 0.0 1.0 0
cell 43.04360398815843 4.896377505682127 0.0 1.0 1.0 1 0 0 0.0 1.0 0
cell 4.998466474090544 13.534239452365314 0.0 1.6431676725154984 0.6085806194501846 1 0 0 0.6935504494148557 0.7204080608352822 1.5328116449428457
cell 39.34261656929099 7.736375176040101 0.0 1.0 1.0 1 0 0 0.0 1.0 0
cell 47.919891370346555 49.60423245602563 0.0 1.0 1.0 1 0 0 0.0 1.0 0
cell 57.91985451899044 40.74907124023123 0.0 1.0 1.0 1 0 0 0.0 1.0 0
cell 38.367322204245966 23.69575041907965 0.0 1.0 1.0 1 0 0 0.0 1.0 0
cell 42.616865901291874 50.402779326403426 0.0 1.0 1.0 1 0 0 0.0 1.0 0
cell 56.46964611582167 48.313564013680654 0.0 1.0 1.0 1 0 0 0.0 1.0 0
cell 47.665317712316245 26.644139413387226 0.0 1.0 1.0 1 0 0 0.0 1.0 0
cell 27.062649852718145 18.096830433305538 0.0 1.0 1.0 1 0 0 0.0 1.0 0
cell 45.73290612057646 3.0568650792964487 0.0 1.0 1.0 1 0 0 0.0 1.0 0
cell 37.172398140814 29.500394670054728 0.0 1.6431676725154984 0.6085806194501846 1 0 0 0.5988535832059583 0.8008585305042236 1.2841377131316853
cell 3.330584942450511 23.428199432879637 0.0 1.0 1.0 1 0 0 0.0 1.0 0
cell 44.055668484771246 14.713824078957066 0.0 1.0 1.0 1 0 0 0.0 1.0 0
cell 46.80957869043948 42.60004276942137 0.0 1.0 1.0 1 0 0 0.0 1.0 0
cell 59.79284964319349 12.872509311816465 0.0 1.6431676725154984 0.6085806194501846 1 0 0 0.9398972845340483 0.3414573099605897 2.444658731832401
cell 39.465329456696644 52.70933228018063 0.0 1.0 1.0 1 0 0 0.0 1.0 0
cell 14.766830333752955 29.416789349619215 0.0 1.0 1.0 1 0 0 0.0 1.0 0
cell 50.08127544865643 27.82114825267234 0.0 1.6431676725154984 0.6085806194501846 1 0 0 0.25753149889880883 0.9662699038441241 0.5209333188993575
cell 46.27895769756678 34.84612313408003 0.0 1.0 1.0 1 0 0 0.0 1.0 0
cell 47.66802138345892 33.77110841426577 0.0 1.0 1.0 1 0 0 0.0 1.0 0
cell 9.952661435312953 24.187826222313195 0.0 1.0 1.0 1 0 0 0.0 1.0 0
cell 12.956960089079777 34.0999136035103 0.0 1.0 1.0 1 0 0 0.0 1.0 0
cell 43.50824364243006 42.74606033498686 0.0 1.0 1.0 1 0 0 0.0 1.0 0
cell 43.49143578615783 37.52470198246149 0.0 1.0 1.0 1 0 0 0.0 1.0 0
cell 51.67823038976444 46.22823978136518 0.0 1.0 1.0 1 0 0 0.0 1.0 0
cell 25.39080550878194 14.712609803478031 0.0 1.6431676725154984 0.6085806194501846 1 0 0 0.649794000432134 -0.7601103584364601 4.868558521957595
cell 51.558084047322374 51.79507992197027 0.0 1.0 1.0 1 0 0 0.0 1.0 0
cell 14.552226468551874 53.84277307683616 0.0 1.6431676725154984 0.6085806194501846 1 0 0 0.37692947420113787 0.9262419616269033 0.7729580298585015
cell 38.319423104222174 42.26827849811292 0.0 1.0 1.0 1 0 0 0.0 1.0 0
cell 25.93080076249911 39.35403188329589 0.0 1.0 1.0 1 0 0 0.0 1.0 0
cell 22.70466989271907 47.82931202940618 0.0 1.6431676725154984 0.6085806194501846 1 0 0 0.29650519147887244 0.9550312410733364 0.602062398175343
cell 5.71028788351748 44.29126602660098 0.0 1.0 1.0 1 0 0 0.0 1.0 0
cell 50.65538705957333 42.98141295706781 0.0 1.0 1.0 1 0 0 0.0 1.0 0
cell 20.388232657458673 44.40408850459254 0.0 1.0 1.0 1 0 0 0.0 1.0 0
cell 38.23775119510227 45.17673030942869 0.0 1.0 1.0 1 0 0 0.0 1.0 0
cell 9.614816310792028 48.079874489535335 0.0 1.6431676725154984 0.6085806194501846 1 0 0 0.9993583347044595 -0.03581785667414447 3.2132436929222075
cell 60.49802977243471 38.84936481063156 0.0 1.0 1.0 1 0 0 0.0 1.0 0
cell 18.67603765910051 29.889480728436222 0.0 1.0 1.0 1 0 0 0.0 1.0 0
cell 42.941414416453355 40.853488305644994 0.0 1.0 1.0 1 0 0 0.0 1.0 0
cell 56.890298985096614 52.031265195665995 0.0 1.0 1.0 1 0 0 0.0 1.0 0
cell 1.2302607674784003 9.933272727306257 0.0 1.6431676725154984 0.6085806194501846 1 0 0 0.9234754322019818 0.383657563615476 2.354085244966159
cell 34.08493122769789 55.54925230098575 0.0 1.0 1.0 1 0 0 0.0 1.0 0
cell 25.602079900603893 21.89235523978015 0.0 1.6431676725154984 0.6085806194501846 1 0 0 0.9811172615915285 -0.19341385422750942 3.5308736911304868
cell 32.54883185400812 41.96789399452972 0.0 1.0 1.0 1 0 0 0.0 1.0 0
cell 38.60663028054108 2.640020176664703 0.0 1.0 1.0 1 0 0 0.0 1.0 0
cell 46.23153157046641 28.00000873976112 0.0 1.0 1.0 1 0 0 0.0 1.0 0
cell 36.82854595847463 54.651866143139365 0.0 1.6431676725154984 0.6085806194501846 1 0 0 0.7835114460342107 -0.6213773522855335 4.482591459109474
cell 39.6651275506307 57.44756226897184 0.0 1.0 1.0 1 0 0 0.0 1.0 0
cell 44.474744652465944 53.1037774272194 0.0 1.0 1.0 1 0 0 0.0 1.0 0
cell 28.929622768905883 27.348216747583738 0.0 1.6431676725154984 0.6085806194501846 1 0 0 0.84610587539008 -0.5330148662376936 4.265912270306212
cell 11.275639099382023 38.669363715882945 0.0 1.0 1.0 1 0 0 0.0 1.0 0
cell 49.33699331003172 41.84018875196885 0.0 1.0 1.0 1 0 0 0.0 1.0 0
cell 8.484009544859704 54.153754741266 0.0 1.6431676725154984 0.6085806194501846 1 0 0 -0.33718569310502866 -0.9414381596075663 0.6878518422623667
cell 44.811098851855405 20.323520012575308 0.0 1.0 1.0 1 0 0 0.0 1.0 0
cell 31.923224336009536 40.02803775969664 0.0 1.0 1.0 1 0 0 0.0 1.0 0
cell 32.934307557378055 32.57299629155988 0.0 1.0 1.0 1 0 0 0.0 1.0 0
cell 50.370065456227735 30.479079452550124 0.0 1.0 1.0 1 0 0 0.0 1.0 0
cell 42.0690722303325 31.744986203190418 0.0 1.0 1.0 1 0 0 0.0 1.0 0
cell 48.054517095506014 35.76382870926906 0.0 1.0 1.0 1 0 0 0.0 1.0 0
cell 57.3985575934714 8.898346965561737 0.0 1.0 1.0 1 0 0 0.0 1.0 0
cell 21.99019109493004 55.03497233461536 0.0 1.6431676725154984 0.6085806194501846 1 0 0 0.99999677212645 0.002540814176778066 3.136511019768612
cell 52.65212634839865 54.727847725973284 0.0 1.0 1.0 1 0 0 0.0 1.0 0
cell 6.041386886401433 17.12599323610281 0.0 1.0 1.0 1 0 0 0.0 1.0 0
cell 14.732035389409676 18.045471793368147 0.0 1.6431676725154984 0.6085806194501846 1 0 0 -0.18977433002902624 -0.9818277362460455 0.38186458923078703
cell 40.17880828268337 31.26934841193534 0.0 1.0 1.0 1 0 0 0.0 1.0 0
cell 50.75860002417515 59.06456064474372 0.0 1.6431676725154984 0.6085806194501846 1 0 0 0.9447631708474076 -0.32775379633247903 3.8094427749171484
cell 55.0130874808676 52.55550512904767 0.0 1.0 1.0 1 0 0 0.0 1.0 0
cell 40.35526520378989 14.225448118009497 0.0 1.6431676725154984 0.6085806194501846 1 0 0 -0.6028234053393604 0.7978746405138197 4.989115194955065
cell 32.353486582838386 6.939792311284485 0.0 1.0 1.0 1 0 0 0.0 1.0 0
cell 2.380542805412749 40.20601901851223 0.0 1.0 1.0 1 0 0 0.0 1.0 0
cell 14.57184340949357 8.235908270486252 0.0 1.6431676725154984 0.6085806194501846 1 0 0 0.70763306650551 0.7065801038721713 1.572285440969222
cell 33.71317787837362 6.350289826759729 0.0 1.6431676725154984 0.6085806194501846 1 0 0 0.8433120644061982 -0.5374241918884525 4.276352115971226
cell 37.085336744063476 35.57867334315749 0.0 1.0 1.0 1 0 0 0.0 1.0 0
cell 55.009580155171555 26.396874863342415 0.0 1.0 1.0 1 0 0 0.0 1.0 0
cell 6.5889351958093965 34.88782449141967 0.0 1.0 1.0 1 0 0 0.0 1.0 0
cell 34.06863437242451 36.816199513397954 0.0 1.0 1.0 1 0 0 0.0 1.0 0
cell 3.6740961594988333 14.746996340006431 0.0 1.0 1.0 1 0 0 0.0 1.0 0
cell 2.210606495401303 48.61474259323198 0.0 1.0 1.0 1 0 0 0.0 1.0 0
cell 51.858932201291196 7.500220078751058 0.0 1.6431676725154984 0.6085806194501846 1 0 0 0.7695460929183969 0.6385912705902188 1.7562601051147098
cell 36.31825808249881 14.331516748267667 0.0 1.0 1.0 1 0 0 0.0 1.0 0
cell 48.594799520207594 43.62253247943294 0.0 1.0 1.0 1 0 0 0.0 1.0 0
cell 20.0942377717755 25.096396609771883 0.0 1.0 1.0 1 0 0 0.0 1.0 0
cell 4.712522939347567 51.4170232125234 0.0 1.0 1.0 1 0 0 0.0 1.0 0
cell 54.61027821468745 54.47842280952653 0.0 1.0 1.0 1 0 0 0.0 1.0 0
cell 19.07995743126689 18.536433813404827 0.0 1.6431676725154984 0.6085806194501846 1 0 0 0.44976607481633496 0.8931463922248731 0.9330068208258646
cell 55.26082240040231 15.291869959567565 0.0 1.0 1.0 1 0 0 0.0 1.0 0
cell 25.270198524153503 49.15365950236361 0.0 1.6431676725154984 0.6085806194501846 1 0 0 0.6868255757602694 0.7268222812225658 1.5142249001555959
cell 37.99546196270836 0.7802245834900363 0.0 1.0 1.0 1 0 0 0.0 1.0 0
cell 48.06393545276319 47.61927924624951 0.0 1.0 1.0 1 0 0 0.0 1.0 0
cell 36.0213669886882 37.1493404691562 0.0 1.0 1.0 1 0 0 0.0 1.0 0
cell 14.883715291842474 25.553161425116183 0.0 1.0 1.0 1 0 0 0.0 1.0 0
cell 1.7261028689449407 42.00655169843206 0.0 1.0 1.0 1 0 0 0.0 1.0 0
cell 48.86260239763287 0.9611115562151596 0.0 1.6431676725154984 0.6085806194501846 1 0 0 0.8907267331213115 0.45453920282307436 2.1978830164077285
cell 13.316549917361145 26.429785935622093 0.0 1.0 1.0 1 0 0 0.0 1.0 0
cell 57.33713325873072 50.022776589288384 0.0 1.0 1.0 1 0 0 0.0 1.0 0
cell 39.47792295640405 46.32929058324592 0.0 1.0 1.0 1 0 0 0.0 1.0 0
cell 48.133293552752775 28.53968788234872 0.0 1.0 1.0 1 0 0 0.0 1.0 0
cell 46.696808966941454 29.90877327636409 0.0 1.0 1.0 1 0 0 0.0 1.0 0
cell 19.298430514242565 35.667414868488095 0.0 1.0 1.0 1 0 0 0.0 1.0 0
cell 1.4934278811160697 56.828812640861486 0.0 1.6431676725154984 0.6085806194501846 1 0 0 0.8145959029968219 -0.5800288913673113 4.37912096827046
cell 36.85841707964238 38.78820705544624 0.0 1.0 1.0 1 0 0 0.0 1.0 0
cell 27.818649253706383 2.7774368549005013 0.0 1.6431676725154984 0.6085806194501846 1 0 0 -0.7112281133499527 -0.7029612868292725 1.5824874515602385
cell 44.977694031589735 22.29270378954373 0.0 1.0 1.0 1 0 0 0.0 1.0 0
cell 39.1234626991512 22.37549749836876 0.0 1.6431676725154984 0.6085806194501846 1 0 0 -0.005757651244875954 -0.999983424588699 0.011515366113798997
cell 11.875415851910624 12.727847770410165 0.0 1.6431676725154984 0.6085806194501846 1 0 0 0.39303544000956125 0.919523323737082 0.8078607494580571
cell 42.38981540833477 38.959760082086945 0.0 1.0 1.0 1 0 0 0.0 1.0 0
cell 59.2324194339839 9.469669646710857 0.0 1.0 1.0 1 0 0 0.0 1.0 0
cell 58.69623236892212 31.442838425955582 0.0 1.0 1.0 1 0 0 0.0 1.0 0
cell 40.19146829002418 12.30548224924589 0.0 1.6431676725154984 0.6085806194501846 1 0 0 0.4896676097717154 -0.8719091878977162 5.259768325276321
cell 53.48506628850769 51.189992941640725 0.0 1.0 1.0 1 0 0 0.0 1.0 0
cell 58.0781304530719 12.802241851766937 0.0 1.0 1.0 1 0 0 0.0 1.0 0
cell 28.965344921436046 37.45634986390952 0.0 1.6431676725154984 0.6085806194501846 1 0 0 0.7952294861306598 -0.6063085554306212 4.44441334143142
cell 15.347896625903374 45.06078008109222 0.0 1.6431676725154984 0.6085806194501846 1 0 0 0.11371080419394128 -0.9935138917043723 6.055270725836962
cell 49.647555697442705 22.787511565125403 0.0 1.6431676725154984 0.6085806194501846 1 0 0 0.6871022350121816 0.7265607466972495 1.5149863215930448
cell 47.888553453005386 53.364621909525816 0.0 1.0 1.0 1 0 0 0.0 1.0 0
cell 35.25542540716779 40.57602892829099 0.0 1.0 1.0 1 0 0 0.0 1.0 0
cell 13.848901405131347 54.76671039764005 0.0 1.6431676725154984 0.6085806194501846 1 0 0 -0.2619884182051979 -0.965071017452259 0.5301640276689046
cell 42.877688509578775 6.343999433464905 0.0 1.6431676725154984 0.6085806194501846 1 0 0 0.9177311837362621 -0.397202057394016 3.958524786951079
cell 51.65721602333191 37.503200658026984 0.0 1.0 1.0 1 0 0 0.0 1.0 0
cell 18.287554643719886 20.287161030299274 0.0 1.6431676725154984 0.6085806194501846 1 0 0 -0.07488311627691928 0.9971923179089666 6.133278751697232
cell 14.343130882903983 33.15657237667361 0.0 1.0 1.0 1 0 0 0.0 1.0 0
cell 24.57746608081583 42.804476617953355 0.0 1.0 1.0 1 0 0 0.0 1.0 0
cell 9.547315600676006 31.765822556749903 0.0 1.0 1.0 1 0 0 0.0 1.0 0
cell 19.654057917014587 20.960454818172632 0.0 1.0 1.0 1 0 0 0.0 1.0 0
cell 16.327405276904322 13.439410922710442 0.0 1.6431676725154984 0.6085806194501846 1 0 0 0.2816055783583172 0.9595302487350139 0.570933991133568
cell 29.21972204875936 40.99948523562263 0.0 1.6431676725154984 0.6085806194501846 1 0 0 0.7569546630419264 -0.6534673963550772 4.5659049531221205
cell 31.567799692128474 49.94074832754817 0.0 1.0 1.0 1 0 0 0.0 1.0 0
cell 28.159138115545584 38.83856754514677 0.0 1.6431676725154984 0.6085806194501846 1 0 0 0.7515682180772005 -0.6596553748558875 4.5823129078738045
cell 54.66519300316405 28.827852053309673 0.0 1.6431676725154984 0.6085806194501846 1 0 0 0.1710341548324547 0.985265100305876 0.343758389213327
cell 55.26634613400517 39.12039128787833 0.0 1.0 1.0 1 0 0 0.0 1.0 0
cell 28.21124702346034 16.580977360195114 0.0 1.0 1.0 1 0 0 0.0 1.0 0
cell 38.455373813663726 12.484375123217367 0.0 1.0 1.0 1 0 0 0.0 1.0 0
cell 53.24078578632419 47.46349011315614 0.0 1.0 1.0 1 0 0 0.0 1.0 0
cell 8.3019898681702 24.869122139587976 0.0 1.0 1.0 1 0 0 0.0 1.0 0
cell 0.28060097743056145 19.195966954179433 0.0 1.0 1.0 1 0 0 0.0 1.0 0
cell 6.412916675983243 21.107845748337613 0.0 1.0 1.0 1 0 0 0.0 1.0 0
cell 50.1017104501622 1.5332632768683057 0.0 1.0 1.0 1 0 0 0.0 1.0 0
cell 18.975785546363987 23.09258301500675 0.0 1.6431676725154984 0.6085806194501846 1 0 0 0.959042762435774 -0.28326132778683266 3.7159786874818375
cell 2.1590549424612044 16.092306264957923 0.0 1.0 1.0 1 0 0 0.0 1.0 0
cell 10.873500127830395 9.018041146722231 0.0 1.6431676725154984 0.6085806194501846 1 0 0 0.40267105565875966 0.9153447552341468 0.8288661333041182
cell 13.252919835576877 24.58709962495444 0.0 1.0 1.0 1 0 0 0.0 1.0 0
cell 40.10810774860296 24.107891785059003 0.0 1.0 1.0 1 0 0 0.0 1.0 0
cell 60.0522576998771 35.807675826706614 0.0 1.0 1.0 1 0 0 0.0 1.0 0
cell 24.278166320589474 54.37981040772615 0.0 1.6431676725154984 0.6085806194501846 1 0 0 0.9954874643088137 -0.09489314202832773 3.3316649263870115
cell 39.74691702857673 54.51466970670422 0.0 1.0 1.0 1 0 0 0.0 1.0 0
cell 44.842876229244744 41.433611266683165 0.0 1.0 1.0 1 0 0 0.0 1.0 0
cell 18.1170666452914 25.059384312174107 0.0 1.0 1.0 1 0 0 0.0 1.0 0
cell 39.76277611400431 29.343152324714502 0.0 1.0 1.0 1 0 0 0.0 1.0 0
cell 47.12592751552882 0.9335218557014596 0.0 1.0 1.0 1 0 0 0.0 1.0 0
cell 52.926058439429994 59.01256942430418 0.0 1.6431676725154984 0.6085806194501846 1 0 0 0.9881531846672885 -0.15347079081015932 3.449752101717363
cell 47.2298871178171 31.87025020937016 0.0 1.0 1.0 1 0 0 0.0 1.0 0
cell 27.717646466573914 25.54069247643455 0.0 1.0 1.0 1 0 0 0.0 1.0 0
cell 46.81357211239874 44.50817665661112 0.0 1.0 1.0 1 0 0 0.0 1.0 0
cell 15.8550876993374 17.5276198463625 0.0 1.6431676725154984 0.6085806194501846 1 0 0 -0.2693910061826914 -0.9630308851682158 0.5455212068627207
cell 9.895683479706685 25.97380221403833 0.0 1.0 1.0 1 0 0 0.0 1.0 0
cell 28.751738559013646 49.94822692978361 0.0 1.6431676725154984 0.6085806194501846 1 0 0 -0.11534056733983891 0.9933260056626546 6.0519896103680715
cell 15.480915044539062 5.424340298802498 0.0 1.6431676725154984 0.6085806194501846 1 0 0 0.7603544866107678 0.6495083176456448 1.727717435321968
cell 21.7872438644803 6.867168453958884 0.0 1.0 1.0 1 0 0 0.0 1.0 0
cell 56.1667945984642 28.000314248687864 0.0 1.0 1.0 1 0 0 0.0 1.0 0
cell 18.87038001799431 31.703881823594273 0.0 1.0 1.0 1 0 0 0.0 1.0 0
cell 55.650650680303144 23.0944933745726 0.0 1.0 1.0 1 0 0 0.0 1.0 0
cell 59.7664428138832 2.559142142267217 0.0 1.6431676725154984 0.6085806194501846 1 0 0 0.4317412688229158 0.9019974926767694 0.8928446913528583
cell 22.722880142271755 39.347650008695744 0.0 1.6431676725154984 0.6085806194501846 1 0 0 0.4447791088395525 -0.8956402985238513 5.3613300743712005
cell 35.04270218239973 57.275805559804105 0.0 1.0 1.0 1 0 0 0.0 1.0 0
cell 34.4987230910071 51.58898805769635 0.0 1.0 1.0 1 0 0 0.0 1.0 0
cell 2.8900211680567427 19.545383750393967 0.0 1.0 1.0 1 0 0 0.0 1.0 0
cell 52.97187269166075 49.405776814962124 0.0 1.0 1.0 1 0 0 0.0 1.0 0
cell 43.94134572164434 32.38932298828257 0.0 1.0 1.0 1 0 0 0.0 1.0 0
cell 49.05686697557942 32.636136638867114 0.0 1.0 1.0 1 0 0 0.0 1.0 0
cell 35.33947595349898 35.28316610053067 0.0 1.0 1.0 1 0 0 0.0 1.0 0
cell 24.796323073211735 19.644110926949747 0.0 1.6431676725154984 0.6085806194501846 1 0 0 0.8785458547604043 -0.4776580168732758 4.1375667039671455
cell 38.10932882454119 54.15964235492579 0.0 1.0 1.0 1 0 0 0.0 1.0 0
cell 11.891745694671433 41.528838524775026 0.0 1.6431676725154984 0.6085806194501846 1 0 0 0.9737002196914869 0.22783301379025428 2.6818894846920176
cell 57.18009601354504 5.626052111760111 0.0 1.6431676725154984 0.6085806194501846 1 0 0 0.6403179606159548 -0.7681099591286553 4.893361014799459
cell 34.71687111635566 27.226477053238646 0.0 1.6431676725154984 0.6085806194501846 1 0 0 0.9557273128145687 0.29425380803014867 2.5442433206047514
cell 3.2038925423370963 50.378236817783716 0.0 1.0 1.0 1 0 0 0.0 1.0 0
cell 35.13769526899209 12.632127072600099 0.0 1.0 1.0 1 0 0 0.0 1.0 0
cell 24.129366143041622 33.78363245176735 0.0 1.0 1.0 1 0 0 0.0 1.0 0
cell 22.265436844040185 57.72183854885493 0.0 1.6431676725154984 0.6085806194501846 1 0 0 0.48295315783345255 0.8756461884452511 1.008048269726698
cell 47.01168249461192 37.907720989575495 0.0 1.6431676725154984 0.6085806194501846 1 0 0 -0.40020818960018084 0.9164242494483359 5.459697285565745
cell 56.208233550402646 20.040760878915307 0.0 1.0 1.0 1 0 0 0.0 1.0 0
cell 49.83323159992929 36.61059368518259 0.0 1.0 1.0 1 0 0 0.0 1.0 0
cell 15.841922395607842 14.564798116187392 0.0 1.0 1.0 1 0 0 0.0 1.0 0
cell 52.44273417903056 32.67445152696722 0.0 1.0 1.0 1 0 0 0.0 1.0 0
cell 46.14975919966486 52.32108957164488 0.0 1.0 1.0 1 0 0 0.0 1.0 0
cell 48.67641997548097 7.859921734917728 0.0 1.6431676725154984 0.6085806194501846 1 0 0 0.9739190426748157 -0.22689578734602042 3.59937095680155
cell 57.52311534786535 42.59461504437761 0.0 1.0 1.0 1 0 0 0.0 1.0 0
cell 55.70094644566267 10.1231045360242 0.0 1.0 1.0 1 0 0 0.0 1.0 0
cell 21.051466000815967 10.25833969385907 0.0 1.6431676725154984 0.6085806194501846 1 0 0 -0.7524438044254452 0.6586564515601152 4.579656218608178
cell 11.41403310853588 34.90363553971807 0.0 1.0 1.0 1 0 0 0.0 1.0 0
cell 6.587500925103344 29.350142471119213 0.0 1.0 1.0 1 0 0 0.0 1.0 0
cell 8.143117607472584 26.6618097250572 0.0 1.0 1.0 1 0 0 0.0 1.0 0
cell 6.362543338386372 31.348595889564244 0.0 1.0 1.0 1 0 0 0.0 1.0 0
cell 48.30388696013449 60.51592286836674 0.0 1.0 1.0 1 0 0 0.0 1.0 0
cell 20.00653869905119 22.195889091946498 0.0 1.6431676725154984 0.6085806194501846 1 0 0 0.9997594350020756 -0.02193335643102944 3.1854628843889343
cell 45.2362790115776 45.23598151800038 0.0 1.0 1.0 1 0 0 0.0 1.0 0
cell 14.274270517731976 20.899841690373542 0.0 1.6431676725154984 0.6085806194501846 1 0 0 0.9873267939887819 0.15870035246285183 2.822844286327153
cell 46.141357897860196 54.1913932052642 0.0 1.0 1.0 1 0 0 0.0 1.0 0
cell 5.568895035577057 5.048773374247064 0.0 1.6431676725154984 0.6085806194501846 1 0 0 0.561929142287792 0.8271853716354675 1.193432268174491
cell 6.568810937154883 49.82402788071365 0.0 1.0 1.0 1 0 0 0.0 1.0 0
cell 11.87321325398212 42.86400977685082 0.0 1.6431676725154984 0.6085806194501846 1 0 0 0.9887977602535242 0.1492614796845256 2.8419499666404286
cell 4.155940787689677 16.536548311450602 0.0 1.0 1.0 1 0 0 0.0 1.0 0
cell 9.709872237061273 20.887859965058713 0.0 1.0 1.0 1 0 0 0.0 1.0 0
cell 5.006819069704524 24.293898185022016 0.0 1.0 1.0 1 0 0 0.0 1.0 0
cell 20.132311997381855 11.787682735249712 0.0 1.6431676725154984 0.6085806194501846 1 0 0 0.5881978743659819 0.8087170460620579 1.2576573084091451
cell 5.772395008424169 9.224518919869244 0.0 1.6431676725154984 0.6085806194501846 1 0 0 0.913179332199346 -0.4075579802236199 3.9811491856980967
cell 42.682110652674304 17.880174909539516 0.0 1.0 1.0 1 0 0 0.0 1.0 0
cell 53.54675348919083 45.598217434054106 0.0 1.0 1.0 1 0 0 0.0 1.0 0
cell 1.6426829253361517 22.52404065286577 0.0 1.0 1.0 1 0 0 0.0 1.0 0
cell 17.39244040008474 55.83269836831903 0.0 1.6431676725154984 0.6085806194501846 1 0 0 0.3451471646925472 0.9385485787665419 0.7047911617412752
cell 32.84981611936003 52.70885862713664 0.0 1.0 1.0 1 0 0 0.0 1.0 0
cell 0.12091038867285739 25.36161571043224 0.0 1.0 1.0 1 0 0 0.0 1.0 0
cell 21.106075193527605 5.19188041930888 0.0 1.0 1.0 1 0 0 0.0 1.0 0
cell 11.223328066897752 32.929678474592706 0.0 1.0 1.0 1 0 0 0.0 1.0 0
cell 12.457082948774387 55.32326126246335 0.0 1.6431676725154984 0.6085806194501846 1 0 0 0.17619452318512124 0.9843553677405167 0.3542382895372575
cell 60.181979938455825 7.403943265231038 0.0 1.6431676725154984 0.6085806194501846 1 0 0 0.8405425978026355 0.5417454580143676 1.9965680377209234
cell 54.69499834284873 48.834311076647964 0.0 1.0 1.0 1 0 0 0.0 1.0 0
cell 50.11930378011647 44.919872617166845 0.0 1.0 1.0 1 0 0 0.0 1.0 0
cell 51.79532035337013 22.042476768775337 0.0 1.0 1.0 1 0 0 0.0 1.0 0
cell 38.48780653758767 56.08793608720404 0.0 1.0 1.0 1 0 0 0.0 1.0 0
cell 24.43627696528525 9.577391265967075 0.0 1.6431676725154984 0.6085806194501846 1 0 0 0.46347135155174984 -0.8861119039324515 5.31936788237239
cell 25.774953121199747 57.798327875584 0.0 1.6431676725154984 0.6085806194501846 1 0 0 0.8767075699689292 -0.48102373824913786 4.145236746830156
cell 53.00538933384587 20.660831929373433 0.0 1.0 1.0 1 0 0 0.0 1.0 0
cell 30.539767948353816 35.74034709334192 0.0 1.0 1.0 1 0 0 0.0 1.0 0
cell 17.143612621717605 8.83991012559128 0.0 1.6431676725154984 0.6085806194501846 1 0 0 0.7796477834173219 0.6262182796856514 1.7882063399186092
cell 3.866392262964259 36.64989952097058 0.0 1.0 1.0 1 0 0 0.0 1.0 0
cell 56.1921023217967 36.03649899475816 0.0 1.0 1.0 1 0 0 0.0 1.0 0
cell 33.08005071482737 3.2578978008798125 0.0 1.6431676725154984 0.6085806194501846 1 0 0 0.7815058261414507 -0.6238979433424738 4.489033787695371
cell 46.205418011365865 50.45359319745941 0.0 1.0 1.0 1 0 0 0.0 1.0 0
cell 48.65039076167773 37.88802322245003 0.0 1.0 1.0 1 0 0 0.0 1.0 0
cell 43.530404966188925 12.787084966863453 0.0 1.0 1.0 1 0 0 0.0 1.0 0
cell 28.22790882303698 29.085008490745018 0.0 1.0 1.0 1 0 0 0.0 1.0 0
cell 55.55885112454439 30.311741181843527 0.0 1.0 1.0 1 0 0 0.0 1.0 0
cell 35.775775229376016 30.135704372700804 0.0 1.0 1.0 1 0 0 0.0 1.0 0
cell 9.54234856897852 45.54938359960997 0.0 1.0 1.0 1 0 0 0.0 1.0 0
cell 9.67980230265605 29.77577439843685 0.0 1.0 1.0 1 0 0 0.0 1.0 0
cell 50.872772214850634 57.52154212396686 0.0 1.0 1.0 1 0 0 0.0 1.0 0
cell 1.634880577709119 3.5800739706491815 0.0 1.6431676725154984 0.6085806194501846 1 0 0 0.6030291398326376 0.7977191589229315 1.29458586878414
cell 48.316224887965056 21.28820453671456 0.0 1.6431676725154984 0.6085806194501846 1 0 0 0.5981086371537786 0.8014150348989277 1.2822779907607025
cell 15.02427610736275 27.432914855415547 0.0 1.0 1.0 1 0 0 0.0 1.0 0
cell 57.60371349734402 26.85249032369544 0.0 1.6431676725154984 0.6085806194501846 1 0 0 0.15027668007363718 0.9886439801192569 0.3016962499529008
cell 38.81724689988605 9.37309346487239 0.0 1.0 1.0 1 0 0 0.0 1.0 0
cell 38.06595024491884 32.6841443815186 0.0 1.6431676725154984 0.6085806194501846 1 0 0 0.639915755401157 0.7684450702485941 1.388777261332304
cell 6.579396808746329 27.349207590609034 0.0 1.0 1.0 1 0 0 0.0 1.0 0
cell 1.0790903266939726 47.070550799630226 0.0 1.0 1.0 1 0 0 0.0 1.0 0
cell 0.6115408847373277 40.345157361397405 0.0 1.0 1.0 1 0 0 0.0 1.0 0
cell 17.072308447736116 58.489033263031686 0.0 1.6431676725154984 0.6085806194501846 1 0 0 0.1323734956152215 0.9911999080198741 0.2655263345303408
cell 33.072362906476066 9.637645419122428 0.0 1.0 1.0 1 0 0 0.0 1.0 0
cell 57.72159488675071 15.918617257308226 0.0 1.0 1.0 1 0 0 0.0 1.0 0
cell 57.03746949634233 46.406384433570466 0.0 1.0 1.0 1 0 0 0.0 1.0 0
cell 7.8637469947196585 17.878530735028573 0.0 1.0 1.0 1 0 0 0.0 1.0 0
cell 59.075309851174104 29.789104641929487 0.0 1.0 1.0 1 0 0 0.0 1.0 0
cell 2.2061660050685146 30.381562019485234 0.0 1.0 1.0 1 0 0 0.0 1.0 0
cell 0.4427983901193195 29.272695187960725 0.0 1.6431676725154984 0.6085806194501846 1 0 0 0.030124729879786816 0.9995461473337136 0.06025857620725613
cell 31.247946270327223 46.84552391267127 0.0 1.6431676725154984 0.6085806194501846 1 0 0 0.8467625504454398 -0.5319710360190055 4.263445852785584
cell 0.3139214178857792 15.4883156415105 0.0 1.0 1.0 1 0 0 0.0 1.0 0
cell 12.87230016521809 30.11860559258183 0.0 1.0 1.0 1 0 0 0.0 1.0 0
cell 31.216168315141495 12.869755480178641 0.0 1.6431676725154984 0.6085806194501846 1 0 0 0.6201570407999756 0.7844776891322133 1.337885745073509
cell 21.73010984897527 29.301745679258666 0.0 1.0 1.0 1 0 0 0.0 1.0 0
cell 26.808974788556895 46.06544878687321 0.0 1.6431676725154984 0.6085806194501846 1 0 0 0.9581726719134451 -0.28619072451470096 3.7220904564478503
cell 18.13433045120921 28.334972719372423 0.0 1.0 1.0 1 0 0 0.0 1.0 0
cell 3.6548017899362115 10.833045963330092 0.0 1.0 1.0 1 0 0 0.0 1.0 0
cell 17.482051675232636 43.594682963888445 0.0 1.6431676725154984 0.6085806194501846 1 0 0 0.1474361457686808 -0.9890715762374714 5.987234134859531
cell 24.355445914617007 55.84142183874794 0.0 1.6431676725154984 0.6085806194501846 1 0 0 0.9996704831504319 -0.02566953676601758 3.192937366895119
cell 56.24429557992133 60.20763132092892 0.0 1.6431676725154984 0.6085806194501846 1 0 0 0.8415018109525414 0.5402542939797825 2.000114112096084
cell 24.828142644820193 23.501070002685662 0.0 1.0 1.0 1 0 0 0.0 1.0 0
cell 19.731659268803735 39.73618405255316 0.0 1.0 1.0 1 0 0 0.0 1.0 0
cell 3.02028301688659 43.423026220981995 0.0 1.0 1.0 1 0 0 0.0 1.0 0
cell 38.58727766023691 21.336635526598577 0.0 1.6431676725154984 0.6085806194501846 1 0 0 -0.06124852657733595 0.9981225465803812 6.160611535570579
cell 52.057794883791445 39.482053642555314 0.0 1.0 1.0 1 0 0 0.0 1.0 0
cell 61.10793298526335 21.75791175199138 0.0 1.0 1.0 1 0 0 0.0 1.0 0
cell 43.47060228291779 23.581445241180177 0.0 1.0 1.0 1 0 0 0.0 1.0 0
cell 24.908182127138133 0.4995427191514077 0.0 1.6431676725154984 0.6085806194501846 1 0 0 0.3244764851930906 0.9458937628279077 0.6609164300827747
cell 34.45785431906935 60.61211040596739 0.0 1.6431676725154984 0.6085806194501846 1 0 0 0.902855681809808 -0.42994373797480373 4.030453574341924
cell 3.5769902762951684 41.53626325203541 0.0 1.0 1.0 1 0 0 0.0 1.0 0
cell 20.859234887111356 60.89845929031268 0.0 1.0 1.0 1 0 0 0.0 1.0 0
cell 3.746913706552606 5.754933928798937 0.0 1.6431676725154984 0.6085806194501846 1 0 0 0.7343282599171606 -0.678794524644266 4.633832220905553
cell 30.92953715597288 5.982082410461314 0.0 1.6431676725154984 0.6085806194501846 1 0 0 0.6825618951865134 0.7308277904126217 1.5025247850264754
cell 42.95237058878842 35.61896731925253 0.0 1.0 1.0 1 0 0 0.0 1.0 0
cell 26.11620906423567 8.792272211366623 0.0 1.6431676725154984 0.6085806194501846 1 0 0 0.9236599072220144 0.3832132249683192 2.355047467125201
cell 21.44001604903591 20.772582869303626 0.0 1.0 1.0 1 0 0 0.0 1.0 0
cell 39.20214500326622 60.50038813691096 0.0 1.0 1.0 1 0 0 0.0 1.0 0
cell 20.6570456330922 32.4754541548359 0.0 1.0 1.0 1 0 0 0.0 1.0 0
cell 27.57509769142947 36.40100411652268 0.0 1.6431676725154984 0.6085806194501846 1 0 0 0.6014900700391826 -0.7988802761642443 4.992455306768976
cell 39.388379789363334 10.97893852264975 0.0 1.0 1.0 1 0 0 0.0 1.0 0
cell 45.15189532004193 43.40652271239866 0.0 1.0 1.0 1 0 0 0.0 1.0 0
cell 38.027996826992435 40.376349175581 0.0 1.0 1.0 1 0 0 0.0 1.0 0
cell 34.379065882434865 42.112719122452354 0.0 1.0 1.0 1 0 0 0.0 1.0 0
cell 6.606905438868494 25.36439478693928 0.0 1.0 1.0 1 0 0 0.0 1.0 0
cell 61.01812507165741 13.759954307388497 0.0 1.0 1.0 1 0 0 0.0 1.0 0
cell 2.8172449202166314 35.0807918246364 0.0 1.0 1.0 1 0 0 0.0 1.0 0
cell 0.41724867103092206 27.1974926428413 0.0 1.0 1.0 1 0 0 0.0 1.0 0
cell 28.62152947091045 21.963243184051567 0.0 1.0 1.0 1 0 0 0.0 1.0 0
cell 13.904427203900974 59.35696191072229 0.0 1.6431676725154984 0.6085806194501846 1 0 0 0.9998751154492699 -0.01580359153196645 3.1732011524690753
cell 7.240206270641333 40.11918183947171 0.0 1.0 1.0 1 0 0 0.0 1.0 0
cell 1.1299678438758187 43.918916229577164 0.0 1.0 1.0 1 0 0 0.0 1.0 0
cell 55.408406823269765 58.39976766836823 0.0 1.0 1.0 1 0 0 0.0 1.0 0
cell 55.10991365096245 46.907051613683876 0.0 1.0 1.0 1 0 0 0.0 1.0 0
cell 18.032097653538475 13.539183631557496 0.0 1.6431676725154984 0.6085806194501846 1 0 0 0.7074585985757085 0.7067547886652729 1.5717916643566539
cell 2.1039531458172256 55.09785071102407 0.0 1.6431676725154984 0.6085806194501846 1 0 0 0.9758563976675722 -0.21841312032767 3.5819687199601344
cell 47.698264725223545 57.27505350603359 0.0 1.0 1.0 1 0 0 0.0 1.0 0
cell 33.47453376255972 34.90800046851149 0.0 1.0 1.0 1 0 0 0.0 1.0 0
cell 36.36002994535242 22.912497490516554 0.0 1.0 1.0 1 0 0 0.0 1.0 0
cell 25.961297049341916 25.610828063329162 0.0 1.0 1.0 1 0 0 0.0 1.0 0
cell 24.010659531653097 31.78078024081391 0.0 1.0 1.0 1 0 0 0.0 1.0 0
cell 43.402613702309516 59.82491914218409 0.0 1.0 1.0 1 0 0 0.0 1.0 0
cell 44.290590839631925 3.8726694350324187 0.0 1.0 1.0 1 0 0 0.0 1.0 0
cell 0.13415054636469798 55.40097163271213 0.0 1.6431676725154984 0.6085806194501846 1 0 0 0.6219495800168025 -0.7830572903159276 4.940725403420061
cell 1.329358894171048 11.12719465996538 0.0 1.6431676725154984 0.6085806194501846 1 0 0 0.9542667017605153 0.29895662212285523 2.53439448431887
cell 21.37833168968271 19.343267184650273 0.0 1.6431676725154984 0.6085806194501846 1 0 0 0.08745164906081415 -0.9961687653588343 6.108058300997625
cell 48.719788563553834 13.143522658189832 0.0 1.6431676725154984 0.6085806194501846 1 0 0 0.7945463796348139 -0.6072034672242989 4.446665009024126
cell 56.762795797059454 37.79511156727045 0.0 1.0 1.0 1 0 0 0.0 1.0 0
cell 42.745180940554114 52.181329367597776 0.0 1.0 1.0 1 0 0 0.0 1.0 0
cell 25.70315930666332 30.81086552540776 0.0 1.6431676725154984 0.6085806194501846 1 0 0 0.6304882576892279 -0.7761987869843664 4.918821131387081
cell 31.31553913404062 43.50135929720751 0.0 1.0 1.0 1 0 0 0.0 1.0 0
cell 20.255434775913102 59.4082491313489 0.0 1.6431676725154984 0.6085806194501846 1 0 0 0.1491504926724433 0.9888145076482077 0.29941820004914216
cell 53.01236344275798 56.2042185419557 0.0 1.6431676725154984 0.6085806194501846 1 0 0 0.37975673455067205 -0.92508638654096 5.504118672860016
cell 43.27067835221177 21.619313816023595 0.0 1.0 1.0 1 0 0 0.0 1.0 0
cell 14.191317995539894 21.94454622645919 0.0 1.6431676725154984 0.6085806194501846 1 0 0 0.9995144045449309 0.031160152554058334 3.079262259036254
cell 31.027939196506253 32.44308452757133 0.0 1.0 1.0 1 0 0 0.0 1.0 0
cell 50.61218984837396 31.988354200352774 0.0 1.0 1.0 1 0 0 0.0 1.0 0
cell 34.7958596415644 59.117234199219624 0.0 1.0 1.0 1 0 0 0.0 1.0 0
cell 35.884816708883925 52.370961677191026 0.0 1.6431676725154984 0.6085806194501846 1 0 0 0.6740360861806349 -0.7386984191984519 4.80386722181438
cell 58.64661329210835 17.4123067463884 0.0 1.6431676725154984 0.6085806194501846 1 0 0 0.9943923081662935 -0.10575413684443326 3.3534971739727273
cell 3.234710977306142 8.304368067193039 0.0 1.6431676725154984 0.6085806194501846 1 0 0 0.8923261414874059 -0.45139124627998517 4.078240350394755
cell 52.32250347540464 41.42141998896057 0.0 1.0 1.0 1 0 0 0.0 1.0 0
cell 8.003652658443057 21.811986384649664 0.0 1.0 1.0 1 0 0 0.0 1.0 0
cell 8.042383818421378 30.681691098764382 0.0 1.0 1.0 1 0 0 0.0 1.0 0
cell 51.27557059508546 49.99228766875361 0.0 1.0 1.0 1 0 0 0.0 1.0 0
cell 60.584329151147415 43.6630487918685 0.0 1.0 1.0 1 0 0 0.0 1.0 0
cell 34.16139862652963 48.398395811714586 0.0 1.0 1.0 1 0 0 0.0 1.0 0
cell 7.974163642908348 19.85977960799897 0.0 1.0 1.0 1 0 0 0.0 1.0 0
cell 49.752011684148954 17.292555906368836 0.0 1.6431676725154984 0.6085806194501846 1 0 0 0.9206402512797719 -0.39041199741237276 3.9437507777912115
cell 23.01811035440273 21.969669364873596 0.0 1.6431676725154984 0.6085806194501846 1 0 0 0.9947344253175534 -0.102486209258401 3.3469255974293817
cell 2.0773095304030447 36.818611602364435 0.0 1.0 1.0 1 0 0 0.0 1.0 0
cell 37.23229952696705 43.705022190793436 0.0 1.0 1.0 1 0 0 0.0 1.0 0
cell 24.87454879907451 29.419897656227985 0.0 1.6431676725154984 0.6085806194501846 1 0 0 0.6986210027578423 -0.7154919248360717 4.73624863314741
cell 26.007550683668097 5.246617483112209 0.0 1.6431676725154984 0.6085806194501846 1 0 0 0.7921117485921505 -0.6103760953234373 4.454663263504711
cell 42.533760604798445 48.705384983757625 0.0 1.0 1.0 1 0 0 0.0 1.0 0
cell 40.75212374135047 25.94842536031848 0.0 1.0 1.0 1 0 0 0.0 1.0 0
cell 58.35860403342335 47.791967876953535 0.0 1.0 1.0 1 0 0 0.0 1.0 0
cell 30.05039704701911 51.10647955014577 0.0 1.0 1.0 1 0 0 0.0 1.0 0
cell 11.157329522496395 19.604878710916157 0.0 1.0 1.0 1 0 0 0.0 1.0 0
cell 32.16907915615081 11.88085776704613 0.0 1.6431676725154984 0.6085806194501846 1 0 0 0.5134478607689044 0.8581207923549201 1.0783958059752303
cell 3.357975040081629 12.81313197979806 0.0 1.0 1.0 1 0 0 0.0 1.0 0
cell 46.098287089808096 56.06422446192155 0.0 1.0 1.0 1 0 0 0.0 1.0 0
cell 6.296035980228689 19.090503650127925 0.0 1.0 1.0 1 0 0 0.0 1.0 0
cell 60.14450697349203 31.600315359666784 0.0 1.6431676725154984 0.6085806194501846 1 0 0 0.7220997555817071 0.6917889439625635 1.6136655702601839
cell 6.171124344906989 52.27539342808539 0.0 1.6431676725154984 0.6085806194501846 1 0 0 0.6279947799177898 -0.7782175508146849 4.92523762501766
cell 52.647240000840334 43.02121870213572 0.0 1.0 1.0 1 0 0 0.0 1.0 0
cell 4.281237167170372 39.69388952108056 0.0 1.0 1.0 1 0 0 0.0 1.0 0
cell 47.17626302590703 59.04564583560106 0.0 1.0 1.0 1 0 0 0.0 1.0 0
cell 5.469732752081707 40.85509399700877 0.0 1.0 1.0 1 0 0 0.0 1.0 0
cell 1.0242684924708938 8.516098139066989 0.0 1.6431676725154984 0.6085806194501846 1 0 0 0.8896191455642849 0.4567031594432774 2.1930211396669033
cell 10.064830362433518 53.500652717792484 0.0 1.6431676725154984 0.6085806194501846 1 0 0 0.6935977673333327 0.7203625039868581 1.5329430133081225
cell 59.11540571409963 57.20772583639614 0.0 1.6431676725154984 0.6085806194501846 1 0 0 0.6917678713293455 0.7221199430818028 1.527868719264264
cell 14.34237872746397 31.18448139537659 0.0 1.0 1.0 1 0 0 0.0 1.0 0
cell 27.157247813348498 27.43479406775787 0.0 1.0 1.0 1 0 0 0.0 1.0 0
cell 39.01296330611398 51.09815077288602 0.0 1.0 1.0 1 0 0 0.0 1.0 0
cell 52.48870268820613 23.935915735078492 0.0 1.0 1.0 1 0 0 0.0 1.0 0
cell 30.61298634097348 29.155661512196136 0.0 1.0 1.0 1 0 0 0.0 1.0 0
cell 17.5320299797443 0.8318789166880455 0.0 1.6431676725154984 0.6085806194501846 1 0 0 0.14015959412718185 0.9901289250264854 0.28124519614016713
cell 57.0155396347608 21.856808263302778 0.0 1.0 1.0 1 0 0 0.0 1.0 0
cell 3.1917552118504173 21.478013686478498 0.0 1.0 1.0 1 0 0 0.0 1.0 0
cell 41.20527308234312 8.074645814189738 0.0 1.0 1.0 1 0 0 0.0 1.0 0
cell 1.9828701138357798 28.343219770825428 0.0 1.0 1.0 1 0 0 0.0 1.0 0
cell 22.966724857708616 51.34347288744542 0.0 1.0 1.0 1 0 0 0.0 1.0 0
cell 50.58975393054385 60.40785019773615 0.0 1.6431676725154984 0.6085806194501846 1 0 0 0.9388256317707654 -0.34439284709503365 3.8447766396221708
cell 29.75388293854616 25.749584024017697 0.0 1.0 1.0 1 0 0 0.0 1.0 0
cell 24.90849517702836 38.43797682270012 0.0 1.6431676725154984 0.6085806194501846 1 0 0 0.34920251326014656 -0.9370472798812219 5.569745497107405
cell 34.91087935550695 16.99521051334728 0.0 1.6431676725154984 0.6085806194501846 1 0 0 -0.36408581997403516 -0.9313654039601398 0.7453021326885407
cell 21.79799852716552 46.065945391410175 0.0 1.6431676725154984 0.6085806194501846 1 0 0 0.9889275200423482 -0.14839932649069237 3.439491613747961
cell 42.10174108745128 22.803863218879165 0.0 1.6431676725154984 0.6085806194501846 1 0 0 -0.6281337127626441 -0.7781054163100372 1.3583047618874593
cell 7.827229561353133 32.67730891528577 0.0 1.0 1.0 1 0 0 0.0 1.0 0
cell 57.54579693193961 2.915430077097974 0.0 1.6431676725154984 0.6085806194501846 1 0 0 0.4486120055039296 -0.89372661844534 5.352761924897024
cell 11.543423032576861 27.112633150231073 0.0 1.0 1.0 1 0 0 0.0 1.0 0
cell 20.349494489947258 47.74201155637584 0.0 1.6431676725154984 0.6085806194501846 1 0 0 0.1666133874096093 0.9860223015408401 0.33478808887495726
cell 58.50364745925307 38.86009265018461 0.0 1.0 1.0 1 0 0 0.0 1.0 0
cell 54.356973740793535 11.588892327421943 0.0 1.0 1.0 1 0 0 0.0 1.0 0
cell 60.722499468572956 10.240229188158432 0.0 1.6431676725154984 0.6085806194501846 1 0 0 0.690374597880885 0.7234520817585685 1.5240134343166
cell 35.199646720916455 8.899286084926624 0.0 1.6431676725154984 0.6085806194501846 1 0 0 0.9980968406813681 -0.06166600864229648 3.2650029706437302
cell 31.491872813987307 55.06477005349872 0.0 1.6431676725154984 0.6085806194501846 1 0 0 0.9748104316107276 0.22303502510347342 2.6917390156377365
cell 1.840445777959272 26.339334499386908 0.0 1.0 1.0 1 0 0 0.0 1.0 0
cell 35.04920463532202 19.590457384694776 0.0 1.6431676725154984 0.6085806194501846 1 0 0 0.2903331005929638 0.9569256453351409 0.5891498278340783
cell 55.82350236411309 6.791801803636104 0.0 1.6431676725154984 0.6085806194501846 1 0 0 0.6414801951994816 -0.7671395956192295 4.890332883358789
cell 40.93440845246097 21.9873609894172 0.0 1.6431676725154984 0.6085806194501846 1 0 0 0.6598933320978397 0.7513592950465244 1.441353570895454
cell 35.103262524057484 21.393720605746612 0.0 1.0 1.0 1 0 0 0.0 1.0 0
cell 58.07950703120772 25.50164807671148 0.0 1.0 1.0 1 0 0 0.0 1.0 0
cell 14.468522530692463 14.976807878434819 0.0 1.6431676725154984 0.6085806194501846 1 0 0 0.7025183342244024 0.7116656448632116 1.5578599858269975
cell 28.285796610193916 32.16811212777945 0.0 1.6431676725154984 0.6085806194501846 1 0 0 0.8384900583162835 -0.5449168946773035 4.29417265054017
cell 56.25117777041378 25.035278232455184 0.0 1.0 1.0 1 0 0 0.0 1.0 0
cell 34.75225722412483 38.66314756212185 0.0 1.0 1.0 1 0 0 0.0 1.0 0
cell 12.879777518381186 14.696289158205792 0.0 1.6431676725154984 0.6085806194501846 1 0 0 0.35114284493524867 0.9363219010846536 0.7175827862692408
cell 24.323787690447094 11.7754752434185 0.0 1.0 1.0 1 0 0 0.0 1.0 0
cell 21.13890388564738 1.9112020366347662 0.0 1.6431676725154984 0.6085806194501846 1 0 0 0.4117769311375389 0.9112846750510789 0.848806247919879
cell 59.7604415195632 40.39012314867109 0.0 1.0 1.0 1 0 0 0.0 1.0 0
cell 4.945186673294334 38.10878390837777 0.0 1.0 1.0 1 0 0 0.0 1.0 0
cell 49.677674221409426 48.79400857613924 0.0 1.0 1.0 1 0 0 0.0 1.0 0
cell 57.25475030305113 29.316679261384596 0.0 1.0 1.0 1 0 0 0.0 1.0 0
cell 57.967996757555056 0.2557577065347947 0.0 1.6431676725154984 0.6085806194501846 1 0 0 0.8562101146096514 0.5166277573264213 2.0557772930870963
cell 58.459927263832256 7.237278668571079 0.0 1.0 1.0 1 0 0 0.0 1.0 0
cell 59.256193319119376 42.140560261178585 0.0 1.0 1.0 1 0 0 0.0 1.0 0
cell 11.657954956618346 25.295440200090198 0.0 1.0 1.0 1 0 0 0.0 1.0 0
cell 40.95479296352785 16.230117961663307 0.0 1.6431676725154984 0.6085806194501846 1 0 0 0.6952051959979003 -0.7188113350925408 4.745774652916624
cell 61.00222460072762 45.51502270148403 0.0 1.0 1.0 1 0 0 0.0 1.0 0
cell 49.43823036311249 26.200539032821343 0.0 1.6431676725154984 0.6085806194501846 1 0 0 0.37630478357529157 0.92649593083745 0.7716093434529079
cell 36.426287901863006 5.998959437479056 0.0 1.6431676725154984 0.6085806194501846 1 0 0 -0.6713645576565018 -0.7411272702597642 1.4720968953536948
cell 60.551972437047894 4.748799681040663 0.0 1.6431676725154984 0.6085806194501846 1 0 0 0.3745879870012345 0.9271913718291187 0.7679047357108741
cell 18.854126551380375 16.43129343844711 0.0 1.6431676725154984 0.6085806194501846 1 0 0 0.5911344726969305 0.8065730191305198 1.2649293028551183
cell 20.871547867889948 50.952126648897156 0.0 1.6431676725154984 0.6085806194501846 1 0 0 0.3366543621642693 0.941628292074834 0.686723191860924
cell 31.844121755598128 51.667378513412515 0.0 1.6431676725154984 0.6085806194501846 1 0 0 0.3480100051784573 -0.9374908193127494 5.572290140870757
cell 18.961049171875427 55.80994674719681 0.0 1.6431676725154984 0.6085806194501846 1 0 0 0.416638696197045 0.9090721626093422 0.8594893258730495
cell 28.814397906117566 18.983203528615157 0.0 1.0 1.0 1 0 0 0.0 1.0 0
cell 27.05362749330796 1.1601375848335889 0.0 1.6431676725154984 0.6085806194501846 1 0 0 0.7671631341440996 0.6414520446691258 1.748813619537016
cell 44.45579353455265 54.949497278900346 0.0 1.0 1.0 1 0 0 0.0 1.0 0
cell 13.878716968221005 10.62446069530243 0.0 1.6431676725154984 0.6085806194501846 1 0 0 0.6753250505386073 0.7375202208177262 1.4828106954582252
cell 27.633652430938444 6.794495843382636 0.0 1.0 1.0 1 0 0 0.0 1.0 0
cell 59.98481819882497 52.67791106701634 0.0 1.0 1.0 1 0 0 0.0 1.0 0
cell 49.59064647673891 50.712619861550195 0.0 1.0 1.0 1 0 0 0.0 1.0 0
cell 24.92903831895813 36.998401923665114 0.0 1.6431676725154984 0.6085806194501846 1 0 0 0.3871947911648343 -0.9219979358408674 5.488011088990489
cell 21.820536929931844 23.055377364198268 0.0 1.6431676725154984 0.6085806194501846 1 0 0 0.9998750557193051 0.015807370126508995 3.1099765965773063
cell 50.315662946812765 9.757296457285618 0.0 1.6431676725154984 0.6085806194501846 1 0 0 0.9949472049008072 0.1003994993018939 2.940454771230899
cell 22.527801601593232 18.25538568936762 0.0 1.6431676725154984 0.6085806194501846 1 0 0 0.04894694255709751 0.9988013800622786 0.09793301639707837
cell 17.294749730445663 59.754343752444576 0.0 1.6431676725154984 0.6085806194501846 1 0 0 0.9984142589382446 -0.056293583549066765 3.2542393698260756
cell 16.446587088050283 28.822405851865422 0.0 1.0 1.0 1 0 0 0.0 1.0 0
cell 1.653905353362674 24.398877544856315 0.0 1.0 1.0 1 0 0 0.0 1.0 0
cell 61.04930096619037 23.48407193914958 0.0 1.0 1.0 1 0 0 0.0 1.0 0
cell 12.22132293193664 23.51734528860442 0.0 1.6431676725154984 0.6085806194501846 1 0 0 0.9466590726891518 0.3222368695467903 2.485409754975881
cell 58.81189053106973 34.61937477224778 0.0 1.0 1.0 1 0 0 0.0 1.0 0
cell 17.78741351340099 57.56003253613483 0.0 1.6431676725154984 0.6085806194501846 1 0 0 0.2779956090120349 0.9605823449189704 0.5634136715339246
cell 52.25315985955683 31.00206303772642 0.0 1.0 1.0 1 0 0 0.0 1.0 0
cell 49.50726476371658 54.548415293389446 0.0 1.0 1.0 1 0 0 0.0 1.0 0
cell 46.248207195210654 48.52845920992887 0.0 1.0 1.0 1 0 0 0.0 1.0 0
cell 44.4400696108772 51.27102026010249 0.0 1.0 1.0 1 0 0 0.0 1.0 0
cell 59.45355221215504 18.955543588310842 0.0 1.0 1.0 1 0 0 0.0 1.0 0
cell 17.36337077119755 36.41622764060085 0.0 1.0 1.0 1 0 0 0.0 1.0 0
cell 7.267842243303838 48.1689685102662 0.0 1.0 1.0 1 0 0 0.0 1.0 0
cell 44.40039114986017 49.548243776827206 0.0 1.0 1.0 1 0 0 0.0 1.0 0
cell 36.564530251270696 18.789228544952643 0.0 1.6431676725154984 0.6085806194501846 1 0 0 0.049034986102254347 0.9987970615385048 0.09810931518319331
cell 48.97419107867322 58.70833055149446 0.0 1.0 1.0 1 0 0 0.0 1.0 0
cell 53.27544913130272 15.234658606684828 0.0 1.0 1.0 1 0 0 0.0 1.0 0
cell 51.940631750452205 44.51417411647707 0.0 1.0 1.0 1 0 0 0.0 1.0 0
cell 3.427698903213092 27.391415969656666 0.0 1.0 1.0 1 0 0 0.0 1.0 0
cell 16.879832119856154 11.87670051501013 0.0 1.6431676725154984 0.6085806194501846 1 0 0 0.6376597269037272 0.7703181632838888 1.3829127414846907
cell 5.771687497942216 36.48223019529446 0.0 1.0 1.0 1 0 0 0.0 1.0 0
cell 49.72698481592767 4.229577197901313 0.0 1.6431676725154984 0.6085806194501846 1 0 0 0.9922214849843972 0.12448503819880359 2.8919750227795578
cell 37.44673775591591 46.83160652494983 0.0 1.0 1.0 1 0 0 0.0 1.0 0
cell 46.66788242675011 6.549024072522925 0.0 1.0 1.0 1 0 0 0.0 1.0 0
cell 20.39219090045751 30.52302063662533 0.0 1.0 1.0 1 0 0 0.0 1.0 0
cell 53.243280348099546 3.767836992058805 0.0 1.6431676725154984 0.6085806194501846 1 0 0 0.8221705753190075 -0.5692412011437791 4.352757930739964
cell 12.831796851126414 16.685453693596084 0.0 1.6431676725154984 0.6085806194501846 1 0 0 -0.1084477767290059 -0.9941021475293853 0.2173229679511861
cell 1.4067082709899426 50.46681942613291 0.0 1.0 1.0 1 0 0 0.0 1.0 0
cell 38.7391540354458 49.47498755470886 0.0 1.0 1.0 1 0 0 0.0 1.0 0
cell 5.356583010464218 48.05460116384701 0.0 1.0 1.0 1 0 0 0.0 1.0 0
cell 53.92783804631796 27.587243362679065 0.0 1.6431676725154984 0.6085806194501846 1 0 0 0.14545727812260512 0.9893645335472477 0.29195030117465187
cell 41.228530776760714 41.367099878179936 0.0 1.6431676725154984 0.6085806194501846 1 0 0 0.8234893267568082 0.5673317624790796 1.9350685244810135
cell 60.64584960282937 50.79018405244071 0.0 1.0 1.0 1 0 0 0.0 1.0 0
cell 42.7948398602397 54.069687113596075 0.0 1.0 1.0 1 0 0 0.0 1.0 0
cell 43.830288939876894 8.72445549569502 0.0 1.6431676725154984 0.6085806194501846 1 0 0 0.8945662372364648 -0.4469353948800575 4.068265844448618
cell 55.66842233111561 18.165242188401468 0.0 1.0 1.0 1 0 0 0.0 1.0 0
cell 17.300425818124356 4.814707928839847 0.0 1.6431676725154984 0.6085806194501846 1 0 0 0.9102368772515909 -0.41408794632453666 3.995473810327713
cell 37.559468481580126 17.986712935214594 0.0 1.6431676725154984 0.6085806194501846 1 0 0 0.216903180402317 0.9761931214321068 0.43728200628747155
cell 22.17973654180914 31.232802235695125 0.0 1.0 1.0 1 0 0 0.0 1.0 0
cell 2.548717800834184 17.817690655245137 0.0 1.0 1.0 1 0 0 0.0 1.0 0
cell 13.4621967016333 7.358363305183134 0.0 1.6431676725154984 0.6085806194501846 1 0 0 0.6753537055957057 0.7374939812216428 1.4828884033394245
cell 30.286562194955508 39.616664307826596 0.0 1.0 1.0 1 0 0 0.0 1.0 0
cell 28.832657722983708 4.1183299260938115 0.0 1.6431676725154984 0.6085806194501846 1 0 0 -0.657420417028565 -0.7535239845379759 1.4347805352934202
cell 4.96409904772933 28.2326246994687 0.0 1.0 1.0 1 0 0 0.0 1.0 0
cell 58.97681719608018 43.99836693480294 0.0 1.0 1.0 1 0 0 0.0 1.0 0
cell 26.528206141606006 49.601003007091144 0.0 1.6431676725154984 0.6085806194501846 1 0 0 0.7749712828182438 0.6319964484133164 1.7733393097990335
cell 25.984059796202832 16.645056703911745 0.0 1.6431676725154984 0.6085806194501846 1 0 0 0.5502026923370678 -0.835031135554263 5.117971397728786
cell 32.58784273176104 28.719563925462666 0.0 1.0 1.0 1 0 0 0.0 1.0 0
cell 26.221422630421078 19.41901888100012 0.0 1.6431676725154984 0.6085806194501846 1 0 0 0.9407191369011083 -0.3391865349155738 3.833696725058604
cell 46.36497473745294 17.12264406899242 0.0 1.0 1.0 1 0 0 0.0 1.0 0
cell 8.530803933734234 44.146720085178515 0.0 1.6431676725154984 0.6085806194501846 1 0 0 0.7700966655444204 0.6379272103597441 1.7579853369859266
cell 21.89672132927774 24.521014630703878 0.0 1.0 1.0 1 0 0 0.0 1.0 0
cell 0.8695569748555382 52.19476893241839 0.0 1.0 1.0 1 0 0 0.0 1.0 0
cell 36.22161401553948 42.253863302174544 0.0 1.0 1.0 1 0 0 0.0 1.0 0
cell 43.89352425350411 25.477714761140717 0.0 1.0 1.0 1 0 0 0.0 1.0 0
cell 42.206784089098456 3.350039782242515 0.0 1.0 1.0 1 0 0 0.0 1.0 0
cell 28.00444943944482 5.356548503600408 0.0 1.6431676725154984 0.6085806194501846 1 0 0 0.2684430484663204 0.9632955567893525 0.5435527811188766
cell 33.06812900548852 57.25424051539374 0.0 1.0 1.0 1 0 0 0.0 1.0 0
cell 59.35162627090021 11.297182886638616 0.0 1.0 1.0 1 0 0 0.0 1.0 0
cell 23.71059436243526 14.849407452945966 0.0 1.6431676725154984 0.6085806194501846 1 0 0 0.3769715693564084 -0.9262248301017235 5.510136381969112
cell 38.27492754609916 14.489678924923181 0.0 1.0 1.0 1 0 0 0.0 1.0 0
cell 41.300799259994726 45.84823280414896 0.0 1.0 1.0 1 0 0 0.0 1.0 0
cell 42.521738968190036 33.6689862709785 0.0 1.0 1.0 1 0 0 0.0 1.0 0
cell 9.610582757529658 33.59463280383296 0.0 1.0 1.0 1 0 0 0.0 1.0 0
cell 41.66103726174881 12.539698928734973 0.0 1.0 1.0 1 0 0 0.0 1.0 0
cell 30.358104232536995 0.20548973151561653 0.0 1.6431676725154984 0.6085806194501846 1 0 0 0.6361735041745901 0.7715460275228062 1.3790570912200255
cell 0.7330204378546873 4.560191435203613 0.0 1.6431676725154984 0.6085806194501846 1 0 0 -0.489193503566293 -0.8721752782947562 1.0223296350392017
cell 11.21790058078896 30.93970383175716 0.0 1.0 1.0 1 0 0 0.0 1.0 0
cell 53.12823561264374 53.07047309660782 0.0 1.0 1.0 1 0 0 0.0 1.0 0
cell 31.594625822642126 0.6593829996624789 0.0 1.6431676725154984 0.6085806194501846 1 0 0 0.8332327211870041 -0.5529224469519214 4.313327719017938
cell 28.4571039629888 11.103458661444632 0.0 1.6431676725154984 0.6085806194501846 1 0 0 0.5809979017611677 -0.8139050547509338 5.043276864259185
cell 8.718190628824301 14.27532296979993 0.0 1.6431676725154984 0.6085806194501846 1 0 0 0.9083010944235063 -0.4183170112116657 4.004775914170035
cell 19.788471008060363 37.647207017999406 0.0 1.0 1.0 1 0 0 0.0 1.0 0
cell 37.645051001145845 16.585676619673748 0.0 1.6431676725154984 0.6085806194501846 1 0 0 -0.3852192962496298 -0.9228250613182002 0.7908908930936063
cell 8.178361669010425 34.66296103254008 0.0 1.0 1.0 1 0 0 0.0 1.0 0
cell 6.625233383072244 56.572873432934195 0.0 1.6431676725154984 0.6085806194501846 1 0 0 0.24611569592581806 0.9692404573783279 0.4973412558877421
cell 19.041220900497887 26.80475630274189 0.0 1.0 1.0 1 0 0 0.0 1.0 0
cell 16.80147317171092 39.06074931893644 0.0 1.6431676725154984 0.6085806194501846 1 0 0 0.6756714978010538 -0.7372028398339772 4.799434917306004
cell 47.11918092413168 13.742391883752825 0.0 1.6431676725154984 0.6085806194501846 1 0 0 0.5307535124689696 -0.847526229093738 5.1642065255097
cell 54.95356383411023 21.249035715013544 0.0 1.0 1.0 1 0 0 0.0 1.0 0
cell 38.44895233289402 58.78660135843845 0.0 1.0 1.0 1 0 0 0.0 1.0 0
cell 40.970443763378476 51.47590187185144 0.0 1.0 1.0 1 0 0 0.0 1.0 0
cell 33.57335004322365 17.71136528345481 0.0 1.6431676725154984 0.6085806194501846 1 0 0 0.21454894197720534 0.976713239132378 0.4324599885354154
cell 51.70579921400349 29.37575801303309 0.0 1.0 1.0 1 0 0 0.0 1.0 0
cell 22.407381005756022 12.441602327068386 0.0 1.0 1.0 1 0 0 0.0 1.0 0
cell 60.61540303690157 54.12802041833489 0.0 1.6431676725154984 0.6085806194501846 1 0 0 0.5005091093065285 -0.8657312697951862 5.234811818740468
cell 41.90644645760331 42.58355053503533 0.0 1.0 1.0 1 0 0 0.0 1.0 0
cell 28.733345498968283 30.68554831922536 0.0 1.0 1.0 1 0 0 0.0 1.0 0
cell 45.789061572863545 26.099997837447926 0.0 1.0 1.0 1 0 0 0.0 1.0 0
cell 52.396373463972324 11.191718235764606 0.0 1.0 1.0 1 0 0 0.0 1.0 0
cell 53.743742199631384 9.68609322527717 0.0 1.0 1.0 1 0 0 0.0 1.0 0
cell 36.93720105142578 24.79449499024384 0.0 1.0 1.0 1 0 0 0.0 1.0 0
cell 11.060018931402256 50.13209143437993 0.0 1.6431676725154984 0.6085806194501846 1 0 0 0.37942878619832404 0.9252209445338268 0.7783576745842743
cell 4.442827348083513 49.30309781750134 0.0 1.6431676725154984 0.6085806194501846 1 0 0 -0.38480380740318526 -0.922998391010522 0.789990506138607
cell 32.175842030133055 36.40736133529486 0.0 1.0 1.0 1 0 0 0.0 1.0 0
cell 35.25059479076557 43.84533419255156 0.0 1.0 1.0 1 0 0 0.0 1.0 0
cell 56.20188173015527 12.25659916074246 0.0 1.0 1.0 1 0 0 0.0 1.0 0
cell 58.87885707108771 5.318899496117146 0.0 1.0 1.0 1 0 0 0.0 1.0 0
cell 54.369510368656144 24.436213524981394 0.0 1.0 1.0 1 0 0 0.0 1.0 0
cell 29.817097649922406 8.898990418270275 0.0 1.6431676725154984 0.6085806194501846 1 0 0 -0.309504958580144 -0.9508978286936527 0.6293447681684547
cell 49.74676852726363 29.088239811422834 0.0 1.0 1.0 1 0 0 0.0 1.0 0
cell 30.265598248286626 30.93231325287824 0.0 1.0 1.0 1 0 0 0.0 1.0 0
cell 36.810548825575516 12.40958301252955 0.0 1.0 1.0 1 0 0 0.0 1.0 0
cell 33.30478359452248 20.588565646930768 0.0 1.0 1.0 1 0 0 0.0 1.0 0
cell 42.59717740091357 16.043363061601283 0.0 1.0 1.0 1 0 0 0.0 1.0 0
cell 30.185060142974045 16.492162052315933 0.0 1.0 1.0 1 0 0 0.0 1.0 0
cell 57.443887044541476 33.01143113604976 0.0 1.0 1.0 1 0 0 0.0 1.0 0
cell 54.03095420147117 6.517899503635225 0.0 1.6431676725154984 0.6085806194501846 1 0 0 0.5674330048209476 -0.8234195680452769 5.076415281428776
cell 45.31927061050537 31.144524331558344 0.0 1.0 1.0 1 0 0 0.0 1.0 0
cell 24.579763922750942 46.53433070866648 0.0 1.6431676725154984 0.6085806194501846 1 0 0 0.8242152332408759 0.5662766543781305 1.9376299253106268
cell 41.11750833327326 60.738635390766106 0.0 1.6431676725154984 0.6085806194501846 1 0 0 -0.3422261048008491 0.939617631376103 5.584615229644179
cell 37.09501176548813 50.53166084080265 0.0 1.0 1.0 1 0 0 0.0 1.0 0
cell 29.24470345949563 58.25894904539418 0.0 1.0 1.0 1 0 0 0.0 1.0 0
cell 40.977016175445385 27.906288546796166 0.0 1.0 1.0 1 0 0 0.0 1.0 0
cell 16.325208670736632 24.988819279655953 0.0 1.0 1.0 1 0 0 0.0 1.0 0
cell 18.063010533413053 18.828888678799718 0.0 1.6431676725154984 0.6085806194501846 1 0 0 0.3821816003415644 0.9240872385009765 0.7843119273913437
cell 36.65527376904728 58.48906080966177 0.0 1.0 1.0 1 0 0 0.0 1.0 0
cell 41.96699687177329 44.21020025844325 0.0 1.0 1.0 1 0 0 0.0 1.0 0
cell 36.660677344054236 33.76869438190086 0.0 1.0 1.0 1 0 0 0.0 1.0 0
cell 48.00209882387751 18.070145921510004 0.0 1.6431676725154984 0.6085806194501846 1 0 0 0.6806831959821684 0.7325779048725813 1.4973896453224256
cell 48.54493349219628 30.64613426201692 0.0 1.0 1.0 1 0 0 0.0 1.0 0
cell 42.02630531578339 24.882928953634604 0.0 1.6431676725154984 0.6085806194501846 1 0 0 0.45216053173517146 0.8919365748420496 0.938372298009657
cell 45.465771287933556 13.312253625947122 0.0 1.0 1.0 1 0 0 0.0 1.0 0
cell 26.402771295813125 3.5377219080015756 0.0 1.6431676725154984 0.6085806194501846 1 0 0 0.2452708662819423 0.9694545900418985 0.49559816670716583
cell 34.27049136491662 45.56545359747161 0.0 1.0 1.0 1 0 0 0.0 1.0 0
cell 36.79432081127266 40.853085736478356 0.0 1.6431676725154984 0.6085806194501846 1 0 0 0.5086618818207883 0.8609663698324891 1.0672597410021196
cell 5.093145932836657 30.13170719791786 0.0 1.0 1.0 1 0 0 0.0 1.0 0
cell 0.1996364449072725 48.94481703018139 0.0 1.0 1.0 1 0 0 0.0 1.0 0
cell 21.611528335852366 14.637913878238813 0.0 1.0 1.0 1 0 0 0.0 1.0 0
cell 1.4201494376224402 12.53769478390754 0.0 1.0 1.0 1 0 0 0.0 1.0 0
cell 7.183202195300839 45.55001313453782 0.0 1.0 1.0 1 0 0 0.0 1.0 0
cell 5.45772864081774 46.264214127183564 0.0 1.0 1.0 1 0 0 0.0 1.0 0
cell 5.788482100611875 58.918845414381444 0.0 1.6431676725154984 0.6085806194501846 1 0 0 0.6280558555650381 -0.7781682609117825 4.925080657132816
cell 38.032355069062106 4.224219585396964 0.0 1.6431676725154984 0.6085806194501846 1 0 0 0.9874178145390299 -0.1581330437668423 3.4591918926503302
cell 22.59964096178053 59.49883343069004 0.0 1.6431676725154984 0.6085806194501846 1 0 0 0.32872711197195637 0.9444249498263887 0.6699109336788813
cell 15.831490376586796 31.865878081945826 0.0 1.0 1.0 1 0 0 0.0 1.0 0
cell 57.54473192114695 10.904606267440787 0.0 1.0 1.0 1 0 0 0.0 1.0 0
cell 4.510801800298331 18.37718210091482 0.0 1.0 1.0 1 0 0 0.0 1.0 0
cell 58.96974055656039 45.90428701983297 0.0 1.0 1.0 1 0 0 0.0 1.0 0
cell 1.7059889194842737 31.90094910667769 0.0 1.0 1.0 1 0 0 0.0 1.0 0
cell 41.73284293821445 37.02847643161056 0.0 1.0 1.0 1 0 0 0.0 1.0 0
cell 32.43796212181242 18.437410138176237 0.0 1.6431676725154984 0.6085806194501846 1 0 0 0.33362458733233274 0.9427060171269359 0.6802916956954647
cell 42.120383288958344 14.25997846742382 0.0 1.0 1.0 1 0 0 0.0 1.0 0
cell 11.599397339791274 21.490046473709832 0.0 1.0 1.0 1 0 0 0.0 1.0 0
cell 24.406594844665214 3.9676602904410365 0.0 1.0 1.0 1 0 0 0.0 1.0 0
cell 54.23927304172174 41.9615377768604 0.0 1.0 1.0 1 0 0 0.0 1.0 0
cell 54.300459193079504 19.337037467316392 0.0 1.0 1.0 1 0 0 0.0 1.0 0
cell 22.1194227003693 8.519849675069324 0.0 1.0 1.0 1 0 0 0.0 1.0 0
cell 21.051788956503117 26.860220387723796 0.0 1.0 1.0 1 0 0 0.0 1.0 0
cell 27.52043158231038 33.231776568414425 0.0 1.6431676725154984 0.6085806194501846 1 0 0 0.7666832494691151 -0.642025540756346 4.535867263905286
cell 19.342456087151266 5.20867827461157 0.0 1.6431676725154984 0.6085806194501846 1 0 0 0.8250325521814271 0.565085204054221 1.9405196065996886
cell 16.420812228939727 53.57866131956828 0.0 1.6431676725154984 0.6085806194501846 1 0 0 0.928442233957324 0.3714768070880518 2.380394364643576
cell 23.901055081394635 24.855191460792902 0.0 1.6431676725154984 0.6085806194501846 1 0 0 0.894160559695623 -0.44774646116391614 4.070079573028442
cell 25.597876709220138 34.07306543548676 0.0 1.6431676725154984 0.6085806194501846 1 0 0 0.7484259114023011 -0.6632184068175694 4.591814345753819
cell 54.87031657225292 37.20287116154632 0.0 1.0 1.0 1 0 0 0.0 1.0 0
cell 51.119945558002044 55.70942879355492 0.0 1.0 1.0 1 0 0 0.0 1.0 0
cell 42.67531068687989 9.394208343949098 0.0 1.0 1.0 1 0 0 0.0 1.0 0
cell 50.9808647160069 20.202669901237527 0.0 1.0 1.0 1 0 0 0.0 1.0 0
cell 55.89797062459602 43.114045716722735 0.0 1.0 1.0 1 0 0 0.0 1.0 0
cell 18.274389678659404 53.56325648976654 0.0 1.6431676725154984 0.6085806194501846 1 0 0 0.9647652728130018 0.26311208329161556 2.60909958906921
cell 16.04179956618772 23.283581513171 0.0 1.6431676725154984 0.6085806194501846 1 0 0 0.9549574455041787 -0.29674277965290685 3.7441526215664207
cell 22.596684011778475 26.0147298918422 0.0 1.0 1.0 1 0 0 0.0 1.0 0
cell 45.801647202058945 57.787755434977704 0.0 1.0 1.0 1 0 0 0.0 1.0 0
cell 40.754363854779804 49.60731634926914 0.0 1.0 1.0 1 0 0 0.0 1.0 0
cell 60.45186068906501 28.044400729160692 0.0 1.6431676725154984 0.6085806194501846 1 0 0 0.17984566907065316 0.9836948385127011 0.3616591199309086
cell 48.38300697196518 45.63083825145104 0.0 1.0 1.0 1 0 0 0.0 1.0 0
cell 34.323427543871 13.968173297575673 0.0 1.6431676725154984 0.6085806194501846 1 0 0 0.4178514785371861 0.9085153503845091 0.8621583190334576
cell 54.12124674346454 31.604565096613296 0.0 1.0 1.0 1 0 0 0.0 1.0 0
cell 33.30349019128992 43.7872202123266 0.0 1.0 1.0 1 0 0 0.0 1.0 0
cell 51.4594474643233 48.0865468951355 0.0 1.0 1.0 1 0 0 0.0 1.0 0
cell 9.781998812516028 43.06920652448145 0.0 1.6431676725154984 0.6085806194501846 1 0 0 0.7740244458536257 0.6331557132498985 1.770345719568435
cell 59.51557125956919 37.45100488578315 0.0 1.0 1.0 1 0 0 0.0 1.0 0
cell 8.11348471105669 28.652557880631107 0.0 1.0 1.0 1 0 0 0.0 1.0 0
cell 28.877037823773097 23.956044864739123 0.0 1.0 1.0 1 0 0 0.0 1.0 0
cell 4.892086763803347 42.747248748516895 0.0 1.0 1.0 1 0 0 0.0 1.0 0
cell 31.671143663821546 21.717330282247413 0.0 1.0 1.0 1 0 0 0.0 1.0 0
cell 44.71536453610231 36.05750183453789 0.0 1.0 1.0 1 0 0 0.0 1.0 0
cell 56.7989611407339 14.186315606246126 0.0 1.0 1.0 1 0 0 0.0 1.0 0
cell 45.48617873033647 1.4193424197988813 0.0 1.0 1.0 1 0 0 0.0 1.0 0
cell 59.77806581210854 26.32953156122448 0.0 1.0 1.0 1 0 0 0.0 1.0 0
cell 9.698451552637778 35.59531542364703 0.0 1.0 1.0 1 0 0 0.0 1.0 0
cell 2.536919003765428 5.696789614115338 0.0 1.6431676725154984 0.6085806194501846 1 0 0 0.7890435207021287 0.6143373034726033 1.8185010167995774
cell 46.08856849607041 40.23525196270299 0.0 1.0 1.0 1 0 0 0.0 1.0 0
cell 16.966800058989207 26.850887791487573 0.0 1.0 1.0 1 0 0 0.0 1.0 0
cell 39.32961667511074 33.71596366946287 0.0 1.6431676725154984 0.6085806194501846 1 0 0 0.6685906853262074 0.7436306176422757 1.4646239756926627
cell 28.18970989990751 44.975946023270176 0.0 1.6431676725154984 0.6085806194501846 1 0 0 0.14450613858055536 0.9895039039400185 0.2900277085438602
cell 9.65111265175459 39.7713583142686 0.0 1.0 1.0 1 0 0 0.0 1.0 0
cell 34.254431920002155 22.83984036106482 0.0 1.6431676725154984 0.6085806194501846 1 0 0 -0.3505471315436511 -0.9365450915820969 0.7163104837003127
cell 55.272354979449865 1.1148617518757804 0.0 1.6431676725154984 0.6085806194501846 1 0 0 0.9481496441743117 -0.3178242474263505 3.788460386816889
cell 55.94495435738838 41.09561418836806 0.0 1.0 1.0 1 0 0 0.0 1.0 0
cell 46.33031340487418 11.829345999066202 0.0 1.6431676725154984 0.6085806194501846 1 0 0 0.13389223241888584 0.9909958981236436 0.26859109029618
cell 34.543363732792635 3.5369784847550036 0.0 1.6431676725154984 0.6085806194501846 1 0 0 0.8673780662647125 -0.4976497665656923 4.183366811941615
cell 26.62627839381855 35.84171249354029 0.0 1.6431676725154984 0.6085806194501846 1 0 0 0.613846814543474 -0.7894251631882719 4.961336619124048
cell 14.409854486103193 47.29077188793377 0.0 1.6431676725154984 0.6085806194501846 1 0 0 0.48848534357133055 -0.8725720996662678 5.262479196474097
cell 12.720530618484506 18.388800635212096 0.0 1.0 1.0 1 0 0 0.0 1.0 0
cell 2.101922592341396 53.533080712553165 0.0 1.0 1.0 1 0 0 0.0 1.0 0
cell 41.400714073216214 19.61043797706185 0.0 1.6431676725154984 0.6085806194501846 1 0 0 0.5967208803665428 0.8024488712276803 1.2788169578498427
cell 2.1978353971984412 45.466084181573855 0.0 1.0 1.0 1 0 0 0.0 1.0 0
cell 32.870089597791285 26.71834613387297 0.0 1.0 1.0 1 0 0 0.0 1.0 0
cell 24.384925748105275 50.36859391846377 0.0 1.6431676725154984 0.6085806194501846 1 0 0 0.6249915436018103 0.7806315202617855 1.3502414002491387
cell 41.72494333215364 6.484621458415825 0.0 1.6431676725154984 0.6085806194501846 1 0 0 0.8794653054339461 -0.47596299912700774 4.133710033976858
cell 47.4895569456696 39.345413000345914 0.0 1.0 1.0 1 0 0 0.0 1.0 0
cell 50.83354460014482 33.686519305339175 0.0 1.0 1.0 1 0 0 0.0 1.0 0
cell 19.31465952103247 2.1830295546342904 0.0 1.0 1.0 1 0 0 0.0 1.0 0
cell 34.34221536424175 53.592734896083485 0.0 1.0 1.0 1 0 0 0.0 1.0 0
cell 26.841535012063268 13.476728948057067 0.0 1.6431676725154984 0.6085806194501846 1 0 0 0.5595128827244972 -0.8288216539553748 5.095589385859353
cell 42.613628789718994 0.190435898740711 0.0 1.0 1.0 1 0 0 0.0 1.0 0
cell 54.812557949833824 56.47574833979518 0.0 1.0 1.0 1 0 0 0.0 1.0 0
cell 4.699743525112432 20.3479850171994 0.0 1.0 1.0 1 0 0 0.0 1.0 0
cell 18.289947880762462 40.63503292227434 0.0 1.6431676725154984 0.6085806194501846 1 0 0 0.8273914784031923 -0.561625623939809 4.334291155074459
cell 44.35599665765234 27.378306391242894 0.0 1.0 1.0 1 0 0 0.0 1.0 0
cell 39.79534892399636 38.25369612446936 0.0 1.6431676725154984 0.6085806194501846 1 0 0 0.6122058184722362 0.7906984481006267 1.3176945941110925
cell 14.299987353410115 42.528322368672406 0.0 1.6431676725154984 0.6085806194501846 1 0 0 0.8583837775023434 0.5130080803659991 2.064221675397734
cell 39.91275579591357 18.708006683354302 0.0 1.6431676725154984 0.6085806194501846 1 0 0 0.4908675942160166 0.871234184905861 1.0261705919010813
cell 25.520672188886053 27.634738166760282 0.0 1.6431676725154984 0.6085806194501846 1 0 0 0.827525044382098 -0.561428803073379 4.333815431102181
cell 51.25045099816181 35.56500272705086 0.0 1.0 1.0 1 0 0 0.0 1.0 0
cell 40.05074387420832 1.8323624520314288 0.0 1.6431676725154984 0.6085806194501846 1 0 0 0.8857087051971014 -0.4642414129933628 4.107148541961888
cell 37.46084669904725 10.638419896232245 0.0 1.0 1.0 1 0 0 0.0 1.0 0
cell 21.021035449263415 49.504584801524395 0.0 1.6431676725154984 0.6085806194501846 1 0 0 0.3185283968585018 0.9479133190301489 0.6483532311529439
cell 21.383089413735107 38.4631491254158 0.0 1.0 1.0 1 0 0 0.0 1.0 0
cell 33.18271233370121 14.459432201476824 0.0 1.6431676725154984 0.6085806194501846 1 0 0 -0.41403286179193843 -0.9102619344762131 0.8537601250026032
cell 14.485995945416763 19.356587636813376 0.0 1.0 1.0 1 0 0 0.0 1.0 0
cell 37.84287407104102 19.609422613346144 0.0 1.6431676725154984 0.6085806194501846 1 0 0 -0.14384242170628264 0.9896006051522361 5.994499047450261
cell 38.951606387764905 47.9425506767922 0.0 1.0 1.0 1 0 0 0.0 1.0 0
cell 55.53130954057755 45.076901903348464 0.0 1.0 1.0 1 0 0 0.0 1.0 0
cell 4.369327869536793 31.662432289062984 0.0 1.0 1.0 1 0 0 0.0 1.0 0
cell 17.140316443096935 30.69203522158464 0.0 1.0 1.0 1 0 0 0.0 1.0 0
cell 28.27996469108304 48.33626920746438 0.0 1.0 1.0 1 0 0 0.0 1.0 0
cell 53.8112808328261 17.39655626355492 0.0 1.0 1.0 1 0 0 0.0 1.0 0
cell 20.227815942245456 54.105785250147804 0.0 1.6431676725154984 0.6085806194501846 1 0 0 0.9972563670331888 0.07402525522931926 2.9934065956086755
cell 45.24659798516297 8.632525907786983 0.0 1.6431676725154984 0.6085806194501846 1 0 0 0.9464276777617655 -0.32291585709975856 3.799210219735325
cell 22.7223108852295 49.58297527382877 0.0 1.6431676725154984 0.6085806194501846 1 0 0 0.4302332937045662 0.9027177371626861 0.8895023917091965
cell 44.449116408755295 16.588107080013387 0.0 1.0 1.0 1 0 0 0.0 1.0 0
cell 41.236174770603974 53.4573350888568 0.0 1.0 1.0 1 0 0 0.0 1.0 0
cell 31.663808227533004 58.190057379261724 0.0 1.6431676725154984 0.6085806194501846 1 0 0 0.9623882833534815 -0.2716777356794977 3.6918644694815166
cell 15.455788455102791 9.900440289076242 0.0 1.6431676725154984 0.6085806194501846 1 0 0 0.87680009372305 0.48085506719514853 2.1383333229757064
cell 44.01199423117703 58.24137522249676 0.0 1.0 1.0 1 0 0 0.0 1.0 0
cell 60.27765630540477 47.3661795953677 0.0 1.0 1.0 1 0 0 0.0 1.0 0
cell 31.316621500808413 3.1094069293929016 0.0 1.6431676725154984 0.6085806194501846 1 0 0 0.6841288975552184 0.7293611255954634 1.5068173851139826
cell 35.61536756924718 16.072752062768156 0.0 1.6431676725154984 0.6085806194501846 1 0 0 -0.3386170022669594 -0.9409242933285005 0.6908933582761367
cell 56.70797825402999 55.97368342795415 0.0 1.0 1.0 1 0 0 0.0 1.0 0
cell 29.80071586935919 12.20909825119659 0.0 1.6431676725154984 0.6085806194501846 1 0 0 0.6032344864542661 0.7975638873170335 1.2951007532643042
cell 45.093406796188006 7.292777607529158 0.0 1.6431676725154984 0.6085806194501846 1 0 0 0.9510931344932029 -0.30890427242091406 3.76967414311837
cell 5.538895845021873 7.188667171219825 0.0 1.6431676725154984 0.6085806194501846 1 0 0 0.48319351548493805 0.8755135787600938 1.0085972947887794
cell 26.91041030904896 30.01065951552655 0.0 1.6431676725154984 0.6085806194501846 1 0 0 0.7451914707739667 -0.6668505618845442 4.601541463155292
cell 49.430301341082895 34.677272562008035 0.0 1.0 1.0 1 0 0 0.0 1.0 0
cell 29.905973675859283 33.837227648378885 0.0 1.0 1.0 1 0 0 0.0 1.0 0
cell 53.399679109349584 1.7985616345977222 0.0 1.6431676725154984 0.6085806194501846 1 0 0 0.9478374050688727 -0.31875422123056785 3.7904223701120996
cell 23.40018186385692 6.577512710345531 0.0 1.6431676725154984 0.6085806194501846 1 0 0 0.9153007839867322 -0.4027709955213674 3.970677157649729
cell 55.41593861829117 50.610129381030745 0.0 1.0 1.0 1 0 0 0.0 1.0 0
cell 24.00829247043036 13.35950123718285 0.0 1.6431676725154984 0.6085806194501846 1 0 0 -0.23794312501524845 0.9712790892724799 5.802690101837625
cell 22.468403767569104 33.166163750850906 0.0 1.0 1.0 1 0 0 0.0 1.0 0
cell 1.249197071545987 33.80675619077296 0.0 1.0 1.0 1 0 0 0.0 1.0 0
cell 31.84237326391444 34.2720968967864 0.0 1.0 1.0 1 0 0 0.0 1.0 0
cell 17.300052474016862 51.32416623287218 0.0 1.6431676725154984 0.6085806194501846 1 0 0 0.3757420634319033 0.9267242857333219 0.770394765452814
cell 39.61247262643064 41.036995966247694 0.0 1.0 1.0 1 0 0 0.0 1.0 0
cell 8.219522279636083 46.870864529041874 0.0 1.6431676725154984 0.6085806194501846 1 0 0 0.9999030360691973 -0.013925460839824974 3.1694444754826394
cell 47.908963644034486 51.54499327945675 0.0 1.0 1.0 1 0 0 0.0 1.0 0
cell 30.740996488974435 41.62953180103461 0.0 1.0 1.0 1 0 0 0.0 1.0 0
cell 11.281516614518914 36.79538939501642 0.0 1.0 1.0 1 0 0 0.0 1.0 0
cell 46.69568633940063 46.47646256880237 0.0 1.0 1.0 1 0 0 0.0 1.0 0
cell 46.73486144340283 22.998386500932074 0.0 1.0 1.0 1 0 0 0.0 1.0 0
cell 13.648315047552282 38.94663978742455 0.0 1.6431676725154984 0.6085806194501846 1 0 0 0.44574075698174387 0.8951620956929208 0.9240032041375799
cell 47.546852784146125 4.029921483141684 0.0 1.0 1.0 1 0 0 0.0 1.0 0
cell 49.518041297806825 11.802185823205393 0.0 1.6431676725154984 0.6085806194501846 1 0 0 0.8084057786033926 -0.5886256001234084 4.400307953985516
cell 26.782810890396608 23.761883314816288 0.0 1.0 1.0 1 0 0 0.0 1.0 0
cell 2.1488425235736943 1.9182849871263248 0.0 1.6431676725154984 0.6085806194501846 1 0 0 0.5175715555355966 0.8556399271308363 1.08802068945216
cell 57.64526869167806 23.62745117711812 0.0 1.0 1.0 1 0 0 0.0 1.0 0
cell 0.14327240236808306 32.42045087697332 0.0 1.0 1.0 1 0 0 0.0 1.0 0
cell 40.81631276303752 39.60391640987462 0.0 1.6431676725154984 0.6085806194501846 1 0 0 0.7654739142349881 0.6434669273752661 1.7435550188852993
cell 4.0232907100074895 44.96488783585518 0.0 1.0 1.0 1 0 0 0.0 1.0 0
cell 54.15564945118462 33.36668745841123 0.0 1.0 1.0 1 0 0 0.0 1.0 0
cell 3.244657007978688 56.91986653260196 0.0 1.6431676725154984 0.6085806194501846 1 0 0 0.9490977658740817 -0.31498163567552134 3.782467263076256
cell 33.74526613605949 11.318213307240608 0.0 1.0 1.0 1 0 0 0.0 1.0 0
cell 61.05487852378113 41.956160116993644 0.0 1.0 1.0 1 0 0 0.0 1.0 0
cell 50.694367012398075 40.6190926517682 0.0 1.0 1.0 1 0 0 0.0 1.0 0
cell 12.757611513762802 32.10322166204957 0.0 1.0 1.0 1 0 0 0.0 1.0 0
cell 51.9453116719093 26.085106449865105 0.0 1.6431676725154984 0.6085806194501846 1 0 0 0.5828475740177919 0.8125815069650396 1.24445731901391
cell 32.12257285333927 45.314765244707786 0.0 1.0 1.0 1 0 0 0.0 1.0 0
cell 17.463648314272998 16.17415100615741 0.0 1.6431676725154984 0.6085806194501846 1 0 0 0.6288598056048932 0.7775187103180063 1.3601717753313671
cell 47.59908890585351 8.618406608765074 0.0 1.6431676725154984 0.6085806194501846 1 0 0 0.9349624797257505 -0.3547466159177218 3.866878740467328
cell 30.328307609619795 22.93651230522359 0.0 1.6431676725154984 0.6085806194501846 1 0 0 0.7664518735149873 -0.6423017402945176 4.536587877583866
cell 53.50422519424287 57.77711916934269 0.0 1.0 1.0 1 0 0 0.0 1.0 0
cell 27.390696619538566 9.515073430335198 0.0 1.6431676725154984 0.6085806194501846 1 0 0 0.9928861458094126 0.11906763397216685 2.902891087367361
cell 32.12893807060813 4.876369237616021 0.0 1.6431676725154984 0.6085806194501846 1 0 0 0.7391261294487825 0.6735670454869817 1.6635441118340308
cell 30.150218868860332 2.861720415317466 0.0 1.6431676725154984 0.6085806194501846 1 0 0 0.6244392154066 0.781073406449349 1.3488267202728266
cell 50.80548045732911 23.756676112078207 0.0 1.6431676725154984 0.6085806194501846 1 0 0 0.6389526190335665 0.7692460923723604 1.3862718525348776
cell 20.171905087631085 17.43944221789724 0.0 1.6431676725154984 0.6085806194501846 1 0 0 0.7235127532937337 0.6903110138345765 1.6177549914681413
cell 8.637070552659363 41.47427085905723 0.0 1.0 1.0 1 0 0 0.0 1.0 0
cell 45.25377969097333 59.5105800288007 0.0 1.0 1.0 1 0 0 0.0 1.0 0
cell 14.963894935724944 56.43020157055614 0.0 1.6431676725154984 0.6085806194501846 1 0 0 0.060899442968834705 -0.9981439063812821 6.161311008538079
cell 58.64624856732454 28.260411546428124 0.0 1.6431676725154984 0.6085806194501846 1 0 0 0.1867547241516823 0.9824065721517894 0.375715417544457
cell 25.90587108484205 41.315098588041465 0.0 1.0 1.0 1 0 0 0.0 1.0 0
cell 23.289496502533645 20.16844283238093 0.0 1.0 1.0 1 0 0 0.0 1.0 0
cell 46.311127887424256 60.751542646806435 0.0 1.0 1.0 1 0 0 0.0 1.0 0
cell 32.0695950580923 30.735420758343793 0.0 1.0 1.0 1 0 0 0.0 1.0 0
cell 59.492981948286996 24.34301911081674 0.0 1.0 1.0 1 0 0 0.0 1.0 0
cell 39.17755012298211 16.264277999855423 0.0 1.0 1.0 1 0 0 0.0 1.0 0
cell 43.46150580612634 30.490991600826334 0.0 1.0 1.0 1 0 0 0.0 1.0 0
cell 5.3146146808493935 10.809466115112844 0.0 1.6431676725154984 0.6085806194501846 1 0 0 0.8407166624310968 -0.5414752935367572 4.285974502500169
cell 7.927204466933126 15.8653115788271 0.0 1.0 1.0 1 0 0 0.0 1.0 0
cell 2.6738208050364896 33.1310065569804 0.0 1.6431676725154984 0.6085806194501846 1 0 0 0.8085245466169242 0.5884624520884041 1.8832809526118213
cell 57.31431625942346 44.55251538603602 0.0 1.0 1.0 1 0 0 0.0 1.0 0
cell 42.92734061835153 19.702330488956946 0.0 1.0 1.0 1 0 0 0.0 1.0 0
cell 53.63637729024419 29.921706601842786 0.0 1.0 1.0 1 0 0 0.0 1.0 0
cell 59.98487703720521 20.59113416881028 0.0 1.0 1.0 1 0 0 0.0 1.0 0
cell 32.455385687913214 23.41217843895535 0.0 1.0 1.0 1 0 0 0.0 1.0 0
cell 29.926409200990644 7.494370616609335 0.0 1.6431676725154984 0.6085806194501846 1 0 0 -0.34970714846556833 -0.9368590664086466 0.7145169934527109
cell 29.87399077885549 5.1765421401670055 0.0 1.6431676725154984 0.6085806194501846 1 0 0 0.6492040314433315 0.7606143080153869 1.4130749751613825
cell 49.697848095661776 52.53778762525139 0.0 1.0 1.0 1 0 0 0.0 1.0 0
cell 21.737892741370622 3.5515869671744302 0.0 1.6431676725154984 0.6085806194501846 1 0 0 0.9996849428118785 0.02510010189643339 3.091387177154097
cell 44.80562914053138 5.794277256502336 0.0 1.0 1.0 1 0 0 0.0 1.0 0
cell 50.32163867050363 38.59993086210801 0.0 1.0 1.0 1 0 0 0.0 1.0 0
cell 38.90130710329066 27.647145915618935 0.0 1.0 1.0 1 0 0 0.0 1.0 0
cell 30.837571368442106 14.912600094541318 0.0 1.6431676725154984 0.6085806194501846 1 0 0 0.4475485639575432 0.8942596283515996 0.9280443004011592
cell 32.777095302259696 38.3239350098324 0.0 1.0 1.0 1 0 0 0.0 1.0 0
cell 31.32429367135569 19.17725813649719 0.0 1.6431676725154984 0.6085806194501846 1 0 0 -0.30841841645801576 -0.9512507978391029 0.6270598951805164
cell 59.253286229031914 49.43167448012333 0.0 1.0 1.0 1 0 0 0.0 1.0 0
cell 28.923193990883295 35.0956693850802 0.0 1.6431676725154984 0.6085806194501846 1 0 0 0.8191413934292666 -0.5735916470545569 4.363360267907908
cell 37.075566316969464 26.792634126244856 0.0 1.0 1.0 1 0 0 0.0 1.0 0
cell 40.58753117503251 3.9693368805623503 0.0 1.6431676725154984 0.6085806194501846 1 0 0 0.9282498572699343 -0.37195725894025333 3.9038260131193296
cell 16.47330665622147 19.488943652985117 0.0 1.0 1.0 1 0 0 0.0 1.0 0
cell 6.5945460201227615 38.28506510441713 0.0 1.0 1.0 1 0 0 0.0 1.0 0
cell 37.37600293018104 8.02278177946389 0.0 1.0 1.0 1 0 0 0.0 1.0 0
cell 36.92542397781249 48.61156789290107 0.0 1.0 1.0 1 0 0 0.0 1.0 0
cell 11.421174985408225 53.07961807123852 0.0 1.6431676725154984 0.6085806194501846 1 0 0 0.7934385127368266 0.608650414035818 1.8328755621934893
cell 59.09910503284963 33.03538536039089 0.0 1.0 1.0 1 0 0 0.0 1.0 0
cell 49.889481420620555 46.88535634724444 0.0 1.0 1.0 1 0 0 0.0 1.0 0
cell 18.442236344345755 50.0120012498449 0.0 1.6431676725154984 0.6085806194501846 1 0 0 0.3160722443769374 0.9487351244338567 0.6431732493444473
cell 26.645628982469763 11.80228110220311 0.0 1.6431676725154984 0.6085806194501846 1 0 0 0.4262700150512997 -0.904595972944919 5.402454546600435
cell 53.657957732407866 60.33370832011062 0.0 1.6431676725154984 0.6085806194501846 1 0 0 0.9839402983600046 -0.17849786907194448 3.500511835078551
cell 55.79273768067471 32.241220234024595 0.0 1.0 1.0 1 0 0 0.0 1.0 0
cell 35.498600215262385 47.181914818052206 0.0 1.0 1.0 1 0 0 0.0 1.0 0
cell 49.197738932127436 19.64999829342242 0.0 1.6431676725154984 0.6085806194501846 1 0 0 0.684449827779783 0.7290599654707597 1.5076975978902523
cell 38.58826396918919 30.549202138006656 0.0 1.6431676725154984 0.6085806194501846 1 0 0 0.6191693875814807 0.7852574542670538 1.3353690069032018
cell 24.190562636218697 40.62851634868557 0.0 1.0 1.0 1 0 0 0.0 1.0 0
cell 8.27677462910365 38.55231319213968 0.0 1.0 1.0 1 0 0 0.0 1.0 0
cell 40.64318398108186 59.14122924763555 0.0 1.0 1.0 1 0 0 0.0 1.0 0
cell 40.86933518328481 47.70002222362679 0.0 1.0 1.0 1 0 0 0.0 1.0 0
cell 30.31935856830889 48.44456965730535 0.0 1.0 1.0 1 0 0 0.0 1.0 0
cell 45.30781913487153 24.271874666881292 0.0 1.0 1.0 1 0 0 0.0 1.0 0
cell 53.04089752076413 13.13463634363179 0.0 1.0 1.0 1 0 0 0.0 1.0 0
cell 45.21465875521654 37.973790741915735 0.0 1.0 1.0 1 0 0 0.0 1.0 0
cell 44.40729726446671 0.16559001848057553 0.0 1.0 1.0 1 0 0 0.0 1.0 0
cell 40.7261485293045 33.18517800628184 0.0 1.0 1.0 1 0 0 0.0 1.0 0
cell 52.62895939490052 34.46984593459731 0.0 1.0 1.0 1 0 0 0.0 1.0 0
cell 22.57286108350459 41.687129122941485 0.0 1.0 1.0 1 0 0 0.0 1.0 0
cell 14.505670254116101 23.614031595430134 0.0 1.0 1.0 1 0 0 0.0 1.0 0
cell 19.939024520217487 57.9549605630532 0.0 1.6431676725154984 0.6085806194501846 1 0 0 0.3184869921859238 0.9479272312832685 0.6482658721763367
cell 43.67308533139253 1.9866316529039412 0.0 1.0 1.0 1 0 0 0.0 1.0 0
cell 46.09003292374495 4.809714044160305 0.0 1.0 1.0 1 0 0 0.0 1.0 0
cell 22.608341980505152 0.191686524915925 0.0 1.0 1.0 1 0 0 0.0 1.0 0
cell 20.09826702391821 28.49412365043231 0.0 1.0 1.0 1 0 0 0.0 1.0 0
cell 50.13052674714666 6.77532712625553 0.0 1.0 1.0 1 0 0 0.0 1.0 0
cell 33.55219444648332 24.82700562879553 0.0 1.0 1.0 1 0 0 0.0 1.0 0
cell 29.043719616407678 52.6879185704245 0.0 1.6431676725154984 0.6085806194501846 1 0 0 -0.11565403482903663 0.9932895570918704 6.05135845154203
cell 24.860677732349167 58.30566496655701 0.0 1.6431676725154984 0.6085806194501846 1 0 0 0.5299925284386704 0.8480023111992002 1.1171835090782007
cell 11.22839787568762 46.27638560479549 0.0 1.6431676725154984 0.6085806194501846 1 0 0 0.9445856394869183 0.3282650905519648 2.4726600551587765
cell 58.70827470037407 51.36587954771948 0.0 1.0 1.0 1 0 0 0.0 1.0 0
cell 57.26489264924659 34.82968973282727 0.0 1.0 1.0 1 0 0 0.0 1.0 0
cell 28.099852276698122 42.102539526278484 0.0 1.6431676725154984 0.6085806194501846 1 0 0 -0.6990317833349297 0.7150905997757123 4.7351000644805055
cell 59.21793859536362 14.614941500550067 0.0 1.0 1.0 1 0 0 0.0 1.0 0
cell 44.3816198065034 34.27012353350838 0.0 1.0 1.0 1 0 0 0.0 1.0 0
cell 4.976527727153492 22.320024784410855 0.0 1.0 1.0 1 0 0 0.0 1.0 0
cell 24.370337866883165 59.78012946032565 0.0 1.6431676725154984 0.6085806194501846 1 0 0 0.4377606551399099 0.899091546401965 0.9062129674910052
cell 28.6967937066765 60.12327008492803 0.0 1.6431676725154984 0.6085806194501846 1 0 0 0.484470625770467 0.8748075289831313 1.0115158679654233
cell 23.425630026191932 9.194214066799791 0.0 1.6431676725154984 0.6085806194501846 1 0 0 -0.43681289613283975 0.8995523852294768 5.379080058515384
cell 54.40947806380217 35.27248836162128 0.0 1.0 1.0 1 0 0 0.0 1.0 0
cell 52.72691954998141 0.07211069450894811 0.0 1.6431676725154984 0.6085806194501846 1 0 0 0.9474766567649494 -0.31982492849294003 3.7926820634685345
cell 24.12706537547751 16.539387040491242 0.0 1.6431676725154984 0.6085806194501846 1 0 0 0.6079223012991757 -0.7939965211404357 4.976302905506121
cell 42.74002720355941 46.762279637714926 0.0 1.0 1.0 1 0 0 0.0 1.0 0
cell 28.80169223920159 1.3231592452737106 0.0 1.6431676725154984 0.6085806194501846 1 0 0 0.5863063867357428 0.8100893906680161 1.2529835272169572
cell 23.475079500694203 29.810708494298556 0.0 1.0 1.0 1 0 0 0.0 1.0 0
cell 25.09770788236909 6.545020413104463 0.0 1.6431676725154984 0.6085806194501846 1 0 0 0.7499981313409211 -0.6614399466203462 4.587066799501526
cell 15.9331359075335 33.83931648551023 0.0 1.0 1.0 1 0 0 0.0 1.0 0
cell 30.66878761624464 37.739098805925 0.0 1.0 1.0 1 0 0 0.0 1.0 0
cell 11.334842645363093 10.820607579160535 0.0 1.6431676725154984 0.6085806194501846 1 0 0 -0.2609990546651517 -0.9653390562200916 0.5281139690478609
cell 14.888559783116033 37.20780631648833 0.0 1.0 1.0 1 0 0 0.0 1.0 0
cell 10.772719899058227 56.947574605117005 0.0 1.6431676725154984 0.6085806194501846 1 0 0 0.5430212644841239 -0.8397189448369395 5.135123530268334
cell 41.121416650067374 35.102858960918546 0.0 1.0 1.0 1 0 0 0.0 1.0 0
cell 58.17792037528261 20.48857624425303 0.0 1.0 1.0 1 0 0 0.0 1.0 0
cell 25.806913332410137 10.758050876086921 0.0 1.0 1.0 1 0 0 0.0 1.0 0
cell 3.3783308236056437 25.39838299151436 0.0 1.0 1.0 1 0 0 0.0 1.0 0
cell 54.84010023690566 13.583458609894565 0.0 1.0 1.0 1 0 0 0.0 1.0 0
cell 48.610428013397936 23.901132546211105 0.0 1.6431676725154984 0.6085806194501846 1 0 0 0.5080305994424541 0.861339021541542 1.0657936076363979
cell 42.904108176341424 28.5897867215501 0.0 1.0 1.0 1 0 0 0.0 1.0 0
cell 15.536773459831913 39.47175280311328 0.0 1.6431676725154984 0.6085806194501846 1 0 0 0.784913171624677 0.619605772253689 1.8051119594501168
cell 51.92173000671608 16.815143962082153 0.0 1.0 1.0 1 0 0 0.0 1.0 0
cell 33.05685599167071 47.0089315737047 0.0 1.0 1.0 1 0 0 0.0 1.0 0
cell 16.08073010877763 7.250362648948623 0.0 1.6431676725154984 0.6085806194501846 1 0 0 -0.8394748969529507 -0.5433984701725177 1.9926323367419077
cell 33.59192916865191 40.23958594103439 0.0 1.0 1.0 1 0 0 0.0 1.0 0
cell 11.363154810976111 40.50905073097057 0.0 1.6431676725154984 0.6085806194501846 1 0 0 0.9632697115191404 0.2685357757726741 2.597847348899964
cell 32.99193373838785 49.31838477573568 0.0 1.6431676725154984 0.6085806194501846 1 0 0 0.8521405544182962 -0.5233129804578508 4.243060980729757
cell 40.118921708364255 5.9863192981793 0.0 1.0 1.0 1 0 0 0.0 1.0 0
cell 4.992957446764378 26.261620892199122 0.0 1.0 1.0 1 0 0 0.0 1.0 0
cell 56.88274003292867 39.48962117382497 0.0 1.0 1.0 1 0 0 0.0 1.0 0
cell 31.794172744812542 8.530652988759583 0.0 1.0 1.0 1 0 0 0.0 1.0 0
cell 19.866723136567003 51.86177974938748 0.0 1.6431676725154984 0.6085806194501846 1 0 0 0.173156001945791 0.9848944100715311 0.348066357744351
cell 0.4622035143758027 7.2993938783575905 0.0 1.6431676725154984 0.6085806194501846 1 0 0 0.8912465008098297 0.45351921105310883 2.200172594363555
cell 0.8699958152055575 35.43459232974795 0.0 1.0 1.0 1 0 0 0.0 1.0 0
cell 29.436804774612405 46.71102254705575 0.0 1.0 1.0 1 0 0 0.0 1.0 0
cell 20.74146957807016 56.72000720325697 0.0 1.6431676725154984 0.6085806194501846 1 0 0 0.5591175305828874 0.8290884072250039 1.1866420646705325
cell 34.81045232522481 5.79366584356014 0.0 1.6431676725154984 0.6085806194501846 1 0 0 0.8981666964027041 -0.43965507556839684 4.052021864872087
cell 38.64030535182998 35.50587607680243 0.0 1.6431676725154984 0.6085806194501846 1 0 0 0.5270154473081612 0.849855704398446 1.1101697822479837
cell 46.60280942102697 21.133057492478315 0.0 1.0 1.0 1 0 0 0.0 1.0 0
cell 55.508697383703996 16.61847488447184 0.0 1.6431676725154984 0.6085806194501846 1 0 0 0.9913571878285313 -0.13119041939374249 3.4047320181135206
cell 50.566786738707435 25.772051272809723 0.0 1.6431676725154984 0.6085806194501846 1 0 0 0.48543223590070556 0.8742742958296565 1.0137149875714067
cell 59.81343732853891 16.31768791243308 0.0 1.0 1.0 1 0 0 0.0 1.0 0
cell 54.139314931867446 43.880871963246285 0.0 1.0 1.0 1 0 0 0.0 1.0 0
cell 27.251751190471577 39.9178578672454 0.0 1.6431676725154984 0.6085806194501846 1 0 0 0.7212646566872445 -0.6926595809009152 4.671932535310044
cell 24.355585686716125 35.694625458466895 0.0 1.0 1.0 1 0 0 0.0 1.0 0
cell 42.4795443979848 26.82617952378978 0.0 1.0 1.0 1 0 0 0.0 1.0 0
cell 6.772515826958692 42.051805536178385 0.0 1.0 1.0 1 0 0 0.0 1.0 0
cell 57.531875930129424 18.579365542891036 0.0 1.0 1.0 1 0 0 0.0 1.0 0
cell 53.46071687353479 38.344933702394805 0.0 1.0 1.0 1 0 0 0.0 1.0 0
cell 18.252298384547835 38.13639128508762 0.0 1.0 1.0 1 0 0 0.0 1.0 0
cell 6.098877005034073 15.14589188169363 0.0 1.0 1.0 1 0 0 0.0 1.0 0
cell 38.76913245644764 25.655054901246316 0.0 1.0 1.0 1 0 0 0.0 1.0 0
cell 48.35505805844094 5.854567403552528 0.0 1.0 1.0 1 0 0 0.0 1.0 0
cell 58.04567975351012 58.347999957574494 0.0 1.6431676725154984 0.6085806194501846 1 0 0 0.6153117896277946 0.7882838331115516 1.32556287024433
cell 51.3364099489637 12.961905844578384 0.0 1.6431676725154984 0.6085806194501846 1 0 0 0.5158425511636053 0.8566834085057462 1.0839817238003127
cell 0.24808165236213853 37.07240764351546 0.0 1.0 1.0 1 0 0 0.0 1.0 0
cell 53.88128858503193 40.25481192919906 0.0 1.0 1.0 1 0 0 0.0 1.0 0
cell 42.596960026469844 55.71602189064255 0.0 1.0 1.0 1 0 0 0.0 1.0 0
cell 40.740602886945936 55.74917675339717 0.0 1.0 1.0 1 0 0 0.0 1.0 0
cell 22.919968577046934 37.15789949259158 0.0 1.0 1.0 1 0 0 0.0 1.0 0
cell 14.66087272300874 35.21266853551453 0.0 1.0 1.0 1 0 0 0.0 1.0 0
cell 0.6204454468420867 17.362486320487545 0.0 1.0 1.0 1 0 0 0.0 1.0 0
cell 46.501799296686215 19.10368233026054 0.0 1.0 1.0 1 0 0 0.0 1.0 0
cell 7.767669844069693 36.59203074420602 0.0 1.0 1.0 1 0 0 0.0 1.0 0
cell 59.20791298646732 22.404488966239544 0.0 1.0 1.0 1 0 0 0.0 1.0 0
cell 13.085481739455156 36.311434604426914 0.0 1.0 1.0 1 0 0 0.0 1.0 0
cell 44.61264714024419 18.487434988269253 0.0 1.0 1.0 1 0 0 0.0 1.0 0
cell 47.7676944396385 55.311031749572045 0.0 1.0 1.0 1 0 0 0.0 1.0 0
cell 47.22141258511656 24.780945059400075 0.0 1.0 1.0 1 0 0 0.0 1.0 0
cell 9.834630414764778 56.18367168813511 0.0 1.6431676725154984 0.6085806194501846 1 0 0 0.45394762416487755 -0.8910283690854423 5.340803750687682
cell 11.073609000317282 44.468818652303725 0.0 1.0 1.0 1 0 0 0.0 1.0 0
cell 19.09954766950823 13.452225822885355 0.0 1.6431676725154984 0.6085806194501846 1 0 0 0.7442499838145618 0.6679011615441498 1.6788223850615918
cell 0.31705733551808557 30.60035482782344 0.0 1.0 1.0 1 0 0 0.0 1.0 0
cell 41.4704853175024 57.34350382250228 0.0 1.0 1.0 1 0 0 0.0 1.0 0
cell 34.91724261908153 25.49123977222043 0.0 1.6431676725154984 0.6085806194501846 1 0 0 0.8913458969684974 0.4533238268141492 2.2006110215405603
cell 27.740485266087852 14.18689903887089 0.0 1.6431676725154984 0.6085806194501846 1 0 0 0.5670759493030532 -0.8236655071824005 5.07728240242373
cell 31.07872982940719 59.40615269327097 0.0 1.6431676725154984 0.6085806194501846 1 0 0 0.8954696580758372 -0.4451225578035146 4.064214894495001
cell 53.28843450475214 25.799109536057365 0.0 1.0 1.0 1 0 0 0.0 1.0 0
cell 23.113477035682898 57.14512793748417 0.0 1.6431676725154984 0.6085806194501846 1 0 0 0.4341203051953078 0.9008549054188099 0.8981230713112139
cell 52.37546674104351 18.757172768053962 0.0 1.0 1.0 1 0 0 0.0 1.0 0
cell 3.273583349790533 0.6361982819030615 0.0 1.6431676725154984 0.6085806194501846 1 0 0 0.4811848648529323 0.8766191452600526 1.0040116838370068
cell 36.58739234465895 60.50496939502786 0.0 1.0 1.0 1 0 0 0.0 1.0 0
cell 3.550094057310615 29.56395864922911 0.0 1.0 1.0 1 0 0 0.0 1.0 0
cell 29.621948167277118 55.001234810738644 0.0 1.6431676725154984 0.6085806194501846 1 0 0 0.9274811412763143 0.37386994072375684 2.3752365389676084
cell 46.577798896031204 10.551889422704349 0.0 1.6431676725154984 0.6085806194501846 1 0 0 0.9689397503174981 -0.24729690708673313 3.6413716828279856
cell 5.833767373446389 33.11599208813812 0.0 1.0 1.0 1 0 0 0.0 1.0 0
cell 17.16398853606417 22.895588334780058 0.0 1.6431676725154984 0.6085806194501846 1 0 0 0.9416786249069369 -0.3365135471171709 3.828016765050032
cell 9.761943991661807 27.8101085035359 0.0 1.0 1.0 1 0 0 0.0 1.0 0
cell 36.54881013982494 1.6002997240879322 0.0 1.6431676725154984 0.6085806194501846 1 0 0 0.8623728111358941 -0.5062737743687455 4.203309420928226
cell 16.914000174580597 21.385563896511073 0.0 1.6431676725154984 0.6085806194501846 1 0 0 0.9950137568296312 -0.09973777478860966 3.341400410380157
cell 58.277736029951804 53.54611205831264 0.0 1.0 1.0 1 0 0 0.0 1.0 0
cell 36.558383188980066 31.837428009816158 0.0 1.0 1.0 1 0 0 0.0 1.0 0
cell 3.5512012935944206 46.89455404152891 0.0 1.0 1.0 1 0 0 0.0 1.0 0
cell 21.18133701687165 36.40320935949203 0.0 1.0 1.0 1 0 0 0.0 1.0 0
cell 19.140642752840932 33.72905113101087 0.0 1.0 1.0 1 0 0 0.0 1.0 0
cell 51.431684293560764 1.2980726971421404 0.0 1.6431676725154984 0.6085806194501846 1 0 0 0.8958751299203555 -0.4443059211738983 4.062391378266264
cell 15.938893818009864 16.124426987954084 0.0 1.0 1.0 1 0 0 0.0 1.0 0
cell 44.28133842106094 39.50820012614393 0.0 1.0 1.0 1 0 0 0.0 1.0 0
cell 8.600369104332215 49.66422563924535 0.0 1.0 1.0 1 0 0 0.0 1.0 0
cell 13.204379818615937 28.215343336333646 0.0 1.0 1.0 1 0 0 0.0 1.0 0
cell 44.949967767192945 46.72847026671546 0.0 1.6431676725154984 0.6085806194501846 1 0 0 0.27510973480209605 0.9614128321471065 0.5574076792699633
cell 12.15429124277118 6.21061241493288 0.0 1.6431676725154984 0.6085806194501846 1 0 0 -0.6479770264298286 -0.7616598802741006 1.4098508391753235
cell 39.31489521325179 43.225155392899694 0.0 1.6431676725154984 0.6085806194501846 1 0 0 0.92079857064429 0.39003844977057367 2.3402459549589185
cell 38.025198941006494 37.258314705312905 0.0 1.0 1.0 1 0 0 0.0 1.0 0
cell 37.50133154656319 52.42216729735399 0.0 1.0 1.0 1 0 0 0.0 1.0 0
cell 25.241073259822862 1.9207081027109083 0.0 1.6431676725154984 0.6085806194501846 1 0 0 0.25368308618649876 0.9672873884130266 0.5129720184589175
cell 56.41275119958637 53.95392585437771 0.0 1.0 1.0 1 0 0 0.0 1.0 0
cell 38.80196938072395 39.08030885043507 0.0 1.0 1.0 1 0 0 0.0 1.0 0
cell 20.49804686389045 42.39848147310447 0.0 1.0 1.0 1 0 0 0.0 1.0 0
cell 40.227579130142104 36.58354053732712 0.0 1.6431676725154984 0.6085806194501846 1 0 0 0.5769145986481475 0.816804472237173 1.2298924480143272
cell 9.03902973402291 3.320347811215116 0.0 1.6431676725154984 0.6085806194501846 1 0 0 0.4499478193275565 -0.8930548470740062 5.349771489635557
cell 41.720069550608265 1.558570662997077 0.0 1.0 1.0 1 0 0 0.0 1.0 0
cell 42.51576799727014 58.1474301635283 0.0 1.6431676725154984 0.6085806194501846 1 0 0 0.5460387619958723 -0.8377599121454876 5.127928222274946
cell 31.027194827700608 27.25395447087335 0.0 1.0 1.0 1 0 0 0.0 1.0 0
cell 47.73423686023314 41.25272478938903 0.0 1.0 1.0 1 0 0 0.0 1.0 0
cell 40.81305121721882 9.900378680187366 0.0 1.0 1.0 1 0 0 0.0 1.0 0
cell 10.84384273671983 22.849035191899713 0.0 1.0 1.0 1 0 0 0.0 1.0 0
cell 19.51125652321611 45.97462473585872 0.0 1.6431676725154984 0.6085806194501846 1 0 0 0.34344635628511483 0.9391722953507934 0.7011680291112075
cell 22.9976318811539 4.908049900037604 0.0 1.6431676725154984 0.6085806194501846 1 0 0 -0.9669695625510367 0.2548918694267368 3.6570644083578396
cell 49.33532249024047 56.5069654355392 0.0 1.0 1.0 1 0 0 0.0 1.0 0
cell 30.466704059649413 56.59775423107145 0.0 1.6431676725154984 0.6085806194501846 1 0 0 0.9967771374213287 0.08022056042026637 2.9809789503502016
cell 9.576645797706385 37.49033006946052 0.0 1.0 1.0 1 0 0 0.0 1.0 0
cell 17.4413788149392 32.662412991495714 0.0 1.0 1.0 1 0 0 0.0 1.0 0
cell 11.25620941653711 7.378389210573572 0.0 1.6431676725154984 0.6085806194501846 1 0 0 0.5362689993722979 0.8440471315704084 1.1320210002011686
cell 20.905307423156195 34.46076656426775 0.0 1.0 1.0 1 0 0 0.0 1.0 0
cell 35.62170068533755 10.687088589593394 0.0 1.0 1.0 1 0 0 0.0 1.0 0
cell 1.2190057872853488 38.5928395120259 0.0 1.0 1.0 1 0 0 0.0 1.0 0
cell 39.12068538545004 20.296289500275087 0.0 1.6431676725154984 0.6085806194501846 1 0 0 0.06423265191150278 -0.9979349510005228 6.154631501198706
cell 44.321557580718746 47.932092167418915 0.0 1.0 1.0 1 0 0 0.0 1.0 0
cell 21.697584016461004 16.624565961353216 0.0 1.0 1.0 1 0 0 0.0 1.0 0
cell 51.055538285136265 15.014030776985743 0.0 1.0 1.0 1 0 0 0.0 1.0 0
cell 57.16418868249829 31.043342932749457 0.0 1.0 1.0 1 0 0 0.0 1.0 0
cell 22.70577498879142 35.129876002695894 0.0 1.0 1.0 1 0 0 0.0 1.0 0
cell 14.206869495953567 5.083042720005768 0.0 1.6431676725154984 0.6085806194501846 1 0 0 0.691573111894895 0.7223064660544103 1.5273293787148574
cell 12.67740748036921 9.600531979503922 0.0 1.6431676725154984 0.6085806194501846 1 0 0 0.6749908938034699 0.7378260589613197 1.4819047204095108
cell 15.088314800265286 11.971962305450308 0.0 1.6431676725154984 0.6085806194501846 1 0 0 0.8989200722135511 0.43811266104916896 2.2345965856980623
cell 44.80697284794641 29.259817313005396 0.0 1.0 1.0 1 0 0 0.0 1.0 0
cell 13.31086512078409 12.792858971791928 0.0 1.6431676725154984 0.6085806194501846 1 0 0 0.6225998071844364 0.7825404015729173 1.3441211916717808
cell 49.06830295939981 39.85335391539361 0.0 1.0 1.0 1 0 0 0.0 1.0 0
cell 45.83063011581124 33.045345751441026 0.0 1.0 1.0 1 0 0 0.0 1.0 0
cell 26.20406722251321 60.82946127490111 0.0 1.6431676725154984 0.6085806194501846 1 0 0 0.6937506140223395 0.7202153049912414 1.5333674171479728
cell 27.239469363919202 56.17060012894175 0.0 1.6431676725154984 0.6085806194501846 1 0 0 0.9247109576989013 0.3806699944986217 2.36055118699664
cell 9.241420839586722 51.28002845036107 0.0 1.6431676725154984 0.6085806194501846 1 0 0 0.08457982242662808 -0.996416706824148 6.113823322746118
