1000
 Lattice="59.08179503018386 0.0 0.0 0.0 59.08179503018386 0.0 0.0 0.0 1.0"Properties=species:S:1:pos:R:3:aspherical_shape:R:3:orientation:R:4:Color:R:1
cell 49.38408731452133 48.273629147736024 0.0 1.0 1.0 1 0 0 0.0 1.0 0
cell 45.698050092585184 22.070336988805117 0.0 1.0 1.0 1 0 0 0.0 1.0 0
cell 56.00680654695932 53.79095846143563 0.0 1.0 1.0 1 0 0 0.0 1.0 0
cell 7.418833095396282 29.991164038588273 0.0 1.0 1.0 1 0 0 0.0 1.0 0
cell 7.72886407439501 0.8772141965963672 0.0 1.0 1.0 1 0 0 0.0 1.0 0
cell 16.019283968388432 35.94851135949672 0.0 1.0 1.0 1 0 0 0.0 1.0 0
cell 51.34234546216554 19.827937635242606 0.0 1.0 1.0 1 0 0 0.0 1.0 0
cell 26.107280706368645 5.215806937866317 0.0 1.0 1.0 1 0 0 0.0 1.0 0
cell 0.33542982982399583 10.3870047212925 0.0 1.6431676725154984 0.6085806194501846 1 0 0 0.9182611129820187 -0.3959754138643259 3.95585235014539
cell 26.676896465114055 32.7747153727124 0.0 1.0 1.0 1 0 0 0.0 1.0 0
cell 48.65721160481726 14.10913686466165 0.0 1.0 1.0 1 0 0 0.0 1.0 0
cell 1.4142214287239228 37.047927644487714 0.0 1.0 1.0 1 0 0 0.0 1.0 0
cell 9.065848818341127 58.503730782436044 0.0 1.0 1.0 1 0 0 0.0 1.0 0
cell 55.19961291585383 23.295670777310832 0.0 1.0 1.0 1 0 0 0.0 1.0 0
cell 14.037149704791352 51.02816670687361 0.0 1.0 1.0 1 0 0 0.0 1.0 0
cell 47.767992092701114 39.047874889721754 0.0 1.0 1.0 1 0 0 0.0 1.0 0
cell 51.219786189997535 48.72033206030739 0.0 1.0 1.0 1 0 0 0.0 1.0 0
cell 36.145783819025006 44.02847377003891 0.0 1.0 1.0 1 0 0 0.0 1.0 0
cell 37.23932531944413 38.68998793900166 0.0 1.6431676725154984 0.6085806194501846 1 0 0 0.3112691559426849 0.9503217942143222 0.6330564842372948
cell 50.052745744528906 9.41836281561388 0.0 1.6431676725154984 0.6085806194501846 1 0 0 0.9764440451859404 -0.21577077332418562 3.5765549110359793
cell 53.02622158459809 49.22921896435559 0.0 1.0 1.0 1 0 0 0.0 1.0 0
cell 37.17914917949835 49.86320745191824 0.0 1.0 1.0 1 0 0 0.0 1.0 0
cell 11.387098695724424 41.239008871507636 0.0 1.0 1.0 1 0 0 0.0 1.0 0
cell 49.004500896075 2.8889303798258537 0.0 1.6431676725154984 0.6085806194501846 1 0 0 0.8034714606305624 0.5953432723666159 1.86620701828985
cell 0.5589928503400745 8.49679103694196 0.0 1.0 1.0 1 0 0 0.0 1.0 0
cell 24.07460523233276 46.464071579147294 0.0 1.6431676725154984 0.6085806194501846 1 0 0 0.7617139241584904 -0.647913495571032 4.551276676561306
cell 13.600162076422738 11.328856340522368 0.0 1.0 1.0 1 0 0 0.0 1.0 0
cell 10.066905472708235 0.9966647237442766 0.0 1.0 1.0 1 0 0 0.0 1.0 0
cell 5.701845737432703 23.227151239474153 0.0 1.0 1.0 1 0 0 0.0 1.0 0
cell 12.760800875685783 2.7477987590364656 0.0 1.0 1.0 1 0 0 0.0 1.0 0
cell 24.366818366427786 5.55612691582969 0.0 1.0 1.0 1 0 0 0.0 1.0 0
cell 21.65688521782328 14.026896595381134 0.0 1.6431676725154984 0.6085806194501846 1 0 0 0.9547602457038387 -0.29737665211570596 3.7454802993534346
cell 23.389240236975354 29.029130302861894 0.0 1.6431676725154984 0.6085806194501846 1 0 0 0.8913371252665584 -0.4533410737199395 4.082612984399433
cell 0.9274722886185147 24.285796859377353 0.0 1.0 1.0 1 0 0 0.0 1.0 0
cell 3.013352843756503 50.0196565540888 0.0 1.0 1.0 1 0 0 0.0 1.0 0
cell 14.007585331846851 17.240722754326672 0.0 1.6431676725154984 0.6085806194501846 1 0 0 0.9871480787160183 -0.1598082309747335 3.462585421955595
cell 54.13368950760606 45.97233554268799 0.0 1.0 1.0 1 0 0 0.0 1.0 0
cell 40.07679301479093 23.66434998576319 0.0 1.6431676725154984 0.6085806194501846 1 0 0 0.4559442924017407 0.8900083158186085 0.946865837848525
cell 11.658525921244166 31.79592515344865 0.0 1.0 1.0 1 0 0 0.0 1.0 0
cell 44.73422460386185 46.924143473518626 0.0 1.0 1.0 1 0 0 0.0 1.0 0
cell 54.607891266994955 31.407476596984942 0.0 1.0 1.0 1 0 0 0.0 1.0 0
cell 19.20168983559819 21.038836000166324 0.0 1.0 1.0 1 0 0 0.0 1.0 0
cell 27.68912562718499 10.691748939480851 0.0 1.0 1.0 1 0 0 0.0 1.0 0
cell 25.45002217699402 1.6617196278524125 0.0 1.0 1.0 1 0 0 0.0 1.0 0
cell 40.33853351766013 12.06323471890271 0.0 1.0 1.0 1 0 0 0.0 1.0 0
cell 2.8001679705606697 35.60290534329043 0.0 1.0 1.0 1 0 0 0.0 1.0 0
cell 58.49907023331899 23.13470385662035 0.0 1.0 1.0 1 0 0 0.0 1.0 0
cell 28.723508388420203 50.232601220627835 0.0 1.6431676725154984 0.6085806194501846 1 0 0 -0.11242887579739883 0.9936597747151351 6.057851130842076
cell 23.150676916768255 4.227286997854721 0.0 1.0 1.0 1 0 0 0.0 1.0 0
cell 1.8822381545990632 39.020409830449125 0.0 1.0 1.0 1 0 0 0.0 1.0 0
cell 35.686914125156406 1.2155413743580021 0.0 1.0 1.0 1 0 0 0.0 1.0 0
cell 19.886071973847656 25.50489861038888 0.0 1.0 1.0 1 0 0 0.0 1.0 0
cell 36.02063078176255 47.7603589386373 0.0 1.6431676725154984 0.6085806194501846 1 0 0 -0.30089299407819997 0.9536579083270145 5.671927498905615
cell 0.27380018348548824 15.111342554285374 0.0 1.0 1.0 1 0 0 0.0 1.0 0
cell 43.614718458091694 9.75236413436294 0.0 1.0 1.0 1 0 0 0.0 1.0 0
cell 50.21630566837607 12.867645535693525 0.0 1.0 1.0 1 0 0 0.0 1.0 0
cell 26.502485167476813 3.3119108566271485 0.0 1.0 1.0 1 0 0 0.0 1.0 0
cell 24.885086191018146 3.635914178736549 0.0 1.0 1.0 1 0 0 0.0 1.0 0
cell 48.43078024944323 50.98236797087064 0.0 1.0 1.0 1 0 0 0.0 1.0 0
cell 56.546815576797606 30.24654851073994 0.0 1.0 1.0 1 0 0 0.0 1.0 0
cell 30.7815325238727 19.436972222796488 0.0 1.6431676725154984 0.6085806194501846 1 0 0 0.975920731306379 -0.21812548270759727 3.581379231306496
cell 49.15000772594125 57.64722455085157 0.0 1.0 1.0 1 0 0 0.0 1.0 0
cell 45.00914646606901 54.015416799400995 0.0 1.0 1.0 1 0 0 0.0 1.0 0
cell 53.563126485499204 8.440675874662492 0.0 1.6431676725154984 0.6085806194501846 1 0 0 -0.37757644794754996 -0.9259784154910475 0.7743552150489741
cell 19.415253600648835 9.621241352044418 0.0 1.0 1.0 1 0 0 0.0 1.0 0
cell 37.28924902643194 0.15912278488023068 0.0 1.0 1.0 1 0 0 0.0 1.0 0
cell 40.87376112076968 46.49181368544546 0.0 1.0 1.0 1 0 0 0.0 1.0 0
cell 22.845111575706284 23.714849924381163 0.0 1.6431676725154984 0.6085806194501846 1 0 0 0.4916172579992458 0.8708113869474279 1.0278919331772576
cell 9.771592527552611 32.37484027009992 0.0 1.0 1.0 1 0 0 0.0 1.0 0
cell 53.39196667166929 52.107698549495765 0.0 1.0 1.0 1 0 0 0.0 1.0 0
cell 48.370727917302624 5.541878703742387 0.0 1.0 1.0 1 0 0 0.0 1.0 0
cell 48.853910560363474 21.747557038328058 0.0 1.0 1.0 1 0 0 0.0 1.0 0
cell 28.24894717286075 17.583154406115824 0.0 1.6431676725154984 0.6085806194501846 1 0 0 0.8942378209233914 -0.44759213535336445 4.069734402037815
cell 44.71838663168578 25.258136585799857 0.0 1.0 1.0 1 0 0 0.0 1.0 0
cell 26.348543767340825 40.55324440328867 0.0 1.6431676725154984 0.6085806194501846 1 0 0 0.9717216503477271 -0.2361292744356144 3.6183537377536483
cell 41.11575868288851 55.60911223164375 0.0 1.0 1.0 1 0 0 0.0 1.0 0
cell 3.7512569513901046 39.50672678669109 0.0 1.0 1.0 1 0 0 0.0 1.0 0
cell 2.409686069692657 6.172754068625782 0.0 1.0 1.0 1 0 0 0.0 1.0 0
cell 56.825911558164286 13.143498894957022 0.0 1.0 1.0 1 0 0 0.0 1.0 0
cell 24.109462979252424 53.36382707978999 0.0 1.6431676725154984 0.6085806194501846 1 0 0 0.7364273522511243 -0.6765166330966286 4.627637065959539
cell 36.25831955837525 30.940281832655916 0.0 1.0 1.0 1 0 0 0.0 1.0 0
cell 1.6204409239430406 51.42325575880014 0.0 1.0 1.0 1 0 0 0.0 1.0 0
cell 53.60992976949003 44.07406158533116 0.0 1.0 1.0 1 0 0 0.0 1.0 0
cell 45.245416579711794 8.59668452149522 0.0 1.0 1.0 1 0 0 0.0 1.0 0
cell 28.60010800051391 57.299643626380664 0.0 1.0 1.0 1 0 0 0.0 1.0 0
cell 28.459434051976796 16.025333590074755 0.0 1.6431676725154984 0.6085806194501846 1 0 0 0.9915349271096047 -0.12984024153455248 3.402008364838889
cell 52.116644183548985 38.11740352090632 0.0 1.0 1.0 1 0 0 0.0 1.0 0
cell 13.575109477192003 14.200129289483147 0.0 1.0 1.0 1 0 0 0.0 1.0 0
cell 56.326111828104764 11.321392591388067 0.0 1.0 1.0 1 0 0 0.0 1.0 0
cell 26.507426221954123 12.118413066308385 0.0 1.0 1.0 1 0 0 0.0 1.0 0
cell 17.76750560824512 51.82640125431968 0.0 1.0 1.0 1 0 0 0.0 1.0 0
cell 19.709117086346875 51.31862772667381 0.0 1.0 1.0 1 0 0 0.0 1.0 0
cell 36.27630202499744 42.42205931743421 0.0 1.6431676725154984 0.6085806194501846 1 0 0 0.9999994703517907 0.00102922113180311 3.13953421096277
cell 58.0350198701886 11.318093382518246 0.0 1.0 1.0 1 0 0 0.0 1.0 0
cell 54.26587414953383 15.831706093232164 0.0 1.0 1.0 1 0 0 0.0 1.0 0
cell 12.596844320579796 7.632358032077834 0.0 1.0 1.0 1 0 0 0.0 1.0 0
cell 20.416615547521165 19.75701669184488 0.0 1.0 1.0 1 0 0 0.0 1.0 0
cell 26.25993560491362 16.060729427661563 0.0 1.6431676725154984 0.6085806194501846 1 0 0 0.8811085566912974 -0.4729140633618107 4.126782900085364
cell 5.127540247047872 38.09496790699733 0.0 1.0 1.0 1 0 0 0.0 1.0 0
cell 22.53580860229105 6.1299216546703 0.0 1.0 1.0 1 0 0 0.0 1.0 0
cell 9.359910386480019 30.454078395490615 0.0 1.0 1.0 1 0 0 0.0 1.0 0
cell 57.91085528337209 54.279221286840446 0.0 1.0 1.0 1 0 0 0.0 1.0 0
cell 58.04956112874716 33.331268436036645 0.0 1.0 1.0 1 0 0 0.0 1.0 0
cell 8.620569490378275 56.64290341460281 0.0 1.0 1.0 1 0 0 0.0 1.0 0
cell 40.19510091334306 14.038218966499224 0.0 1.0 1.0 1 0 0 0.0 1.0 0
cell 9.980958370375474 36.089480604093936 0.0 1.0 1.0 1 0 0 0.0 1.0 0
cell 57.79029128988631 47.0707541681451 0.0 1.0 1.0 1 0 0 0.0 1.0 0
cell 15.68197072757124 11.789089498241243 0.0 1.0 1.0 1 0 0 0.0 1.0 0
cell 38.829998611745346 5.49256604991326 0.0 1.0 1.0 1 0 0 0.0 1.0 0
cell 0.9742270507789862 20.00317813916791 0.0 1.0 1.0 1 0 0 0.0 1.0 0
cell 7.108002114799878 21.841767619097006 0.0 1.0 1.0 1 0 0 0.0 1.0 0
cell 7.586033878034876 33.527002706035965 0.0 1.0 1.0 1 0 0 0.0 1.0 0
cell 42.89715778992318 30.070984182355847 0.0 1.0 1.0 1 0 0 0.0 1.0 0
cell 16.917647656352237 58.97759671959211 0.0 1.0 1.0 1 0 0 0.0 1.0 0
cell 5.461550382273039 6.045677607489894 0.0 1.0 1.0 1 0 0 0.0 1.0 0
cell 49.14154874801136 17.959895504241636 0.0 1.0 1.0 1 0 0 0.0 1.0 0
cell 25.206585569881977 58.06810485818269 0.0 1.0 1.0 1 0 0 0.0 1.0 0
cell 51.875574075034656 13.374709173455662 0.0 1.0 1.0 1 0 0 0.0 1.0 0
cell 54.80396186934071 27.38540881937579 0.0 1.0 1.0 1 0 0 0.0 1.0 0
cell 6.5152352295971605 12.000018414411372 0.0 1.0 1.0 1 0 0 0.0 1.0 0
cell 52.64252438974266 47.371200455777995 0.0 1.0 1.0 1 0 0 0.0 1.0 0
cell 5.231953610449174 45.336284631727295 0.0 1.0 1.0 1 0 0 0.0 1.0 0
cell 12.41644234590266 12.700187279913884 0.0 1.0 1.0 1 0 0 0.0 1.0 0
cell 0.8884036333243708 35.105407612391566 0.0 1.0 1.0 1 0 0 0.0 1.0 0
cell 39.429159686223464 26.069508603157534 0.0 1.0 1.0 1 0 0 0.0 1.0 0
cell 20.662918160091515 49.11259710981499 0.0 1.0 1.0 1 0 0 0.0 1.0 0
cell 21.72605252896995 8.015489189773987 0.0 1.0 1.0 1 0 0 0.0 1.0 0
cell 0.21561684583799937 52.84161210679778 0.0 1.0 1.0 1 0 0 0.0 1.0 0
cell 26.044066057545407 54.67643674914687 0.0 1.0 1.0 1 0 0 0.0 1.0 0
cell 57.09195615365274 57.614522218467194 0.0 1.0 1.0 1 0 0 0.0 1.0 0
cell 23.541181072044903 2.2693536534781495 0.0 1.0 1.0 1 0 0 0.0 1.0 0
cell 58.33103363254184 25.256693322859167 0.0 1.0 1.0 1 0 0 0.0 1.0 0
cell 13.327213409980889 4.220673609434614 0.0 1.6431676725154984 0.6085806194501846 1 0 0 0.012242329889486358 0.9999250598714271 0.024485271425158127
cell 44.267559945254625 23.27226740615235 0.0 1.0 1.0 1 0 0 0.0 1.0 0
cell 8.720090958379314 22.65764670727872 0.0 1.0 1.0 1 0 0 0.0 1.0 0
cell 56.427415229934276 32.2159508422272 0.0 1.0 1.0 1 0 0 0.0 1.0 0
cell 36.25597044778907 13.286998595861174 0.0 1.0 1.0 1 0 0 0.0 1.0 0
cell 8.519844294408866 44.521630655142545 0.0 1.0 1.0 1 0 0 0.0 1.0 0
cell 38.87714117167368 7.262217881545637 0.0 1.0 1.0 1 0 0 0.0 1.0 0
cell 14.094375007228093 56.865057259991076 0.0 1.0 1.0 1 0 0 0.0 1.0 0
cell 19.08663523248012 23.97102560960267 0.0 1.0 1.0 1 0 0 0.0 1.0 0
cell 18.20825644017713 57.52402708019318 0.0 1.0 1.0 1 0 0 0.0 1.0 0
cell 21.458219377482685 4.770717913182698 0.0 1.0 1.0 1 0 0 0.0 1.0 0
cell 31.765840729840804 21.327241202548652 0.0 1.6431676725154984 0.6085806194501846 1 0 0 0.9397460752676782 -0.3418732426192424 3.839411706347585
cell 3.259872093647135 16.999664537910842 0.0 1.0 1.0 1 0 0 0.0 1.0 0
cell 53.00346977441309 32.78694803770753 0.0 1.0 1.0 1 0 0 0.0 1.0 0
cell 42.85198812445129 1.381761653299401 0.0 1.0 1.0 1 0 0 0.0 1.0 0
cell 42.392560268949474 22.6282972163303 0.0 1.0 1.0 1 0 0 0.0 1.0 0
cell 11.893366688982137 48.742676864091436 0.0 1.0 1.0 1 0 0 0.0 1.0 0
cell 53.038291517349826 18.75233317432755 0.0 1.0 1.0 1 0 0 0.0 1.0 0
cell 52.396544046228904 45.64972340256478 0.0 1.0 1.0 1 0 0 0.0 1.0 0
cell 5.363312877672624 13.612431383873144 0.0 1.0 1.0 1 0 0 0.0 1.0 0
cell 57.35921048166832 52.344016268458006 0.0 1.0 1.0 1 0 0 0.0 1.0 0
cell 8.402634101277354 9.192246296454645 0.0 1.6431676725154984 0.6085806194501846 1 0 0 0.03287390096366333 -0.99945950725151 6.217425657287334
cell 57.22901892917324 37.99211512313127 0.0 1.0 1.0 1 0 0 0.0 1.0 0
cell 6.534789083414869 36.77288217707867 0.0 1.0 1.0 1 0 0 0.0 1.0 0
cell 45.28854318510679 32.74143523709121 0.0 1.0 1.0 1 0 0 0.0 1.0 0
cell 39.8812802300794 27.920953293097263 0.0 1.0 1.0 1 0 0 0.0 1.0 0
cell 1.2694642453072826 2.46160814116709 0.0 1.0 1.0 1 0 0 0.0 1.0 0
cell 37.59309499884473 45.42241082832819 0.0 1.0 1.0 1 0 0 0.0 1.0 0
cell 1.0733161334345558 49.5116929481371 0.0 1.0 1.0 1 0 0 0.0 1.0 0
cell 56.81375567182855 43.19441176155169 0.0 1.0 1.0 1 0 0 0.0 1.0 0
cell 28.901728436584406 29.636352007000173 0.0 1.0 1.0 1 0 0 0.0 1.0 0
cell 7.177774320354258 58.06688517928367 0.0 1.0 1.0 1 0 0 0.0 1.0 0
cell 26.549448817127022 44.82784887801175 0.0 1.0 1.0 1 0 0 0.0 1.0 0
cell 21.36889776008821 51.59021022505983 0.0 1.6431676725154984 0.6085806194501846 1 0 0 0.8339183619235464 0.5518878198028555 1.9723399714962422
cell 54.13208682758034 53.56111883184023 0.0 1.0 1.0 1 0 0 0.0 1.0 0
cell 37.47744895631648 40.1549401178362 0.0 1.6431676725154984 0.6085806194501846 1 0 0 0.17628074728782883 0.9843399301743502 0.35441347988335886
cell 17.769118774194695 1.52214535530805 0.0 1.0 1.0 1 0 0 0.0 1.0 0
cell 51.49774137121552 34.04954261023263 0.0 1.0 1.0 1 0 0 0.0 1.0 0
cell 31.740593764675417 27.92307201063681 0.0 1.6431676725154984 0.6085806194501846 1 0 0 0.6078487197723907 0.7940528533234205 1.3066970635399906
cell 23.674600170563597 33.105716245711605 0.0 1.6431676725154984 0.6085806194501846 1 0 0 0.8227403851279748 -0.5684173279197879 4.350754483319626
cell 33.63545295618769 32.063847614634426 0.0 1.0 1.0 1 0 0 0.0 1.0 0
cell 50.20388773873259 21.47074717901621 0.0 1.6431676725154984 0.6085806194501846 1 0 0 0.6749921900238155 -0.7378248731283416 4.801277073146854
cell 14.037015219032718 23.91055237938789 0.0 1.0 1.0 1 0 0 0.0 1.0 0
cell 8.58179852062494 5.347148608760175 0.0 1.0 1.0 1 0 0 0.0 1.0 0
cell 6.205479334178312 28.79083649829918 0.0 1.6431676725154984 0.6085806194501846 1 0 0 0.033222136145097864 0.9994479924788265 0.06645650090303384
cell 10.492949914418649 12.12616009719414 0.0 1.0 1.0 1 0 0 0.0 1.0 0
cell 36.5179543392302 15.195090498645646 0.0 1.0 1.0 1 0 0 0.0 1.0 0
cell 53.67267342061451 13.961367961071062 0.0 1.0 1.0 1 0 0 0.0 1.0 0
cell 54.588950855267235 55.290341086248475 0.0 1.0 1.0 1 0 0 0.0 1.0 0
cell 24.450547618499463 44.38089893176239 0.0 1.6431676725154984 0.6085806194501846 1 0 0 0.870797887533492 -0.4916411690117171 4.169539503820652
cell 56.843314436007454 24.23293272556903 0.0 1.0 1.0 1 0 0 0.0 1.0 0
cell 47.801600756304865 29.801942938876554 0.0 1.0 1.0 1 0 0 0.0 1.0 0
cell 49.97569186612052 4.111155187468596 0.0 1.0 1.0 1 0 0 0.0 1.0 0
cell 42.10753612214514 4.841829480712144 0.0 1.0 1.0 1 0 0 0.0 1.0 0
cell 42.182603574998225 33.62110595127969 0.0 1.6431676725154984 0.6085806194501846 1 0 0 0.9961433857486307 0.08774027028254838 2.965886177529972
cell 11.489372979468365 53.89524552638239 0.0 1.0 1.0 1 0 0 0.0 1.0 0
cell 49.51454766000562 55.69433455616708 0.0 1.0 1.0 1 0 0 0.0 1.0 0
cell 53.96695945031236 38.76603841329773 0.0 1.0 1.0 1 0 0 0.0 1.0 0
cell 41.61236794669976 31.24760122577825 0.0 1.0 1.0 1 0 0 0.0 1.0 0
cell 43.86627606417652 35.993587843719546 0.0 1.0 1.0 1 0 0 0.0 1.0 0
cell 57.29154469665694 45.130341432054195 0.0 1.0 1.0 1 0 0 0.0 1.0 0
cell 36.0387776787481 57.704018749245066 0.0 1.0 1.0 1 0 0 0.0 1.0 0
cell 43.87358340852937 37.51338488613082 0.0 1.6431676725154984 0.6085806194501846 1 0 0 -0.4117398186997311 0.9113014439235311 5.43446050932106
cell 4.258289533547578 41.46698057271903 0.0 1.0 1.0 1 0 0 0.0 1.0 0
cell 41.00708431991165 29.487970740784966 0.0 1.0 1.0 1 0 0 0.0 1.0 0
cell 58.47954235752914 56.131743332611045 0.0 1.0 1.0 1 0 0 0.0 1.0 0
cell 50.73261853033777 46.79749719660344 0.0 1.0 1.0 1 0 0 0.0 1.0 0
cell 51.81976099859229 50.86686735470358 0.0 1.0 1.0 1 0 0 0.0 1.0 0
cell 48.247101575369406 0.5159124662820997 0.0 1.0 1.0 1 0 0 0.0 1.0 0
cell 50.23280430513748 0.2905734516676383 0.0 1.0 1.0 1 0 0 0.0 1.0 0
cell 19.697654786378614 4.893004928820732 0.0 1.6431676725154984 0.6085806194501846 1 0 0 0.20965658909871276 0.9777750838753734 0.4224474597258251
cell 43.868224139107284 55.448732009644374 0.0 1.0 1.0 1 0 0 0.0 1.0 0
cell 38.156119018305326 57.50410203299947 0.0 1.0 1.0 1 0 0 0.0 1.0 0
cell 22.42983564760512 40.730552042130185 0.0 1.6431676725154984 0.6085806194501846 1 0 0 0.6867690685239214 -0.7268756747331592 4.769115892518314
cell 9.060898528342399 2.331372750219467 0.0 1.0 1.0 1 0 0 0.0 1.0 0
cell 48.34161456013916 10.178413778101252 0.0 1.0 1.0 1 0 0 0.0 1.0 0
cell 43.74068470470039 5.668032128176168 0.0 1.0 1.0 1 0 0 0.0 1.0 0
cell 0.9886788549979315 42.33741914039042 0.0 1.0 1.0 1 0 0 0.0 1.0 0
cell 37.50494906776486 26.083786054370442 0.0 1.0 1.0 1 0 0 0.0 1.0 0
cell 15.732624898942174 24.333070355727042 0.0 1.6431676725154984 0.6085806194501846 1 0 0 0.8505272360095488 -0.5259310038455207 4.249211379155568
cell 2.162279524954584 53.31385586014086 0.0 1.0 1.0 1 0 0 0.0 1.0 0
cell 20.157729054134464 28.51685685359464 0.0 1.0 1.0 1 0 0 0.0 1.0 0
cell 46.74300268937596 40.14798315002308 0.0 1.6431676725154984 0.6085806194501846 1 0 0 0.012975987334392427 -0.9999158083322304 6.2572326041729305
cell 24.594749189860536 11.596155792848988 0.0 1.0 1.0 1 0 0 0.0 1.0 0
cell 38.86544403451023 50.18318537733594 0.0 1.6431676725154984 0.6085806194501846 1 0 0 0.8033015906201904 -0.5955724594934457 4.417548841464282
cell 41.82612025218366 25.27058176192745 0.0 1.6431676725154984 0.6085806194501846 1 0 0 0.6244862742796687 0.7810357823021288 1.3489472211274236
cell 58.674101744837515 43.733438227083035 0.0 1.0 1.0 1 0 0 0.0 1.0 0
cell 56.32216808743309 7.114230993951496 0.0 1.6431676725154984 0.6085806194501846 1 0 0 -0.17406064407093697 0.9847349349878933 5.933281767096735
cell 50.74374509796236 30.256705645015856 0.0 1.0 1.0 1 0 0 0.0 1.0 0
cell 14.700661007079427 54.083534701815665 0.0 1.0 1.0 1 0 0 0.0 1.0 0
cell 58.31255564167795 19.04055670021819 0.0 1.0 1.0 1 0 0 0.0 1.0 0
cell 18.851651350286694 11.8740929482575 0.0 1.6431676725154984 0.6085806194501846 1 0 0 0.9826309197681468 -0.18557067525771914 3.5148978397660815
cell 15.476326477504678 20.539499311519194 0.0 1.0 1.0 1 0 0 0.0 1.0 0
cell 17.699631960970386 6.412326028202534 0.0 1.6431676725154984 0.6085806194501846 1 0 0 -0.01819066901031282 0.9998345360913261 6.246801962426679
cell 31.50635919550835 34.91876786693543 0.0 1.6431676725154984 0.6085806194501846 1 0 0 0.405098465627736 -0.914273062682071 5.449012254537552
cell 26.730168234144106 58.449847394135524 0.0 1.6431676725154984 0.6085806194501846 1 0 0 0.6362711081146071 -0.7714655384258003 4.903875194032724
cell 30.031356503196506 27.93501987763576 0.0 1.0 1.0 1 0 0 0.0 1.0 0
cell 54.20046824036397 1.2951773181696147 0.0 1.0 1.0 1 0 0 0.0 1.0 0
cell 42.64381595301539 45.759817865615524 0.0 1.0 1.0 1 0 0 0.0 1.0 0
cell 51.82049116928779 4.615626570336313 0.0 1.0 1.0 1 0 0 0.0 1.0 0
cell 47.844919936412296 44.89393592937434 0.0 1.0 1.0 1 0 0 0.0 1.0 0
cell 29.16430054534844 40.62213901826016 0.0 1.6431676725154984 0.6085806194501846 1 0 0 0.9982974968059385 -0.05832759099257646 3.2583140826314496
cell 22.15576029920303 32.48554601616521 0.0 1.6431676725154984 0.6085806194501846 1 0 0 -0.6136909488787773 0.7895463376295694 4.961731472771779
cell 20.736919034049958 0.2862667816228736 0.0 1.0 1.0 1 0 0 0.0 1.0 0
cell 1.748816377954899 16.056390980551644 0.0 1.0 1.0 1 0 0 0.0 1.0 0
cell 28.737610289559726 12.382714824956844 0.0 1.0 1.0 1 0 0 0.0 1.0 0
cell 26.062369664458714 25.39020123094196 0.0 1.0 1.0 1 0 0 0.0 1.0 0
cell 37.18900792117493 34.76857860952356 0.0 1.0 1.0 1 0 0 0.0 1.0 0
cell 48.847456052386576 46.398096409938226 0.0 1.0 1.0 1 0 0 0.0 1.0 0
cell 11.5927215544633 56.538686863898974 0.0 1.0 1.0 1 0 0 0.0 1.0 0
cell 47.64786566783983 24.907489985642062 0.0 1.0 1.0 1 0 0 0.0 1.0 0
cell 55.12463314081111 49.786399173963446 0.0 1.0 1.0 1 0 0 0.0 1.0 0
cell 11.336431579496297 42.51782492648733 0.0 1.6431676725154984 0.6085806194501846 1 0 0 0.9950222025677233 -0.09965348161141412 3.341230979919874
cell 29.719279804187185 47.62873538410318 0.0 1.6431676725154984 0.6085806194501846 1 0 0 0.28442134716027084 0.958699377948863 0.5768055859424067
cell 46.06676462437583 38.882217836897404 0.0 1.0 1.0 1 0 0 0.0 1.0 0
cell 35.70418272928917 7.911529016771831 0.0 1.0 1.0 1 0 0 0.0 1.0 0
cell 47.402907733424335 22.88595028684398 0.0 1.0 1.0 1 0 0 0.0 1.0 0
cell 41.92606125871223 20.70674895055959 0.0 1.0 1.0 1 0 0 0.0 1.0 0
cell 35.09369047009124 9.764017740652923 0.0 1.0 1.0 1 0 0 0.0 1.0 0
cell 2.2791514736476217 33.62224042464555 0.0 1.0 1.0 1 0 0 0.0 1.0 0
cell 11.325943660887994 27.166065310021505 0.0 1.0 1.0 1 0 0 0.0 1.0 0
cell 50.14563167993933 27.16857132048615 0.0 1.0 1.0 1 0 0 0.0 1.0 0
cell 18.268063230903966 3.176053966268478 0.0 1.0 1.0 1 0 0 0.0 1.0 0
cell 29.900232215107575 31.687569496626594 0.0 1.0 1.0 1 0 0 0.0 1.0 0
cell 41.71582627442777 48.268351945327446 0.0 1.0 1.0 1 0 0 0.0 1.0 0
cell 10.94670020451789 5.408292813906974 0.0 1.6431676725154984 0.6085806194501846 1 0 0 -0.22610961528423196 0.9741018642195571 5.827021302903378
cell 17.50093708563967 32.4819783925362 0.0 1.0 1.0 1 0 0 0.0 1.0 0
cell 2.745711837184467 20.87789963741175 0.0 1.0 1.0 1 0 0 0.0 1.0 0
cell 30.57496246254054 24.31820803128637 0.0 1.6431676725154984 0.6085806194501846 1 0 0 -0.004499149798936734 0.9999898787743238 6.27418697722365
cell 45.347727490069445 52.12181584999338 0.0 1.0 1.0 1 0 0 0.0 1.0 0
cell 53.13693781852624 28.874702771921843 0.0 1.0 1.0 1 0 0 0.0 1.0 0
cell 4.9125541219828515 50.52687919059004 0.0 1.0 1.0 1 0 0 0.0 1.0 0
cell 30.536591113913875 0.321019768725783 0.0 1.6431676725154984 0.6085806194501846 1 0 0 0.8381269402866905 0.5454752349700858 1.987680592673448
cell 43.529502516438214 11.76735295478551 0.0 1.0 1.0 1 0 0 0.0 1.0 0
cell 29.59361916207002 20.27107381773238 0.0 1.6431676725154984 0.6085806194501846 1 0 0 0.8855594031592122 -0.46452614939990167 4.107791553378947
cell 37.065349252765344 10.024649182661054 0.0 1.0 1.0 1 0 0 0.0 1.0 0
cell 44.03006612345737 42.025624536987216 0.0 1.6431676725154984 0.6085806194501846 1 0 0 0.09032080098694648 -0.9959127235401084 6.102297191408085
cell 46.489212991971826 50.56325426031838 0.0 1.0 1.0 1 0 0 0.0 1.0 0
cell 9.423580244183206 41.24721057907862 0.0 1.0 1.0 1 0 0 0.0 1.0 0
cell 23.52197522341183 19.69140407489348 0.0 1.0 1.0 1 0 0 0.0 1.0 0
cell 50.75336534040062 16.531255140748993 0.0 1.0 1.0 1 0 0 0.0 1.0 0
cell 38.51603013600549 15.150442044619018 0.0 1.0 1.0 1 0 0 0.0 1.0 0
cell 49.89481590089025 11.026909151356069 0.0 1.0 1.0 1 0 0 0.0 1.0 0
cell 56.816951692260474 22.212791879516764 0.0 1.0 1.0 1 0 0 0.0 1.0 0
cell 16.532173858212985 4.378673520967348 0.0 1.6431676725154984 0.6085806194501846 1 0 0 -0.008243764086479035 0.9999660195995095 6.266697592253153
cell 56.72602105010805 20.203819896066573 0.0 1.0 1.0 1 0 0 0.0 1.0 0
cell 35.92054202669694 45.775704869075966 0.0 1.6431676725154984 0.6085806194501846 1 0 0 -0.3281410629328734 -0.9446287327925633 0.668669996958716
cell 47.685480226858665 8.438574869639202 0.0 1.6431676725154984 0.6085806194501846 1 0 0 0.9988727244430003 -0.04746873037924996 3.2365658040012932
cell 32.78902129383606 39.65468603211776 0.0 1.6431676725154984 0.6085806194501846 1 0 0 0.7581816257736559 0.6520434205934572 1.721039686740267
cell 55.817354981196125 39.36462480835602 0.0 1.0 1.0 1 0 0 0.0 1.0 0
cell 24.054919775033007 31.70196846105185 0.0 1.6431676725154984 0.6085806194501846 1 0 0 0.8200142299680183 -0.57234313366193 4.360313545233476
cell 22.67815273551816 11.079240013297674 0.0 1.0 1.0 1 0 0 0.0 1.0 0
cell 46.595709610316526 31.385369196319253 0.0 1.0 1.0 1 0 0 0.0 1.0 0
cell 20.294810523745447 37.04128461806135 0.0 1.6431676725154984 0.6085806194501846 1 0 0 0.5871631079173131 -0.8094686434327656 5.0280858419508485
cell 2.4686231317249074 23.332968935128964 0.0 1.0 1.0 1 0 0 0.0 1.0 0
cell 51.875160819378436 8.865023077653676 0.0 1.0 1.0 1 0 0 0.0 1.0 0
cell 8.829859931751326 39.31903856445254 0.0 1.0 1.0 1 0 0 0.0 1.0 0
cell 40.543818396791806 49.898683038474715 0.0 1.0 1.0 1 0 0 0.0 1.0 0
cell 58.255643519965844 29.198649185073265 0.0 1.0 1.0 1 0 0 0.0 1.0 0
cell 30.73589814942606 42.93800364236231 0.0 1.6431676725154984 0.6085806194501846 1 0 0 0.542249891337696 -0.8402172667496526 5.136960202606002
cell 10.752127701449892 51.82315343347799 0.0 1.0 1.0 1 0 0 0.0 1.0 0
cell 43.57295085230101 19.465961356016997 0.0 1.0 1.0 1 0 0 0.0 1.0 0
cell 4.569829319884328 18.138674778931986 0.0 1.6431676725154984 0.6085806194501846 1 0 0 0.9986521806314638 0.05190204350526435 3.037741905035427
cell 45.81790068124409 29.65500226993816 0.0 1.0 1.0 1 0 0 0.0 1.0 0
cell 38.151228173741046 31.386305964034182 0.0 1.0 1.0 1 0 0 0.0 1.0 0
cell 2.54182038972397 1.162867710159273 0.0 1.0 1.0 1 0 0 0.0 1.0 0
cell 37.332528302747725 8.300088463364471 0.0 1.0 1.0 1 0 0 0.0 1.0 0
cell 5.2576262873251 57.55262382513756 0.0 1.0 1.0 1 0 0 0.0 1.0 0
cell 15.606823966885665 47.49395924301534 0.0 1.0 1.0 1 0 0 0.0 1.0 0
cell 51.294976616816314 41.41246424973054 0.0 1.0 1.0 1 0 0 0.0 1.0 0
cell 36.821130048683614 32.84179326847893 0.0 1.0 1.0 1 0 0 0.0 1.0 0
cell 28.30752629908203 51.89011305934362 0.0 1.6431676725154984 0.6085806194501846 1 0 0 0.3306344356395414 -0.9437589045774996 5.609233828371781
cell 28.64004610707372 33.26329313182013 0.0 1.0 1.0 1 0 0 0.0 1.0 0
cell 12.276195870914659 35.43331083364425 0.0 1.0 1.0 1 0 0 0.0 1.0 0
cell 35.4793253831161 29.15488316519612 0.0 1.0 1.0 1 0 0 0.0 1.0 0
cell 54.92344708878848 29.38733472312527 0.0 1.0 1.0 1 0 0 0.0 1.0 0
cell 44.4887608989862 50.27937147435127 0.0 1.0 1.0 1 0 0 0.0 1.0 0
cell 7.533599405780301 52.9172046966812 0.0 1.0 1.0 1 0 0 0.0 1.0 0
cell 17.324716213642727 13.879022501899104 0.0 1.6431676725154984 0.6085806194501846 1 0 0 0.8934893699521816 -0.4490843415021875 4.073073179475204
cell 31.150551441934617 9.868987452528783 0.0 1.0 1.0 1 0 0 0.0 1.0 0
cell 2.858406317035128 42.86075513884192 0.0 1.0 1.0 1 0 0 0.0 1.0 0
cell 12.999733028281089 55.13576148664731 0.0 1.0 1.0 1 0 0 0.0 1.0 0
cell 27.17760301551695 13.506147029840822 0.0 1.6431676725154984 0.6085806194501846 1 0 0 0.9944038502591058 -0.10564555168044634 3.3532787802204687
cell 8.309386950643933 15.365274912092856 0.0 1.0 1.0 1 0 0 0.0 1.0 0
cell 36.49979423806601 18.205566120341377 0.0 1.6431676725154984 0.6085806194501846 1 0 0 -0.1452029226019933 -0.9894018957268272 0.29143613130508506
cell 56.826073570140125 5.645887635497725 0.0 1.0 1.0 1 0 0 0.0 1.0 0
cell 5.683937272772961 47.28209090543027 0.0 1.0 1.0 1 0 0 0.0 1.0 0
cell 14.576681280397995 28.836866855573312 0.0 1.0 1.0 1 0 0 0.0 1.0 0
cell 51.71181220231496 21.492352527655058 0.0 1.0 1.0 1 0 0 0.0 1.0 0
cell 7.349266101127406 23.92007384103622 0.0 1.0 1.0 1 0 0 0.0 1.0 0
cell 15.55041240168997 55.492200678430585 0.0 1.0 1.0 1 0 0 0.0 1.0 0
cell 27.981324493526404 31.356467443359737 0.0 1.0 1.0 1 0 0 0.0 1.0 0
cell 21.710773461808927 56.343343589717406 0.0 1.0 1.0 1 0 0 0.0 1.0 0
cell 51.34009153866956 28.4887507866936 0.0 1.0 1.0 1 0 0 0.0 1.0 0
cell 22.12743656631523 52.91903854159818 0.0 1.6431676725154984 0.6085806194501846 1 0 0 0.9578970863016992 0.2871117762383057 2.5591720571617986
cell 10.491051054558891 23.246503913915337 0.0 1.0 1.0 1 0 0 0.0 1.0 0
cell 36.91775557606324 55.93474485321746 0.0 1.0 1.0 1 0 0 0.0 1.0 0
cell 6.3511688853804635 2.2935587554757038 0.0 1.0 1.0 1 0 0 0.0 1.0 0
cell 47.485677989446955 19.084387099540855 0.0 1.0 1.0 1 0 0 0.0 1.0 0
cell 44.89956743075634 27.244404021437635 0.0 1.0 1.0 1 0 0 0.0 1.0 0
cell 43.051691227401584 24.48934751548021 0.0 1.0 1.0 1 0 0 0.0 1.0 0
cell 18.696167679607104 5.477799067704971 0.0 1.6431676725154984 0.6085806194501846 1 0 0 0.13558448205496784 0.9907657887845573 0.27200673655869784
cell 16.909048256008205 49.61329639498945 0.0 1.6431676725154984 0.6085806194501846 1 0 0 0.9314425745899242 -0.36388834859238545 3.8864707567848296
cell 24.795868995115704 37.1044270339891 0.0 1.0 1.0 1 0 0 0.0 1.0 0
cell 57.70257350654134 39.88412685338471 0.0 1.0 1.0 1 0 0 0.0 1.0 0
cell 45.47573338978664 20.162589908729256 0.0 1.0 1.0 1 0 0 0.0 1.0 0
cell 46.99394768477381 6.946252301695548 0.0 1.0 1.0 1 0 0 0.0 1.0 0
cell 38.643178310503174 37.86322554779808 0.0 1.0 1.0 1 0 0 0.0 1.0 0
cell 58.78074511278423 6.578875979241774 0.0 1.6431676725154984 0.6085806194501846 1 0 0 0.34091822823088896 -0.9400929537337845 5.587398373750011
cell 20.258812738574118 57.71420578425146 0.0 1.0 1.0 1 0 0 0.0 1.0 0
cell 43.85333626152928 21.30973151126874 0.0 1.0 1.0 1 0 0 0.0 1.0 0
cell 5.868822516585062 25.195251922174226 0.0 1.0 1.0 1 0 0 0.0 1.0 0
cell 56.36902005345703 1.88153559738064 0.0 1.0 1.0 1 0 0 0.0 1.0 0
cell 41.18260018589375 38.821522121659996 0.0 1.0 1.0 1 0 0 0.0 1.0 0
cell 22.82148660746368 16.022721719228556 0.0 1.0 1.0 1 0 0 0.0 1.0 0
cell 24.799362139601183 8.665533186659488 0.0 1.0 1.0 1 0 0 0.0 1.0 0
cell 10.878124488305279 25.234016208877957 0.0 1.0 1.0 1 0 0 0.0 1.0 0
cell 9.86737201350348 43.357289716439574 0.0 1.0 1.0 1 0 0 0.0 1.0 0
cell 46.74679915925321 54.1434340167985 0.0 1.0 1.0 1 0 0 0.0 1.0 0
cell 48.16506098286087 27.25044727567805 0.0 1.0 1.0 1 0 0 0.0 1.0 0
cell 16.171563095977554 22.32787731395196 0.0 1.0 1.0 1 0 0 0.0 1.0 0
cell 2.7446626652205897 55.194135112349926 0.0 1.0 1.0 1 0 0 0.0 1.0 0
cell 40.129048926862154 57.369242568119844 0.0 1.0 1.0 1 0 0 0.0 1.0 0
cell 23.61563101816401 56.87683431332584 0.0 1.0 1.0 1 0 0 0.0 1.0 0
cell 39.999827878088844 41.23457376356419 0.0 1.6431676725154984 0.6085806194501846 1 0 0 0.12782327946895494 -0.9917969596776356 6.026837420148355
cell 20.961273074223058 15.209534225418505 0.0 1.0 1.0 1 0 0 0.0 1.0 0
cell 16.566513163517612 28.872860682852316 0.0 1.0 1.0 1 0 0 0.0 1.0 0
cell 32.565758595711024 25.110324387598556 0.0 1.6431676725154984 0.6085806194501846 1 0 0 -0.28660740013390956 0.9580481189316542 5.701817718095157
cell 29.192050079467514 42.33085271986087 0.0 1.0 1.0 1 0 0 0.0 1.0 0
cell 55.36330932268211 8.917452641175233 0.0 1.0 1.0 1 0 0 0.0 1.0 0
cell 37.05111553808483 6.44942057483917 0.0 1.0 1.0 1 0 0 0.0 1.0 0
cell 3.3410817570327676 44.81283822610479 0.0 1.0 1.0 1 0 0 0.0 1.0 0
cell 55.698185629476974 59.07654703188667 0.0 1.0 1.0 1 0 0 0.0 1.0 0
cell 9.67598482065259 19.458894532907237 0.0 1.6431676725154984 0.6085806194501846 1 0 0 0.9559851921119051 -0.29341491520160284 3.7371867168414665
cell 34.532569255215705 56.873200088266046 0.0 1.6431676725154984 0.6085806194501846 1 0 0 0.9055758396369846 0.42418439229392957 2.2654705645632354
cell 10.266590787095495 15.728738164416912 0.0 1.0 1.0 1 0 0 0.0 1.0 0
cell 18.29566474148175 16.299189130221293 0.0 1.0 1.0 1 0 0 0.0 1.0 0
cell 13.078110032081527 30.236482337877014 0.0 1.0 1.0 1 0 0 0.0 1.0 0
cell 47.025939657233124 41.0517764166129 0.0 1.6431676725154984 0.6085806194501846 1 0 0 0.16760014685335917 -0.9858550556622065 5.946395553530137
cell 25.546464694346728 7.091067865178567 0.0 1.0 1.0 1 0 0 0.0 1.0 0
cell 21.82771024199527 1.4615944727962134 0.0 1.0 1.0 1 0 0 0.0 1.0 0
cell 13.148688075467964 22.13289596070225 0.0 1.0 1.0 1 0 0 0.0 1.0 0
cell 42.878317101579775 43.79610245045611 0.0 1.6431676725154984 0.6085806194501846 1 0 0 0.3243011735222969 -0.9459538830471922 5.622639544725728
cell 8.178353730282776 49.68427397220401 0.0 1.0 1.0 1 0 0 0.0 1.0 0
cell 30.854772974621103 29.771316110594128 0.0 1.0 1.0 1 0 0 0.0 1.0 0
cell 6.371036633834231 19.95965432533373 0.0 1.0 1.0 1 0 0 0.0 1.0 0
cell 51.59641817871701 11.371499809000737 0.0 1.0 1.0 1 0 0 0.0 1.0 0
cell 14.528332397996136 6.5126616674427495 0.0 1.6431676725154984 0.6085806194501846 1 0 0 -0.0025851576657027905 0.9999966584743388 6.278014986089259
cell 31.608106558037722 33.28375057706374 0.0 1.6431676725154984 0.6085806194501846 1 0 0 0.23670483067604997 -0.9715816090965403 5.8052395263487355
cell 5.810385566919679 0.35239411162440293 0.0 1.0 1.0 1 0 0 0.0 1.0 0
cell 0.7835364948590874 54.73595907599097 0.0 1.0 1.0 1 0 0 0.0 1.0 0
cell 22.869246169896797 9.089392642953692 0.0 1.0 1.0 1 0 0 0.0 1.0 0
cell 50.43732025384331 14.79190193126662 0.0 1.0 1.0 1 0 0 0.0 1.0 0
cell 46.45857327803285 26.183134119845086 0.0 1.0 1.0 1 0 0 0.0 1.0 0
cell 4.359115933551675 48.66290284311805 0.0 1.0 1.0 1 0 0 0.0 1.0 0
cell 18.86469795167996 0.09677636809254267 0.0 1.0 1.0 1 0 0 0.0 1.0 0
cell 51.86532239941981 44.34463076494373 0.0 1.6431676725154984 0.6085806194501846 1 0 0 -0.4025790587926265 0.9153852202333415 5.454520179741518
cell 3.7665669380280296 5.150150600163045 0.0 1.0 1.0 1 0 0 0.0 1.0 0
cell 10.031523050253504 55.28146900710781 0.0 1.0 1.0 1 0 0 0.0 1.0 0
cell 17.921966608175413 17.87998654096886 0.0 1.0 1.0 1 0 0 0.0 1.0 0
cell 38.88002985311375 9.211627800082065 0.0 1.0 1.0 1 0 0 0.0 1.0 0
cell 16.325454427885305 18.898261287953826 0.0 1.0 1.0 1 0 0 0.0 1.0 0
cell 26.92336733266327 21.336718763020176 0.0 1.6431676725154984 0.6085806194501846 1 0 0 0.34494798260038506 -0.9386218031240935 5.578818575939317
cell 2.6774067586574053 27.35469126156582 0.0 1.0 1.0 1 0 0 0.0 1.0 0
cell 58.14046507702603 16.994446980315633 0.0 1.0 1.0 1 0 0 0.0 1.0 0
cell 43.27655191706608 57.0683940253607 0.0 1.0 1.0 1 0 0 0.0 1.0 0
cell 20.829507485280015 26.883225708850063 0.0 1.0 1.0 1 0 0 0.0 1.0 0
cell 40.15213715715541 18.029982478000388 0.0 1.6431676725154984 0.6085806194501846 1 0 0 0.4389280702630487 -0.8985222029171879 5.374374640467687
cell 29.033131928683822 1.7919559134769947 0.0 1.6431676725154984 0.6085806194501846 1 0 0 0.7922695272388659 0.6101712843199883 1.8290391187133963
cell 13.32799659914926 49.40614248783046 0.0 1.6431676725154984 0.6085806194501846 1 0 0 -0.42793091946713535 0.9038114450282272 5.398780808188779
cell 24.63952556161465 23.48057302287012 0.0 1.0 1.0 1 0 0 0.0 1.0 0
cell 48.45182618044836 12.177228008981965 0.0 1.0 1.0 1 0 0 0.0 1.0 0
cell 46.37905119040741 2.6572329299135933 0.0 1.0 1.0 1 0 0 0.0 1.0 0
cell 52.64922735253559 30.82525535484983 0.0 1.0 1.0 1 0 0 0.0 1.0 0
cell 0.024343033198652282 38.50489283806797 0.0 1.0 1.0 1 0 0 0.0 1.0 0
cell 47.299385986200996 52.40801721164202 0.0 1.0 1.0 1 0 0 0.0 1.0 0
cell 3.2671705384405096 37.52568247201705 0.0 1.0 1.0 1 0 0 0.0 1.0 0
cell 38.59151591183106 3.509022868390844 0.0 1.0 1.0 1 0 0 0.0 1.0 0
cell 25.07204009507717 20.877229668700892 0.0 1.0 1.0 1 0 0 0.0 1.0 0
cell 20.447688530618706 33.45448991788881 0.0 1.0 1.0 1 0 0 0.0 1.0 0
cell 25.85743374678808 17.985006282672877 0.0 1.0 1.0 1 0 0 0.0 1.0 0
cell 11.102071645314375 6.926255974985406 0.0 1.0 1.0 1 0 0 0.0 1.0 0
cell 2.464498275080273 48.12381808674063 0.0 1.0 1.0 1 0 0 0.0 1.0 0
cell 27.38085259020251 6.93508746209176 0.0 1.0 1.0 1 0 0 0.0 1.0 0
cell 13.772021878647186 44.1209923409933 0.0 1.0 1.0 1 0 0 0.0 1.0 0
cell 35.172240721064654 32.155021829430694 0.0 1.6431676725154984 0.6085806194501846 1 0 0 0.5663810046859294 0.8241435296906463 1.2042159505994674
cell 31.756570977562465 11.41480181588828 0.0 1.6431676725154984 0.6085806194501846 1 0 0 -0.05992566879082853 0.9982028422219463 6.163262120691233
cell 44.41160969852983 44.913600941984 0.0 1.0 1.0 1 0 0 0.0 1.0 0
cell 18.141139586558285 22.399030415030392 0.0 1.0 1.0 1 0 0 0.0 1.0 0
cell 25.3945613842412 43.18782082436667 0.0 1.0 1.0 1 0 0 0.0 1.0 0
cell 42.55415693016927 35.0642654141285 0.0 1.0 1.0 1 0 0 0.0 1.0 0
cell 22.93421398602636 48.69566013227163 0.0 1.6431676725154984 0.6085806194501846 1 0 0 0.9877514877757837 -0.15603524728959753 3.4549435567005986
cell 24.670982002162845 26.880503722892065 0.0 1.0 1.0 1 0 0 0.0 1.0 0
cell 3.8264211840138858 32.1751071581759 0.0 1.0 1.0 1 0 0 0.0 1.0 0
cell 58.33254441521995 2.085904601863004 0.0 1.0 1.0 1 0 0 0.0 1.0 0
cell 11.041704027446304 13.862229376936625 0.0 1.0 1.0 1 0 0 0.0 1.0 0
cell 29.95321604891069 4.696580181287887 0.0 1.6431676725154984 0.6085806194501846 1 0 0 0.9595148957177626 0.2816578862658229 2.5705496334265665
cell 13.476994854480974 40.0826026847959 0.0 1.6431676725154984 0.6085806194501846 1 0 0 0.5690732017737045 0.822286866624431 1.2107566332650685
cell 24.773187017640044 13.879405567792721 0.0 1.6431676725154984 0.6085806194501846 1 0 0 0.993696510529805 -0.11210372411694919 3.3662723892918467
cell 53.737140447255335 58.59565340364537 0.0 1.0 1.0 1 0 0 0.0 1.0 0
cell 30.111685133005704 8.136412308027374 0.0 1.0 1.0 1 0 0 0.0 1.0 0
cell 20.00672012068673 3.5489143565859638 0.0 1.0 1.0 1 0 0 0.0 1.0 0
cell 20.510630911793985 22.20269018452671 0.0 1.0 1.0 1 0 0 0.0 1.0 0
cell 49.08317168207012 31.318469659750285 0.0 1.0 1.0 1 0 0 0.0 1.0 0
cell 34.43445375861925 47.16785864794595 0.0 1.6431676725154984 0.6085806194501846 1 0 0 0.11879618836338567 -0.9929186601279739 6.045030512938527
cell 27.424581285619038 14.795571019659029 0.0 1.6431676725154984 0.6085806194501846 1 0 0 0.9993376242779709 -0.03639110746406449 3.214390942500864
cell 10.318926494630283 37.989109790376794 0.0 1.0 1.0 1 0 0 0.0 1.0 0
cell 48.59326719022999 36.300610330120804 0.0 1.0 1.0 1 0 0 0.0 1.0 0
cell 14.592873958022501 10.095162855767045 0.0 1.0 1.0 1 0 0 0.0 1.0 0
cell 17.770275837560376 25.717634553050605 0.0 1.0 1.0 1 0 0 0.0 1.0 0
cell 38.421440068766195 13.195266913792729 0.0 1.0 1.0 1 0 0 0.0 1.0 0
cell 35.05580897375219 18.921607440979948 0.0 1.6431676725154984 0.6085806194501846 1 0 0 0.1855056032984771 0.9826432064309345 0.3731727426492488
cell 27.102630464833158 29.090767853471174 0.0 1.0 1.0 1 0 0 0.0 1.0 0
cell 30.54860484269694 51.37274539174836 0.0 1.0 1.0 1 0 0 0.0 1.0 0
cell 40.28845307793539 16.011037676761703 0.0 1.0 1.0 1 0 0 0.0 1.0 0
cell 10.951266832994692 58.31081603405916 0.0 1.0 1.0 1 0 0 0.0 1.0 0
cell 23.55219756050259 21.99305281213221 0.0 1.0 1.0 1 0 0 0.0 1.0 0
cell 20.86375193792626 11.586135708912403 0.0 1.6431676725154984 0.6085806194501846 1 0 0 0.9912619066240738 -0.13190842458314092 3.4061806174133418
cell 8.27390256406441 20.292476757154652 0.0 1.0 1.0 1 0 0 0.0 1.0 0
cell 21.728336808317557 3.082323929314417 0.0 1.0 1.0 1 0 0 0.0 1.0 0
cell 18.540283095422144 19.336553307599765 0.0 1.0 1.0 1 0 0 0.0 1.0 0
cell 39.952413340888924 2.1477484507775015 0.0 1.0 1.0 1 0 0 0.0 1.0 0
cell 46.224399057106346 0.391865671366856 0.0 1.0 1.0 1 0 0 0.0 1.0 0
cell 24.701947128939594 16.621365182648596 0.0 1.0 1.0 1 0 0 0.0 1.0 0
cell 28.31255046186753 22.241243809312397 0.0 1.0 1.0 1 0 0 0.0 1.0 0
cell 45.307407642225236 14.564958570166253 0.0 1.0 1.0 1 0 0 0.0 1.0 0
cell 56.50645110944297 34.228613526651436 0.0 1.0 1.0 1 0 0 0.0 1.0 0
cell 56.62156816165744 36.25167562836638 0.0 1.0 1.0 1 0 0 0.0 1.0 0
cell 41.29018984242105 51.70805010700269 0.0 1.0 1.0 1 0 0 0.0 1.0 0
cell 52.72804985917384 2.8202948659332496 0.0 1.0 1.0 1 0 0 0.0 1.0 0
cell 0.9756184396089771 26.28732281987204 0.0 1.0 1.0 1 0 0 0.0 1.0 0
cell 54.90151498282375 19.401481643683926 0.0 1.0 1.0 1 0 0 0.0 1.0 0
cell 33.608648572573564 23.427207051492225 0.0 1.6431676725154984 0.6085806194501846 1 0 0 -0.004399613099535682 0.999990321655452 6.274386052593091
cell 16.69422745821719 15.083165951254722 0.0 1.0 1.0 1 0 0 0.0 1.0 0
cell 11.691289235066114 10.815526312953743 0.0 1.0 1.0 1 0 0 0.0 1.0 0
cell 14.395551727743735 12.806869353749647 0.0 1.0 1.0 1 0 0 0.0 1.0 0
cell 23.850696512196325 12.688711206354347 0.0 1.6431676725154984 0.6085806194501846 1 0 0 0.9937336939400065 -0.11177363521130287 3.3656080360947005
cell 41.93143174929451 58.27319547123137 0.0 1.0 1.0 1 0 0 0.0 1.0 0
cell 3.156186994410605 3.062071077280374 0.0 1.0 1.0 1 0 0 0.0 1.0 0
cell 46.182353664533146 43.92429237968328 0.0 1.0 1.0 1 0 0 0.0 1.0 0
cell 48.93121189446721 7.266902510475121 0.0 1.0 1.0 1 0 0 0.0 1.0 0
cell 27.406622354178367 1.7577161946704827 0.0 1.0 1.0 1 0 0 0.0 1.0 0
cell 21.15467148038545 9.98943710353828 0.0 1.0 1.0 1 0 0 0.0 1.0 0
cell 0.45703225878993464 12.480621872064946 0.0 1.6431676725154984 0.6085806194501846 1 0 0 0.8077721136738779 -0.5894948790030627 4.402459397338336
cell 18.45283656050476 29.07787011840626 0.0 1.0 1.0 1 0 0 0.0 1.0 0
cell 19.431635691518096 32.09538497743212 0.0 1.0 1.0 1 0 0 0.0 1.0 0
cell 33.98412367677219 28.08231276902122 0.0 1.0 1.0 1 0 0 0.0 1.0 0
cell 7.580973956955249 25.91605546651565 0.0 1.0 1.0 1 0 0 0.0 1.0 0
cell 22.603715308434502 54.56550203627622 0.0 1.0 1.0 1 0 0 0.0 1.0 0
cell 29.43680803727678 10.004745670345471 0.0 1.0 1.0 1 0 0 0.0 1.0 0
cell 29.2728779646276 36.95848859925709 0.0 1.6431676725154984 0.6085806194501846 1 0 0 0.13550405797302398 -0.9907767913474979 6.011340917032631
cell 45.33399536238931 42.85341621886459 0.0 1.6431676725154984 0.6085806194501846 1 0 0 0.3055638773412732 -0.9521715795297439 5.662124158279816
cell 20.29563562309581 41.06516162704964 0.0 1.6431676725154984 0.6085806194501846 1 0 0 -0.8186028178454932 0.5743600148125027 4.365236916767431
cell 28.797426669684945 44.99525829417829 0.0 1.6431676725154984 0.6085806194501846 1 0 0 0.5249461691234576 0.8511354296013098 1.1053037318081775
cell 5.522992550847948 8.657263886269613 0.0 1.6431676725154984 0.6085806194501846 1 0 0 0.004820196781216229 0.9999883827840154 0.009640430894117332
cell 48.876640353077505 16.054838489854934 0.0 1.0 1.0 1 0 0 0.0 1.0 0
cell 22.013228296607785 25.30260924565495 0.0 1.0 1.0 1 0 0 0.0 1.0 0
cell 6.35739641724741 15.216579621376688 0.0 1.0 1.0 1 0 0 0.0 1.0 0
cell 7.996891338776287 35.501061724686785 0.0 1.0 1.0 1 0 0 0.0 1.0 0
cell 38.706941875949596 17.183188911724056 0.0 1.0 1.0 1 0 0 0.0 1.0 0
cell 13.576708111891108 47.42316460215425 0.0 1.0 1.0 1 0 0 0.0 1.0 0
cell 26.38867740712313 27.265489749870827 0.0 1.0 1.0 1 0 0 0.0 1.0 0
cell 6.64466166407074 4.706930687695441 0.0 1.0 1.0 1 0 0 0.0 1.0 0
cell 8.868199638157078 51.450538681873034 0.0 1.0 1.0 1 0 0 0.0 1.0 0
cell 38.976748692017125 55.67092121456243 0.0 1.0 1.0 1 0 0 0.0 1.0 0
cell 51.98743468274155 25.027445961767366 0.0 1.0 1.0 1 0 0 0.0 1.0 0
cell 37.18451698774112 54.11299160246612 0.0 1.0 1.0 1 0 0 0.0 1.0 0
cell 4.170194294737913 24.359442318179624 0.0 1.0 1.0 1 0 0 0.0 1.0 0
cell 11.167204309742674 18.905677355208404 0.0 1.0 1.0 1 0 0 0.0 1.0 0
cell 9.894767325234826 21.326830642486108 0.0 1.0 1.0 1 0 0 0.0 1.0 0
cell 33.84874400677358 26.25781659329722 0.0 1.6431676725154984 0.6085806194501846 1 0 0 -0.3370631612057063 0.9414820366624188 5.5955937667598405
cell 4.772728876030931 7.378210520241832 0.0 1.6431676725154984 0.6085806194501846 1 0 0 0.13653713205025603 0.9906349537400196 0.2739299213066109
cell 13.075209951000456 33.630280050534274 0.0 1.0 1.0 1 0 0 0.0 1.0 0
cell 34.23745610070341 43.397139259565876 0.0 1.0 1.0 1 0 0 0.0 1.0 0
cell 5.530840235682713 52.41980291120998 0.0 1.0 1.0 1 0 0 0.0 1.0 0
cell 33.55202021791074 45.97236525160069 0.0 1.6431676725154984 0.6085806194501846 1 0 0 -0.0572286550302297 -0.9983610975210477 0.11451987920333462
cell 49.34760658862808 28.8531646475264 0.0 1.0 1.0 1 0 0 0.0 1.0 0
cell 25.88567944623517 47.85033256189613 0.0 1.6431676725154984 0.6085806194501846 1 0 0 0.8936801044895334 -0.4487046588119814 4.07222338276611
cell 32.81066478581162 54.759479002760685 0.0 1.6431676725154984 0.6085806194501846 1 0 0 0.8563071217010019 0.5164669527899589 2.056152891142591
cell 39.56425105275492 34.35313126779031 0.0 1.6431676725154984 0.6085806194501846 1 0 0 0.99999168004186 -0.004079196864376112 3.149751069944452
cell 49.111840237970085 23.6536185240518 0.0 1.0 1.0 1 0 0 0.0 1.0 0
cell 0.8579582250505958 17.86555308514701 0.0 1.0 1.0 1 0 0 0.0 1.0 0
cell 19.455410595550383 56.099054358187516 0.0 1.0 1.0 1 0 0 0.0 1.0 0
cell 33.16061156151515 29.940864438560915 0.0 1.0 1.0 1 0 0 0.0 1.0 0
cell 21.048803707746135 23.865404566477512 0.0 1.0 1.0 1 0 0 0.0 1.0 0
cell 42.136811085126155 6.862031213653344 0.0 1.0 1.0 1 0 0 0.0 1.0 0
cell 15.003590117881956 30.557363748241663 0.0 1.0 1.0 1 0 0 0.0 1.0 0
cell 29.668570629821705 25.68385956738003 0.0 1.6431676725154984 0.6085806194501846 1 0 0 -0.10437945913134285 0.9945375450486765 6.074045444367597
cell 34.98173039190646 11.397866422601712 0.0 1.6431676725154984 0.6085806194501846 1 0 0 0.02718518391989229 -0.9996304145909335 6.228808240184548
cell 18.60404755957597 33.90757119034411 0.0 1.0 1.0 1 0 0 0.0 1.0 0
cell 36.69823532259393 2.868252314787881 0.0 1.0 1.0 1 0 0 0.0 1.0 0
cell 10.723007649796271 17.43125829166176 0.0 1.6431676725154984 0.6085806194501846 1 0 0 0.940278069646714 0.3404073320912009 2.4468925187138306
cell 52.78781863986984 6.344043838226328 0.0 1.0 1.0 1 0 0 0.0 1.0 0
cell 18.8215722315757 27.175438089914635 0.0 1.0 1.0 1 0 0 0.0 1.0 0
cell 16.787020873771986 40.87795448540916 0.0 1.0 1.0 1 0 0 0.0 1.0 0
cell 19.29941502384306 7.0822153379925785 0.0 1.0 1.0 1 0 0 0.0 1.0 0
cell 28.049838305712214 3.6829170892872503 0.0 1.0 1.0 1 0 0 0.0 1.0 0
cell 26.692375924308887 36.57160757494942 0.0 1.0 1.0 1 0 0 0.0 1.0 0
cell 34.33053130882462 51.732455968239 0.0 1.0 1.0 1 0 0 0.0 1.0 0
cell 6.121629174025949 41.99725963746455 0.0 1.0 1.0 1 0 0 0.0 1.0 0
cell 11.805254382265364 44.05596417396432 0.0 1.0 1.0 1 0 0 0.0 1.0 0
cell 23.811248759184338 14.678403171897386 0.0 1.6431676725154984 0.6085806194501846 1 0 0 0.9635667815733872 -0.2674678624588464 3.6831210328512087
cell 22.62078307886876 34.12758011711948 0.0 1.6431676725154984 0.6085806194501846 1 0 0 0.6568749692331436 -0.7539995190946455 4.849852040257917
cell 9.524994280020078 53.346189998810466 0.0 1.0 1.0 1 0 0 0.0 1.0 0
cell 37.055159254313615 36.72761074755112 0.0 1.0 1.0 1 0 0 0.0 1.0 0
cell 57.45817288343705 15.112581358271084 0.0 1.0 1.0 1 0 0 0.0 1.0 0
cell 53.5692429483356 36.78210724558434 0.0 1.0 1.0 1 0 0 0.0 1.0 0
cell 52.230242166306226 0.9236768943932909 0.0 1.0 1.0 1 0 0 0.0 1.0 0
cell 51.07424570647911 18.221825756804748 0.0 1.0 1.0 1 0 0 0.0 1.0 0
cell 43.29717010556163 51.85962043203009 0.0 1.0 1.0 1 0 0 0.0 1.0 0
cell 15.545295411787155 32.49717823342194 0.0 1.0 1.0 1 0 0 0.0 1.0 0
cell 44.163520798144816 40.863272821321424 0.0 1.6431676725154984 0.6085806194501846 1 0 0 -0.009141950911350479 -0.9999582114936276 0.01828415651260773
cell 51.109829497789946 32.12168224723657 0.0 1.0 1.0 1 0 0 0.0 1.0 0
cell 54.98167870588966 35.41422787168527 0.0 1.0 1.0 1 0 0 0.0 1.0 0
cell 42.08195747807662 8.897974015692446 0.0 1.0 1.0 1 0 0 0.0 1.0 0
cell 16.173760700810465 44.32799187975772 0.0 1.0 1.0 1 0 0 0.0 1.0 0
cell 6.998081580962162 38.719989183078965 0.0 1.0 1.0 1 0 0 0.0 1.0 0
cell 3.867882933825684 58.899238848385686 0.0 1.0 1.0 1 0 0 0.0 1.0 0
cell 43.58305493062818 13.762349550573507 0.0 1.0 1.0 1 0 0 0.0 1.0 0
cell 1.9389187772613394 46.21989797061669 0.0 1.0 1.0 1 0 0 0.0 1.0 0
cell 13.673537257204433 31.990606595585948 0.0 1.0 1.0 1 0 0 0.0 1.0 0
cell 55.58445227635604 14.56767116041965 0.0 1.0 1.0 1 0 0 0.0 1.0 0
cell 41.07326081495046 26.659051746718575 0.0 1.0 1.0 1 0 0 0.0 1.0 0
cell 18.90390388903691 37.12269092068546 0.0 1.0 1.0 1 0 0 0.0 1.0 0
cell 51.88587636516397 52.909180494789254 0.0 1.0 1.0 1 0 0 0.0 1.0 0
cell 0.1351102715183729 3.72151024720504 0.0 1.0 1.0 1 0 0 0.0 1.0 0
cell 0.5670845172876863 47.59338471976209 0.0 1.0 1.0 1 0 0 0.0 1.0 0
cell 34.39741792619569 15.070922556907156 0.0 1.6431676725154984 0.6085806194501846 1 0 0 0.7885918937066593 0.6149169254298867 1.8170314201464846
cell 28.217060428983192 0.014394377631455058 0.0 1.0 1.0 1 0 0 0.0 1.0 0
cell 39.139039395393446 46.235190101295494 0.0 1.0 1.0 1 0 0 0.0 1.0 0
cell 7.942379918052525 27.84828335122984 0.0 1.0 1.0 1 0 0 0.0 1.0 0
cell 21.433125836805473 35.073236707888576 0.0 1.6431676725154984 0.6085806194501846 1 0 0 0.694274122168038 -0.7197106663707301 4.748363626040146
cell 37.656110673732925 47.79773017830607 0.0 1.6431676725154984 0.6085806194501846 1 0 0 -0.350667986896849 0.9364998467515685 5.5666167296117814
cell 23.409674633696063 39.22054717353862 0.0 1.6431676725154984 0.6085806194501846 1 0 0 0.8812088967274565 -0.4727270674801465 4.126358468310942
cell 26.715127782962814 8.698909400391818 0.0 1.0 1.0 1 0 0 0.0 1.0 0
cell 30.23499312259204 22.727761800648395 0.0 1.0 1.0 1 0 0 0.0 1.0 0
cell 33.903009092668725 49.82095636449564 0.0 1.6431676725154984 0.6085806194501846 1 0 0 0.2479434238741714 0.9687745137840658 0.501113625933743
cell 4.799299609508027 29.887569851503578 0.0 1.6431676725154984 0.6085806194501846 1 0 0 0.9261769828235349 -0.3770891094793028 3.9148953900887618
cell 17.169465300852426 23.968079735090114 0.0 1.0 1.0 1 0 0 0.0 1.0 0
cell 17.935571035095823 48.83276163032543 0.0 1.6431676725154984 0.6085806194501846 1 0 0 0.9701200884457308 -0.24262525423798606 3.6317347573104817
cell 6.656840956614976 56.16276047023262 0.0 1.0 1.0 1 0 0 0.0 1.0 0
cell 51.66821292782437 26.714605872042487 0.0 1.6431676725154984 0.6085806194501846 1 0 0 0.9338551538819262 -0.3576514386496494 3.873096191202587
cell 32.31413450177721 58.52045583362833 0.0 1.6431676725154984 0.6085806194501846 1 0 0 0.9260966836458304 0.37728627398859177 2.3678641387361172
cell 3.57382939316651 51.93847134980645 0.0 1.0 1.0 1 0 0 0.0 1.0 0
cell 52.66285261610225 40.11539253073841 0.0 1.0 1.0 1 0 0 0.0 1.0 0
cell 23.83600886207756 0.41040646531823916 0.0 1.0 1.0 1 0 0 0.0 1.0 0
cell 7.803232201582181 8.079538507906367 0.0 1.6431676725154984 0.6085806194501846 1 0 0 0.14576439304547506 0.9893193325312531 0.2925711480429541
cell 40.26925619700549 37.29056969531495 0.0 1.0 1.0 1 0 0 0.0 1.0 0
cell 45.69713241924674 48.7024847413556 0.0 1.0 1.0 1 0 0 0.0 1.0 0
cell 7.055640639277763 45.8394640023748 0.0 1.0 1.0 1 0 0 0.0 1.0 0
cell 10.271642213613168 49.90273045199113 0.0 1.0 1.0 1 0 0 0.0 1.0 0
cell 41.61730567421516 18.824459855560672 0.0 1.0 1.0 1 0 0 0.0 1.0 0
cell 6.23873621011878 49.16827854964423 0.0 1.0 1.0 1 0 0 0.0 1.0 0
cell 12.399833452440978 40.21815295081224 0.0 1.6431676725154984 0.6085806194501846 1 0 0 -0.5002813621988843 -0.8658628982907333 1.0478473903255345
cell 14.471652971992484 52.65000262499882 0.0 1.6431676725154984 0.6085806194501846 1 0 0 0.24090490468463363 -0.9705487246392567 5.79658909256912
cell 56.5382724055683 18.261421926493014 0.0 1.0 1.0 1 0 0 0.0 1.0 0
cell 21.957385166746352 20.919572174922386 0.0 1.0 1.0 1 0 0 0.0 1.0 0
cell 55.42618394626427 51.884746680206156 0.0 1.0 1.0 1 0 0 0.0 1.0 0
cell 27.74338952185839 18.91376862193073 0.0 1.6431676725154984 0.6085806194501846 1 0 0 0.8547661027336985 -0.5190134002291699 4.232985277721468
cell 37.30081723940383 4.729862484670828 0.0 1.0 1.0 1 0 0 0.0 1.0 0
cell 16.152170760886026 5.514613428040021 0.0 1.6431676725154984 0.6085806194501846 1 0 0 0.012037153813433931 0.9999275508395954 0.024074889031508437
cell 40.68248698848591 22.3510781134823 0.0 1.6431676725154984 0.6085806194501846 1 0 0 0.5763030689144324 0.8172360569381449 1.2283954724026542
cell 5.701821702555806 10.17192164580239 0.0 1.0 1.0 1 0 0 0.0 1.0 0
cell 9.020174270497394 17.25133342064521 0.0 1.0 1.0 1 0 0 0.0 1.0 0
cell 1.0923589855425302 22.016656339809987 0.0 1.0 1.0 1 0 0 0.0 1.0 0
cell 26.098768941086806 52.05356537761365 0.0 1.6431676725154984 0.6085806194501846 1 0 0 0.4439056843965758 -0.8960735144843908 5.363279993755534
cell 32.41714614329934 51.45160074768541 0.0 1.6431676725154984 0.6085806194501846 1 0 0 0.47742856369421866 0.8786705677151565 0.99545173980748
cell 25.148819376252458 28.836794993730805 0.0 1.0 1.0 1 0 0 0.0 1.0 0
cell 48.18193373502729 34.64639627362132 0.0 1.0 1.0 1 0 0 0.0 1.0 0
cell 4.248975601609162 34.13438025878993 0.0 1.0 1.0 1 0 0 0.0 1.0 0
cell 43.36857465607786 53.65330903114517 0.0 1.6431676725154984 0.6085806194501846 1 0 0 0.43533065730789394 -0.9002706364243349 5.382374245714933
cell 47.71549358996822 32.738463112888475 0.0 1.0 1.0 1 0 0 0.0 1.0 0
cell 9.250910428842152 48.303449136284996 0.0 1.0 1.0 1 0 0 0.0 1.0 0
cell 29.934455452600698 57.797744018224165 0.0 1.6431676725154984 0.6085806194501846 1 0 0 0.7812338969771359 0.6242384145612299 1.7932800468817536
cell 51.875924216327405 36.06199327064355 0.0 1.0 1.0 1 0 0 0.0 1.0 0
cell 56.435355108809176 48.441490612070496 0.0 1.0 1.0 1 0 0 0.0 1.0 0
cell 43.208257386895674 26.51043488712696 0.0 1.0 1.0 1 0 0 0.0 1.0 0
cell 0.07954698229511231 45.661870409576274 0.0 1.0 1.0 1 0 0 0.0 1.0 0
cell 49.99100250535027 52.19996535521329 0.0 1.0 1.0 1 0 0 0.0 1.0 0
cell 1.5004373257626162 44.257292588751255 0.0 1.0 1.0 1 0 0 0.0 1.0 0
cell 38.85044440112981 35.83467623933737 0.0 1.0 1.0 1 0 0 0.0 1.0 0
cell 27.825035132938957 5.331138773521577 0.0 1.0 1.0 1 0 0 0.0 1.0 0
cell 15.01651576787988 49.418985952529155 0.0 1.0 1.0 1 0 0 0.0 1.0 0
cell 56.618583482570806 26.267260996144948 0.0 1.0 1.0 1 0 0 0.0 1.0 0
cell 7.188590015536535 16.98512541633258 0.0 1.0 1.0 1 0 0 0.0 1.0 0
cell 58.298591449688026 27.268574297037382 0.0 1.0 1.0 1 0 0 0.0 1.0 0
cell 25.07618753671595 31.65840574393211 0.0 1.6431676725154984 0.6085806194501846 1 0 0 0.7887693321089503 -0.6146893042215721 4.465576666792083
cell 43.79467675037619 17.637209218445243 0.0 1.0 1.0 1 0 0 0.0 1.0 0
cell 15.129375436517076 41.52164694390361 0.0 1.6431676725154984 0.6085806194501846 1 0 0 -0.04643918107176857 -0.9989211192388433 0.09291177812407359
cell 51.79968048379893 58.12961643180865 0.0 1.0 1.0 1 0 0 0.0 1.0 0
cell 0.4839530367934334 40.39971062348145 0.0 1.0 1.0 1 0 0 0.0 1.0 0
cell 36.38422826893347 25.051298825679293 0.0 1.6431676725154984 0.6085806194501846 1 0 0 0.3256220108693445 -0.9455000296337407 5.619846270993832
cell 38.76581248175884 33.026695162572 0.0 1.0 1.0 1 0 0 0.0 1.0 0
cell 31.525120920913142 15.92471529762192 0.0 1.6431676725154984 0.6085806194501846 1 0 0 0.8844347236968361 0.4666639256673921 2.1705626073113686
cell 27.032451520934828 39.44331619431782 0.0 1.6431676725154984 0.6085806194501846 1 0 0 0.9956762854083842 -0.09289098274516149 3.3276428390852044
cell 13.531790259504847 15.867622012972845 0.0 1.0 1.0 1 0 0 0.0 1.0 0
cell 33.6709895001887 1.4074903513748995 0.0 1.0 1.0 1 0 0 0.0 1.0 0
cell 4.16414511677375 53.78242091399369 0.0 1.0 1.0 1 0 0 0.0 1.0 0
cell 49.80922885493054 42.79355243144525 0.0 1.0 1.0 1 0 0 0.0 1.0 0
cell 7.353290402260815 6.532500010661532 0.0 1.0 1.0 1 0 0 0.0 1.0 0
cell 53.51768504804056 22.28128907579347 0.0 1.0 1.0 1 0 0 0.0 1.0 0
cell 3.2956383456702913 57.03505974451147 0.0 1.0 1.0 1 0 0 0.0 1.0 0
cell 29.553263731707496 6.2622414614426365 0.0 1.0 1.0 1 0 0 0.0 1.0 0
cell 47.716414814385054 3.4878922069349723 0.0 1.6431676725154984 0.6085806194501846 1 0 0 0.7589203434020234 0.6511834705907045 1.7233070357467892
cell 21.196876368978103 31.462402417171038 0.0 1.0 1.0 1 0 0 0.0 1.0 0
cell 36.84800229270254 41.22138983009548 0.0 1.6431676725154984 0.6085806194501846 1 0 0 -0.036306281155224066 -0.9993407096424511 0.07262852410730058
cell 17.982621868877686 8.02950729386478 0.0 1.0 1.0 1 0 0 0.0 1.0 0
cell 7.508480374869756 40.66951602759042 0.0 1.0 1.0 1 0 0 0.0 1.0 0
cell 23.027814893904658 44.71964615471408 0.0 1.6431676725154984 0.6085806194501846 1 0 0 0.6725813629497066 -0.7400231822130405 4.807802304010362
cell 31.901564782865965 4.8071205999756605 0.0 1.0 1.0 1 0 0 0.0 1.0 0
cell 17.468624900448475 42.76329217564144 0.0 1.0 1.0 1 0 0 0.0 1.0 0
cell 46.87607199587129 13.411557239926996 0.0 1.0 1.0 1 0 0 0.0 1.0 0
cell 44.62498552819234 31.001416796685984 0.0 1.0 1.0 1 0 0 0.0 1.0 0
cell 2.5956452864767825 25.35046742090325 0.0 1.0 1.0 1 0 0 0.0 1.0 0
cell 36.096678894562366 51.90326797008824 0.0 1.6431676725154984 0.6085806194501846 1 0 0 0.5797505504381097 0.8147940226012392 1.236845013717229
cell 12.672240199581838 20.020692893040597 0.0 1.0 1.0 1 0 0 0.0 1.0 0
cell 55.15584007247605 57.16001968290548 0.0 1.0 1.0 1 0 0 0.0 1.0 0
cell 11.005879650157825 2.7948115782492793 0.0 1.0 1.0 1 0 0 0.0 1.0 0
cell 12.928459724978838 9.440324584437748 0.0 1.0 1.0 1 0 0 0.0 1.0 0
cell 1.9168079766754564 4.393497560963501 0.0 1.0 1.0 1 0 0 0.0 1.0 0
cell 26.340083106183723 38.22820671981752 0.0 1.6431676725154984 0.6085806194501846 1 0 0 0.999904970549295 0.013785857637945324 3.114020064905717
cell 49.32924226280083 25.564598488508143 0.0 1.0 1.0 1 0 0 0.0 1.0 0
cell 40.68116699723461 32.8138633273894 0.0 1.0 1.0 1 0 0 0.0 1.0 0
cell 26.90579317293047 34.65217399538591 0.0 1.0 1.0 1 0 0 0.0 1.0 0
cell 34.112180450883564 37.327292104399156 0.0 1.6431676725154984 0.6085806194501846 1 0 0 0.8016262491761978 0.5978255235699629 1.8600211039761396
cell 1.350758198801028 56.58825981318812 0.0 1.0 1.0 1 0 0 0.0 1.0 0
cell 43.68356477099521 7.742159780754653 0.0 1.0 1.0 1 0 0 0.0 1.0 0
cell 1.871646852055367 31.29626917851073 0.0 1.6431676725154984 0.6085806194501846 1 0 0 0.9937946965317358 0.11122994716080402 2.918671470371888
cell 45.84411636453327 35.74913085488304 0.0 1.0 1.0 1 0 0 0.0 1.0 0
cell 34.74111478618574 2.942730295805957 0.0 1.0 1.0 1 0 0 0.0 1.0 0
cell 34.37592460187912 33.83703235146271 0.0 1.6431676725154984 0.6085806194501846 1 0 0 -0.018639288783121263 -0.9998262733663581 0.037280736476863474
cell 49.99899413055747 50.17200110103608 0.0 1.0 1.0 1 0 0 0.0 1.0 0
cell 28.361491161648512 8.538120565847523 0.0 1.6431676725154984 0.6085806194501846 1 0 0 0.8104401061357455 0.5858215038445428 1.8898059768533393
cell 55.947764052567216 46.54634960685154 0.0 1.0 1.0 1 0 0 0.0 1.0 0
cell 6.109411122132063 54.27014796847506 0.0 1.0 1.0 1 0 0 0.0 1.0 0
cell 1.7446337415814097 13.277259812488056 0.0 1.6431676725154984 0.6085806194501846 1 0 0 0.7907385369686584 -0.612154037928907 4.459156276833758
cell 14.352305612840873 18.964292834970927 0.0 1.0 1.0 1 0 0 0.0 1.0 0
cell 39.284529252733925 0.029462367856580664 0.0 1.0 1.0 1 0 0 0.0 1.0 0
cell 38.18623283627957 28.26304766645167 0.0 1.6431676725154984 0.6085806194501846 1 0 0 0.7649824715423311 0.6440510990853028 1.7420282280872197
cell 11.652076116585727 46.777426845142195 0.0 1.0 1.0 1 0 0 0.0 1.0 0
cell 54.45597649504574 40.71041711375389 0.0 1.0 1.0 1 0 0 0.0 1.0 0
cell 5.2430368507315075 16.69498307208816 0.0 1.0 1.0 1 0 0 0.0 1.0 0
cell 43.71011610455043 48.49511755179212 0.0 1.0 1.0 1 0 0 0.0 1.0 0
cell 6.113159200857784 34.79875072780385 0.0 1.0 1.0 1 0 0 0.0 1.0 0
cell 42.305746996247095 28.142912597805818 0.0 1.0 1.0 1 0 0 0.0 1.0 0
cell 6.894507895714525 51.05912825917982 0.0 1.0 1.0 1 0 0 0.0 1.0 0
cell 16.639093478425572 34.112156239686165 0.0 1.0 1.0 1 0 0 0.0 1.0 0
cell 19.277795648517852 47.712085955559395 0.0 1.0 1.0 1 0 0 0.0 1.0 0
cell 0.24547079661965418 32.417325145946876 0.0 1.6431676725154984 0.6085806194501846 1 0 0 0.9980974212571264 -0.06165661099893721 3.264984139523857
cell 31.224783798635826 2.8125507238105314 0.0 1.6431676725154984 0.6085806194501846 1 0 0 0.9329698372569774 0.35995455653275066 2.405154284430266
cell 13.836744964560477 1.1675753015646213 0.0 1.0 1.0 1 0 0 0.0 1.0 0
cell 18.775692818593164 39.09346688385159 0.0 1.0 1.0 1 0 0 0.0 1.0 0
cell 47.06429311491696 15.326846822360412 0.0 1.0 1.0 1 0 0 0.0 1.0 0
cell 4.382844475995898 19.710586769186797 0.0 1.0 1.0 1 0 0 0.0 1.0 0
cell 46.214387563573595 45.79887023521681 0.0 1.0 1.0 1 0 0 0.0 1.0 0
cell 33.81079091468763 41.76568165035312 0.0 1.6431676725154984 0.6085806194501846 1 0 0 -0.06202200482957746 0.9980747822267226 6.159061632257175
cell 55.30506519425127 37.438818791786574 0.0 1.0 1.0 1 0 0 0.0 1.0 0
cell 39.54553823790959 39.59666558874065 0.0 1.0 1.0 1 0 0 0.0 1.0 0
cell 2.7011572370062717 8.117975784846836 0.0 1.0 1.0 1 0 0 0.0 1.0 0
cell 47.283012215693276 17.244122634610378 0.0 1.0 1.0 1 0 0 0.0 1.0 0
cell 40.441544846790634 10.065839518007124 0.0 1.0 1.0 1 0 0 0.0 1.0 0
cell 33.07314806521906 44.52167175139464 0.0 1.6431676725154984 0.6085806194501846 1 0 0 -0.21767798330158908 -0.9760206430121 0.43886954321135185
cell 6.644689518060916 43.92312928183768 0.0 1.0 1.0 1 0 0 0.0 1.0 0
cell 39.607418515604685 53.790908381750334 0.0 1.0 1.0 1 0 0 0.0 1.0 0
cell 45.986922292978825 24.044450813929316 0.0 1.0 1.0 1 0 0 0.0 1.0 0
cell 56.849209575858296 50.435741849099806 0.0 1.0 1.0 1 0 0 0.0 1.0 0
cell 4.540992452579783 11.784421041096873 0.0 1.0 1.0 1 0 0 0.0 1.0 0
cell 50.81889927897659 2.2698555399877796 0.0 1.0 1.0 1 0 0 0.0 1.0 0
cell 54.9391265080006 42.64594883723533 0.0 1.0 1.0 1 0 0 0.0 1.0 0
cell 9.693973398964335 10.38795002229588 0.0 1.0 1.0 1 0 0 0.0 1.0 0
cell 38.15444452900488 1.684680580435791 0.0 1.0 1.0 1 0 0 0.0 1.0 0
cell 45.267051344600716 6.6073271663936115 0.0 1.0 1.0 1 0 0 0.0 1.0 0
cell 56.30685068519038 41.29751543470982 0.0 1.0 1.0 1 0 0 0.0 1.0 0
cell 9.830276146984712 28.514009626787853 0.0 1.0 1.0 1 0 0 0.0 1.0 0
cell 16.78009694717704 45.92973847141556 0.0 1.0 1.0 1 0 0 0.0 1.0 0
cell 50.659391906586194 54.214305939030716 0.0 1.0 1.0 1 0 0 0.0 1.0 0
cell 54.73339596143136 10.727518402293933 0.0 1.0 1.0 1 0 0 0.0 1.0 0
cell 55.15423836515652 25.287343448866455 0.0 1.0 1.0 1 0 0 0.0 1.0 0
cell 14.795088935769012 34.33573582563233 0.0 1.0 1.0 1 0 0 0.0 1.0 0
cell 53.68396417140589 4.592704416413849 0.0 1.0 1.0 1 0 0 0.0 1.0 0
cell 53.343966553278364 34.7542584575858 0.0 1.0 1.0 1 0 0 0.0 1.0 0
cell 57.4376441956296 8.424862397242046 0.0 1.6431676725154984 0.6085806194501846 1 0 0 0.9805744601619676 -0.19614721022249065 3.5364471544749305
cell 34.284405448357745 21.69103540621736 0.0 1.6431676725154984 0.6085806194501846 1 0 0 0.6121788156669222 0.7907193545428394 1.3176262938674348
cell 20.961332520380328 16.72652561180414 0.0 1.6431676725154984 0.6085806194501846 1 0 0 0.9674829989619482 -0.25293605262910795 3.6530202334421604
cell 12.611651734859702 18.04461525198862 0.0 1.0 1.0 1 0 0 0.0 1.0 0
cell 21.092768966529913 45.48746477870914 0.0 1.6431676725154984 0.6085806194501846 1 0 0 -0.30812330412140576 0.9513464297811327 5.6567458530045736
cell 24.068034452243072 10.105159646450524 0.0 1.0 1.0 1 0 0 0.0 1.0 0
cell 47.13758769010357 47.34045262366174 0.0 1.0 1.0 1 0 0 0.0 1.0 0
cell 58.088037857067 34.96794273296063 0.0 1.6431676725154984 0.6085806194501846 1 0 0 0.9464054150592114 0.3229810990547308 2.483837215900925
cell 41.99728824457194 10.91671557337319 0.0 1.0 1.0 1 0 0 0.0 1.0 0
cell 33.32722208420086 12.453772289788013 0.0 1.6431676725154984 0.6085806194501846 1 0 0 0.9987080114416538 -0.05081641351234391 3.2432692727301045
cell 2.6607235826554936 29.367733837116944 0.0 1.0 1.0 1 0 0 0.0 1.0 0
cell 11.991780328892041 15.309176738994681 0.0 1.0 1.0 1 0 0 0.0 1.0 0
cell 55.01193602732925 12.69548396572803 0.0 1.0 1.0 1 0 0 0.0 1.0 0
cell 31.27125295318103 6.468483399185537 0.0 1.0 1.0 1 0 0 0.0 1.0 0
cell 18.575597062527965 41.10702792130201 0.0 1.0 1.0 1 0 0 0.0 1.0 0
cell 53.22058516523921 56.71167945838274 0.0 1.0 1.0 1 0 0 0.0 1.0 0
cell 31.823825711118168 31.458491517235302 0.0 1.0 1.0 1 0 0 0.0 1.0 0
cell 20.232017730718688 44.28265502001268 0.0 1.6431676725154984 0.6085806194501846 1 0 0 -0.5409194656527527 0.8410743912864905 5.140125448566491
cell 17.24538462106925 20.67698054391978 0.0 1.0 1.0 1 0 0 0.0 1.0 0
cell 58.415007615643106 13.357778433684059 0.0 1.0 1.0 1 0 0 0.0 1.0 0
cell 20.911655949578485 38.199937055839676 0.0 1.6431676725154984 0.6085806194501846 1 0 0 0.5616876792384968 -0.8273493524453086 5.0903367996093705
cell 56.52749269956853 55.707753625483925 0.0 1.0 1.0 1 0 0 0.0 1.0 0
cell 8.097476114211725 54.75961997075159 0.0 1.0 1.0 1 0 0 0.0 1.0 0
cell 21.93163853525095 46.94865499513866 0.0 1.0 1.0 1 0 0 0.0 1.0 0
cell 50.775591533179174 7.6198854860692204 0.0 1.0 1.0 1 0 0 0.0 1.0 0
cell 2.3521831105831823 40.912409719256736 0.0 1.0 1.0 1 0 0 0.0 1.0 0
cell 58.450202731151556 21.083400817130077 0.0 1.0 1.0 1 0 0 0.0 1.0 0
cell 23.60485266081947 17.87410147996203 0.0 1.6431676725154984 0.6085806194501846 1 0 0 0.9519371031814402 -0.30629357091935205 3.76418668461753
cell 21.520460833136216 39.69812980106607 0.0 1.6431676725154984 0.6085806194501846 1 0 0 -0.6416524770067161 0.766995501128361 4.889883687438884
cell 58.21268385607555 31.104378715754592 0.0 1.0 1.0 1 0 0 0.0 1.0 0
cell 0.9379617974723872 28.261778184767763 0.0 1.0 1.0 1 0 0 0.0 1.0 0
cell 19.07823367697351 14.805115318829106 0.0 1.6431676725154984 0.6085806194501846 1 0 0 0.8556022086387183 -0.5176339059340561 4.229759086060147
cell 11.200484309523862 29.84411177703147 0.0 1.0 1.0 1 0 0 0.0 1.0 0
cell 53.78439943064409 50.64931195077499 0.0 1.0 1.0 1 0 0 0.0 1.0 0
cell 7.365665339319324 13.650290581381931 0.0 1.0 1.0 1 0 0 0.0 1.0 0
cell 33.11325301059921 9.950341478519128 0.0 1.0 1.0 1 0 0 0.0 1.0 0
cell 12.623616304252442 28.43683766270649 0.0 1.0 1.0 1 0 0 0.0 1.0 0
cell 54.60258039102637 17.606074798763725 0.0 1.0 1.0 1 0 0 0.0 1.0 0
cell 41.375968925747316 43.30771461088018 0.0 1.6431676725154984 0.6085806194501846 1 0 0 0.19880660482327733 -0.9800387410090691 5.882905171154912
cell 0.5844566379823983 0.6901443366825365 0.0 1.0 1.0 1 0 0 0.0 1.0 0
cell 32.497158391075665 18.54571292632029 0.0 1.6431676725154984 0.6085806194501846 1 0 0 0.42623438520222323 0.9046127618330856 0.880651986143926
cell 3.404034230570746 13.43086425660224 0.0 1.0 1.0 1 0 0 0.0 1.0 0
cell 54.709271153195495 2.928639428417429 0.0 1.0 1.0 1 0 0 0.0 1.0 0
cell 7.043771177844959 18.56321286733277 0.0 1.6431676725154984 0.6085806194501846 1 0 0 0.9980436601046507 0.06252081673260773 3.0164694149499804
cell 54.55103341393205 47.938674367251444 0.0 1.0 1.0 1 0 0 0.0 1.0 0
cell 25.078099542781384 35.30925266853319 0.0 1.0 1.0 1 0 0 0.0 1.0 0
cell 34.37789388233891 58.79023913767762 0.0 1.0 1.0 1 0 0 0.0 1.0 0
cell 53.39355798942051 26.20767541304852 0.0 1.0 1.0 1 0 0 0.0 1.0 0
cell 3.831407761873627 46.695294809998494 0.0 1.0 1.0 1 0 0 0.0 1.0 0
cell 14.998276973236564 39.78261252973972 0.0 1.0 1.0 1 0 0 0.0 1.0 0
cell 4.736194708824821 43.38488891365515 0.0 1.0 1.0 1 0 0 0.0 1.0 0
cell 9.429798499259165 26.579376719365623 0.0 1.0 1.0 1 0 0 0.0 1.0 0
cell 36.409350924231504 20.67083956956339 0.0 1.6431676725154984 0.6085806194501846 1 0 0 0.47460262140351933 -0.8802001770943401 5.294160281483747
cell 49.2896577971721 19.819627369503305 0.0 1.0 1.0 1 0 0 0.0 1.0 0
cell 5.748751096192404 32.82887869547721 0.0 1.0 1.0 1 0 0 0.0 1.0 0
cell 35.54811373435317 35.90926576580245 0.0 1.6431676725154984 0.6085806194501846 1 0 0 0.756364625022888 0.6541502533928929 1.7154754289584317
cell 45.80728525604872 55.879078606003276 0.0 1.0 1.0 1 0 0 0.0 1.0 0
cell 4.096383056832324 15.197034656024647 0.0 1.0 1.0 1 0 0 0.0 1.0 0
cell 53.09007584830544 42.11444899296789 0.0 1.0 1.0 1 0 0 0.0 1.0 0
cell 20.003860085175525 8.35270101273817 0.0 1.0 1.0 1 0 0 0.0 1.0 0
cell 1.0526571572104657 6.9631728004802405 0.0 1.0 1.0 1 0 0 0.0 1.0 0
cell 8.51370838841254 12.024438697826278 0.0 1.0 1.0 1 0 0 0.0 1.0 0
cell 19.7534056377695 1.8567717954826641 0.0 1.0 1.0 1 0 0 0.0 1.0 0
cell 20.144928777994107 30.206991151903193 0.0 1.0 1.0 1 0 0 0.0 1.0 0
cell 53.25965594946077 20.47305567581123 0.0 1.0 1.0 1 0 0 0.0 1.0 0
cell 54.793677762166624 33.3913834270189 0.0 1.0 1.0 1 0 0 0.0 1.0 0
cell 22.962067577454565 27.20976295327723 0.0 1.6431676725154984 0.6085806194501846 1 0 0 -0.9261539722381856 0.37714562135524 3.9150174241686115
cell 36.6888917333186 23.119407215332995 0.0 1.6431676725154984 0.6085806194501846 1 0 0 0.19570833550809916 0.9806621474354199 0.39395940295485016
cell 14.415459259936002 8.125308813190038 0.0 1.0 1.0 1 0 0 0.0 1.0 0
cell 59.04841174917814 58.01996011758738 0.0 1.0 1.0 1 0 0 0.0 1.0 0
cell 5.61008197001648 40.036357402323105 0.0 1.0 1.0 1 0 0 0.0 1.0 0
cell 41.6595410181481 2.8405612147812866 0.0 1.0 1.0 1 0 0 0.0 1.0 0
cell 25.13859797609206 41.41843617361212 0.0 1.0 1.0 1 0 0 0.0 1.0 0
cell 56.90522501294172 9.68728547171348 0.0 1.0 1.0 1 0 0 0.0 1.0 0
cell 21.835047210431203 43.426664473588055 0.0 1.0 1.0 1 0 0 0.0 1.0 0
cell 52.56742578924362 54.77727324694119 0.0 1.0 1.0 1 0 0 0.0 1.0 0
cell 30.068199474212502 17.761578456235256 0.0 1.6431676725154984 0.6085806194501846 1 0 0 0.9589649441571199 -0.28352466537804416 3.716527877328472
cell 42.47445806309326 39.707560687620315 0.0 1.6431676725154984 0.6085806194501846 1 0 0 0.4573329135479623 -0.8892955673935028 5.333197752175491
cell 23.46853949449203 35.7451685148447 0.0 1.6431676725154984 0.6085806194501846 1 0 0 0.6865590960511703 -0.7270740042316187 4.769693553421794
cell 35.03330095350569 6.269727603279989 0.0 1.0 1.0 1 0 0 0.0 1.0 0
cell 4.711314473731724 55.68534294257085 0.0 1.0 1.0 1 0 0 0.0 1.0 0
cell 33.81926642901193 4.697573624473378 0.0 1.0 1.0 1 0 0 0.0 1.0 0
cell 50.67042471443722 23.904788337483566 0.0 1.6431676725154984 0.6085806194501846 1 0 0 0.6725096854965067 -0.7400883210221532 4.807996012262713
cell 43.169202950521964 32.09797542187209 0.0 1.0 1.0 1 0 0 0.0 1.0 0
cell 16.256079360353215 10.50842352175398 0.0 1.6431676725154984 0.6085806194501846 1 0 0 0.9179165296790005 -0.3967735431478018 3.9575910255647333
cell 45.11475127947427 10.602713616085214 0.0 1.0 1.0 1 0 0 0.0 1.0 0
cell 47.32286258858051 20.905014484770472 0.0 1.0 1.0 1 0 0 0.0 1.0 0
cell 38.07611152901842 22.31671752553688 0.0 1.6431676725154984 0.6085806194501846 1 0 0 0.5333200085574715 0.8459135703322523 1.125040985060598
cell 23.589097865272816 7.381986296722984 0.0 1.0 1.0 1 0 0 0.0 1.0 0
cell 3.766144933942505 9.938660467321155 0.0 1.0 1.0 1 0 0 0.0 1.0 0
cell 15.776865711431155 1.3488416164526238 0.0 1.0 1.0 1 0 0 0.0 1.0 0
cell 52.70299559358509 17.041313069149535 0.0 1.0 1.0 1 0 0 0.0 1.0 0
cell 58.27937476158453 48.99580201033196 0.0 1.0 1.0 1 0 0 0.0 1.0 0
cell 14.10444306061349 36.18213882147172 0.0 1.0 1.0 1 0 0 0.0 1.0 0
cell 12.237373302072639 23.80761608613497 0.0 1.0 1.0 1 0 0 0.0 1.0 0
cell 4.439737009717184 1.761140326538137 0.0 1.0 1.0 1 0 0 0.0 1.0 0
cell 27.931502427548395 53.96688180621849 0.0 1.0 1.0 1 0 0 0.0 1.0 0
cell 49.620433805890116 33.302700515448265 0.0 1.0 1.0 1 0 0 0.0 1.0 0
cell 13.3309401339686 5.447831016281913 0.0 1.6431676725154984 0.6085806194501846 1 0 0 -0.1591117737980242 0.9872605752479162 5.963603507402126
cell 26.727342972823426 23.46885118991624 0.0 1.0 1.0 1 0 0 0.0 1.0 0
cell 14.90726205139963 58.65067393104105 0.0 1.0 1.0 1 0 0 0.0 1.0 0
cell 53.25830974433327 12.033391830782739 0.0 1.0 1.0 1 0 0 0.0 1.0 0
cell 41.55602893227835 53.64337856391133 0.0 1.0 1.0 1 0 0 0.0 1.0 0
cell 58.58350150725445 36.54998175421958 0.0 1.0 1.0 1 0 0 0.0 1.0 0
cell 29.569909759199827 55.282571968248924 0.0 1.0 1.0 1 0 0 0.0 1.0 0
cell 4.6738941577005875 36.147350307903665 0.0 1.0 1.0 1 0 0 0.0 1.0 0
cell 16.673473119553677 53.84570724640586 0.0 1.0 1.0 1 0 0 0.0 1.0 0
cell 3.927043089844481 22.38696362020571 0.0 1.0 1.0 1 0 0 0.0 1.0 0
cell 10.573671284749564 39.73037550436211 0.0 1.0 1.0 1 0 0 0.0 1.0 0
cell 14.624591794135549 2.9749383410655628 0.0 1.0 1.0 1 0 0 0.0 1.0 0
cell 37.119243388551595 29.244131460012113 0.0 1.6431676725154984 0.6085806194501846 1 0 0 0.6431747100367889 0.7657194606179815 1.3972742632329902
cell 45.442103609146145 16.490014727063443 0.0 1.0 1.0 1 0 0 0.0 1.0 0
cell 27.580661143776677 55.91850511265647 0.0 1.0 1.0 1 0 0 0.0 1.0 0
cell 29.61705134642458 3.236888496370158 0.0 1.6431676725154984 0.6085806194501846 1 0 0 0.8606973406661164 0.509116968652858 2.0732755938588285
cell 1.8542207074087498 9.860923979555988 0.0 1.0 1.0 1 0 0 0.0 1.0 0
cell 33.93383624873796 8.138603575863387 0.0 1.0 1.0 1 0 0 0.0 1.0 0
cell 19.380064194956194 42.88117223396897 0.0 1.0 1.0 1 0 0 0.0 1.0 0
cell 56.56436965834301 28.26251463260233 0.0 1.0 1.0 1 0 0 0.0 1.0 0
cell 48.14003636062323 43.19745858787304 0.0 1.0 1.0 1 0 0 0.0 1.0 0
cell 51.26090021510592 56.296452794414314 0.0 1.0 1.0 1 0 0 0.0 1.0 0
cell 14.31400350696868 21.375631744279705 0.0 1.6431676725154984 0.6085806194501846 1 0 0 0.8215691576362928 -0.5701088661131244 4.354869371794437
cell 17.448857244121267 55.67944492960393 0.0 1.0 1.0 1 0 0 0.0 1.0 0
cell 41.89279186414764 12.947712706100033 0.0 1.0 1.0 1 0 0 0.0 1.0 0
cell 30.1258321548177 14.81306389649837 0.0 1.6431676725154984 0.6085806194501846 1 0 0 0.6458449433634053 0.7634686038940435 1.4042589649178185
cell 53.09084020493994 10.09483179572333 0.0 1.0 1.0 1 0 0 0.0 1.0 0
cell 9.073284975355447 24.615725977367628 0.0 1.0 1.0 1 0 0 0.0 1.0 0
cell 22.27685499084617 58.273023091213375 0.0 1.0 1.0 1 0 0 0.0 1.0 0
cell 42.54107977136549 50.1117084888095 0.0 1.0 1.0 1 0 0 0.0 1.0 0
cell 43.82098213361987 58.95896973284109 0.0 1.0 1.0 1 0 0 0.0 1.0 0
cell 19.72493195375071 35.29924150373233 0.0 1.0 1.0 1 0 0 0.0 1.0 0
cell 40.550983745871605 6.09529860173831 0.0 1.0 1.0 1 0 0 0.0 1.0 0
cell 43.66162755906249 15.707381324693245 0.0 1.0 1.0 1 0 0 0.0 1.0 0
cell 19.06034596729244 53.00687411058583 0.0 1.6431676725154984 0.6085806194501846 1 0 0 0.9999833470093029 0.005771109431640869 3.1300503706552636
cell 50.07288128476444 35.23685963040571 0.0 1.0 1.0 1 0 0 0.0 1.0 0
cell 58.20088312643071 41.80714038845351 0.0 1.0 1.0 1 0 0 0.0 1.0 0
cell 20.610342363703825 54.615813707179704 0.0 1.0 1.0 1 0 0 0.0 1.0 0
cell 19.867524602763147 17.844847032046296 0.0 1.0 1.0 1 0 0 0.0 1.0 0
cell 45.15842842584333 57.715077986995524 0.0 1.0 1.0 1 0 0 0.0 1.0 0
cell 44.164401663360096 28.864663532743904 0.0 1.0 1.0 1 0 0 0.0 1.0 0
cell 58.792668625613544 50.926106175161685 0.0 1.0 1.0 1 0 0 0.0 1.0 0
cell 51.974494539914154 23.195482223923996 0.0 1.0 1.0 1 0 0 0.0 1.0 0
cell 36.397587983054095 16.863056279688475 0.0 1.6431676725154984 0.6085806194501846 1 0 0 -0.2228852424861673 -0.9748446895182239 0.449546337208683
cell 8.742773530151478 46.377667617864375 0.0 1.0 1.0 1 0 0 0.0 1.0 0
cell 26.39385050919309 19.69061370952681 0.0 1.0 1.0 1 0 0 0.0 1.0 0
cell 50.97789002607955 39.65579325574827 0.0 1.0 1.0 1 0 0 0.0 1.0 0
cell 45.188869369983614 12.587455928631115 0.0 1.0 1.0 1 0 0 0.0 1.0 0
cell 7.458075525102433 47.79920571767333 0.0 1.0 1.0 1 0 0 0.0 1.0 0
cell 31.733584716623653 1.1070655953402382 0.0 1.6431676725154984 0.6085806194501846 1 0 0 0.9546910788478616 0.29759862897585065 2.537240001242762
cell 11.213214542678337 33.75197815397704 0.0 1.0 1.0 1 0 0 0.0 1.0 0
cell 49.691075408690175 39.172810665194085 0.0 1.6431676725154984 0.6085806194501846 1 0 0 0.3627223851951381 -0.9318972428751734 5.540810157518075
cell 33.06046940773024 6.4337413451213985 0.0 1.0 1.0 1 0 0 0.0 1.0 0
cell 46.85152749951038 11.481440949793386 0.0 1.0 1.0 1 0 0 0.0 1.0 0
cell 20.852014243841804 6.604386907931715 0.0 1.0 1.0 1 0 0 0.0 1.0 0
cell 16.03674511890077 51.07273375089787 0.0 1.0 1.0 1 0 0 0.0 1.0 0
cell 52.313025928635916 15.32000107609707 0.0 1.0 1.0 1 0 0 0.0 1.0 0
cell 46.4167042223758 34.19205164901959 0.0 1.0 1.0 1 0 0 0.0 1.0 0
cell 40.28106484555572 4.14995389336838 0.0 1.0 1.0 1 0 0 0.0 1.0 0
cell 46.40892300474681 5.027033727425295 0.0 1.0 1.0 1 0 0 0.0 1.0 0
cell 29.210962341850674 38.63351099780931 0.0 1.6431676725154984 0.6085806194501846 1 0 0 0.9993675549609695 0.035559669449161155 3.070458317873182
cell 42.078586420270206 16.889559410415067 0.0 1.0 1.0 1 0 0 0.0 1.0 0
cell 44.7347840961521 1.7037868765071742 0.0 1.0 1.0 1 0 0 0.0 1.0 0
cell 42.21959443972255 37.11548834598549 0.0 1.0 1.0 1 0 0 0.0 1.0 0
cell 22.585729712842845 30.02319323589163 0.0 1.6431676725154984 0.6085806194501846 1 0 0 0.7768523127945746 -0.6296828440617709 4.503882426150191
cell 28.191935052567672 27.368592639024346 0.0 1.0 1.0 1 0 0 0.0 1.0 0
cell 9.491203837636986 7.581545324219169 0.0 1.0 1.0 1 0 0 0.0 1.0 0
cell 18.16614888536918 46.60627070812708 0.0 1.6431676725154984 0.6085806194501846 1 0 0 0.38225494818525574 -0.9240569000813139 5.498714630603866
cell 16.08840317197276 26.99984856213816 0.0 1.0 1.0 1 0 0 0.0 1.0 0
cell 55.04876576672865 21.298885330844797 0.0 1.0 1.0 1 0 0 0.0 1.0 0
cell 2.6359175552449425 11.566968824608272 0.0 1.0 1.0 1 0 0 0.0 1.0 0
cell 4.977588043779053 3.6949270530029166 0.0 1.0 1.0 1 0 0 0.0 1.0 0
cell 7.651322779661685 10.557246851434162 0.0 1.0 1.0 1 0 0 0.0 1.0 0
cell 39.16693323492088 44.47953137809832 0.0 1.6431676725154984 0.6085806194501846 1 0 0 0.2579761230247378 0.9661512924739714 0.5218536650825395
cell 48.714335018676884 53.8235987449452 0.0 1.0 1.0 1 0 0 0.0 1.0 0
cell 51.371893544067284 43.10732626678838 0.0 1.0 1.0 1 0 0 0.0 1.0 0
cell 2.575480028263805 18.91546845987038 0.0 1.0 1.0 1 0 0 0.0 1.0 0
cell 24.211009888943185 38.58872740174968 0.0 1.6431676725154984 0.6085806194501846 1 0 0 0.9270546904522236 -0.3749261272711358 3.9102268292019433
cell 24.24983959443608 25.23024145022429 0.0 1.6431676725154984 0.6085806194501846 1 0 0 0.3044649683048751 -0.952523534131893 5.664431947923598
cell 35.78328040993855 27.137207020013477 0.0 1.0 1.0 1 0 0 0.0 1.0 0
cell 32.54805468745468 56.91435898311195 0.0 1.6431676725154984 0.6085806194501846 1 0 0 0.9359722226686884 0.35207385360551147 2.4220208452289556
cell 44.93317381086037 4.040802463666792 0.0 1.0 1.0 1 0 0 0.0 1.0 0
cell 14.034174323790284 27.210092634432904 0.0 1.0 1.0 1 0 0 0.0 1.0 0
cell 18.284307385237252 44.55814663065807 0.0 1.0 1.0 1 0 0 0.0 1.0 0
cell 10.432132330964025 45.18741464926753 0.0 1.0 1.0 1 0 0 0.0 1.0 0
cell 6.0501669898215145 27.174555742643765 0.0 1.0 1.0 1 0 0 0.0 1.0 0
cell 39.87471426262341 31.149962785093823 0.0 1.0 1.0 1 0 0 0.0 1.0 0
cell 55.61156116443755 4.41227381842298 0.0 1.0 1.0 1 0 0 0.0 1.0 0
cell 39.199580921363996 24.656055002422427 0.0 1.6431676725154984 0.6085806194501846 1 0 0 0.1283161417579231 0.9917333148404165 0.25734179629524767
cell 31.24224723130222 56.2519445163265 0.0 1.6431676725154984 0.6085806194501846 1 0 0 0.7702392394712422 0.6377550579797564 1.7584323885120523
cell 47.15070399184104 57.69506397358199 0.0 1.0 1.0 1 0 0 0.0 1.0 0
cell 11.57176117408806 21.578634882982573 0.0 1.0 1.0 1 0 0 0.0 1.0 0
cell 9.445926674436913 34.29423023371508 0.0 1.0 1.0 1 0 0 0.0 1.0 0
cell 18.800344190182724 10.834672595170241 0.0 1.6431676725154984 0.6085806194501846 1 0 0 0.999919769468074 -0.012667068599861888 3.166927468335029
cell 53.66735787169758 24.21183091463646 0.0 1.0 1.0 1 0 0 0.0 1.0 0
cell 35.66472054033478 4.5708885866141316 0.0 1.0 1.0 1 0 0 0.0 1.0 0
cell 40.87352567305324 35.6764614250299 0.0 1.0 1.0 1 0 0 0.0 1.0 0
cell 41.939628718276246 14.912136406257288 0.0 1.0 1.0 1 0 0 0.0 1.0 0
cell 46.642595242380516 28.158560208755905 0.0 1.0 1.0 1 0 0 0.0 1.0 0
cell 11.871932063156684 1.0216388565885979 0.0 1.0 1.0 1 0 0 0.0 1.0 0
cell 18.373741986184626 30.732999032969218 0.0 1.0 1.0 1 0 0 0.0 1.0 0
cell 12.936860072362544 58.438198281529075 0.0 1.0 1.0 1 0 0 0.0 1.0 0
cell 15.693462325444848 42.76638674641413 0.0 1.0 1.0 1 0 0 0.0 1.0 0
cell 38.746110130584924 11.107837444394937 0.0 1.0 1.0 1 0 0 0.0 1.0 0
cell 46.70586377983768 9.68247863236517 0.0 1.0 1.0 1 0 0 0.0 1.0 0
cell 32.13162390719144 8.228466015480926 0.0 1.0 1.0 1 0 0 0.0 1.0 0
cell 14.702943193268018 25.598782355215032 0.0 1.0 1.0 1 0 0 0.0 1.0 0
cell 38.48962280084166 20.46696215414477 0.0 1.6431676725154984 0.6085806194501846 1 0 0 0.5686473173577905 0.8225814418413464 1.209720965171264
cell 50.31827205733859 5.87772163945229 0.0 1.0 1.0 1 0 0 0.0 1.0 0
cell 39.60902773335261 48.149800584259985 0.0 1.0 1.0 1 0 0 0.0 1.0 0
cell 37.116043573366206 11.778449304718809 0.0 1.0 1.0 1 0 0 0.0 1.0 0
cell 43.418644435824625 3.2780345933243673 0.0 1.0 1.0 1 0 0 0.0 1.0 0
cell 32.80093560505536 3.140827126052428 0.0 1.0 1.0 1 0 0 0.0 1.0 0
cell 13.912402127128848 42.64704493432549 0.0 1.6431676725154984 0.6085806194501846 1 0 0 -0.32068552060209854 -0.9471857245947919 0.6529062867185225
cell 31.82836790647652 37.995474482219365 0.0 1.6431676725154984 0.6085806194501846 1 0 0 0.7248695618333622 0.6888861432250685 1.6216900578797229
cell 34.56913934513256 54.600247753828306 0.0 1.6431676725154984 0.6085806194501846 1 0 0 0.9350211558657527 0.3545919317799993 2.416637444767928
cell 50.40377078980973 37.1281343391245 0.0 1.0 1.0 1 0 0 0.0 1.0 0
cell 47.08187480447802 37.18960805760607 0.0 1.0 1.0 1 0 0 0.0 1.0 0
cell 57.20754822366384 3.678732429942445 0.0 1.0 1.0 1 0 0 0.0 1.0 0
cell 16.242270496448487 57.22874553584466 0.0 1.0 1.0 1 0 0 0.0 1.0 0
cell 48.88804455455163 37.97457055863321 0.0 1.0 1.0 1 0 0 0.0 1.0 0
cell 58.60416713818234 5.1429565028166495 0.0 1.0 1.0 1 0 0 0.0 1.0 0
cell 0.8635994512414218 30.127028608810484 0.0 1.0 1.0 1 0 0 0.0 1.0 0
cell 49.59895770639304 41.094401867051715 0.0 1.0 1.0 1 0 0 0.0 1.0 0
cell 17.936120541226913 12.711309092642813 0.0 1.0 1.0 1 0 0 0.0 1.0 0
cell 14.815667699506326 45.800520608241975 0.0 1.0 1.0 1 0 0 0.0 1.0 0
cell 35.097643402377585 24.421706092912803 0.0 1.6431676725154984 0.6085806194501846 1 0 0 -0.21376614522758214 0.9768848627932262 5.852328098063248
cell 26.504194432318965 46.69881957401965 0.0 1.6431676725154984 0.6085806194501846 1 0 0 0.9424010048322864 -0.33448519562320994 3.823710469969257
cell 47.81210709486156 41.77748290606987 0.0 1.6431676725154984 0.6085806194501846 1 0 0 0.3432310236211892 -0.9392510124689516 5.5824758172317
cell 16.79951837297649 39.201842117805235 0.0 1.0 1.0 1 0 0 0.0 1.0 0
cell 27.206469813334323 42.514614859584704 0.0 1.0 1.0 1 0 0 0.0 1.0 0
cell 26.157499754806118 30.65787855978233 0.0 1.0 1.0 1 0 0 0.0 1.0 0
cell 23.528760038063155 41.63134759201209 0.0 1.6431676725154984 0.6085806194501846 1 0 0 0.7312914340170358 -0.6820651277798238 4.642758404744681
cell 56.20456644935859 16.438887604186327 0.0 1.0 1.0 1 0 0 0.0 1.0 0
cell 54.81612694393284 6.239237101431557 0.0 1.0 1.0 1 0 0 0.0 1.0 0
cell 16.096727188992347 7.5168257994506025 0.0 1.0 1.0 1 0 0 0.0 1.0 0
cell 15.171346389969335 15.888345861582865 0.0 1.0 1.0 1 0 0 0.0 1.0 0
cell 7.849563352101987 3.5019256005003716 0.0 1.0 1.0 1 0 0 0.0 1.0 0
cell 45.285830424229026 37.59394422207457 0.0 1.0 1.0 1 0 0 0.0 1.0 0
cell 13.639962920346445 37.9373519383911 0.0 1.0 1.0 1 0 0 0.0 1.0 0
cell 16.40765705992024 16.983887292451517 0.0 1.0 1.0 1 0 0 0.0 1.0 0
cell 15.386485172046159 37.81531503800012 0.0 1.0 1.0 1 0 0 0.0 1.0 0
cell 10.206528862235277 46.990615382295466 0.0 1.6431676725154984 0.6085806194501846 1 0 0 0.8223168925275053 -0.5690298131591237 4.352243757205354
cell 41.116999604073015 0.8035518099290755 0.0 1.0 1.0 1 0 0 0.0 1.0 0
cell 39.064475541796035 29.63799747787192 0.0 1.0 1.0 1 0 0 0.0 1.0 0
cell 19.777076739530248 13.585238801617127 0.0 1.0 1.0 1 0 0 0.0 1.0 0
cell 45.61942585598304 18.385432351707546 0.0 1.0 1.0 1 0 0 0.0 1.0 0
cell 11.85694758790902 37.58866979810061 0.0 1.6431676725154984 0.6085806194501846 1 0 0 0.5410109139310869 0.8410155712039166 1.143277322078863
cell 47.78761599110448 55.810878273123116 0.0 1.0 1.0 1 0 0 0.0 1.0 0
cell 31.602868584493024 13.537175562626672 0.0 1.0 1.0 1 0 0 0.0 1.0 0
cell 16.282184522758175 8.986129998069055 0.0 1.0 1.0 1 0 0 0.0 1.0 0
cell 31.832709190393818 53.25444739013101 0.0 1.0 1.0 1 0 0 0.0 1.0 0
cell 21.707528726218428 12.896201381735695 0.0 1.6431676725154984 0.6085806194501846 1 0 0 0.985046655270757 -0.1722878026439904 3.487896117487495
cell 44.44389226025578 34.335046096814025 0.0 1.0 1.0 1 0 0 0.0 1.0 0
cell 49.852211250546745 44.67322311465924 0.0 1.0 1.0 1 0 0 0.0 1.0 0
cell 8.009812134350643 42.582881395657516 0.0 1.0 1.0 1 0 0 0.0 1.0 0
cell 1.945593231457111 58.41230948967111 0.0 1.0 1.0 1 0 0 0.0 1.0 0
cell 7.841751769022596 31.75985777089243 0.0 1.0 1.0 1 0 0 0.0 1.0 0
cell 21.626119944291204 28.51188003468672 0.0 1.6431676725154984 0.6085806194501846 1 0 0 0.655003728265462 -0.7556256453815903 4.85481019822548
cell 8.440901437972919 37.403068782822736 0.0 1.0 1.0 1 0 0 0.0 1.0 0
cell 25.936248823797754 10.272366737861478 0.0 1.0 1.0 1 0 0 0.0 1.0 0
cell 18.608794183113453 54.40472330805081 0.0 1.0 1.0 1 0 0 0.0 1.0 0
cell 4.280755476727286 26.39060073684737 0.0 1.0 1.0 1 0 0 0.0 1.0 0
cell 25.215275431753444 56.097577724727806 0.0 1.6431676725154984 0.6085806194501846 1 0 0 0.9616450830793549 -0.2742967994514347 3.6973094107178897
cell 57.67592887146039 0.36681977762214474 0.0 1.0 1.0 1 0 0 0.0 1.0 0
cell 15.43717978542479 14.047551554363835 0.0 1.6431676725154984 0.6085806194501846 1 0 0 0.905182850773312 0.42502236019520206 2.2636194778427545
cell 9.308624382308555 13.747744284685346 0.0 1.0 1.0 1 0 0 0.0 1.0 0
cell 17.853285316049536 35.63021241440457 0.0 1.0 1.0 1 0 0 0.0 1.0 0
cell 12.87304672861695 45.604074834301564 0.0 1.0 1.0 1 0 0 0.0 1.0 0
cell 17.73768843893273 9.719150824162721 0.0 1.0 1.0 1 0 0 0.0 1.0 0
cell 44.30260511689382 39.33983462039198 0.0 1.0 1.0 1 0 0 0.0 1.0 0
cell 55.43100972942753 44.5833427543634 0.0 1.0 1.0 1 0 0 0.0 1.0 0
cell 29.805765890850097 53.279813419054776 0.0 1.0 1.0 1 0 0 0.0 1.0 0
cell 28.81378691928944 35.23637543083624 0.0 1.0 1.0 1 0 0 0.0 1.0 0
cell 41.35578542010092 41.95221876664075 0.0 1.6431676725154984 0.6085806194501846 1 0 0 0.20830284852496145 -0.9780643758446511 5.863506459879167
cell 16.42717364363248 2.958481149991785 0.0 1.0 1.0 1 0 0 0.0 1.0 0
cell 5.229034239442848 21.266137950084524 0.0 1.0 1.0 1 0 0 0.0 1.0 0
cell 11.037178210310737 8.92276440858896 0.0 1.0 1.0 1 0 0 0.0 1.0 0
cell 9.835846104597751 4.149887365031352 0.0 1.0 1.0 1 0 0 0.0 1.0 0
cell 21.814134855961196 18.652652393929486 0.0 1.0 1.0 1 0 0 0.0 1.0 0
cell 37.9759725283934 52.43361883321234 0.0 1.6431676725154984 0.6085806194501846 1 0 0 0.5343004611478981 0.8452946333777019 1.1273599248065969
cell 26.0089775841196 50.11934422850904 0.0 1.6431676725154984 0.6085806194501846 1 0 0 0.1666281769663196 -0.9860198023573771 5.9483672198442905
cell 17.236502867288625 37.525215190937836 0.0 1.0 1.0 1 0 0 0.0 1.0 0
cell 12.732487110259552 25.7155108600816 0.0 1.0 1.0 1 0 0 0.0 1.0 0
cell 22.306150380452017 36.94161649567757 0.0 1.6431676725154984 0.6085806194501846 1 0 0 0.6992723608870045 -0.7148553457165407 4.7344270948467555
cell 47.707200401967334 49.167789569988706 0.0 1.0 1.0 1 0 0 0.0 1.0 0
cell 16.679818192106175 30.828483179470865 0.0 1.0 1.0 1 0 0 0.0 1.0 0
cell 40.56775088726275 8.053287347592663 0.0 1.0 1.0 1 0 0 0.0 1.0 0
cell 12.495829792584386 52.171455824194915 0.0 1.0 1.0 1 0 0 0.0 1.0 0
