1000
 Lattice="59.74940712514713 0.0 0.0 0.0 59.74940712514713 0.0 0.0 0.0 1.0"Properties=species:S:1:pos:R:3:aspherical_shape:R:3:orientation:R:4:Color:R:1
cell 21.231783192173594 31.135545015131026 0.0 1.0 1.0 1 0 0 0.0 1.0 0
cell 55.90923490252989 41.12501743924601 0.0 1.0 1.0 1 0 0 0.0 1.0 0
cell 30.12662401451581 6.589130995743512 0.0 1.6431676725154984 0.6085806194501846 1 0 0 0.9350337086143454 0.35455882975171177 2.41670824916819
cell 54.44975869818014 5.54862420341245 0.0 1.6431676725154984 0.6085806194501846 1 0 0 0.9257920137408209 0.3780332621525726 2.3662506764918207
cell 48.99727323440964 57.09892762300586 0.0 1.0 1.0 1 0 0 0.0 1.0 0
cell 15.448268800077942 32.12135985170447 0.0 1.6431676725154984 0.6085806194501846 1 0 0 0.4234760454339034 0.905907301518021 0.8745579633489187
cell 29.57120610437621 49.20716284940821 0.0 1.6431676725154984 0.6085806194501846 1 0 0 0.40098538805164124 -0.916084449474542 5.458000816882529
cell 40.10343813766071 27.01078324982689 0.0 1.0 1.0 1 0 0 0.0 1.0 0
cell 39.788035957761345 49.111766930114044 0.0 1.0 1.0 1 0 0 0.0 1.0 0
cell 24.4344537128102 50.6677908499226 0.0 1.6431676725154984 0.6085806194501846 1 0 0 0.7867567817135092 -0.617263125763885 4.472111167820327
cell 59.152996890331 56.05831962029195 0.0 1.0 1.0 1 0 0 0.0 1.0 0
cell 48.10115179947771 11.473033016043635 0.0 1.6431676725154984 0.6085806194501846 1 0 0 0.6525337609085045 0.7577596524456833 1.4218467908385999
cell 50.90284757674625 40.075274114563896 0.0 1.0 1.0 1 0 0 0.0 1.0 0
cell 54.78225023127056 32.75531316157058 0.0 1.0 1.0 1 0 0 0.0 1.0 0
cell 14.962252403852284 0.9394401317760565 0.0 1.0 1.0 1 0 0 0.0 1.0 0
cell 51.293220693582256 16.150977964113338 0.0 1.0 1.0 1 0 0 0.0 1.0 0
cell 44.845057653810564 14.946430064668116 0.0 1.0 1.0 1 0 0 0.0 1.0 0
cell 28.606638375659642 25.569617865782128 0.0 1.6431676725154984 0.6085806194501846 1 0 0 0.20181770621644884 -0.9794231023707431 5.876758383386283
cell 20.340692197766536 38.1907311066644 0.0 1.0 1.0 1 0 0 0.0 1.0 0
cell 47.764736567217774 59.4789041406235 0.0 1.0 1.0 1 0 0 0.0 1.0 0
cell 32.43075973629471 57.85568131483393 0.0 1.0 1.0 1 0 0 0.0 1.0 0
cell 48.749252385389255 9.563964942893232 0.0 1.6431676725154984 0.6085806194501846 1 0 0 0.44308180050650503 0.8964811866737158 0.9180668560949128
cell 46.282767026394865 23.45746567457643 0.0 1.6431676725154984 0.6085806194501846 1 0 0 -0.4453806809358958 -0.8953413031068531 0.9231987911635855
cell 31.317462970598832 59.42267691903255 0.0 1.0 1.0 1 0 0 0.0 1.0 0
cell 0.8251700590712263 55.20408445656813 0.0 1.0 1.0 1 0 0 0.0 1.0 0
cell 13.882876798761353 52.01045158440297 0.0 1.0 1.0 1 0 0 0.0 1.0 0
cell 59.50101051537198 47.41209095563186 0.0 1.6431676725154984 0.6085806194501846 1 0 0 0.17073629561836468 0.9853167599094813 0.3431537775139398
cell 24.712490810028847 58.661188815809574 0.0 1.6431676725154984 0.6085806194501846 1 0 0 0.7707675313898243 -0.6371164827213593 4.523095365348703
cell 50.90706406849562 57.22575785257522 0.0 1.0 1.0 1 0 0 0.0 1.0 0
cell 12.180925925788763 35.088361942988406 0.0 1.6431676725154984 0.6085806194501846 1 0 0 0.9441384175067378 -0.32954915959212067 3.813244693937303
cell 8.117332569989081 22.30851519351713 0.0 1.0 1.0 1 0 0 0.0 1.0 0
cell 39.0204855099385 31.496911754513814 0.0 1.0 1.0 1 0 0 0.0 1.0 0
cell 42.9575195061987 7.3473328031661165 0.0 1.6431676725154984 0.6085806194501846 1 0 0 0.9999999982320984 -5.946262061471685e-05 3.1417115788310928
cell 43.966710874721365 54.61376838024503 0.0 1.0 1.0 1 0 0 0.0 1.0 0
cell 18.94525902880628 29.30862273615355 0.0 1.6431676725154984 0.6085806194501846 1 0 0 0.5796961587708197 0.814832721180462 1.2367115066611443
cell 51.81722740133373 27.706169775494125 0.0 1.6431676725154984 0.6085806194501846 1 0 0 0.7659855488105165 0.6428577906609297 1.745146015439664
cell 58.96350213095419 54.08290170511619 0.0 1.0 1.0 1 0 0 0.0 1.0 0
cell 57.88300499929278 38.23217788712649 0.0 1.0 1.0 1 0 0 0.0 1.0 0
cell 35.98853632626721 30.341243120689953 0.0 1.6431676725154984 0.6085806194501846 1 0 0 0.7218333007109962 -0.6920669664018566 4.6702899178766035
cell 12.634209617526583 10.39650004276752 0.0 1.6431676725154984 0.6085806194501846 1 0 0 0.9210145234921252 -0.38952823712354095 3.9418312861837697
cell 35.2820079669087 0.674103090948935 0.0 1.6431676725154984 0.6085806194501846 1 0 0 0.9692414684575762 0.24611171411007896 2.6442596140608132
cell 27.799681857447368 31.983592843358746 0.0 1.6431676725154984 0.6085806194501846 1 0 0 0.41806186764148257 0.9084185570672341 0.8626214929606837
cell 19.521170651638975 25.645007690669367 0.0 1.6431676725154984 0.6085806194501846 1 0 0 0.9839419380448599 0.17848883034107535 2.782691844604637
cell 31.77312515860631 10.424951423256418 0.0 1.6431676725154984 0.6085806194501846 1 0 0 0.04417526086420208 0.9990237966773262 0.08837928231681401
cell 25.274066437650013 44.98992589498069 0.0 1.0 1.0 1 0 0 0.0 1.0 0
cell 2.975650306090803 43.20011128952831 0.0 1.0 1.0 1 0 0 0.0 1.0 0
cell 21.631901660945434 11.398158691011043 0.0 1.0 1.0 1 0 0 0.0 1.0 0
cell 20.772741534441558 47.766014100599946 0.0 1.0 1.0 1 0 0 0.0 1.0 0
cell 20.78817695637917 3.8604784829097767 0.0 1.6431676725154984 0.6085806194501846 1 0 0 0.7106263058417311 -0.7035696507423657 4.7024093216253116
cell 18.721040531278557 49.11805241892842 0.0 1.6431676725154984 0.6085806194501846 1 0 0 0.6581616638221216 -0.7528766328389377 4.846436512645748
cell 46.485734581793615 9.07652077209134 0.0 1.6431676725154984 0.6085806194501846 1 0 0 0.23097172589576048 0.9729604626277132 0.46615259157142347
cell 48.64064133227323 4.829922531399441 0.0 1.0 1.0 1 0 0 0.0 1.0 0
cell 49.47642214163138 48.711846228414494 0.0 1.0 1.0 1 0 0 0.0 1.0 0
cell 13.104353965742463 20.734691098498587 0.0 1.0 1.0 1 0 0 0.0 1.0 0
cell 18.984614374282984 57.85812732799317 0.0 1.6431676725154984 0.6085806194501846 1 0 0 0.6389592148006319 -0.7692406137362743 4.896896305930874
cell 58.78183211318918 52.22898127805639 0.0 1.0 1.0 1 0 0 0.0 1.0 0
cell 3.223420871102446 11.877260283229067 0.0 1.6431676725154984 0.6085806194501846 1 0 0 0.777687330631265 -0.6286512672186523 4.501228066845654
cell 25.33452090952165 26.24461704511571 0.0 1.6431676725154984 0.6085806194501846 1 0 0 0.5529103377824369 -0.8332407565483769 5.1114793071272695
cell 14.994460014252164 29.61244428293055 0.0 1.6431676725154984 0.6085806194501846 1 0 0 0.5571372256059733 0.8304204428144089 1.1818688354421523
cell 11.763456686379941 44.617568488371845 0.0 1.0 1.0 1 0 0 0.0 1.0 0
cell 26.673216577195266 2.849475807157955 0.0 1.0 1.0 1 0 0 0.0 1.0 0
cell 12.078459123438517 54.862479914494806 0.0 1.0 1.0 1 0 0 0.0 1.0 0
cell 4.548254193398961 8.261604962090505 0.0 1.6431676725154984 0.6085806194501846 1 0 0 0.7908820829880003 -0.6119685701149706 4.458687219183027
cell 33.6405002267569 9.967632874691338 0.0 1.6431676725154984 0.6085806194501846 1 0 0 -0.07966811578801608 -0.9968214440544442 0.1595052662187335
cell 39.38011025879712 59.14258910638785 0.0 1.0 1.0 1 0 0 0.0 1.0 0
cell 52.652541819073775 37.2573893929526 0.0 1.0 1.0 1 0 0 0.0 1.0 0
cell 20.687786394964604 29.375635530203773 0.0 1.0 1.0 1 0 0 0.0 1.0 0
cell 58.119964564072234 45.76055542578495 0.0 1.0 1.0 1 0 0 0.0 1.0 0
cell 32.76186075515726 15.029916984507052 0.0 1.6431676725154984 0.6085806194501846 1 0 0 0.8981250594793008 0.4397401250003261 2.2309740534031923
cell 58.50885770058954 6.535888182790222 0.0 1.6431676725154984 0.6085806194501846 1 0 0 0.978733025698774 0.20513815931348078 2.7283829204650316
cell 51.80750746060224 48.200205834974426 0.0 1.6431676725154984 0.6085806194501846 1 0 0 -0.13524513141583885 -0.9908121690957941 0.2713217256370495
cell 45.59850084846989 25.11305696412873 0.0 1.6431676725154984 0.6085806194501846 1 0 0 0.43299300872833185 0.9013972788911595 0.8956210988796645
cell 4.502830955602314 4.429691263558316 0.0 1.0 1.0 1 0 0 0.0 1.0 0
cell 17.257348538247953 17.852302396728465 0.0 1.6431676725154984 0.6085806194501846 1 0 0 0.11332884936562534 0.9935575332618959 0.22714570143460946
cell 39.57635767230518 33.53002479493876 0.0 1.6431676725154984 0.6085806194501846 1 0 0 0.9379112093008971 0.34687542932258675 2.433117396612707
cell 57.15753245312307 53.348509520196885 0.0 1.0 1.0 1 0 0 0.0 1.0 0
cell 51.50288999546714 7.008335430797692 0.0 1.6431676725154984 0.6085806194501846 1 0 0 -0.9797530254277038 0.20020991275474118 3.544736987159654
cell 10.55540044519227 38.53353462565277 0.0 1.6431676725154984 0.6085806194501846 1 0 0 0.6031125589036206 -0.7976560921178543 4.988390286170344
cell 11.001778930249328 18.53437373359736 0.0 1.0 1.0 1 0 0 0.0 1.0 0
cell 34.117090197485226 40.82912635630907 0.0 1.6431676725154984 0.6085806194501846 1 0 0 -0.2656039024653429 -0.9640822407840426 0.537660539440072
cell 51.76904625838205 3.8456135196437806 0.0 1.6431676725154984 0.6085806194501846 1 0 0 0.9373175670621756 0.348476367170923 2.429702480033853
cell 26.496071604461882 19.90471982011631 0.0 1.6431676725154984 0.6085806194501846 1 0 0 0.9733076936298425 0.22950410349481068 2.678456341389858
cell 56.56827447603081 29.739614505499897 0.0 1.0 1.0 1 0 0 0.0 1.0 0
cell 47.674260637626915 27.59724283618917 0.0 1.6431676725154984 0.6085806194501846 1 0 0 -0.4554863081269927 -0.8902427888552887 0.9458368048914503
cell 36.42231798826052 14.086154009016145 0.0 1.0 1.0 1 0 0 0.0 1.0 0
cell 27.32897758471759 55.27011650748961 0.0 1.0 1.0 1 0 0 0.0 1.0 0
cell 59.518528912727476 44.30867575341567 0.0 1.0 1.0 1 0 0 0.0 1.0 0
cell 6.363808624131935 5.011050923892014 0.0 1.0 1.0 1 0 0 0.0 1.0 0
cell 19.387618899555417 59.74779573794904 0.0 1.6431676725154984 0.6085806194501846 1 0 0 0.6183272309612241 -0.7859207564709212 4.949960313053167
cell 56.46507360687943 31.725732475069734 0.0 1.0 1.0 1 0 0 0.0 1.0 0
cell 37.37791991399688 23.924336478984443 0.0 1.0 1.0 1 0 0 0.0 1.0 0
cell 56.59865545158955 4.431416813178249 0.0 1.6431676725154984 0.6085806194501846 1 0 0 0.9401058585970045 0.3408826405547648 2.4458814306135728
cell 37.508620361570465 58.46143899134932 0.0 1.0 1.0 1 0 0 0.0 1.0 0
cell 52.578623598906084 41.005783453077534 0.0 1.0 1.0 1 0 0 0.0 1.0 0
cell 45.04699687018801 45.218678823181136 0.0 1.0 1.0 1 0 0 0.0 1.0 0
cell 42.52112636472363 30.030070753812648 0.0 1.0 1.0 1 0 0 0.0 1.0 0
cell 46.53692627752065 21.940465333084262 0.0 1.0 1.0 1 0 0 0.0 1.0 0
cell 45.957743579230375 26.99326184205958 0.0 1.0 1.0 1 0 0 0.0 1.0 0
cell 48.29406237700826 15.510019787569089 0.0 1.6431676725154984 0.6085806194501846 1 0 0 0.5172454333229294 0.8558371116670362 1.0872584888468881
cell 55.888403654464774 5.94690631009736 0.0 1.6431676725154984 0.6085806194501846 1 0 0 0.9696510347480427 0.24449308949753573 2.647598889928554
cell 4.16482618409659 41.61374434733754 0.0 1.0 1.0 1 0 0 0.0 1.0 0
cell 57.39733454390367 41.93760000315539 0.0 1.0 1.0 1 0 0 0.0 1.0 0
cell 53.8984731709759 11.379550979719468 0.0 1.0 1.0 1 0 0 0.0 1.0 0
cell 24.49753682802291 15.04299061375929 0.0 1.6431676725154984 0.6085806194501846 1 0 0 0.24733829408540872 -0.9689291864109161 5.783320850082193
cell 56.21068344445338 45.27383287444167 0.0 1.0 1.0 1 0 0 0.0 1.0 0
cell 56.49465584705628 3.0474258177556552 0.0 1.6431676725154984 0.6085806194501846 1 0 0 -0.9090118208367476 -0.4167703319324213 2.2818137135155414
cell 42.99592993091113 0.006869596009849488 0.0 1.0 1.0 1 0 0 0.0 1.0 0
cell 28.39210218725082 20.56639856350228 0.0 1.6431676725154984 0.6085806194501846 1 0 0 -0.8057467366876494 -0.5922602437418907 1.8738704286534311
cell 38.04744610276739 41.79829414472388 0.0 1.0 1.0 1 0 0 0.0 1.0 0
cell 56.021395751164704 56.71325524222442 0.0 1.0 1.0 1 0 0 0.0 1.0 0
cell 54.32950267378427 7.248569116452493 0.0 1.6431676725154984 0.6085806194501846 1 0 0 -0.9989108339841924 -0.046659894438426656 3.0482389696980117
cell 51.74191920340648 8.519709702902162 0.0 1.0 1.0 1 0 0 0.0 1.0 0
cell 54.00629038837412 22.061223540867786 0.0 1.0 1.0 1 0 0 0.0 1.0 0
cell 45.69845916050351 6.407892667332796 0.0 1.6431676725154984 0.6085806194501846 1 0 0 0.999770282818137 0.021433189070746216 3.098722992765469
cell 9.947925794026578 22.806105897105002 0.0 1.0 1.0 1 0 0 0.0 1.0 0
cell 43.88994306609707 37.558324356263114 0.0 1.0 1.0 1 0 0 0.0 1.0 0
cell 41.577522580102894 13.502337574940647 0.0 1.0 1.0 1 0 0 0.0 1.0 0
cell 15.72697804040384 6.758404983877676 0.0 1.0 1.0 1 0 0 0.0 1.0 0
cell 49.76364869618744 8.160650128750252 0.0 1.0 1.0 1 0 0 0.0 1.0 0
cell 10.831304357925978 46.40975327579379 0.0 1.0 1.0 1 0 0 0.0 1.0 0
cell 18.943044106925726 55.05012166465316 0.0 1.6431676725154984 0.6085806194501846 1 0 0 0.6257716813487191 -0.7800062838349427 4.930944371407524
cell 1.5176507331821056 39.677862082840015 0.0 1.0 1.0 1 0 0 0.0 1.0 0
cell 47.85201926171605 40.104250603523525 0.0 1.0 1.0 1 0 0 0.0 1.0 0
cell 53.570627536718575 3.488474771882645 0.0 1.6431676725154984 0.6085806194501846 1 0 0 0.9423479065470094 0.3346347606368304 2.4591574155900733
cell 15.768742581480971 28.29747874796613 0.0 1.6431676725154984 0.6085806194501846 1 0 0 0.4095392054624346 0.9122925184332039 0.8438978194532002
cell 9.53118177421046 9.987680934081888 0.0 1.6431676725154984 0.6085806194501846 1 0 0 0.7778278661399031 -0.6284773748165045 4.500780903354652
cell 53.1510927594812 25.176725540116458 0.0 1.0 1.0 1 0 0 0.0 1.0 0
cell 49.78777027504025 16.967333918768414 0.0 1.6431676725154984 0.6085806194501846 1 0 0 0.7744096380454127 0.6326845284202648 1.771562910070736
cell 39.06272514473043 57.148196612810345 0.0 1.0 1.0 1 0 0 0.0 1.0 0
cell 29.287816518659238 21.782151666679002 0.0 1.6431676725154984 0.6085806194501846 1 0 0 -0.920880531649669 -0.38984490047789916 2.340666330673061
cell 44.805040801986834 51.249087565489766 0.0 1.0 1.0 1 0 0 0.0 1.0 0
cell 21.05031823270453 42.46802684308774 0.0 1.0 1.0 1 0 0 0.0 1.0 0
cell 54.501671394751 45.47717904386149 0.0 1.0 1.0 1 0 0 0.0 1.0 0
cell 15.555394544698833 53.063476411013006 0.0 1.0 1.0 1 0 0 0.0 1.0 0
cell 23.1308924611224 59.19451149381346 0.0 1.6431676725154984 0.6085806194501846 1 0 0 0.9067175854761618 -0.4217383314192335 4.0123159272689675
cell 45.31409676213516 53.15877749953677 0.0 1.0 1.0 1 0 0 0.0 1.0 0
cell 8.955992731795392 46.31058616479533 0.0 1.0 1.0 1 0 0 0.0 1.0 0
cell 49.74404589887768 50.59989497547884 0.0 1.0 1.0 1 0 0 0.0 1.0 0
cell 26.455143134457142 38.04709563454594 0.0 1.0 1.0 1 0 0 0.0 1.0 0
cell 16.677720811009753 59.692440727762424 0.0 1.0 1.0 1 0 0 0.0 1.0 0
cell 58.41019609656967 3.9618980687650787 0.0 1.6431676725154984 0.6085806194501846 1 0 0 0.9042287700522268 0.42704839469296346 2.259140599454412
cell 1.9880189881008068 13.48837315049286 0.0 1.0 1.0 1 0 0 0.0 1.0 0
cell 8.93612791986875 58.52801662160932 0.0 1.0 1.0 1 0 0 0.0 1.0 0
cell 40.38627912118839 53.95640743594553 0.0 1.0 1.0 1 0 0 0.0 1.0 0
cell 18.420399302184602 9.505115765591643 0.0 1.0 1.0 1 0 0 0.0 1.0 0
cell 28.88488556101775 40.893775668094484 0.0 1.0 1.0 1 0 0 0.0 1.0 0
cell 36.631082415643476 42.70331433080539 0.0 1.6431676725154984 0.6085806194501846 1 0 0 -0.28333321448769794 -0.9590215271661362 0.5745359489938924
cell 42.537624518321124 37.97635079868909 0.0 1.6431676725154984 0.6085806194501846 1 0 0 -0.5980151851825601 -0.801484771091172 1.2820447834928164
cell 11.024378978472818 31.705433519494914 0.0 1.0 1.0 1 0 0 0.0 1.0 0
cell 27.450944533524805 18.324583659325214 0.0 1.6431676725154984 0.6085806194501846 1 0 0 -0.08075673258378509 0.9967338411744587 6.121495769081101
cell 30.662454585134363 56.95980204801597 0.0 1.0 1.0 1 0 0 0.0 1.0 0
cell 27.97537693950802 59.64161222212404 0.0 1.0 1.0 1 0 0 0.0 1.0 0
cell 23.62139646708349 36.66405060413173 0.0 1.0 1.0 1 0 0 0.0 1.0 0
cell 22.582240569573717 43.140057381287235 0.0 1.0 1.0 1 0 0 0.0 1.0 0
cell 33.443450277240686 2.414599074741753 0.0 1.0 1.0 1 0 0 0.0 1.0 0
cell 10.527349940915489 4.372886509783236 0.0 1.0 1.0 1 0 0 0.0 1.0 0
cell 4.792541927532801 34.57335061007465 0.0 1.0 1.0 1 0 0 0.0 1.0 0
cell 29.79388116924275 11.744828712382379 0.0 1.6431676725154984 0.6085806194501846 1 0 0 0.5277755046372531 -0.8493839041946185 5.171226354588445
cell 46.677211906259075 35.008608368955855 0.0 1.0 1.0 1 0 0 0.0 1.0 0
cell 57.68983560964473 34.3772965511609 0.0 1.0 1.0 1 0 0 0.0 1.0 0
cell 39.31620032645675 23.543578986774786 0.0 1.0 1.0 1 0 0 0.0 1.0 0
cell 57.65490128028909 36.33934472061848 0.0 1.0 1.0 1 0 0 0.0 1.0 0
cell 42.14813080348197 54.167661240101936 0.0 1.0 1.0 1 0 0 0.0 1.0 0
cell 50.169803821929605 26.42312577513102 0.0 1.0 1.0 1 0 0 0.0 1.0 0
cell 46.918051977362715 25.512172160900025 0.0 1.6431676725154984 0.6085806194501846 1 0 0 -0.4745553798125925 -0.8802256480533421 0.988917684414564
cell 7.422685303246104 19.137851578525627 0.0 1.6431676725154984 0.6085806194501846 1 0 0 0.4512775258452435 0.8923836588973353 0.9363928196600877
cell 5.285935045923402 48.892249473307515 0.0 1.0 1.0 1 0 0 0.0 1.0 0
cell 14.794403200351763 23.430461917781635 0.0 1.0 1.0 1 0 0 0.0 1.0 0
cell 43.497796707034404 52.716291084486514 0.0 1.0 1.0 1 0 0 0.0 1.0 0
cell 37.13868107989361 44.342236546059446 0.0 1.0 1.0 1 0 0 0.0 1.0 0
cell 32.11602536063232 55.82507353024542 0.0 1.0 1.0 1 0 0 0.0 1.0 0
cell 31.186893185335123 46.19306546655386 0.0 1.0 1.0 1 0 0 0.0 1.0 0
cell 56.94185932582494 17.727567840572988 0.0 1.0 1.0 1 0 0 0.0 1.0 0
cell 12.565967027736203 50.01927040939569 0.0 1.0 1.0 1 0 0 0.0 1.0 0
cell 46.56342359617578 46.32611605121095 0.0 1.0 1.0 1 0 0 0.0 1.0 0
cell 6.912526953928436 20.9538447025857 0.0 1.0 1.0 1 0 0 0.0 1.0 0
cell 24.252935110194862 53.407445630147265 0.0 1.0 1.0 1 0 0 0.0 1.0 0
cell 3.1247144323056752 7.331640112446596 0.0 1.0 1.0 1 0 0 0.0 1.0 0
cell 9.885843643552562 51.558198173591386 0.0 1.0 1.0 1 0 0 0.0 1.0 0
cell 41.28493243969521 49.853321183184256 0.0 1.0 1.0 1 0 0 0.0 1.0 0
cell 35.131841644152146 53.51422600093543 0.0 1.0 1.0 1 0 0 0.0 1.0 0
cell 54.576938191363595 34.5282615751162 0.0 1.0 1.0 1 0 0 0.0 1.0 0
cell 38.48184719261281 51.5064440900937 0.0 1.0 1.0 1 0 0 0.0 1.0 0
cell 9.479459364947765 16.652668901968774 0.0 1.6431676725154984 0.6085806194501846 1 0 0 0.4389087448851153 0.8985316431063365 0.9087676510215782
cell 5.113580823166137 23.480801264112376 0.0 1.6431676725154984 0.6085806194501846 1 0 0 0.8228145742753471 -0.5683099298446925 4.350493421057733
cell 23.40362269563468 10.36819001937238 0.0 1.0 1.0 1 0 0 0.0 1.0 0
cell 26.88646858465496 24.861839159341898 0.0 1.6431676725154984 0.6085806194501846 1 0 0 -0.7946678592276475 -0.6070444740795751 1.8369204786731164
cell 37.04197327689319 46.284438546801205 0.0 1.0 1.0 1 0 0 0.0 1.0 0
cell 32.03001228764538 6.350690290574859 0.0 1.6431676725154984 0.6085806194501846 1 0 0 0.9507886336696524 0.3098402396148627 2.5115426565881314
cell 55.5144894120354 52.644137621391245 0.0 1.0 1.0 1 0 0 0.0 1.0 0
cell 1.6954734150177604 33.188199120841816 0.0 1.0 1.0 1 0 0 0.0 1.0 0
cell 3.6040211282362895 32.95484613362737 0.0 1.0 1.0 1 0 0 0.0 1.0 0
cell 54.797156372196966 15.761496019903666 0.0 1.0 1.0 1 0 0 0.0 1.0 0
cell 19.866896417614814 5.648465561470781 0.0 1.6431676725154984 0.6085806194501846 1 0 0 0.8033550000986295 -0.5955004146233074 4.417369475517617
cell 52.18225564201784 12.48429382503042 0.0 1.0 1.0 1 0 0 0.0 1.0 0
cell 39.76383386565077 2.2533108156972808 0.0 1.6431676725154984 0.6085806194501846 1 0 0 0.9556309857942283 -0.29456649332527846 3.739596359525355
cell 43.772662081059174 17.0403788107088 0.0 1.0 1.0 1 0 0 0.0 1.0 0
cell 26.054014464207654 46.68394514376803 0.0 1.0 1.0 1 0 0 0.0 1.0 0
cell 6.349748831351421 16.19938424024124 0.0 1.6431676725154984 0.6085806194501846 1 0 0 0.7108748486100519 0.7033185264257127 1.5814826309572818
cell 38.50231337201834 22.293717660441445 0.0 1.6431676725154984 0.6085806194501846 1 0 0 0.07628170303165169 -0.9970863060851808 6.1304735538505115
cell 40.120916818882826 3.8036842194051697 0.0 1.6431676725154984 0.6085806194501846 1 0 0 0.9760442373087619 -0.21757216461752918 3.580245362442773
cell 51.870431842116744 24.736661695011296 0.0 1.6431676725154984 0.6085806194501846 1 0 0 0.6845444514987862 0.7289711200879126 1.5079571910355767
cell 57.48099084046331 0.7051100588586737 0.0 1.0 1.0 1 0 0 0.0 1.0 0
cell 58.5545130092503 59.02820280190167 0.0 1.0 1.0 1 0 0 0.0 1.0 0
cell 23.370625965656544 57.34338438724996 0.0 1.6431676725154984 0.6085806194501846 1 0 0 0.81029015743369 -0.5860288907264605 4.393891165973295
cell 22.702033144339325 40.742623083147585 0.0 1.0 1.0 1 0 0 0.0 1.0 0
cell 25.24439590014288 28.503244077937 0.0 1.6431676725154984 0.6085806194501846 1 0 0 0.31301219331844776 -0.9497491073088591 5.6464594085316575
cell 13.261685448886862 0.11397868223558612 0.0 1.0 1.0 1 0 0 0.0 1.0 0
cell 29.287393097998844 38.367274918132296 0.0 1.6431676725154984 0.6085806194501846 1 0 0 0.8094637998618883 -0.5871697852522324 4.396708616937269
cell 2.992950149465084 16.61230883277825 0.0 1.6431676725154984 0.6085806194501846 1 0 0 0.5247592493458689 -0.851250685888687 5.178320770158389
cell 33.82165171403949 28.20563617162249 0.0 1.6431676725154984 0.6085806194501846 1 0 0 0.8337612346069406 0.5521251702890478 1.9717706763268739
cell 45.149141185595596 36.127594286767945 0.0 1.0 1.0 1 0 0 0.0 1.0 0
cell 6.3000153520427995 28.526362751315357 0.0 1.0 1.0 1 0 0 0.0 1.0 0
cell 39.49446124719437 16.56486732144978 0.0 1.0 1.0 1 0 0 0.0 1.0 0
cell 1.884679721825419 20.308757986292512 0.0 1.6431676725154984 0.6085806194501846 1 0 0 0.45314569776560515 -0.8914364680651801 5.342603340398409
cell 28.298500365863063 27.24305525836725 0.0 1.6431676725154984 0.6085806194501846 1 0 0 0.3757078298967797 -0.926738165046769 5.512864421907308
cell 35.32334952303665 34.97805280257295 0.0 1.6431676725154984 0.6085806194501846 1 0 0 0.9032093211961659 -0.42920032863962393 4.028807101392263
cell 43.03334076492404 4.282224348102013 0.0 1.0 1.0 1 0 0 0.0 1.0 0
cell 23.50932790745458 4.0406857477223115 0.0 1.6431676725154984 0.6085806194501846 1 0 0 0.8858569959772149 -0.4639583846405027 4.106509495156535
cell 37.386473986637434 5.166128288121454 0.0 1.6431676725154984 0.6085806194501846 1 0 0 0.3932068889680347 0.9194500217347757 0.8082336726619715
cell 57.416276237289665 55.327457884250975 0.0 1.0 1.0 1 0 0 0.0 1.0 0
cell 45.44490519121425 39.644847041161995 0.0 1.0 1.0 1 0 0 0.0 1.0 0
cell 58.54573846847751 26.742289459295307 0.0 1.0 1.0 1 0 0 0.0 1.0 0
cell 20.440449713615326 57.3194489067395 0.0 1.6431676725154984 0.6085806194501846 1 0 0 0.6813558584236097 -0.7319523168839798 4.783958451851803
cell 15.553786476130806 4.768003115197096 0.0 1.0 1.0 1 0 0 0.0 1.0 0
cell 0.02011869753006277 12.354240685128579 0.0 1.0 1.0 1 0 0 0.0 1.0 0
cell 51.66737505688976 45.97045393801311 0.0 1.6431676725154984 0.6085806194501846 1 0 0 0.21615111949969032 0.9763599200802082 0.43574133446049024
cell 40.52145494255213 50.87786647808603 0.0 1.6431676725154984 0.6085806194501846 1 0 0 -0.16844214018331163 -0.9857115426992146 0.33849802620684155
cell 31.573384514251664 50.81665084225375 0.0 1.0 1.0 1 0 0 0.0 1.0 0
cell 28.01821724759307 7.987428479236866 0.0 1.6431676725154984 0.6085806194501846 1 0 0 0.8366413471832975 0.5477510896231216 1.9822449672936786
cell 10.070743681636161 21.162794713693323 0.0 1.6431676725154984 0.6085806194501846 1 0 0 0.005744739613280483 0.9999834988472438 0.011489542423528698
cell 55.52744034838445 20.775961767156545 0.0 1.0 1.0 1 0 0 0.0 1.0 0
cell 6.207823300665461 26.457849705514825 0.0 1.6431676725154984 0.6085806194501846 1 0 0 0.9143228950210329 -0.40498597956022775 3.9755196462602034
cell 27.822111851560553 57.491662567180015 0.0 1.0 1.0 1 0 0 0.0 1.0 0
cell 5.482285797707213 32.50699167020353 0.0 1.0 1.0 1 0 0 0.0 1.0 0
cell 1.2589327027333101 9.972244135502034 0.0 1.0 1.0 1 0 0 0.0 1.0 0
cell 22.49586866384589 53.019692140010456 0.0 1.6431676725154984 0.6085806194501846 1 0 0 0.7908771398732024 -0.611974958332433 4.458703373898283
cell 44.76653672467221 23.101297692422026 0.0 1.6431676725154984 0.6085806194501846 1 0 0 0.4047060216384894 0.9144468470335203 0.8333146511314761
cell 28.291413272092267 34.50086569544802 0.0 1.6431676725154984 0.6085806194501846 1 0 0 0.9355866886507022 -0.35309708016296887 3.863351358551788
cell 44.83839590584695 18.72327634313861 0.0 1.0 1.0 1 0 0 0.0 1.0 0
cell 8.247104011501552 5.552408078224546 0.0 1.0 1.0 1 0 0 0.0 1.0 0
cell 52.77757873771536 35.453060140246734 0.0 1.0 1.0 1 0 0 0.0 1.0 0
cell 18.86386140018974 35.65231877947266 0.0 1.6431676725154984 0.6085806194501846 1 0 0 0.35675789866408786 -0.9341968752574504 5.5535950779832115
cell 30.636154079391893 14.314198850184244 0.0 1.6431676725154984 0.6085806194501846 1 0 0 0.5207207594272644 -0.8537270586677531 5.187795339263802
cell 44.78044325796759 34.48282898911971 0.0 1.0 1.0 1 0 0 0.0 1.0 0
cell 11.681319847767494 51.581152901825455 0.0 1.0 1.0 1 0 0 0.0 1.0 0
cell 33.11887116287239 23.733491013353152 0.0 1.0 1.0 1 0 0 0.0 1.0 0
cell 40.806921376052365 57.73040420891854 0.0 1.0 1.0 1 0 0 0.0 1.0 0
cell 2.100899478766827 46.70549409865216 0.0 1.0 1.0 1 0 0 0.0 1.0 0
cell 12.487865037880173 53.0538591296764 0.0 1.0 1.0 1 0 0 0.0 1.0 0
cell 10.621914782773459 28.520475787141386 0.0 1.0 1.0 1 0 0 0.0 1.0 0
cell 16.38222032030349 35.97200051219703 0.0 1.6431676725154984 0.6085806194501846 1 0 0 0.13488266144799407 -0.9908615784461046 6.012595225617153
cell 26.289585256246237 15.150129524171637 0.0 1.6431676725154984 0.6085806194501846 1 0 0 0.3961439901358083 -0.9181884006451403 5.468558431957202
cell 48.427932674903296 35.689933336637914 0.0 1.0 1.0 1 0 0 0.0 1.0 0
cell 45.31636165872032 42.90727750989826 0.0 1.6431676725154984 0.6085806194501846 1 0 0 0.2630464926920995 0.9647831583741423 0.5323570936407015
cell 1.6764241843649914 11.598680884086487 0.0 1.0 1.0 1 0 0 0.0 1.0 0
cell 27.91614643514647 44.632510150822476 0.0 1.0 1.0 1 0 0 0.0 1.0 0
cell 59.04314711234746 35.19875332068913 0.0 1.0 1.0 1 0 0 0.0 1.0 0
cell 57.810625260896856 28.1845484407502 0.0 1.0 1.0 1 0 0 0.0 1.0 0
cell 47.837217144321016 32.40754394953919 0.0 1.0 1.0 1 0 0 0.0 1.0 0
cell 2.824814939432526 14.866171799848706 0.0 1.6431676725154984 0.6085806194501846 1 0 0 0.4288521889654051 -0.90337467311165 5.396741683586799
cell 30.152881988901807 19.34205901474372 0.0 1.6431676725154984 0.6085806194501846 1 0 0 -0.8822492351305663 -0.47078263255087344 2.1612373414059984
cell 14.306271174954519 50.188624771387346 0.0 1.0 1.0 1 0 0 0.0 1.0 0
cell 10.666156358963104 49.860019992747645 0.0 1.0 1.0 1 0 0 0.0 1.0 0
cell 3.070940948221208 50.14881097302633 0.0 1.6431676725154984 0.6085806194501846 1 0 0 -0.327716268893252 -0.9447761888948545 0.6677706788134357
cell 26.829806401941347 12.049468922489124 0.0 1.6431676725154984 0.6085806194501846 1 0 0 -0.19526965266094432 0.9807495922760683 5.890120530948862
cell 40.49474709164211 1.1709802234107471 0.0 1.6431676725154984 0.6085806194501846 1 0 0 0.13044468937196468 0.9914555880192777 0.2616349764227418
cell 35.173400776157294 12.543991986207573 0.0 1.0 1.0 1 0 0 0.0 1.0 0
cell 0.1386275093650619 57.7814675904777 0.0 1.0 1.0 1 0 0 0.0 1.0 0
cell 53.0999424885842 16.841997091441648 0.0 1.0 1.0 1 0 0 0.0 1.0 0
cell 51.313037240106624 49.470920568870525 0.0 1.0 1.0 1 0 0 0.0 1.0 0
cell 13.292873756730469 41.39795008948352 0.0 1.6431676725154984 0.6085806194501846 1 0 0 0.1048585714560375 0.9944871442066001 0.21010337486493968
cell 45.90517135226472 30.11313796925797 0.0 1.0 1.0 1 0 0 0.0 1.0 0
cell 46.015816108113114 49.96524010370228 0.0 1.0 1.0 1 0 0 0.0 1.0 0
cell 29.57750831170741 45.36145011525384 0.0 1.0 1.0 1 0 0 0.0 1.0 0
cell 46.37056594110046 33.3664556076095 0.0 1.0 1.0 1 0 0 0.0 1.0 0
cell 56.916384206237254 13.587313772304798 0.0 1.0 1.0 1 0 0 0.0 1.0 0
cell 9.216790881076449 30.8357478247416 0.0 1.0 1.0 1 0 0 0.0 1.0 0
cell 4.11054984022634 25.111030893015364 0.0 1.0 1.0 1 0 0 0.0 1.0 0
cell 13.56756684107369 55.95256780753163 0.0 1.0 1.0 1 0 0 0.0 1.0 0
cell 28.296829123125843 3.9250642654936247 0.0 1.0 1.0 1 0 0 0.0 1.0 0
cell 52.22012403459083 5.1225143917497205 0.0 1.6431676725154984 0.6085806194501846 1 0 0 0.9996435601536565 0.026697427653670898 3.088191453359802
cell 13.305832210968772 57.9221507716004 0.0 1.0 1.0 1 0 0 0.0 1.0 0
cell 12.382207966173725 18.6842416353516 0.0 1.6431676725154984 0.6085806194501846 1 0 0 -0.6018557392609487 0.7986048266312049 4.991539694561414
cell 35.90582793901359 51.010389629754 0.0 1.6431676725154984 0.6085806194501846 1 0 0 0.40247711428137345 -0.9154300478352992 5.454742910047357
cell 19.770668877750698 2.5409621643420444 0.0 1.6431676725154984 0.6085806194501846 1 0 0 0.7171351981022658 -0.6969340769705725 4.683819309277045
cell 23.477659854436073 33.13317655581727 0.0 1.6431676725154984 0.6085806194501846 1 0 0 0.8539781762012446 -0.5203088261523113 4.236017740076272
cell 8.754061783020441 52.987347189020745 0.0 1.0 1.0 1 0 0 0.0 1.0 0
cell 16.82144173342351 20.593449938235224 0.0 1.6431676725154984 0.6085806194501846 1 0 0 0.9229535176771356 -0.38491142384631977 3.931816354195723
cell 13.418701556969813 44.98476498747477 0.0 1.0 1.0 1 0 0 0.0 1.0 0
cell 0.35484331429105 31.852527434067614 0.0 1.0 1.0 1 0 0 0.0 1.0 0
cell 4.6314195239553335 50.41086766483809 0.0 1.6431676725154984 0.6085806194501846 1 0 0 -0.5344388090576169 -0.8452071694993342 1.1276872782803986
cell 7.967210756096449 51.29560930580635 0.0 1.0 1.0 1 0 0 0.0 1.0 0
cell 53.618125974892536 52.04303119725864 0.0 1.0 1.0 1 0 0 0.0 1.0 0
cell 13.88314864873186 18.50959905684124 0.0 1.0 1.0 1 0 0 0.0 1.0 0
cell 0.15582252229517782 17.124312532185538 0.0 1.6431676725154984 0.6085806194501846 1 0 0 0.786974001158892 -0.6169861598933676 4.471407195144258
cell 5.8806345865256215 1.3011056147935147 0.0 1.6431676725154984 0.6085806194501846 1 0 0 0.9015472008186743 0.43268076534093003 2.24666429569643
cell 16.45388961357406 37.67459978012401 0.0 1.6431676725154984 0.6085806194501846 1 0 0 0.4382482814620887 -0.8988539613282716 5.375887487432212
cell 21.50333978714079 51.711112906780215 0.0 1.6431676725154984 0.6085806194501846 1 0 0 0.6025912083230508 -0.7980500207704813 4.989697169832212
cell 40.920604009233365 22.766564607608053 0.0 1.0 1.0 1 0 0 0.0 1.0 0
cell 7.163702878932828 56.28662800930766 0.0 1.6431676725154984 0.6085806194501846 1 0 0 0.6783609956502353 0.7347287659949223 1.4910591393982628
cell 50.33544094112062 33.0351904364407 0.0 1.6431676725154984 0.6085806194501846 1 0 0 0.73294500155522 0.6802878983895116 1.6452819339705043
cell 17.668695725296555 6.751557504545482 0.0 1.0 1.0 1 0 0 0.0 1.0 0
cell 59.2907491478747 8.966849788046295 0.0 1.0 1.0 1 0 0 0.0 1.0 0
cell 9.02017388167346 56.64556408860979 0.0 1.0 1.0 1 0 0 0.0 1.0 0
cell 40.602973034129356 55.84532419181102 0.0 1.0 1.0 1 0 0 0.0 1.0 0
cell 49.07546285536305 28.352048753034754 0.0 1.6431676725154984 0.6085806194501846 1 0 0 0.4857910658448258 0.874074962657865 1.0145359446824413
cell 22.923091851651023 46.5651581723031 0.0 1.0 1.0 1 0 0 0.0 1.0 0
cell 5.2784433766103485 55.06583080129145 0.0 1.6431676725154984 0.6085806194501846 1 0 0 0.5474217864033865 0.8368568502264441 1.1585605848436134
cell 8.32867062329851 44.423353881507595 0.0 1.0 1.0 1 0 0 0.0 1.0 0
cell 32.00729743382604 22.374915056648653 0.0 1.6431676725154984 0.6085806194501846 1 0 0 0.21322196149592507 -0.9770037846067078 5.853442150736231
cell 42.6751358301164 57.7980081258054 0.0 1.0 1.0 1 0 0 0.0 1.0 0
cell 42.88216832553052 18.789138300066803 0.0 1.0 1.0 1 0 0 0.0 1.0 0
cell 3.4909688040978404 39.8545803988344 0.0 1.0 1.0 1 0 0 0.0 1.0 0
cell 53.76107631322242 8.772945932069202 0.0 1.0 1.0 1 0 0 0.0 1.0 0
cell 38.67906275979259 27.888788761400015 0.0 1.0 1.0 1 0 0 0.0 1.0 0
cell 26.29228942183929 0.9218767909419996 0.0 1.0 1.0 1 0 0 0.0 1.0 0
cell 38.480994628238555 20.811073216647703 0.0 1.6431676725154984 0.6085806194501846 1 0 0 -0.2529629178797119 -0.9674759749873804 0.5114831164316209
cell 8.036192958119997 0.3113223133128718 0.0 1.0 1.0 1 0 0 0.0 1.0 0
cell 52.11026295813717 55.743670628135895 0.0 1.0 1.0 1 0 0 0.0 1.0 0
cell 31.262515616819258 21.29667823128909 0.0 1.6431676725154984 0.6085806194501846 1 0 0 0.9445176062277327 0.32846079145894036 2.47224567673511
cell 42.48151469850874 2.6046192895934164 0.0 1.6431676725154984 0.6085806194501846 1 0 0 -0.13114670467481832 -0.9913629717983903 0.2630511731191971
cell 7.438981097812329 39.66440533045979 0.0 1.0 1.0 1 0 0 0.0 1.0 0
cell 56.63443535788051 48.44160478407567 0.0 1.6431676725154984 0.6085806194501846 1 0 0 0.09503064236301322 0.9954743477418557 0.19034852186163453
cell 4.52002431073448 43.95138467948751 0.0 1.0 1.0 1 0 0 0.0 1.0 0
cell 51.68750509233395 58.70260308719478 0.0 1.0 1.0 1 0 0 0.0 1.0 0
cell 27.35762577936279 50.19935206802423 0.0 1.0 1.0 1 0 0 0.0 1.0 0
cell 29.78376497701752 0.7761734622461146 0.0 1.0 1.0 1 0 0 0.0 1.0 0
cell 33.1665134907898 8.99778662946833 0.0 1.6431676725154984 0.6085806194501846 1 0 0 0.9976343586956719 -0.06874362770377726 3.2791884268667713
cell 34.51469157086137 5.7950899408346945 0.0 1.6431676725154984 0.6085806194501846 1 0 0 0.967734559663973 0.25197186754075596 2.6321579969708333
cell 54.22452862503116 43.81068961742362 0.0 1.0 1.0 1 0 0 0.0 1.0 0
cell 44.17714903804682 31.025380715444946 0.0 1.0 1.0 1 0 0 0.0 1.0 0
cell 19.759936070754538 14.166199397128363 0.0 1.6431676725154984 0.6085806194501846 1 0 0 -0.1271587107556457 -0.9918823832889473 0.25500781421996344
cell 33.98092708895227 51.90378597934023 0.0 1.6431676725154984 0.6085806194501846 1 0 0 0.5495553834224689 -0.8354572882867102 5.119521384841446
cell 1.2945457362949524 28.49345535754356 0.0 1.6431676725154984 0.6085806194501846 1 0 0 0.9733447509916066 0.22934688948640097 2.678779386232305
cell 3.838349248688238 54.59008480223236 0.0 1.6431676725154984 0.6085806194501846 1 0 0 -0.41818532239941236 -0.9083617319821986 0.8628933029500017
cell 47.34134735603184 38.51840974896204 0.0 1.0 1.0 1 0 0 0.0 1.0 0
cell 32.85840096938299 17.005743686854107 0.0 1.0 1.0 1 0 0 0.0 1.0 0
cell 14.510789146859272 12.995305276599836 0.0 1.6431676725154984 0.6085806194501846 1 0 0 0.7019016352492814 0.7122738900411728 1.5561276118842955
cell 54.93639538823272 49.1155632656101 0.0 1.6431676725154984 0.6085806194501846 1 0 0 0.114999934991576 0.9933654991753706 0.2305098684499487
cell 15.525290687968427 34.74152617909927 0.0 1.6431676725154984 0.6085806194501846 1 0 0 0.9033055088562443 0.4289978527568192 2.254826529551045
cell 49.21774592353617 24.87831299638219 0.0 1.0 1.0 1 0 0 0.0 1.0 0
cell 26.664206421257497 17.171493956731382 0.0 1.6431676725154984 0.6085806194501846 1 0 0 -0.0681482578854641 0.997675205138013 6.146783072612461
cell 13.421102825909625 2.1000994148134473 0.0 1.0 1.0 1 0 0 0.0 1.0 0
cell 48.70042076084104 44.31079643445549 0.0 1.6431676725154984 0.6085806194501846 1 0 0 -0.24366101719692587 -0.9698604583642738 0.4922777186622449
cell 53.53259296860252 59.30688406936132 0.0 1.0 1.0 1 0 0 0.0 1.0 0
cell 44.29686859470003 21.002479119022812 0.0 1.6431676725154984 0.6085806194501846 1 0 0 -0.52285368450846 -0.8524224449156227 1.1003905237652463
cell 52.74708828711005 54.036636179629106 0.0 1.0 1.0 1 0 0 0.0 1.0 0
cell 35.35920770159255 18.495209555350634 0.0 1.6431676725154984 0.6085806194501846 1 0 0 0.9186512535147663 0.39506945517940095 2.3293057427326165
cell 42.73334135476944 47.27144260124908 0.0 1.0 1.0 1 0 0 0.0 1.0 0
cell 58.983361157710185 42.47793805726577 0.0 1.0 1.0 1 0 0 0.0 1.0 0
cell 17.605369612081123 43.79551572965997 0.0 1.0 1.0 1 0 0 0.0 1.0 0
cell 24.46218368106226 47.93262440495679 0.0 1.0 1.0 1 0 0 0.0 1.0 0
cell 6.2469918796798485 54.47932666908063 0.0 1.6431676725154984 0.6085806194501846 1 0 0 -0.6342882277736316 -0.773096658968195 1.3741749900550317
cell 55.23474437992549 9.916001978328898 0.0 1.0 1.0 1 0 0 0.0 1.0 0
cell 10.5987564889934 55.69796333297092 0.0 1.0 1.0 1 0 0 0.0 1.0 0
cell 37.676560129353895 15.657716661148518 0.0 1.0 1.0 1 0 0 0.0 1.0 0
cell 31.59916237774304 47.88724925382029 0.0 1.6431676725154984 0.6085806194501846 1 0 0 0.4858937772379038 -0.8740178700927587 5.268414337466356
cell 58.1546715863297 23.21419955761233 0.0 1.0 1.0 1 0 0 0.0 1.0 0
cell 38.236970117915405 48.62208498335409 0.0 1.6431676725154984 0.6085806194501846 1 0 0 0.3312278908003623 -0.9435507852553265 5.607976048274622
cell 19.250857766403747 41.61478848882201 0.0 1.0 1.0 1 0 0 0.0 1.0 0
cell 12.069034327245728 33.24602620930994 0.0 1.0 1.0 1 0 0 0.0 1.0 0
cell 6.423518357486396 38.34411532245261 0.0 1.0 1.0 1 0 0 0.0 1.0 0
cell 10.045726804706389 0.38730798661340793 0.0 1.0 1.0 1 0 0 0.0 1.0 0
cell 18.28341806699689 16.894896289186963 0.0 1.6431676725154984 0.6085806194501846 1 0 0 0.1404707641157731 0.9900848268854193 0.28187375451823027
cell 16.17662052160634 18.824357564743277 0.0 1.6431676725154984 0.6085806194501846 1 0 0 0.9866444923430406 -0.16288844565881158 3.4688276425998366
cell 23.469406248899087 12.342412957842997 0.0 1.0 1.0 1 0 0 0.0 1.0 0
cell 6.81763193677615 41.19150975841204 0.0 1.0 1.0 1 0 0 0.0 1.0 0
cell 39.76512087126608 12.575151771696659 0.0 1.0 1.0 1 0 0 0.0 1.0 0
cell 23.928200265762698 41.854916075491744 0.0 1.0 1.0 1 0 0 0.0 1.0 0
cell 49.18293992082887 32.34482671228616 0.0 1.6431676725154984 0.6085806194501846 1 0 0 0.6445435575820356 0.7645675917664135 1.400852277378834
cell 12.30559428084724 8.615807096026233 0.0 1.0 1.0 1 0 0 0.0 1.0 0
cell 35.95571388681133 23.186518066102845 0.0 1.0 1.0 1 0 0 0.0 1.0 0
cell 32.734333672530184 45.33900369839072 0.0 1.0 1.0 1 0 0 0.0 1.0 0
cell 28.107383370568517 48.42158293889418 0.0 1.0 1.0 1 0 0 0.0 1.0 0
cell 50.71990149243829 11.421117001322902 0.0 1.0 1.0 1 0 0 0.0 1.0 0
cell 37.747443524616735 26.511923055211366 0.0 1.6431676725154984 0.6085806194501846 1 0 0 0.06889634993474583 -0.9976238233751583 6.145283363539209
cell 0.654442476365924 51.36127094718963 0.0 1.6431676725154984 0.6085806194501846 1 0 0 0.14033733321685987 0.9901037485564733 0.2816042228173285
cell 49.98341851292156 19.210612548826617 0.0 1.6431676725154984 0.6085806194501846 1 0 0 0.782990514097218 0.6220336444548432 1.7989180324053642
cell 22.240776353947087 9.317276958205264 0.0 1.6431676725154984 0.6085806194501846 1 0 0 0.30469994240929454 -0.9524483949777922 5.663938556709508
cell 13.697186129393748 4.071532684293708 0.0 1.0 1.0 1 0 0 0.0 1.0 0
cell 9.5888095183376 36.77778118734823 0.0 1.0 1.0 1 0 0 0.0 1.0 0
cell 11.007197431602433 40.55585061182138 0.0 1.6431676725154984 0.6085806194501846 1 0 0 0.9032280853856279 0.42916083904593727 2.254465647718135
cell 33.48397453707103 33.7789875578044 0.0 1.6431676725154984 0.6085806194501846 1 0 0 0.7679440617654736 -0.6405169146862139 4.531935037303794
cell 55.068902814049125 30.93919758074583 0.0 1.0 1.0 1 0 0 0.0 1.0 0
cell 40.8341291658849 47.72761463872055 0.0 1.0 1.0 1 0 0 0.0 1.0 0
cell 55.155245340796775 12.658644386932265 0.0 1.0 1.0 1 0 0 0.0 1.0 0
cell 30.686739916564775 52.46758302162373 0.0 1.0 1.0 1 0 0 0.0 1.0 0
cell 30.795440420007196 23.994278876190318 0.0 1.6431676725154984 0.6085806194501846 1 0 0 0.168240312347106 -0.9857460105429533 5.945096780705912
cell 0.4334751875325468 5.1744748584401075 0.0 1.6431676725154984 0.6085806194501846 1 0 0 0.9930752456699597 0.11748002569606934 2.9060887486002813
cell 26.404050238848278 48.383499018541215 0.0 1.0 1.0 1 0 0 0.0 1.0 0
cell 21.229526771367933 49.38270156205955 0.0 1.0 1.0 1 0 0 0.0 1.0 0
cell 46.057640923256415 31.699934448023967 0.0 1.0 1.0 1 0 0 0.0 1.0 0
cell 46.66463341806676 3.1517382820713196 0.0 1.0 1.0 1 0 0 0.0 1.0 0
cell 2.232007574034893 54.525148980159024 0.0 1.0 1.0 1 0 0 0.0 1.0 0
cell 51.87073317299113 52.675029967489586 0.0 1.0 1.0 1 0 0 0.0 1.0 0
cell 19.4508935911585 31.858609786940004 0.0 1.0 1.0 1 0 0 0.0 1.0 0
cell 29.006604964236818 52.95269178442936 0.0 1.0 1.0 1 0 0 0.0 1.0 0
cell 46.66765331531224 51.69396058380359 0.0 1.0 1.0 1 0 0 0.0 1.0 0
cell 6.311550727646653 8.68849611740899 0.0 1.0 1.0 1 0 0 0.0 1.0 0
cell 49.246519529515055 39.103227330847695 0.0 1.0 1.0 1 0 0 0.0 1.0 0
cell 15.036641877406 40.75149179020866 0.0 1.0 1.0 1 0 0 0.0 1.0 0
cell 27.803099975191905 39.203388161779166 0.0 1.0 1.0 1 0 0 0.0 1.0 0
cell 6.238361487623905 57.50904492925388 0.0 1.6431676725154984 0.6085806194501846 1 0 0 0.6715519460763972 0.7409574776739914 1.4726026381437967
cell 13.604392497862682 33.53786725986674 0.0 1.6431676725154984 0.6085806194501846 1 0 0 0.8261393900624058 0.5634658003706312 1.9444426460431998
cell 21.32917241861478 55.83503976053273 0.0 1.6431676725154984 0.6085806194501846 1 0 0 0.7193243439701116 -0.6946743756408239 4.677526895464972
cell 39.25970853569877 46.627748845138186 0.0 1.0 1.0 1 0 0 0.0 1.0 0
cell 21.230857300971785 46.0869958859247 0.0 1.0 1.0 1 0 0 0.0 1.0 0
cell 19.935071251506766 52.49999827363754 0.0 1.6431676725154984 0.6085806194501846 1 0 0 0.6577370696296859 -0.7532476002185162 4.847564159812876
cell 26.17954216489807 51.506390900463536 0.0 1.0 1.0 1 0 0 0.0 1.0 0
cell 33.4237244710916 19.04678427655601 0.0 1.6431676725154984 0.6085806194501846 1 0 0 0.9034255943349186 0.42874490725908226 2.255386536506452
cell 28.024082826713713 42.6671548750485 0.0 1.0 1.0 1 0 0 0.0 1.0 0
cell 57.707392879046076 40.18404500989646 0.0 1.0 1.0 1 0 0 0.0 1.0 0
cell 50.687528802033334 0.24018565429370894 0.0 1.0 1.0 1 0 0 0.0 1.0 0
cell 16.49691696847274 24.41806179051007 0.0 1.0 1.0 1 0 0 0.0 1.0 0
cell 52.984226457486365 28.62767368435606 0.0 1.0 1.0 1 0 0 0.0 1.0 0
cell 40.878254076107346 30.81041200051679 0.0 1.0 1.0 1 0 0 0.0 1.0 0
cell 59.10347924155733 10.594486090983802 0.0 1.0 1.0 1 0 0 0.0 1.0 0
cell 15.263513052821795 55.01776583401684 0.0 1.0 1.0 1 0 0 0.0 1.0 0
cell 25.685280354964505 33.79680947789934 0.0 1.6431676725154984 0.6085806194501846 1 0 0 0.9781358634266727 -0.20796690284407626 3.5605845657373827
cell 33.59801874018599 46.6083041195533 0.0 1.6431676725154984 0.6085806194501846 1 0 0 0.42145733920013495 -0.9068482294377281 5.41308178981593
cell 16.721279322480374 56.06694674359216 0.0 1.0 1.0 1 0 0 0.0 1.0 0
cell 13.160749728124394 23.013365286705724 0.0 1.6431676725154984 0.6085806194501846 1 0 0 0.8664309325780551 0.4992969447852868 2.096018358717439
cell 44.05994218845631 40.62965595192854 0.0 1.6431676725154984 0.6085806194501846 1 0 0 -0.4511713750125269 -0.8924373313400251 0.9361549227882513
cell 34.86895974645553 32.887103901919296 0.0 1.6431676725154984 0.6085806194501846 1 0 0 0.9385238855953136 -0.3452143046964807 3.846526889197804
cell 31.214395067893204 44.19536419502772 0.0 1.0 1.0 1 0 0 0.0 1.0 0
cell 0.5766869736410694 14.57418650099425 0.0 1.6431676725154984 0.6085806194501846 1 0 0 0.7337644474822723 -0.679403956134372 4.635492692215105
cell 1.0046025118416824 0.8353687627407154 0.0 1.6431676725154984 0.6085806194501846 1 0 0 0.9258824237899574 0.3778117749843612 2.36672913461095
cell 9.047728002109176 3.8283965309936123 0.0 1.0 1.0 1 0 0 0.0 1.0 0
cell 41.81326811410346 52.41138262051589 0.0 1.0 1.0 1 0 0 0.0 1.0 0
cell 25.30946585450009 30.76525258041744 0.0 1.6431676725154984 0.6085806194501846 1 0 0 0.9373658747736053 -0.3483464034691814 3.8532055244318286
cell 17.951043112272334 51.80841101805045 0.0 1.6431676725154984 0.6085806194501846 1 0 0 0.6124874569034868 -0.7904803066085198 4.964778235930957
cell 58.53234551697077 17.835722961736796 0.0 1.6431676725154984 0.6085806194501846 1 0 0 0.7656479770728284 0.6432598038151348 1.7440961216153792
cell 20.999043655562783 15.4279020844654 0.0 1.6431676725154984 0.6085806194501846 1 0 0 0.03071425717282734 -0.9995282059083282 6.22174713047374
cell 6.911163247794114 33.69068492789562 0.0 1.0 1.0 1 0 0 0.0 1.0 0
cell 50.252859846447954 46.93335692830553 0.0 1.6431676725154984 0.6085806194501846 1 0 0 -0.026447689045311508 -0.9996501986916035 0.052901546577884595
cell 13.368736072731439 48.24926365087279 0.0 1.0 1.0 1 0 0 0.0 1.0 0
cell 20.76453140006761 40.953691977117614 0.0 1.0 1.0 1 0 0 0.0 1.0 0
cell 10.13293597331552 20.001070469942412 0.0 1.6431676725154984 0.6085806194501846 1 0 0 0.12025199009901155 0.9927434003191495 0.24108742110397666
cell 18.14188678839314 0.9843158910804317 0.0 1.6431676725154984 0.6085806194501846 1 0 0 0.6637825727429435 -0.7479255953119661 4.831455504398208
cell 52.07997956765295 6.146607380744994 0.0 1.6431676725154984 0.6085806194501846 1 0 0 0.993914846840429 -0.11015115628156882 3.3623429144475163
cell 29.568030175165955 58.53235232531319 0.0 1.0 1.0 1 0 0 0.0 1.0 0
cell 3.9574961463456493 47.37891824627286 0.0 1.0 1.0 1 0 0 0.0 1.0 0
cell 22.47834010815004 1.0484689310054978 0.0 1.6431676725154984 0.6085806194501846 1 0 0 0.7780966913763064 -0.6281445206871146 4.499925195736428
cell 31.243368393165298 39.6249712647721 0.0 1.6431676725154984 0.6085806194501846 1 0 0 0.9131009277574609 -0.4077336087796348 3.9815338551474126
cell 52.444152551269646 10.346589649411305 0.0 1.0 1.0 1 0 0 0.0 1.0 0
cell 32.625628027393894 27.17432122943091 0.0 1.6431676725154984 0.6085806194501846 1 0 0 0.6801519402327837 0.7330711685761347 1.4959397601193647
cell 33.153044481407846 0.410740113075781 0.0 1.0 1.0 1 0 0 0.0 1.0 0
cell 6.883104811651254 49.72607190118777 0.0 1.0 1.0 1 0 0 0.0 1.0 0
cell 27.086600443238826 13.224434107995164 0.0 1.6431676725154984 0.6085806194501846 1 0 0 0.24480807809468846 -0.969571557389956 5.788541822138946
cell 17.976169939569125 31.076980267004497 0.0 1.0 1.0 1 0 0 0.0 1.0 0
cell 49.061083660460866 14.57128025350746 0.0 1.6431676725154984 0.6085806194501846 1 0 0 0.5142771042824131 0.8576240784929583 1.0803290618177046
cell 35.41624506631483 55.553989823765704 0.0 1.0 1.0 1 0 0 0.0 1.0 0
cell 42.151655181283466 17.047695453256615 0.0 1.6431676725154984 0.6085806194501846 1 0 0 0.4617378214548084 -0.8870164509399854 5.323278551422052
cell 25.22702501312571 36.750445369745336 0.0 1.0 1.0 1 0 0 0.0 1.0 0
cell 56.082391630567514 37.33059926090962 0.0 1.0 1.0 1 0 0 0.0 1.0 0
cell 41.30660367916989 59.518656901601645 0.0 1.0 1.0 1 0 0 0.0 1.0 0
cell 0.1475686319758247 50.02281778165176 0.0 1.6431676725154984 0.6085806194501846 1 0 0 -0.09418056041503127 0.9955551325968395 6.094544609144213
cell 12.069469903329209 27.438498605731457 0.0 1.0 1.0 1 0 0 0.0 1.0 0
cell 4.633896008930456 20.316568613884233 0.0 1.6431676725154984 0.6085806194501846 1 0 0 0.7581118525417891 -0.6521245425803698 4.562359621193119
cell 31.192263169621363 32.07161316824485 0.0 1.6431676725154984 0.6085806194501846 1 0 0 0.9722963555047457 0.233751571272129 2.669723915012642
cell 43.071737908161396 14.763189199717512 0.0 1.0 1.0 1 0 0 0.0 1.0 0
cell 36.913604497314175 54.44854683284299 0.0 1.0 1.0 1 0 0 0.0 1.0 0
cell 56.42972194399008 24.221591556983796 0.0 1.0 1.0 1 0 0 0.0 1.0 0
cell 21.110016302154794 32.59080171729487 0.0 1.6431676725154984 0.6085806194501846 1 0 0 0.13818551907316654 -0.9904063622162771 6.0059270622702146
cell 47.144474391763595 53.6385483931256 0.0 1.0 1.0 1 0 0 0.0 1.0 0
cell 5.00178653004074 57.415930603384965 0.0 1.6431676725154984 0.6085806194501846 1 0 0 -0.6254910209762472 -0.7802313648387201 1.3515214034118914
cell 56.264196608443285 33.509886184934174 0.0 1.0 1.0 1 0 0 0.0 1.0 0
cell 19.399019407147787 46.77901277151933 0.0 1.6431676725154984 0.6085806194501846 1 0 0 0.7659963595664125 -0.6428449090807232 4.538005657974051
cell 49.930009804000534 4.534763794313948 0.0 1.6431676725154984 0.6085806194501846 1 0 0 0.753390543778133 -0.6575733332075512 4.576779094262949
cell 36.72795100495256 19.23262317105931 0.0 1.6431676725154984 0.6085806194501846 1 0 0 -0.2787718559350234 0.9603573565806338 5.718155245750382
cell 35.962126020544 25.31175551319379 0.0 1.0 1.0 1 0 0 0.0 1.0 0
cell 53.23159702098023 50.133349037162155 0.0 1.0 1.0 1 0 0 0.0 1.0 0
cell 47.792691067213845 42.35687795797785 0.0 1.0 1.0 1 0 0 0.0 1.0 0
cell 58.67319909580716 14.027248302040244 0.0 1.0 1.0 1 0 0 0.0 1.0 0
cell 37.481334150734206 47.71822826008977 0.0 1.6431676725154984 0.6085806194501846 1 0 0 0.22824832260513922 -0.9736029494757811 5.822629042954563
cell 47.072044018131926 36.77882615832788 0.0 1.0 1.0 1 0 0 0.0 1.0 0
cell 5.966475335132969 47.395410443761236 0.0 1.0 1.0 1 0 0 0.0 1.0 0
cell 4.104893711463968 31.00628398253855 0.0 1.0 1.0 1 0 0 0.0 1.0 0
cell 17.96781378215096 57.679482563751684 0.0 1.6431676725154984 0.6085806194501846 1 0 0 0.6734980299524138 -0.7391890175389632 4.805323506484168
cell 8.864538955615263 40.94169456067805 0.0 1.0 1.0 1 0 0 0.0 1.0 0
cell 38.62658805610421 10.725880030802472 0.0 1.6431676725154984 0.6085806194501846 1 0 0 0.997363765103108 -0.0725639032808489 3.2868481251129578
cell 29.27811471182394 14.528894979316613 0.0 1.6431676725154984 0.6085806194501846 1 0 0 0.5453343031899784 -0.8382186455599163 5.1296095296190485
cell 27.368927389302392 53.24747103103762 0.0 1.0 1.0 1 0 0 0.0 1.0 0
cell 33.78054985051364 7.975985647072174 0.0 1.6431676725154984 0.6085806194501846 1 0 0 0.9959296305524927 0.09013418323574764 2.9610793019160013
cell 37.59232111387941 1.5357628595407762 0.0 1.6431676725154984 0.6085806194501846 1 0 0 0.8664359513452471 -0.4992882356079067 4.187146844950537
cell 47.621602052571255 1.622807660982588 0.0 1.0 1.0 1 0 0 0.0 1.0 0
cell 34.41730416888686 24.61467342141643 0.0 1.6431676725154984 0.6085806194501846 1 0 0 0.5858408533935221 -0.8104261190849846 5.031350879311849
cell 38.75993972385705 55.20416958072684 0.0 1.0 1.0 1 0 0 0.0 1.0 0
cell 3.1991156325591836 9.355760710099426 0.0 1.0 1.0 1 0 0 0.0 1.0 0
cell 14.117616505368414 25.648014749718946 0.0 1.6431676725154984 0.6085806194501846 1 0 0 0.46492335621879377 0.8853509320276636 0.9670960808701805
cell 12.063464858125007 11.864266358153282 0.0 1.6431676725154984 0.6085806194501846 1 0 0 0.8348753747539908 -0.5504390144506324 4.3073726357171855
cell 31.627518124122663 19.426980001844136 0.0 1.6431676725154984 0.6085806194501846 1 0 0 -0.9143069418207366 -0.40502199463536814 2.3075868804589312
cell 14.620812339216537 16.684837519705592 0.0 1.6431676725154984 0.6085806194501846 1 0 0 0.1527239794238482 -0.9882688835073904 5.976537300080315
cell 16.354277471974086 47.61080485019387 0.0 1.0 1.0 1 0 0 0.0 1.0 0
cell 49.50906298431522 23.393798829128368 0.0 1.6431676725154984 0.6085806194501846 1 0 0 0.4991380339447473 0.8665224884962722 1.0452074971542817
cell 31.957099715744334 14.219467917074518 0.0 1.6431676725154984 0.6085806194501846 1 0 0 0.4976005379395235 -0.8674063088554849 5.241524658326378
cell 2.2105123929989023 41.38518296047479 0.0 1.0 1.0 1 0 0 0.0 1.0 0
cell 11.62194084996991 36.579427365939004 0.0 1.0 1.0 1 0 0 0.0 1.0 0
cell 32.571037133391684 41.72458741889385 0.0 1.6431676725154984 0.6085806194501846 1 0 0 -0.02089133482316951 -0.9997817522486127 0.041785709569622576
cell 46.102351599573865 59.01327997356851 0.0 1.0 1.0 1 0 0 0.0 1.0 0
cell 53.468473006680824 47.66800990852204 0.0 1.6431676725154984 0.6085806194501846 1 0 0 0.16987837094844507 0.9854650369667625 0.34141248963095705
cell 42.3937114062328 42.539016570612304 0.0 1.6431676725154984 0.6085806194501846 1 0 0 -0.03006843335596533 -0.9995478424345269 0.060145932131300484
cell 32.512601910221925 52.2986758200601 0.0 1.6431676725154984 0.6085806194501846 1 0 0 0.5350689752167987 -0.8448083757636667 5.154006525151207
cell 44.52714530335444 10.952923098947757 0.0 1.6431676725154984 0.6085806194501846 1 0 0 0.5289700160459186 -0.8486405140719954 5.168412469938089
cell 41.00313389646943 28.78712421870576 0.0 1.0 1.0 1 0 0 0.0 1.0 0
cell 49.79160463455634 35.50172833517732 0.0 1.6431676725154984 0.6085806194501846 1 0 0 0.6735226683402639 0.7391665679884413 1.4779284650029476
cell 44.81800801364936 3.361583937135733 0.0 1.0 1.0 1 0 0 0.0 1.0 0
cell 17.85528279143787 33.02193267899183 0.0 1.0 1.0 1 0 0 0.0 1.0 0
cell 33.90035621597512 20.53743419896726 0.0 1.6431676725154984 0.6085806194501846 1 0 0 0.2628149056031567 -0.9648462703419669 5.751308278953279
cell 18.960788775707428 52.0261322986232 0.0 1.6431676725154984 0.6085806194501846 1 0 0 0.6803413982289019 -0.7328953416797944 4.786728596655863
cell 42.439137271031576 31.996112385220343 0.0 1.0 1.0 1 0 0 0.0 1.0 0
cell 7.116950564348851 53.08781610157462 0.0 1.6431676725154984 0.6085806194501846 1 0 0 -0.6582601039313969 -0.7527905655441137 1.437010313438523
cell 49.49461783157837 27.35343891692646 0.0 1.6431676725154984 0.6085806194501846 1 0 0 0.5332202664666065 0.8459764461433198 1.1248051728274664
cell 3.405015116762569 45.4621507797442 0.0 1.0 1.0 1 0 0 0.0 1.0 0
cell 58.759329789373545 29.02123538883602 0.0 1.6431676725154984 0.6085806194501846 1 0 0 0.9353606166834699 0.35369551418913825 2.4185545240196227
cell 54.68250349568074 27.49213396377421 0.0 1.0 1.0 1 0 0 0.0 1.0 0
cell 10.409344753993802 57.67996469689451 0.0 1.0 1.0 1 0 0 0.0 1.0 0
cell 22.180837521311613 5.312879690090148 0.0 1.6431676725154984 0.6085806194501846 1 0 0 0.8239814422016246 -0.5666167866444928 4.346380847097962
cell 24.431296481318963 13.739870460016187 0.0 1.6431676725154984 0.6085806194501846 1 0 0 0.21064466923490166 -0.9775626953412855 5.858716549522349
cell 0.7731228728544027 26.952964120688463 0.0 1.0 1.0 1 0 0 0.0 1.0 0
cell 8.852137816260177 38.521854380234736 0.0 1.0 1.0 1 0 0 0.0 1.0 0
cell 59.609896803637646 36.73789192368951 0.0 1.0 1.0 1 0 0 0.0 1.0 0
cell 30.249715879657277 9.378784934325365 0.0 1.6431676725154984 0.6085806194501846 1 0 0 0.9938309801207559 0.11090528820672937 2.91932483072037
cell 50.697501218637534 20.719538665678925 0.0 1.6431676725154984 0.6085806194501846 1 0 0 0.7297226035076602 0.6837433158210778 1.6358323201513905
cell 15.169273598988816 2.8848266804841627 0.0 1.0 1.0 1 0 0 0.0 1.0 0
cell 48.25656334250221 19.383368678288196 0.0 1.6431676725154984 0.6085806194501846 1 0 0 0.346617881908556 0.9380064199893444 0.7079260912602313
cell 7.812764805104196 47.98781747427484 0.0 1.0 1.0 1 0 0 0.0 1.0 0
cell 11.547123061293748 24.30964090622892 0.0 1.6431676725154984 0.6085806194501846 1 0 0 0.0742829556454115 0.997237204731443 0.14870288173689492
cell 9.949819374660096 6.148881824306053 0.0 1.0 1.0 1 0 0 0.0 1.0 0
cell 14.753317769635522 38.133322963307094 0.0 1.6431676725154984 0.6085806194501846 1 0 0 0.44242061758645995 -0.8968076700912049 5.366593245036782
cell 44.13403549501948 27.453416386478764 0.0 1.0 1.0 1 0 0 0.0 1.0 0
cell 16.284074973679893 45.70311543046257 0.0 1.0 1.0 1 0 0 0.0 1.0 0
cell 31.466673961996094 26.04069267322862 0.0 1.6431676725154984 0.6085806194501846 1 0 0 0.6496786970587402 -0.7602089124629214 4.8688618881659425
cell 25.25120966459908 4.79446719477606 0.0 1.6431676725154984 0.6085806194501846 1 0 0 0.8619214749394789 -0.5070417843118585 4.20509104231044
cell 36.01524311674521 49.476147683968314 0.0 1.6431676725154984 0.6085806194501846 1 0 0 0.3498269846255568 -0.9368143256952204 5.568412482245615
cell 24.47098483204751 38.49792465127371 0.0 1.0 1.0 1 0 0 0.0 1.0 0
cell 9.339272949947897 27.06071327424458 0.0 1.0 1.0 1 0 0 0.0 1.0 0
cell 55.776650386263164 1.733623836621033 0.0 1.0 1.0 1 0 0 0.0 1.0 0
cell 6.44632050760713 44.28474801128443 0.0 1.0 1.0 1 0 0 0.0 1.0 0
cell 50.143650612188495 52.4206991646063 0.0 1.0 1.0 1 0 0 0.0 1.0 0
cell 19.65097124152216 24.16321797660109 0.0 1.6431676725154984 0.6085806194501846 1 0 0 0.1891245531287836 -0.9819531065197756 5.902644240130867
cell 20.14666301492725 33.80654722304242 0.0 1.6431676725154984 0.6085806194501846 1 0 0 0.03232538541539771 -0.999477398172538 6.218523271790343
cell 49.74387931448548 55.625816229193575 0.0 1.0 1.0 1 0 0 0.0 1.0 0
cell 37.236785718860354 56.4177280688342 0.0 1.0 1.0 1 0 0 0.0 1.0 0
cell 56.16834454337717 11.387217687321396 0.0 1.0 1.0 1 0 0 0.0 1.0 0
cell 11.80077018794439 22.239304782075504 0.0 1.0 1.0 1 0 0 0.0 1.0 0
cell 25.567314282958886 54.921621263955274 0.0 1.0 1.0 1 0 0 0.0 1.0 0
cell 52.21995165120471 30.907258369776724 0.0 1.0 1.0 1 0 0 0.0 1.0 0
cell 24.5522576877407 19.319125512375862 0.0 1.6431676725154984 0.6085806194501846 1 0 0 0.08426510478196793 -0.9964433712540236 6.114455013140252
cell 32.50652705036082 49.25231050434775 0.0 1.0 1.0 1 0 0 0.0 1.0 0
cell 23.271360064783604 23.199656762704418 0.0 1.6431676725154984 0.6085806194501846 1 0 0 0.06828034298515924 -0.9976661740090365 6.146518285642407
cell 17.312233224011933 50.73699690589647 0.0 1.6431676725154984 0.6085806194501846 1 0 0 0.5718076120812814 -0.8203877465966339 5.06577024561725
cell 54.27931795875026 53.95716265741939 0.0 1.0 1.0 1 0 0 0.0 1.0 0
cell 33.581559295398215 54.66682436452683 0.0 1.0 1.0 1 0 0 0.0 1.0 0
cell 47.974757538128436 47.73218366349521 0.0 1.0 1.0 1 0 0 0.0 1.0 0
cell 14.925553929559978 58.859894454108264 0.0 1.0 1.0 1 0 0 0.0 1.0 0
cell 16.50075723578401 39.82133718257956 0.0 1.6431676725154984 0.6085806194501846 1 0 0 0.8221843692844131 0.5692212776279466 1.9304758416834482
cell 48.56323384566951 17.855442201037896 0.0 1.6431676725154984 0.6085806194501846 1 0 0 0.5425250939797478 0.8400395957347879 1.1468802487857233
cell 21.73938121262174 2.3591954733078913 0.0 1.6431676725154984 0.6085806194501846 1 0 0 0.797983189298522 -0.6026797073047667 4.4353025882809
cell 24.00395969251488 6.1968290741458985 0.0 1.6431676725154984 0.6085806194501846 1 0 0 0.9016253075913219 -0.4325179819508714 4.036159907065565
cell 36.98106859388514 7.447384961939724 0.0 1.6431676725154984 0.6085806194501846 1 0 0 0.9978509415547688 0.06552479254649636 3.010449109983708
cell 8.386815878557847 35.177944642357936 0.0 1.0 1.0 1 0 0 0.0 1.0 0
cell 54.74470862372865 57.91089608564519 0.0 1.0 1.0 1 0 0 0.0 1.0 0
cell 35.98310595319563 10.83751312510199 0.0 1.6431676725154984 0.6085806194501846 1 0 0 0.06149319453547447 -0.9981075027399715 6.160121275528664
cell 52.90433450671335 57.44528688314195 0.0 1.0 1.0 1 0 0 0.0 1.0 0
cell 38.33141612907625 14.242146583692527 0.0 1.6431676725154984 0.6085806194501846 1 0 0 0.4851358764520892 0.8744387808069032 1.01303709604137
cell 24.34378476783913 43.64420065637818 0.0 1.0 1.0 1 0 0 0.0 1.0 0
cell 27.932365502673292 46.51889531092147 0.0 1.0 1.0 1 0 0 0.0 1.0 0
cell 57.21243560936484 6.22689719074701 0.0 1.6431676725154984 0.6085806194501846 1 0 0 0.942651890505514 0.3337774907425311 2.4609765560197685
cell 42.747981685731695 22.673089552476412 0.0 1.0 1.0 1 0 0 0.0 1.0 0
cell 51.44551043256574 14.354028371984882 0.0 1.0 1.0 1 0 0 0.0 1.0 0
cell 57.762249736106256 7.969441810577613 0.0 1.0 1.0 1 0 0 0.0 1.0 0
cell 17.54514356088859 22.91759536463116 0.0 1.6431676725154984 0.6085806194501846 1 0 0 0.999477748118954 0.03231456351345004 3.07695227331766
cell 48.3166374414695 34.00487552285194 0.0 1.0 1.0 1 0 0 0.0 1.0 0
cell 9.328236411604491 18.223629013089834 0.0 1.6431676725154984 0.6085806194501846 1 0 0 0.4598316107326625 0.888006131606649 0.9556111259259081
cell 27.40564331850871 29.68725309891136 0.0 1.6431676725154984 0.6085806194501846 1 0 0 0.8980070399114368 -0.4399810862633747 4.052747876359298
cell 33.95982893243554 48.16284370736231 0.0 1.0 1.0 1 0 0 0.0 1.0 0
cell 18.153271200139784 38.09961833886704 0.0 1.0 1.0 1 0 0 0.0 1.0 0
cell 43.538966342016785 5.8143097669347625 0.0 1.6431676725154984 0.6085806194501846 1 0 0 0.9717161877928993 0.2361517528650484 2.6647853041346243
cell 9.918086856743361 32.80950335500549 0.0 1.6431676725154984 0.6085806194501846 1 0 0 0.918622843982434 -0.3951355090517995 3.9540233728693717
cell 33.801008622235265 12.17768480889013 0.0 1.6431676725154984 0.6085806194501846 1 0 0 0.5270516088559782 -0.8498332787096096 5.172930423367326
cell 9.371838625197585 54.657866655604636 0.0 1.0 1.0 1 0 0 0.0 1.0 0
cell 55.42583726350187 14.409244368627169 0.0 1.0 1.0 1 0 0 0.0 1.0 0
cell 7.261315346494194 58.64438177110967 0.0 1.6431676725154984 0.6085806194501846 1 0 0 0.8528265346873805 0.522194314152418 2.042748813812791
cell 48.485230049931864 29.730924441323015 0.0 1.0 1.0 1 0 0 0.0 1.0 0
cell 54.54152003225901 4.05189445993339 0.0 1.6431676725154984 0.6085806194501846 1 0 0 0.9076437165003612 0.41974144886752823 2.275271770422906
cell 47.88830331296362 50.03904356063058 0.0 1.0 1.0 1 0 0 0.0 1.0 0
cell 8.663007646564056 28.650670327058595 0.0 1.6431676725154984 0.6085806194501846 1 0 0 0.9284324634450887 -0.37150122586780804 3.902843544426249
cell 45.490008297713935 28.444636330363302 0.0 1.0 1.0 1 0 0 0.0 1.0 0
cell 53.817379374536635 1.5613874089372763 0.0 1.0 1.0 1 0 0 0.0 1.0 0
cell 5.6670376237666265 3.141983593003563 0.0 1.0 1.0 1 0 0 0.0 1.0 0
cell 37.472390713565254 32.12958679539394 0.0 1.6431676725154984 0.6085806194501846 1 0 0 0.8378643699015083 -0.5458784641745345 4.2964670803471
cell 35.565458056708245 47.50095880457803 0.0 1.0 1.0 1 0 0 0.0 1.0 0
cell 40.79225982159837 36.233998274787965 0.0 1.6431676725154984 0.6085806194501846 1 0 0 -0.46446751826032545 -0.8855901560434681 0.9660664860373052
cell 44.64003037501519 47.0748068967367 0.0 1.0 1.0 1 0 0 0.0 1.0 0
cell 50.94769074417378 42.07505849232509 0.0 1.0 1.0 1 0 0 0.0 1.0 0
cell 51.28736993217241 34.47849972237605 0.0 1.0 1.0 1 0 0 0.0 1.0 0
cell 5.665420451249989 42.57339789569956 0.0 1.0 1.0 1 0 0 0.0 1.0 0
cell 57.20804511258307 21.678816343253803 0.0 1.0 1.0 1 0 0 0.0 1.0 0
cell 13.960869023483438 5.973332630718571 0.0 1.0 1.0 1 0 0 0.0 1.0 0
cell 0.90055339695498 53.03242989403835 0.0 1.0 1.0 1 0 0 0.0 1.0 0
cell 23.49959785322636 52.07132878777348 0.0 1.0 1.0 1 0 0 0.0 1.0 0
cell 20.92955995475168 35.270082216902026 0.0 1.0 1.0 1 0 0 0.0 1.0 0
cell 31.155167904762937 11.982881913372442 0.0 1.6431676725154984 0.6085806194501846 1 0 0 0.3932475176945987 -0.9194326456174134 5.474863257532441
cell 47.59578877024314 21.252497362067853 0.0 1.6431676725154984 0.6085806194501846 1 0 0 0.47020469222777705 0.8825573904324757 0.9790453889456003
cell 4.8448249240987105 15.226737367232257 0.0 1.6431676725154984 0.6085806194501846 1 0 0 0.5173900420159283 0.8557496972963273 1.0875964411888845
cell 49.90776897952723 22.152809880135194 0.0 1.6431676725154984 0.6085806194501846 1 0 0 0.6032794706909199 0.7975298616621722 1.2952135597665442
cell 59.31445115620054 39.40344299768065 0.0 1.0 1.0 1 0 0 0.0 1.0 0
cell 35.509021620491346 45.66222970337864 0.0 1.6431676725154984 0.6085806194501846 1 0 0 0.43488259841627036 -0.9004871601498341 5.383369513114535
cell 54.5074507885288 23.97540458440928 0.0 1.0 1.0 1 0 0 0.0 1.0 0
cell 23.731651893121672 1.990237559563133 0.0 1.6431676725154984 0.6085806194501846 1 0 0 0.8054149726659411 -0.5927113309238499 4.410434783915053
cell 30.13443328370325 26.548819663187043 0.0 1.6431676725154984 0.6085806194501846 1 0 0 0.6104540770884952 -0.7920516522083857 4.969917793927663
cell 1.347909618953795 30.060409401349894 0.0 1.0 1.0 1 0 0 0.0 1.0 0
cell 3.0901436262857342 5.368320617545284 0.0 1.0 1.0 1 0 0 0.0 1.0 0
cell 21.793949104712038 13.41136931932477 0.0 1.0 1.0 1 0 0 0.0 1.0 0
cell 55.704818698633844 22.62598783991977 0.0 1.0 1.0 1 0 0 0.0 1.0 0
cell 8.67838765155196 7.659163340755269 0.0 1.0 1.0 1 0 0 0.0 1.0 0
cell 46.65181412259526 40.94455850286447 0.0 1.0 1.0 1 0 0 0.0 1.0 0
cell 45.78459164945559 55.09896709542867 0.0 1.0 1.0 1 0 0 0.0 1.0 0
cell 10.907465369661915 25.83040292525081 0.0 1.0 1.0 1 0 0 0.0 1.0 0
cell 51.991663536793 19.691275668506936 0.0 1.0 1.0 1 0 0 0.0 1.0 0
cell 31.56948952619581 1.6372397623394839 0.0 1.0 1.0 1 0 0 0.0 1.0 0
cell 23.71265659033004 55.92634152485452 0.0 1.6431676725154984 0.6085806194501846 1 0 0 0.9075049876004533 -0.42004130449314275 4.008574321456489
cell 8.995582318356075 13.804504044757127 0.0 1.6431676725154984 0.6085806194501846 1 0 0 0.7679892157861627 0.640462773653672 1.7513912682728214
cell 20.599647837932054 8.633426898646961 0.0 1.0 1.0 1 0 0 0.0 1.0 0
cell 14.771938830845743 42.750743101888034 0.0 1.0 1.0 1 0 0 0.0 1.0 0
cell 17.05254594597112 3.4333032047877294 0.0 1.0 1.0 1 0 0 0.0 1.0 0
cell 16.229508638078308 49.5774867743604 0.0 1.0 1.0 1 0 0 0.0 1.0 0
cell 55.331891637488745 19.01641661022297 0.0 1.0 1.0 1 0 0 0.0 1.0 0
cell 55.83269789196106 43.13537548623123 0.0 1.0 1.0 1 0 0 0.0 1.0 0
cell 43.034394944538555 50.75514281525068 0.0 1.0 1.0 1 0 0 0.0 1.0 0
cell 47.87844104181078 23.372810079197095 0.0 1.0 1.0 1 0 0 0.0 1.0 0
cell 52.8307510823423 23.25656305496547 0.0 1.0 1.0 1 0 0 0.0 1.0 0
cell 52.249469198322906 0.7500973500882501 0.0 1.0 1.0 1 0 0 0.0 1.0 0
cell 57.20558493094621 19.695845133951504 0.0 1.0 1.0 1 0 0 0.0 1.0 0
cell 47.73887943149998 55.55424819933198 0.0 1.0 1.0 1 0 0 0.0 1.0 0
cell 35.455631771662176 6.6438728757025505 0.0 1.6431676725154984 0.6085806194501846 1 0 0 0.9895307781144584 0.14432199819914623 2.8519371272669876
cell 53.62222690152916 13.518130511124037 0.0 1.0 1.0 1 0 0 0.0 1.0 0
cell 41.52554885162501 8.512460602689195 0.0 1.6431676725154984 0.6085806194501846 1 0 0 0.918977988852036 -0.3943088332835917 3.952223905438428
cell 10.258438520287543 34.98862646185533 0.0 1.0 1.0 1 0 0 0.0 1.0 0
cell 52.63331833652114 44.92317005416351 0.0 1.0 1.0 1 0 0 0.0 1.0 0
cell 18.040740744985808 46.44422251533461 0.0 1.6431676725154984 0.6085806194501846 1 0 0 -0.4814989421084357 0.8764466719364375 5.278456987950886
cell 4.548262104655651 38.26284240633319 0.0 1.0 1.0 1 0 0 0.0 1.0 0
cell 40.53274508046085 5.632266965317154 0.0 1.6431676725154984 0.6085806194501846 1 0 0 0.9019907562811188 -0.4317553422754783 4.034468550140513
cell 51.67009400927611 32.53534435445471 0.0 1.0 1.0 1 0 0 0.0 1.0 0
cell 58.150868143319215 32.56495351901435 0.0 1.0 1.0 1 0 0 0.0 1.0 0
cell 33.899672410100656 56.70500863683605 0.0 1.0 1.0 1 0 0 0.0 1.0 0
cell 24.004188256893503 7.8864794404072445 0.0 1.6431676725154984 0.6085806194501846 1 0 0 0.9504395712153759 -0.31090934606076465 3.7738919467684595
cell 44.26037929736135 49.0734477880592 0.0 1.0 1.0 1 0 0 0.0 1.0 0
cell 5.821273173947776 19.212793914091556 0.0 1.6431676725154984 0.6085806194501846 1 0 0 -0.32122903355578714 -0.9470015353740536 0.6540540358355367
cell 38.43974619722435 25.21917186363734 0.0 1.0 1.0 1 0 0 0.0 1.0 0
cell 37.65315978049287 30.004756908911208 0.0 1.0 1.0 1 0 0 0.0 1.0 0
cell 38.91302337297259 43.33889193319894 0.0 1.0 1.0 1 0 0 0.0 1.0 0
cell 2.8104488107040213 34.74482166979223 0.0 1.0 1.0 1 0 0 0.0 1.0 0
cell 22.4049832027702 47.91674621795074 0.0 1.0 1.0 1 0 0 0.0 1.0 0
cell 26.736709910021975 21.61555324858795 0.0 1.0 1.0 1 0 0 0.0 1.0 0
cell 4.878495684459058 52.576283937889215 0.0 1.6431676725154984 0.6085806194501846 1 0 0 -0.46963599666722167 -0.882860142171106 0.9777568653405453
cell 5.787832274485405 13.472772210060803 0.0 1.6431676725154984 0.6085806194501846 1 0 0 0.7350987671761763 0.6779600301611193 1.651624704743131
cell 57.37296079032001 47.353127866824885 0.0 1.6431676725154984 0.6085806194501846 1 0 0 0.30159643155955856 0.9534356782030661 0.6127332208167546
cell 35.97725954678882 8.635678336810168 0.0 1.6431676725154984 0.6085806194501846 1 0 0 0.9994166359115059 0.03415242104636986 3.07327452619962
cell 51.83019171208184 2.268450787944152 0.0 1.0 1.0 1 0 0 0.0 1.0 0
cell 58.84819620157087 20.080995079493405 0.0 1.6431676725154984 0.6085806194501846 1 0 0 0.8640437666775134 0.5034166954578828 2.0864955546194794
cell 57.044999722260194 51.31854791990101 0.0 1.0 1.0 1 0 0 0.0 1.0 0
cell 47.05718795478276 17.193578795845436 0.0 1.6431676725154984 0.6085806194501846 1 0 0 0.47834673499094377 0.8781710545921585 0.9975422440429692
cell 44.535923244648316 32.66093416286049 0.0 1.0 1.0 1 0 0 0.0 1.0 0
cell 16.653580950299787 42.04617339733959 0.0 1.0 1.0 1 0 0 0.0 1.0 0
cell 2.926654156666536 29.393684922319267 0.0 1.0 1.0 1 0 0 0.0 1.0 0
cell 8.73179126115807 1.9435195434246737 0.0 1.0 1.0 1 0 0 0.0 1.0 0
cell 43.58822117330555 24.201306467361817 0.0 1.0 1.0 1 0 0 0.0 1.0 0
cell 50.831851427681556 38.10681416274057 0.0 1.0 1.0 1 0 0 0.0 1.0 0
cell 29.704649991339295 47.33948465995794 0.0 1.0 1.0 1 0 0 0.0 1.0 0
cell 36.905920396409414 28.157728451924406 0.0 1.0 1.0 1 0 0 0.0 1.0 0
cell 10.720792272685497 53.363013210273486 0.0 1.0 1.0 1 0 0 0.0 1.0 0
cell 30.047507823659675 17.166352226680004 0.0 1.6431676725154984 0.6085806194501846 1 0 0 0.07278501023756768 -0.9973476536718363 6.137486449302422
cell 25.76588340222489 53.118199341804306 0.0 1.0 1.0 1 0 0 0.0 1.0 0
cell 25.405109314224024 49.68617268230343 0.0 1.0 1.0 1 0 0 0.0 1.0 0
cell 50.32143336411164 2.346196164722923 0.0 1.6431676725154984 0.6085806194501846 1 0 0 0.7801857761894969 -0.6255478835641539 4.49325981953245
cell 35.76401055790589 57.540941091408456 0.0 1.0 1.0 1 0 0 0.0 1.0 0
cell 6.505694324845778 35.28937980854588 0.0 1.0 1.0 1 0 0 0.0 1.0 0
cell 7.647927491846346 14.802140827593027 0.0 1.6431676725154984 0.6085806194501846 1 0 0 0.758666783044812 0.6514788655853972 1.722528444558674
cell 37.12394923936479 12.052469394584124 0.0 1.0 1.0 1 0 0 0.0 1.0 0
cell 20.66248087780548 50.83070136437252 0.0 1.0 1.0 1 0 0 0.0 1.0 0
cell 1.1126587153759926 2.123091926075533 0.0 1.6431676725154984 0.6085806194501846 1 0 0 0.940998515532795 0.33841068801838414 2.4511378132948987
cell 17.13561542696643 26.2357019798162 0.0 1.6431676725154984 0.6085806194501846 1 0 0 0.9387617937629624 -0.34456682163398317 3.845147273843695
cell 29.052969692901453 55.92355436441045 0.0 1.0 1.0 1 0 0 0.0 1.0 0
cell 53.42793681443651 18.484997712608138 0.0 1.0 1.0 1 0 0 0.0 1.0 0
cell 32.0470593823639 7.6603688454754835 0.0 1.6431676725154984 0.6085806194501846 1 0 0 0.9662832005695983 0.25748160380301643 2.6207626076005925
cell 42.43726799099879 10.978549642850771 0.0 1.6431676725154984 0.6085806194501846 1 0 0 0.4007280537082198 -0.9161970459301985 5.458562595937494
cell 14.542794126838432 46.670416896443236 0.0 1.0 1.0 1 0 0 0.0 1.0 0
cell 48.98198191041057 37.40230057856641 0.0 1.0 1.0 1 0 0 0.0 1.0 0
cell 42.509804308770214 41.41796637390203 0.0 1.6431676725154984 0.6085806194501846 1 0 0 0.12564160013784056 0.9920756968673323 0.25194905942616014
cell 37.646991328346544 17.43219875263831 0.0 1.0 1.0 1 0 0 0.0 1.0 0
cell 56.31592561254444 27.78520141746315 0.0 1.0 1.0 1 0 0 0.0 1.0 0
cell 54.300081296188516 40.0218639362914 0.0 1.0 1.0 1 0 0 0.0 1.0 0
cell 4.059196399705601 1.8470206168871381 0.0 1.6431676725154984 0.6085806194501846 1 0 0 -0.645156149301121 -0.7640507463637148 1.402455271850406
cell 44.62859583861616 0.521918686361673 0.0 1.0 1.0 1 0 0 0.0 1.0 0
cell 41.560268375554465 26.449172363425145 0.0 1.0 1.0 1 0 0 0.0 1.0 0
cell 59.45853213357691 21.65512074507178 0.0 1.0 1.0 1 0 0 0.0 1.0 0
cell 21.174228890485303 21.136068687713156 0.0 1.6431676725154984 0.6085806194501846 1 0 0 0.9511889536733904 -0.30860909644681694 3.769053465515265
cell 37.35031556522841 37.1159902937936 0.0 1.6431676725154984 0.6085806194501846 1 0 0 0.6948620912241604 -0.7191430137181245 4.746729077561641
cell 14.38609590562843 34.496223969037445 0.0 1.6431676725154984 0.6085806194501846 1 0 0 0.8506566059805678 0.5257217312434602 2.0344659914820395
cell 53.76755272100188 20.25905599308198 0.0 1.0 1.0 1 0 0 0.0 1.0 0
cell 0.2634210832412681 59.62210267346253 0.0 1.6431676725154984 0.6085806194501846 1 0 0 0.9372854851949303 0.3485626475153414 2.4295183763234625
cell 43.78934822802884 43.80557185190743 0.0 1.0 1.0 1 0 0 0.0 1.0 0
cell 51.00956754653594 23.25405911387336 0.0 1.6431676725154984 0.6085806194501846 1 0 0 0.7618042782821229 0.6478072565131189 1.7321875614707523
cell 19.66777495449376 36.78977048360828 0.0 1.0 1.0 1 0 0 0.0 1.0 0
cell 52.585432312816394 39.05149536244741 0.0 1.0 1.0 1 0 0 0.0 1.0 0
cell 26.595265829044077 8.591280586967565 0.0 1.6431676725154984 0.6085806194501846 1 0 0 0.626906684823171 -0.7790943514902552 4.928032427820991
cell 46.0922891805989 48.24679604325307 0.0 1.0 1.0 1 0 0 0.0 1.0 0
cell 1.7642996588591737 56.96710345510316 0.0 1.0 1.0 1 0 0 0.0 1.0 0
cell 18.638098377398904 42.70445577221189 0.0 1.6431676725154984 0.6085806194501846 1 0 0 0.9330799676264356 -0.3596689783874191 3.877418867291616
cell 21.722759252592503 36.745841994020005 0.0 1.0 1.0 1 0 0 0.0 1.0 0
cell 54.347043793709766 38.19481895751358 0.0 1.0 1.0 1 0 0 0.0 1.0 0
cell 22.808269307965016 50.657424262478756 0.0 1.0 1.0 1 0 0 0.0 1.0 0
cell 20.627216332577316 54.023911602624864 0.0 1.6431676725154984 0.6085806194501846 1 0 0 0.6900120696282397 -0.7237978611237763 4.760173851123468
cell 40.03535024596922 41.623237063110224 0.0 1.0 1.0 1 0 0 0.0 1.0 0
cell 30.3864548107724 54.434854909999586 0.0 1.0 1.0 1 0 0 0.0 1.0 0
cell 50.808022702668666 54.27436077660208 0.0 1.0 1.0 1 0 0 0.0 1.0 0
cell 19.662400994240116 49.632865497693174 0.0 1.6431676725154984 0.6085806194501846 1 0 0 0.6681416368777847 -0.7440341074643516 4.819768722983694
cell 46.54939778926155 44.41897498934139 0.0 1.6431676725154984 0.6085806194501846 1 0 0 0.1846313840437573 0.9828078408448351 0.371393569978875
cell 49.36431993674785 43.022288025820245 0.0 1.0 1.0 1 0 0 0.0 1.0 0
cell 42.41036578484701 20.96326114008696 0.0 1.0 1.0 1 0 0 0.0 1.0 0
cell 0.9808372834248615 35.00783758482938 0.0 1.0 1.0 1 0 0 0.0 1.0 0
cell 47.46305451993137 57.56634828974092 0.0 1.0 1.0 1 0 0 0.0 1.0 0
cell 29.9802935709626 2.7806836965207573 0.0 1.0 1.0 1 0 0 0.0 1.0 0
cell 23.895701723222693 54.74625697421627 0.0 1.6431676725154984 0.6085806194501846 1 0 0 0.8984115964580023 -0.43915441857026055 4.050907174825645
cell 38.7432812213711 36.974481463648615 0.0 1.6431676725154984 0.6085806194501846 1 0 0 0.8340167952048854 -0.5517390554566283 4.310488572783547
cell 16.64122638176866 1.7061131746788967 0.0 1.0 1.0 1 0 0 0.0 1.0 0
cell 2.6756859911467865 51.26075411529773 0.0 1.6431676725154984 0.6085806194501846 1 0 0 -0.28238352548405404 -0.9593015920633076 0.5725557008979614
cell 2.685758537520909 26.535378326287077 0.0 1.0 1.0 1 0 0 0.0 1.0 0
cell 35.181984658449515 43.17070528456362 0.0 1.6431676725154984 0.6085806194501846 1 0 0 0.42846193473705746 0.9035598322642378 0.885579720178206
cell 34.56335565198861 15.098678427750404 0.0 1.0 1.0 1 0 0 0.0 1.0 0
cell 56.657153815402324 26.12660015260385 0.0 1.0 1.0 1 0 0 0.0 1.0 0
cell 1.4926855240100159 6.306194580061639 0.0 1.0 1.0 1 0 0 0.0 1.0 0
cell 22.88173363647383 30.105469353312408 0.0 1.6431676725154984 0.6085806194501846 1 0 0 0.6169324841832581 -0.7870160798608082 4.953507172355344
cell 4.62054786308246 27.050656290598337 0.0 1.0 1.0 1 0 0 0.0 1.0 0
cell 7.069187819785535 1.8825895208743961 0.0 1.0 1.0 1 0 0 0.0 1.0 0
cell 36.67454647759197 2.905940276696164 0.0 1.6431676725154984 0.6085806194501846 1 0 0 0.3845770180716844 0.9230929082010604 0.7894991126079468
cell 16.024367743976295 10.049709973612298 0.0 1.6431676725154984 0.6085806194501846 1 0 0 -0.07286147373652554 -0.9973420705279316 0.14585219199824184
cell 51.28163036688614 30.32063949070381 0.0 1.6431676725154984 0.6085806194501846 1 0 0 0.8354319691118148 0.5495938727696623 1.9778365902626163
cell 47.25559217158966 12.52726843528719 0.0 1.6431676725154984 0.6085806194501846 1 0 0 0.526195161420622 0.850363835130308 1.1082399471771045
cell 49.29720041591188 41.10779645304547 0.0 1.0 1.0 1 0 0 0.0 1.0 0
cell 20.903248109885855 44.197311386624456 0.0 1.0 1.0 1 0 0 0.0 1.0 0
cell 14.932419971855055 20.193315909622935 0.0 1.0 1.0 1 0 0 0.0 1.0 0
cell 12.996058363023273 31.450981935032907 0.0 1.0 1.0 1 0 0 0.0 1.0 0
cell 39.38789434052952 29.547779433844568 0.0 1.0 1.0 1 0 0 0.0 1.0 0
cell 54.812789209830996 46.98307492020755 0.0 1.6431676725154984 0.6085806194501846 1 0 0 -0.15940440484265794 -0.9872133688908179 0.32017462814748754
cell 9.771090241576223 48.1019860291714 0.0 1.0 1.0 1 0 0 0.0 1.0 0
cell 4.193307801528343 58.84568858067097 0.0 1.6431676725154984 0.6085806194501846 1 0 0 0.6223253255297178 0.7827587043299684 1.3434197751798904
cell 30.119994043759124 4.7638326238437845 0.0 1.0 1.0 1 0 0 0.0 1.0 0
cell 22.200275255823573 33.7221732207106 0.0 1.0 1.0 1 0 0 0.0 1.0 0
cell 11.5564710649605 30.09700192945311 0.0 1.0 1.0 1 0 0 0.0 1.0 0
cell 15.852044993998401 12.635856649969668 0.0 1.6431676725154984 0.6085806194501846 1 0 0 0.817376200338554 0.576104284934688 1.913683618207
cell 21.427180929558475 58.92828337198587 0.0 1.6431676725154984 0.6085806194501846 1 0 0 0.7244114555157299 -0.6893678576185444 4.662824775789122
cell 50.7240080890774 28.870630447475083 0.0 1.6431676725154984 0.6085806194501846 1 0 0 0.7456793460687676 0.6663049698497342 1.6831076650456478
cell 38.89698906516781 18.549960555184413 0.0 1.6431676725154984 0.6085806194501846 1 0 0 0.4232011006009936 -0.9060357765839645 5.409234305129005
cell 41.22444267969034 45.94072840317033 0.0 1.0 1.0 1 0 0 0.0 1.0 0
cell 7.942926922809009 11.632504160019238 0.0 1.6431676725154984 0.6085806194501846 1 0 0 0.6342952858400891 0.7730908681138587 1.3741932493316946
cell 10.79685244852655 12.599740529128248 0.0 1.6431676725154984 0.6085806194501846 1 0 0 0.7794741024443677 -0.6264344527710362 4.49553356940199
cell 15.734269864902414 51.39217757231948 0.0 1.0 1.0 1 0 0 0.0 1.0 0
cell 16.496695473312066 31.144965641455034 0.0 1.6431676725154984 0.6085806194501846 1 0 0 0.6261766848651265 0.7796811908282257 1.3532796143891157
cell 1.5127050711228638 8.298996450174343 0.0 1.0 1.0 1 0 0 0.0 1.0 0
cell 26.664039446858446 4.625851105198483 0.0 1.6431676725154984 0.6085806194501846 1 0 0 0.9271734580045761 -0.37463232478236136 3.9095930291238674
cell 47.02692588415304 28.756824748466514 0.0 1.0 1.0 1 0 0 0.0 1.0 0
cell 59.492418589052946 33.50063383419 0.0 1.0 1.0 1 0 0 0.0 1.0 0
cell 6.065939713845808 22.61689041420516 0.0 1.6431676725154984 0.6085806194501846 1 0 0 0.5643914983850928 0.8255072601441066 1.199391886382886
cell 29.507087690018995 8.383696184462002 0.0 1.6431676725154984 0.6085806194501846 1 0 0 0.9591063842271976 0.28304583327551597 2.5676559997906057
cell 10.789726360935072 7.30242904067108 0.0 1.6431676725154984 0.6085806194501846 1 0 0 0.40211108639230714 -0.9155908880064275 5.455542524900526
cell 2.682816559054797 48.511892215700136 0.0 1.6431676725154984 0.6085806194501846 1 0 0 0.26175955603253287 0.9651331176711591 0.5296897520885592
cell 55.01698004620909 17.329413164828587 0.0 1.0 1.0 1 0 0 0.0 1.0 0
cell 14.294174459572266 8.180301624302725 0.0 1.0 1.0 1 0 0 0.0 1.0 0
cell 28.129144139880022 14.265929660675877 0.0 1.6431676725154984 0.6085806194501846 1 0 0 0.5447286440277287 -0.838612368365571 5.131054300453752
cell 8.784088230227278 49.68057811556014 0.0 1.0 1.0 1 0 0 0.0 1.0 0
cell 2.6898755418893185 38.03420494619854 0.0 1.0 1.0 1 0 0 0.0 1.0 0
cell 41.27963028101835 15.723489897748937 0.0 1.0 1.0 1 0 0 0.0 1.0 0
cell 32.675667983480785 11.867214349037393 0.0 1.6431676725154984 0.6085806194501846 1 0 0 0.39756059644202363 -0.9175759217398103 5.46547174809968
cell 46.80325830875408 7.451886453245131 0.0 1.6431676725154984 0.6085806194501846 1 0 0 0.9992295915282156 0.03924568019993475 3.0630811301732788
cell 7.393360835137746 24.14527291845195 0.0 1.0 1.0 1 0 0 0.0 1.0 0
cell 22.89424648877731 27.813852435266238 0.0 1.6431676725154984 0.6085806194501846 1 0 0 0.42118050391237116 -0.9069768371486238 5.413692290333789
cell 14.918348492675943 48.56948956392525 0.0 1.0 1.0 1 0 0 0.0 1.0 0
cell 54.37864711741907 36.356417869408936 0.0 1.0 1.0 1 0 0 0.0 1.0 0
cell 25.136751284373222 40.292020945431254 0.0 1.0 1.0 1 0 0 0.0 1.0 0
cell 45.56870388581839 37.90192628384077 0.0 1.0 1.0 1 0 0 0.0 1.0 0
cell 40.283156358990276 44.06443553717929 0.0 1.6431676725154984 0.6085806194501846 1 0 0 0.6173956936967363 -0.7866527552896041 4.952329772155877
cell 53.56262352969085 30.07683101310859 0.0 1.0 1.0 1 0 0 0.0 1.0 0
cell 42.98843740944318 26.045419529651337 0.0 1.0 1.0 1 0 0 0.0 1.0 0
cell 55.12677727213261 50.73052075790958 0.0 1.0 1.0 1 0 0 0.0 1.0 0
cell 51.63480875806945 51.113932770367725 0.0 1.0 1.0 1 0 0 0.0 1.0 0
cell 7.611818278119798 36.934451650389704 0.0 1.0 1.0 1 0 0 0.0 1.0 0
cell 17.780458298978232 40.37448710575021 0.0 1.0 1.0 1 0 0 0.0 1.0 0
cell 4.5921571583385425 29.046106211694983 0.0 1.0 1.0 1 0 0 0.0 1.0 0
cell 27.28416536303959 36.41125416659083 0.0 1.6431676725154984 0.6085806194501846 1 0 0 0.9955989260317327 -0.0937164792577081 3.3293010658546933
cell 29.667325387359703 43.33307498462109 0.0 1.0 1.0 1 0 0 0.0 1.0 0
cell 17.968237859242628 45.132733434436965 0.0 1.6431676725154984 0.6085806194501846 1 0 0 0.4536848586268138 -0.8911621900937943 5.341393509251504
cell 57.71348348808301 15.658271952762444 0.0 1.6431676725154984 0.6085806194501846 1 0 0 0.08016306857575321 -0.9967817626925761 6.12268695913616
cell 16.805016972547435 54.07466402463514 0.0 1.0 1.0 1 0 0 0.0 1.0 0
cell 36.804371716427234 40.598166180036976 0.0 1.0 1.0 1 0 0 0.0 1.0 0
cell 45.441639149229104 16.868293112301327 0.0 1.0 1.0 1 0 0 0.0 1.0 0
cell 11.975399173607649 56.843944520374855 0.0 1.0 1.0 1 0 0 0.0 1.0 0
cell 13.405725736073084 26.634016224102105 0.0 1.6431676725154984 0.6085806194501846 1 0 0 0.4253769005944275 0.9050162940194384 0.8787566042349195
cell 21.676515096583575 6.873279677184167 0.0 1.6431676725154984 0.6085806194501846 1 0 0 0.8831658038364453 -0.4690609373353589 4.118047025469609
cell 45.67661099547975 20.3530112855751 0.0 1.0 1.0 1 0 0 0.0 1.0 0
cell 3.610305917712961 18.358570014949162 0.0 1.6431676725154984 0.6085806194501846 1 0 0 0.6508860446456848 -0.7591754453915746 4.86568337095512
cell 43.06573931725618 33.71495820788198 0.0 1.0 1.0 1 0 0 0.0 1.0 0
cell 7.719399020466418 26.01452413722936 0.0 1.0 1.0 1 0 0 0.0 1.0 0
cell 16.099664001976425 43.7350194363583 0.0 1.0 1.0 1 0 0 0.0 1.0 0
cell 46.21164768621545 13.103087972542852 0.0 1.6431676725154984 0.6085806194501846 1 0 0 0.4212816840991517 0.9069298443885186 0.8697161378865993
cell 59.692363187810365 7.368042486737956 0.0 1.0 1.0 1 0 0 0.0 1.0 0
cell 10.757692059802558 9.52020871668996 0.0 1.6431676725154984 0.6085806194501846 1 0 0 0.7178371637456292 -0.6962110357827077 4.681803824809473
cell 54.14045584964082 55.9353121845033 0.0 1.0 1.0 1 0 0 0.0 1.0 0
cell 44.215319305760204 56.50222653524621 0.0 1.0 1.0 1 0 0 0.0 1.0 0
cell 40.25862626704364 25.04551214355108 0.0 1.0 1.0 1 0 0 0.0 1.0 0
cell 49.84473457837232 30.675737191478028 0.0 1.6431676725154984 0.6085806194501846 1 0 0 -0.7052021536344161 -0.7090062922918113 1.5654164558245602
cell 5.970932508044521 51.64726657256143 0.0 1.6431676725154984 0.6085806194501846 1 0 0 -0.6441256145671579 -0.7649197295523767 1.3997592496730151
cell 41.86753681925696 44.15343847894287 0.0 1.0 1.0 1 0 0 0.0 1.0 0
cell 48.35267682966011 20.7279023517323 0.0 1.6431676725154984 0.6085806194501846 1 0 0 0.42076039583498515 0.9071718080368165 0.8685667243482308
cell 7.696903374148455 29.81715799711776 0.0 1.0 1.0 1 0 0 0.0 1.0 0
cell 42.4289202624167 55.97038063047611 0.0 1.0 1.0 1 0 0 0.0 1.0 0
cell 48.76062384678869 6.44096587955752 0.0 1.6431676725154984 0.6085806194501846 1 0 0 0.9825631844378824 -0.18592898802308355 3.5156271575685865
cell 10.584348216884425 15.837985624854257 0.0 1.6431676725154984 0.6085806194501846 1 0 0 0.6274421685290604 0.7786631654005153 1.3565278910121836
cell 13.172054499332994 29.067342566479756 0.0 1.0 1.0 1 0 0 0.0 1.0 0
cell 0.37525502681416395 23.42021670817409 0.0 1.0 1.0 1 0 0 0.0 1.0 0
cell 19.66372446316383 44.94465540417234 0.0 1.6431676725154984 0.6085806194501846 1 0 0 0.8391289897230233 -0.5439324761460913 4.291825470661937
cell 1.0587564317284015 42.89208521460196 0.0 1.0 1.0 1 0 0 0.0 1.0 0
cell 57.569210868386726 43.853445968571044 0.0 1.0 1.0 1 0 0 0.0 1.0 0
cell 25.597830890583175 35.16984796267873 0.0 1.6431676725154984 0.6085806194501846 1 0 0 0.9981521607863141 -0.060764001823548276 3.263195567345449
cell 11.59194638446219 48.227603856345794 0.0 1.0 1.0 1 0 0 0.0 1.0 0
cell 52.20398242447191 21.48939213886053 0.0 1.0 1.0 1 0 0 0.0 1.0 0
cell 10.061172658691293 44.65386226419479 0.0 1.0 1.0 1 0 0 0.0 1.0 0
cell 0.24240541433270946 41.06259913368853 0.0 1.0 1.0 1 0 0 0.0 1.0 0
cell 5.909719325239103 30.54235065927949 0.0 1.0 1.0 1 0 0 0.0 1.0 0
cell 10.368624670368064 2.3808822886247074 0.0 1.0 1.0 1 0 0 0.0 1.0 0
cell 25.91930618426996 56.79204903877917 0.0 1.0 1.0 1 0 0 0.0 1.0 0
cell 0.09679530943218553 25.25091974230641 0.0 1.0 1.0 1 0 0 0.0 1.0 0
cell 5.4506626077407265 0.15043876032946438 0.0 1.6431676725154984 0.6085806194501846 1 0 0 0.8365123707904747 0.5479480390643802 1.9817741212781974
cell 5.1558458544823225 17.355995765347583 0.0 1.6431676725154984 0.6085806194501846 1 0 0 0.39422979888882576 0.9190118963691798 0.8104592500430692
cell 38.71650481757225 39.928697228002434 0.0 1.0 1.0 1 0 0 0.0 1.0 0
cell 7.185953514305485 46.03373989286822 0.0 1.0 1.0 1 0 0 0.0 1.0 0
cell 7.363454255352193 31.78397686191561 0.0 1.0 1.0 1 0 0 0.0 1.0 0
cell 16.544679967287642 57.88364670651981 0.0 1.0 1.0 1 0 0 0.0 1.0 0
cell 16.72109420186948 8.479775764980968 0.0 1.0 1.0 1 0 0 0.0 1.0 0
cell 28.897870073846754 10.856992358923076 0.0 1.6431676725154984 0.6085806194501846 1 0 0 -0.5548980558034926 0.8319183539660031 5.1067044671390045
cell 46.06268296048517 1.2776398111153393 0.0 1.0 1.0 1 0 0 0.0 1.0 0
cell 46.879997487095444 4.8488850392188825 0.0 1.0 1.0 1 0 0 0.0 1.0 0
cell 51.028844768706065 36.3625546594152 0.0 1.0 1.0 1 0 0 0.0 1.0 0
cell 42.55387638976638 28.009469208967776 0.0 1.0 1.0 1 0 0 0.0 1.0 0
cell 56.10896711569423 39.15023573424263 0.0 1.0 1.0 1 0 0 0.0 1.0 0
cell 22.27828360370683 56.74724841583467 0.0 1.6431676725154984 0.6085806194501846 1 0 0 0.7042454565398304 -0.7099565739839345 4.720465742083768
cell 17.533979415525252 28.850896820478518 0.0 1.6431676725154984 0.6085806194501846 1 0 0 0.6270716439771536 0.7789615865495486 1.3555763793096274
cell 38.636333051017026 45.14993529742742 0.0 1.0 1.0 1 0 0 0.0 1.0 0
cell 50.55601452665497 9.747337440981292 0.0 1.0 1.0 1 0 0 0.0 1.0 0
cell 6.893377926908807 6.867683761163731 0.0 1.0 1.0 1 0 0 0.0 1.0 0
cell 34.42569199455053 44.50581965094857 0.0 1.0 1.0 1 0 0 0.0 1.0 0
cell 48.88000909450332 53.95088737048246 0.0 1.0 1.0 1 0 0 0.0 1.0 0
cell 35.270138831407934 27.79212794813682 0.0 1.6431676725154984 0.6085806194501846 1 0 0 0.6810588844501366 -0.7322286500209723 4.784769755853462
cell 3.833302741844984 36.37732859269585 0.0 1.0 1.0 1 0 0 0.0 1.0 0
cell 20.54612757100678 0.598387509695346 0.0 1.6431676725154984 0.6085806194501846 1 0 0 0.7296632497599869 -0.6838066553856397 4.647526593108809
cell 22.615209449575097 38.59213804625575 0.0 1.6431676725154984 0.6085806194501846 1 0 0 0.9070217403139281 -0.42108379522120437 4.010872420673928
cell 19.930986062989025 12.469080859885649 0.0 1.0 1.0 1 0 0 0.0 1.0 0
cell 58.41947942633919 2.2301992013097167 0.0 1.6431676725154984 0.6085806194501846 1 0 0 0.9157034683025576 0.4018546480242166 2.3145099961547393
cell 8.63016147517419 33.329159723731706 0.0 1.0 1.0 1 0 0 0.0 1.0 0
cell 48.08842703009143 25.800539969023156 0.0 1.6431676725154984 0.6085806194501846 1 0 0 -0.5831308790056553 -0.8123782234588097 1.2451547024128677
cell 12.980461787347929 43.05538099052997 0.0 1.0 1.0 1 0 0 0.0 1.0 0
cell 50.329649178546866 13.34777686387633 0.0 1.0 1.0 1 0 0 0.0 1.0 0
cell 53.027714591652796 33.664308150161304 0.0 1.0 1.0 1 0 0 0.0 1.0 0
cell 3.2601760368727675 52.87303717304767 0.0 1.6431676725154984 0.6085806194501846 1 0 0 0.21493585878274934 0.9766281670161485 0.43325230635403295
cell 22.768047927221893 44.86628268190829 0.0 1.0 1.0 1 0 0 0.0 1.0 0
cell 22.830877870081416 26.163924174627876 0.0 1.6431676725154984 0.6085806194501846 1 0 0 0.3441383854395704 -0.9389189377507761 5.580543379226962
cell 38.47176264769294 53.36423893561602 0.0 1.0 1.0 1 0 0 0.0 1.0 0
cell 34.38838525549472 22.14237850085248 0.0 1.0 1.0 1 0 0 0.0 1.0 0
cell 48.67109283313087 2.9522614413317663 0.0 1.0 1.0 1 0 0 0.0 1.0 0
cell 7.648511658239098 42.69944855389523 0.0 1.0 1.0 1 0 0 0.0 1.0 0
cell 21.87545597083689 54.110409076205364 0.0 1.6431676725154984 0.6085806194501846 1 0 0 0.8092571033849645 -0.587454628563753 4.397412489502352
cell 51.04330652777497 25.778007794939768 0.0 1.6431676725154984 0.6085806194501846 1 0 0 0.6281111499822803 0.7781236298095163 1.3582467684181343
cell 2.9641832035767806 59.52946799234324 0.0 1.6431676725154984 0.6085806194501846 1 0 0 -0.7196109006067604 -0.6943775282423296 1.6064835979636891
cell 38.91230012217313 5.129768065691092 0.0 1.6431676725154984 0.6085806194501846 1 0 0 0.5301604912622572 0.8478973130660117 1.1175796712581654
cell 12.12928793529475 5.184976576311023 0.0 1.0 1.0 1 0 0 0.0 1.0 0
cell 53.42900557751244 31.924017684543024 0.0 1.0 1.0 1 0 0 0.0 1.0 0
cell 2.2560400662214555 2.614750522729491 0.0 1.6431676725154984 0.6085806194501846 1 0 0 -0.926726967663398 -0.37573544869416203 2.371212163641078
cell 54.967814273989966 29.09276948735611 0.0 1.0 1.0 1 0 0 0.0 1.0 0
cell 17.814228819070337 34.69037858706662 0.0 1.6431676725154984 0.6085806194501846 1 0 0 -0.10033918261522431 0.9949532895729872 6.082168670454468
cell 9.236075354882512 24.81402469299285 0.0 1.0 1.0 1 0 0 0.0 1.0 0
cell 5.401066296476417 40.02476621561744 0.0 1.0 1.0 1 0 0 0.0 1.0 0
cell 25.083697299708 24.04368567113324 0.0 1.6431676725154984 0.6085806194501846 1 0 0 0.5367546892115511 -0.8437383502066331 5.150013236937609
cell 11.295353284099644 42.48192138047823 0.0 1.0 1.0 1 0 0 0.0 1.0 0
cell 13.900443101577336 53.99174868191772 0.0 1.0 1.0 1 0 0 0.0 1.0 0
cell 40.3281049608282 18.304195542645814 0.0 1.6431676725154984 0.6085806194501846 1 0 0 -0.5164519325175465 0.8563161807410226 5.197780626054448
cell 29.84093952308779 50.583094516465124 0.0 1.6431676725154984 0.6085806194501846 1 0 0 0.38769554097547354 -0.9217874850027716 5.486924737416891
cell 22.91016808853062 35.13088079497824 0.0 1.0 1.0 1 0 0 0.0 1.0 0
cell 0.3176337926665805 46.098874382015744 0.0 1.0 1.0 1 0 0 0.0 1.0 0
cell 23.36947832833559 20.647436757706874 0.0 1.6431676725154984 0.6085806194501846 1 0 0 0.9994881709420403 -0.031990563404459854 3.2055846984339667
cell 19.397614702355774 10.887640220284293 0.0 1.6431676725154984 0.6085806194501846 1 0 0 -0.2430514242490301 0.9700134046344504 5.792164562879351
cell 24.00657832634674 31.314919625001256 0.0 1.6431676725154984 0.6085806194501846 1 0 0 0.782246519061741 -0.6229690067858827 4.486657614894939
cell 3.349888973720615 56.194850974648034 0.0 1.0 1.0 1 0 0 0.0 1.0 0
cell 19.11703427450192 7.6461421877146645 0.0 1.0 1.0 1 0 0 0.0 1.0 0
cell 26.3597944577448 43.78347198421241 0.0 1.0 1.0 1 0 0 0.0 1.0 0
cell 43.6684302486579 1.722462420851183 0.0 1.6431676725154984 0.6085806194501846 1 0 0 0.1363364629233789 0.9906625908338026 0.27352479462235185
cell 26.844182858268862 41.093682407586066 0.0 1.6431676725154984 0.6085806194501846 1 0 0 0.6344464854067371 0.7729667891669337 1.3745844367248785
cell 14.894984346562735 44.74548525673019 0.0 1.0 1.0 1 0 0 0.0 1.0 0
cell 34.30972492346808 49.69819727262314 0.0 1.6431676725154984 0.6085806194501846 1 0 0 0.3558660835802208 -0.9345369605089332 5.55550399620173
cell 9.481962442134027 42.7728613401328 0.0 1.0 1.0 1 0 0 0.0 1.0 0
cell 29.03019615363104 23.509471778594857 0.0 1.6431676725154984 0.6085806194501846 1 0 0 -0.9481184190808452 -0.31791738455082763 2.4945284563158534
cell 47.64036047873404 30.80356929453749 0.0 1.0 1.0 1 0 0 0.0 1.0 0
cell 55.74626848891965 54.75137033473563 0.0 1.0 1.0 1 0 0 0.0 1.0 0
cell 26.218532926446105 58.69980869792582 0.0 1.0 1.0 1 0 0 0.0 1.0 0
cell 2.4166190226239217 3.8248619199313243 0.0 1.6431676725154984 0.6085806194501846 1 0 0 0.985105714639156 0.17194979204778865 2.7959754525376415
cell 40.0338496735148 52.266353201655036 0.0 1.0 1.0 1 0 0 0.0 1.0 0
cell 0.507121430242152 48.72054414656739 0.0 1.6431676725154984 0.6085806194501846 1 0 0 -0.10782942890804441 -0.994169409236356 0.21607897731233816
cell 36.57401026924165 9.696618154693082 0.0 1.6431676725154984 0.6085806194501846 1 0 0 0.9996474231566562 0.02655238927586605 3.0884816329860016
cell 19.792328621964938 55.67581652460979 0.0 1.6431676725154984 0.6085806194501846 1 0 0 0.6782346272299131 -0.7348454194089399 4.792470127062225
cell 39.901846337581425 14.581928104818715 0.0 1.0 1.0 1 0 0 0.0 1.0 0
cell 37.948635588900544 50.17492333623474 0.0 1.6431676725154984 0.6085806194501846 1 0 0 0.3789716897592439 -0.9254082657730173 5.505815613174542
cell 52.51530682496468 42.98350163851452 0.0 1.0 1.0 1 0 0 0.0 1.0 0
cell 50.861953512001385 44.09183481673345 0.0 1.0 1.0 1 0 0 0.0 1.0 0
cell 13.653068629245084 14.738597429535139 0.0 1.6431676725154984 0.6085806194501846 1 0 0 0.941119855314469 -0.33807309554720993 3.8313300204828384
cell 23.219359965292085 49.20503975252649 0.0 1.0 1.0 1 0 0 0.0 1.0 0
cell 4.6609671738952825 10.873556414250674 0.0 1.0 1.0 1 0 0 0.0 1.0 0
cell 3.601885812084736 21.664476341802075 0.0 1.6431676725154984 0.6085806194501846 1 0 0 0.7569380899318074 -0.6534865935965228 4.5659556759792235
cell 7.942042266265783 17.91010530637179 0.0 1.6431676725154984 0.6085806194501846 1 0 0 0.5190160637349989 0.8547644854490782 1.0913988562654489
cell 33.7115265547314 4.338906589585229 0.0 1.0 1.0 1 0 0 0.0 1.0 0
cell 34.49710415065917 58.87584294932975 0.0 1.0 1.0 1 0 0 0.0 1.0 0
cell 8.032761482410729 55.34310152036754 0.0 1.6431676725154984 0.6085806194501846 1 0 0 0.6881509998880897 0.7255675029609735 1.517875225362546
cell 18.719178110320456 3.3655178816730906 0.0 1.6431676725154984 0.6085806194501846 1 0 0 0.7007105911537319 -0.7134456303356183 4.7303992889298145
cell 15.878920281701713 26.607341498274227 0.0 1.6431676725154984 0.6085806194501846 1 0 0 0.5038059252637729 0.8638168727624587 1.0559981665458384
cell 48.82885448941685 45.717078877639764 0.0 1.6431676725154984 0.6085806194501846 1 0 0 0.09322063496488864 0.9956454756672894 0.1867123631969951
cell 11.614482421869688 58.96446983646135 0.0 1.0 1.0 1 0 0 0.0 1.0 0
cell 31.81197244166536 3.706873183550408 0.0 1.0 1.0 1 0 0 0.0 1.0 0
cell 24.92263884161325 1.9364902955260346 0.0 1.6431676725154984 0.6085806194501846 1 0 0 0.7947097461644704 -0.606989636938888 4.4461268194129
cell 12.132618411026357 15.988256613717432 0.0 1.6431676725154984 0.6085806194501846 1 0 0 0.5524976521388213 -0.8335144536125874 5.112469700035998
cell 33.04009142178202 43.351214249702046 0.0 1.0 1.0 1 0 0 0.0 1.0 0
cell 57.915560790056546 57.27622094990839 0.0 1.0 1.0 1 0 0 0.0 1.0 0
cell 41.382051699797 34.445174223544484 0.0 1.0 1.0 1 0 0 0.0 1.0 0
cell 41.282486130206074 19.506855896024682 0.0 1.0 1.0 1 0 0 0.0 1.0 0
cell 21.40885165456754 39.44197670923429 0.0 1.0 1.0 1 0 0 0.0 1.0 0
cell 17.410143151557303 5.119062542758486 0.0 1.0 1.0 1 0 0 0.0 1.0 0
cell 58.0793297048245 24.938893209363815 0.0 1.0 1.0 1 0 0 0.0 1.0 0
cell 13.555842373824518 37.25539166802516 0.0 1.6431676725154984 0.6085806194501846 1 0 0 -0.2032822396911845 0.9791201821156256 5.8737673170904925
cell 2.011228630385466 24.634316312712574 0.0 1.0 1.0 1 0 0 0.0 1.0 0
cell 48.31564871236811 52.02672586209271 0.0 1.0 1.0 1 0 0 0.0 1.0 0
cell 2.141700869053463 22.505248500694744 0.0 1.0 1.0 1 0 0 0.0 1.0 0
cell 41.15520144000883 38.29931195828263 0.0 1.6431676725154984 0.6085806194501846 1 0 0 -0.3651536815701244 -0.9309472535196526 0.7475957571769198
cell 17.963417432523556 48.05316896674696 0.0 1.6431676725154984 0.6085806194501846 1 0 0 0.5099953517035791 -0.8601771568931267 5.2128265344110165
cell 49.09403201646675 0.9806838459013433 0.0 1.0 1.0 1 0 0 0.0 1.0 0
cell 54.25669526348189 41.96855818646598 0.0 1.0 1.0 1 0 0 0.0 1.0 0
cell 0.7041437886091239 38.1092948531859 0.0 1.0 1.0 1 0 0 0.0 1.0 0
cell 36.56277505793997 21.225287223855375 0.0 1.6431676725154984 0.6085806194501846 1 0 0 0.12595660658313626 0.9920357520059754 0.2525841173868969
cell 56.08331007533423 35.4436388356859 0.0 1.0 1.0 1 0 0 0.0 1.0 0
cell 43.151110209718595 35.70056151304721 0.0 1.0 1.0 1 0 0 0.0 1.0 0
cell 44.07348371713364 29.2860135774897 0.0 1.0 1.0 1 0 0 0.0 1.0 0
cell 15.006411165888787 56.998209642382186 0.0 1.0 1.0 1 0 0 0.0 1.0 0
cell 28.172530596702753 1.878501378198156 0.0 1.0 1.0 1 0 0 0.0 1.0 0
cell 57.818545570099666 49.611701957169764 0.0 1.6431676725154984 0.6085806194501846 1 0 0 0.13261364122368818 -0.9911678072664563 6.017174409456574
cell 54.93550813291415 25.711575067459453 0.0 1.0 1.0 1 0 0 0.0 1.0 0
cell 5.628233225043891 36.63161503746746 0.0 1.0 1.0 1 0 0 0.0 1.0 0
cell 59.507143401780404 30.29916638916752 0.0 1.0 1.0 1 0 0 0.0 1.0 0
cell 49.51419525584087 58.7107424925358 0.0 1.0 1.0 1 0 0 0.0 1.0 0
cell 12.654734346743012 7.050886267248348 0.0 1.0 1.0 1 0 0 0.0 1.0 0
cell 51.503525955461434 17.98819757237168 0.0 1.0 1.0 1 0 0 0.0 1.0 0
cell 43.19836525470275 45.62373312665714 0.0 1.0 1.0 1 0 0 0.0 1.0 0
cell 1.6898601607681099 44.73222230549204 0.0 1.0 1.0 1 0 0 0.0 1.0 0
cell 59.67888130440395 4.17027985198543 0.0 1.6431676725154984 0.6085806194501846 1 0 0 0.9491404340323323 0.3148530395040135 2.50098902415487
cell 19.443083974361702 39.667081663483486 0.0 1.0 1.0 1 0 0 0.0 1.0 0
cell 24.175344022545623 21.91638141103993 0.0 1.6431676725154984 0.6085806194501846 1 0 0 0.9955563104659944 -0.09416810867452252 3.330208336972065
cell 57.868737975998364 11.943209277728817 0.0 1.0 1.0 1 0 0 0.0 1.0 0
cell 1.8552037629688083 36.4748580418777 0.0 1.0 1.0 1 0 0 0.0 1.0 0
cell 42.43732149357681 48.89298552284328 0.0 1.0 1.0 1 0 0 0.0 1.0 0
cell 58.051998310390886 30.918317429660625 0.0 1.0 1.0 1 0 0 0.0 1.0 0
cell 25.674151559593838 42.16313617775481 0.0 1.0 1.0 1 0 0 0.0 1.0 0
cell 35.39695608427315 39.97125590067097 0.0 1.6431676725154984 0.6085806194501846 1 0 0 0.6010966981423819 0.7991763006260423 1.2897453747232128
cell 44.58027691103908 25.855552539125302 0.0 1.0 1.0 1 0 0 0.0 1.0 0
cell 5.183457506838381 45.822987101801736 0.0 1.0 1.0 1 0 0 0.0 1.0 0
cell 45.973196219208646 42.075592171488786 0.0 1.6431676725154984 0.6085806194501846 1 0 0 0.4475944148833094 0.8942366799484731 0.9281468467146033
cell 44.47470302048773 58.36403301486967 0.0 1.0 1.0 1 0 0 0.0 1.0 0
cell 55.21810882096647 0.08445319528182135 0.0 1.0 1.0 1 0 0 0.0 1.0 0
cell 7.496204967097054 3.566997923933063 0.0 1.0 1.0 1 0 0 0.0 1.0 0
cell 11.743340094442333 1.181283398407874 0.0 1.0 1.0 1 0 0 0.0 1.0 0
cell 27.317199604226044 10.48865482667519 0.0 1.6431676725154984 0.6085806194501846 1 0 0 0.9409504140754804 0.33854441104703226 2.450853590856512
cell 25.16793135198326 11.083562056065139 0.0 1.0 1.0 1 0 0 0.0 1.0 0
cell 40.40434350491165 20.90662578820891 0.0 1.0 1.0 1 0 0 0.0 1.0 0
cell 41.76335995371472 40.01850449006079 0.0 1.6431676725154984 0.6085806194501846 1 0 0 0.23408905002463545 0.97221515965272 0.47256295662931996
cell 18.081997849470905 54.550864718342815 0.0 1.6431676725154984 0.6085806194501846 1 0 0 0.6379810884612193 -0.7700520312068776 4.899438060966152
cell 49.202366642001806 12.278941117468817 0.0 1.6431676725154984 0.6085806194501846 1 0 0 0.6893945978833146 0.7243860078779152 1.5213059496747157
cell 26.04341830821821 32.612856547594035 0.0 1.6431676725154984 0.6085806194501846 1 0 0 0.9943526142402292 -0.10612670989728167 3.3542465371400034
cell 36.72589953919205 52.43979814828927 0.0 1.0 1.0 1 0 0 0.0 1.0 0
cell 41.8460816623147 24.46806681611038 0.0 1.0 1.0 1 0 0 0.0 1.0 0
cell 12.58463022303238 46.499198205484014 0.0 1.0 1.0 1 0 0 0.0 1.0 0
cell 52.99269035957148 15.127453215170968 0.0 1.0 1.0 1 0 0 0.0 1.0 0
cell 15.437922891960726 21.84750818103912 0.0 1.6431676725154984 0.6085806194501846 1 0 0 0.9962790990594912 -0.08618559495187403 3.3141779542422847
cell 24.322560525747775 46.09678768753151 0.0 1.0 1.0 1 0 0 0.0 1.0 0
cell 55.86157756754517 8.331577113966341 0.0 1.0 1.0 1 0 0 0.0 1.0 0
cell 53.21568048320654 26.80488201131508 0.0 1.0 1.0 1 0 0 0.0 1.0 0
cell 46.740546455158096 15.192132372146991 0.0 1.6431676725154984 0.6085806194501846 1 0 0 0.4312570816783687 0.9022290892574107 0.8917712405174214
cell 4.960340880852068 6.332739666335263 0.0 1.0 1.0 1 0 0 0.0 1.0 0
cell 2.335926948825839 31.437100713156163 0.0 1.0 1.0 1 0 0 0.0 1.0 0
cell 35.42095289505146 16.57130300142236 0.0 1.6431676725154984 0.6085806194501846 1 0 0 0.9269366944458064 0.375217756096219 2.372329286655497
cell 11.949181136828454 3.197795109540495 0.0 1.0 1.0 1 0 0 0.0 1.0 0
cell 57.24366075994143 9.768829469475293 0.0 1.0 1.0 1 0 0 0.0 1.0 0
cell 56.61099478344606 58.63358746155227 0.0 1.0 1.0 1 0 0 0.0 1.0 0
cell 45.90152021914201 57.0165236147689 0.0 1.0 1.0 1 0 0 0.0 1.0 0
