1000
 Lattice="59.08179503018386 0.0 0.0 0.0 59.08179503018386 0.0 0.0 0.0 1.0"Properties=species:S:1:pos:R:3:aspherical_shape:R:3:orientation:R:4:Color:R:1
cell 52.78723099591403 11.745792115959269 0.0 1.0 1.0 1 0 0 0.0 1.0 0
cell 51.51366890652976 25.45762359126901 0.0 1.0 1.0 1 0 0 0.0 1.0 0
cell 36.126790560586755 15.660116653280138 0.0 1.6431676725154984 0.6085806194501846 1 0 0 0.27259815939513693 0.9621279766717021 0.5521848652425239
cell 27.871885055215056 0.10546795913646012 0.0 1.6431676725154984 0.6085806194501846 1 0 0 0.3193052608643265 0.9476519141458875 0.64999256057033
cell 57.62681495167892 12.016116989647808 0.0 1.0 1.0 1 0 0 0.0 1.0 0
cell 29.962378703025173 48.308174665575535 0.0 1.6431676725154984 0.6085806194501846 1 0 0 0.386313802302296 0.9223674138599772 0.7932635581440519
cell 5.461678252080801 25.449461914837585 0.0 1.0 1.0 1 0 0 0.0 1.0 0
cell 21.815545988991946 26.197514989357217 0.0 1.6431676725154984 0.6085806194501846 1 0 0 0.9545862930543664 0.2979345718655749 2.5365361896516307
cell 12.827380966347466 48.71033406923884 0.0 1.6431676725154984 0.6085806194501846 1 0 0 0.7638223538059634 0.6454265348018453 1.7384295075111635
cell 34.88873719388175 34.882277726373616 0.0 1.6431676725154984 0.6085806194501846 1 0 0 0.9287402298799887 -0.37073114976012694 3.9011849457050536
cell 21.65037751101477 20.534586062081996 0.0 1.0 1.0 1 0 0 0.0 1.0 0
cell 27.828041133087687 43.726659700256796 0.0 1.6431676725154984 0.6085806194501846 1 0 0 0.5040908467810211 0.8636506343375155 1.0566579103928135
cell 45.54175256226391 1.0716727115677391 0.0 1.0 1.0 1 0 0 0.0 1.0 0
cell 0.48847580829013215 31.99190237772003 0.0 1.0 1.0 1 0 0 0.0 1.0 0
cell 3.09871866427203 4.4440997653883585 0.0 1.0 1.0 1 0 0 0.0 1.0 0
cell 17.171949222887726 6.90685996276787 0.0 1.0 1.0 1 0 0 0.0 1.0 0
cell 47.25894893391011 15.499335475693444 0.0 1.0 1.0 1 0 0 0.0 1.0 0
cell 46.557614529257464 42.51277704830129 0.0 1.0 1.0 1 0 0 0.0 1.0 0
cell 35.05974837268264 23.01687285255309 0.0 1.0 1.0 1 0 0 0.0 1.0 0
cell 17.178420528862034 31.464344750606024 0.0 1.0 1.0 1 0 0 0.0 1.0 0
cell 52.06080515723737 43.591537422848425 0.0 1.0 1.0 1 0 0 0.0 1.0 0
cell 6.2197145434144145 20.876877968624015 0.0 1.0 1.0 1 0 0 0.0 1.0 0
cell 42.864440166053534 53.11480159519964 0.0 1.6431676725154984 0.6085806194501846 1 0 0 0.7040463008227964 0.71015407222499 1.5621586067894784
cell 50.92068977359827 20.650542427764016 0.0 1.6431676725154984 0.6085806194501846 1 0 0 0.9995437040026394 -0.030205691329352986 3.2020132264165966
cell 47.913167738358844 48.05396084663474 0.0 1.0 1.0 1 0 0 0.0 1.0 0
cell 8.785919699326316 15.788240804896056 0.0 1.0 1.0 1 0 0 0.0 1.0 0
cell 12.943094185891512 35.26855894713601 0.0 1.0 1.0 1 0 0 0.0 1.0 0
cell 24.941237500013145 32.49269346944265 0.0 1.0 1.0 1 0 0 0.0 1.0 0
cell 54.5723960305492 32.89905888400499 0.0 1.0 1.0 1 0 0 0.0 1.0 0
cell 40.23041001063662 29.280109526776357 0.0 1.0 1.0 1 0 0 0.0 1.0 0
cell 56.25360933804314 46.62051260139692 0.0 1.0 1.0 1 0 0 0.0 1.0 0
cell 33.612916538600395 2.575534340140985 0.0 1.6431676725154984 0.6085806194501846 1 0 0 -0.0532703132294599 0.9985801288471723 6.176594227410586
cell 4.807845297057826 34.538134281908604 0.0 1.0 1.0 1 0 0 0.0 1.0 0
cell 1.0161994847819662 46.42216343582231 0.0 1.0 1.0 1 0 0 0.0 1.0 0
cell 43.59161854085555 44.31304647884215 0.0 1.6431676725154984 0.6085806194501846 1 0 0 0.7088056178935234 -0.7054038531526323 4.70757815391287
cell 3.478627024009651 33.10232784847187 0.0 1.0 1.0 1 0 0 0.0 1.0 0
cell 35.970548087431695 19.404976423706543 0.0 1.0 1.0 1 0 0 0.0 1.0 0
cell 15.801867632972868 48.41895724314292 0.0 1.6431676725154984 0.6085806194501846 1 0 0 -0.02758350254605196 -0.9996195028045881 0.055174003120780135
cell 24.31846175083002 25.003956168765626 0.0 1.6431676725154984 0.6085806194501846 1 0 0 0.9214490851787661 0.38849914211387276 2.3435881924558326
cell 53.54027190344411 48.71102796916346 0.0 1.6431676725154984 0.6085806194501846 1 0 0 0.6881769813648629 -0.7255428604290343 4.7652384636205865
cell 55.24585711658082 48.32206914312759 0.0 1.0 1.0 1 0 0 0.0 1.0 0
cell 18.170470315967467 8.541903769250322 0.0 1.0 1.0 1 0 0 0.0 1.0 0
cell 57.85408559465657 20.75198576754389 0.0 1.0 1.0 1 0 0 0.0 1.0 0
cell 54.9512612634277 9.04802939650536 0.0 1.0 1.0 1 0 0 0.0 1.0 0
cell 6.667890185731744 27.032028055609956 0.0 1.0 1.0 1 0 0 0.0 1.0 0
cell 0.6271349609251987 24.282146335316224 0.0 1.0 1.0 1 0 0 0.0 1.0 0
cell 22.788592021343373 15.662504664958783 0.0 1.0 1.0 1 0 0 0.0 1.0 0
cell 28.957709653874065 24.420677917802532 0.0 1.0 1.0 1 0 0 0.0 1.0 0
cell 39.925063175025464 48.90567843467875 0.0 1.6431676725154984 0.6085806194501846 1 0 0 0.590685251269485 0.8069020596904591 1.2638156285957889
cell 51.508054911515465 15.551240449843096 0.0 1.0 1.0 1 0 0 0.0 1.0 0
cell 16.3675587520311 33.69009687488797 0.0 1.0 1.0 1 0 0 0.0 1.0 0
cell 42.58485474587507 48.09154621081268 0.0 1.6431676725154984 0.6085806194501846 1 0 0 0.9516684858656305 -0.30712716097769377 3.7659382869659486
cell 54.090251072751286 27.438693192281644 0.0 1.0 1.0 1 0 0 0.0 1.0 0
cell 37.153682834630786 9.323433686609008 0.0 1.6431676725154984 0.6085806194501846 1 0 0 0.17602530818195047 0.9843856413415676 0.353894486056813
cell 28.13855617381951 50.99358291391699 0.0 1.6431676725154984 0.6085806194501846 1 0 0 0.4629165557654401 0.8864018628129469 0.9625654271559491
cell 57.42288067553623 34.31955577163067 0.0 1.0 1.0 1 0 0 0.0 1.0 0
cell 49.68121342465857 21.94637065751795 0.0 1.0 1.0 1 0 0 0.0 1.0 0
cell 38.147650936971814 21.918092008987944 0.0 1.0 1.0 1 0 0 0.0 1.0 0
cell 54.87319458376817 22.009893700599253 0.0 1.0 1.0 1 0 0 0.0 1.0 0
cell 51.00926074774258 45.36210327006511 0.0 1.0 1.0 1 0 0 0.0 1.0 0
cell 30.082447005570966 22.93496082276338 0.0 1.0 1.0 1 0 0 0.0 1.0 0
cell 56.16920070127696 5.228522706420126 0.0 1.0 1.0 1 0 0 0.0 1.0 0
cell 27.82267149655724 25.95717449345751 0.0 1.0 1.0 1 0 0 0.0 1.0 0
cell 14.215054055799811 34.013589629602194 0.0 1.0 1.0 1 0 0 0.0 1.0 0
cell 55.22243296567135 44.897261241705685 0.0 1.0 1.0 1 0 0 0.0 1.0 0
cell 8.376505891302754 9.042650289524575 0.0 1.0 1.0 1 0 0 0.0 1.0 0
cell 37.27925372860296 30.359680682941967 0.0 1.0 1.0 1 0 0 0.0 1.0 0
cell 50.978530597569396 41.93095503094676 0.0 1.0 1.0 1 0 0 0.0 1.0 0
cell 15.869028664188091 4.205713256183295 0.0 1.0 1.0 1 0 0 0.0 1.0 0
cell 18.47531129880567 20.264753287280346 0.0 1.0 1.0 1 0 0 0.0 1.0 0
cell 55.4630220407759 7.106178873839921 0.0 1.0 1.0 1 0 0 0.0 1.0 0
cell 58.8245212421592 13.634178196214512 0.0 1.0 1.0 1 0 0 0.0 1.0 0
cell 37.77421982221748 52.636013610824996 0.0 1.6431676725154984 0.6085806194501846 1 0 0 0.41994927731272197 0.9075475769812416 0.8667788590177674
cell 58.9428192277962 19.076506421572773 0.0 1.0 1.0 1 0 0 0.0 1.0 0
cell 53.881866085288586 34.78606534035741 0.0 1.0 1.0 1 0 0 0.0 1.0 0
cell 29.8302683031579 31.89772252677042 0.0 1.0 1.0 1 0 0 0.0 1.0 0
cell 11.612133963459765 8.713082721257411 0.0 1.6431676725154984 0.6085806194501846 1 0 0 0.5250799788760561 -0.8510528865960801 5.177567133658822
cell 56.94609833777909 28.990199105171122 0.0 1.0 1.0 1 0 0 0.0 1.0 0
cell 19.462885558425697 15.42294757829732 0.0 1.0 1.0 1 0 0 0.0 1.0 0
cell 58.7817131002205 8.283569090503072 0.0 1.0 1.0 1 0 0 0.0 1.0 0
cell 21.46543378584305 56.53343655906884 0.0 1.6431676725154984 0.6085806194501846 1 0 0 -0.07574683993832698 0.997127081288718 6.131546384037864
cell 2.965031046857484 58.48978118420132 0.0 1.0 1.0 1 0 0 0.0 1.0 0
cell 15.900575465943525 5.648026060046929 0.0 1.6431676725154984 0.6085806194501846 1 0 0 0.986404216713402 0.1643372180913987 2.8114205405937893
cell 56.793861764860374 22.159741490491893 0.0 1.0 1.0 1 0 0 0.0 1.0 0
cell 40.515531448959706 22.277255965010685 0.0 1.0 1.0 1 0 0 0.0 1.0 0
cell 14.275788337482139 0.4629277503868775 0.0 1.6431676725154984 0.6085806194501846 1 0 0 0.9025440417902317 -0.4305975529760386 4.031902150995849
cell 5.555025853813955 41.918721300285036 0.0 1.0 1.0 1 0 0 0.0 1.0 0
cell 55.49548072572866 39.76686898252792 0.0 1.0 1.0 1 0 0 0.0 1.0 0
cell 20.04364079193151 21.462137314055568 0.0 1.0 1.0 1 0 0 0.0 1.0 0
cell 26.01730531796817 53.845170852783816 0.0 1.6431676725154984 0.6085806194501846 1 0 0 0.23042978599028427 0.9730889546842425 0.46503866324741366
cell 47.312797478143246 3.032025560553278 0.0 1.6431676725154984 0.6085806194501846 1 0 0 0.9044710676160633 0.4265349784548258 2.2602760365538255
cell 56.79275407131225 36.19747157196541 0.0 1.0 1.0 1 0 0 0.0 1.0 0
cell 45.631016482319595 16.381219938749517 0.0 1.0 1.0 1 0 0 0.0 1.0 0
cell 48.02804959428615 37.74729248556966 0.0 1.0 1.0 1 0 0 0.0 1.0 0
cell 1.1375934604390665 52.21580624557262 0.0 1.0 1.0 1 0 0 0.0 1.0 0
cell 22.93920728883363 42.5416287770025 0.0 1.6431676725154984 0.6085806194501846 1 0 0 0.6080694020396141 0.7938838720513134 1.307252960414913
cell 42.70633053555738 31.681722745596332 0.0 1.0 1.0 1 0 0 0.0 1.0 0
cell 49.13196200482564 42.15944404842871 0.0 1.0 1.0 1 0 0 0.0 1.0 0
cell 41.657083302448456 3.3905580789257943 0.0 1.0 1.0 1 0 0 0.0 1.0 0
cell 37.40727694954866 7.471095709198097 0.0 1.6431676725154984 0.6085806194501846 1 0 0 0.9936229983229169 -0.11275343544112858 3.3675801031207255
cell 1.490257817260416 22.499005894094076 0.0 1.0 1.0 1 0 0 0.0 1.0 0
cell 31.443596764532582 0.09078948615501557 0.0 1.6431676725154984 0.6085806194501846 1 0 0 -0.31753587221165225 -0.9482462601343521 0.646259473713731
cell 38.21650648735504 19.62640287777879 0.0 1.0 1.0 1 0 0 0.0 1.0 0
cell 8.312162364678974 52.36173833442806 0.0 1.6431676725154984 0.6085806194501846 1 0 0 0.9807582765214365 -0.19522603062783792 3.5345684736989678
cell 3.987450859537867 54.740833545563355 0.0 1.0 1.0 1 0 0 0.0 1.0 0
cell 37.513044191664186 57.71459202873489 0.0 1.6431676725154984 0.6085806194501846 1 0 0 0.08673822393554653 0.996231138094221 0.173694713209973
cell 16.343349452530877 17.17528477793861 0.0 1.6431676725154984 0.6085806194501846 1 0 0 0.897352262863321 -0.4413149853948733 4.055719758107976
cell 32.94451543465619 6.068327133582613 0.0 1.6431676725154984 0.6085806194501846 1 0 0 -0.9070648951086937 -0.42099082657636916 2.272517879239608
cell 16.9950257539997 29.449020547889 0.0 1.0 1.0 1 0 0 0.0 1.0 0
cell 46.58226104826351 31.369885898627615 0.0 1.0 1.0 1 0 0 0.0 1.0 0
cell 57.74996044932457 0.6877183749722732 0.0 1.6431676725154984 0.6085806194501846 1 0 0 0.21065246438948795 -0.9775610156131613 5.8587006013661425
cell 2.692003611813278 29.68961989557525 0.0 1.0 1.0 1 0 0 0.0 1.0 0
cell 51.18761588909743 36.59748770022393 0.0 1.0 1.0 1 0 0 0.0 1.0 0
cell 10.907688429564011 37.66330673031459 0.0 1.0 1.0 1 0 0 0.0 1.0 0
cell 46.46007564211957 10.443213011706028 0.0 1.0 1.0 1 0 0 0.0 1.0 0
cell 55.893544634062096 20.391868251642606 0.0 1.0 1.0 1 0 0 0.0 1.0 0
cell 34.03323432953734 19.67523254589193 0.0 1.0 1.0 1 0 0 0.0 1.0 0
cell 48.8095916069766 23.519394893716818 0.0 1.0 1.0 1 0 0 0.0 1.0 0
cell 33.32747382869366 27.37567491540285 0.0 1.0 1.0 1 0 0 0.0 1.0 0
cell 29.794914019051447 49.58659781936553 0.0 1.6431676725154984 0.6085806194501846 1 0 0 0.2839497490942357 0.9588391627323744 0.5758218288047604
cell 13.679896261931967 25.31008421343213 0.0 1.0 1.0 1 0 0 0.0 1.0 0
cell 13.796015095096609 54.65624409283432 0.0 1.6431676725154984 0.6085806194501846 1 0 0 0.2902617757753291 0.9569472825207 0.5890007587573103
cell 46.78655773729641 19.76669003465012 0.0 1.0 1.0 1 0 0 0.0 1.0 0
cell 40.54471823104699 45.673642566478264 0.0 1.6431676725154984 0.6085806194501846 1 0 0 0.8949127186721886 -0.4462412194752433 4.06671416289863
cell 19.387509219570017 2.2448055256794506 0.0 1.0 1.0 1 0 0 0.0 1.0 0
cell 38.57676846281438 28.855638562671647 0.0 1.0 1.0 1 0 0 0.0 1.0 0
cell 3.245165136220597 22.452863331447755 0.0 1.0 1.0 1 0 0 0.0 1.0 0
cell 34.91778235919916 13.79255397985754 0.0 1.0 1.0 1 0 0 0.0 1.0 0
cell 1.4224113041654227 49.95642256240833 0.0 1.0 1.0 1 0 0 0.0 1.0 0
cell 5.07001515171599 12.973145993709915 0.0 1.0 1.0 1 0 0 0.0 1.0 0
cell 13.108642312496158 23.551739236005076 0.0 1.0 1.0 1 0 0 0.0 1.0 0
cell 13.75241243581622 32.08873400014001 0.0 1.0 1.0 1 0 0 0.0 1.0 0
cell 42.9392499445892 35.79129225168711 0.0 1.6431676725154984 0.6085806194501846 1 0 0 0.46677051204744835 0.8843784761531472 0.9712710810692917
cell 5.2063549312681605 22.336041627604683 0.0 1.0 1.0 1 0 0 0.0 1.0 0
cell 11.193077720116907 35.71720054497269 0.0 1.0 1.0 1 0 0 0.0 1.0 0
cell 13.281464221485814 1.776172110615866 0.0 1.6431676725154984 0.6085806194501846 1 0 0 0.07122676712762585 0.9974601483991964 0.14257426052722363
cell 42.324094603958265 59.048558459040834 0.0 1.6431676725154984 0.6085806194501846 1 0 0 0.5197683514622227 0.8543072402937034 1.0931595493184239
cell 29.056581452978925 1.920553063838583 0.0 1.6431676725154984 0.6085806194501846 1 0 0 0.19323177167184355 0.981153139125876 0.38890987043736935
cell 29.03286260817094 35.42479956140802 0.0 1.0 1.0 1 0 0 0.0 1.0 0
cell 4.419729053740798 36.51344132282074 0.0 1.0 1.0 1 0 0 0.0 1.0 0
cell 10.188602360504127 39.35481479677382 0.0 1.0 1.0 1 0 0 0.0 1.0 0
cell 55.051028081178295 14.907003859267478 0.0 1.0 1.0 1 0 0 0.0 1.0 0
cell 11.400544822387106 48.86439695676167 0.0 1.6431676725154984 0.6085806194501846 1 0 0 0.550454666172328 0.8348650552569026 1.1658174771090406
cell 32.491669836104606 56.07425468444986 0.0 1.6431676725154984 0.6085806194501846 1 0 0 0.4227422403701035 0.9062499645279252 0.8729382252887817
cell 42.37728474619375 49.78101928656027 0.0 1.6431676725154984 0.6085806194501846 1 0 0 0.8607721004910888 -0.5089905608320836 4.209615992578408
cell 32.58761492301687 14.825454190683468 0.0 1.0 1.0 1 0 0 0.0 1.0 0
cell 12.181295967476448 29.53985751160721 0.0 1.0 1.0 1 0 0 0.0 1.0 0
cell 49.85677552059817 28.617360086878247 0.0 1.0 1.0 1 0 0 0.0 1.0 0
cell 9.036541396801065 30.010195410249274 0.0 1.0 1.0 1 0 0 0.0 1.0 0
cell 56.003817391355966 57.19458692351865 0.0 1.6431676725154984 0.6085806194501846 1 0 0 0.8967086562687134 -0.4426212667425261 4.058632214653639
cell 39.04644337983238 30.790982797526393 0.0 1.0 1.0 1 0 0 0.0 1.0 0
cell 57.615291829557094 27.19048487025683 0.0 1.0 1.0 1 0 0 0.0 1.0 0
cell 43.66952105696969 2.119555052795369 0.0 1.0 1.0 1 0 0 0.0 1.0 0
cell 27.47885033642027 48.63130260991949 0.0 1.6431676725154984 0.6085806194501846 1 0 0 0.4225321559806416 0.9063479338324498 0.8724746158170699
cell 58.16883765485454 49.89017766918555 0.0 1.0 1.0 1 0 0 0.0 1.0 0
cell 27.359615329937075 17.422173550354497 0.0 1.0 1.0 1 0 0 0.0 1.0 0
cell 50.20686955216793 19.26152267106731 0.0 1.0 1.0 1 0 0 0.0 1.0 0
cell 50.15459190710566 38.33307971519757 0.0 1.0 1.0 1 0 0 0.0 1.0 0
cell 34.743884687167316 18.390757422457455 0.0 1.6431676725154984 0.6085806194501846 1 0 0 0.9981035999389646 0.061556508907502513 3.0184017528478777
cell 31.449396639049553 8.50871765887319 0.0 1.0 1.0 1 0 0 0.0 1.0 0
cell 41.73460520816203 7.619336959648531 0.0 1.0 1.0 1 0 0 0.0 1.0 0
cell 49.30282183354698 36.477927343894095 0.0 1.0 1.0 1 0 0 0.0 1.0 0
cell 53.26573010262872 52.91345649578001 0.0 1.6431676725154984 0.6085806194501846 1 0 0 0.9207465225139779 -0.3901613016156482 3.943206197372272
cell 24.945394310881746 12.921735453477753 0.0 1.0 1.0 1 0 0 0.0 1.0 0
cell 4.321819970811129 6.023351718231101 0.0 1.0 1.0 1 0 0 0.0 1.0 0
cell 37.55447723305436 5.608798873360158 0.0 1.6431676725154984 0.6085806194501846 1 0 0 0.9863564829394583 0.1646234751282513 2.8108401214179737
cell 42.42844300918375 18.74844757939383 0.0 1.0 1.0 1 0 0 0.0 1.0 0
cell 49.7468724760729 25.28706951400392 0.0 1.0 1.0 1 0 0 0.0 1.0 0
cell 41.098199699147266 54.58181997009656 0.0 1.6431676725154984 0.6085806194501846 1 0 0 0.446489736602123 0.8947887544604965 0.925676947473275
cell 47.778710423356436 13.737347428376141 0.0 1.0 1.0 1 0 0 0.0 1.0 0
cell 28.577893428689336 33.45476805061606 0.0 1.0 1.0 1 0 0 0.0 1.0 0
cell 49.0089237019133 12.420400015200487 0.0 1.0 1.0 1 0 0 0.0 1.0 0
cell 24.082581723169064 4.869534725291849 0.0 1.0 1.0 1 0 0 0.0 1.0 0
cell 19.12562307632381 10.138884172682197 0.0 1.0 1.0 1 0 0 0.0 1.0 0
cell 0.941862204769874 30.065943322606795 0.0 1.0 1.0 1 0 0 0.0 1.0 0
cell 37.177960616907086 43.790241757122494 0.0 1.6431676725154984 0.6085806194501846 1 0 0 0.7790304221709805 0.6269861253106833 1.7862358355254244
cell 33.47413399981298 13.699133992670594 0.0 1.6431676725154984 0.6085806194501846 1 0 0 0.39597915607129786 0.9182594992468429 0.8142678472007834
cell 26.664974349694845 33.050393777465146 0.0 1.0 1.0 1 0 0 0.0 1.0 0
cell 32.107531214816596 28.859516738631193 0.0 1.0 1.0 1 0 0 0.0 1.0 0
cell 53.200569862478034 9.634360859863971 0.0 1.0 1.0 1 0 0 0.0 1.0 0
cell 0.36040747157106273 6.527863717274184 0.0 1.0 1.0 1 0 0 0.0 1.0 0
cell 10.655153341198043 15.114639121805032 0.0 1.0 1.0 1 0 0 0.0 1.0 0
cell 34.96490665098821 7.178008184914897 0.0 1.6431676725154984 0.6085806194501846 1 0 0 0.9779888640660961 0.20865709133098484 2.7211894030984527
cell 31.721556872698468 5.309740307342132 0.0 1.0 1.0 1 0 0 0.0 1.0 0
cell 18.625659117554587 56.50664105744011 0.0 1.6431676725154984 0.6085806194501846 1 0 0 0.28268842388370025 0.9592117883982397 0.5731913981001479
cell 12.012803356788634 46.68762118456017 0.0 1.6431676725154984 0.6085806194501846 1 0 0 0.711004471999906 0.7031874862340306 1.5818512703753018
cell 58.17693723139749 46.540137206782646 0.0 1.0 1.0 1 0 0 0.0 1.0 0
cell 23.66666966423991 49.94643175502071 0.0 1.6431676725154984 0.6085806194501846 1 0 0 0.13036249367665612 0.9914663989477424 0.26146916920329144
cell 37.920979959154785 51.269596340632894 0.0 1.6431676725154984 0.6085806194501846 1 0 0 0.4862050554422879 0.8738447482604457 1.0154833327967467
cell 38.943113268224955 38.42651735708927 0.0 1.6431676725154984 0.6085806194501846 1 0 0 0.7738134317085573 0.6334135875614177 1.769679307890903
cell 34.56420087829027 8.884197425175811 0.0 1.0 1.0 1 0 0 0.0 1.0 0
cell 24.824413404274512 20.70902787810445 0.0 1.0 1.0 1 0 0 0.0 1.0 0
cell 44.82606578326986 10.75894311024909 0.0 1.0 1.0 1 0 0 0.0 1.0 0
cell 11.254871237303481 41.04147301535567 0.0 1.0 1.0 1 0 0 0.0 1.0 0
cell 42.46124017326044 11.817525911670584 0.0 1.0 1.0 1 0 0 0.0 1.0 0
cell 10.368982361972096 58.94240125304237 0.0 1.0 1.0 1 0 0 0.0 1.0 0
cell 0.4018397429641041 17.241011171263473 0.0 1.0 1.0 1 0 0 0.0 1.0 0
cell 41.86265594756214 29.28816041633988 0.0 1.0 1.0 1 0 0 0.0 1.0 0
cell 3.5391334745543364 44.34232893469714 0.0 1.6431676725154984 0.6085806194501846 1 0 0 0.866565635314522 -0.4990631219514611 4.186627252454114
cell 56.936480372101855 3.3574581788834084 0.0 1.0 1.0 1 0 0 0.0 1.0 0
cell 32.933174532083 46.2623886940406 0.0 1.6431676725154984 0.6085806194501846 1 0 0 0.5737287224933021 0.8190453912856134 1.2221023147068726
cell 29.00667618325886 58.5579300339829 0.0 1.6431676725154984 0.6085806194501846 1 0 0 -0.1961704509220238 -0.9805698109696473 0.39490190321014573
cell 30.685954071560914 3.110599532003562 0.0 1.6431676725154984 0.6085806194501846 1 0 0 -0.030576485870669187 -0.9995324299450222 0.06116250462373163
cell 9.16725130493365 37.28658617122814 0.0 1.0 1.0 1 0 0 0.0 1.0 0
cell 17.17070075795771 23.42154136386615 0.0 1.6431676725154984 0.6085806194501846 1 0 0 0.8263123311726158 -0.563212154833396 4.338128675185732
cell 53.110778564415234 21.941112073849045 0.0 1.0 1.0 1 0 0 0.0 1.0 0
cell 14.035374144401228 38.660167418708916 0.0 1.0 1.0 1 0 0 0.0 1.0 0
cell 7.073910367577276 32.25234148586425 0.0 1.0 1.0 1 0 0 0.0 1.0 0
cell 28.40673170044387 27.904483350489915 0.0 1.0 1.0 1 0 0 0.0 1.0 0
cell 25.12982773179659 22.71094882656591 0.0 1.0 1.0 1 0 0 0.0 1.0 0
cell 45.74824492487776 5.877842126688521 0.0 1.6431676725154984 0.6085806194501846 1 0 0 0.7987978607060586 0.601599516066481 1.8505886404738665
cell 54.00769298185966 0.6540161985736107 0.0 1.6431676725154984 0.6085806194501846 1 0 0 0.7710784721583771 0.6367401273470229 1.7610663178528616
cell 4.783037379313549 9.38004709848427 0.0 1.0 1.0 1 0 0 0.0 1.0 0
cell 20.440023924594207 31.4091210014521 0.0 1.0 1.0 1 0 0 0.0 1.0 0
cell 20.783590146130845 52.190750866186434 0.0 1.6431676725154984 0.6085806194501846 1 0 0 0.5949249360292299 0.8037812640828453 1.2743445138347083
cell 26.361491287325315 14.168342576832533 0.0 1.0 1.0 1 0 0 0.0 1.0 0
cell 19.635179325901458 47.466782421752384 0.0 1.6431676725154984 0.6085806194501846 1 0 0 0.257945982438635 0.9661593399350686 0.5217912722444629
cell 7.616322791254431 10.91725372366805 0.0 1.0 1.0 1 0 0 0.0 1.0 0
cell 34.01173711332875 15.67153079271407 0.0 1.0 1.0 1 0 0 0.0 1.0 0
cell 54.788571883118166 41.516798705438895 0.0 1.0 1.0 1 0 0 0.0 1.0 0
cell 46.03614233177888 21.59137290853474 0.0 1.0 1.0 1 0 0 0.0 1.0 0
cell 25.725921344940318 55.85434789686507 0.0 1.6431676725154984 0.6085806194501846 1 0 0 0.2668940809187817 0.9637258684763623 0.5403375242595084
cell 28.50614567536146 57.27529701451014 0.0 1.6431676725154984 0.6085806194501846 1 0 0 0.27079091259149424 0.9626381883438168 0.5484290920885838
cell 12.18161367793013 39.24667838298715 0.0 1.0 1.0 1 0 0 0.0 1.0 0
cell 1.804610841295843 2.9206071587985205 0.0 1.0 1.0 1 0 0 0.0 1.0 0
cell 21.83931855271597 4.311810902951658 0.0 1.6431676725154984 0.6085806194501846 1 0 0 0.9918303434831592 0.1275639829500409 2.885767640017752
cell 44.41766599687256 6.722354686146841 0.0 1.0 1.0 1 0 0 0.0 1.0 0
cell 39.22303693054029 8.685918050157786 0.0 1.6431676725154984 0.6085806194501846 1 0 0 -0.9572192496683054 -0.2893636260217347 2.554468742374384
cell 1.3470873965339523 35.47469195088848 0.0 1.0 1.0 1 0 0 0.0 1.0 0
cell 54.58356191343696 50.51099631216042 0.0 1.6431676725154984 0.6085806194501846 1 0 0 0.7488116211430399 -0.6627828875590652 4.590650818292734
cell 30.133090419395458 54.91960214582725 0.0 1.6431676725154984 0.6085806194501846 1 0 0 0.324038694150005 0.9460438281039413 0.6599908371089471
cell 43.630128832250016 0.4324395140597875 0.0 1.0 1.0 1 0 0 0.0 1.0 0
cell 34.53298041440663 48.386656024822074 0.0 1.6431676725154984 0.6085806194501846 1 0 0 0.5442844852190805 0.8389007087550949 1.1510719179966267
cell 28.440251860041002 40.259680829870156 0.0 1.6431676725154984 0.6085806194501846 1 0 0 -0.20482976017280066 -0.9787976140896304 0.41257955317894623
cell 0.5225562259735405 54.14517571348461 0.0 1.0 1.0 1 0 0 0.0 1.0 0
cell 58.97199852128078 44.760228410770765 0.0 1.0 1.0 1 0 0 0.0 1.0 0
cell 7.045824084927109 43.85871117143554 0.0 1.0 1.0 1 0 0 0.0 1.0 0
cell 10.097559115316882 8.7618003713784 0.0 1.0 1.0 1 0 0 0.0 1.0 0
cell 53.569124851238904 39.97459105275873 0.0 1.0 1.0 1 0 0 0.0 1.0 0
cell 27.925224825076548 2.783763008245063 0.0 1.6431676725154984 0.6085806194501846 1 0 0 -0.404381132304091 -0.9145905640429827 0.8326041367832975
cell 7.577868536815918 42.14887056604818 0.0 1.0 1.0 1 0 0 0.0 1.0 0
cell 56.82814578021844 8.670054666674426 0.0 1.0 1.0 1 0 0 0.0 1.0 0
cell 27.97036106566764 20.39153308313416 0.0 1.0 1.0 1 0 0 0.0 1.0 0
cell 38.38588239706741 46.48462867909151 0.0 1.6431676725154984 0.6085806194501846 1 0 0 0.5524321996338053 0.8335578353106373 1.1705585593528782
cell 21.708985199148316 32.51856183636923 0.0 1.6431676725154984 0.6085806194501846 1 0 0 0.7379645921425267 0.6748394333053709 1.6600984534595753
cell 39.947360466732285 19.460259300940393 0.0 1.0 1.0 1 0 0 0.0 1.0 0
cell 57.65753256981175 17.538190887985245 0.0 1.0 1.0 1 0 0 0.0 1.0 0
cell 41.463895330490104 14.751370242757007 0.0 1.0 1.0 1 0 0 0.0 1.0 0
cell 55.82594410560175 27.335683827769877 0.0 1.0 1.0 1 0 0 0.0 1.0 0
cell 15.520451360881394 25.76622380926836 0.0 1.0 1.0 1 0 0 0.0 1.0 0
cell 47.44610198061855 5.818825838878505 0.0 1.0 1.0 1 0 0 0.0 1.0 0
cell 8.820062010144389 31.783642683857217 0.0 1.0 1.0 1 0 0 0.0 1.0 0
cell 25.848038001905465 2.002995143595081 0.0 1.0 1.0 1 0 0 0.0 1.0 0
cell 17.573274091598716 35.280323549332806 0.0 1.0 1.0 1 0 0 0.0 1.0 0
cell 24.51037859488158 18.80733519434977 0.0 1.0 1.0 1 0 0 0.0 1.0 0
cell 37.72118482296959 56.8695084860921 0.0 1.6431676725154984 0.6085806194501846 1 0 0 0.14228906952933523 0.9898251465246152 0.2855472647824038
cell 42.66886929109857 6.145565669270702 0.0 1.0 1.0 1 0 0 0.0 1.0 0
cell 36.16016382141739 0.556543505290991 0.0 1.6431676725154984 0.6085806194501846 1 0 0 0.3220075245168505 0.9467371093152153 0.65569838294625
cell 41.217166068822436 18.101356342839914 0.0 1.6431676725154984 0.6085806194501846 1 0 0 0.8047964107446336 0.5935509559023175 1.8706647725090215
cell 11.289848766708317 13.515322533314734 0.0 1.0 1.0 1 0 0 0.0 1.0 0
cell 41.52951099936796 33.166845278667466 0.0 1.0 1.0 1 0 0 0.0 1.0 0
cell 53.19437347305093 25.661348788232768 0.0 1.0 1.0 1 0 0 0.0 1.0 0
cell 16.19496363541361 0.5456439430581762 0.0 1.0 1.0 1 0 0 0.0 1.0 0
cell 40.18174326711084 40.067614808933676 0.0 1.6431676725154984 0.6085806194501846 1 0 0 0.9894149871958132 0.14511369029939486 2.8503368973427707
cell 1.5667579410600485 42.067531979065585 0.0 1.6431676725154984 0.6085806194501846 1 0 0 0.9017215665827001 -0.43231726354569877 4.035714693984891
cell 42.5717317229036 4.36429429060025 0.0 1.6431676725154984 0.6085806194501846 1 0 0 0.9175969450156332 0.3975120708833597 2.3239848623305246
cell 50.60480977546584 23.716215340435284 0.0 1.0 1.0 1 0 0 0.0 1.0 0
cell 47.354319487832186 8.93756963643532 0.0 1.0 1.0 1 0 0 0.0 1.0 0
cell 26.602126056615255 52.94862131337736 0.0 1.6431676725154984 0.6085806194501846 1 0 0 0.2312236090277514 0.9729006334812315 0.466670373916911
cell 16.396877333981994 27.53580854714045 0.0 1.0 1.0 1 0 0 0.0 1.0 0
cell 45.95634598451721 12.374919558901665 0.0 1.0 1.0 1 0 0 0.0 1.0 0
cell 5.534344001926879 7.570196683023664 0.0 1.0 1.0 1 0 0 0.0 1.0 0
cell 12.063712667144465 5.232591430958996 0.0 1.0 1.0 1 0 0 0.0 1.0 0
cell 57.84878131653957 43.00421395971064 0.0 1.0 1.0 1 0 0 0.0 1.0 0
cell 29.837703628001965 39.53757397532905 0.0 1.6431676725154984 0.6085806194501846 1 0 0 0.4537009119694197 0.8911540172597086 0.9418278259741479
cell 1.1086585002107072 4.755531279337382 0.0 1.0 1.0 1 0 0 0.0 1.0 0
cell 18.93979905590294 24.977624684835973 0.0 1.0 1.0 1 0 0 0.0 1.0 0
cell 15.414087091359926 32.42736076056282 0.0 1.0 1.0 1 0 0 0.0 1.0 0
cell 43.88906149733879 11.972070886703479 0.0 1.0 1.0 1 0 0 0.0 1.0 0
cell 35.825478727683866 42.32352652467436 0.0 1.6431676725154984 0.6085806194501846 1 0 0 0.78192526047244 0.6233721898152875 1.7954966469077889
cell 45.99914280915499 47.67140161642069 0.0 1.6431676725154984 0.6085806194501846 1 0 0 0.7177814709648335 -0.6962684539310681 4.681963806428383
cell 48.73932990110655 15.185787865954522 0.0 1.6431676725154984 0.6085806194501846 1 0 0 0.7856396099829817 0.6186844132720561 1.8074585443894482
cell 37.20571297820545 23.41911525050032 0.0 1.0 1.0 1 0 0 0.0 1.0 0
cell 19.69455921182429 42.85472911223233 0.0 1.6431676725154984 0.6085806194501846 1 0 0 0.8502979052043218 -0.526301693332961 4.250083166554727
cell 6.92005261583358 49.309842515736776 0.0 1.0 1.0 1 0 0 0.0 1.0 0
cell 14.2258276337071 42.17228297906186 0.0 1.6431676725154984 0.6085806194501846 1 0 0 0.376954461522851 0.9262317927700482 0.773011984354002
cell 3.2401156217306673 12.81127768406622 0.0 1.0 1.0 1 0 0 0.0 1.0 0
cell 12.894033243087977 55.755857050078085 0.0 1.6431676725154984 0.6085806194501846 1 0 0 0.10516827976144075 0.9944544398473061 0.2107262353961551
cell 31.43288616605856 40.07254404533019 0.0 1.6431676725154984 0.6085806194501846 1 0 0 0.5990902700898666 0.8006814899094713 1.2847288613494463
cell 11.164501007595355 7.024635645135178 0.0 1.0 1.0 1 0 0 0.0 1.0 0
cell 29.819156357009906 8.742218301454814 0.0 1.0 1.0 1 0 0 0.0 1.0 0
cell 57.86874195477303 32.37895431437181 0.0 1.0 1.0 1 0 0 0.0 1.0 0
cell 8.427455087023997 12.567909980087649 0.0 1.0 1.0 1 0 0 0.0 1.0 0
cell 30.255667328457285 28.431512046640805 0.0 1.0 1.0 1 0 0 0.0 1.0 0
cell 21.82087395420332 22.45996527325179 0.0 1.0 1.0 1 0 0 0.0 1.0 0
cell 15.468987755027449 15.353024906934523 0.0 1.6431676725154984 0.6085806194501846 1 0 0 0.9544341915970663 -0.29842147025717586 3.747669323198786
cell 18.759428131902744 30.265198571733627 0.0 1.0 1.0 1 0 0 0.0 1.0 0
cell 29.98070508836967 0.8234507914947198 0.0 1.0 1.0 1 0 0 0.0 1.0 0
cell 20.441996073869934 11.63921880094464 0.0 1.0 1.0 1 0 0 0.0 1.0 0
cell 53.06974942324414 36.58079043160712 0.0 1.0 1.0 1 0 0 0.0 1.0 0
cell 2.4777613033992667 53.45233213974465 0.0 1.0 1.0 1 0 0 0.0 1.0 0
cell 53.69226342774462 18.419408830387596 0.0 1.0 1.0 1 0 0 0.0 1.0 0
cell 9.556011042329347 50.69633895795303 0.0 1.6431676725154984 0.6085806194501846 1 0 0 0.4366873437121644 0.8996133412981457 0.9038261139105321
cell 8.311519113332027 39.06829235150515 0.0 1.0 1.0 1 0 0 0.0 1.0 0
cell 1.8176611109909429 44.54502833248391 0.0 1.0 1.0 1 0 0 0.0 1.0 0
cell 8.877495255286862 57.57677385780925 0.0 1.0 1.0 1 0 0 0.0 1.0 0
cell 7.445755023926356 14.355612110753388 0.0 1.0 1.0 1 0 0 0.0 1.0 0
cell 21.15200143655795 6.9322581956662965 0.0 1.0 1.0 1 0 0 0.0 1.0 0
cell 35.40583308814213 1.3239787373749978 0.0 1.6431676725154984 0.6085806194501846 1 0 0 0.17742979054342936 0.9841334611869037 0.35674837174450913
cell 0.17193120415788188 48.23780060447376 0.0 1.0 1.0 1 0 0 0.0 1.0 0
cell 0.8281968136331286 37.37642335228278 0.0 1.0 1.0 1 0 0 0.0 1.0 0
cell 49.833015794535065 40.29437581412404 0.0 1.0 1.0 1 0 0 0.0 1.0 0
cell 22.368165752212978 34.425564562473596 0.0 1.0 1.0 1 0 0 0.0 1.0 0
cell 40.90519225889115 31.139249011398203 0.0 1.0 1.0 1 0 0 0.0 1.0 0
cell 44.65032210496084 13.39241940983151 0.0 1.0 1.0 1 0 0 0.0 1.0 0
cell 20.832894402055434 9.984117830901052 0.0 1.0 1.0 1 0 0 0.0 1.0 0
cell 52.40966683453945 23.809324076102737 0.0 1.0 1.0 1 0 0 0.0 1.0 0
cell 10.093899610691166 5.353616568664127 0.0 1.0 1.0 1 0 0 0.0 1.0 0
cell 39.17095671898961 41.56605848510693 0.0 1.6431676725154984 0.6085806194501846 1 0 0 0.9875433911132379 0.15734691184947547 2.8255856116288203
cell 44.2608055953992 4.995953792945273 0.0 1.0 1.0 1 0 0 0.0 1.0 0
cell 26.913371013867867 35.021131564386096 0.0 1.0 1.0 1 0 0 0.0 1.0 0
cell 34.57367520595034 26.035851873279842 0.0 1.0 1.0 1 0 0 0.0 1.0 0
cell 27.22906075631855 55.50200422417694 0.0 1.6431676725154984 0.6085806194501846 1 0 0 0.23834582031524065 0.9711803488221201 0.4813244536368311
cell 7.011251876641796 40.26154107420817 0.0 1.0 1.0 1 0 0 0.0 1.0 0
cell 30.290149753803057 53.664316824434216 0.0 1.6431676725154984 0.6085806194501846 1 0 0 0.40480350073039173 0.9144036995749851 0.8335278541009387
cell 44.15980637744253 37.98078646239225 0.0 1.0 1.0 1 0 0 0.0 1.0 0
cell 18.804905914571965 49.43948266834118 0.0 1.6431676725154984 0.6085806194501846 1 0 0 -0.21481219756010345 -0.9766553741107449 0.4329990687264651
cell 21.212386724939204 16.549419223551514 0.0 1.0 1.0 1 0 0 0.0 1.0 0
cell 28.47526619367546 7.399816084082283 0.0 1.6431676725154984 0.6085806194501846 1 0 0 -0.02153866675604259 -0.9997680160089 0.043080664905136956
cell 39.58044458219242 4.625698677429741 0.0 1.6431676725154984 0.6085806194501846 1 0 0 0.9937518905548247 0.1116117378178103 2.91790310467965
cell 14.870227736200794 12.45086483552644 0.0 1.0 1.0 1 0 0 0.0 1.0 0
cell 23.076034556227867 13.726415062361998 0.0 1.0 1.0 1 0 0 0.0 1.0 0
cell 23.719333421861403 55.86387434647464 0.0 1.6431676725154984 0.6085806194501846 1 0 0 0.19130351331943463 0.9815309296153845 0.3849800321863393
cell 24.19042325208771 44.29991293017333 0.0 1.6431676725154984 0.6085806194501846 1 0 0 0.8655505658920067 0.5008215429512062 2.092497310083878
cell 9.12294564307806 40.94819051724758 0.0 1.0 1.0 1 0 0 0.0 1.0 0
cell 49.90521506751428 10.643557316228295 0.0 1.0 1.0 1 0 0 0.0 1.0 0
cell 35.94494630067459 55.6761704135414 0.0 1.6431676725154984 0.6085806194501846 1 0 0 0.20008941203455746 0.9797776417083955 0.4028983548320891
cell 31.337559010145366 48.15758535071617 0.0 1.6431676725154984 0.6085806194501846 1 0 0 0.5487415213480743 0.8359920709842893 1.1617162426060317
cell 29.34236825018761 15.166462702996519 0.0 1.0 1.0 1 0 0 0.0 1.0 0
cell 21.458828990168136 40.24715412349121 0.0 1.6431676725154984 0.6085806194501846 1 0 0 0.6102858000838675 0.7921813190274015 1.312842633812977
cell 3.9873448588415457 15.88107195740244 0.0 1.0 1.0 1 0 0 0.0 1.0 0
cell 1.4756500551363023 28.12463055083989 0.0 1.0 1.0 1 0 0 0.0 1.0 0
cell 13.902892332188344 10.909169783962092 0.0 1.0 1.0 1 0 0 0.0 1.0 0
cell 23.304191901241953 32.67941477264308 0.0 1.0 1.0 1 0 0 0.0 1.0 0
cell 27.899993456009938 31.50366462254601 0.0 1.0 1.0 1 0 0 0.0 1.0 0
cell 3.7743335619507516 2.641048945251609 0.0 1.0 1.0 1 0 0 0.0 1.0 0
cell 6.820615244455599 18.025419273517727 0.0 1.0 1.0 1 0 0 0.0 1.0 0
cell 55.493917702152814 2.430896547808692 0.0 1.6431676725154984 0.6085806194501846 1 0 0 0.6527036478256197 -0.7576133236124675 4.860890080426957
cell 34.04589140772007 6.221522059756869 0.0 1.6431676725154984 0.6085806194501846 1 0 0 0.911222842531614 0.41191374248573615 2.292486135088596
cell 26.57455279527297 21.60158914555469 0.0 1.0 1.0 1 0 0 0.0 1.0 0
cell 6.2941555553443305 5.723260465779133 0.0 1.0 1.0 1 0 0 0.0 1.0 0
cell 26.061941452494608 9.215303909120303 0.0 1.0 1.0 1 0 0 0.0 1.0 0
cell 11.839023591044286 42.73846783077606 0.0 1.6431676725154984 0.6085806194501846 1 0 0 0.40057220046843156 -0.9162651975339229 5.458902801013955
cell 40.66712884711315 47.834194850994024 0.0 1.6431676725154984 0.6085806194501846 1 0 0 0.8280322966491329 -0.5606804042464497 4.332007221244625
cell 41.181515151069824 36.53833181500754 0.0 1.0 1.0 1 0 0 0.0 1.0 0
cell 43.419221834495055 57.59056274533317 0.0 1.0 1.0 1 0 0 0.0 1.0 0
cell 21.301708821680723 14.592519947532633 0.0 1.0 1.0 1 0 0 0.0 1.0 0
cell 46.276914979007095 44.47797012612743 0.0 1.0 1.0 1 0 0 0.0 1.0 0
cell 30.7668132655809 51.201983347809126 0.0 1.0 1.0 1 0 0 0.0 1.0 0
cell 36.27645320887353 21.989650706366955 0.0 1.0 1.0 1 0 0 0.0 1.0 0
cell 24.55824579972588 14.71731819895144 0.0 1.0 1.0 1 0 0 0.0 1.0 0
cell 10.818665996111486 21.057468046378574 0.0 1.0 1.0 1 0 0 0.0 1.0 0
cell 25.921515491494695 48.56261949908405 0.0 1.6431676725154984 0.6085806194501846 1 0 0 0.359076725338862 0.9333080441740119 0.7345569105881432
cell 4.301025800599163 52.778978949797406 0.0 1.0 1.0 1 0 0 0.0 1.0 0
cell 42.52235831924269 15.816425930545675 0.0 1.0 1.0 1 0 0 0.0 1.0 0
cell 8.547493087800646 26.715434761199084 0.0 1.0 1.0 1 0 0 0.0 1.0 0
cell 33.622928185952226 17.381653002254694 0.0 1.0 1.0 1 0 0 0.0 1.0 0
cell 38.378945182365925 1.1580704424290238 0.0 1.6431676725154984 0.6085806194501846 1 0 0 -0.030939781633998537 0.9995212503556092 6.221295867080515
cell 25.46792921724527 29.04515619556111 0.0 1.0 1.0 1 0 0 0.0 1.0 0
cell 25.43323586960822 5.838519326415017 0.0 1.6431676725154984 0.6085806194501846 1 0 0 0.9963769476959871 0.08504691705187296 2.971293101705462
cell 45.801128223613425 3.345315593898533 0.0 1.6431676725154984 0.6085806194501846 1 0 0 0.8521145328720554 0.5233553504725436 2.040024881208328
cell 0.2595285110509187 39.290933963603074 0.0 1.0 1.0 1 0 0 0.0 1.0 0
cell 50.335116593056505 8.67613197378865 0.0 1.0 1.0 1 0 0 0.0 1.0 0
cell 23.60294625121805 11.788005955607048 0.0 1.0 1.0 1 0 0 0.0 1.0 0
cell 9.410116844546867 35.405947805803244 0.0 1.0 1.0 1 0 0 0.0 1.0 0
cell 54.1831325340219 38.278877792119935 0.0 1.0 1.0 1 0 0 0.0 1.0 0
cell 51.613357598860276 1.8114460032279194 0.0 1.6431676725154984 0.6085806194501846 1 0 0 0.6990712416850371 -0.7150520254141935 4.734989702480513
cell 52.17060759393756 19.300859688230954 0.0 1.0 1.0 1 0 0 0.0 1.0 0
cell 36.00102564081456 10.239594984270457 0.0 1.0 1.0 1 0 0 0.0 1.0 0
cell 46.28025865289611 34.73940819690347 0.0 1.0 1.0 1 0 0 0.0 1.0 0
cell 58.78845531089835 56.12601208288728 0.0 1.0 1.0 1 0 0 0.0 1.0 0
cell 36.33808357823828 20.643266630190464 0.0 1.6431676725154984 0.6085806194501846 1 0 0 0.999412977339745 -0.034259315884974044 3.210124695838529
cell 31.13188223941119 30.41992179442265 0.0 1.0 1.0 1 0 0 0.0 1.0 0
cell 58.69992149748848 58.12178148801005 0.0 1.6431676725154984 0.6085806194501846 1 0 0 0.9760082906060429 -0.21773336140396635 3.5805756748370667
cell 51.602121987001574 57.99622502027938 0.0 1.6431676725154984 0.6085806194501846 1 0 0 0.854073529992686 -0.5201522905513657 4.235651157261619
cell 11.291978840967763 22.860530265968787 0.0 1.0 1.0 1 0 0 0.0 1.0 0
cell 33.05072541808516 50.03435087253576 0.0 1.6431676725154984 0.6085806194501846 1 0 0 0.5172149320515811 0.8558555450909215 1.0871872113982768
cell 0.933438757688299 9.843483915248143 0.0 1.0 1.0 1 0 0 0.0 1.0 0
cell 40.17744102362152 11.121203890486226 0.0 1.6431676725154984 0.6085806194501846 1 0 0 -0.6267306341905309 -0.7792359797693732 1.3547009838179394
cell 54.26754761646683 46.626927993925975 0.0 1.0 1.0 1 0 0 0.0 1.0 0
cell 44.139582507197794 21.8982065471815 0.0 1.0 1.0 1 0 0 0.0 1.0 0
cell 52.75824112645064 2.076015677458767 0.0 1.6431676725154984 0.6085806194501846 1 0 0 0.7041501513982228 -0.7100510997708966 4.720734205820199
cell 10.961827423387952 3.5712171446417282 0.0 1.0 1.0 1 0 0 0.0 1.0 0
cell 35.94358601723565 45.40649674699462 0.0 1.6431676725154984 0.6085806194501846 1 0 0 0.6938557124315391 0.7201140536929698 1.5336592904153734
cell 16.732533674244362 25.114656298013074 0.0 1.6431676725154984 0.6085806194501846 1 0 0 0.7942753586143155 -0.6075579434902489 4.447557434527969
cell 35.98302820654348 2.527172020534093 0.0 1.6431676725154984 0.6085806194501846 1 0 0 0.19864762145532333 -0.9800709782919513 5.883229608845394
cell 6.347692575809857 0.41942238655016123 0.0 1.0 1.0 1 0 0 0.0 1.0 0
cell 4.020327295445963 11.244219574127357 0.0 1.0 1.0 1 0 0 0.0 1.0 0
cell 2.3449348404272294 20.69755226257921 0.0 1.0 1.0 1 0 0 0.0 1.0 0
cell 11.441525588596619 11.023420188484046 0.0 1.6431676725154984 0.6085806194501846 1 0 0 0.9868428794457651 -0.16168219223894487 3.4663827254711213
cell 48.35333294834485 34.7306992799585 0.0 1.0 1.0 1 0 0 0.0 1.0 0
cell 32.75189176801221 4.095725133133808 0.0 1.0 1.0 1 0 0 0.0 1.0 0
cell 18.204870029521242 18.593391772920516 0.0 1.0 1.0 1 0 0 0.0 1.0 0
cell 40.248312456110774 14.334942316787368 0.0 1.6431676725154984 0.6085806194501846 1 0 0 0.7109351747804981 0.7032575468914803 1.5816541856184299
cell 1.3769600503908024 57.27714347545404 0.0 1.0 1.0 1 0 0 0.0 1.0 0
cell 48.54739897842212 7.376400473625974 0.0 1.0 1.0 1 0 0 0.0 1.0 0
cell 28.704655773930302 12.033826727003582 0.0 1.0 1.0 1 0 0 0.0 1.0 0
cell 56.23216595600653 32.72260725273898 0.0 1.0 1.0 1 0 0 0.0 1.0 0
cell 35.997448199106316 4.104041973162713 0.0 1.0 1.0 1 0 0 0.0 1.0 0
cell 48.04466961138128 4.136031934981363 0.0 1.6431676725154984 0.6085806194501846 1 0 0 0.9750531640327178 0.2219714560698875 2.6939208481115218
cell 4.319994590255528 20.808028545579173 0.0 1.0 1.0 1 0 0 0.0 1.0 0
cell 44.98209776280546 28.334387670396072 0.0 1.0 1.0 1 0 0 0.0 1.0 0
cell 12.748311810755807 57.096435912399365 0.0 1.6431676725154984 0.6085806194501846 1 0 0 0.1197426578611125 0.9928049636702854 0.2400613423924938
cell 33.39218250089855 54.319168845728704 0.0 1.6431676725154984 0.6085806194501846 1 0 0 0.3539176045683021 0.9352766057037003 0.7235130273760358
cell 57.26886080528583 13.904216804069046 0.0 1.0 1.0 1 0 0 0.0 1.0 0
cell 16.672324970165743 19.30019185257469 0.0 1.6431676725154984 0.6085806194501846 1 0 0 0.8464488043230739 -0.532470113396084 4.264624860618764
cell 23.500095030378564 3.0373582405814585 0.0 1.6431676725154984 0.6085806194501846 1 0 0 0.9996890433589645 0.024936250480745485 3.091714982590107
cell 22.54696857108105 44.64052096654392 0.0 1.6431676725154984 0.6085806194501846 1 0 0 0.5887316235134725 0.8083285690084143 1.2589776153272236
cell 2.137724552720132 48.057431050038225 0.0 1.0 1.0 1 0 0 0.0 1.0 0
cell 41.41354497275225 20.49745782370037 0.0 1.0 1.0 1 0 0 0.0 1.0 0
cell 10.097837127405215 12.29442134804398 0.0 1.0 1.0 1 0 0 0.0 1.0 0
cell 33.406310766362694 42.59322150575361 0.0 1.6431676725154984 0.6085806194501846 1 0 0 0.9197799139636881 0.392434593109413 2.3350385878072926
cell 55.63417294791754 34.602761705815766 0.0 1.0 1.0 1 0 0 0.0 1.0 0
cell 7.414447541727653 30.399468858799384 0.0 1.0 1.0 1 0 0 0.0 1.0 0
cell 34.94422881427763 38.49634378178661 0.0 1.6431676725154984 0.6085806194501846 1 0 0 0.757830807822996 0.6524511220883485 1.7199639660508388
cell 39.28751665209598 11.371210721279903 0.0 1.6431676725154984 0.6085806194501846 1 0 0 0.5864117737180105 0.8100131058476133 1.2532437255250166
cell 48.45926719864654 31.457962576729386 0.0 1.0 1.0 1 0 0 0.0 1.0 0
cell 7.732585944734345 35.47607239198531 0.0 1.0 1.0 1 0 0 0.0 1.0 0
cell 25.347621388540567 10.98075547267368 0.0 1.0 1.0 1 0 0 0.0 1.0 0
cell 23.397752317326937 57.28944245456358 0.0 1.0 1.0 1 0 0 0.0 1.0 0
cell 40.011500532534605 6.976397780763667 0.0 1.6431676725154984 0.6085806194501846 1 0 0 0.9681122985270273 0.25051662108673745 2.6351649418099616
cell 58.309201118760974 15.587818813910506 0.0 1.0 1.0 1 0 0 0.0 1.0 0
cell 21.640178056171806 37.386552728927896 0.0 1.0 1.0 1 0 0 0.0 1.0 0
cell 15.191700626868847 7.167526258651654 0.0 1.0 1.0 1 0 0 0.0 1.0 0
cell 43.46588696599657 8.069911193907805 0.0 1.0 1.0 1 0 0 0.0 1.0 0
cell 53.10064377052902 57.94557842786946 0.0 1.6431676725154984 0.6085806194501846 1 0 0 0.7095878662171655 0.704616959856467 1.5778262644632945
cell 9.41218490067477 10.63466960241211 0.0 1.0 1.0 1 0 0 0.0 1.0 0
cell 19.616375971156497 37.43897495435709 0.0 1.0 1.0 1 0 0 0.0 1.0 0
cell 30.701772425462003 11.780866187236885 0.0 1.0 1.0 1 0 0 0.0 1.0 0
cell 42.38425778046928 27.382508571094853 0.0 1.0 1.0 1 0 0 0.0 1.0 0
cell 23.118725654052838 19.631057430304786 0.0 1.0 1.0 1 0 0 0.0 1.0 0
cell 18.400146194189663 50.66654404391033 0.0 1.6431676725154984 0.6085806194501846 1 0 0 -0.0875215145431473 -0.9961626295400132 0.1752672749795794
cell 23.95721122874672 46.36622095413711 0.0 1.6431676725154984 0.6085806194501846 1 0 0 0.8843078667888535 0.46690426934795465 2.1700190716259025
cell 42.63395231699361 46.63297021566404 0.0 1.6431676725154984 0.6085806194501846 1 0 0 0.9350835247516421 -0.35442742802729743 3.8661960024243913
cell 56.25723942805411 10.58962028274282 0.0 1.0 1.0 1 0 0 0.0 1.0 0
cell 25.516223245011975 6.982861978362535 0.0 1.6431676725154984 0.6085806194501846 1 0 0 0.12551033774216785 0.9920923117935382 0.25168443990823974
cell 4.942688636131166 58.033458256955456 0.0 1.0 1.0 1 0 0 0.0 1.0 0
cell 39.549020415555916 17.90237830190647 0.0 1.0 1.0 1 0 0 0.0 1.0 0
cell 27.825607170890912 47.326791685909015 0.0 1.6431676725154984 0.6085806194501846 1 0 0 0.4092247330510413 0.9124336238101399 0.8432084614153013
cell 39.20616252073856 23.613190930052387 0.0 1.0 1.0 1 0 0 0.0 1.0 0
cell 32.5566369181529 20.482134960528548 0.0 1.0 1.0 1 0 0 0.0 1.0 0
cell 41.70217535651994 53.65497285188044 0.0 1.6431676725154984 0.6085806194501846 1 0 0 0.5217723332341885 0.8530847743755312 1.0978543840945625
cell 19.257457999522867 28.573417602132647 0.0 1.0 1.0 1 0 0 0.0 1.0 0
cell 54.10074454271898 13.17361096558246 0.0 1.0 1.0 1 0 0 0.0 1.0 0
cell 45.38810477318092 39.215138425131734 0.0 1.0 1.0 1 0 0 0.0 1.0 0
cell 7.0585296343122454 3.8442773379503064 0.0 1.0 1.0 1 0 0 0.0 1.0 0
cell 30.718995926631504 17.5968012405782 0.0 1.0 1.0 1 0 0 0.0 1.0 0
cell 37.77140019669719 2.3368214577954745 0.0 1.6431676725154984 0.6085806194501846 1 0 0 -0.24059184372733464 0.9706263775170556 5.797234188324237
cell 17.930954078556617 26.732636582640765 0.0 1.6431676725154984 0.6085806194501846 1 0 0 0.7175955475539132 -0.6964600707368653 4.682497789631923
cell 58.14431794787345 10.140031351982131 0.0 1.0 1.0 1 0 0 0.0 1.0 0
cell 11.929502159799311 16.162221978351486 0.0 1.0 1.0 1 0 0 0.0 1.0 0
cell 28.599140376742756 54.99469957557839 0.0 1.6431676725154984 0.6085806194501846 1 0 0 0.3732166794191457 0.9277442051575135 0.7649476360697158
cell 44.92126210852735 36.199447775534225 0.0 1.0 1.0 1 0 0 0.0 1.0 0
cell 0.6105260468349136 20.765820080198754 0.0 1.0 1.0 1 0 0 0.0 1.0 0
cell 32.67717252725389 34.09295167455488 0.0 1.0 1.0 1 0 0 0.0 1.0 0
cell 38.37173507494397 34.23437578372969 0.0 1.0 1.0 1 0 0 0.0 1.0 0
cell 2.056349134396038 55.39137548280665 0.0 1.0 1.0 1 0 0 0.0 1.0 0
cell 14.628436294168873 9.041408595174477 0.0 1.0 1.0 1 0 0 0.0 1.0 0
cell 32.09891941704553 32.13315312315972 0.0 1.0 1.0 1 0 0 0.0 1.0 0
cell 41.150942855354295 23.965639036147497 0.0 1.0 1.0 1 0 0 0.0 1.0 0
cell 14.365665895627693 22.204227562150987 0.0 1.0 1.0 1 0 0 0.0 1.0 0
cell 46.29498103066036 37.4151686586756 0.0 1.6431676725154984 0.6085806194501846 1 0 0 0.8092572331635756 -0.5874544497852019 4.397412047668635
cell 28.25855347475435 52.714787151544215 0.0 1.6431676725154984 0.6085806194501846 1 0 0 0.44394525064073553 0.8960539126824538 0.9199936246536077
cell 32.31692937617238 18.62838894704217 0.0 1.0 1.0 1 0 0 0.0 1.0 0
cell 33.15249828548289 22.373356327622496 0.0 1.0 1.0 1 0 0 0.0 1.0 0
cell 13.141368828217269 8.57700254999478 0.0 1.0 1.0 1 0 0 0.0 1.0 0
cell 40.33859255897315 34.68585872837283 0.0 1.0 1.0 1 0 0 0.0 1.0 0
cell 23.357484924875013 21.587719258457398 0.0 1.0 1.0 1 0 0 0.0 1.0 0
cell 50.29817204534612 14.072401185133314 0.0 1.0 1.0 1 0 0 0.0 1.0 0
cell 0.30528043178829384 11.74759115349282 0.0 1.0 1.0 1 0 0 0.0 1.0 0
cell 18.41200181487398 40.00023968171578 0.0 1.6431676725154984 0.6085806194501846 1 0 0 0.8874335546036147 -0.46093566380091827 4.099691169956549
cell 47.951302240509314 25.05962628946405 0.0 1.0 1.0 1 0 0 0.0 1.0 0
cell 44.315763013412926 25.04537271274394 0.0 1.0 1.0 1 0 0 0.0 1.0 0
cell 13.70297466539749 30.229521760716025 0.0 1.0 1.0 1 0 0 0.0 1.0 0
cell 31.945682833294775 23.627861079760176 0.0 1.0 1.0 1 0 0 0.0 1.0 0
cell 17.762434146168168 41.21810775347296 0.0 1.6431676725154984 0.6085806194501846 1 0 0 0.4761359111542474 0.8793717041782244 0.9925106221160888
cell 39.65849965623318 32.6913972815318 0.0 1.0 1.0 1 0 0 0.0 1.0 0
cell 46.99756440758716 50.54141548018738 0.0 1.6431676725154984 0.6085806194501846 1 0 0 0.9768501519359568 -0.21392470792944437 3.5727744977263742
cell 1.4732521464278072 13.343965044550298 0.0 1.0 1.0 1 0 0 0.0 1.0 0
cell 12.726114029961343 17.513488727286628 0.0 1.0 1.0 1 0 0 0.0 1.0 0
cell 58.40163683562792 25.386719574655313 0.0 1.0 1.0 1 0 0 0.0 1.0 0
cell 26.360351963028446 0.23911630682880283 0.0 1.6431676725154984 0.6085806194501846 1 0 0 -0.4189848877059515 -0.9079932069536816 0.8646541157465606
cell 15.10083069822741 28.891451800651787 0.0 1.0 1.0 1 0 0 0.0 1.0 0
cell 2.0755399395404757 11.485828097243704 0.0 1.0 1.0 1 0 0 0.0 1.0 0
cell 46.41285674332196 7.514819605304121 0.0 1.0 1.0 1 0 0 0.0 1.0 0
cell 13.750970964701079 15.575700896516778 0.0 1.0 1.0 1 0 0 0.0 1.0 0
cell 53.35279200143505 15.082891346409806 0.0 1.0 1.0 1 0 0 0.0 1.0 0
cell 31.297877514630887 7.112336051152802 0.0 1.6431676725154984 0.6085806194501846 1 0 0 0.12227569478886326 -0.992496173526075 6.038020385273083
cell 14.466075028641699 49.80049931991012 0.0 1.6431676725154984 0.6085806194501846 1 0 0 0.9224646243396597 -0.3860816194043566 3.93435278835024
cell 33.02617941679622 8.130457049579967 0.0 1.0 1.0 1 0 0 0.0 1.0 0
cell 24.372407519778143 34.38465257384037 0.0 1.0 1.0 1 0 0 0.0 1.0 0
cell 50.944657263368136 12.204910075044324 0.0 1.0 1.0 1 0 0 0.0 1.0 0
cell 2.349680597839409 6.290386369862618 0.0 1.0 1.0 1 0 0 0.0 1.0 0
cell 56.21523095794123 30.84131559472284 0.0 1.0 1.0 1 0 0 0.0 1.0 0
cell 17.443363594360783 15.309109781507217 0.0 1.0 1.0 1 0 0 0.0 1.0 0
cell 18.682631148951398 23.310154010155998 0.0 1.0 1.0 1 0 0 0.0 1.0 0
cell 26.323757886472734 19.618508774662292 0.0 1.0 1.0 1 0 0 0.0 1.0 0
cell 3.6438780410181857 25.82689373161624 0.0 1.0 1.0 1 0 0 0.0 1.0 0
cell 17.416848379463936 10.39494784818803 0.0 1.0 1.0 1 0 0 0.0 1.0 0
cell 7.470705124784114 45.75186209827982 0.0 1.6431676725154984 0.6085806194501846 1 0 0 0.9334069905299558 -0.35881943931427557 3.8755982512712013
cell 29.888469310224835 6.4317970409318335 0.0 1.6431676725154984 0.6085806194501846 1 0 0 0.02462649491853128 -0.9996967218852063 6.233927337620454
cell 6.563576271458806 34.05286562978464 0.0 1.0 1.0 1 0 0 0.0 1.0 0
cell 29.63902152961155 46.15596250705614 0.0 1.6431676725154984 0.6085806194501846 1 0 0 0.5336975834732564 0.8456754042744808 1.1259338140283492
cell 22.417328357920564 54.41002444793014 0.0 1.6431676725154984 0.6085806194501846 1 0 0 0.14054989816016963 0.9900735963185595 0.28203360848431114
cell 33.77887162396418 45.31411190952785 0.0 1.6431676725154984 0.6085806194501846 1 0 0 0.6085834924010104 0.7934898441549137 1.308548409213577
cell 44.47164316929679 42.577841218420126 0.0 1.6431676725154984 0.6085806194501846 1 0 0 0.8781883548152316 -0.4783149730741417 4.139062561830356
cell 42.94739250333715 13.755569428119037 0.0 1.0 1.0 1 0 0 0.0 1.0 0
cell 31.150827384258996 10.216396063079799 0.0 1.0 1.0 1 0 0 0.0 1.0 0
cell 6.185854680534468 52.37440613607803 0.0 1.0 1.0 1 0 0 0.0 1.0 0
cell 19.89426061116719 39.88127996970985 0.0 1.6431676725154984 0.6085806194501846 1 0 0 0.45083588921208184 0.8926068569075366 0.935403152498857
cell 58.78490116415574 28.661425020338953 0.0 1.0 1.0 1 0 0 0.0 1.0 0
cell 48.415495619085284 39.30738174707553 0.0 1.0 1.0 1 0 0 0.0 1.0 0
cell 16.34582489408475 8.735026461896366 0.0 1.0 1.0 1 0 0 0.0 1.0 0
cell 9.378568060175937 42.98108711674631 0.0 1.0 1.0 1 0 0 0.0 1.0 0
cell 2.671245553643157 36.961775986932615 0.0 1.0 1.0 1 0 0 0.0 1.0 0
cell 30.914357799498784 15.463440307093723 0.0 1.0 1.0 1 0 0 0.0 1.0 0
cell 13.708271101379658 18.83438972516951 0.0 1.0 1.0 1 0 0 0.0 1.0 0
cell 12.59062773442086 37.23657198321915 0.0 1.0 1.0 1 0 0 0.0 1.0 0
cell 43.05551932805288 9.893982713205528 0.0 1.0 1.0 1 0 0 0.0 1.0 0
cell 23.775370900799164 51.29653855779599 0.0 1.6431676725154984 0.6085806194501846 1 0 0 0.1865774605452055 0.9824402532553836 0.37535454746806485
cell 21.374674623384752 2.0747879316952598 0.0 1.0 1.0 1 0 0 0.0 1.0 0
cell 56.162356844449846 38.059948344027774 0.0 1.0 1.0 1 0 0 0.0 1.0 0
cell 15.75310544004917 56.01037707455555 0.0 1.6431676725154984 0.6085806194501846 1 0 0 -0.25420911617568825 0.9671492776470318 5.769125571587401
cell 49.49722709131443 47.05408936257702 0.0 1.0 1.0 1 0 0 0.0 1.0 0
cell 31.541301623865355 13.514083226644079 0.0 1.0 1.0 1 0 0 0.0 1.0 0
cell 58.690177834928164 41.18200751468435 0.0 1.0 1.0 1 0 0 0.0 1.0 0
cell 23.558170511172243 23.506214536048265 0.0 1.0 1.0 1 0 0 0.0 1.0 0
cell 3.6117344201884998 7.831873447264292 0.0 1.0 1.0 1 0 0 0.0 1.0 0
cell 39.7702400681545 25.391723245454077 0.0 1.0 1.0 1 0 0 0.0 1.0 0
cell 28.05784910297615 13.733469486048614 0.0 1.0 1.0 1 0 0 0.0 1.0 0
cell 18.981124913138792 32.04389310137414 0.0 1.0 1.0 1 0 0 0.0 1.0 0
cell 44.268986185933535 34.656069264821035 0.0 1.0 1.0 1 0 0 0.0 1.0 0
cell 8.04674788078224 23.514578147467976 0.0 1.0 1.0 1 0 0 0.0 1.0 0
cell 47.88754811910847 41.04644849576824 0.0 1.0 1.0 1 0 0 0.0 1.0 0
cell 38.22139158904852 56.047513778769236 0.0 1.6431676725154984 0.6085806194501846 1 0 0 0.2754244844077274 0.9613227103261097 0.5580624746817441
cell 31.417907116938835 1.7926000432356044 0.0 1.0 1.0 1 0 0 0.0 1.0 0
cell 5.949910926882753 54.26474933605146 0.0 1.0 1.0 1 0 0 0.0 1.0 0
cell 11.557292779088266 19.25782720603307 0.0 1.0 1.0 1 0 0 0.0 1.0 0
cell 15.01634670196594 24.00435627555174 0.0 1.0 1.0 1 0 0 0.0 1.0 0
cell 5.6931092040863795 30.776044747492058 0.0 1.0 1.0 1 0 0 0.0 1.0 0
cell 37.81125067440969 25.001427693206168 0.0 1.0 1.0 1 0 0 0.0 1.0 0
cell 8.52320144409069 33.644187140060005 0.0 1.0 1.0 1 0 0 0.0 1.0 0
cell 35.085206468839566 57.94311295773226 0.0 1.6431676725154984 0.6085806194501846 1 0 0 0.27380515952200185 0.9617851811184923 0.5546943339545047
cell 5.07363200968116 43.78528045269404 0.0 1.0 1.0 1 0 0 0.0 1.0 0
cell 7.215934975991061 16.31207325840866 0.0 1.0 1.0 1 0 0 0.0 1.0 0
cell 4.348324435255881 24.014833125993817 0.0 1.0 1.0 1 0 0 0.0 1.0 0
cell 35.279362046363744 47.30025632692082 0.0 1.6431676725154984 0.6085806194501846 1 0 0 0.5744313023202294 0.8185527954351418 1.2238184372319638
cell 16.008432247321124 57.28143420800611 0.0 1.6431676725154984 0.6085806194501846 1 0 0 0.2255459671212107 -0.9742325270259445 5.828178492654438
cell 24.75451258420376 0.655499525224129 0.0 1.0 1.0 1 0 0 0.0 1.0 0
cell 8.09664780673779 59.03609840707379 0.0 1.6431676725154984 0.6085806194501846 1 0 0 0.964394774757911 -0.26446685693984034 3.676894761200854
cell 34.406295481286406 4.065185034831215 0.0 1.0 1.0 1 0 0 0.0 1.0 0
cell 20.149199025650656 8.425632200608314 0.0 1.0 1.0 1 0 0 0.0 1.0 0
cell 32.65247697634944 25.476655158148873 0.0 1.0 1.0 1 0 0 0.0 1.0 0
cell 30.795879019921365 56.7842495066188 0.0 1.6431676725154984 0.6085806194501846 1 0 0 0.4247862465963647 0.9052936787046358 0.8774515150822262
cell 57.09756261119369 44.833565074458654 0.0 1.0 1.0 1 0 0 0.0 1.0 0
cell 51.458313184113216 50.380861401531405 0.0 1.6431676725154984 0.6085806194501846 1 0 0 0.7341685113852114 -0.6789673017829523 4.634302844038721
cell 45.994901274079034 14.387454953572439 0.0 1.0 1.0 1 0 0 0.0 1.0 0
cell 51.19328047007825 47.307400868454565 0.0 1.0 1.0 1 0 0 0.0 1.0 0
cell 58.91315838877719 3.16663129664874 0.0 1.0 1.0 1 0 0 0.0 1.0 0
cell 46.38898138653578 51.62513183735999 0.0 1.6431676725154984 0.6085806194501846 1 0 0 0.9738123056439907 -0.227353454727072 3.600310855156677
cell 23.89072118723259 41.466170255774294 0.0 1.6431676725154984 0.6085806194501846 1 0 0 0.6262513382731497 0.779621229387123 1.3534711190183613
cell 22.588429810334652 30.428948265887108 0.0 1.6431676725154984 0.6085806194501846 1 0 0 0.6442960359901981 0.7647761881801219 1.4002048844435848
cell 18.40629389911297 45.278761870987374 0.0 1.6431676725154984 0.6085806194501846 1 0 0 0.4338346227511891 0.9009925194485986 0.8974888723490108
cell 42.59548398819393 56.20210370526336 0.0 1.0 1.0 1 0 0 0.0 1.0 0
cell 37.59405383722334 18.440560014512577 0.0 1.6431676725154984 0.6085806194501846 1 0 0 0.9272401892967241 0.37446712986986624 2.3739486061323563
cell 54.50696869229681 11.156449686651152 0.0 1.0 1.0 1 0 0 0.0 1.0 0
cell 43.547719707904015 17.088070451348074 0.0 1.0 1.0 1 0 0 0.0 1.0 0
cell 29.16605720632144 16.952188330853176 0.0 1.0 1.0 1 0 0 0.0 1.0 0
cell 20.31329739498365 3.535562372697582 0.0 1.6431676725154984 0.6085806194501846 1 0 0 0.998850115664679 0.047942115479581195 3.0456716537930495
cell 33.794249483398836 49.24714647857513 0.0 1.6431676725154984 0.6085806194501846 1 0 0 0.5127399866511987 0.8585439453452156 1.07674638879542
cell 13.793210846275748 13.67201477209206 0.0 1.6431676725154984 0.6085806194501846 1 0 0 0.9792137289338847 -0.20283114422444232 3.5500892574817353
cell 41.333659448944076 12.896195232098597 0.0 1.0 1.0 1 0 0 0.0 1.0 0
cell 26.121443756601373 30.944951870463022 0.0 1.0 1.0 1 0 0 0.0 1.0 0
cell 0.48293427572089637 1.397927062178249 0.0 1.0 1.0 1 0 0 0.0 1.0 0
cell 20.92051364994556 29.71661610324732 0.0 1.0 1.0 1 0 0 0.0 1.0 0
cell 58.06576136039137 37.7390953196291 0.0 1.0 1.0 1 0 0 0.0 1.0 0
cell 10.98101228746269 17.891958728669746 0.0 1.0 1.0 1 0 0 0.0 1.0 0
cell 41.188390992154794 2.0262374819588875 0.0 1.6431676725154984 0.6085806194501846 1 0 0 0.22741046488838176 0.9737989938684729 0.45883528891651604
cell 12.279208088912084 33.37208082219299 0.0 1.0 1.0 1 0 0 0.0 1.0 0
cell 33.928570351460806 31.305911225311426 0.0 1.0 1.0 1 0 0 0.0 1.0 0
cell 13.255240859103091 6.789181815393228 0.0 1.0 1.0 1 0 0 0.0 1.0 0
cell 40.807591541789144 38.537561826237024 0.0 1.6431676725154984 0.6085806194501846 1 0 0 0.9600829590866684 0.27971541193038807 2.5745973013640095
cell 1.652275801905197 8.05880052424099 0.0 1.0 1.0 1 0 0 0.0 1.0 0
cell 29.63714142539017 20.960838714601778 0.0 1.0 1.0 1 0 0 0.0 1.0 0
cell 23.714542293020788 28.700778839068118 0.0 1.0 1.0 1 0 0 0.0 1.0 0
cell 21.858859427472737 46.00755891679194 0.0 1.6431676725154984 0.6085806194501846 1 0 0 0.43599891617897185 0.8999471901677131 0.9022959014223784
cell 29.24734740106212 10.381558526902394 0.0 1.0 1.0 1 0 0 0.0 1.0 0
cell 41.4303949317271 10.71468941438149 0.0 1.0 1.0 1 0 0 0.0 1.0 0
cell 47.45027820586771 33.110574714335755 0.0 1.0 1.0 1 0 0 0.0 1.0 0
cell 48.088516283089874 43.80963696554089 0.0 1.0 1.0 1 0 0 0.0 1.0 0
cell 5.1880353655414595 40.06354466569872 0.0 1.0 1.0 1 0 0 0.0 1.0 0
cell 10.843909535971845 50.373520337952385 0.0 1.6431676725154984 0.6085806194501846 1 0 0 0.39930523998105555 0.9168180437380536 0.8215178520416836
cell 53.974288245298126 20.213613598110634 0.0 1.0 1.0 1 0 0 0.0 1.0 0
cell 9.375715420284145 14.051264751518561 0.0 1.0 1.0 1 0 0 0.0 1.0 0
cell 32.24947959065843 16.63478390209617 0.0 1.0 1.0 1 0 0 0.0 1.0 0
cell 52.30743468467237 5.897905893719284 0.0 1.0 1.0 1 0 0 0.0 1.0 0
cell 10.443036497184135 26.254498415497004 0.0 1.0 1.0 1 0 0 0.0 1.0 0
cell 50.106780518631375 43.714022935010235 0.0 1.0 1.0 1 0 0 0.0 1.0 0
cell 18.69550932324458 5.578901141203516 0.0 1.6431676725154984 0.6085806194501846 1 0 0 0.9981529492093107 0.06075104924818323 3.020015692931788
cell 34.36144445483825 10.535942381192404 0.0 1.0 1.0 1 0 0 0.0 1.0 0
cell 52.32234284691462 27.51310586612251 0.0 1.0 1.0 1 0 0 0.0 1.0 0
cell 39.17377980771868 45.65849045156868 0.0 1.6431676725154984 0.6085806194501846 1 0 0 0.5906999984778175 0.80689126392489 1.263852181500343
cell 15.418528164463869 30.718117484634792 0.0 1.0 1.0 1 0 0 0.0 1.0 0
cell 26.15300568581719 51.52357398859508 0.0 1.6431676725154984 0.6085806194501846 1 0 0 0.2811544104480236 0.9596625435462324 0.5699936626708996
cell 37.7239484448604 32.32364442528483 0.0 1.0 1.0 1 0 0 0.0 1.0 0
cell 35.772663410043194 5.66945985896443 0.0 1.6431676725154984 0.6085806194501846 1 0 0 -0.9508471665423195 -0.3096605655850332 2.511920592319621
cell 17.021919016220508 45.461522460335864 0.0 1.6431676725154984 0.6085806194501846 1 0 0 0.5027459662484964 0.8644342042173399 1.0535449144773334
cell 33.853520479617096 24.19567681908286 0.0 1.0 1.0 1 0 0 0.0 1.0 0
cell 15.266379531695488 18.198770055162207 0.0 1.6431676725154984 0.6085806194501846 1 0 0 0.6963504121326143 -0.7177019600939781 4.742585776361331
cell 58.560740571795804 51.60712103735787 0.0 1.0 1.0 1 0 0 0.0 1.0 0
cell 43.2029465885574 20.391150749472107 0.0 1.0 1.0 1 0 0 0.0 1.0 0
cell 54.42956473075125 16.718131311224358 0.0 1.0 1.0 1 0 0 0.0 1.0 0
cell 47.741876224482375 21.89276179164029 0.0 1.0 1.0 1 0 0 0.0 1.0 0
cell 35.82239358358141 51.28337640329539 0.0 1.6431676725154984 0.6085806194501846 1 0 0 0.4661298660817688 0.8847163093029269 0.9698225528322709
cell 16.19738679453031 13.904880183813576 0.0 1.0 1.0 1 0 0 0.0 1.0 0
cell 35.78714730491175 34.04303557445726 0.0 1.6431676725154984 0.6085806194501846 1 0 0 0.4071422373261784 0.9133647675408954 0.838646085127426
cell 16.839435728407544 12.270202288572952 0.0 1.0 1.0 1 0 0 0.0 1.0 0
cell 11.826854221111581 24.813290284465694 0.0 1.0 1.0 1 0 0 0.0 1.0 0
cell 43.14400904882201 23.631983131678602 0.0 1.0 1.0 1 0 0 0.0 1.0 0
cell 19.566807377329738 26.826518346183494 0.0 1.0 1.0 1 0 0 0.0 1.0 0
cell 2.1728890531348606 38.808412961055055 0.0 1.0 1.0 1 0 0 0.0 1.0 0
cell 22.334305372390116 5.649615219925527 0.0 1.0 1.0 1 0 0 0.0 1.0 0
cell 2.8508944871948336 9.628919093951529 0.0 1.0 1.0 1 0 0 0.0 1.0 0
cell 40.197409671376214 51.956500868430076 0.0 1.6431676725154984 0.6085806194501846 1 0 0 0.655064692110747 0.7555727954008483 1.4285364745130078
cell 25.4989960236562 36.455836875960856 0.0 1.0 1.0 1 0 0 0.0 1.0 0
cell 32.233200806612096 36.998970578411075 0.0 1.6431676725154984 0.6085806194501846 1 0 0 0.9053973079426921 0.4245653245027506 2.264629177812224
cell 36.76691715659198 48.50823251122231 0.0 1.6431676725154984 0.6085806194501846 1 0 0 0.5701493719263397 0.8215410480870693 1.2133753258648385
cell 27.340561157680597 29.480552897362337 0.0 1.0 1.0 1 0 0 0.0 1.0 0
cell 24.830349996457766 8.128195055818951 0.0 1.0 1.0 1 0 0 0.0 1.0 0
cell 51.565260845123525 10.262636468319373 0.0 1.0 1.0 1 0 0 0.0 1.0 0
cell 44.13674506261142 18.645993273812323 0.0 1.0 1.0 1 0 0 0.0 1.0 0
cell 51.155418074137565 17.544625304562608 0.0 1.0 1.0 1 0 0 0.0 1.0 0
cell 20.649367287026596 25.2690449564996 0.0 1.0 1.0 1 0 0 0.0 1.0 0
cell 36.702156198356896 11.648884830920792 0.0 1.0 1.0 1 0 0 0.0 1.0 0
cell 50.36494860146682 2.5538575347150037 0.0 1.6431676725154984 0.6085806194501846 1 0 0 0.6841322451493426 0.7293579855920683 1.5068265646581414
cell 41.09166690058413 9.126906173058563 0.0 1.0 1.0 1 0 0 0.0 1.0 0
cell 43.533936500685826 33.18603376494608 0.0 1.0 1.0 1 0 0 0.0 1.0 0
cell 50.188997828534426 57.833779728661675 0.0 1.6431676725154984 0.6085806194501846 1 0 0 0.8426364825572068 -0.5384828300546064 4.278863789364644
cell 58.75733300747387 22.514062922127067 0.0 1.0 1.0 1 0 0 0.0 1.0 0
cell 2.042784225941667 16.842622450443066 0.0 1.0 1.0 1 0 0 0.0 1.0 0
cell 44.34104733012121 40.64797760824613 0.0 1.0 1.0 1 0 0 0.0 1.0 0
cell 12.67838783800673 21.777443290294208 0.0 1.0 1.0 1 0 0 0.0 1.0 0
cell 3.9150774749755195 31.149364935241305 0.0 1.0 1.0 1 0 0 0.0 1.0 0
cell 55.449139788301736 18.45621042463953 0.0 1.0 1.0 1 0 0 0.0 1.0 0
cell 26.15345207552572 50.17977252480349 0.0 1.6431676725154984 0.6085806194501846 1 0 0 0.3361383974933071 0.9418126022360453 0.6856274003027956
cell 40.48104324784033 57.572980185312055 0.0 1.6431676725154984 0.6085806194501846 1 0 0 0.34896546618102675 0.9371355843276141 0.7129338891561754
cell 32.02487973076866 47.021206482258236 0.0 1.6431676725154984 0.6085806194501846 1 0 0 0.5668759868039777 0.8238031412813479 1.2054174023500168
cell 49.38080523412815 17.55823392762963 0.0 1.0 1.0 1 0 0 0.0 1.0 0
cell 57.25092551352748 48.289446443276404 0.0 1.0 1.0 1 0 0 0.0 1.0 0
cell 24.212351065257256 30.61055206578683 0.0 1.0 1.0 1 0 0 0.0 1.0 0
cell 46.89106482302335 23.391399035611027 0.0 1.0 1.0 1 0 0 0.0 1.0 0
cell 19.939360842121786 13.470619432708176 0.0 1.0 1.0 1 0 0 0.0 1.0 0
cell 0.07560815584612468 33.96747004950671 0.0 1.0 1.0 1 0 0 0.0 1.0 0
cell 20.768001549768552 49.3477166203291 0.0 1.6431676725154984 0.6085806194501846 1 0 0 0.2885545789998835 0.9574634483562283 0.5854337158122023
cell 12.092072997301745 31.370151110949273 0.0 1.0 1.0 1 0 0 0.0 1.0 0
cell 37.480216032085224 41.12647094226202 0.0 1.6431676725154984 0.6085806194501846 1 0 0 0.889081504982432 0.4577489240819401 2.190669390331579
cell 36.68263205847177 17.25816474259723 0.0 1.0 1.0 1 0 0 0.0 1.0 0
cell 27.148505629882884 4.674199178939953 0.0 1.6431676725154984 0.6085806194501846 1 0 0 0.9895153027815418 0.1444280636204531 2.8517227504068847
cell 50.50299032598919 4.9189689069213705 0.0 1.6431676725154984 0.6085806194501846 1 0 0 0.24630749172976715 -0.9691917351679133 5.785448276182329
cell 17.635989809016202 37.25266645837863 0.0 1.0 1.0 1 0 0 0.0 1.0 0
cell 23.18112594441359 1.4749993895780897 0.0 1.0 1.0 1 0 0 0.0 1.0 0
cell 47.42042506680108 11.959943962707136 0.0 1.6431676725154984 0.6085806194501846 1 0 0 0.7958404114197003 0.6055064322955803 1.8407885284857823
cell 42.24941816901615 22.15759163441385 0.0 1.0 1.0 1 0 0 0.0 1.0 0
cell 52.118160166874446 34.847757829951846 0.0 1.0 1.0 1 0 0 0.0 1.0 0
cell 49.06008651462902 45.355236516314285 0.0 1.0 1.0 1 0 0 0.0 1.0 0
cell 18.000300409211047 16.830486740074278 0.0 1.0 1.0 1 0 0 0.0 1.0 0
cell 52.376326582466135 48.78619518427905 0.0 1.6431676725154984 0.6085806194501846 1 0 0 0.7472569985876611 -0.6645351593871917 4.595335820046651
cell 31.479877046744082 26.94735182371384 0.0 1.0 1.0 1 0 0 0.0 1.0 0
cell 8.963650891527113 20.875367201184467 0.0 1.0 1.0 1 0 0 0.0 1.0 0
cell 19.744573008199886 17.4616755242001 0.0 1.0 1.0 1 0 0 0.0 1.0 0
cell 26.517007448376525 27.447323271151536 0.0 1.0 1.0 1 0 0 0.0 1.0 0
cell 56.72068477136666 15.296389573966765 0.0 1.6431676725154984 0.6085806194501846 1 0 0 0.4771142725275177 0.8788412660717164 0.9947364304540892
cell 7.365747148424216 7.373563881074924 0.0 1.0 1.0 1 0 0 0.0 1.0 0
cell 10.225359310036138 24.267418967007725 0.0 1.0 1.0 1 0 0 0.0 1.0 0
cell 35.02464023324579 12.076409243091689 0.0 1.0 1.0 1 0 0 0.0 1.0 0
cell 22.85521900570242 27.185346612067818 0.0 1.0 1.0 1 0 0 0.0 1.0 0
cell 3.0971815253599115 35.043387172942126 0.0 1.0 1.0 1 0 0 0.0 1.0 0
cell 3.4976513642470275 40.30414654305761 0.0 1.0 1.0 1 0 0 0.0 1.0 0
cell 2.212880472057515 31.583411649718226 0.0 1.0 1.0 1 0 0 0.0 1.0 0
cell 46.14595725819454 25.009768091158367 0.0 1.0 1.0 1 0 0 0.0 1.0 0
cell 55.72130385256435 23.79450989613569 0.0 1.0 1.0 1 0 0 0.0 1.0 0
cell 30.034709609799595 4.064738366569686 0.0 1.6431676725154984 0.6085806194501846 1 0 0 0.999217367997345 0.0395556758564245 3.062460657055339
cell 38.45457846056548 16.51514526004708 0.0 1.6431676725154984 0.6085806194501846 1 0 0 0.9210451745818454 0.3894557566393105 2.3415114110831605
cell 44.89819907488872 58.510362736098486 0.0 1.0 1.0 1 0 0 0.0 1.0 0
cell 32.842702514412146 9.90431753100516 0.0 1.0 1.0 1 0 0 0.0 1.0 0
cell 5.776301782672356 2.322796939038969 0.0 1.0 1.0 1 0 0 0.0 1.0 0
cell 49.89206012654657 16.008671146862273 0.0 1.0 1.0 1 0 0 0.0 1.0 0
cell 29.093794794315972 42.96648873712038 0.0 1.6431676725154984 0.6085806194501846 1 0 0 0.7017174535191767 0.7124553427595038 1.5556105122843478
cell 14.368933628711734 16.961327555368097 0.0 1.0 1.0 1 0 0 0.0 1.0 0
cell 43.78393115390626 54.75779001551066 0.0 1.6431676725154984 0.6085806194501846 1 0 0 0.762352972140292 0.6471614527062496 1.733882409605465
cell 19.973310561034463 19.445992237018267 0.0 1.0 1.0 1 0 0 0.0 1.0 0
cell 4.408284992904481 29.25679812985046 0.0 1.0 1.0 1 0 0 0.0 1.0 0
cell 4.38056377033712 0.831137228712889 0.0 1.0 1.0 1 0 0 0.0 1.0 0
cell 50.70909696655728 27.018061263849933 0.0 1.0 1.0 1 0 0 0.0 1.0 0
cell 6.056243815336084 35.990474032872065 0.0 1.0 1.0 1 0 0 0.0 1.0 0
cell 55.9745042004135 43.15592670361946 0.0 1.0 1.0 1 0 0 0.0 1.0 0
cell 36.458121047080226 8.17492739490806 0.0 1.6431676725154984 0.6085806194501846 1 0 0 0.9948983538589148 -0.100882433995327 3.343701334273864
cell 53.91701329327512 3.2983846368464937 0.0 1.6431676725154984 0.6085806194501846 1 0 0 0.859433495077216 0.5112475599348724 2.0683211098203587
cell 44.65627590865797 31.517550092699874 0.0 1.0 1.0 1 0 0 0.0 1.0 0
cell 39.74966665415314 27.294466113945077 0.0 1.0 1.0 1 0 0 0.0 1.0 0
cell 21.767668154973766 12.678259413104165 0.0 1.0 1.0 1 0 0 0.0 1.0 0
cell 32.641066987728884 40.051065783402485 0.0 1.6431676725154984 0.6085806194501846 1 0 0 0.6496898873808271 0.7601993490099082 1.4143528593221988
cell 36.334783341583616 13.59714125946249 0.0 1.0 1.0 1 0 0 0.0 1.0 0
cell 47.94787623227506 49.657965459115246 0.0 1.6431676725154984 0.6085806194501846 1 0 0 0.9867124553249148 -0.1624762459766902 3.467992112714352
cell 32.26727002926428 57.308695349663566 0.0 1.6431676725154984 0.6085806194501846 1 0 0 0.4324329926130723 0.9016660728338971 0.894378732998918
cell 40.42912036529815 16.45871828932877 0.0 1.0 1.0 1 0 0 0.0 1.0 0
cell 1.7224819990039824 18.825682145672673 0.0 1.0 1.0 1 0 0 0.0 1.0 0
cell 39.43546330139942 3.639160894855873 0.0 1.6431676725154984 0.6085806194501846 1 0 0 0.9660606965893805 0.25831517668391224 2.6190370910806493
cell 15.56110145837384 40.77557036286182 0.0 1.6431676725154984 0.6085806194501846 1 0 0 -0.23617487254587266 -0.9717105688310387 0.4768549348467861
cell 8.892404613860618 25.015388826256736 0.0 1.0 1.0 1 0 0 0.0 1.0 0
cell 40.2299669758721 0.4268879393065887 0.0 1.6431676725154984 0.6085806194501846 1 0 0 0.30636154511136693 0.9519152292494201 0.6227368450282305
cell 38.48962900896865 14.655259602303017 0.0 1.0 1.0 1 0 0 0.0 1.0 0
cell 8.574256551099717 17.832274498367504 0.0 1.0 1.0 1 0 0 0.0 1.0 0
cell 44.840970589827336 45.44178079530931 0.0 1.6431676725154984 0.6085806194501846 1 0 0 0.7701439024108077 -0.6378701823878056 4.525051868726658
cell 35.6421839557714 40.146606908025 0.0 1.6431676725154984 0.6085806194501846 1 0 0 0.8597094322266261 0.5107834102049246 2.069401065910799
cell 45.52935181303206 26.626500481039116 0.0 1.0 1.0 1 0 0 0.0 1.0 0
cell 10.036369969401585 16.78531178305795 0.0 1.0 1.0 1 0 0 0.0 1.0 0
cell 37.252597727930954 15.090904703594585 0.0 1.0 1.0 1 0 0 0.0 1.0 0
cell 3.602629744444009 42.236941438132725 0.0 1.0 1.0 1 0 0 0.0 1.0 0
cell 5.062576350613081 4.1469745609857025 0.0 1.0 1.0 1 0 0 0.0 1.0 0
cell 38.90055256320409 49.15383857020113 0.0 1.6431676725154984 0.6085806194501846 1 0 0 0.5255189354693448 0.8507819041700209 1.1066498990112439
cell 33.67664301502622 56.01389234499068 0.0 1.6431676725154984 0.6085806194501846 1 0 0 0.41870594525196836 0.908121870351472 0.8640397439916525
cell 51.221522529875735 33.03318722795458 0.0 1.0 1.0 1 0 0 0.0 1.0 0
cell 56.72146798249769 41.35416550613011 0.0 1.0 1.0 1 0 0 0.0 1.0 0
cell 5.452057793300392 56.12174949700193 0.0 1.0 1.0 1 0 0 0.0 1.0 0
cell 10.09562095761558 55.95389626637384 0.0 1.6431676725154984 0.6085806194501846 1 0 0 0.07195373903720137 0.9974079704105869 0.14403194461278213
cell 31.34857202008587 21.707274108661363 0.0 1.0 1.0 1 0 0 0.0 1.0 0
cell 20.781113907252422 0.7639970941036278 0.0 1.6431676725154984 0.6085806194501846 1 0 0 0.04082999764096288 -0.9991661079583509 6.201502605783639
cell 26.008042454107418 25.504296840179567 0.0 1.0 1.0 1 0 0 0.0 1.0 0
cell 34.12506786906893 58.66659236778835 0.0 1.6431676725154984 0.6085806194501846 1 0 0 0.4128549885372553 0.9107967712063448 0.8511728979423228
cell 10.477135993644938 33.84974947263573 0.0 1.0 1.0 1 0 0 0.0 1.0 0
cell 41.345586676419515 42.090645741240685 0.0 1.0 1.0 1 0 0 0.0 1.0 0
cell 3.458738366201325 17.701623300372155 0.0 1.0 1.0 1 0 0 0.0 1.0 0
cell 54.037525199091185 43.312657424434434 0.0 1.0 1.0 1 0 0 0.0 1.0 0
cell 2.4669992630327195 24.262458456795446 0.0 1.0 1.0 1 0 0 0.0 1.0 0
cell 38.13118691966318 11.343383672547274 0.0 1.6431676725154984 0.6085806194501846 1 0 0 0.5788625918777014 0.8154251036880271 1.2346662674167477
cell 57.615786096457775 23.839598497319724 0.0 1.0 1.0 1 0 0 0.0 1.0 0
cell 27.67661021271058 15.602835229010255 0.0 1.0 1.0 1 0 0 0.0 1.0 0
cell 0.8299244445623732 15.262537633561001 0.0 1.0 1.0 1 0 0 0.0 1.0 0
cell 56.57714119791063 51.85532647212644 0.0 1.0 1.0 1 0 0 0.0 1.0 0
cell 45.005431188337965 56.87673122981454 0.0 1.6431676725154984 0.6085806194501846 1 0 0 -0.44718828242846 -0.8944398470879324 0.9272386166534803
cell 48.5116166825484 30.012919495319032 0.0 1.6431676725154984 0.6085806194501846 1 0 0 0.9999818298948813 0.006028256803159594 3.129536066960237
cell 46.53961971142829 28.376561940992524 0.0 1.0 1.0 1 0 0 0.0 1.0 0
cell 56.59222407003364 25.53775747975718 0.0 1.0 1.0 1 0 0 0.0 1.0 0
cell 49.437714357810954 33.034487835024905 0.0 1.0 1.0 1 0 0 0.0 1.0 0
cell 10.623933152092526 29.951326898112203 0.0 1.0 1.0 1 0 0 0.0 1.0 0
cell 33.68090545344845 1.589506923640706 0.0 1.6431676725154984 0.6085806194501846 1 0 0 -0.12744035190838213 -0.9918462364224949 0.2555757168010837
cell 31.068406719710048 35.655477436501705 0.0 1.0 1.0 1 0 0 0.0 1.0 0
cell 2.4166119990297057 15.206615005882337 0.0 1.0 1.0 1 0 0 0.0 1.0 0
cell 29.192331330073074 29.98511824097122 0.0 1.0 1.0 1 0 0 0.0 1.0 0
cell 39.367780183807795 2.398558985066222 0.0 1.0 1.0 1 0 0 0.0 1.0 0
cell 3.592016127840298 14.22577765951234 0.0 1.6431676725154984 0.6085806194501846 1 0 0 0.9990459820343278 -0.043670651255340844 3.2289617417612186
cell 7.183280753846416 25.252291822592383 0.0 1.0 1.0 1 0 0 0.0 1.0 0
cell 2.4354865605576124 1.1736148843381033 0.0 1.0 1.0 1 0 0 0.0 1.0 0
cell 26.09331014505902 57.34744977685099 0.0 1.6431676725154984 0.6085806194501846 1 0 0 0.11072078152338097 0.9938515525665046 0.22189652276533878
cell 35.186631814136035 27.945394281716236 0.0 1.0 1.0 1 0 0 0.0 1.0 0
cell 7.882844033653498 28.48292723652001 0.0 1.0 1.0 1 0 0 0.0 1.0 0
cell 53.7678653826898 55.09427584680453 0.0 1.6431676725154984 0.6085806194501846 1 0 0 0.8899435532700323 -0.4560706874960386 4.08874253303805
cell 29.953474276055694 57.25895779448519 0.0 1.6431676725154984 0.6085806194501846 1 0 0 0.34594542525728106 0.938254636409306 0.7064924813258593
cell 49.25534540579836 54.64556708262642 0.0 1.6431676725154984 0.6085806194501846 1 0 0 0.84187950406707 -0.5396655451590219 4.281672227917828
cell 21.17004262804508 28.009636961505027 0.0 1.0 1.0 1 0 0 0.0 1.0 0
cell 29.4285555223604 51.19382051370238 0.0 1.6431676725154984 0.6085806194501846 1 0 0 0.5205219530984201 0.8538482864904081 1.094924263539085
cell 45.39067840234058 29.845663572597655 0.0 1.6431676725154984 0.6085806194501846 1 0 0 0.9997908706040703 -0.020450307008821184 3.1824961190195302
cell 18.439928818033312 4.474770990187754 0.0 1.6431676725154984 0.6085806194501846 1 0 0 0.9999586561097605 -0.009093188173665315 3.159779280573118
cell 20.041963535692574 58.65151978861137 0.0 1.6431676725154984 0.6085806194501846 1 0 0 -0.16507545779619495 -0.986280940317401 0.33166903645122847
cell 23.12766208961299 7.370949024908706 0.0 1.0 1.0 1 0 0 0.0 1.0 0
cell 15.954179153163706 38.280183546702304 0.0 1.0 1.0 1 0 0 0.0 1.0 0
cell 3.6240018947084596 19.290584983784587 0.0 1.0 1.0 1 0 0 0.0 1.0 0
cell 1.7746154706754782 33.542017661051176 0.0 1.0 1.0 1 0 0 0.0 1.0 0
cell 50.292570636829836 34.834604439123915 0.0 1.0 1.0 1 0 0 0.0 1.0 0
cell 38.066178499334534 6.483517091641451 0.0 1.6431676725154984 0.6085806194501846 1 0 0 0.9982176294615898 0.0596788424157527 3.022164004955201
cell 27.18854841540914 38.02578416129115 0.0 1.6431676725154984 0.6085806194501846 1 0 0 0.04995004846140127 -0.9987517172244079 6.183243621633542
cell 58.64212267959822 35.84299198801222 0.0 1.0 1.0 1 0 0 0.0 1.0 0
cell 9.65550516615429 19.319367787140806 0.0 1.0 1.0 1 0 0 0.0 1.0 0
cell 15.77668202578756 22.198773549592676 0.0 1.6431676725154984 0.6085806194501846 1 0 0 0.8013911940161279 -0.5981405805940648 4.42395036313298
cell 55.09194229038861 29.227669325710746 0.0 1.0 1.0 1 0 0 0.0 1.0 0
cell 29.691989623693107 37.2590372024825 0.0 1.6431676725154984 0.6085806194501846 1 0 0 0.15773098250968146 0.9874821199173839 0.31678489653190295
cell 20.396839361177175 33.415736220209105 0.0 1.0 1.0 1 0 0 0.0 1.0 0
cell 25.7011328013354 46.040497721081714 0.0 1.6431676725154984 0.6085806194501846 1 0 0 -0.4031217806541739 0.915146343467649 5.453334246963505
cell 39.49748502543608 21.00454172825723 0.0 1.0 1.0 1 0 0 0.0 1.0 0
cell 42.038283509816445 1.2457842533258678 0.0 1.6431676725154984 0.6085806194501846 1 0 0 0.47249094965631655 0.8813355220872878 0.9842299579906244
cell 1.8629510162729672 26.15673782318707 0.0 1.0 1.0 1 0 0 0.0 1.0 0
cell 23.860013672671975 9.635993860806446 0.0 1.0 1.0 1 0 0 0.0 1.0 0
cell 40.332139975794966 5.516643175117116 0.0 1.6431676725154984 0.6085806194501846 1 0 0 0.9954042857386342 0.09576172478166621 2.949775267934059
cell 9.858449072284236 45.1659824779379 0.0 1.6431676725154984 0.6085806194501846 1 0 0 0.13900465469160303 0.9902917277116214 0.2789124810110831
cell 34.3903072294564 21.29158561139058 0.0 1.0 1.0 1 0 0 0.0 1.0 0
cell 30.73085488406029 33.651841751226826 0.0 1.0 1.0 1 0 0 0.0 1.0 0
cell 45.09879519159495 23.327993410031944 0.0 1.0 1.0 1 0 0 0.0 1.0 0
cell 40.640048806275004 55.49306515647019 0.0 1.6431676725154984 0.6085806194501846 1 0 0 0.35400182150457604 0.9352447328755411 0.7236931203468672
cell 17.30937775334643 2.955979600172921 0.0 1.0 1.0 1 0 0 0.0 1.0 0
cell 44.24503514926614 15.233679138245654 0.0 1.0 1.0 1 0 0 0.0 1.0 0
cell 37.53447975426908 58.58129321762392 0.0 1.6431676725154984 0.6085806194501846 1 0 0 0.014800484102021482 0.9998904668364159 0.029602049013961105
cell 23.286594056934447 36.183106837619725 0.0 1.0 1.0 1 0 0 0.0 1.0 0
cell 22.872239531568507 17.616759133664992 0.0 1.0 1.0 1 0 0 0.0 1.0 0
cell 18.004517071683104 33.32565780972167 0.0 1.0 1.0 1 0 0 0.0 1.0 0
cell 58.19695523220871 30.561166829048624 0.0 1.0 1.0 1 0 0 0.0 1.0 0
cell 52.213408397941954 7.91890518327388 0.0 1.0 1.0 1 0 0 0.0 1.0 0
cell 4.402917758884841 47.58650842863121 0.0 1.0 1.0 1 0 0 0.0 1.0 0
cell 28.942249315630907 18.788945392001168 0.0 1.0 1.0 1 0 0 0.0 1.0 0
cell 32.83095414704375 59.06394083111528 0.0 1.6431676725154984 0.6085806194501846 1 0 0 0.3113133474289601 0.9503073185620405 0.6331494881505152
cell 54.29627118265123 31.0043494081671 0.0 1.0 1.0 1 0 0 0.0 1.0 0
cell 39.394707647633425 42.91417714705784 0.0 1.6431676725154984 0.6085806194501846 1 0 0 0.9904280059457419 -0.13803030478246944 3.418537466355874
cell 36.73754520247007 54.25914432460523 0.0 1.6431676725154984 0.6085806194501846 1 0 0 0.3520444302083801 0.9359832900000176 0.7195089363600239
cell 5.807714728856215 11.069357180671439 0.0 1.0 1.0 1 0 0 0.0 1.0 0
cell 9.710917782407943 28.10363510693662 0.0 1.0 1.0 1 0 0 0.0 1.0 0
cell 21.45021434293177 18.52902847615524 0.0 1.0 1.0 1 0 0 0.0 1.0 0
cell 7.281429453492323 56.64768054481575 0.0 1.6431676725154984 0.6085806194501846 1 0 0 0.49951838671695714 -0.8663032848441061 5.237099815775789
cell 21.04258729045328 42.94961950955794 0.0 1.6431676725154984 0.6085806194501846 1 0 0 0.6118992832876675 0.7909356908826651 1.3169193574791171
cell 37.74069290336842 13.026568669294662 0.0 1.0 1.0 1 0 0 0.0 1.0 0
cell 39.3202510491255 53.4201603886502 0.0 1.6431676725154984 0.6085806194501846 1 0 0 0.6226780208543482 0.782478167327953 1.3443210964432661
cell 45.51413390314345 33.055277766955236 0.0 1.0 1.0 1 0 0 0.0 1.0 0
cell 43.470505137924896 28.712137407793424 0.0 1.0 1.0 1 0 0 0.0 1.0 0
cell 57.44087510828478 6.792118207037386 0.0 1.0 1.0 1 0 0 0.0 1.0 0
cell 4.869186514299084 27.3448447684081 0.0 1.0 1.0 1 0 0 0.0 1.0 0
cell 23.44743351425658 48.68402539113231 0.0 1.6431676725154984 0.6085806194501846 1 0 0 0.03830627287764931 0.9992660453844227 0.07663129463693476
cell 6.732126099862148 12.732527630777119 0.0 1.0 1.0 1 0 0 0.0 1.0 0
cell 44.525655736913315 3.261746262985568 0.0 1.6431676725154984 0.6085806194501846 1 0 0 0.9092815417607875 0.4161815442966269 2.2831089668059654
cell 13.065051578590559 52.34444022235344 0.0 1.6431676725154984 0.6085806194501846 1 0 0 0.11650369065427785 0.9931902587439791 0.23353773287205914
cell 28.2802824003245 22.378834826058153 0.0 1.0 1.0 1 0 0 0.0 1.0 0
cell 18.61018778125264 11.966762472721117 0.0 1.0 1.0 1 0 0 0.0 1.0 0
cell 52.83676712720011 41.75355247459725 0.0 1.0 1.0 1 0 0 0.0 1.0 0
cell 24.314900277893045 16.561447145080376 0.0 1.0 1.0 1 0 0 0.0 1.0 0
cell 7.362357586459713 37.325700286883425 0.0 1.0 1.0 1 0 0 0.0 1.0 0
cell 54.85718029015633 25.64047149559907 0.0 1.0 1.0 1 0 0 0.0 1.0 0
cell 39.32684654073958 13.697598502226644 0.0 1.6431676725154984 0.6085806194501846 1 0 0 -0.6428776248104126 -0.7659689024484757 1.396498425980937
cell 47.21430621985365 0.14194507481034563 0.0 1.6431676725154984 0.6085806194501846 1 0 0 0.4147841117835589 0.9099198539497444 0.8554110588900624
cell 29.880513137971832 13.493888259995916 0.0 1.0 1.0 1 0 0 0.0 1.0 0
cell 42.85862698997701 42.12609534590313 0.0 1.6431676725154984 0.6085806194501846 1 0 0 0.6680150867378646 -0.7441477298833904 4.820108869964229
cell 6.070164272730787 38.455556759735124 0.0 1.0 1.0 1 0 0 0.0 1.0 0
cell 5.769862404327267 15.292893043785632 0.0 1.0 1.0 1 0 0 0.0 1.0 0
cell 20.79255516253528 35.59762810133494 0.0 1.0 1.0 1 0 0 0.0 1.0 0
cell 27.89614017639889 8.878008199660995 0.0 1.0 1.0 1 0 0 0.0 1.0 0
cell 12.238897433021602 12.22323359844332 0.0 1.6431676725154984 0.6085806194501846 1 0 0 0.9912520537664602 -0.13198244543792484 3.4063299648706176
cell 53.26246967232444 29.310258400862473 0.0 1.0 1.0 1 0 0 0.0 1.0 0
cell 40.10560297760449 58.39541361632555 0.0 1.6431676725154984 0.6085806194501846 1 0 0 0.27815600242354976 0.960535912038561 0.5637476299678967
cell 15.605462271935096 45.655319609683175 0.0 1.6431676725154984 0.6085806194501846 1 0 0 0.4044198398556561 0.9145734487350513 0.8326887821213619
cell 51.69228574916001 40.086889505414966 0.0 1.0 1.0 1 0 0 0.0 1.0 0
cell 27.294704078293034 10.656487538455563 0.0 1.0 1.0 1 0 0 0.0 1.0 0
cell 33.005822848284616 11.827875535975485 0.0 1.0 1.0 1 0 0 0.0 1.0 0
cell 3.5869681969190705 49.42458104107033 0.0 1.0 1.0 1 0 0 0.0 1.0 0
cell 57.44745897492884 39.59209894052261 0.0 1.0 1.0 1 0 0 0.0 1.0 0
cell 47.400753996380594 17.266490723911637 0.0 1.0 1.0 1 0 0 0.0 1.0 0
cell 50.048730165543994 48.97314475087677 0.0 1.0 1.0 1 0 0 0.0 1.0 0
cell 19.744866876085176 45.06662124642046 0.0 1.6431676725154984 0.6085806194501846 1 0 0 0.4727068537813088 0.8812197401262505 0.9847199378024146
cell 12.837612805651423 3.3632345966671546 0.0 1.0 1.0 1 0 0 0.0 1.0 0
cell 22.942728340489417 38.766484829663106 0.0 1.6431676725154984 0.6085806194501846 1 0 0 0.8417876596823104 0.5398087957847472 2.001172749228688
cell 6.151587481682759 28.891632499049496 0.0 1.0 1.0 1 0 0 0.0 1.0 0
cell 16.15198920985195 20.569716761269728 0.0 1.6431676725154984 0.6085806194501846 1 0 0 0.8744210373925497 -0.4851678568962881 4.154702895446197
cell 8.13704150515162 5.50117845183314 0.0 1.0 1.0 1 0 0 0.0 1.0 0
cell 15.70539534021412 10.635493864281223 0.0 1.0 1.0 1 0 0 0.0 1.0 0
cell 30.04254739539828 5.217281407558005 0.0 1.0 1.0 1 0 0 0.0 1.0 0
cell 32.79536823826915 52.71555981847063 0.0 1.6431676725154984 0.6085806194501846 1 0 0 0.3042207089749947 0.9526015747576484 0.6182405124567893
cell 5.470728003580578 45.78261144674274 0.0 1.0 1.0 1 0 0 0.0 1.0 0
cell 5.539700880651462 19.217770954331762 0.0 1.0 1.0 1 0 0 0.0 1.0 0
cell 46.470860512874935 53.01986795653266 0.0 1.6431676725154984 0.6085806194501846 1 0 0 0.9560110270978525 -0.2933307281334659 3.7370105929198045
cell 20.32106330329902 23.4275252978574 0.0 1.0 1.0 1 0 0 0.0 1.0 0
cell 43.04441843352527 30.369866228841538 0.0 1.6431676725154984 0.6085806194501846 1 0 0 0.999810155365307 -0.019484692155654317 3.180564504131226
cell 37.66942741829689 53.72098976221446 0.0 1.6431676725154984 0.6085806194501846 1 0 0 0.30407972963719243 0.952646586108286 0.6179445314073058
cell 47.304030820213505 36.179963454093915 0.0 1.0 1.0 1 0 0 0.0 1.0 0
cell 50.40248614913675 31.247875433264824 0.0 1.0 1.0 1 0 0 0.0 1.0 0
cell 33.768661919413795 29.330795209672573 0.0 1.0 1.0 1 0 0 0.0 1.0 0
cell 56.05902103936133 55.48437636464106 0.0 1.6431676725154984 0.6085806194501846 1 0 0 0.936108005588557 -0.35171266948037866 3.86039273408299
cell 29.667097249023413 26.490438107668343 0.0 1.0 1.0 1 0 0 0.0 1.0 0
cell 30.78340514880836 19.593627669006718 0.0 1.0 1.0 1 0 0 0.0 1.0 0
cell 56.17697943318132 49.97071368880816 0.0 1.0 1.0 1 0 0 0.0 1.0 0
cell 7.884794039912214 2.0011625598110694 0.0 1.0 1.0 1 0 0 0.0 1.0 0
cell 36.88753568650143 28.39935570940819 0.0 1.0 1.0 1 0 0 0.0 1.0 0
cell 35.09024831704763 51.94954084677589 0.0 1.6431676725154984 0.6085806194501846 1 0 0 0.41003028018297677 0.9120719101765329 0.8449745225526046
cell 0.5099287851182116 43.0038899249647 0.0 1.0 1.0 1 0 0 0.0 1.0 0
cell 7.677299704284909 19.594379035314507 0.0 1.0 1.0 1 0 0 0.0 1.0 0
cell 12.561618671069043 14.511722442932523 0.0 1.0 1.0 1 0 0 0.0 1.0 0
cell 22.10676520184676 8.747741102486913 0.0 1.0 1.0 1 0 0 0.0 1.0 0
cell 9.911355915550775 1.8590360617066055 0.0 1.0 1.0 1 0 0 0.0 1.0 0
cell 7.496938225165403 21.9142486015394 0.0 1.0 1.0 1 0 0 0.0 1.0 0
cell 52.20073659065886 13.637055608335706 0.0 1.0 1.0 1 0 0 0.0 1.0 0
cell 45.968114377538896 56.29767730550394 0.0 1.6431676725154984 0.6085806194501846 1 0 0 0.520109616780514 0.8540995179324403 1.0939585752227854
cell 35.377087680814384 54.442061827161226 0.0 1.6431676725154984 0.6085806194501846 1 0 0 0.25500225306787444 0.9669404588341041 0.5157000666125423
cell 39.08307416579224 55.46438621768447 0.0 1.6431676725154984 0.6085806194501846 1 0 0 0.33658105790830795 0.9416544968603529 0.6865674972273723
cell 12.112704953548382 58.513999052204035 0.0 1.6431676725154984 0.6085806194501846 1 0 0 0.9154071390840886 -0.40252921597554164 3.970148882131012
cell 47.2217455277466 26.708165989170915 0.0 1.0 1.0 1 0 0 0.0 1.0 0
cell 13.292299359648315 28.26409402483975 0.0 1.0 1.0 1 0 0 0.0 1.0 0
cell 48.53652518092407 20.45162666196194 0.0 1.0 1.0 1 0 0 0.0 1.0 0
cell 12.623665985563738 20.270537071972615 0.0 1.0 1.0 1 0 0 0.0 1.0 0
cell 18.178468006391377 13.821863076360913 0.0 1.0 1.0 1 0 0 0.0 1.0 0
cell 14.37959491301554 36.71041740746464 0.0 1.0 1.0 1 0 0 0.0 1.0 0
cell 54.02766510005278 23.78444635347438 0.0 1.0 1.0 1 0 0 0.0 1.0 0
cell 3.13528310224666 27.696804883217876 0.0 1.0 1.0 1 0 0 0.0 1.0 0
cell 10.524833799283224 31.90522626695689 0.0 1.0 1.0 1 0 0 0.0 1.0 0
cell 52.67941841806404 16.909540418978175 0.0 1.0 1.0 1 0 0 0.0 1.0 0
cell 52.35480704272763 31.107071043041575 0.0 1.0 1.0 1 0 0 0.0 1.0 0
cell 24.257898760661334 54.053764491509654 0.0 1.6431676725154984 0.6085806194501846 1 0 0 0.25148259593560607 0.9678618206859327 0.5084235540984217
cell 57.13878658614382 19.14004866267856 0.0 1.0 1.0 1 0 0 0.0 1.0 0
cell 47.62275340189429 57.55104457853444 0.0 1.6431676725154984 0.6085806194501846 1 0 0 0.5527228063513212 0.8333651656621602 1.1712559082151885
cell 30.510573350780295 45.04045787335663 0.0 1.6431676725154984 0.6085806194501846 1 0 0 0.5907194714103321 0.8068770080357339 1.2639004484860112
cell 21.739844449787196 58.17829035164175 0.0 1.0 1.0 1 0 0 0.0 1.0 0
cell 49.11333514998185 1.1348442815484163 0.0 1.6431676725154984 0.6085806194501846 1 0 0 -0.6178637340753314 -0.7862851938797324 1.332045767264031
cell 45.04698794172351 20.080877686137896 0.0 1.0 1.0 1 0 0 0.0 1.0 0
cell 58.19524657769558 4.982730377622623 0.0 1.0 1.0 1 0 0 0.0 1.0 0
cell 1.7532805889988075 40.55870237685318 0.0 1.0 1.0 1 0 0 0.0 1.0 0
cell 8.712790549062397 54.17891891311857 0.0 1.6431676725154984 0.6085806194501846 1 0 0 0.0863627812845227 0.9962637552419549 0.17294099956616674
cell 2.9484706673506746 46.234521375956184 0.0 1.0 1.0 1 0 0 0.0 1.0 0
cell 48.90600235022175 26.849464563048535 0.0 1.0 1.0 1 0 0 0.0 1.0 0
cell 52.91147316352773 33.01496559719843 0.0 1.0 1.0 1 0 0 0.0 1.0 0
cell 23.76419540103147 58.615059671303506 0.0 1.6431676725154984 0.6085806194501846 1 0 0 0.2440722053030663 -0.9697570616388921 5.790059610819182
cell 9.005782909959448 3.67738160730104 0.0 1.0 1.0 1 0 0 0.0 1.0 0
cell 38.544085143353826 50.42217106790213 0.0 1.6431676725154984 0.6085806194501846 1 0 0 0.4980606324519018 0.8671422065622291 1.0427216615547799
cell 9.222899261177377 7.1619510143980225 0.0 1.0 1.0 1 0 0 0.0 1.0 0
cell 38.180221400367365 0.30878056230340334 0.0 1.6431676725154984 0.6085806194501846 1 0 0 0.055430895445549924 0.9984625260019049 0.11091864156216684
cell 2.9168056060013403 51.33452393066021 0.0 1.0 1.0 1 0 0 0.0 1.0 0
cell 14.301809486676818 20.485779740904928 0.0 1.0 1.0 1 0 0 0.0 1.0 0
cell 54.29026285331374 5.174815217432701 0.0 1.6431676725154984 0.6085806194501846 1 0 0 0.6067339943572109 -0.7949049377701362 4.9792944232336716
cell 55.62516829652362 53.35539088433934 0.0 1.6431676725154984 0.6085806194501846 1 0 0 0.9335438091831585 -0.35846332634705963 3.874835268201799
cell 45.80522136909864 18.236662229118572 0.0 1.0 1.0 1 0 0 0.0 1.0 0
cell 42.35412649284883 25.435912873869565 0.0 1.0 1.0 1 0 0 0.0 1.0 0
cell 45.1030554984545 8.96841104016799 0.0 1.0 1.0 1 0 0 0.0 1.0 0
cell 4.827801297237838 50.86128972762581 0.0 1.0 1.0 1 0 0 0.0 1.0 0
cell 41.300702586156405 57.01677796826076 0.0 1.6431676725154984 0.6085806194501846 1 0 0 0.33806472649774216 0.941122861638164 0.689719581621481
cell 40.859502598874414 44.43823095750665 0.0 1.6431676725154984 0.6085806194501846 1 0 0 0.9701716016888877 -0.24241918916706678 3.6313099447502006
cell 52.187236042392065 38.36233206715908 0.0 1.0 1.0 1 0 0 0.0 1.0 0
cell 35.824750424479646 24.628406841130406 0.0 1.0 1.0 1 0 0 0.0 1.0 0
cell 15.638485719043247 35.408462572361344 0.0 1.0 1.0 1 0 0 0.0 1.0 0
cell 22.09627469854666 24.31662565945342 0.0 1.0 1.0 1 0 0 0.0 1.0 0
cell 51.44217741731901 22.12600585610973 0.0 1.0 1.0 1 0 0 0.0 1.0 0
cell 20.52535257389661 55.464432202594374 0.0 1.6431676725154984 0.6085806194501846 1 0 0 -0.04703371910184912 0.9988933022437624 6.189083152199412
cell 30.812858129773247 25.06099079514874 0.0 1.0 1.0 1 0 0 0.0 1.0 0
cell 23.511543704106316 52.43695549084453 0.0 1.6431676725154984 0.6085806194501846 1 0 0 0.047193531226185685 0.9988857645448768 0.0944221345547976
cell 32.18170905554847 50.72156129368874 0.0 1.6431676725154984 0.6085806194501846 1 0 0 0.44290209505422296 0.8965699828772877 0.9176659630144874
cell 14.409924118098646 27.04325186108848 0.0 1.0 1.0 1 0 0 0.0 1.0 0
cell 7.038242766576137 47.6358595948658 0.0 1.6431676725154984 0.6085806194501846 1 0 0 0.12612408284286858 -0.9920144735471581 6.03026354459162
cell 48.14908578714598 28.505048521624552 0.0 1.0 1.0 1 0 0 0.0 1.0 0
cell 7.193144424428573 50.87391762631301 0.0 1.6431676725154984 0.6085806194501846 1 0 0 0.9969016792777321 -0.07865775138686396 3.29907082928059
cell 37.63990604241536 3.7525813423137566 0.0 1.0 1.0 1 0 0 0.0 1.0 0
cell 48.649369294415884 10.009140799639244 0.0 1.6431676725154984 0.6085806194501846 1 0 0 0.7804193007136826 0.6252565194170843 1.7906722855346904
cell 12.477114341620302 10.082118259777346 0.0 1.0 1.0 1 0 0 0.0 1.0 0
cell 35.552604244388554 29.914616558559914 0.0 1.0 1.0 1 0 0 0.0 1.0 0
cell 17.966472755316758 1.1197189012573232 0.0 1.0 1.0 1 0 0 0.0 1.0 0
cell 55.828729341594084 12.6198870608846 0.0 1.0 1.0 1 0 0 0.0 1.0 0
cell 27.01594755923795 23.84093326659896 0.0 1.0 1.0 1 0 0 0.0 1.0 0
cell 52.50521784877005 46.12507892020972 0.0 1.6431676725154984 0.6085806194501846 1 0 0 0.8061853588423643 -0.5916630520728908 4.407832950985081
cell 17.46574629540722 57.93722940019899 0.0 1.6431676725154984 0.6085806194501846 1 0 0 0.11674401817976368 -0.9931620382491686 6.049163616804768
cell 14.690644504364695 3.09237535234991 0.0 1.0 1.0 1 0 0 0.0 1.0 0
cell 38.17265877290946 26.86481842142639 0.0 1.0 1.0 1 0 0 0.0 1.0 0
cell 25.935895567860918 16.053568066455068 0.0 1.0 1.0 1 0 0 0.0 1.0 0
cell 5.236432864921611 32.62652844966594 0.0 1.0 1.0 1 0 0 0.0 1.0 0
cell 24.64725020878579 26.91788230390285 0.0 1.0 1.0 1 0 0 0.0 1.0 0
cell 14.024997742097185 4.9695418061122 0.0 1.0 1.0 1 0 0 0.0 1.0 0
cell 50.73539072010486 55.034123864814454 0.0 1.6431676725154984 0.6085806194501846 1 0 0 0.8424469474543517 -0.5387793061401346 4.279567555308072
cell 54.94286444767949 36.465785371622395 0.0 1.0 1.0 1 0 0 0.0 1.0 0
cell 28.040998014388194 45.787215741374716 0.0 1.6431676725154984 0.6085806194501846 1 0 0 0.40810922834708235 0.9129331069349763 0.8407640111110304
cell 37.30407174112278 46.9909659815424 0.0 1.6431676725154984 0.6085806194501846 1 0 0 0.6050752928698556 0.7961682548045096 1.299720866138575
cell 0.28560075935928886 26.74915661892134 0.0 1.0 1.0 1 0 0 0.0 1.0 0
cell 25.768998831943804 3.8428556856597433 0.0 1.0 1.0 1 0 0 0.0 1.0 0
cell 31.58115978073978 53.64341388024041 0.0 1.6431676725154984 0.6085806194501846 1 0 0 0.4694705013163151 0.8829481572514933 0.9773819767402908
cell 19.174022113117235 6.922086996335926 0.0 1.0 1.0 1 0 0 0.0 1.0 0
cell 35.7916581148743 31.914456268131982 0.0 1.0 1.0 1 0 0 0.0 1.0 0
cell 17.843597772929257 47.821943418873154 0.0 1.6431676725154984 0.6085806194501846 1 0 0 0.22963832273807147 0.9732760352181931 0.4634121169157746
cell 34.386338048514986 52.67836059660778 0.0 1.6431676725154984 0.6085806194501846 1 0 0 0.3738826856378559 0.9274760036681403 0.7663835975516609
cell 9.441478906863798 22.49990856323843 0.0 1.0 1.0 1 0 0 0.0 1.0 0
cell 56.059961708207254 16.628307958981512 0.0 1.0 1.0 1 0 0 0.0 1.0 0
cell 53.410102621502986 44.95020647973925 0.0 1.0 1.0 1 0 0 0.0 1.0 0
cell 41.08047418256745 27.07161758258286 0.0 1.6431676725154984 0.6085806194501846 1 0 0 0.7047184133015568 0.7094871090821426 1.564052359767044
cell 19.229423619481494 34.71225635614436 0.0 1.0 1.0 1 0 0 0.0 1.0 0
cell 18.095471004041162 21.81700343117522 0.0 1.0 1.0 1 0 0 0.0 1.0 0
cell 47.31080493529226 46.16833897875224 0.0 1.0 1.0 1 0 0 0.0 1.0 0
cell 12.420391775917848 26.56366563195329 0.0 1.0 1.0 1 0 0 0.0 1.0 0
cell 34.732374124355566 44.16725296301085 0.0 1.6431676725154984 0.6085806194501846 1 0 0 0.6468831055979257 0.7625891736000341 1.4069801255178405
cell 57.779874805209 53.46137363223606 0.0 1.0 1.0 1 0 0 0.0 1.0 0
cell 27.721131652609557 5.891205818046784 0.0 1.6431676725154984 0.6085806194501846 1 0 0 0.9373543742893563 0.3483773485756635 2.429913756669478
cell 11.315720954559294 27.994862371794873 0.0 1.0 1.0 1 0 0 0.0 1.0 0
cell 48.282045501495666 18.82040974992336 0.0 1.0 1.0 1 0 0 0.0 1.0 0
cell 46.41567259183046 40.33357364966613 0.0 1.6431676725154984 0.6085806194501846 1 0 0 -0.47428719011394294 0.8803701842371882 5.294876938524282
cell 25.58844525856188 17.871232464745358 0.0 1.6431676725154984 0.6085806194501846 1 0 0 0.982879348265563 -0.1842503371857488 3.5122108268415664
cell 51.45058987864341 29.337978163805182 0.0 1.0 1.0 1 0 0 0.0 1.0 0
cell 50.47430684885823 6.6965826671096735 0.0 1.0 1.0 1 0 0 0.0 1.0 0
cell 21.567743933965584 47.41153129156989 0.0 1.6431676725154984 0.6085806194501846 1 0 0 0.2099577227537013 0.9777104656574358 0.42306343697542453
cell 22.284755037476657 10.753580658608069 0.0 1.0 1.0 1 0 0 0.0 1.0 0
cell 41.49091081320106 51.30165327935942 0.0 1.6431676725154984 0.6085806194501846 1 0 0 0.5603763530541234 0.8282380955605462 1.1896802643904836
cell 3.5188223769929636 56.67683933934126 0.0 1.0 1.0 1 0 0 0.0 1.0 0
cell 6.59361166304757 9.218966014669581 0.0 1.0 1.0 1 0 0 0.0 1.0 0
cell 35.19375618093672 16.8661562812071 0.0 1.0 1.0 1 0 0 0.0 1.0 0
cell 35.38513317821939 56.73247558063786 0.0 1.6431676725154984 0.6085806194501846 1 0 0 0.38965253527679977 0.9209619437047126 0.8005085560273835
cell 4.076091005233154 38.42539815326467 0.0 1.0 1.0 1 0 0 0.0 1.0 0
cell 33.790462889029214 39.76747157422131 0.0 1.6431676725154984 0.6085806194501846 1 0 0 0.6907059848217323 0.7231357013254434 1.524929761521698
cell 37.76454892583247 36.37800424127229 0.0 1.6431676725154984 0.6085806194501846 1 0 0 0.5921757932157647 0.8058088048223846 1.2675126124870897
cell 43.84068495769721 26.763602285185293 0.0 1.0 1.0 1 0 0 0.0 1.0 0
cell 36.274599144930676 50.087879254456645 0.0 1.6431676725154984 0.6085806194501846 1 0 0 0.5209791438669468 0.8535694064665528 1.0959953330482877
cell 6.25899438408137 23.621846068907207 0.0 1.0 1.0 1 0 0 0.0 1.0 0
cell 36.438634876367274 26.451243102648103 0.0 1.0 1.0 1 0 0 0.0 1.0 0
cell 26.75621505242062 12.304535850581841 0.0 1.0 1.0 1 0 0 0.0 1.0 0
cell 5.289716441681478 17.231896036807917 0.0 1.0 1.0 1 0 0 0.0 1.0 0
