1000
 Lattice="59.74940712514713 0.0 0.0 0.0 59.74940712514713 0.0 0.0 0.0 1.0"Properties=species:S:1:pos:R:3:aspherical_shape:R:3:orientation:R:4:Color:R:1
cell 33.698340643376525 35.265540897431016 0.0 1.0 1.0 1 0 0 0.0 1.0 0
cell 30.020584552447666 2.152289102245556 0.0 1.0 1.0 1 0 0 0.0 1.0 0
cell 47.40465907964389 13.85314597723414 0.0 1.0 1.0 1 0 0 0.0 1.0 0
cell 53.574574875886334 45.82488786769272 0.0 1.0 1.0 1 0 0 0.0 1.0 0
cell 42.575095606600584 33.90688717797721 0.0 1.0 1.0 1 0 0 0.0 1.0 0
cell 44.87422298784845 11.55010286853501 0.0 1.0 1.0 1 0 0 0.0 1.0 0
cell 39.73256115287496 32.157931963541195 0.0 1.0 1.0 1 0 0 0.0 1.0 0
cell 42.50767817279753 15.597869766837407 0.0 1.0 1.0 1 0 0 0.0 1.0 0
cell 29.49794149845606 38.174349371389894 0.0 1.0 1.0 1 0 0 0.0 1.0 0
cell 48.98057296197258 52.73056644916999 0.0 1.0 1.0 1 0 0 0.0 1.0 0
cell 30.151795341152756 52.974921541844424 0.0 1.0 1.0 1 0 0 0.0 1.0 0
cell 5.88685389865947 55.796569723028185 0.0 1.0 1.0 1 0 0 0.0 1.0 0
cell 59.35588197188124 21.54089827049358 0.0 1.6431676725154984 0.6085806194501846 1 0 0 0.9116634705164687 0.4109376066094071 2.294628091558487
cell 33.39140954066527 53.45485450506768 0.0 1.0 1.0 1 0 0 0.0 1.0 0
cell 10.096362976026581 18.633894616513 0.0 1.6431676725154984 0.6085806194501846 1 0 0 0.9038230750091298 -0.42790635550438005 4.025942796542404
cell 32.11160193713691 25.254656833991127 0.0 1.0 1.0 1 0 0 0.0 1.0 0
cell 26.615800696992626 17.978057313480768 0.0 1.0 1.0 1 0 0 0.0 1.0 0
cell 18.057349345868392 44.651773766131406 0.0 1.0 1.0 1 0 0 0.0 1.0 0
cell 8.646245239278322 32.787254546927436 0.0 1.6431676725154984 0.6085806194501846 1 0 0 0.8403643140384577 0.5420219734389672 1.9959100228834392
cell 52.09410158430712 22.35125095666322 0.0 1.0 1.0 1 0 0 0.0 1.0 0
cell 19.94428640102669 13.388820440160453 0.0 1.6431676725154984 0.6085806194501846 1 0 0 0.9999966789068239 0.002577241805244523 3.136438164273123
cell 59.64051689635075 51.28190952923055 0.0 1.0 1.0 1 0 0 0.0 1.0 0
cell 46.622945054960205 54.888715973181725 0.0 1.0 1.0 1 0 0 0.0 1.0 0
cell 41.47706255779834 1.030270761762945 0.0 1.6431676725154984 0.6085806194501846 1 0 0 0.985215167438891 -0.171321551033015 3.4859344461555453
cell 2.7918164006642474 5.1335761967624025 0.0 1.6431676725154984 0.6085806194501846 1 0 0 0.87127073731236 0.49080271220030613 2.1155710013326767
cell 25.82139267577613 43.63096570474323 0.0 1.6431676725154984 0.6085806194501846 1 0 0 0.9530245875005167 -0.3028929441559677 3.7570461249564495
cell 19.68788131104493 43.71918220417328 0.0 1.6431676725154984 0.6085806194501846 1 0 0 -0.2127099150569748 -0.9771153934088105 0.42869501888247097
cell 24.911546883611752 3.1894783837249077 0.0 1.0 1.0 1 0 0 0.0 1.0 0
cell 4.886693580508072 15.54294992996472 0.0 1.6431676725154984 0.6085806194501846 1 0 0 0.9397583989488333 -0.34183936520700114 3.8393396077435065
cell 55.189485030946415 10.967652932939087 0.0 1.6431676725154984 0.6085806194501846 1 0 0 0.30912379081811175 -0.9510218093977868 5.654642187512562
cell 56.20967249869188 57.89733175958139 0.0 1.0 1.0 1 0 0 0.0 1.0 0
cell 56.760120053780845 12.70110147294726 0.0 1.0 1.0 1 0 0 0.0 1.0 0
cell 3.9642029597789317 1.0251971601721053 0.0 1.0 1.0 1 0 0 0.0 1.0 0
cell 13.57722422430931 43.762119346946754 0.0 1.6431676725154984 0.6085806194501846 1 0 0 0.30095265387454323 -0.9536390827382597 5.6718023798568185
cell 42.62964677270625 39.39699340892526 0.0 1.0 1.0 1 0 0 0.0 1.0 0
cell 24.292100739940462 45.218990180822686 0.0 1.6431676725154984 0.6085806194501846 1 0 0 -0.39225904685528395 -0.9198547929756001 0.8061723677140007
cell 15.868364413065715 53.058734608728145 0.0 1.0 1.0 1 0 0 0.0 1.0 0
cell 15.792123463268299 50.113019673294076 0.0 1.0 1.0 1 0 0 0.0 1.0 0
cell 1.8526475973322776 51.65053032638641 0.0 1.0 1.0 1 0 0 0.0 1.0 0
cell 23.09488046408636 52.679933527574946 0.0 1.0 1.0 1 0 0 0.0 1.0 0
cell 30.903537495331737 41.199673280471465 0.0 1.0 1.0 1 0 0 0.0 1.0 0
cell 9.970153947203965 0.5206262641115826 0.0 1.0 1.0 1 0 0 0.0 1.0 0
cell 29.315848212056224 40.15467159110665 0.0 1.0 1.0 1 0 0 0.0 1.0 0
cell 20.10966227393113 38.5916630534856 0.0 1.0 1.0 1 0 0 0.0 1.0 0
cell 52.0249198557548 0.7401860655880962 0.0 1.0 1.0 1 0 0 0.0 1.0 0
cell 40.75702426126786 51.5511362236718 0.0 1.0 1.0 1 0 0 0.0 1.0 0
cell 33.62705199407969 22.027745105837845 0.0 1.0 1.0 1 0 0 0.0 1.0 0
cell 30.497635165753394 17.23441724125757 0.0 1.0 1.0 1 0 0 0.0 1.0 0
cell 8.474193459833998 44.48711262534464 0.0 1.6431676725154984 0.6085806194501846 1 0 0 0.9998029164652574 -0.01985266298422952 3.181300588185897
cell 13.379981734816074 17.582967572568137 0.0 1.6431676725154984 0.6085806194501846 1 0 0 0.9986529329114457 -0.05188756678981367 3.2454144096475153
cell 27.776067999371758 31.254515140741802 0.0 1.0 1.0 1 0 0 0.0 1.0 0
cell 36.81127543732644 27.047812927825113 0.0 1.0 1.0 1 0 0 0.0 1.0 0
cell 33.45257739543331 6.159525917314988 0.0 1.0 1.0 1 0 0 0.0 1.0 0
cell 45.41981469540325 53.26340870744531 0.0 1.0 1.0 1 0 0 0.0 1.0 0
cell 28.39279036917626 52.92806573335271 0.0 1.0 1.0 1 0 0 0.0 1.0 0
cell 51.78654889775626 41.133187819168064 0.0 1.0 1.0 1 0 0 0.0 1.0 0
cell 22.968669762741733 8.15588970775978 0.0 1.0 1.0 1 0 0 0.0 1.0 0
cell 44.3387652825911 1.539066521049783 0.0 1.6431676725154984 0.6085806194501846 1 0 0 0.9827063981544192 -0.18517055658599776 3.5140834886365435
cell 39.20265317724123 17.254650763508817 0.0 1.0 1.0 1 0 0 0.0 1.0 0
cell 11.873662112257469 18.37824311912882 0.0 1.6431676725154984 0.6085806194501846 1 0 0 -0.2129315452819212 -0.9770671200198342 0.429148671952178
cell 49.79933323307881 37.72532524417393 0.0 1.0 1.0 1 0 0 0.0 1.0 0
cell 54.18509998376065 31.448183808827718 0.0 1.0 1.0 1 0 0 0.0 1.0 0
cell 47.41266490483664 5.805920602970314 0.0 1.0 1.0 1 0 0 0.0 1.0 0
cell 23.694158444960998 9.88286136370867 0.0 1.0 1.0 1 0 0 0.0 1.0 0
cell 13.009029223639438 36.501768555229766 0.0 1.6431676725154984 0.6085806194501846 1 0 0 0.948174113666167 0.3177512394521516 2.4948789193280345
cell 43.96135058035363 51.92781322611537 0.0 1.0 1.0 1 0 0 0.0 1.0 0
cell 29.5455738638424 5.57573371298348 0.0 1.0 1.0 1 0 0 0.0 1.0 0
cell 56.03612114597795 23.21025349073512 0.0 1.6431676725154984 0.6085806194501846 1 0 0 0.8907760215102568 0.4544426030890574 2.1980999113491957
cell 40.150225337401594 42.906038198832746 0.0 1.0 1.0 1 0 0 0.0 1.0 0
cell 29.21537373606282 55.37762705888433 0.0 1.0 1.0 1 0 0 0.0 1.0 0
cell 3.666937770484589 40.423280683774145 0.0 1.6431676725154984 0.6085806194501846 1 0 0 0.7390112897832614 0.6736930410601556 1.6632031541633043
cell 8.433232161824023 58.79157854233226 0.0 1.6431676725154984 0.6085806194501846 1 0 0 0.7485187539798073 -0.6631136214409389 4.5915343477582145
cell 34.14121705581754 50.330800701302834 0.0 1.0 1.0 1 0 0 0.0 1.0 0
cell 10.724826950190488 21.19544458721942 0.0 1.6431676725154984 0.6085806194501846 1 0 0 0.8284347427821255 -0.5600855978790328 4.330570896035145
cell 52.91764821540235 19.025208833939626 0.0 1.0 1.0 1 0 0 0.0 1.0 0
cell 42.91373626853047 37.379254003318266 0.0 1.6431676725154984 0.6085806194501846 1 0 0 0.8749153623789 -0.48427586009773194 4.152663272372292
cell 30.520894238307566 12.558231025231038 0.0 1.0 1.0 1 0 0 0.0 1.0 0
cell 29.348518104752163 14.090820821532734 0.0 1.0 1.0 1 0 0 0.0 1.0 0
cell 9.921468232361402 4.210299521956725 0.0 1.6431676725154984 0.6085806194501846 1 0 0 0.9422271003487729 -0.3349747622856734 3.8247495431956526
cell 36.698488153473654 33.81411377539343 0.0 1.0 1.0 1 0 0 0.0 1.0 0
cell 36.361188358898474 43.6921575516487 0.0 1.0 1.0 1 0 0 0.0 1.0 0
cell 31.383277829519326 20.169123589716033 0.0 1.0 1.0 1 0 0 0.0 1.0 0
cell 51.57636644669493 45.915888320433815 0.0 1.0 1.0 1 0 0 0.0 1.0 0
cell 41.227955316163566 49.60464973583072 0.0 1.0 1.0 1 0 0 0.0 1.0 0
cell 13.209747453335872 55.16364740100712 0.0 1.0 1.0 1 0 0 0.0 1.0 0
cell 34.19265352640153 39.35752249595952 0.0 1.0 1.0 1 0 0 0.0 1.0 0
cell 0.9754593859866459 44.83028804246376 0.0 1.0 1.0 1 0 0 0.0 1.0 0
cell 32.752814895128104 33.55837893577089 0.0 1.0 1.0 1 0 0 0.0 1.0 0
cell 20.635123472373706 48.61034324125213 0.0 1.0 1.0 1 0 0 0.0 1.0 0
cell 10.147907302801732 33.20938334218412 0.0 1.6431676725154984 0.6085806194501846 1 0 0 0.9671185731552527 0.25432590402502864 2.6272914047053306
cell 25.936499675131184 47.987957959805584 0.0 1.0 1.0 1 0 0 0.0 1.0 0
cell 52.739804702575114 42.54039550549755 0.0 1.0 1.0 1 0 0 0.0 1.0 0
cell 30.218339582861304 23.552328860712805 0.0 1.0 1.0 1 0 0 0.0 1.0 0
cell 56.3483062008197 39.53449242050494 0.0 1.0 1.0 1 0 0 0.0 1.0 0
cell 26.146601131826827 36.09533264008277 0.0 1.0 1.0 1 0 0 0.0 1.0 0
cell 24.416958424841177 6.646231591743541 0.0 1.0 1.0 1 0 0 0.0 1.0 0
cell 1.6598643294928725 4.274627337819432 0.0 1.0 1.0 1 0 0 0.0 1.0 0
cell 51.1948745368067 36.319809489962154 0.0 1.0 1.0 1 0 0 0.0 1.0 0
cell 54.77910194971829 9.254190542852124 0.0 1.0 1.0 1 0 0 0.0 1.0 0
cell 4.6965244622511255 36.335158045360934 0.0 1.6431676725154984 0.6085806194501846 1 0 0 0.7763931452074925 -0.6302489064447614 4.5053401799263595
cell 30.26331818276545 25.146309644863074 0.0 1.0 1.0 1 0 0 0.0 1.0 0
cell 53.06657096048816 56.93107223240663 0.0 1.0 1.0 1 0 0 0.0 1.0 0
cell 2.875184079058541 42.60934463938637 0.0 1.6431676725154984 0.6085806194501846 1 0 0 0.4309458368352342 0.9023777954462198 0.8910813510069989
cell 1.31911232831948 37.618446682104775 0.0 1.6431676725154984 0.6085806194501846 1 0 0 0.5130737948294868 0.8583445002207853 1.077524093776647
cell 32.477873012799364 23.480007678544734 0.0 1.0 1.0 1 0 0 0.0 1.0 0
cell 57.84189697655834 28.063215220866436 0.0 1.0 1.0 1 0 0 0.0 1.0 0
cell 26.549279033817903 52.03767323789651 0.0 1.6431676725154984 0.6085806194501846 1 0 0 0.0012975888134900931 -0.9999991581312812 6.28059012882434
cell 19.247978814400707 27.527162750107856 0.0 1.6431676725154984 0.6085806194501846 1 0 0 0.9442705510982192 0.3291703606472875 2.470742979564516
cell 57.017134452230316 56.128008145637786 0.0 1.0 1.0 1 0 0 0.0 1.0 0
cell 8.121035442960002 55.63632315905515 0.0 1.0 1.0 1 0 0 0.0 1.0 0
cell 41.63328557172831 25.824471697228383 0.0 1.0 1.0 1 0 0 0.0 1.0 0
cell 45.579821965098766 3.4184975972509704 0.0 1.0 1.0 1 0 0 0.0 1.0 0
cell 49.25513786145944 42.87504495913475 0.0 1.0 1.0 1 0 0 0.0 1.0 0
cell 37.93103986660487 22.03829928711036 0.0 1.0 1.0 1 0 0 0.0 1.0 0
cell 8.958241386210725 48.03283793890689 0.0 1.6431676725154984 0.6085806194501846 1 0 0 0.503668990527149 -0.8638967229833452 5.227504171735834
cell 30.054087754302778 34.54076805638202 0.0 1.0 1.0 1 0 0 0.0 1.0 0
cell 30.01550457898685 19.021058708246475 0.0 1.0 1.0 1 0 0 0.0 1.0 0
cell 44.81457327561087 48.05345912767188 0.0 1.0 1.0 1 0 0 0.0 1.0 0
cell 50.32508923704698 6.358607329486947 0.0 1.0 1.0 1 0 0 0.0 1.0 0
cell 47.85321865522609 27.663699173864412 0.0 1.6431676725154984 0.6085806194501846 1 0 0 0.9748372653466187 -0.2229177114801023 3.5912056047276883
cell 38.42742508629647 0.7648536188226628 0.0 1.6431676725154984 0.6085806194501846 1 0 0 0.9961936830375908 -0.08716734409169528 3.3161488701196653
cell 19.367202369323557 51.29570871907138 0.0 1.0 1.0 1 0 0 0.0 1.0 0
cell 15.938136477435828 2.4383567477955763 0.0 1.0 1.0 1 0 0 0.0 1.0 0
cell 3.778524993416258 45.97807344009786 0.0 1.6431676725154984 0.6085806194501846 1 0 0 0.9373120525036688 -0.3484911996469347 3.8535144760130224
cell 53.83186482959181 0.35285985993182406 0.0 1.0 1.0 1 0 0 0.0 1.0 0
cell 44.428550580349054 34.72945827393103 0.0 1.0 1.0 1 0 0 0.0 1.0 0
cell 18.8840817385478 0.7069690149077359 0.0 1.0 1.0 1 0 0 0.0 1.0 0
cell 38.8476365437641 10.468780701289912 0.0 1.0 1.0 1 0 0 0.0 1.0 0
cell 43.063831738965284 35.63071421402317 0.0 1.0 1.0 1 0 0 0.0 1.0 0
cell 40.343659981193454 5.6557614653610635 0.0 1.0 1.0 1 0 0 0.0 1.0 0
cell 13.975978820570319 53.3889310874278 0.0 1.0 1.0 1 0 0 0.0 1.0 0
cell 1.178557602361648 11.770726065663954 0.0 1.6431676725154984 0.6085806194501846 1 0 0 0.1354370370049453 -0.9907859551928061 6.011476206148598
cell 4.750056326344568 20.508081537513156 0.0 1.6431676725154984 0.6085806194501846 1 0 0 0.9066859747156062 0.4218062864088338 2.2707194850034726
cell 22.359380040549834 34.18077132628276 0.0 1.6431676725154984 0.6085806194501846 1 0 0 -0.03188221288410036 0.9994916330323196 6.219410073971104
cell 40.83908678722554 10.76907397868381 0.0 1.0 1.0 1 0 0 0.0 1.0 0
cell 46.5411237875112 22.59205994423601 0.0 1.0 1.0 1 0 0 0.0 1.0 0
cell 50.49557500706222 34.566533185827545 0.0 1.0 1.0 1 0 0 0.0 1.0 0
cell 45.982671725806846 40.89978234618259 0.0 1.0 1.0 1 0 0 0.0 1.0 0
cell 49.130504906558286 49.59472961587889 0.0 1.0 1.0 1 0 0 0.0 1.0 0
cell 8.547992687745408 38.81332077020046 0.0 1.6431676725154984 0.6085806194501846 1 0 0 0.983568865576306 0.18053333949422928 2.778535306478384
cell 45.876973196414134 5.2741344314279806 0.0 1.0 1.0 1 0 0 0.0 1.0 0
cell 5.905024219215355 46.56055624217015 0.0 1.6431676725154984 0.6085806194501846 1 0 0 0.9616885298823787 -0.27414443545815237 3.6969925359085756
cell 50.40878750852274 4.933465017750352 0.0 1.6431676725154984 0.6085806194501846 1 0 0 0.9873413025274704 -0.1586100637518257 3.46015812690459
cell 26.82126281897849 23.277537063674846 0.0 1.0 1.0 1 0 0 0.0 1.0 0
cell 10.574907811167627 38.940330946188055 0.0 1.6431676725154984 0.6085806194501846 1 0 0 0.9641483446065396 0.2653638437927616 2.604430101627277
cell 0.3388275977335669 18.877100423360144 0.0 1.0 1.0 1 0 0 0.0 1.0 0
cell 46.11479743868857 24.42427313563011 0.0 1.0 1.0 1 0 0 0.0 1.0 0
cell 38.432789994504624 37.27815558369958 0.0 1.0 1.0 1 0 0 0.0 1.0 0
cell 3.619627647743987 16.551339111575455 0.0 1.6431676725154984 0.6085806194501846 1 0 0 0.6687353078004544 0.7435005636185029 1.4650129729125811
cell 50.927926717126326 50.04424244501925 0.0 1.0 1.0 1 0 0 0.0 1.0 0
cell 28.675709587160725 11.86790571107357 0.0 1.0 1.0 1 0 0 0.0 1.0 0
cell 59.642318845627166 31.015400367738682 0.0 1.0 1.0 1 0 0 0.0 1.0 0
cell 3.7315269697005182 47.707166437680335 0.0 1.0 1.0 1 0 0 0.0 1.0 0
cell 29.91997499258413 28.225607547068165 0.0 1.0 1.0 1 0 0 0.0 1.0 0
cell 59.316169093634684 1.3031690839550871 0.0 1.6431676725154984 0.6085806194501846 1 0 0 0.8447089729548762 0.5352258878357046 2.0120423746517817
cell 39.48851827838682 50.41397398646709 0.0 1.0 1.0 1 0 0 0.0 1.0 0
cell 57.040957237066806 0.5112739388005749 0.0 1.0 1.0 1 0 0 0.0 1.0 0
cell 14.532236664051762 38.24563017963524 0.0 1.6431676725154984 0.6085806194501846 1 0 0 0.029518194252854037 -0.9995642431620144 6.22414034200893
cell 1.0025897941674171 23.95792085869173 0.0 1.6431676725154984 0.6085806194501846 1 0 0 0.9967268593142001 0.08084285943514594 2.979730296731879
cell 2.989059952175867 2.7689827528602398 0.0 1.0 1.0 1 0 0 0.0 1.0 0
cell 49.27578762832601 30.78939324511833 0.0 1.0 1.0 1 0 0 0.0 1.0 0
cell 37.53605637741952 3.4920146875164786 0.0 1.0 1.0 1 0 0 0.0 1.0 0
cell 5.650166410148377 0.006728704874310265 0.0 1.0 1.0 1 0 0 0.0 1.0 0
cell 8.046478778222614 10.203564129944613 0.0 1.6431676725154984 0.6085806194501846 1 0 0 0.752020976870116 -0.6591391737314028 4.580939657504784
cell 4.826459564736298 27.022619996125297 0.0 1.6431676725154984 0.6085806194501846 1 0 0 -0.0396037581314228 0.9992154634221129 6.203957070683032
cell 45.9692737583934 16.89885577498315 0.0 1.0 1.0 1 0 0 0.0 1.0 0
cell 25.591144937026563 14.265552435829084 0.0 1.0 1.0 1 0 0 0.0 1.0 0
cell 11.9859931499779 6.09360945779017 0.0 1.6431676725154984 0.6085806194501846 1 0 0 0.782660992942729 -0.6224482067818186 4.485326418052079
cell 55.87930297370098 43.214302390092485 0.0 1.0 1.0 1 0 0 0.0 1.0 0
cell 32.74880461214231 20.6401023758049 0.0 1.6431676725154984 0.6085806194501846 1 0 0 0.551823691181946 -0.8339607987491572 5.114086421889521
cell 0.5885256017375321 55.474522908000274 0.0 1.0 1.0 1 0 0 0.0 1.0 0
cell 13.293884651980228 0.5771266458722417 0.0 1.0 1.0 1 0 0 0.0 1.0 0
cell 1.3856393873672872 46.615995326441606 0.0 1.6431676725154984 0.6085806194501846 1 0 0 0.9173084271140721 0.3981774096373462 2.3225344578902023
cell 9.09358096604899 37.50613455786083 0.0 1.6431676725154984 0.6085806194501846 1 0 0 0.9912943534058684 0.1316643646004545 2.877497104506495
cell 2.008397588903952 48.27260497411116 0.0 1.0 1.0 1 0 0 0.0 1.0 0
cell 30.165996959584366 51.23547031732539 0.0 1.0 1.0 1 0 0 0.0 1.0 0
cell 43.93575898399005 2.8556671619234706 0.0 1.0 1.0 1 0 0 0.0 1.0 0
cell 30.732066234668437 54.43874023275725 0.0 1.0 1.0 1 0 0 0.0 1.0 0
cell 32.65866271829301 4.30034446285035 0.0 1.0 1.0 1 0 0 0.0 1.0 0
cell 3.2659427653087656 6.719098749902373 0.0 1.0 1.0 1 0 0 0.0 1.0 0
cell 48.107846912256285 10.63264573899554 0.0 1.0 1.0 1 0 0 0.0 1.0 0
cell 55.243836091391 15.816613328649074 0.0 1.0 1.0 1 0 0 0.0 1.0 0
cell 27.707328412495947 43.15124566049124 0.0 1.0 1.0 1 0 0 0.0 1.0 0
cell 7.388339238725639 17.094530077476367 0.0 1.6431676725154984 0.6085806194501846 1 0 0 0.9992105110062456 -0.039728512363762916 3.22107059507172
cell 34.85103003110816 30.325992429302563 0.0 1.0 1.0 1 0 0 0.0 1.0 0
cell 34.384681881529566 55.080977012290546 0.0 1.0 1.0 1 0 0 0.0 1.0 0
cell 19.182863555962257 17.827157258114134 0.0 1.6431676725154984 0.6085806194501846 1 0 0 0.7881380276358297 -0.6154985372803936 4.467629375805795
cell 46.04345516316499 18.82768142022956 0.0 1.0 1.0 1 0 0 0.0 1.0 0
cell 32.32957668672926 43.70360934073097 0.0 1.0 1.0 1 0 0 0.0 1.0 0
cell 40.55702801464332 27.04281157137956 0.0 1.0 1.0 1 0 0 0.0 1.0 0
cell 2.848841813133819 21.079019872032468 0.0 1.6431676725154984 0.6085806194501846 1 0 0 0.9108412474335038 0.4127568557562414 2.290635238152589
cell 10.830792468013444 2.134349726853713 0.0 1.0 1.0 1 0 0 0.0 1.0 0
cell 28.381527232529315 24.552930119970803 0.0 1.0 1.0 1 0 0 0.0 1.0 0
cell 44.09101760036908 14.454543128571908 0.0 1.0 1.0 1 0 0 0.0 1.0 0
cell 30.516660233192848 44.61012270121606 0.0 1.0 1.0 1 0 0 0.0 1.0 0
cell 14.308117476668128 10.820733922041358 0.0 1.0 1.0 1 0 0 0.0 1.0 0
cell 30.362784124590668 58.62873437209682 0.0 1.0 1.0 1 0 0 0.0 1.0 0
cell 28.26870455613163 44.86865012530665 0.0 1.6431676725154984 0.6085806194501846 1 0 0 0.9329733842210464 0.3599453629860061 2.4051739925256435
cell 26.062789536390785 1.656554773180603 0.0 1.0 1.0 1 0 0 0.0 1.0 0
cell 49.90329458660794 16.28368648144427 0.0 1.0 1.0 1 0 0 0.0 1.0 0
cell 12.162931097568086 58.68489505536309 0.0 1.6431676725154984 0.6085806194501846 1 0 0 0.9776811569058281 -0.21009415848919152 3.564935187056569
cell 29.21409121541235 42.09664966889813 0.0 1.0 1.0 1 0 0 0.0 1.0 0
cell 9.590890745977362 55.73310205978421 0.0 1.6431676725154984 0.6085806194501846 1 0 0 0.607687303939341 -0.7941763913835106 4.976894773951343
cell 52.70674035133914 27.33033441565819 0.0 1.6431676725154984 0.6085806194501846 1 0 0 0.9671586994569656 0.25417326780114163 2.6276070496766724
cell 42.147833765809146 14.093971463621045 0.0 1.0 1.0 1 0 0 0.0 1.0 0
cell 37.39938623118207 41.981318924158394 0.0 1.0 1.0 1 0 0 0.0 1.0 0
cell 35.489316912341195 41.88494891485372 0.0 1.0 1.0 1 0 0 0.0 1.0 0
cell 46.02895237297622 36.04194292249216 0.0 1.0 1.0 1 0 0 0.0 1.0 0
cell 7.735260883964137 40.112833016099934 0.0 1.6431676725154984 0.6085806194501846 1 0 0 0.9985758898271668 0.05334971654921859 3.0348425410382274
cell 21.899996443977862 22.941561806002078 0.0 1.6431676725154984 0.6085806194501846 1 0 0 0.9875536244521703 0.1572826717454331 2.825715711777853
cell 13.589285364898346 26.30529121794744 0.0 1.6431676725154984 0.6085806194501846 1 0 0 0.9210277733382203 0.38949690722731034 2.3414220539531088
cell 51.92025144286727 26.51082528700493 0.0 1.6431676725154984 0.6085806194501846 1 0 0 0.912185598333781 0.4097772982882801 2.2971728375781124
cell 28.409463784075534 58.268716550430575 0.0 1.0 1.0 1 0 0 0.0 1.0 0
cell 29.398965788141954 20.82384554169784 0.0 1.0 1.0 1 0 0 0.0 1.0 0
cell 42.513565187105854 17.215683179455535 0.0 1.0 1.0 1 0 0 0.0 1.0 0
cell 56.45155761907332 37.47176184859374 0.0 1.0 1.0 1 0 0 0.0 1.0 0
cell 20.38766330546198 55.948495601165895 0.0 1.6431676725154984 0.6085806194501846 1 0 0 -0.9656785756492209 -0.2597400402943143 2.6160866652701404
cell 1.2630026005867752 39.79417444233931 0.0 1.6431676725154984 0.6085806194501846 1 0 0 0.5662437114202394 0.8242378657141594 1.203882791621199
cell 46.022075960122635 49.3980188671808 0.0 1.0 1.0 1 0 0 0.0 1.0 0
cell 12.12172044249708 3.6208557360958697 0.0 1.0 1.0 1 0 0 0.0 1.0 0
cell 53.288907195749125 10.340182815637009 0.0 1.0 1.0 1 0 0 0.0 1.0 0
cell 4.241148077463833 18.78949940363702 0.0 1.0 1.0 1 0 0 0.0 1.0 0
cell 27.01500500812219 8.676309180882399 0.0 1.0 1.0 1 0 0 0.0 1.0 0
cell 56.31844994719425 4.884840173041914 0.0 1.6431676725154984 0.6085806194501846 1 0 0 0.9164296438115861 0.4001958369890541 2.318131590177414
cell 37.09107478446657 15.411681720798445 0.0 1.0 1.0 1 0 0 0.0 1.0 0
cell 18.4291921878671 59.10910393268438 0.0 1.6431676725154984 0.6085806194501846 1 0 0 0.9986743555153964 0.05147360134969786 3.038599936291191
cell 20.89459344919401 29.501824806031927 0.0 1.6431676725154984 0.6085806194501846 1 0 0 0.9882640548241991 0.1527552223082157 2.8348814188381835
cell 1.6696601231072419 18.34911613738568 0.0 1.6431676725154984 0.6085806194501846 1 0 0 0.5657090231657655 0.8246049363839847 1.2025856680020126
cell 44.59415223611542 42.07789147213174 0.0 1.0 1.0 1 0 0 0.0 1.0 0
cell 43.42154108021209 45.06160169183277 0.0 1.0 1.0 1 0 0 0.0 1.0 0
cell 5.630278812432362 57.792166607082 0.0 1.0 1.0 1 0 0 0.0 1.0 0
cell 54.69380275365379 3.696136999396168 0.0 1.0 1.0 1 0 0 0.0 1.0 0
cell 16.280204757025935 56.84171162058716 0.0 1.0 1.0 1 0 0 0.0 1.0 0
cell 25.509447546577178 32.305039546866546 0.0 1.0 1.0 1 0 0 0.0 1.0 0
cell 26.33775322455432 19.93582603124575 0.0 1.0 1.0 1 0 0 0.0 1.0 0
cell 17.887416078461897 25.74661299423527 0.0 1.6431676725154984 0.6085806194501846 1 0 0 0.9696355787499173 0.24455437927445267 2.64747247276779
cell 3.406121283621252 59.56210266712144 0.0 1.6431676725154984 0.6085806194501846 1 0 0 0.950841753307778 0.30967718702964 2.511885630882063
cell 14.964461697386394 0.9045330858928323 0.0 1.0 1.0 1 0 0 0.0 1.0 0
cell 57.381335304098414 46.75824995336241 0.0 1.0 1.0 1 0 0 0.0 1.0 0
cell 39.63973824901579 23.080438059565463 0.0 1.0 1.0 1 0 0 0.0 1.0 0
cell 6.20888792839996 27.780884862234764 0.0 1.6431676725154984 0.6085806194501846 1 0 0 0.4708236673869082 -0.882227337044337 5.302736970612981
cell 4.100330751437273 28.941969989243653 0.0 1.6431676725154984 0.6085806194501846 1 0 0 0.8483080513956028 -0.5295030216508639 4.257621876789624
cell 16.929830497012293 4.168066389306535 0.0 1.0 1.0 1 0 0 0.0 1.0 0
cell 10.063646705414364 23.238842680955027 0.0 1.6431676725154984 0.6085806194501846 1 0 0 0.7430214166058587 -0.6692676403838923 4.608038050826439
cell 4.917872658833168 32.183308479536365 0.0 1.6431676725154984 0.6085806194501846 1 0 0 0.6397853601729928 -0.7685536369755294 4.894747396107601
cell 14.894633247783704 12.405175015691032 0.0 1.6431676725154984 0.6085806194501846 1 0 0 0.9542589640363507 0.2989813197446801 2.5343427215948657
cell 5.961376428756055 8.761585288986414 0.0 1.6431676725154984 0.6085806194501846 1 0 0 0.556844359073354 0.8306168549747746 1.1811635736639263
cell 37.74282418337322 32.13560104491932 0.0 1.0 1.0 1 0 0 0.0 1.0 0
cell 32.86743036117551 26.963655384349305 0.0 1.0 1.0 1 0 0 0.0 1.0 0
cell 49.36790819154593 14.403650635395923 0.0 1.0 1.0 1 0 0 0.0 1.0 0
cell 37.579184969219504 11.99146629851395 0.0 1.0 1.0 1 0 0 0.0 1.0 0
cell 30.75440947028783 4.018508063821687 0.0 1.0 1.0 1 0 0 0.0 1.0 0
cell 4.963049071635514 6.212981087869308 0.0 1.0 1.0 1 0 0 0.0 1.0 0
cell 3.7947968519789153 34.714099704242656 0.0 1.6431676725154984 0.6085806194501846 1 0 0 0.6407276140563517 -0.7677682753185722 4.892294124413243
cell 38.36444688566275 43.447126590728324 0.0 1.0 1.0 1 0 0 0.0 1.0 0
cell 59.547526153059806 35.21751844832972 0.0 1.0 1.0 1 0 0 0.0 1.0 0
cell 46.67555704271503 47.350300577456814 0.0 1.0 1.0 1 0 0 0.0 1.0 0
cell 24.739524025959817 37.12701730274417 0.0 1.0 1.0 1 0 0 0.0 1.0 0
cell 5.007451638780077 49.26455305339444 0.0 1.6431676725154984 0.6085806194501846 1 0 0 0.8562042857050007 0.516637417479986 2.0557547280968396
cell 44.33895564693188 18.017525921329888 0.0 1.0 1.0 1 0 0 0.0 1.0 0
cell 31.998267722437337 2.4153462269568764 0.0 1.0 1.0 1 0 0 0.0 1.0 0
cell 7.903282702702461 22.789770345654695 0.0 1.6431676725154984 0.6085806194501846 1 0 0 0.7494244460809876 -0.6620898727636642 4.588800603200101
cell 3.4257104066027324 9.368082809667486 0.0 1.6431676725154984 0.6085806194501846 1 0 0 0.12703911886589633 0.9918977075675579 0.2547666748111029
cell 49.77628995759445 27.740842552299934 0.0 1.6431676725154984 0.6085806194501846 1 0 0 0.9785388204549598 -0.20606255570242754 3.5566915393573675
cell 31.22455342643237 0.5821006201496918 0.0 1.0 1.0 1 0 0 0.0 1.0 0
cell 28.5985800670055 17.63659298814787 0.0 1.0 1.0 1 0 0 0.0 1.0 0
cell 26.27475468159655 56.68269851098773 0.0 1.6431676725154984 0.6085806194501846 1 0 0 0.9966595900534088 -0.0816679959015227 3.305110758472906
cell 4.49954898535658 42.063822568708595 0.0 1.0 1.0 1 0 0 0.0 1.0 0
cell 50.27942967926011 26.37282732005953 0.0 1.0 1.0 1 0 0 0.0 1.0 0
cell 5.563135268328237 25.39128844004557 0.0 1.0 1.0 1 0 0 0.0 1.0 0
cell 40.24808664662841 53.45860635619238 0.0 1.0 1.0 1 0 0 0.0 1.0 0
cell 44.71441287489305 6.694690660784417 0.0 1.0 1.0 1 0 0 0.0 1.0 0
cell 34.586179616322184 23.756487394316267 0.0 1.0 1.0 1 0 0 0.0 1.0 0
cell 19.33724393190062 57.71530100633558 0.0 1.6431676725154984 0.6085806194501846 1 0 0 0.961623256901964 0.27437330734832643 2.5857167758745985
cell 17.093287159025266 9.595105740014597 0.0 1.0 1.0 1 0 0 0.0 1.0 0
cell 3.821799168504683 31.833499150469258 0.0 1.6431676725154984 0.6085806194501846 1 0 0 0.6198991183331914 -0.7846815169798075 4.945957041508949
cell 55.34360457781774 32.659021848098334 0.0 1.0 1.0 1 0 0 0.0 1.0 0
cell 17.554082710090565 11.515896905662792 0.0 1.0 1.0 1 0 0 0.0 1.0 0
cell 40.63041334267439 33.92316475091856 0.0 1.0 1.0 1 0 0 0.0 1.0 0
cell 42.65489061560313 19.049015657049466 0.0 1.0 1.0 1 0 0 0.0 1.0 0
cell 10.551852498452993 50.376158193574454 0.0 1.6431676725154984 0.6085806194501846 1 0 0 0.5810291338762702 -0.8138827591164414 5.043200116872744
cell 39.85041028956742 44.781409904603045 0.0 1.0 1.0 1 0 0 0.0 1.0 0
cell 1.3699576291191544 27.887094769368773 0.0 1.6431676725154984 0.6085806194501846 1 0 0 0.9981438357917152 -0.06090059992316524 3.263469270442861
cell 8.790868634329017 14.828986678039392 0.0 1.6431676725154984 0.6085806194501846 1 0 0 0.8901006480704035 -0.4557640138324304 4.088053395857427
cell 37.657272407219956 59.13896252236751 0.0 1.0 1.0 1 0 0 0.0 1.0 0
cell 22.779740407193422 35.89681393163888 0.0 1.0 1.0 1 0 0 0.0 1.0 0
cell 24.13362942515105 27.2902837348427 0.0 1.6431676725154984 0.6085806194501846 1 0 0 0.989585963433498 0.14394311715186486 2.8527028851117855
cell 50.964366521658704 31.45820199532928 0.0 1.0 1.0 1 0 0 0.0 1.0 0
cell 58.97840141786576 8.186153106547549 0.0 1.6431676725154984 0.6085806194501846 1 0 0 0.8172420242577431 0.5762946067655904 1.9132178903026402
cell 57.33972787880299 14.499654528588458 0.0 1.6431676725154984 0.6085806194501846 1 0 0 0.04407422122587516 0.999028259371742 0.08817700602889669
cell 37.123063821655315 52.92499487495165 0.0 1.0 1.0 1 0 0 0.0 1.0 0
cell 8.438318731382555 2.026691524481907 0.0 1.6431676725154984 0.6085806194501846 1 0 0 0.7809797654008619 -0.6245563273511964 4.490719266200442
cell 54.33764717390877 53.6918329581432 0.0 1.0 1.0 1 0 0 0.0 1.0 0
cell 35.33191665984237 22.0792247749012 0.0 1.0 1.0 1 0 0 0.0 1.0 0
cell 31.963090928192862 16.235203004418427 0.0 1.0 1.0 1 0 0 0.0 1.0 0
cell 57.82174970774469 38.54303279933312 0.0 1.0 1.0 1 0 0 0.0 1.0 0
cell 7.167347340850605 57.09015864027126 0.0 1.6431676725154984 0.6085806194501846 1 0 0 0.7766247815979411 -0.6299634502159234 4.5046049502276
cell 12.00433962476183 50.11669233966382 0.0 1.6431676725154984 0.6085806194501846 1 0 0 0.7067583331757669 -0.7074550575737032 4.713374297517346
cell 47.7845223047518 42.53140907840417 0.0 1.6431676725154984 0.6085806194501846 1 0 0 0.8523158586703717 0.523027415207833 2.040794487904597
cell 55.50492067856736 21.385788297071155 0.0 1.0 1.0 1 0 0 0.0 1.0 0
cell 37.82757503174883 56.05936547203412 0.0 1.0 1.0 1 0 0 0.0 1.0 0
cell 36.51225649962052 40.46799921650084 0.0 1.6431676725154984 0.6085806194501846 1 0 0 0.9999877401110105 0.004951729765859858 3.1316891535861036
cell 16.890766993329947 0.7022859483375147 0.0 1.0 1.0 1 0 0 0.0 1.0 0
cell 8.00215684827823 45.754845947552184 0.0 1.6431676725154984 0.6085806194501846 1 0 0 0.9987628450936712 0.04972704757368437 3.0420975247617768
cell 5.65227835686277 17.9439865575928 0.0 1.6431676725154984 0.6085806194501846 1 0 0 0.4224026640967815 0.9064082906526956 0.8721888810185554
cell 47.53683736036995 35.174456417943816 0.0 1.0 1.0 1 0 0 0.0 1.0 0
cell 38.765056399502726 30.449684345333388 0.0 1.0 1.0 1 0 0 0.0 1.0 0
cell 51.53474096974835 2.4596447041066405 0.0 1.0 1.0 1 0 0 0.0 1.0 0
cell 32.45854714832836 12.881678898896967 0.0 1.0 1.0 1 0 0 0.0 1.0 0
cell 44.30673913747225 40.11277693070935 0.0 1.0 1.0 1 0 0 0.0 1.0 0
cell 32.50027796807125 40.417773854588035 0.0 1.0 1.0 1 0 0 0.0 1.0 0
cell 36.13386330274975 19.0509991824651 0.0 1.0 1.0 1 0 0 0.0 1.0 0
cell 24.128140086532575 42.04675363282862 0.0 1.0 1.0 1 0 0 0.0 1.0 0
cell 51.12156990367953 57.41419344457223 0.0 1.0 1.0 1 0 0 0.0 1.0 0
cell 41.287664149024046 24.01148496299895 0.0 1.0 1.0 1 0 0 0.0 1.0 0
cell 23.555773527718706 46.33058637241154 0.0 1.6431676725154984 0.6085806194501846 1 0 0 0.19826826452334284 0.9801477925715599 0.39918158692809225
cell 46.7565518075364 28.40523492462208 0.0 1.0 1.0 1 0 0 0.0 1.0 0
cell 16.010148024162646 29.399497795710598 0.0 1.6431676725154984 0.6085806194501846 1 0 0 0.9901485440893756 0.14002092928448162 2.860627549193609
cell 36.14776945657885 8.293851943257057 0.0 1.0 1.0 1 0 0 0.0 1.0 0
cell 7.055985116316364 53.98163208658483 0.0 1.0 1.0 1 0 0 0.0 1.0 0
cell 15.219525976440744 54.946075413817695 0.0 1.0 1.0 1 0 0 0.0 1.0 0
cell 52.35448074605394 3.5856205214006467 0.0 1.6431676725154984 0.6085806194501846 1 0 0 0.9987053853044658 0.05086799940884603 3.0398127290514614
cell 11.358381456004333 45.97361017088235 0.0 1.6431676725154984 0.6085806194501846 1 0 0 0.3331813005828258 -0.9428627794869923 5.603833989246283
cell 12.190071128402806 16.450893782081284 0.0 1.6431676725154984 0.6085806194501846 1 0 0 0.9957827263049804 0.09174291249257535 2.957848456053254
cell 38.29310782431604 13.839274180273318 0.0 1.0 1.0 1 0 0 0.0 1.0 0
cell 47.128670755241025 52.934496783755925 0.0 1.0 1.0 1 0 0 0.0 1.0 0
cell 50.58604293981604 48.25640788547948 0.0 1.0 1.0 1 0 0 0.0 1.0 0
cell 56.843540775969046 19.889413091420682 0.0 1.0 1.0 1 0 0 0.0 1.0 0
cell 24.330939488254817 35.26937022080366 0.0 1.0 1.0 1 0 0 0.0 1.0 0
cell 22.628919883474644 14.744006085171002 0.0 1.6431676725154984 0.6085806194501846 1 0 0 0.9986960568579856 -0.051050817978866014 3.243738690949815
cell 12.769815944607316 39.36271486735645 0.0 1.6431676725154984 0.6085806194501846 1 0 0 -0.05475418313810283 0.9984998645111972 6.173622148894939
cell 57.969118390250316 4.303454785761504 0.0 1.6431676725154984 0.6085806194501846 1 0 0 0.8348370671281881 0.5504971129341236 1.9756734894523482
cell 25.70461618976152 53.58768478777337 0.0 1.0 1.0 1 0 0 0.0 1.0 0
cell 46.917762401401916 1.9354329345012213 0.0 1.0 1.0 1 0 0 0.0 1.0 0
cell 13.72233624590491 44.909180829627104 0.0 1.6431676725154984 0.6085806194501846 1 0 0 0.3698606811956755 -0.9290872276086196 5.52546717942172
cell 43.4676582316076 8.134095410217984 0.0 1.0 1.0 1 0 0 0.0 1.0 0
cell 36.5287413407339 23.446806765372703 0.0 1.0 1.0 1 0 0 0.0 1.0 0
cell 30.882343498168723 26.774872455208087 0.0 1.0 1.0 1 0 0 0.0 1.0 0
cell 41.315760899287284 59.37002290974641 0.0 1.0 1.0 1 0 0 0.0 1.0 0
cell 41.63185782742404 45.80621687266831 0.0 1.0 1.0 1 0 0 0.0 1.0 0
cell 44.664877112034354 23.677971476655966 0.0 1.0 1.0 1 0 0 0.0 1.0 0
cell 58.85876008204417 56.82150285182009 0.0 1.0 1.0 1 0 0 0.0 1.0 0
cell 32.98415333612086 9.548318071259562 0.0 1.0 1.0 1 0 0 0.0 1.0 0
cell 54.01962310197576 43.63756888245099 0.0 1.0 1.0 1 0 0 0.0 1.0 0
cell 7.974144842539625 51.20701582571228 0.0 1.6431676725154984 0.6085806194501846 1 0 0 0.5039661220801142 -0.8637234208909305 5.226816215992579
cell 47.83120568397348 36.921385371801016 0.0 1.0 1.0 1 0 0 0.0 1.0 0
cell 27.64166001959367 10.450249323407279 0.0 1.0 1.0 1 0 0 0.0 1.0 0
cell 16.36493608309314 40.19830356416266 0.0 1.6431676725154984 0.6085806194501846 1 0 0 0.9656036609233516 0.2600184032168128 2.6155101303332997
cell 16.98134103805528 54.9319933423766 0.0 1.0 1.0 1 0 0 0.0 1.0 0
cell 2.628346383100665 44.20156561003106 0.0 1.0 1.0 1 0 0 0.0 1.0 0
cell 43.2323138927811 0.05242170155626084 0.0 1.0 1.0 1 0 0 0.0 1.0 0
cell 49.78079787278669 32.72649417126063 0.0 1.0 1.0 1 0 0 0.0 1.0 0
cell 31.38823060312847 50.29885441097824 0.0 1.0 1.0 1 0 0 0.0 1.0 0
cell 1.559405898420715 35.69181150474974 0.0 1.6431676725154984 0.6085806194501846 1 0 0 0.5925779309680257 0.8055131257339347 1.2685108928090687
cell 1.5910542642911043 1.9329411804197183 0.0 1.6431676725154984 0.6085806194501846 1 0 0 0.8206830477876497 0.571383702142417 1.9252108440501883
cell 37.90714285333939 45.27844022136625 0.0 1.0 1.0 1 0 0 0.0 1.0 0
cell 18.450151909789753 41.87437352409161 0.0 1.6431676725154984 0.6085806194501846 1 0 0 0.3137602523912104 0.9495022401339578 0.6383013805557591
cell 58.10619122671035 40.744095470910196 0.0 1.0 1.0 1 0 0 0.0 1.0 0
cell 0.77544306437484 15.443108564955274 0.0 1.6431676725154984 0.6085806194501846 1 0 0 -0.11908862800120934 -0.992883627964924 0.2387438551711698
cell 33.835590671566635 2.772143266839918 0.0 1.0 1.0 1 0 0 0.0 1.0 0
cell 5.909623835554903 37.684783146776006 0.0 1.6431676725154984 0.6085806194501846 1 0 0 0.8270052640755673 0.5621941774790106 1.9475195035647366
cell 6.484442092121516 22.129285234435727 0.0 1.6431676725154984 0.6085806194501846 1 0 0 0.5059720373621676 -0.8625498811127258 5.222168251207597
cell 2.607873837630067 34.94195888860725 0.0 1.6431676725154984 0.6085806194501846 1 0 0 0.6867503217619453 0.7268933866529979 1.5140178335333674
cell 42.118898471992324 52.71562885547898 0.0 1.0 1.0 1 0 0 0.0 1.0 0
cell 13.921699426619325 27.745532240445893 0.0 1.6431676725154984 0.6085806194501846 1 0 0 0.9164957690586634 0.4000443791600743 2.318462117164648
cell 24.09851200981798 25.569782350947666 0.0 1.0 1.0 1 0 0 0.0 1.0 0
cell 49.48836031726687 24.777271573503317 0.0 1.0 1.0 1 0 0 0.0 1.0 0
cell 40.91112092251288 18.080792663327568 0.0 1.0 1.0 1 0 0 0.0 1.0 0
cell 17.34743057700091 6.119109147586063 0.0 1.0 1.0 1 0 0 0.0 1.0 0
cell 51.83357377478183 37.94098051314982 0.0 1.0 1.0 1 0 0 0.0 1.0 0
cell 50.93326144931156 42.837619605084534 0.0 1.0 1.0 1 0 0 0.0 1.0 0
cell 31.837816206316827 31.73316898237059 0.0 1.0 1.0 1 0 0 0.0 1.0 0
cell 36.66204567777429 57.627489170987076 0.0 1.0 1.0 1 0 0 0.0 1.0 0
cell 1.1278426961864705 49.7939062382897 0.0 1.0 1.0 1 0 0 0.0 1.0 0
cell 25.165298108536863 34.153070291941305 0.0 1.6431676725154984 0.6085806194501846 1 0 0 0.30699885607047056 0.9517098835104227 0.6240759972195337
cell 25.739730626741096 30.61678330074202 0.0 1.0 1.0 1 0 0 0.0 1.0 0
cell 21.85417107430343 56.38374872693079 0.0 1.6431676725154984 0.6085806194501846 1 0 0 0.934190074777053 0.3567757057144506 2.41196430156161
cell 45.482115421389764 13.310859888253558 0.0 1.0 1.0 1 0 0 0.0 1.0 0
cell 22.241767778073456 44.32935382917263 0.0 1.6431676725154984 0.6085806194501846 1 0 0 -0.3568822706717225 -0.9341493696835615 0.7298565010563962
cell 45.40634259951391 8.500862857910835 0.0 1.0 1.0 1 0 0 0.0 1.0 0
cell 27.951186084523293 36.98171025279997 0.0 1.0 1.0 1 0 0 0.0 1.0 0
cell 35.99788804806342 16.904977970654546 0.0 1.0 1.0 1 0 0 0.0 1.0 0
cell 16.27267954405703 7.8055479099418665 0.0 1.0 1.0 1 0 0 0.0 1.0 0
cell 7.089559936331673 34.586372055533175 0.0 1.6431676725154984 0.6085806194501846 1 0 0 0.8114238654488383 0.5844581341551041 1.893168452109435
cell 53.280624284796666 15.372819792794216 0.0 1.0 1.0 1 0 0 0.0 1.0 0
cell 23.280504006526833 49.77434761393396 0.0 1.0 1.0 1 0 0 0.0 1.0 0
cell 39.41811045100701 3.8953445772288866 0.0 1.0 1.0 1 0 0 0.0 1.0 0
cell 35.995602756074206 45.60761585136743 0.0 1.0 1.0 1 0 0 0.0 1.0 0
cell 47.517531894891185 49.15774943043799 0.0 1.0 1.0 1 0 0 0.0 1.0 0
cell 22.286610336769584 42.40883524212914 0.0 1.0 1.0 1 0 0 0.0 1.0 0
cell 5.025331676433249 40.24212674757239 0.0 1.0 1.0 1 0 0 0.0 1.0 0
cell 48.63997687859916 47.7618455804299 0.0 1.0 1.0 1 0 0 0.0 1.0 0
cell 29.86606648480863 10.667449087134296 0.0 1.0 1.0 1 0 0 0.0 1.0 0
cell 55.49509187366246 59.50115199134009 0.0 1.0 1.0 1 0 0 0.0 1.0 0
cell 44.625140448940286 25.708380667534744 0.0 1.0 1.0 1 0 0 0.0 1.0 0
cell 36.401054265451336 20.912985806808077 0.0 1.0 1.0 1 0 0 0.0 1.0 0
cell 3.7274095641931897 25.182769344319293 0.0 1.6431676725154984 0.6085806194501846 1 0 0 -0.3869806927532228 -0.9220878176379058 0.7947098180705119
cell 2.84865590571578 31.210839849986925 0.0 1.6431676725154984 0.6085806194501846 1 0 0 0.715112021148426 0.6990098691785498 1.5935687005459191
cell 5.2212931289319835 12.31623874568172 0.0 1.0 1.0 1 0 0 0.0 1.0 0
cell 47.260844522845304 3.869457286511557 0.0 1.0 1.0 1 0 0 0.0 1.0 0
cell 21.30828946663192 40.62644288505604 0.0 1.0 1.0 1 0 0 0.0 1.0 0
cell 21.551769175463594 9.55967641578874 0.0 1.6431676725154984 0.6085806194501846 1 0 0 0.3805684629698095 0.924752748032033 0.7808218753064562
cell 52.50910445346098 35.01461662729585 0.0 1.0 1.0 1 0 0 0.0 1.0 0
cell 50.176168797229934 44.61464138460064 0.0 1.0 1.0 1 0 0 0.0 1.0 0
cell 39.560988096491556 12.316105408052634 0.0 1.0 1.0 1 0 0 0.0 1.0 0
cell 18.76613343637091 4.6462541553200545 0.0 1.0 1.0 1 0 0 0.0 1.0 0
cell 21.104630163082692 52.17824387323258 0.0 1.0 1.0 1 0 0 0.0 1.0 0
cell 15.257420231068243 9.292983911009355 0.0 1.6431676725154984 0.6085806194501846 1 0 0 0.5153565594557665 0.8569758553342767 1.0828473286377163
cell 56.788007952811846 50.94935745091411 0.0 1.6431676725154984 0.6085806194501846 1 0 0 0.9893768507999169 0.14537347454483907 2.8498117602586905
cell 23.74857109715905 12.786489533922353 0.0 1.6431676725154984 0.6085806194501846 1 0 0 0.9997063616121968 -0.024232015023590712 3.1900614278274264
cell 33.95479896476154 51.93592966441367 0.0 1.0 1.0 1 0 0 0.0 1.0 0
cell 38.235218089140176 47.16394362543618 0.0 1.0 1.0 1 0 0 0.0 1.0 0
cell 37.86853919236763 20.016465171153015 0.0 1.0 1.0 1 0 0 0.0 1.0 0
cell 53.9854723490554 52.41656222103114 0.0 1.6431676725154984 0.6085806194501846 1 0 0 0.9692687889937269 0.2460040948493219 2.6444816799698954
cell 35.745081523449194 3.147253709248379 0.0 1.0 1.0 1 0 0 0.0 1.0 0
cell 48.31928522849891 44.328223248481294 0.0 1.0 1.0 1 0 0 0.0 1.0 0
cell 44.255931632018516 16.197700025194802 0.0 1.0 1.0 1 0 0 0.0 1.0 0
cell 49.375124853035565 57.51942686114695 0.0 1.0 1.0 1 0 0 0.0 1.0 0
cell 27.019426867299877 55.663926371403484 0.0 1.6431676725154984 0.6085806194501846 1 0 0 0.19792828560105252 0.9802165035128863 0.39848788133559415
cell 41.2993369528813 7.396240873515344 0.0 1.0 1.0 1 0 0 0.0 1.0 0
cell 44.175785773880534 9.848259999038904 0.0 1.0 1.0 1 0 0 0.0 1.0 0
cell 50.84446316864402 52.01834122994836 0.0 1.0 1.0 1 0 0 0.0 1.0 0
cell 42.78327057867465 41.28158940907407 0.0 1.0 1.0 1 0 0 0.0 1.0 0
cell 25.233047002447723 51.011174880425436 0.0 1.6431676725154984 0.6085806194501846 1 0 0 0.0986106109743747 -0.9951260962326637 6.085643046840594
cell 42.522703032843914 4.648631349067941 0.0 1.6431676725154984 0.6085806194501846 1 0 0 -0.43799803557652334 0.8989759289497726 5.37644426065153
cell 29.319575135972535 47.30088841298543 0.0 1.0 1.0 1 0 0 0.0 1.0 0
cell 20.334004773085116 1.5966155012109315 0.0 1.0 1.0 1 0 0 0.0 1.0 0
cell 52.83469149704945 13.45113668636372 0.0 1.0 1.0 1 0 0 0.0 1.0 0
cell 6.430225619230341 29.469481574681605 0.0 1.6431676725154984 0.6085806194501846 1 0 0 0.4719787386185169 -0.8816099309173381 5.30011752019661
cell 32.22711567592482 7.707547708416974 0.0 1.0 1.0 1 0 0 0.0 1.0 0
cell 56.27255270678394 35.30653298650468 0.0 1.6431676725154984 0.6085806194501846 1 0 0 0.4991943463178959 -0.8664900487623898 5.237847834339802
cell 35.878091391962286 59.50261976606482 0.0 1.0 1.0 1 0 0 0.0 1.0 0
cell 35.80428476326395 51.42305493788714 0.0 1.0 1.0 1 0 0 0.0 1.0 0
cell 56.19027245025604 41.361813863131225 0.0 1.0 1.0 1 0 0 0.0 1.0 0
cell 41.11149359253616 4.039528817696354 0.0 1.0 1.0 1 0 0 0.0 1.0 0
cell 34.95089353230494 1.300736640656795 0.0 1.0 1.0 1 0 0 0.0 1.0 0
cell 0.8647944086038385 33.03049818328724 0.0 1.0 1.0 1 0 0 0.0 1.0 0
cell 50.846002914674976 7.906770284678107 0.0 1.0 1.0 1 0 0 0.0 1.0 0
cell 2.7949954300358333 55.76777718188334 0.0 1.6431676725154984 0.6085806194501846 1 0 0 0.8919835175383748 0.4520679201623001 2.2034280141477676
cell 48.410671563718225 26.21970178255866 0.0 1.0 1.0 1 0 0 0.0 1.0 0
cell 23.645852235287673 18.279670923742742 0.0 1.0 1.0 1 0 0 0.0 1.0 0
cell 59.29684586861802 37.18863258581272 0.0 1.0 1.0 1 0 0 0.0 1.0 0
cell 33.18107434409238 0.7034334241016278 0.0 1.0 1.0 1 0 0 0.0 1.0 0
cell 57.52663068232339 18.024285197626636 0.0 1.0 1.0 1 0 0 0.0 1.0 0
cell 19.441864456823023 47.26122789514332 0.0 1.0 1.0 1 0 0 0.0 1.0 0
cell 7.1047210271114745 43.308223210929924 0.0 1.6431676725154984 0.6085806194501846 1 0 0 0.936451088505499 0.3507981739360484 2.424746039824587
cell 44.30614211516809 30.781065295688226 0.0 1.0 1.0 1 0 0 0.0 1.0 0
cell 54.372588518117794 29.71482234430113 0.0 1.0 1.0 1 0 0 0.0 1.0 0
cell 11.975796217120479 14.441959212794684 0.0 1.6431676725154984 0.6085806194501846 1 0 0 0.7589890699234497 0.6511033648636265 1.723518130628474
cell 40.546355587998804 57.60499191980575 0.0 1.0 1.0 1 0 0 0.0 1.0 0
cell 28.3852795245337 34.74025773487187 0.0 1.0 1.0 1 0 0 0.0 1.0 0
cell 3.4506770153127566 51.928874366860356 0.0 1.6431676725154984 0.6085806194501846 1 0 0 0.7546484825361054 0.6561293072298733 1.7102364202551361
cell 28.9114828868923 32.89629594971682 0.0 1.0 1.0 1 0 0 0.0 1.0 0
cell 10.620446230335602 28.435527789280634 0.0 1.6431676725154984 0.6085806194501846 1 0 0 0.9401237855212697 0.3408331965891197 2.445986617691733
cell 54.35921817817258 41.60657796035081 0.0 1.0 1.0 1 0 0 0.0 1.0 0
cell 58.78086412211317 13.153461510016431 0.0 1.0 1.0 1 0 0 0.0 1.0 0
cell 33.858471103039506 28.606125674889288 0.0 1.0 1.0 1 0 0 0.0 1.0 0
cell 27.536232540710564 16.308799260392945 0.0 1.0 1.0 1 0 0 0.0 1.0 0
cell 28.136645157221796 50.07059851268853 0.0 1.6431676725154984 0.6085806194501846 1 0 0 0.1728821222545498 0.9849425220817521 0.3475102108166416
cell 14.453407743404968 46.506275786807 0.0 1.6431676725154984 0.6085806194501846 1 0 0 0.6585685905982526 -0.7525207050157697 4.845355265174433
cell 9.684522402774878 8.498926569798394 0.0 1.6431676725154984 0.6085806194501846 1 0 0 0.8546774044143414 -0.5191594498644557 4.2333270255108975
cell 31.745676524405887 11.018905881436568 0.0 1.0 1.0 1 0 0 0.0 1.0 0
cell 57.338882143280365 53.95123142816563 0.0 1.0 1.0 1 0 0 0.0 1.0 0
cell 45.131819347482235 46.06731513214592 0.0 1.0 1.0 1 0 0 0.0 1.0 0
cell 42.02135918153583 9.2348515608792 0.0 1.0 1.0 1 0 0 0.0 1.0 0
cell 23.75731058149904 30.28555421522007 0.0 1.0 1.0 1 0 0 0.0 1.0 0
cell 21.458087547354726 17.61227164395168 0.0 1.6431676725154984 0.6085806194501846 1 0 0 0.7610249052269837 0.6487226631036259 1.7297830725361825
cell 41.405056419026025 54.56471155832725 0.0 1.0 1.0 1 0 0 0.0 1.0 0
cell 2.5155696665224534 40.37598509126235 0.0 1.6431676725154984 0.6085806194501846 1 0 0 0.5826114659477665 0.8127508103632961 1.243876248753146
cell 50.98468151007909 18.562145279943753 0.0 1.0 1.0 1 0 0 0.0 1.0 0
cell 19.398810748320134 36.6933427845364 0.0 1.0 1.0 1 0 0 0.0 1.0 0
cell 9.797584352452118 12.047802399232078 0.0 1.6431676725154984 0.6085806194501846 1 0 0 0.9915697189702695 -0.12957427376304653 3.401471897395404
cell 46.13169533599135 37.82282611279187 0.0 1.0 1.0 1 0 0 0.0 1.0 0
cell 38.66073735422731 2.176254323535491 0.0 1.0 1.0 1 0 0 0.0 1.0 0
cell 57.70301507045264 36.0871149642837 0.0 1.0 1.0 1 0 0 0.0 1.0 0
cell 8.895489018971045 9.382231786526242 0.0 1.6431676725154984 0.6085806194501846 1 0 0 0.8361787448580176 -0.5484570235193185 4.3026283489136565
cell 9.227731437156304 24.890061734160227 0.0 1.6431676725154984 0.6085806194501846 1 0 0 0.7904535365385305 -0.6125220049710297 4.460087136636676
cell 38.29208612369204 49.12874646311844 0.0 1.0 1.0 1 0 0 0.0 1.0 0
cell 59.116548085534546 29.237820673385425 0.0 1.6431676725154984 0.6085806194501846 1 0 0 0.2480329619321635 -0.9687515934413516 5.78188683097189
cell 35.67131801620676 49.431675800136595 0.0 1.0 1.0 1 0 0 0.0 1.0 0
cell 16.339536669772706 44.53912942995975 0.0 1.6431676725154984 0.6085806194501846 1 0 0 0.8134636475068688 -0.5816157616372003 4.383019768573846
cell 6.754489818036299 41.30130837954842 0.0 1.0 1.0 1 0 0 0.0 1.0 0
cell 28.063671381864847 1.9158923303377593 0.0 1.0 1.0 1 0 0 0.0 1.0 0
cell 47.43282979935122 8.84517629905792 0.0 1.0 1.0 1 0 0 0.0 1.0 0
cell 33.92131373773623 25.30858776031374 0.0 1.0 1.0 1 0 0 0.0 1.0 0
cell 21.27635866279099 58.13305613885131 0.0 1.6431676725154984 0.6085806194501846 1 0 0 0.9947332089534926 0.10249801463973451 2.936235973990688
cell 16.332754867374828 27.480329870022796 0.0 1.6431676725154984 0.6085806194501846 1 0 0 0.9892945494553912 0.14593249952582385 2.8486816585833163
cell 28.998418156329656 8.980122616703124 0.0 1.0 1.0 1 0 0 0.0 1.0 0
cell 51.66424250099406 33.314058386521154 0.0 1.0 1.0 1 0 0 0.0 1.0 0
cell 21.353853544928654 37.04729838022224 0.0 1.0 1.0 1 0 0 0.0 1.0 0
cell 13.365110239408265 41.3830842455696 0.0 1.6431676725154984 0.6085806194501846 1 0 0 0.9761121765633272 0.217267159885713 2.703564904350023
cell 57.855651127820245 34.22392571057754 0.0 1.0 1.0 1 0 0 0.0 1.0 0
cell 50.50414317643172 23.38185171793996 0.0 1.0 1.0 1 0 0 0.0 1.0 0
cell 36.38041030936209 13.545718235590831 0.0 1.0 1.0 1 0 0 0.0 1.0 0
cell 45.97177923643583 15.150496824818967 0.0 1.0 1.0 1 0 0 0.0 1.0 0
cell 6.599784313127051 5.510259819374907 0.0 1.6431676725154984 0.6085806194501846 1 0 0 0.5816061118291662 -0.8134705469056389 5.041781917329757
cell 52.71203437084401 8.433406092864818 0.0 1.0 1.0 1 0 0 0.0 1.0 0
cell 49.26640084569017 35.78404858949855 0.0 1.0 1.0 1 0 0 0.0 1.0 0
cell 54.48107036290833 27.958414666691198 0.0 1.0 1.0 1 0 0 0.0 1.0 0
cell 50.07701853980781 11.09678757847762 0.0 1.0 1.0 1 0 0 0.0 1.0 0
cell 7.134359659840761 10.891781246229154 0.0 1.6431676725154984 0.6085806194501846 1 0 0 0.6564550270530447 0.7543651618790375 1.432219631274943
cell 13.543462068969879 34.35568853081962 0.0 1.6431676725154984 0.6085806194501846 1 0 0 0.8867940424698054 0.4621648258360441 2.180722989168512
cell 27.572978288934497 40.9379019506091 0.0 1.0 1.0 1 0 0 0.0 1.0 0
cell 45.877324601693935 51.3832591494473 0.0 1.0 1.0 1 0 0 0.0 1.0 0
cell 52.44046225438982 49.03435269785329 0.0 1.0 1.0 1 0 0 0.0 1.0 0
cell 27.56518498612647 54.30150159842209 0.0 1.0 1.0 1 0 0 0.0 1.0 0
cell 52.04961844221692 4.561747379999199 0.0 1.6431676725154984 0.6085806194501846 1 0 0 0.9930932162206564 -0.11732801837801822 3.37679042680716
cell 53.483913209171206 20.99558325139878 0.0 1.0 1.0 1 0 0 0.0 1.0 0
cell 46.62172245669029 7.188809669930251 0.0 1.0 1.0 1 0 0 0.0 1.0 0
cell 29.721646232006158 36.239560350927476 0.0 1.0 1.0 1 0 0 0.0 1.0 0
cell 18.265860805427913 8.053509256650289 0.0 1.0 1.0 1 0 0 0.0 1.0 0
cell 24.742426360944584 39.13538590058281 0.0 1.0 1.0 1 0 0 0.0 1.0 0
cell 49.233574215114324 18.070850703979254 0.0 1.0 1.0 1 0 0 0.0 1.0 0
cell 17.87748888156681 2.4161167528183585 0.0 1.0 1.0 1 0 0 0.0 1.0 0
cell 49.60204015827521 19.992628611586852 0.0 1.0 1.0 1 0 0 0.0 1.0 0
cell 30.99734511656882 39.19549950945694 0.0 1.0 1.0 1 0 0 0.0 1.0 0
cell 13.912952503100495 42.30108566530337 0.0 1.6431676725154984 0.6085806194501846 1 0 0 -0.2674257924593209 0.963578458418153 5.741744248787705
cell 32.47536910647524 54.8609547822846 0.0 1.0 1.0 1 0 0 0.0 1.0 0
cell 40.685987196354205 30.404020782216996 0.0 1.0 1.0 1 0 0 0.0 1.0 0
cell 4.405601797608323 53.00501818310202 0.0 1.6431676725154984 0.6085806194501846 1 0 0 0.7981317299028862 0.6024829804419594 1.8483757331784096
cell 26.07852345202669 25.11239534884176 0.0 1.0 1.0 1 0 0 0.0 1.0 0
cell 42.84489761959792 6.359159140868366 0.0 1.0 1.0 1 0 0 0.0 1.0 0
cell 58.606846260587396 55.02261972503854 0.0 1.0 1.0 1 0 0 0.0 1.0 0
cell 28.075746862893553 19.405602528430148 0.0 1.0 1.0 1 0 0 0.0 1.0 0
cell 48.511857989587654 23.04217231829524 0.0 1.0 1.0 1 0 0 0.0 1.0 0
cell 50.71724181854871 12.999398118361139 0.0 1.0 1.0 1 0 0 0.0 1.0 0
cell 51.764943793550714 55.63301066743471 0.0 1.0 1.0 1 0 0 0.0 1.0 0
cell 42.971348417628846 22.93618057353013 0.0 1.0 1.0 1 0 0 0.0 1.0 0
cell 20.645188331619547 5.948705845319565 0.0 1.6431676725154984 0.6085806194501846 1 0 0 0.8365534151076613 -0.5478853745736499 4.301261366351604
cell 14.063281563372058 58.59301375670786 0.0 1.6431676725154984 0.6085806194501846 1 0 0 0.9491962583790947 -0.31468470423445555 3.781841582470722
cell 39.13804585890519 39.20477950758093 0.0 1.0 1.0 1 0 0 0.0 1.0 0
cell 4.727730708354291 4.232939935156222 0.0 1.0 1.0 1 0 0 0.0 1.0 0
cell 6.286969693683855 1.8819520534629042 0.0 1.0 1.0 1 0 0 0.0 1.0 0
cell 31.177699083179387 37.201453888972814 0.0 1.0 1.0 1 0 0 0.0 1.0 0
cell 35.802367195510755 38.98180083945086 0.0 1.0 1.0 1 0 0 0.0 1.0 0
cell 52.33853270271274 58.77334441084942 0.0 1.0 1.0 1 0 0 0.0 1.0 0
cell 9.015422896724338 19.26318272521349 0.0 1.6431676725154984 0.6085806194501846 1 0 0 0.829899969301867 -0.5579122161709313 4.3253285756569575
cell 6.054387282148138 33.40984133441423 0.0 1.0 1.0 1 0 0 0.0 1.0 0
cell 32.68888989577086 38.485308994652634 0.0 1.0 1.0 1 0 0 0.0 1.0 0
cell 4.190063364173387 10.92322089223437 0.0 1.6431676725154984 0.6085806194501846 1 0 0 0.27335596129549433 -0.96191294742519 5.729425003802287
cell 34.20634233804238 8.00762296741918 0.0 1.0 1.0 1 0 0 0.0 1.0 0
cell 50.39670013055337 59.2480206151954 0.0 1.0 1.0 1 0 0 0.0 1.0 0
cell 33.49693849857512 41.48811257652825 0.0 1.6431676725154984 0.6085806194501846 1 0 0 0.9535969384823948 0.3010861652700165 2.5299297160453857
cell 59.20133961734589 25.215440706297404 0.0 1.0 1.0 1 0 0 0.0 1.0 0
cell 34.425268420274996 13.232897147447524 0.0 1.0 1.0 1 0 0 0.0 1.0 0
cell 17.616260972392627 57.84453535007338 0.0 1.6431676725154984 0.6085806194501846 1 0 0 -0.9469171830359908 -0.3214776018188265 2.487013635854673
cell 45.71067210249326 56.6496860488543 0.0 1.0 1.0 1 0 0 0.0 1.0 0
cell 56.207624215120944 49.748562398820795 0.0 1.6431676725154984 0.6085806194501846 1 0 0 0.9392981901679011 0.34310189440938027 2.4411581188284392
cell 25.623270686173587 5.04960477335709 0.0 1.0 1.0 1 0 0 0.0 1.0 0
cell 43.127744230089846 43.10255341871821 0.0 1.0 1.0 1 0 0 0.0 1.0 0
cell 20.213661392338818 28.362719375389595 0.0 1.6431676725154984 0.6085806194501846 1 0 0 0.9741688150420419 0.22582099060889782 2.6860212254402906
cell 26.348222624906168 6.8908412601133815 0.0 1.0 1.0 1 0 0 0.0 1.0 0
cell 7.860340260563299 35.441644734228774 0.0 1.6431676725154984 0.6085806194501846 1 0 0 0.9014835735255972 0.4328133161809134 2.2463702334061337
cell 30.964928494745678 22.0139000168552 0.0 1.0 1.0 1 0 0 0.0 1.0 0
cell 13.41124044198859 5.161444659892426 0.0 1.0 1.0 1 0 0 0.0 1.0 0
cell 41.78660591757496 28.492813120094073 0.0 1.0 1.0 1 0 0 0.0 1.0 0
cell 13.081022615045745 47.50350017014939 0.0 1.6431676725154984 0.6085806194501846 1 0 0 0.5889798377426148 -0.8081477282852951 5.0235934812323695
cell 50.293819188295885 1.5044649306874858 0.0 1.0 1.0 1 0 0 0.0 1.0 0
cell 39.45021849022748 35.55543396419686 0.0 1.0 1.0 1 0 0 0.0 1.0 0
cell 9.961499059926409 34.64476926209081 0.0 1.6431676725154984 0.6085806194501846 1 0 0 0.9440393778638423 0.32983276526514105 2.4693398103484396
cell 38.91286036444185 52.3262510227439 0.0 1.0 1.0 1 0 0 0.0 1.0 0
cell 31.720462779026715 35.238879508876565 0.0 1.0 1.0 1 0 0 0.0 1.0 0
cell 14.36686058298583 56.71871738498563 0.0 1.0 1.0 1 0 0 0.0 1.0 0
cell 17.545911835968493 51.9981160312127 0.0 1.0 1.0 1 0 0 0.0 1.0 0
cell 44.98476827593211 27.548123521357727 0.0 1.0 1.0 1 0 0 0.0 1.0 0
cell 4.403470231980503 13.808393260511812 0.0 1.0 1.0 1 0 0 0.0 1.0 0
cell 35.36415272894712 53.37250635184444 0.0 1.0 1.0 1 0 0 0.0 1.0 0
cell 47.00113778086076 0.23381765068643748 0.0 1.0 1.0 1 0 0 0.0 1.0 0
cell 43.083556897543 26.962918820683775 0.0 1.0 1.0 1 0 0 0.0 1.0 0
cell 5.761055261227372 45.1154823858331 0.0 1.6431676725154984 0.6085806194501846 1 0 0 0.9993086229552094 0.03717897372659872 3.067217564936767
cell 52.32369420513709 6.464034195329466 0.0 1.0 1.0 1 0 0 0.0 1.0 0
cell 54.85602145163546 13.435388717481144 0.0 1.0 1.0 1 0 0 0.0 1.0 0
cell 17.755541055557384 46.61835068618128 0.0 1.0 1.0 1 0 0 0.0 1.0 0
cell 40.07639113784935 37.463851778641 0.0 1.0 1.0 1 0 0 0.0 1.0 0
cell 19.378629981144464 11.869583997511032 0.0 1.6431676725154984 0.6085806194501846 1 0 0 0.9276085262980168 0.37355377382543137 2.3759182675132213
cell 38.240196973440376 23.933634464440644 0.0 1.0 1.0 1 0 0 0.0 1.0 0
cell 28.05275518521046 27.95165623797099 0.0 1.0 1.0 1 0 0 0.0 1.0 0
cell 52.233893852804556 47.32124326938772 0.0 1.0 1.0 1 0 0 0.0 1.0 0
cell 34.6888008255305 37.31017255185812 0.0 1.0 1.0 1 0 0 0.0 1.0 0
cell 38.41251692230284 5.333598525082683 0.0 1.0 1.0 1 0 0 0.0 1.0 0
cell 35.77084563237494 47.478560123246275 0.0 1.0 1.0 1 0 0 0.0 1.0 0
cell 50.41115532223635 54.15331435678639 0.0 1.0 1.0 1 0 0 0.0 1.0 0
cell 35.89322728225121 25.268755410618695 0.0 1.0 1.0 1 0 0 0.0 1.0 0
cell 35.383833857484746 6.488092482528209 0.0 1.0 1.0 1 0 0 0.0 1.0 0
cell 52.42437839714153 54.09974403231051 0.0 1.0 1.0 1 0 0 0.0 1.0 0
cell 2.3668540140037035 25.61007231752591 0.0 1.6431676725154984 0.6085806194501846 1 0 0 0.27432574113300984 0.9616368273687447 0.5557769494096662
cell 19.55006317152226 3.0660672349349856 0.0 1.6431676725154984 0.6085806194501846 1 0 0 0.8715191266127064 -0.49036151148741824 4.16660167497822
cell 19.911748948381785 45.34873524572485 0.0 1.0 1.0 1 0 0 0.0 1.0 0
cell 54.23829850441291 58.20430914963851 0.0 1.0 1.0 1 0 0 0.0 1.0 0
cell 23.705555317661428 4.839728078319688 0.0 1.0 1.0 1 0 0 0.0 1.0 0
cell 7.752302886080564 3.301380351997595 0.0 1.6431676725154984 0.6085806194501846 1 0 0 0.7501423742849658 -0.6612763554688118 4.58663059729174
cell 57.17021962504084 44.788363232810426 0.0 1.0 1.0 1 0 0 0.0 1.0 0
cell 44.77538475085471 38.53507258753117 0.0 1.6431676725154984 0.6085806194501846 1 0 0 0.9189825078055249 -0.39429830122315807 3.95220098424844
cell 13.582808520780514 8.391702595407546 0.0 1.6431676725154984 0.6085806194501846 1 0 0 0.6330331185572293 0.7741247126979663 1.3709301823912308
cell 54.50545195991346 35.117745178930676 0.0 1.0 1.0 1 0 0 0.0 1.0 0
cell 48.780380144653925 0.7616002860004296 0.0 1.0 1.0 1 0 0 0.0 1.0 0
cell 35.645200871835385 11.694646029869741 0.0 1.0 1.0 1 0 0 0.0 1.0 0
cell 38.10383060667622 8.665094185719536 0.0 1.0 1.0 1 0 0 0.0 1.0 0
cell 47.410050696633895 57.43987364781834 0.0 1.0 1.0 1 0 0 0.0 1.0 0
cell 38.6449409883118 33.82197395595963 0.0 1.0 1.0 1 0 0 0.0 1.0 0
cell 15.614194094831925 33.40654874071064 0.0 1.6431676725154984 0.6085806194501846 1 0 0 0.9335316594836519 0.3584949661316026 2.408282254284408
cell 4.142864098008166 8.511322413564734 0.0 1.6431676725154984 0.6085806194501846 1 0 0 0.2553897403074367 0.9668381873642042 0.5165015797229244
cell 51.86821043149793 16.782439969192254 0.0 1.0 1.0 1 0 0 0.0 1.0 0
cell 56.06402188551834 30.812671923776747 0.0 1.0 1.0 1 0 0 0.0 1.0 0
cell 28.812303845747817 3.7498872459745005 0.0 1.0 1.0 1 0 0 0.0 1.0 0
cell 23.271195180996823 40.41108872658046 0.0 1.0 1.0 1 0 0 0.0 1.0 0
cell 7.07358041434215 14.096456796555477 0.0 1.6431676725154984 0.6085806194501846 1 0 0 0.8618046633967799 -0.5072403002005687 4.205551709195782
cell 25.474773780292338 21.7388176806186 0.0 1.0 1.0 1 0 0 0.0 1.0 0
cell 12.316921255811623 40.74133210725607 0.0 1.6431676725154984 0.6085806194501846 1 0 0 -0.20104164365282187 0.9795826955991882 5.8783429882380585
cell 16.807324946771665 48.386752546242406 0.0 1.0 1.0 1 0 0 0.0 1.0 0
cell 26.96280675141389 34.77853567641952 0.0 1.6431676725154984 0.6085806194501846 1 0 0 0.4386002509188011 0.8986822685988439 0.9080810461354817
cell 41.14690276481736 41.473819128868584 0.0 1.0 1.0 1 0 0 0.0 1.0 0
cell 57.85298183061564 52.06285437336791 0.0 1.0 1.0 1 0 0 0.0 1.0 0
cell 1.8031631835807627 31.95373254557684 0.0 1.6431676725154984 0.6085806194501846 1 0 0 0.507078896004269 0.8618996422015105 1.0635845036708251
cell 26.933007671221095 29.331926459954094 0.0 1.0 1.0 1 0 0 0.0 1.0 0
cell 10.01619749335033 40.62408518088091 0.0 1.6431676725154984 0.6085806194501846 1 0 0 -0.17066425897636517 0.9853292397508805 5.940177749010937
cell 49.844553029379824 41.15666363157079 0.0 1.0 1.0 1 0 0 0.0 1.0 0
cell 39.52319642111534 21.081818438877214 0.0 1.0 1.0 1 0 0 0.0 1.0 0
cell 31.953755954723253 52.168268108948155 0.0 1.0 1.0 1 0 0 0.0 1.0 0
cell 25.542570136158318 16.2837464141672 0.0 1.0 1.0 1 0 0 0.0 1.0 0
cell 44.44170450637548 58.29197625954213 0.0 1.0 1.0 1 0 0 0.0 1.0 0
cell 15.047000315985889 4.1699336462868875 0.0 1.0 1.0 1 0 0 0.0 1.0 0
cell 8.868335487374505 21.727936125533187 0.0 1.6431676725154984 0.6085806194501846 1 0 0 0.7694574019218988 -0.6386981341976831 4.527202949601255
cell 47.36118922174991 30.147585072366926 0.0 1.0 1.0 1 0 0 0.0 1.0 0
cell 31.88787246693242 28.47639720608468 0.0 1.0 1.0 1 0 0 0.0 1.0 0
cell 49.347079452483236 3.732422989229893 0.0 1.6431676725154984 0.6085806194501846 1 0 0 0.9936445479345081 0.11256337041874315 2.9159877696015104
cell 56.09059924385077 6.3478446446623416 0.0 1.6431676725154984 0.6085806194501846 1 0 0 0.9585370534838239 0.2849679229291411 2.5636467268003176
cell 25.035782835254103 28.70679989237478 0.0 1.0 1.0 1 0 0 0.0 1.0 0
cell 27.85484326791785 48.3084741416335 0.0 1.0 1.0 1 0 0 0.0 1.0 0
cell 39.81530247566667 55.76306908977222 0.0 1.0 1.0 1 0 0 0.0 1.0 0
cell 32.95884387867257 36.789445821678335 0.0 1.0 1.0 1 0 0 0.0 1.0 0
cell 41.60084332089478 37.801649128587535 0.0 1.0 1.0 1 0 0 0.0 1.0 0
cell 44.478327147715106 36.73170659553188 0.0 1.0 1.0 1 0 0 0.0 1.0 0
cell 17.159407138847556 42.9161870193527 0.0 1.0 1.0 1 0 0 0.0 1.0 0
cell 27.461424808174527 14.756632013629465 0.0 1.0 1.0 1 0 0 0.0 1.0 0
cell 12.724025388833704 11.564349745038198 0.0 1.6431676725154984 0.6085806194501846 1 0 0 0.6838357331079181 0.7296359983750501 1.50601364276648
cell 35.17709260946731 15.059956523374643 0.0 1.0 1.0 1 0 0 0.0 1.0 0
cell 0.3216842974494562 41.00963522042786 0.0 1.0 1.0 1 0 0 0.0 1.0 0
cell 30.61787680494806 42.96006650355425 0.0 1.6431676725154984 0.6085806194501846 1 0 0 0.9740094757027912 0.22650726531653215 2.6846121661513993
cell 19.208480026209536 54.82166484549897 0.0 1.0 1.0 1 0 0 0.0 1.0 0
cell 58.97694752743618 33.0406446605238 0.0 1.0 1.0 1 0 0 0.0 1.0 0
cell 18.116390418815982 53.47812871660526 0.0 1.6431676725154984 0.6085806194501846 1 0 0 0.991925725839926 0.12682016565568754 2.8872674559900844
cell 58.734408855361366 6.038871569634537 0.0 1.6431676725154984 0.6085806194501846 1 0 0 0.9864517777297515 0.16405148647242745 2.8119998664397268
cell 12.11266838097402 1.5665057215178753 0.0 1.0 1.0 1 0 0 0.0 1.0 0
cell 20.93064680198023 59.61750139826191 0.0 1.0 1.0 1 0 0 0.0 1.0 0
cell 50.98503727026016 39.528917801576384 0.0 1.0 1.0 1 0 0 0.0 1.0 0
cell 29.504883392259558 15.826641296853506 0.0 1.0 1.0 1 0 0 0.0 1.0 0
cell 57.56871374347788 7.461788662701793 0.0 1.0 1.0 1 0 0 0.0 1.0 0
cell 7.076848396418577 7.676316530411501 0.0 1.6431676725154984 0.6085806194501846 1 0 0 0.7318744737113027 -0.6814394725357519 4.64104798980777
cell 30.787181248190898 46.379140540116936 0.0 1.0 1.0 1 0 0 0.0 1.0 0
cell 37.60556679343579 50.996074249935766 0.0 1.0 1.0 1 0 0 0.0 1.0 0
cell 8.15026266477161 36.65654387321718 0.0 1.6431676725154984 0.6085806194501846 1 0 0 0.9635697516257209 0.26745716246148005 2.6000864834395268
cell 57.269747578011234 25.486421171248146 0.0 1.0 1.0 1 0 0 0.0 1.0 0
cell 15.398872605118676 58.284809173559964 0.0 1.6431676725154984 0.6085806194501846 1 0 0 0.9537466998350259 -0.30061143117618955 3.7522599989934107
cell 53.965205774303634 47.740408867229156 0.0 1.0 1.0 1 0 0 0.0 1.0 0
cell 43.477313500055466 12.778598876796593 0.0 1.0 1.0 1 0 0 0.0 1.0 0
cell 55.95739928478686 7.967862572160175 0.0 1.0 1.0 1 0 0 0.0 1.0 0
cell 41.69764183595396 44.02949465010522 0.0 1.0 1.0 1 0 0 0.0 1.0 0
cell 37.852471664513935 28.716686927035596 0.0 1.0 1.0 1 0 0 0.0 1.0 0
cell 28.715015010660878 22.634581857440697 0.0 1.0 1.0 1 0 0 0.0 1.0 0
cell 47.724456034328604 51.05702071354989 0.0 1.0 1.0 1 0 0 0.0 1.0 0
cell 23.79918153868058 32.225056804145595 0.0 1.6431676725154984 0.6085806194501846 1 0 0 0.33974520499850336 0.9405175148185838 0.6932919498061707
cell 3.0258470016540575 22.586703500675576 0.0 1.6431676725154984 0.6085806194501846 1 0 0 0.989171071478722 0.14676713307017056 2.84699422265114
cell 32.6927251602165 49.37674793518026 0.0 1.0 1.0 1 0 0 0.0 1.0 0
cell 14.01304619882947 14.566546365769655 0.0 1.6431676725154984 0.6085806194501846 1 0 0 0.9737071541670111 0.22780337557635189 2.6819503619677185
cell 38.897201446341526 15.564602874661109 0.0 1.0 1.0 1 0 0 0.0 1.0 0
cell 39.79691769092717 28.736429454816083 0.0 1.0 1.0 1 0 0 0.0 1.0 0
cell 22.33756891826275 32.58484233929544 0.0 1.6431676725154984 0.6085806194501846 1 0 0 -0.2831750772027257 -0.9590682330529097 0.574206168213256
cell 18.02090712790723 37.703137767356225 0.0 1.6431676725154984 0.6085806194501846 1 0 0 0.4049488446026642 0.9143393425063625 0.8338457639846608
cell 23.533841417145176 56.473198457746534 0.0 1.6431676725154984 0.6085806194501846 1 0 0 0.9575669637430037 0.2882108775671125 2.556876840588761
cell 32.51948426362187 47.381367143448884 0.0 1.0 1.0 1 0 0 0.0 1.0 0
cell 28.889315594443413 29.77496753536921 0.0 1.0 1.0 1 0 0 0.0 1.0 0
cell 22.958413562746788 59.24971187530851 0.0 1.0 1.0 1 0 0 0.0 1.0 0
cell 48.7718440392633 12.51015816994737 0.0 1.0 1.0 1 0 0 0.0 1.0 0
cell 46.061850410831774 31.315112708806218 0.0 1.0 1.0 1 0 0 0.0 1.0 0
cell 16.744180342160185 34.8155664617645 0.0 1.6431676725154984 0.6085806194501846 1 0 0 0.9962392378278783 -0.08664514419243642 3.3151005038096466
cell 55.79752501732009 48.29644579351706 0.0 1.0 1.0 1 0 0 0.0 1.0 0
cell 34.03090161536495 42.83406068780206 0.0 1.0 1.0 1 0 0 0.0 1.0 0
cell 49.9833984928511 46.51233255975738 0.0 1.0 1.0 1 0 0 0.0 1.0 0
cell 15.156691691723738 6.116386421974037 0.0 1.0 1.0 1 0 0 0.0 1.0 0
cell 46.51720155009921 44.85504361332783 0.0 1.0 1.0 1 0 0 0.0 1.0 0
cell 19.118069709430177 23.615973721148936 0.0 1.6431676725154984 0.6085806194501846 1 0 0 0.9423930400316171 0.33450763533881717 2.459427214573432
cell 14.489452588150403 51.59615441504719 0.0 1.0 1.0 1 0 0 0.0 1.0 0
cell 34.281318130147625 44.51735780275007 0.0 1.0 1.0 1 0 0 0.0 1.0 0
cell 54.27177063213147 49.59497802065209 0.0 1.0 1.0 1 0 0 0.0 1.0 0
cell 40.802402075948116 16.093171729474324 0.0 1.0 1.0 1 0 0 0.0 1.0 0
cell 10.07315605155226 58.60303354003985 0.0 1.6431676725154984 0.6085806194501846 1 0 0 0.9505737527317781 -0.3104988576749106 3.773028221355695
cell 43.65056835893948 28.870617034529193 0.0 1.0 1.0 1 0 0 0.0 1.0 0
cell 6.109490104067191 14.774310434299098 0.0 1.6431676725154984 0.6085806194501846 1 0 0 0.8244445461332762 -0.565942744764076 4.344745245990918
cell 40.443140713639046 2.187455265420777 0.0 1.0 1.0 1 0 0 0.0 1.0 0
cell 55.36796188693586 1.6600783185300347 0.0 1.0 1.0 1 0 0 0.0 1.0 0
cell 52.89778780769214 24.167170667229975 0.0 1.0 1.0 1 0 0 0.0 1.0 0
cell 29.848377902064456 31.49614200438639 0.0 1.0 1.0 1 0 0 0.0 1.0 0
cell 34.16701205977974 48.35474745562088 0.0 1.0 1.0 1 0 0 0.0 1.0 0
cell 25.254292113290514 59.61954591708469 0.0 1.0 1.0 1 0 0 0.0 1.0 0
cell 31.89158368614842 18.318666036090665 0.0 1.0 1.0 1 0 0 0.0 1.0 0
cell 41.70953344634733 56.39038145907162 0.0 1.0 1.0 1 0 0 0.0 1.0 0
cell 55.73671907059896 17.76824669779902 0.0 1.0 1.0 1 0 0 0.0 1.0 0
cell 58.94448589364627 44.23287557332412 0.0 1.0 1.0 1 0 0 0.0 1.0 0
cell 9.27960368779401 42.779994647140875 0.0 1.6431676725154984 0.6085806194501846 1 0 0 0.9566267973203886 0.2913162725433238 2.55038764954642
cell 30.260880232563576 7.421245380018777 0.0 1.0 1.0 1 0 0 0.0 1.0 0
cell 17.529560648320206 17.072730575278097 0.0 1.6431676725154984 0.6085806194501846 1 0 0 0.4638074292091017 0.8859360409253279 0.9645760445822372
cell 42.83219618710617 20.987485800365135 0.0 1.0 1.0 1 0 0 0.0 1.0 0
cell 55.68293583139516 54.6711354003106 0.0 1.0 1.0 1 0 0 0.0 1.0 0
cell 33.1731751458776 14.699632432000085 0.0 1.0 1.0 1 0 0 0.0 1.0 0
cell 13.621789041187993 29.60322820782445 0.0 1.6431676725154984 0.6085806194501846 1 0 0 0.9481620377174692 0.31778727197837314 2.494802914815457
cell 10.672651641907056 52.66262962358505 0.0 1.6431676725154984 0.6085806194501846 1 0 0 0.5211073165355974 -0.8534911626098238 5.186889638757776
cell 4.617058277379864 44.028258927979074 0.0 1.0 1.0 1 0 0 0.0 1.0 0
cell 6.639000904876359 31.50888183682439 0.0 1.0 1.0 1 0 0 0.0 1.0 0
cell 41.09977600651889 20.05900730097579 0.0 1.0 1.0 1 0 0 0.0 1.0 0
cell 58.73788953177276 26.77414173918276 0.0 1.6431676725154984 0.6085806194501846 1 0 0 0.9968021376946538 -0.07990931289511 3.3015818569130535
cell 37.77272040620033 25.51426685256892 0.0 1.0 1.0 1 0 0 0.0 1.0 0
cell 44.13414321414269 4.816253667057887 0.0 1.0 1.0 1 0 0 0.0 1.0 0
cell 17.743995568572558 50.07143691685963 0.0 1.0 1.0 1 0 0 0.0 1.0 0
cell 57.819094938018864 2.2317756316382287 0.0 1.6431676725154984 0.6085806194501846 1 0 0 0.8203055444879516 0.5719255315880952 1.9238901050065695
cell 53.46500605960087 2.1277056206300218 0.0 1.0 1.0 1 0 0 0.0 1.0 0
cell 39.705039497853214 25.250160610742117 0.0 1.0 1.0 1 0 0 0.0 1.0 0
cell 10.36921572403602 5.932859305269304 0.0 1.6431676725154984 0.6085806194501846 1 0 0 0.9070746926323852 -0.4209697162336787 4.010620881703224
cell 31.453201037173198 5.874043113682843 0.0 1.0 1.0 1 0 0 0.0 1.0 0
cell 41.526829817542215 32.196033917159895 0.0 1.0 1.0 1 0 0 0.0 1.0 0
cell 52.18172854758911 44.36433643532667 0.0 1.0 1.0 1 0 0 0.0 1.0 0
cell 11.346790892309372 44.33359232206633 0.0 1.6431676725154984 0.6085806194501846 1 0 0 0.36672338866087356 -0.9303300254259699 5.532216153171662
cell 58.65532089448819 19.3248338685925 0.0 1.6431676725154984 0.6085806194501846 1 0 0 0.688703184463734 -0.7250433943630629 4.763787455591103
cell 15.407960310076799 45.043063732626855 0.0 1.6431676725154984 0.6085806194501846 1 0 0 0.7841686568643722 -0.6205477560925722 4.480474710637671
cell 45.198816078378 0.38483616122366104 0.0 1.0 1.0 1 0 0 0.0 1.0 0
cell 43.530480475229815 53.66140442523416 0.0 1.0 1.0 1 0 0 0.0 1.0 0
cell 35.60774987561055 35.49360424526751 0.0 1.0 1.0 1 0 0 0.0 1.0 0
cell 20.431619165928453 42.2323656788003 0.0 1.0 1.0 1 0 0 0.0 1.0 0
cell 59.3465876046787 39.20372619060162 0.0 1.0 1.0 1 0 0 0.0 1.0 0
cell 59.21442849503448 53.20244357186074 0.0 1.0 1.0 1 0 0 0.0 1.0 0
cell 19.115035010008988 9.887638563786618 0.0 1.0 1.0 1 0 0 0.0 1.0 0
cell 33.17960109065561 56.72437917892924 0.0 1.0 1.0 1 0 0 0.0 1.0 0
cell 59.44760421124731 4.5167355219553444 0.0 1.6431676725154984 0.6085806194501846 1 0 0 0.9351804888995985 0.35417150249774176 2.417536661761672
cell 55.299075381210166 44.920267156943225 0.0 1.0 1.0 1 0 0 0.0 1.0 0
cell 11.820048497823986 29.60651377409277 0.0 1.6431676725154984 0.6085806194501846 1 0 0 0.8488118667792882 0.5286950111497741 2.027467857841161
cell 40.26641556319483 14.124727792495271 0.0 1.0 1.0 1 0 0 0.0 1.0 0
cell 39.33643850177031 19.10926434141837 0.0 1.0 1.0 1 0 0 0.0 1.0 0
cell 54.371528708307714 5.629239425799628 0.0 1.0 1.0 1 0 0 0.0 1.0 0
cell 43.2265225633236 32.1990273467139 0.0 1.0 1.0 1 0 0 0.0 1.0 0
cell 1.5723711882676892 29.52094695971842 0.0 1.0 1.0 1 0 0 0.0 1.0 0
cell 6.533364789688075 39.0502844493331 0.0 1.6431676725154984 0.6085806194501846 1 0 0 0.878060801530366 0.47854908715392097 2.1435895315337614
cell 59.198166006739264 16.70477189893874 0.0 1.0 1.0 1 0 0 0.0 1.0 0
cell 48.809049493480906 5.413327767958383 0.0 1.0 1.0 1 0 0 0.0 1.0 0
cell 19.268346371450964 49.31525990449051 0.0 1.6431676725154984 0.6085806194501846 1 0 0 -0.37689437033443923 -0.9262562461922762 0.7728822319623498
cell 15.125802396146979 48.11610054707372 0.0 1.6431676725154984 0.6085806194501846 1 0 0 0.5329350338225056 -0.8461561615473853 5.159054390353341
cell 9.666960609995368 2.4528672136060106 0.0 1.6431676725154984 0.6085806194501846 1 0 0 0.875448548046118 -0.483311327949122 4.150459086042266
cell 51.34900925065 9.781266431168135 0.0 1.0 1.0 1 0 0 0.0 1.0 0
cell 32.86058561314313 30.216705011446887 0.0 1.0 1.0 1 0 0 0.0 1.0 0
cell 1.1721616210903032 53.51920872521369 0.0 1.0 1.0 1 0 0 0.0 1.0 0
cell 49.93889940349889 55.81568854842091 0.0 1.0 1.0 1 0 0 0.0 1.0 0
cell 48.41662931714813 58.87204631369242 0.0 1.0 1.0 1 0 0 0.0 1.0 0
cell 22.23542968474121 1.2942623118730234 0.0 1.0 1.0 1 0 0 0.0 1.0 0
cell 57.81672540814051 31.42315975674258 0.0 1.0 1.0 1 0 0 0.0 1.0 0
cell 50.72269148793202 29.460098107001627 0.0 1.0 1.0 1 0 0 0.0 1.0 0
cell 11.9453581757762 34.29524884231883 0.0 1.6431676725154984 0.6085806194501846 1 0 0 0.9402807960951391 0.3403998009615919 2.4469085376319217
cell 0.8624928621782338 57.93152782174354 0.0 1.6431676725154984 0.6085806194501846 1 0 0 0.8132499040177112 0.5819145930591391 1.8994307284277658
cell 59.264218102598996 42.39885231668565 0.0 1.0 1.0 1 0 0 0.0 1.0 0
cell 21.99735598785767 38.981085942857064 0.0 1.0 1.0 1 0 0 0.0 1.0 0
cell 56.53906988756899 33.296761361659534 0.0 1.6431676725154984 0.6085806194501846 1 0 0 0.4284295626964063 -0.903575182155733 5.397677240841054
cell 56.0080143124408 52.71396070836754 0.0 1.0 1.0 1 0 0 0.0 1.0 0
cell 4.837646421870432 2.462358298804103 0.0 1.0 1.0 1 0 0 0.0 1.0 0
cell 53.40217442802899 36.69137985923393 0.0 1.0 1.0 1 0 0 0.0 1.0 0
cell 21.90359024014331 19.830543132817603 0.0 1.6431676725154984 0.6085806194501846 1 0 0 0.7948607397472867 0.6067918954702644 1.8375560849965198
cell 56.216258887758976 28.97155610617744 0.0 1.0 1.0 1 0 0 0.0 1.0 0
cell 27.183900697942022 33.015495714340915 0.0 1.0 1.0 1 0 0 0.0 1.0 0
cell 43.315756537558165 46.9051183006254 0.0 1.0 1.0 1 0 0 0.0 1.0 0
cell 1.389360630207138 21.09565974162625 0.0 1.6431676725154984 0.6085806194501846 1 0 0 0.8729755413996058 0.4877639840312784 2.1225395702369045
cell 43.705425064674415 56.7160660825085 0.0 1.0 1.0 1 0 0 0.0 1.0 0
cell 11.757353346214126 47.36120193022844 0.0 1.6431676725154984 0.6085806194501846 1 0 0 0.5195661350310814 -0.8544302378362227 5.190499128247861
cell 20.064776247308597 35.11889972603656 0.0 1.6431676725154984 0.6085806194501846 1 0 0 0.9995659348377974 -0.02946085388850923 3.2005228881341803
cell 23.906833759804933 54.46702188261872 0.0 1.0 1.0 1 0 0 0.0 1.0 0
cell 46.154151175752006 10.190111551365423 0.0 1.0 1.0 1 0 0 0.0 1.0 0
cell 51.51415407179936 20.47840981929678 0.0 1.0 1.0 1 0 0 0.0 1.0 0
cell 57.28146060335474 9.430748538661053 0.0 1.0 1.0 1 0 0 0.0 1.0 0
cell 2.9910862733148234 57.19148334339834 0.0 1.6431676725154984 0.6085806194501846 1 0 0 0.9551800631440427 0.29602541609149474 2.540534909457131
cell 53.14408465254269 40.030881333765684 0.0 1.0 1.0 1 0 0 0.0 1.0 0
cell 34.60412406919649 4.633866559928877 0.0 1.0 1.0 1 0 0 0.0 1.0 0
cell 4.76285429310979 54.90789211138016 0.0 1.6431676725154984 0.6085806194501846 1 0 0 0.9230381211124213 0.3847084961022448 2.3518086683953388
cell 19.319627146635174 6.546200934864826 0.0 1.0 1.0 1 0 0 0.0 1.0 0
cell 46.48711736340794 26.25169166007332 0.0 1.0 1.0 1 0 0 0.0 1.0 0
cell 52.43597820911959 50.84651744192123 0.0 1.0 1.0 1 0 0 0.0 1.0 0
cell 41.47829321607838 12.520166982690238 0.0 1.0 1.0 1 0 0 0.0 1.0 0
cell 35.83977759505035 28.69824093100917 0.0 1.0 1.0 1 0 0 0.0 1.0 0
cell 15.472868069310698 39.3391057366135 0.0 1.6431676725154984 0.6085806194501846 1 0 0 0.2555315515383772 -0.9668007168845034 5.766390371276509
cell 24.13193040304415 1.3354109847937183 0.0 1.0 1.0 1 0 0 0.0 1.0 0
cell 52.66711246281546 28.777841041152822 0.0 1.0 1.0 1 0 0 0.0 1.0 0
cell 2.2556221125363085 10.452637301359827 0.0 1.6431676725154984 0.6085806194501846 1 0 0 -0.08994116933459749 0.9959470799488923 6.103059557608933
cell 37.59842260067693 35.50705334854958 0.0 1.0 1.0 1 0 0 0.0 1.0 0
cell 38.663429772238366 57.51334862452639 0.0 1.0 1.0 1 0 0 0.0 1.0 0
cell 5.93246400246557 42.68472208930008 0.0 1.0 1.0 1 0 0 0.0 1.0 0
cell 2.178807195171873 54.791036872466165 0.0 1.6431676725154984 0.6085806194501846 1 0 0 0.8515459543169083 0.5242799707088818 2.0378539788424903
cell 3.3294649165580705 58.31949754441875 0.0 1.6431676725154984 0.6085806194501846 1 0 0 0.9368526110702242 0.34972444171219036 2.4270387425113253
cell 58.99339682961313 23.359199602800572 0.0 1.6431676725154984 0.6085806194501846 1 0 0 0.9441903895916222 0.3294002249586674 2.470256097775665
cell 10.911534837277317 43.12933799618279 0.0 1.6431676725154984 0.6085806194501846 1 0 0 0.9714060189407404 0.23742440136957654 2.662165503242748
cell 48.53476528550777 33.88246492981332 0.0 1.0 1.0 1 0 0 0.0 1.0 0
cell 26.054831084380716 41.928287274152964 0.0 1.0 1.0 1 0 0 0.0 1.0 0
cell 31.221237461764346 14.421771936251508 0.0 1.0 1.0 1 0 0 0.0 1.0 0
cell 34.63379269998269 18.30201210058439 0.0 1.0 1.0 1 0 0 0.0 1.0 0
cell 37.64878309573847 18.01880716937323 0.0 1.0 1.0 1 0 0 0.0 1.0 0
cell 45.494368173847484 29.46213652676613 0.0 1.0 1.0 1 0 0 0.0 1.0 0
cell 21.018355037958838 54.018787124914525 0.0 1.0 1.0 1 0 0 0.0 1.0 0
cell 26.84712557578424 3.4896368641824735 0.0 1.0 1.0 1 0 0 0.0 1.0 0
cell 35.152630594586086 56.67889688901941 0.0 1.0 1.0 1 0 0 0.0 1.0 0
cell 23.735147794608345 11.543630884266083 0.0 1.6431676725154984 0.6085806194501846 1 0 0 0.05167064138828577 -0.9986641802019952 6.179797984691278
cell 20.07762297013648 16.66545994802887 0.0 1.6431676725154984 0.6085806194501846 1 0 0 0.5899413987883233 0.8074460638306911 1.2619725256920713
cell 59.74677350370578 2.7422122300048706 0.0 1.6431676725154984 0.6085806194501846 1 0 0 0.881495029290459 0.47219330081674477 2.1580380840226576
cell 18.285053882685997 19.637763312507143 0.0 1.6431676725154984 0.6085806194501846 1 0 0 0.8008554999673482 -0.598857635980413 4.425740487815201
cell 26.09010047832973 40.09607965667904 0.0 1.6431676725154984 0.6085806194501846 1 0 0 0.31895342595170056 -0.9477703899540612 5.633935240580809
cell 59.25650902679362 46.1977073983697 0.0 1.0 1.0 1 0 0 0.0 1.0 0
cell 27.81862905048589 13.175498097118 0.0 1.0 1.0 1 0 0 0.0 1.0 0
cell 23.129281938034868 21.167678720227965 0.0 1.0 1.0 1 0 0 0.0 1.0 0
cell 0.922084173700389 8.394829120892094 0.0 1.0 1.0 1 0 0 0.0 1.0 0
cell 8.865349949708403 5.433234516226912 0.0 1.6431676725154984 0.6085806194501846 1 0 0 0.7853253870207123 -0.619083222596743 4.476742213336472
cell 54.00252933774242 51.26185670898263 0.0 1.6431676725154984 0.6085806194501846 1 0 0 0.9787801814742628 0.2049130458345909 2.7288429193596957
cell 43.011050452873654 48.840720111560344 0.0 1.0 1.0 1 0 0 0.0 1.0 0
cell 26.409418969437045 58.14645314519916 0.0 1.0 1.0 1 0 0 0.0 1.0 0
cell 12.176000634541191 31.451615328315057 0.0 1.6431676725154984 0.6085806194501846 1 0 0 0.9859862349799116 0.16682668980153842 2.806371904536856
cell 20.312412243074974 33.31904616927145 0.0 1.6431676725154984 0.6085806194501846 1 0 0 0.027145078178759576 -0.999631504470857 6.2288884812790135
cell 5.666515136727803 35.311220452867786 0.0 1.0 1.0 1 0 0 0.0 1.0 0
cell 51.803022824360596 52.83189688463728 0.0 1.6431676725154984 0.6085806194501846 1 0 0 0.9694101434699829 0.24544647835629485 2.6456321881191562
cell 46.80012310515939 12.009430153451227 0.0 1.0 1.0 1 0 0 0.0 1.0 0
cell 19.299459433834073 40.39669596275075 0.0 1.0 1.0 1 0 0 0.0 1.0 0
cell 27.247121040663806 0.1077062808317222 0.0 1.0 1.0 1 0 0 0.0 1.0 0
cell 12.470119148516106 56.962587942456054 0.0 1.0 1.0 1 0 0 0.0 1.0 0
cell 44.84219247780174 55.0942755562221 0.0 1.0 1.0 1 0 0 0.0 1.0 0
cell 46.00706465004898 34.2977225731776 0.0 1.0 1.0 1 0 0 0.0 1.0 0
cell 13.834955884442412 2.56770184195543 0.0 1.0 1.0 1 0 0 0.0 1.0 0
cell 28.247687187037165 51.30624672425104 0.0 1.6431676725154984 0.6085806194501846 1 0 0 0.22227934376927289 0.974983022074488 0.448303358264872
cell 48.06817548056032 56.01207813663105 0.0 1.0 1.0 1 0 0 0.0 1.0 0
cell 44.862663228300455 44.075334657591796 0.0 1.0 1.0 1 0 0 0.0 1.0 0
cell 48.17136339143606 38.61489687630169 0.0 1.0 1.0 1 0 0 0.0 1.0 0
cell 10.224502442311772 30.916394070151533 0.0 1.6431676725154984 0.6085806194501846 1 0 0 0.8053607909254327 0.5927849495727449 1.8725677078770466
cell 36.3990746893225 55.03577460828034 0.0 1.0 1.0 1 0 0 0.0 1.0 0
cell 52.066043365533915 11.648793366771526 0.0 1.0 1.0 1 0 0 0.0 1.0 0
cell 27.612115347688142 46.59232586931307 0.0 1.6431676725154984 0.6085806194501846 1 0 0 0.9666654147604742 0.25604291809374524 2.6237397906093807
cell 27.60359257167861 5.308080033632577 0.0 1.0 1.0 1 0 0 0.0 1.0 0
cell 24.40623583317514 57.873308043299 0.0 1.0 1.0 1 0 0 0.0 1.0 0
cell 25.045020434567736 8.409713113517142 0.0 1.0 1.0 1 0 0 0.0 1.0 0
cell 31.01704618474437 48.338594792367786 0.0 1.0 1.0 1 0 0 0.0 1.0 0
cell 21.401522650278466 46.701084506168414 0.0 1.0 1.0 1 0 0 0.0 1.0 0
cell 39.186748823249424 41.14528378867964 0.0 1.0 1.0 1 0 0 0.0 1.0 0
cell 44.420228301216326 19.917930580900684 0.0 1.0 1.0 1 0 0 0.0 1.0 0
cell 46.25178083141621 20.72207186205334 0.0 1.0 1.0 1 0 0 0.0 1.0 0
cell 25.19405874341426 49.51190552643004 0.0 1.0 1.0 1 0 0 0.0 1.0 0
cell 15.394297865927618 36.158675758897665 0.0 1.6431676725154984 0.6085806194501846 1 0 0 0.8139230210506239 -0.5809727324099003 4.3814392488208975
cell 53.60118425083443 38.4556664113598 0.0 1.0 1.0 1 0 0 0.0 1.0 0
cell 54.97901724793161 37.96910085620683 0.0 1.6431676725154984 0.6085806194501846 1 0 0 0.723470173474874 -0.6903556388501768 4.665553675883181
cell 48.76228101778004 40.02455135418927 0.0 1.6431676725154984 0.6085806194501846 1 0 0 0.9259313553595234 0.3776918388873075 2.366988201906455
cell 58.39322950220759 11.09778355128306 0.0 1.6431676725154984 0.6085806194501846 1 0 0 0.045719296175361544 0.9989543262618314 0.09147047733252897
cell 36.809218783007886 1.642774468590486 0.0 1.0 1.0 1 0 0 0.0 1.0 0
cell 40.06571079492141 8.938602428928283 0.0 1.0 1.0 1 0 0 0.0 1.0 0
cell 6.0616603575910135 11.160478118346035 0.0 1.6431676725154984 0.6085806194501846 1 0 0 0.539671170192559 0.8418758982551966 1.140092937393785
cell 27.692957137597716 26.284122415242702 0.0 1.0 1.0 1 0 0 0.0 1.0 0
cell 55.42685137473912 46.54805724167901 0.0 1.0 1.0 1 0 0 0.0 1.0 0
cell 1.2517365441859274 42.81252086305265 0.0 1.0 1.0 1 0 0 0.0 1.0 0
cell 48.66031960668545 7.37877073561292 0.0 1.0 1.0 1 0 0 0.0 1.0 0
cell 24.641114457520093 19.93836336856806 0.0 1.0 1.0 1 0 0 0.0 1.0 0
cell 41.25229557989495 22.01048580277604 0.0 1.0 1.0 1 0 0 0.0 1.0 0
cell 34.56721106719358 20.253254619144972 0.0 1.0 1.0 1 0 0 0.0 1.0 0
cell 54.220671731302595 22.838425388144966 0.0 1.0 1.0 1 0 0 0.0 1.0 0
cell 42.4215044178549 30.37192056958848 0.0 1.0 1.0 1 0 0 0.0 1.0 0
cell 36.82672891453195 30.404198749624626 0.0 1.0 1.0 1 0 0 0.0 1.0 0
cell 55.2314672849404 25.542938297626026 0.0 1.6431676725154984 0.6085806194501846 1 0 0 0.8989723427485288 0.4380053960549137 2.2348352317777396
cell 51.40801669700246 24.94464054018908 0.0 1.0 1.0 1 0 0 0.0 1.0 0
cell 5.853795286510536 52.21715100059222 0.0 1.6431676725154984 0.6085806194501846 1 0 0 0.8016065209272006 0.5978519763344347 1.8599551054138281
cell 57.28382943244317 23.472391091702182 0.0 1.6431676725154984 0.6085806194501846 1 0 0 0.8415467096311183 0.5401843532619565 2.0002803359854857
cell 29.479972185848478 57.05432268909585 0.0 1.6431676725154984 0.6085806194501846 1 0 0 0.9920278232915413 -0.12601903751198257 3.3943026357515955
cell 46.76848567447897 32.97736190533029 0.0 1.0 1.0 1 0 0 0.0 1.0 0
cell 21.278801695373044 3.0315120394653037 0.0 1.0 1.0 1 0 0 0.0 1.0 0
cell 58.32966294084865 49.456855386904905 0.0 1.6431676725154984 0.6085806194501846 1 0 0 0.9738230683158003 0.22730735055426599 2.682969139505821
cell 48.07735730736803 21.337027328451338 0.0 1.0 1.0 1 0 0 0.0 1.0 0
cell 27.441046346877012 21.366120400149764 0.0 1.0 1.0 1 0 0 0.0 1.0 0
cell 17.517256980262093 15.10098743222329 0.0 1.6431676725154984 0.6085806194501846 1 0 0 0.9315112940131262 -0.36371239891704427 3.8860929703505365
cell 42.4643174051626 58.072940791795475 0.0 1.0 1.0 1 0 0 0.0 1.0 0
cell 9.159291412177058 51.922058417024815 0.0 1.6431676725154984 0.6085806194501846 1 0 0 0.6629558413993677 -0.7486585018247347 4.833665153053603
cell 27.90954043025548 39.00459859726661 0.0 1.0 1.0 1 0 0 0.0 1.0 0
cell 15.999920251583536 41.92517713523421 0.0 1.6431676725154984 0.6085806194501846 1 0 0 0.42761401792239345 -0.9039614215641434 5.399482005883141
cell 36.89504534357216 10.158755622726794 0.0 1.0 1.0 1 0 0 0.0 1.0 0
cell 54.83682279099205 19.519368918056202 0.0 1.0 1.0 1 0 0 0.0 1.0 0
cell 46.18643959643883 58.494694411735495 0.0 1.0 1.0 1 0 0 0.0 1.0 0
cell 10.68365711058 57.170907759287026 0.0 1.0 1.0 1 0 0 0.0 1.0 0
cell 31.22834861778649 56.26395006841763 0.0 1.0 1.0 1 0 0 0.0 1.0 0
cell 21.76738862472818 4.64677460881512 0.0 1.0 1.0 1 0 0 0.0 1.0 0
cell 37.51063715634216 38.94155180693874 0.0 1.0 1.0 1 0 0 0.0 1.0 0
cell 22.468921496250235 6.374239633719741 0.0 1.0 1.0 1 0 0 0.0 1.0 0
cell 48.110897160624496 46.02394580657443 0.0 1.0 1.0 1 0 0 0.0 1.0 0
cell 23.231842244261244 37.88175008406014 0.0 1.0 1.0 1 0 0 0.0 1.0 0
cell 34.25641340555155 58.422296023452304 0.0 1.0 1.0 1 0 0 0.0 1.0 0
cell 47.68164722353271 24.641422434593093 0.0 1.0 1.0 1 0 0 0.0 1.0 0
cell 9.996480354034338 14.30181485621902 0.0 1.6431676725154984 0.6085806194501846 1 0 0 0.9332395503337948 -0.3592547030906854 3.876530969402872
cell 47.98117679407252 31.939568311118787 0.0 1.0 1.0 1 0 0 0.0 1.0 0
cell 11.312366419943098 55.360809243868985 0.0 1.0 1.0 1 0 0 0.0 1.0 0
cell 53.67015343570991 33.463924420091224 0.0 1.0 1.0 1 0 0 0.0 1.0 0
cell 35.787717054006364 32.037786583690036 0.0 1.0 1.0 1 0 0 0.0 1.0 0
cell 7.286925509404147 59.73085005331547 0.0 1.6431676725154984 0.6085806194501846 1 0 0 0.7558064337474517 -0.6547951089508526 4.569415652221073
cell 52.6501204679315 32.065276771419356 0.0 1.0 1.0 1 0 0 0.0 1.0 0
cell 43.08097655225889 24.88119030788143 0.0 1.0 1.0 1 0 0 0.0 1.0 0
cell 30.88179793986948 33.189293362745666 0.0 1.0 1.0 1 0 0 0.0 1.0 0
cell 57.60734683779229 42.73584890504465 0.0 1.0 1.0 1 0 0 0.0 1.0 0
cell 47.79334880972052 19.465058047920092 0.0 1.0 1.0 1 0 0 0.0 1.0 0
cell 2.822438068013432 38.17651056490447 0.0 1.6431676725154984 0.6085806194501846 1 0 0 0.6318563880962536 0.7750854822675732 1.367891911048846
cell 42.57522350830711 50.803051013186526 0.0 1.0 1.0 1 0 0 0.0 1.0 0
cell 42.77660128109144 11.04555622142466 0.0 1.0 1.0 1 0 0 0.0 1.0 0
cell 42.22638797773468 2.720871835385697 0.0 1.0 1.0 1 0 0 0.0 1.0 0
cell 4.538776989607749 23.698734602532213 0.0 1.0 1.0 1 0 0 0.0 1.0 0
cell 44.789191544593514 32.787196912097755 0.0 1.0 1.0 1 0 0 0.0 1.0 0
cell 18.115488512765005 30.524056870952247 0.0 1.6431676725154984 0.6085806194501846 1 0 0 0.9999919378703411 0.004015494280883468 3.1335616434456663
cell 46.28848111621429 42.844430547165864 0.0 1.0 1.0 1 0 0 0.0 1.0 0
cell 56.119592744468136 27.01545399597133 0.0 1.0 1.0 1 0 0 0.0 1.0 0
cell 38.46506203875533 54.2707699244561 0.0 1.0 1.0 1 0 0 0.0 1.0 0
cell 57.812409789861086 58.42796995299112 0.0 1.0 1.0 1 0 0 0.0 1.0 0
cell 53.76015186516416 17.298894071481246 0.0 1.0 1.0 1 0 0 0.0 1.0 0
cell 52.53155411478675 30.371129636604838 0.0 1.0 1.0 1 0 0 0.0 1.0 0
cell 26.355639320619765 45.81341273344913 0.0 1.6431676725154984 0.6085806194501846 1 0 0 0.3779655061063047 -0.9258196780117632 5.507989702123958
cell 22.347566052621012 26.226101708865773 0.0 1.6431676725154984 0.6085806194501846 1 0 0 0.7412387277478396 0.6712414978878795 1.6698278213527784
cell 6.265032969273019 20.358745341298153 0.0 1.6431676725154984 0.6085806194501846 1 0 0 0.513843154670808 -0.857884148587647 5.203868072866989
cell 2.596310703419677 13.887610389731249 0.0 1.6431676725154984 0.6085806194501846 1 0 0 0.9074083561966672 0.42025001499638565 2.274150995711924
cell 0.22282452481411535 9.91541577150891 0.0 1.6431676725154984 0.6085806194501846 1 0 0 -0.09490216500734183 0.9954866041674891 6.093094906614343
cell 7.737810187750664 19.4958424522139 0.0 1.6431676725154984 0.6085806194501846 1 0 0 0.7262490085613394 -0.6874317257471257 4.657486157222612
cell 6.843172156830585 49.28701411420841 0.0 1.6431676725154984 0.6085806194501846 1 0 0 0.9082488432642054 0.4184304466804881 2.278159610790364
cell 26.383333832239614 38.072856057351814 0.0 1.0 1.0 1 0 0 0.0 1.0 0
cell 16.657692391236196 13.252358505255762 0.0 1.6431676725154984 0.6085806194501846 1 0 0 0.9999909556851971 0.0042530633437647975 3.1330865012581417
cell 57.253670738253334 16.12413054568641 0.0 1.0 1.0 1 0 0 0.0 1.0 0
cell 24.767888712936397 23.624463424266334 0.0 1.0 1.0 1 0 0 0.0 1.0 0
cell 2.6111623952928893 17.59749012270549 0.0 1.6431676725154984 0.6085806194501846 1 0 0 0.6314570262557917 0.775410874306127 1.3668616297974596
cell 41.20453641853168 35.811771203712 0.0 1.0 1.0 1 0 0 0.0 1.0 0
cell 51.317835978199156 14.855032590071213 0.0 1.0 1.0 1 0 0 0.0 1.0 0
cell 4.036990008350262 37.77781132788646 0.0 1.6431676725154984 0.6085806194501846 1 0 0 0.8804995499478805 -0.4740469834748238 4.129355367713213
cell 7.978131857725951 6.318898992087159 0.0 1.6431676725154984 0.6085806194501846 1 0 0 0.8059208728505027 -0.5920232653400403 4.408726721517254
cell 1.3212453703091054 0.03271986334487309 0.0 1.6431676725154984 0.6085806194501846 1 0 0 0.8471867727791872 0.5312951835166454 2.021335375729386
cell 50.04321244735774 21.75305841407858 0.0 1.0 1.0 1 0 0 0.0 1.0 0
cell 23.138122720324287 16.327513082252317 0.0 1.6431676725154984 0.6085806194501846 1 0 0 0.9597056824027124 -0.2810071229772374 3.7112793663622714
cell 20.56678307564651 20.246373570531386 0.0 1.6431676725154984 0.6085806194501846 1 0 0 -0.6697360970559663 -0.7425991922297259 1.4677067062243143
cell 14.46735117064897 19.640565766647978 0.0 1.6431676725154984 0.6085806194501846 1 0 0 0.9995662649163465 0.029449652649638277 3.0826848312478052
cell 39.94193097894017 46.53052041136328 0.0 1.0 1.0 1 0 0 0.0 1.0 0
cell 11.002201024090468 36.13754697336468 0.0 1.6431676725154984 0.6085806194501846 1 0 0 0.9912278043708707 0.13216444242723913 2.876488131538971
cell 36.50096658775061 4.995319222585354 0.0 1.0 1.0 1 0 0 0.0 1.0 0
cell 59.14291053830631 59.049021273550466 0.0 1.6431676725154984 0.6085806194501846 1 0 0 0.8444496946999491 0.5356348692170467 2.0110738892603695
cell 23.08522080969451 3.059654044501757 0.0 1.0 1.0 1 0 0 0.0 1.0 0
cell 34.70491682628098 33.68675445932333 0.0 1.0 1.0 1 0 0 0.0 1.0 0
cell 7.008786507738034 24.483868448048206 0.0 1.6431676725154984 0.6085806194501846 1 0 0 0.7276632388321543 -0.6859345528928391 4.653367140197278
cell 58.46655441517364 48.04133723698812 0.0 1.6431676725154984 0.6085806194501846 1 0 0 0.9896292361766508 0.1436453093714472 2.8533047555465494
cell 24.59034769086117 44.04017077116361 0.0 1.6431676725154984 0.6085806194501846 1 0 0 0.9478057016518069 -0.3188484779896653 3.790621261472368
cell 8.362496174978133 30.91329430269607 0.0 1.6431676725154984 0.6085806194501846 1 0 0 -0.835602545291862 -0.5493344940032091 1.9784574721465855
cell 8.68959715622507 27.938478644545995 0.0 1.6431676725154984 0.6085806194501846 1 0 0 0.5735768085786637 -0.819151783652282 5.061453921971378
cell 26.322285415119744 12.09977502543976 0.0 1.0 1.0 1 0 0 0.0 1.0 0
cell 22.13598123365049 48.48053365336264 0.0 1.6431676725154984 0.6085806194501846 1 0 0 0.8368811236675855 0.5473846772141867 1.9831207545256089
cell 12.088504040605036 53.51232975609433 0.0 1.0 1.0 1 0 0 0.0 1.0 0
cell 10.0764586602384 48.64167079241727 0.0 1.6431676725154984 0.6085806194501846 1 0 0 0.5423859740918029 -0.840129427593443 5.136636262899351
cell 39.78187894270484 48.41212312469667 0.0 1.0 1.0 1 0 0 0.0 1.0 0
cell 47.017087858526075 39.61327389292263 0.0 1.6431676725154984 0.6085806194501846 1 0 0 0.767458029240752 -0.6410991915093179 4.5334519736127925
cell 40.83992359314481 39.64018610123485 0.0 1.0 1.0 1 0 0 0.0 1.0 0
cell 36.95815574680292 48.8024323810968 0.0 1.6431676725154984 0.6085806194501846 1 0 0 0.7292704115818448 0.6842255964163039 1.6345100915384443
cell 30.98735231411645 9.169396955695056 0.0 1.0 1.0 1 0 0 0.0 1.0 0
cell 1.0655490062721948 6.513812131955807 0.0 1.0 1.0 1 0 0 0.0 1.0 0
cell 33.17753756879859 17.79510208447327 0.0 1.6431676725154984 0.6085806194501846 1 0 0 -0.7647361992324428 0.6443434996828302 4.5419216656782595
cell 22.07749607329086 50.84800122473263 0.0 1.6431676725154984 0.6085806194501846 1 0 0 -0.19757176281155278 -0.9802884261989099 0.3977604712073841
cell 13.476607557862357 49.57570505874149 0.0 1.6431676725154984 0.6085806194501846 1 0 0 0.5829076706953217 -0.8125383975201138 5.038580068797176
cell 48.52861739522712 54.39470944347928 0.0 1.0 1.0 1 0 0 0.0 1.0 0
cell 34.854353448268014 26.967502150313365 0.0 1.0 1.0 1 0 0 0.0 1.0 0
cell 29.229430385378702 0.35497155416740567 0.0 1.0 1.0 1 0 0 0.0 1.0 0
cell 32.34051373508524 58.64999924851867 0.0 1.0 1.0 1 0 0 0.0 1.0 0
cell 32.460998533455445 45.41529237251617 0.0 1.0 1.0 1 0 0 0.0 1.0 0
cell 54.03279588546244 25.215525069595696 0.0 1.6431676725154984 0.6085806194501846 1 0 0 0.8758334521497781 0.48261347276614874 2.1343201509463587
cell 48.7957620973538 29.178832538996627 0.0 1.0 1.0 1 0 0 0.0 1.0 0
cell 54.04329162335604 7.406254355180912 0.0 1.0 1.0 1 0 0 0.0 1.0 0
cell 53.73815424476302 55.279244232427715 0.0 1.0 1.0 1 0 0 0.0 1.0 0
cell 8.066344762361593 12.756754369484199 0.0 1.6431676725154984 0.6085806194501846 1 0 0 0.9980852953073305 -0.06185259324619298 3.265376853567516
cell 34.930437922460726 9.832384353212658 0.0 1.0 1.0 1 0 0 0.0 1.0 0
cell 39.305167825757955 7.127356876333986 0.0 1.0 1.0 1 0 0 0.0 1.0 0
cell 30.87750792482704 29.975924250890834 0.0 1.0 1.0 1 0 0 0.0 1.0 0
cell 24.001278956017494 47.91172280720718 0.0 1.0 1.0 1 0 0 0.0 1.0 0
cell 10.639752399147932 7.851668840337691 0.0 1.6431676725154984 0.6085806194501846 1 0 0 0.8972351276425317 -0.4415530836992196 4.056250461275086
cell 1.781886215619315 26.691640263283464 0.0 1.6431676725154984 0.6085806194501846 1 0 0 0.1940195607053896 0.9809976605801298 0.3905158407661219
cell 49.49885826308585 51.16176313108146 0.0 1.0 1.0 1 0 0 0.0 1.0 0
cell 41.530670626532945 47.69913629233265 0.0 1.0 1.0 1 0 0 0.0 1.0 0
cell 34.18075917698306 46.395556090566195 0.0 1.0 1.0 1 0 0 0.0 1.0 0
cell 44.4251140378486 50.011621695796954 0.0 1.0 1.0 1 0 0 0.0 1.0 0
cell 37.32593593632161 6.782800868113841 0.0 1.0 1.0 1 0 0 0.0 1.0 0
cell 43.0009683109133 55.19949889907671 0.0 1.0 1.0 1 0 0 0.0 1.0 0
cell 44.647519659405205 21.85616761109907 0.0 1.0 1.0 1 0 0 0.0 1.0 0
cell 33.821305813050614 31.965057240544965 0.0 1.0 1.0 1 0 0 0.0 1.0 0
cell 25.67502716531162 10.27425390111256 0.0 1.0 1.0 1 0 0 0.0 1.0 0
cell 49.41327208192818 9.224215524829647 0.0 1.0 1.0 1 0 0 0.0 1.0 0
cell 38.8174744047865 27.01668446087306 0.0 1.0 1.0 1 0 0 0.0 1.0 0
cell 39.54032577157462 59.24370179114588 0.0 1.0 1.0 1 0 0 0.0 1.0 0
cell 55.02656112285782 56.49320506360367 0.0 1.0 1.0 1 0 0 0.0 1.0 0
cell 47.585799546372606 17.54324511902825 0.0 1.0 1.0 1 0 0 0.0 1.0 0
cell 6.423226766951995 3.70030511905743 0.0 1.6431676725154984 0.6085806194501846 1 0 0 0.524780227763254 -0.8512377532445018 5.178271481324699
cell 33.68474767453782 11.365413624725536 0.0 1.0 1.0 1 0 0 0.0 1.0 0
cell 7.922117656115307 26.408486054544657 0.0 1.6431676725154984 0.6085806194501846 1 0 0 0.6127765546993692 -0.7902562204821744 4.964046683802682
cell 1.9736186063174488 12.803048591967075 0.0 1.6431676725154984 0.6085806194501846 1 0 0 0.27839697163891386 -0.9604660984034168 5.718935919872988
cell 28.294405671218176 7.162769312423551 0.0 1.0 1.0 1 0 0 0.0 1.0 0
cell 29.63530578286392 49.26940641613427 0.0 1.0 1.0 1 0 0 0.0 1.0 0
cell 47.880734791487846 15.744562128579828 0.0 1.0 1.0 1 0 0 0.0 1.0 0
cell 36.59306830615327 37.16943157535588 0.0 1.0 1.0 1 0 0 0.0 1.0 0
cell 56.279193197211434 3.12433526648113 0.0 1.6431676725154984 0.6085806194501846 1 0 0 0.8498574326097335 0.527012660415281 2.0314294298435223
cell 34.079650331158 16.422988610233176 0.0 1.0 1.0 1 0 0 0.0 1.0 0
cell 48.7189319755894 2.486739419194251 0.0 1.0 1.0 1 0 0 0.0 1.0 0
cell 18.052895408951038 56.156743727240105 0.0 1.0 1.0 1 0 0 0.0 1.0 0
