1000
 Lattice="59.74940712514713 0.0 0.0 0.0 59.74940712514713 0.0 0.0 0.0 1.0"Properties=species:S:1:pos:R:3:aspherical_shape:R:3:orientation:R:4:Color:R:1
cell 37.22600538369508 45.19074116060092 0.0 1.6431676725154984 0.6085806194501846 1 0 0 0.6906714289616214 0.7231687059159239 1.524834191433046
cell 46.293052160071575 16.374277630254944 0.0 1.0 1.0 1 0 0 0.0 1.0 0
cell 0.7764372029283639 32.25760920647566 0.0 1.0 1.0 1 0 0 0.0 1.0 0
cell 36.839600598713695 57.617445786428846 0.0 1.6431676725154984 0.6085806194501846 1 0 0 0.8821567737372095 0.47095586475757767 2.160844615003397
cell 43.85420513053739 21.629990876024262 0.0 1.0 1.0 1 0 0 0.0 1.0 0
cell 58.69039624126223 45.447830862602714 0.0 1.0 1.0 1 0 0 0.0 1.0 0
cell 5.055692731382268 42.718667397263864 0.0 1.0 1.0 1 0 0 0.0 1.0 0
cell 49.83493896236183 21.145379895289366 0.0 1.0 1.0 1 0 0 0.0 1.0 0
cell 46.35567870691521 50.76657667427882 0.0 1.0 1.0 1 0 0 0.0 1.0 0
cell 44.61074212062975 8.19199076195674 0.0 1.0 1.0 1 0 0 0.0 1.0 0
cell 55.33702403806664 49.11733834725368 0.0 1.0 1.0 1 0 0 0.0 1.0 0
cell 26.2058583595941 35.37256897854586 0.0 1.0 1.0 1 0 0 0.0 1.0 0
cell 4.547306888012265 9.260115083321072 0.0 1.6431676725154984 0.6085806194501846 1 0 0 0.8450669441384598 -0.5346605090377307 4.26980458045128
cell 50.04739774999909 54.910040407855774 0.0 1.0 1.0 1 0 0 0.0 1.0 0
cell 57.31675834854864 55.861785866300835 0.0 1.0 1.0 1 0 0 0.0 1.0 0
cell 36.812031802912315 25.86962658994408 0.0 1.6431676725154984 0.6085806194501846 1 0 0 -0.6959979071812638 -0.7180438100835498 1.5396174490274834
cell 21.73177126093195 18.262565004223436 0.0 1.6431676725154984 0.6085806194501846 1 0 0 0.9757321141052795 -0.21896767227981823 3.5831053364832948
cell 44.7480909387219 49.630765638417536 0.0 1.0 1.0 1 0 0 0.0 1.0 0
cell 38.51196399550709 58.615668027387564 0.0 1.6431676725154984 0.6085806194501846 1 0 0 0.9055822709296868 0.42417066208995574 2.2655008881531935
cell 53.54333797336634 56.162041721711326 0.0 1.0 1.0 1 0 0 0.0 1.0 0
cell 59.29897250826961 42.0355950511534 0.0 1.0 1.0 1 0 0 0.0 1.0 0
cell 9.059133472847126 32.629999296891654 0.0 1.0 1.0 1 0 0 0.0 1.0 0
cell 27.761075491586524 2.9221729866042443 0.0 1.6431676725154984 0.6085806194501846 1 0 0 0.9324850471773248 -0.3612085779583622 3.8807199566864075
cell 47.640496328041486 39.869316227692366 0.0 1.0 1.0 1 0 0 0.0 1.0 0
cell 0.7973726380129113 49.89634276398928 0.0 1.0 1.0 1 0 0 0.0 1.0 0
cell 37.15331321748043 42.02104616713377 0.0 1.6431676725154984 0.6085806194501846 1 0 0 0.4075843861745171 0.9131675465908444 0.8396143654831175
cell 3.8393131732893693 10.524900503521897 0.0 1.0 1.0 1 0 0 0.0 1.0 0
cell 51.70230711124937 2.89162939858322 0.0 1.0 1.0 1 0 0 0.0 1.0 0
cell 19.870827002973833 34.1407182009651 0.0 1.6431676725154984 0.6085806194501846 1 0 0 0.9176267292924736 -0.39744331128853755 3.9590505784414898
cell 17.958528299679788 27.018697283951038 0.0 1.6431676725154984 0.6085806194501846 1 0 0 0.8879542611170973 -0.45993176685676956 4.09742936140235
cell 41.2150615069982 48.36580208021109 0.0 1.6431676725154984 0.6085806194501846 1 0 0 0.8023467428216282 0.5968581944511812 1.8624334363690969
cell 43.305490902885886 30.642802753471134 0.0 1.0 1.0 1 0 0 0.0 1.0 0
cell 1.334923533887429 8.14611587836565 0.0 1.0 1.0 1 0 0 0.0 1.0 0
cell 2.5182404472949775 50.907639655086705 0.0 1.0 1.0 1 0 0 0.0 1.0 0
cell 32.12655623616524 49.08237889438554 0.0 1.6431676725154984 0.6085806194501846 1 0 0 0.9847415232795139 0.1740233671928645 2.791764822719736
cell 56.364478220685164 18.60442656272656 0.0 1.0 1.0 1 0 0 0.0 1.0 0
cell 11.983239872104814 18.034637310700955 0.0 1.0 1.0 1 0 0 0.0 1.0 0
cell 44.83233694798361 3.2923636662037326 0.0 1.0 1.0 1 0 0 0.0 1.0 0
cell 52.01764458050757 51.21959373287109 0.0 1.0 1.0 1 0 0 0.0 1.0 0
cell 41.83324996316435 41.23739938726312 0.0 1.6431676725154984 0.6085806194501846 1 0 0 0.6814023776157574 0.7319090105877867 1.4993539689860484
cell 24.320876392459052 50.642808985749916 0.0 1.0 1.0 1 0 0 0.0 1.0 0
cell 21.42711519561195 43.49941020216549 0.0 1.0 1.0 1 0 0 0.0 1.0 0
cell 53.52702888798774 33.35318585798075 0.0 1.0 1.0 1 0 0 0.0 1.0 0
cell 48.04134201783492 12.779060522084146 0.0 1.0 1.0 1 0 0 0.0 1.0 0
cell 49.03796905086145 42.94967375079313 0.0 1.0 1.0 1 0 0 0.0 1.0 0
cell 3.2976813193144876 43.73920536269061 0.0 1.0 1.0 1 0 0 0.0 1.0 0
cell 5.16721108748755 11.910320459661062 0.0 1.0 1.0 1 0 0 0.0 1.0 0
cell 1.712962008099371 12.88884318562812 0.0 1.0 1.0 1 0 0 0.0 1.0 0
cell 57.08115365053489 24.975899983081177 0.0 1.0 1.0 1 0 0 0.0 1.0 0
cell 4.095238337808711 32.77477149202037 0.0 1.0 1.0 1 0 0 0.0 1.0 0
cell 57.57657473157014 20.16883768464276 0.0 1.0 1.0 1 0 0 0.0 1.0 0
cell 12.668203732950216 46.66546807356082 0.0 1.0 1.0 1 0 0 0.0 1.0 0
cell 11.247277762056083 53.419883009504204 0.0 1.0 1.0 1 0 0 0.0 1.0 0
cell 50.42228031692225 44.10324702696611 0.0 1.0 1.0 1 0 0 0.0 1.0 0
cell 51.03135362487188 29.23310987276013 0.0 1.0 1.0 1 0 0 0.0 1.0 0
cell 56.93502942638731 22.020854029519263 0.0 1.0 1.0 1 0 0 0.0 1.0 0
cell 57.75104871374784 57.9503049373608 0.0 1.6431676725154984 0.6085806194501846 1 0 0 0.9765000233740422 -0.21551729478279735 3.5760357388916346
cell 13.541299194633421 31.143456754528852 0.0 1.0 1.0 1 0 0 0.0 1.0 0
cell 20.798551583547333 33.74110355064092 0.0 1.6431676725154984 0.6085806194501846 1 0 0 0.9377304411643785 -0.34736381462907145 3.8511094427707016
cell 10.928772235181212 59.12229112929185 0.0 1.0 1.0 1 0 0 0.0 1.0 0
cell 55.5742018759567 43.425929435157656 0.0 1.0 1.0 1 0 0 0.0 1.0 0
cell 24.07135461149427 3.9901756044455516 0.0 1.0 1.0 1 0 0 0.0 1.0 0
cell 2.2700565024003807 46.94826135718303 0.0 1.0 1.0 1 0 0 0.0 1.0 0
cell 6.201966676643089 28.279869953624132 0.0 1.0 1.0 1 0 0 0.0 1.0 0
cell 59.699614058064036 6.835381480018761 0.0 1.0 1.0 1 0 0 0.0 1.0 0
cell 54.8094398614024 57.71579939271437 0.0 1.0 1.0 1 0 0 0.0 1.0 0
cell 23.799326851927685 21.347276252259174 0.0 1.6431676725154984 0.6085806194501846 1 0 0 0.9474892172691931 -0.31978771577190346 3.7926035127747375
cell 18.23717119025032 40.11101600752356 0.0 1.0 1.0 1 0 0 0.0 1.0 0
cell 27.801152499681056 0.5488676801586098 0.0 1.6431676725154984 0.6085806194501846 1 0 0 0.9950633741223874 -0.09924153102491756 3.34040297415884
cell 50.734512940825226 6.952336003338282 0.0 1.0 1.0 1 0 0 0.0 1.0 0
cell 57.18170042740535 44.443647251513475 0.0 1.0 1.0 1 0 0 0.0 1.0 0
cell 36.33882558101536 1.0533478458884797 0.0 1.6431676725154984 0.6085806194501846 1 0 0 0.979120518131162 0.2032806212469966 2.732177969415417
cell 21.123484474552672 12.539819220169576 0.0 1.0 1.0 1 0 0 0.0 1.0 0
cell 45.431897297374604 53.070268693478674 0.0 1.0 1.0 1 0 0 0.0 1.0 0
cell 47.49747764816733 17.97498940125211 0.0 1.0 1.0 1 0 0 0.0 1.0 0
cell 22.41824089021316 0.48987358286505195 0.0 1.0 1.0 1 0 0 0.0 1.0 0
cell 41.732361124537455 53.90014060368399 0.0 1.0 1.0 1 0 0 0.0 1.0 0
cell 16.995332346316392 9.009165775061375 0.0 1.0 1.0 1 0 0 0.0 1.0 0
cell 23.338137827651153 14.060451827328789 0.0 1.6431676725154984 0.6085806194501846 1 0 0 0.03852611191460997 0.999257593766864 0.07707129751059069
cell 48.30607356632029 55.56992998435522 0.0 1.6431676725154984 0.6085806194501846 1 0 0 0.9654187632578294 -0.2607040689166995 3.669095493177126
cell 19.559837506562275 50.63211730469631 0.0 1.0 1.0 1 0 0 0.0 1.0 0
cell 48.28101227119674 47.747360556389864 0.0 1.0 1.0 1 0 0 0.0 1.0 0
cell 33.26570352551033 57.2689559214467 0.0 1.0 1.0 1 0 0 0.0 1.0 0
cell 20.177791370101936 8.745188736149561 0.0 1.0 1.0 1 0 0 0.0 1.0 0
cell 7.546031815515029 27.68297663628205 0.0 1.6431676725154984 0.6085806194501846 1 0 0 0.7701940619682502 0.6378096165070319 1.7582907179127432
cell 12.81455478842347 58.54305766732931 0.0 1.0 1.0 1 0 0 0.0 1.0 0
cell 36.04428958262172 54.26217389429419 0.0 1.6431676725154984 0.6085806194501846 1 0 0 0.755088235398432 0.6556231819901446 1.7115773831256973
cell 38.128640816538656 47.06238145999572 0.0 1.6431676725154984 0.6085806194501846 1 0 0 0.7601582172438369 0.6497380123993606 1.7271131792670562
cell 9.67268430579804 9.11698842391418 0.0 1.0 1.0 1 0 0 0.0 1.0 0
cell 51.80997658306691 20.955256348546687 0.0 1.0 1.0 1 0 0 0.0 1.0 0
cell 8.797838620318538 46.47366367637048 0.0 1.0 1.0 1 0 0 0.0 1.0 0
cell 47.45739709118504 54.061424848786764 0.0 1.6431676725154984 0.6085806194501846 1 0 0 0.9774093973704865 -0.21135484364419588 3.5675144741949945
cell 25.5425046182694 36.82707870342018 0.0 1.6431676725154984 0.6085806194501846 1 0 0 0.997892236705077 -0.06489286496787253 3.27146964634026
cell 36.76770161424615 59.25813783556136 0.0 1.6431676725154984 0.6085806194501846 1 0 0 0.9192504860707477 0.3936731434308087 2.332344667937096
cell 4.200547382219208 1.09757525133554 0.0 1.0 1.0 1 0 0 0.0 1.0 0
cell 56.02369381439368 23.720701527975837 0.0 1.0 1.0 1 0 0 0.0 1.0 0
cell 53.82869104620105 52.10924659697024 0.0 1.0 1.0 1 0 0 0.0 1.0 0
cell 35.17029264413914 52.21320191327312 0.0 1.0 1.0 1 0 0 0.0 1.0 0
cell 2.887796926368166 29.60633936462412 0.0 1.0 1.0 1 0 0 0.0 1.0 0
cell 30.900274434726995 23.10316370864383 0.0 1.6431676725154984 0.6085806194501846 1 0 0 0.7581392254870456 0.6520927194639599 1.7209096380887714
cell 25.515276017105254 0.6399299060796554 0.0 1.6431676725154984 0.6085806194501846 1 0 0 0.9530363238855226 -0.3028560142291535 3.7569686249634766
cell 49.08410474730659 57.76809502630026 0.0 1.6431676725154984 0.6085806194501846 1 0 0 0.8619380936441389 -0.5070135330788595 4.20502548886627
cell 2.6201257345721576 15.95042206196928 0.0 1.0 1.0 1 0 0 0.0 1.0 0
cell 48.962058078407544 53.06139461826088 0.0 1.0 1.0 1 0 0 0.0 1.0 0
cell 40.5541282147901 22.527199181669182 0.0 1.6431676725154984 0.6085806194501846 1 0 0 0.770317104176553 0.637661006345103 1.7586765902510522
cell 13.18896251070654 27.567300168295823 0.0 1.0 1.0 1 0 0 0.0 1.0 0
cell 56.443764167373594 5.724795904921548 0.0 1.0 1.0 1 0 0 0.0 1.0 0
cell 11.820297258659881 19.788841936771863 0.0 1.0 1.0 1 0 0 0.0 1.0 0
cell 23.504251234913166 44.068305145039226 0.0 1.6431676725154984 0.6085806194501846 1 0 0 0.9075194614545447 -0.42001003211977356 4.008505402553755
cell 8.906566848968682 45.06099253187507 0.0 1.6431676725154984 0.6085806194501846 1 0 0 0.9999030483585566 -0.01392457838736969 3.169442710406591
cell 11.370142258569537 9.724312519867262 0.0 1.0 1.0 1 0 0 0.0 1.0 0
cell 49.134504837279856 29.88217116474414 0.0 1.0 1.0 1 0 0 0.0 1.0 0
cell 13.337390024464938 48.50727509749642 0.0 1.0 1.0 1 0 0 0.0 1.0 0
cell 10.739690302763828 4.94237472869009 0.0 1.0 1.0 1 0 0 0.0 1.0 0
cell 9.585565150986126 56.302155787351325 0.0 1.0 1.0 1 0 0 0.0 1.0 0
cell 24.926072609601945 48.92085857117969 0.0 1.0 1.0 1 0 0 0.0 1.0 0
cell 11.381262456127503 55.336100509418685 0.0 1.0 1.0 1 0 0 0.0 1.0 0
cell 30.791545185213888 52.59417224232565 0.0 1.6431676725154984 0.6085806194501846 1 0 0 0.8985574572892779 -0.43885589428629934 4.050242668599247
cell 57.77659282389747 7.188988224971926 0.0 1.0 1.0 1 0 0 0.0 1.0 0
cell 44.66860795790366 19.95422499183181 0.0 1.0 1.0 1 0 0 0.0 1.0 0
cell 49.25392289659049 26.28660154351549 0.0 1.0 1.0 1 0 0 0.0 1.0 0
cell 42.98918579375663 23.421417497463054 0.0 1.0 1.0 1 0 0 0.0 1.0 0
cell 1.478448170440882 19.291977363392107 0.0 1.0 1.0 1 0 0 0.0 1.0 0
cell 15.828570024243648 41.222251979811766 0.0 1.0 1.0 1 0 0 0.0 1.0 0
cell 21.718388945660667 7.3553537478129645 0.0 1.6431676725154984 0.6085806194501846 1 0 0 0.6530861389460988 -0.7572836292410374 4.859880134208158
cell 22.289839776341843 22.8468903702081 0.0 1.6431676725154984 0.6085806194501846 1 0 0 0.8640017508866643 -0.5034888027203569 4.196856663122819
cell 25.313416037415912 9.462641303272523 0.0 1.6431676725154984 0.6085806194501846 1 0 0 0.7581945944040847 -0.6520283406543197 4.562105841553483
cell 9.23284049501681 30.696092810920835 0.0 1.0 1.0 1 0 0 0.0 1.0 0
cell 0.6317213718782486 15.910524301596924 0.0 1.0 1.0 1 0 0 0.0 1.0 0
cell 47.484105662044 43.89584907908693 0.0 1.0 1.0 1 0 0 0.0 1.0 0
cell 12.229749090129912 34.10400498316361 0.0 1.0 1.0 1 0 0 0.0 1.0 0
cell 37.191300396025255 7.64547170389519 0.0 1.6431676725154984 0.6085806194501846 1 0 0 0.05272236930738424 0.9986092087371394 0.10549364969962059
cell 26.729592981940502 30.85257208163006 0.0 1.6431676725154984 0.6085806194501846 1 0 0 0.9926798387131699 0.12077556794482505 2.8994503887157164
cell 44.20559284743327 24.98985772748935 0.0 1.0 1.0 1 0 0 0.0 1.0 0
cell 46.774755859680404 7.977746220809749 0.0 1.0 1.0 1 0 0 0.0 1.0 0
cell 19.090839003795256 24.313528581581412 0.0 1.0 1.0 1 0 0 0.0 1.0 0
cell 15.371811905694269 31.850619414907282 0.0 1.0 1.0 1 0 0 0.0 1.0 0
cell 50.4929225504572 31.13852258598831 0.0 1.0 1.0 1 0 0 0.0 1.0 0
cell 15.581493461393976 17.21784615296465 0.0 1.6431676725154984 0.6085806194501846 1 0 0 0.9449552674910152 -0.3271995452945861 3.808269582105446
cell 59.01604744043853 30.987484669634263 0.0 1.0 1.0 1 0 0 0.0 1.0 0
cell 38.23813705374771 53.788759712322154 0.0 1.6431676725154984 0.6085806194501846 1 0 0 -0.8169179099586615 -0.576753958277507 1.9120935168794517
cell 7.27694040543862 49.95997785624389 0.0 1.0 1.0 1 0 0 0.0 1.0 0
cell 11.966194745870078 0.409190214894091 0.0 1.6431676725154984 0.6085806194501846 1 0 0 0.9929764666022166 0.1183120314007712 2.9044130507302026
cell 10.983103112202901 23.39562115607835 0.0 1.0 1.0 1 0 0 0.0 1.0 0
cell 39.633490927205195 48.33089050050193 0.0 1.6431676725154984 0.6085806194501846 1 0 0 0.5405036663700097 0.8413416586860402 1.1420712820376777
cell 25.547395322142986 40.83968886649502 0.0 1.6431676725154984 0.6085806194501846 1 0 0 0.9738588960659853 -0.22715380373909774 3.5999008249891626
cell 35.385823939146505 2.5067604822697334 0.0 1.6431676725154984 0.6085806194501846 1 0 0 0.9731093235882009 0.2303437525649745 2.676730813898775
cell 8.464499132331769 36.2632161422146 0.0 1.0 1.0 1 0 0 0.0 1.0 0
cell 32.36766109952412 20.674350506822353 0.0 1.6431676725154984 0.6085806194501846 1 0 0 0.892082932764946 -0.4518717086402874 4.079317373271682
cell 23.33804021095186 29.30133743768115 0.0 1.0 1.0 1 0 0 0.0 1.0 0
cell 57.063876421726256 46.341171682069564 0.0 1.0 1.0 1 0 0 0.0 1.0 0
cell 6.735175004347995 3.5006205107951036 0.0 1.6431676725154984 0.6085806194501846 1 0 0 0.9493484077587007 -0.314225397900965 3.780873880561524
cell 11.811118733295773 1.8321198553333156 0.0 1.0 1.0 1 0 0 0.0 1.0 0
cell 7.641351351227693 22.933017691431616 0.0 1.0 1.0 1 0 0 0.0 1.0 0
cell 50.1728093072209 24.561201332099365 0.0 1.0 1.0 1 0 0 0.0 1.0 0
cell 40.15393197402347 43.21528727679287 0.0 1.6431676725154984 0.6085806194501846 1 0 0 -0.539992611242406 -0.8416697569733677 1.1408566613710773
cell 47.92808866465016 4.1323904450053135 0.0 1.0 1.0 1 0 0 0.0 1.0 0
cell 19.91377873744426 53.896017961390406 0.0 1.0 1.0 1 0 0 0.0 1.0 0
cell 7.739007629643905 57.23032231391334 0.0 1.0 1.0 1 0 0 0.0 1.0 0
cell 57.11400977820447 50.0254730938344 0.0 1.0 1.0 1 0 0 0.0 1.0 0
cell 5.225148322768493 18.633559122883497 0.0 1.0 1.0 1 0 0 0.0 1.0 0
cell 21.267944328945145 1.6906688337135982 0.0 1.0 1.0 1 0 0 0.0 1.0 0
cell 44.85096050331207 31.846607547766816 0.0 1.0 1.0 1 0 0 0.0 1.0 0
cell 0.7448568674558654 9.951840139621776 0.0 1.0 1.0 1 0 0 0.0 1.0 0
cell 50.18377405201302 46.07855769488795 0.0 1.0 1.0 1 0 0 0.0 1.0 0
cell 19.168802892805214 2.122888340404315 0.0 1.0 1.0 1 0 0 0.0 1.0 0
cell 42.5592875787176 47.27294430833633 0.0 1.6431676725154984 0.6085806194501846 1 0 0 0.7713244900511497 0.6364420877403802 1.761839240649914
cell 31.580790244301486 51.447762938447624 0.0 1.6431676725154984 0.6085806194501846 1 0 0 0.5462763442426871 0.8376050117572394 1.1558243219091466
cell 18.318168398282502 31.736272597207698 0.0 1.6431676725154984 0.6085806194501846 1 0 0 0.928892669069758 -0.3703490371912166 3.9003621511394813
cell 3.82701104527371 23.853247186845547 0.0 1.0 1.0 1 0 0 0.0 1.0 0
cell 13.50767392645796 18.75402559063301 0.0 1.0 1.0 1 0 0 0.0 1.0 0
cell 51.063578637814814 58.65596979510609 0.0 1.0 1.0 1 0 0 0.0 1.0 0
cell 16.51586952641286 36.533485022767 0.0 1.0 1.0 1 0 0 0.0 1.0 0
cell 55.41523772942851 45.32550188797562 0.0 1.0 1.0 1 0 0 0.0 1.0 0
cell 43.13296453664581 3.857054662200498 0.0 1.0 1.0 1 0 0 0.0 1.0 0
cell 58.846844001806765 50.95605555673892 0.0 1.0 1.0 1 0 0 0.0 1.0 0
cell 19.662216928555623 43.59837124302545 0.0 1.0 1.0 1 0 0 0.0 1.0 0
cell 24.318458431736683 53.940185107264256 0.0 1.0 1.0 1 0 0 0.0 1.0 0
cell 10.450919974200794 43.84872640067032 0.0 1.0 1.0 1 0 0 0.0 1.0 0
cell 9.888897589542346 36.98349247026658 0.0 1.0 1.0 1 0 0 0.0 1.0 0
cell 22.618013495883822 4.887017831752186 0.0 1.0 1.0 1 0 0 0.0 1.0 0
cell 31.47157147110048 7.56329290108377 0.0 1.6431676725154984 0.6085806194501846 1 0 0 0.2860370003461353 0.9582185734126557 0.5801769410953853
cell 38.16383843672715 49.63597694317241 0.0 1.6431676725154984 0.6085806194501846 1 0 0 0.8235591816179983 0.5672303538886938 1.9353148040283177
cell 35.580143698530584 57.48335707033095 0.0 1.6431676725154984 0.6085806194501846 1 0 0 -0.7609085766939074 -0.6488591048245004 1.729424471527322
cell 23.07188804588981 31.736102935441338 0.0 1.6431676725154984 0.6085806194501846 1 0 0 0.9222533944250484 -0.3865859237885882 3.935446298288428
cell 52.88716178652625 13.86110407597636 0.0 1.0 1.0 1 0 0 0.0 1.0 0
cell 23.79531436570526 18.216075950979697 0.0 1.6431676725154984 0.6085806194501846 1 0 0 0.9695790495145992 -0.24477840334140272 3.636174926771638
cell 7.591674238805583 39.97678699406743 0.0 1.0 1.0 1 0 0 0.0 1.0 0
cell 1.9690250020431663 35.42640958170921 0.0 1.0 1.0 1 0 0 0.0 1.0 0
cell 58.74412742171674 32.89146089629443 0.0 1.0 1.0 1 0 0 0.0 1.0 0
cell 16.479288411493222 21.09055544646721 0.0 1.0 1.0 1 0 0 0.0 1.0 0
cell 0.8603166619807586 55.76059233564807 0.0 1.0 1.0 1 0 0 0.0 1.0 0
cell 31.26774314190372 17.846753762695084 0.0 1.6431676725154984 0.6085806194501846 1 0 0 0.8828910157357013 -0.46957795341474634 4.11921803210742
cell 14.550581370232862 15.650058391838687 0.0 1.6431676725154984 0.6085806194501846 1 0 0 0.9976224098108439 -0.06891681538786172 3.2795356256561865
cell 25.134008117571547 3.1173808803285756 0.0 1.6431676725154984 0.6085806194501846 1 0 0 0.8862684638070499 -0.46317190119985896 4.1047342633078765
cell 5.738730312217099 23.414905913104302 0.0 1.0 1.0 1 0 0 0.0 1.0 0
cell 41.53192567126505 50.17228553716503 0.0 1.6431676725154984 0.6085806194501846 1 0 0 -0.8790545406139667 -0.47672121268721396 2.1477506102370523
cell 51.275978816664 5.03349610386861 0.0 1.0 1.0 1 0 0 0.0 1.0 0
cell 38.443732512033215 22.751961116781573 0.0 1.6431676725154984 0.6085806194501846 1 0 0 0.7176861748736711 0.696366680991558 1.6009477862982961
cell 28.281114320693334 11.737902714344884 0.0 1.6431676725154984 0.6085806194501846 1 0 0 0.5817663942485424 0.8133559261006521 1.2417974882285243
cell 21.976142793247245 36.53570794859881 0.0 1.6431676725154984 0.6085806194501846 1 0 0 0.9376767080367948 -0.3475088361542471 3.851418754857836
cell 28.566624225909173 57.77015938688056 0.0 1.6431676725154984 0.6085806194501846 1 0 0 -0.9885508444016559 -0.15088813085452782 2.838659397037816
cell 6.973045335143023 7.090417168747809 0.0 1.0 1.0 1 0 0 0.0 1.0 0
cell 45.172847912216795 26.572695270811103 0.0 1.0 1.0 1 0 0 0.0 1.0 0
cell 15.544212481545676 37.95231357718064 0.0 1.0 1.0 1 0 0 0.0 1.0 0
cell 1.0999098648739496 30.305307243127483 0.0 1.0 1.0 1 0 0 0.0 1.0 0
cell 37.206132386345104 32.46434026325307 0.0 1.6431676725154984 0.6085806194501846 1 0 0 -0.5839363600974361 -0.8117994378885448 1.2471384288115601
cell 55.18804271460827 11.549488049532664 0.0 1.0 1.0 1 0 0 0.0 1.0 0
cell 57.55781134379675 36.246777164465946 0.0 1.6431676725154984 0.6085806194501846 1 0 0 0.9791285421946251 0.2032419687461925 2.7322569226018776
cell 40.51682513953026 56.812705677262514 0.0 1.6431676725154984 0.6085806194501846 1 0 0 0.9820649262571101 -0.18854304711555145 3.5209494015812837
cell 20.571779371267883 38.9536170449995 0.0 1.6431676725154984 0.6085806194501846 1 0 0 0.8549447338920405 -0.518719097383418 4.232296733585137
cell 42.481559050772184 27.132139122188384 0.0 1.0 1.0 1 0 0 0.0 1.0 0
cell 55.185878339106225 25.527283396954317 0.0 1.0 1.0 1 0 0 0.0 1.0 0
cell 41.69056211706001 8.376609934229023 0.0 1.0 1.0 1 0 0 0.0 1.0 0
cell 44.09372589304951 28.231342219068992 0.0 1.0 1.0 1 0 0 0.0 1.0 0
cell 24.18906978556315 27.562220904701928 0.0 1.0 1.0 1 0 0 0.0 1.0 0
cell 51.30694293772024 26.180467791308757 0.0 1.0 1.0 1 0 0 0.0 1.0 0
cell 17.22621937796738 56.333143877553596 0.0 1.0 1.0 1 0 0 0.0 1.0 0
cell 53.12445595234204 4.286429983443528 0.0 1.0 1.0 1 0 0 0.0 1.0 0
cell 57.05082084969582 3.9347769876804026 0.0 1.0 1.0 1 0 0 0.0 1.0 0
cell 52.785307111284084 39.22868729241342 0.0 1.0 1.0 1 0 0 0.0 1.0 0
cell 19.101770984984835 35.987644067813775 0.0 1.6431676725154984 0.6085806194501846 1 0 0 0.8384247842978783 -0.5450173218119367 4.294412202679518
cell 52.68590412347235 6.458271029091953 0.0 1.0 1.0 1 0 0 0.0 1.0 0
cell 28.92827811122383 51.45419840774131 0.0 1.6431676725154984 0.6085806194501846 1 0 0 0.9269513002002472 0.3751816720697737 2.372407142548722
cell 0.055944356705038015 38.22516216668493 0.0 1.0 1.0 1 0 0 0.0 1.0 0
cell 49.86613393082996 12.535018800308894 0.0 1.0 1.0 1 0 0 0.0 1.0 0
cell 31.464214427902522 0.9581776001462481 0.0 1.0 1.0 1 0 0 0.0 1.0 0
cell 24.43794564572729 52.188505976752616 0.0 1.6431676725154984 0.6085806194501846 1 0 0 0.32022515301452315 -0.9473414650361427 5.631251015122389
cell 58.19065138962612 0.08747577399069185 0.0 1.0 1.0 1 0 0 0.0 1.0 0
cell 14.332703350045522 57.38515841609096 0.0 1.0 1.0 1 0 0 0.0 1.0 0
cell 0.586560071378325 45.95719486426992 0.0 1.0 1.0 1 0 0 0.0 1.0 0
cell 19.598182636765042 27.72411816034035 0.0 1.6431676725154984 0.6085806194501846 1 0 0 -0.9223122420700741 0.38644550473213285 3.935141795041906
cell 23.675073277617532 38.74508411354697 0.0 1.6431676725154984 0.6085806194501846 1 0 0 0.8221651905429951 -0.5692489784438797 4.352776849747291
cell 19.885108901958912 57.64354850432863 0.0 1.6431676725154984 0.6085806194501846 1 0 0 0.9516727921740518 -0.30711381707055146 3.765910243845577
cell 17.6393159889782 50.906330824255676 0.0 1.0 1.0 1 0 0 0.0 1.0 0
cell 48.370817851949816 2.234400411050152 0.0 1.0 1.0 1 0 0 0.0 1.0 0
cell 32.80718248237805 1.6660976993552052 0.0 1.6431676725154984 0.6085806194501846 1 0 0 0.868795980943693 0.4951702166892575 2.1055311671779893
cell 33.61765589238099 5.016667118606426 0.0 1.0 1.0 1 0 0 0.0 1.0 0
cell 27.341485073376525 59.04694844531653 0.0 1.6431676725154984 0.6085806194501846 1 0 0 0.9881005292011721 -0.15380944116784168 3.450437540741697
cell 43.99937579639358 43.91210827308142 0.0 1.0 1.0 1 0 0 0.0 1.0 0
cell 14.273701639708023 25.091663375964732 0.0 1.0 1.0 1 0 0 0.0 1.0 0
cell 26.49001582790928 27.89646534414653 0.0 1.6431676725154984 0.6085806194501846 1 0 0 0.9422847178773511 0.3348126497831299 2.458779858407913
cell 40.84180928717234 55.61931529400939 0.0 1.6431676725154984 0.6085806194501846 1 0 0 0.9900934577174985 -0.14040991768749161 3.4233434970979686
cell 35.80217455233068 15.111023109429178 0.0 1.6431676725154984 0.6085806194501846 1 0 0 0.8394694163622719 0.5434069368276289 1.9926121653638726
cell 10.683630311116724 25.242216136851106 0.0 1.0 1.0 1 0 0 0.0 1.0 0
cell 0.7310413807560809 47.93956385204622 0.0 1.0 1.0 1 0 0 0.0 1.0 0
cell 38.504122313998806 41.76916173570997 0.0 1.6431676725154984 0.6085806194501846 1 0 0 0.5665660296843368 0.8240163432892137 1.2046649968374288
cell 48.75835524876214 7.557575175036226 0.0 1.0 1.0 1 0 0 0.0 1.0 0
cell 19.791020498730994 29.481375207966902 0.0 1.6431676725154984 0.6085806194501846 1 0 0 0.9301996923761292 -0.36705385477250424 3.8932722850601165
cell 49.33140805031583 5.590430370934075 0.0 1.0 1.0 1 0 0 0.0 1.0 0
cell 39.807105564746884 52.90027273860043 0.0 1.6431676725154984 0.6085806194501846 1 0 0 0.8712400051236199 0.490857263847847 2.1154457759410747
cell 24.732095059332543 55.87711509446299 0.0 1.0 1.0 1 0 0 0.0 1.0 0
cell 46.523744405318915 46.766016403462935 0.0 1.0 1.0 1 0 0 0.0 1.0 0
cell 54.14419251750069 15.398731781783896 0.0 1.0 1.0 1 0 0 0.0 1.0 0
cell 6.008773554646225 54.67199265926255 0.0 1.0 1.0 1 0 0 0.0 1.0 0
cell 3.4150744236322192 25.68824596217482 0.0 1.0 1.0 1 0 0 0.0 1.0 0
cell 39.672061688481826 8.2503103936908 0.0 1.0 1.0 1 0 0 0.0 1.0 0
cell 48.2247162535941 45.73462470420815 0.0 1.0 1.0 1 0 0 0.0 1.0 0
cell 36.98219411741039 5.990010336444953 0.0 1.0 1.0 1 0 0 0.0 1.0 0
cell 8.023317347364783 10.727293688154932 0.0 1.6431676725154984 0.6085806194501846 1 0 0 0.9573670258379025 -0.2888743287976433 3.727694313220724
cell 27.143486508323424 5.743041160938318 0.0 1.6431676725154984 0.6085806194501846 1 0 0 0.0856772082225198 0.9963229476385631 0.1715647522310632
cell 58.795967166922786 47.236805162460165 0.0 1.0 1.0 1 0 0 0.0 1.0 0
cell 18.12620404985243 36.75730636652127 0.0 1.0 1.0 1 0 0 0.0 1.0 0
cell 19.35393317185555 5.720102487667388 0.0 1.0 1.0 1 0 0 0.0 1.0 0
cell 26.194076183056904 2.7323732222776007 0.0 1.6431676725154984 0.6085806194501846 1 0 0 0.8855011830160363 -0.4646371217167223 4.108042188094759
cell 30.17649320737221 3.3312667277834818 0.0 1.0 1.0 1 0 0 0.0 1.0 0
cell 53.80606935302998 31.35117685536635 0.0 1.0 1.0 1 0 0 0.0 1.0 0
cell 53.750661338467225 44.29645868051374 0.0 1.0 1.0 1 0 0 0.0 1.0 0
cell 59.39488489545782 1.9087166146241006 0.0 1.0 1.0 1 0 0 0.0 1.0 0
cell 28.065022488099224 48.92209962927251 0.0 1.6431676725154984 0.6085806194501846 1 0 0 0.6812692549096165 -0.7320329243380355 4.7841950758598975
cell 26.704513826102236 10.075834681736959 0.0 1.6431676725154984 0.6085806194501846 1 0 0 0.5872710370477111 0.8093903440521798 1.2553661447383742
cell 0.44777454441579284 23.154213145782666 0.0 1.0 1.0 1 0 0 0.0 1.0 0
cell 16.88146913003903 16.916501144868636 0.0 1.6431676725154984 0.6085806194501846 1 0 0 0.8716335384508316 -0.490158111886035 4.166134935364331
cell 9.88655277674799 2.6673484753687986 0.0 1.0 1.0 1 0 0 0.0 1.0 0
cell 37.60553271143779 13.41537787824265 0.0 1.6431676725154984 0.6085806194501846 1 0 0 0.791216509807318 0.6115361269854188 1.8255914285020165
cell 49.45677266397681 17.795627985735855 0.0 1.0 1.0 1 0 0 0.0 1.0 0
cell 12.489355808157953 24.256000265469183 0.0 1.0 1.0 1 0 0 0.0 1.0 0
cell 28.60715001894765 45.48305566099488 0.0 1.6431676725154984 0.6085806194501846 1 0 0 0.9423448104861847 -0.3346434791681389 3.824046395468113
cell 21.567126970814893 23.68577749929271 0.0 1.6431676725154984 0.6085806194501846 1 0 0 0.8529613934854811 -0.5219740043558744 4.2399198762851995
cell 39.68151462999978 46.30341736062838 0.0 1.6431676725154984 0.6085806194501846 1 0 0 0.4536402722956534 0.8911848872997822 0.9416917358656107
cell 12.705793726477717 35.95610139409492 0.0 1.0 1.0 1 0 0 0.0 1.0 0
cell 20.928602241454943 37.84755673650801 0.0 1.6431676725154984 0.6085806194501846 1 0 0 0.883149669568487 -0.4690913142886705 4.1181158171521055
cell 38.29892269348915 16.455654291912634 0.0 1.6431676725154984 0.6085806194501846 1 0 0 0.44247884522157016 0.8967789423996226 0.9167219195685552
cell 6.234017269702491 30.09123463646337 0.0 1.0 1.0 1 0 0 0.0 1.0 0
cell 0.5279726268388144 59.26456005930371 0.0 1.0 1.0 1 0 0 0.0 1.0 0
cell 33.927775995774155 7.308274284769997 0.0 1.6431676725154984 0.6085806194501846 1 0 0 0.03520286700053376 0.9993801869933898 0.07042028373826922
cell 59.07298217804638 43.80496082208221 0.0 1.0 1.0 1 0 0 0.0 1.0 0
cell 10.456831842645197 49.663199411946856 0.0 1.0 1.0 1 0 0 0.0 1.0 0
cell 21.934392416685785 57.4653941096572 0.0 1.6431676725154984 0.6085806194501846 1 0 0 0.9890393375988251 -0.14765225593290915 3.4379808290361287
cell 53.289532229064044 25.947655616860544 0.0 1.0 1.0 1 0 0 0.0 1.0 0
cell 22.510531060199906 35.73745057554655 0.0 1.6431676725154984 0.6085806194501846 1 0 0 0.9569537004241891 -0.2902406161178192 3.7305491892494667
cell 4.803022913615859 26.965128253088334 0.0 1.0 1.0 1 0 0 0.0 1.0 0
cell 44.216222231034294 41.9377791476016 0.0 1.0 1.0 1 0 0 0.0 1.0 0
cell 49.02469053154208 22.95913411143171 0.0 1.0 1.0 1 0 0 0.0 1.0 0
cell 6.840855696990671 42.94107757396884 0.0 1.0 1.0 1 0 0 0.0 1.0 0
cell 14.656454614132912 4.364502903087377 0.0 1.0 1.0 1 0 0 0.0 1.0 0
cell 8.963550961226419 17.667730995239317 0.0 1.0 1.0 1 0 0 0.0 1.0 0
cell 24.070625718682773 0.7327755507402378 0.0 1.6431676725154984 0.6085806194501846 1 0 0 0.9150421897017782 -0.40335814243148105 3.971960298347214
cell 35.68801259773242 44.53103267071196 0.0 1.6431676725154984 0.6085806194501846 1 0 0 0.4846103548148743 0.8747301321014395 1.0118353330383238
cell 47.282314203109195 52.3346108517567 0.0 1.0 1.0 1 0 0 0.0 1.0 0
cell 28.37031148647121 53.089364605142066 0.0 1.6431676725154984 0.6085806194501846 1 0 0 0.9986659419955625 0.0516365790706147 3.0382735468006103
cell 14.599304008374453 46.99943056237512 0.0 1.0 1.0 1 0 0 0.0 1.0 0
cell 25.972028206884247 57.40187762931651 0.0 1.6431676725154984 0.6085806194501846 1 0 0 0.9707309698531692 -0.24016949050186515 3.626673549929173
cell 9.237426812612982 40.060818882869654 0.0 1.0 1.0 1 0 0 0.0 1.0 0
cell 12.657038762957622 56.605926292787196 0.0 1.0 1.0 1 0 0 0.0 1.0 0
cell 52.02547615445244 55.1002571327471 0.0 1.0 1.0 1 0 0 0.0 1.0 0
cell 54.55800232355728 18.890092806504327 0.0 1.0 1.0 1 0 0 0.0 1.0 0
cell 16.729555085369377 33.26904382615579 0.0 1.0 1.0 1 0 0 0.0 1.0 0
cell 47.46573128921211 41.8622915700953 0.0 1.0 1.0 1 0 0 0.0 1.0 0
cell 28.657642222795722 34.902749446583705 0.0 1.6431676725154984 0.6085806194501846 1 0 0 0.6886289595885459 -0.7251138917549413 4.763992191658932
cell 23.545233205569115 6.48351276494943 0.0 1.0 1.0 1 0 0 0.0 1.0 0
cell 16.3142122865194 43.50425177708611 0.0 1.0 1.0 1 0 0 0.0 1.0 0
cell 45.460460175352 6.539745272494498 0.0 1.0 1.0 1 0 0 0.0 1.0 0
cell 32.90475118793409 6.230989176095163 0.0 1.6431676725154984 0.6085806194501846 1 0 0 0.998041478780406 -0.06255562831448784 3.266785651943154
cell 40.794395289680104 41.96354589350895 0.0 1.6431676725154984 0.6085806194501846 1 0 0 0.5842818939477121 0.8115507799299281 1.2479898380546548
cell 41.87940643595724 44.04155337267002 0.0 1.6431676725154984 0.6085806194501846 1 0 0 0.9015881060548138 0.4325955235788899 2.2468533924583904
cell 34.99684503005446 46.94752102048939 0.0 1.6431676725154984 0.6085806194501846 1 0 0 0.42500441272814 0.9051912776654495 0.8779335210330664
cell 1.489042233110061 39.3829585772392 0.0 1.0 1.0 1 0 0 0.0 1.0 0
cell 7.253255348983245 9.22296391780318 0.0 1.6431676725154984 0.6085806194501846 1 0 0 0.9892893432697863 -0.1459677885454006 3.4345749905690877
cell 45.02265065861513 23.23887937575783 0.0 1.0 1.0 1 0 0 0.0 1.0 0
cell 24.919924214163625 58.89886908915439 0.0 1.6431676725154984 0.6085806194501846 1 0 0 0.9696347580488025 -0.24455763325572216 3.635719546175923
cell 43.131487811747405 2.1290829127679523 0.0 1.0 1.0 1 0 0 0.0 1.0 0
cell 3.106895297574205 27.651238499244904 0.0 1.0 1.0 1 0 0 0.0 1.0 0
cell 50.65714875534618 19.33765959053362 0.0 1.0 1.0 1 0 0 0.0 1.0 0
cell 44.582846916752 35.76471529838463 0.0 1.0 1.0 1 0 0 0.0 1.0 0
cell 56.95994921009428 16.70317357950294 0.0 1.0 1.0 1 0 0 0.0 1.0 0
cell 37.353072193572274 8.956395742584002 0.0 1.6431676725154984 0.6085806194501846 1 0 0 0.010428662693877388 -0.9999456200186175 6.262327603709952
cell 3.268855656881325 18.90841781893795 0.0 1.0 1.0 1 0 0 0.0 1.0 0
cell 5.95291156874235 58.1902483371833 0.0 1.0 1.0 1 0 0 0.0 1.0 0
cell 50.27272902300429 15.974113505088594 0.0 1.0 1.0 1 0 0 0.0 1.0 0
cell 45.00227656322672 56.7055074450869 0.0 1.6431676725154984 0.6085806194501846 1 0 0 0.9940917158256509 0.10854335781987434 2.924077388312765
cell 14.902145980404875 42.77173008123188 0.0 1.0 1.0 1 0 0 0.0 1.0 0
cell 18.86680543547417 17.11127265656825 0.0 1.6431676725154984 0.6085806194501846 1 0 0 0.9640910940462599 -0.2655717650291264 3.6791865238448223
cell 17.56981232117376 12.84574415645647 0.0 1.0 1.0 1 0 0 0.0 1.0 0
cell 16.255842870557064 52.536244023946786 0.0 1.0 1.0 1 0 0 0.0 1.0 0
cell 26.46607909217862 49.84421713984537 0.0 1.6431676725154984 0.6085806194501846 1 0 0 0.48630707335915496 -0.8737879779447949 5.267468474711607
cell 57.0740319656032 48.16241661809778 0.0 1.0 1.0 1 0 0 0.0 1.0 0
cell 9.123157606482064 4.084497711625362 0.0 1.0 1.0 1 0 0 0.0 1.0 0
cell 46.65164575056251 19.77998738114651 0.0 1.0 1.0 1 0 0 0.0 1.0 0
cell 9.048940079615184 34.57116613490371 0.0 1.0 1.0 1 0 0 0.0 1.0 0
cell 5.198625411152269 45.91432570191456 0.0 1.0 1.0 1 0 0 0.0 1.0 0
cell 38.452993361952394 56.92739267219849 0.0 1.6431676725154984 0.6085806194501846 1 0 0 0.8953193612501474 0.4454247875574821 2.2182953365079134
cell 29.153137293191083 6.541248395505291 0.0 1.6431676725154984 0.6085806194501846 1 0 0 0.6296697859683145 -0.7768628969378168 4.920929152346233
cell 12.627020106639621 51.95875901024978 0.0 1.0 1.0 1 0 0 0.0 1.0 0
cell 52.959042360798776 22.550153719842065 0.0 1.0 1.0 1 0 0 0.0 1.0 0
cell 37.878307255828744 30.55418671944258 0.0 1.6431676725154984 0.6085806194501846 1 0 0 0.6688883185763638 0.743362910880066 1.4654246066045602
cell 27.142146945624976 29.0476062799878 0.0 1.6431676725154984 0.6085806194501846 1 0 0 0.9082225069257447 0.41848760783745503 2.2780337378291593
cell 49.59584589137356 10.742622071625439 0.0 1.0 1.0 1 0 0 0.0 1.0 0
cell 18.566334730492933 4.034387896062297 0.0 1.0 1.0 1 0 0 0.0 1.0 0
cell 53.43071191295441 11.967857080484698 0.0 1.0 1.0 1 0 0 0.0 1.0 0
cell 30.5837100230975 28.33297150192289 0.0 1.6431676725154984 0.6085806194501846 1 0 0 0.7270950232374265 0.6865368359988896 1.628162130821957
cell 39.24724176245981 24.46478901778602 0.0 1.6431676725154984 0.6085806194501846 1 0 0 0.7663742701674863 0.6423943321864326 1.7463558056067665
cell 15.00738491911794 39.43052199035182 0.0 1.0 1.0 1 0 0 0.0 1.0 0
cell 33.69919250523948 30.02222727059006 0.0 1.6431676725154984 0.6085806194501846 1 0 0 0.9383703254799058 0.34563149778157604 2.4357693043050226
cell 9.057900079900543 5.530138309375406 0.0 1.6431676725154984 0.6085806194501846 1 0 0 0.9681794080794046 -0.2502571353048972 3.6474843184932135
cell 49.63899091704122 37.028243349641635 0.0 1.0 1.0 1 0 0 0.0 1.0 0
cell 51.95786290850306 45.181499055799854 0.0 1.0 1.0 1 0 0 0.0 1.0 0
cell 40.754691129495505 39.07505609859928 0.0 1.6431676725154984 0.6085806194501846 1 0 0 0.6730920081149904 0.7395587526435812 1.4767635151448812
cell 27.565164485179174 37.93468287077761 0.0 1.6431676725154984 0.6085806194501846 1 0 0 0.997962236409571 -0.06380732481782539 3.269294056771728
cell 54.624184422719196 59.67096030717368 0.0 1.0 1.0 1 0 0 0.0 1.0 0
cell 44.29618699743525 16.64576611467713 0.0 1.0 1.0 1 0 0 0.0 1.0 0
cell 34.874002053713 0.4817576131550939 0.0 1.6431676725154984 0.6085806194501846 1 0 0 0.9024061538795902 0.43088645075036336 2.2506429218491815
cell 45.761168249409955 42.9014555493244 0.0 1.0 1.0 1 0 0 0.0 1.0 0
cell 51.97706068621056 49.01490427931539 0.0 1.0 1.0 1 0 0 0.0 1.0 0
cell 46.26062112545131 36.832938895403856 0.0 1.0 1.0 1 0 0 0.0 1.0 0
cell 28.60932286275836 56.040397257431025 0.0 1.0 1.0 1 0 0 0.0 1.0 0
cell 20.75046761008183 25.120154351713303 0.0 1.0 1.0 1 0 0 0.0 1.0 0
cell 20.688652495678504 41.90489462789718 0.0 1.0 1.0 1 0 0 0.0 1.0 0
cell 28.8134691027114 18.53416400910325 0.0 1.6431676725154984 0.6085806194501846 1 0 0 0.5804953605849728 0.8142635545935496 1.238673825922255
cell 9.267327305610149 15.859647210170442 0.0 1.0 1.0 1 0 0 0.0 1.0 0
cell 10.880200210589383 40.58406042650017 0.0 1.0 1.0 1 0 0 0.0 1.0 0
cell 23.435905056943675 10.951781223686503 0.0 1.6431676725154984 0.6085806194501846 1 0 0 0.7763929014798995 -0.6302492066886106 4.50534095335899
cell 14.983500521253148 59.0541123374396 0.0 1.0 1.0 1 0 0 0.0 1.0 0
cell 38.98998152480956 11.01713804717605 0.0 1.6431676725154984 0.6085806194501846 1 0 0 0.45919061598952515 0.8883377613200738 0.954167723625559
cell 14.620156637087252 36.352853189944106 0.0 1.0 1.0 1 0 0 0.0 1.0 0
cell 10.89956269328561 11.8319617029299 0.0 1.6431676725154984 0.6085806194501846 1 0 0 0.9922734296842534 -0.12407030564421552 3.3903743385974274
cell 39.67080335968813 44.63730981958146 0.0 1.6431676725154984 0.6085806194501846 1 0 0 -0.42000871427463876 -0.9075200713666695 0.8669098446853258
cell 58.94256532302329 3.6118194744586933 0.0 1.0 1.0 1 0 0 0.0 1.0 0
cell 18.12748442825038 57.864288903104665 0.0 1.0 1.0 1 0 0 0.0 1.0 0
cell 45.8460486885416 44.89087471258473 0.0 1.0 1.0 1 0 0 0.0 1.0 0
cell 18.932862402999582 25.887171889152334 0.0 1.0 1.0 1 0 0 0.0 1.0 0
cell 53.26174819689033 35.30676325674281 0.0 1.0 1.0 1 0 0 0.0 1.0 0
cell 39.18845290245083 59.362659247099 0.0 1.6431676725154984 0.6085806194501846 1 0 0 0.9324892252266739 0.3611977918483965 2.402488484560228
cell 43.147845641980936 56.410485704768554 0.0 1.6431676725154984 0.6085806194501846 1 0 0 0.9737764172432084 0.22750711905560422 2.6825588528896684
cell 28.516352698504864 1.788568800756148 0.0 1.6431676725154984 0.6085806194501846 1 0 0 0.9958195587931858 -0.09134224830243998 3.324532143905964
cell 11.354872597867026 21.546984578406093 0.0 1.0 1.0 1 0 0 0.0 1.0 0
cell 13.0270216128203 25.7921650375103 0.0 1.6431676725154984 0.6085806194501846 1 0 0 0.9742715149994459 -0.2253774945745129 3.596253618083031
cell 32.028290011759395 56.23658916187836 0.0 1.6431676725154984 0.6085806194501846 1 0 0 0.9447039738762912 0.3279243841838293 2.4733813979577466
cell 57.279259994733856 53.88377988213907 0.0 1.0 1.0 1 0 0 0.0 1.0 0
cell 13.289879646526993 29.41818735944442 0.0 1.0 1.0 1 0 0 0.0 1.0 0
cell 47.24642629789427 26.47660503556688 0.0 1.0 1.0 1 0 0 0.0 1.0 0
cell 53.03717856739771 37.26809337988346 0.0 1.0 1.0 1 0 0 0.0 1.0 0
cell 17.94932633318415 22.71221653751351 0.0 1.0 1.0 1 0 0 0.0 1.0 0
cell 4.363346637670433 4.472794258559242 0.0 1.0 1.0 1 0 0 0.0 1.0 0
cell 7.595472521383525 58.97686526327263 0.0 1.0 1.0 1 0 0 0.0 1.0 0
cell 0.23342220177421133 36.22688069536382 0.0 1.0 1.0 1 0 0 0.0 1.0 0
cell 50.05505953300936 51.37531456626815 0.0 1.0 1.0 1 0 0 0.0 1.0 0
cell 40.30180256438226 16.89729771784797 0.0 1.0 1.0 1 0 0 0.0 1.0 0
cell 2.6141531083305094 9.244222979859783 0.0 1.0 1.0 1 0 0 0.0 1.0 0
cell 2.3866723803695704 4.7570902298750175 0.0 1.0 1.0 1 0 0 0.0 1.0 0
cell 4.646539555049964 44.35569232690385 0.0 1.6431676725154984 0.6085806194501846 1 0 0 0.9802544230236676 0.19774040088595085 2.743488118341067
cell 43.031740267585256 32.6415177781239 0.0 1.0 1.0 1 0 0 0.0 1.0 0
cell 19.636854812737404 15.171886636397762 0.0 1.6431676725154984 0.6085806194501846 1 0 0 0.9733990182910599 -0.22911645770219294 3.603932449734957
cell 13.85310774913239 6.165462977866883 0.0 1.0 1.0 1 0 0 0.0 1.0 0
cell 57.95485004418363 39.00250249631717 0.0 1.0 1.0 1 0 0 0.0 1.0 0
cell 13.397603178562964 3.0198270870261124 0.0 1.0 1.0 1 0 0 0.0 1.0 0
cell 51.87398314891762 47.09138481406274 0.0 1.0 1.0 1 0 0 0.0 1.0 0
cell 5.285924375869185 25.082921582324214 0.0 1.0 1.0 1 0 0 0.0 1.0 0
cell 43.09478018868881 6.9870195251901865 0.0 1.0 1.0 1 0 0 0.0 1.0 0
cell 3.9063998031257174 17.28592567548693 0.0 1.0 1.0 1 0 0 0.0 1.0 0
cell 38.678902622835395 33.67942038456292 0.0 1.6431676725154984 0.6085806194501846 1 0 0 0.627973802444478 0.7782344784468391 1.3578937711568557
cell 5.845417481149658 50.94734649024961 0.0 1.0 1.0 1 0 0 0.0 1.0 0
cell 9.278700841514215 0.05203114506739088 0.0 1.0 1.0 1 0 0 0.0 1.0 0
cell 5.927806560976691 8.177215427783015 0.0 1.0 1.0 1 0 0 0.0 1.0 0
cell 45.206063528178035 29.871589931528046 0.0 1.0 1.0 1 0 0 0.0 1.0 0
cell 26.1152757487311 39.161013935259 0.0 1.6431676725154984 0.6085806194501846 1 0 0 0.8395907975925846 -0.5432193779660733 4.290126323150805
cell 25.39557087773315 44.921866856301804 0.0 1.6431676725154984 0.6085806194501846 1 0 0 0.8776862502465814 -0.47923568953918205 4.141160015436667
cell 8.497745154379283 19.434034829311365 0.0 1.0 1.0 1 0 0 0.0 1.0 0
cell 58.63131980006812 16.27748014180325 0.0 1.0 1.0 1 0 0 0.0 1.0 0
cell 48.62183897878809 31.827527403306075 0.0 1.0 1.0 1 0 0 0.0 1.0 0
cell 2.9073740256242706 40.373524001062975 0.0 1.0 1.0 1 0 0 0.0 1.0 0
cell 12.04459507325927 32.243542076737754 0.0 1.0 1.0 1 0 0 0.0 1.0 0
cell 16.059796005634624 45.35490187378413 0.0 1.0 1.0 1 0 0 0.0 1.0 0
cell 47.89667446882625 37.862311622972925 0.0 1.0 1.0 1 0 0 0.0 1.0 0
cell 36.470241741773435 46.926324179024164 0.0 1.6431676725154984 0.6085806194501846 1 0 0 0.4143899117366107 0.9100994456931198 0.8545446943611559
cell 7.463208714517737 33.32963012668436 0.0 1.0 1.0 1 0 0 0.0 1.0 0
cell 16.337259267120864 28.67765825199458 0.0 1.0 1.0 1 0 0 0.0 1.0 0
cell 10.382179830807198 27.19254535013341 0.0 1.0 1.0 1 0 0 0.0 1.0 0
cell 10.856999783211645 51.53419260420168 0.0 1.0 1.0 1 0 0 0.0 1.0 0
cell 1.898701847004147 17.457857976277957 0.0 1.0 1.0 1 0 0 0.0 1.0 0
cell 1.112578239699118 3.2216968692873396 0.0 1.0 1.0 1 0 0 0.0 1.0 0
cell 43.976540786423044 9.87315089695556 0.0 1.0 1.0 1 0 0 0.0 1.0 0
cell 19.077716200439955 11.722873679530311 0.0 1.0 1.0 1 0 0 0.0 1.0 0
cell 42.37868553157345 25.31570500771732 0.0 1.0 1.0 1 0 0 0.0 1.0 0
cell 50.339348914213794 27.78314725948489 0.0 1.0 1.0 1 0 0 0.0 1.0 0
cell 27.645711129081292 24.836028719809125 0.0 1.6431676725154984 0.6085806194501846 1 0 0 0.8832334558727319 -0.4689335373239058 4.117758528946455
cell 1.2105021505737865 41.327935142673795 0.0 1.0 1.0 1 0 0 0.0 1.0 0
cell 3.1332356652146185 7.433494782193367 0.0 1.6431676725154984 0.6085806194501846 1 0 0 0.8111527651776254 -0.5848343282885267 4.390944254416552
cell 7.9210580152863574 2.7372319145901294 0.0 1.0 1.0 1 0 0 0.0 1.0 0
cell 21.999902577384923 41.40232071237325 0.0 1.6431676725154984 0.6085806194501846 1 0 0 0.8240902231489526 -0.5664585634539471 4.345996826928485
cell 34.99679257511736 33.50191627733109 0.0 1.6431676725154984 0.6085806194501846 1 0 0 0.21876959243387714 -0.9757765448227966 5.842078627804142
cell 37.15745436105503 23.27754554152069 0.0 1.6431676725154984 0.6085806194501846 1 0 0 0.5687300074097915 0.8225242723905833 1.2099220222856268
cell 2.5153556056014184 2.9286754943033553 0.0 1.6431676725154984 0.6085806194501846 1 0 0 0.8895950884508935 -0.4567500176289508 4.090269513310321
cell 46.59976297703271 2.405905814025822 0.0 1.0 1.0 1 0 0 0.0 1.0 0
cell 16.619951280306292 39.67186579202997 0.0 1.0 1.0 1 0 0 0.0 1.0 0
cell 20.68038611615872 26.80706104800964 0.0 1.0 1.0 1 0 0 0.0 1.0 0
cell 25.342995410145313 42.05685530398599 0.0 1.6431676725154984 0.6085806194501846 1 0 0 0.978670836053775 -0.20543464814340573 3.5554082684816257
cell 48.648353459717235 19.537009040025882 0.0 1.0 1.0 1 0 0 0.0 1.0 0
cell 11.90938670563568 14.883162760990968 0.0 1.6431676725154984 0.6085806194501846 1 0 0 0.9363612225394204 -0.3510379764704694 3.858951443682966
cell 28.06942566462143 32.660050765263826 0.0 1.6431676725154984 0.6085806194501846 1 0 0 0.6144757208193802 -0.7889357315545438 4.959742797977775
cell 39.387391685031 13.111612213914201 0.0 1.0 1.0 1 0 0 0.0 1.0 0
cell 2.003977990861388 44.96701478732692 0.0 1.0 1.0 1 0 0 0.0 1.0 0
cell 21.02523634631548 4.7392298147069996 0.0 1.6431676725154984 0.6085806194501846 1 0 0 0.7498526143686494 -0.6616049098400809 4.5875067451949
cell 42.832544497143545 52.26182643406968 0.0 1.0 1.0 1 0 0 0.0 1.0 0
cell 11.153203701050474 57.34787044141865 0.0 1.0 1.0 1 0 0 0.0 1.0 0
cell 58.27513776317978 26.077845260392433 0.0 1.0 1.0 1 0 0 0.0 1.0 0
cell 26.587662118454958 47.853034705816604 0.0 1.0 1.0 1 0 0 0.0 1.0 0
cell 24.240831172869886 30.91255664759869 0.0 1.0 1.0 1 0 0 0.0 1.0 0
cell 18.101801324074234 20.164644228811103 0.0 1.0 1.0 1 0 0 0.0 1.0 0
cell 27.20770277275384 45.870588207958264 0.0 1.6431676725154984 0.6085806194501846 1 0 0 0.8496251479604492 -0.5273870570588406 4.2526370788071075
cell 42.09822234718267 13.381944036312813 0.0 1.0 1.0 1 0 0 0.0 1.0 0
cell 47.863275912675086 21.342843248987275 0.0 1.0 1.0 1 0 0 0.0 1.0 0
cell 22.792480732231084 49.56630050177675 0.0 1.0 1.0 1 0 0 0.0 1.0 0
cell 10.580204789758621 31.541150233877776 0.0 1.0 1.0 1 0 0 0.0 1.0 0
cell 41.03058646712733 11.804403526627887 0.0 1.0 1.0 1 0 0 0.0 1.0 0
cell 17.574926784920965 28.07153479905773 0.0 1.6431676725154984 0.6085806194501846 1 0 0 0.8979980269500746 -0.43999948135625466 4.052788845270174
cell 20.11526889413554 45.33743693938246 0.0 1.0 1.0 1 0 0 0.0 1.0 0
cell 53.49768541908065 10.000648068498437 0.0 1.0 1.0 1 0 0 0.0 1.0 0
cell 4.460682641476447 15.541578631300732 0.0 1.0 1.0 1 0 0 0.0 1.0 0
cell 58.393383852102005 5.416740233102378 0.0 1.0 1.0 1 0 0 0.0 1.0 0
cell 54.475454413670036 27.38175276558242 0.0 1.0 1.0 1 0 0 0.0 1.0 0
cell 57.86146242334161 27.941083910119314 0.0 1.0 1.0 1 0 0 0.0 1.0 0
cell 17.2979609785469 41.78098180264333 0.0 1.0 1.0 1 0 0 0.0 1.0 0
cell 17.455118905025333 38.287595098373274 0.0 1.0 1.0 1 0 0 0.0 1.0 0
cell 7.744834498771442 14.616003401855963 0.0 1.0 1.0 1 0 0 0.0 1.0 0
cell 48.02230151322178 35.84564626900625 0.0 1.0 1.0 1 0 0 0.0 1.0 0
cell 22.13978290939475 10.254842780099045 0.0 1.6431676725154984 0.6085806194501846 1 0 0 0.7264309179209923 -0.6872394935453465 4.65695683979445
cell 7.109611982376044 35.10914973925238 0.0 1.0 1.0 1 0 0 0.0 1.0 0
cell 27.801297318767713 39.92284342428458 0.0 1.6431676725154984 0.6085806194501846 1 0 0 0.8951154962854111 -0.4458343283213197 4.065804923270973
cell 7.604274181825323 31.354999890782178 0.0 1.0 1.0 1 0 0 0.0 1.0 0
cell 21.93887806146316 3.294354495714967 0.0 1.0 1.0 1 0 0 0.0 1.0 0
cell 6.13765502370988 41.0431256091644 0.0 1.0 1.0 1 0 0 0.0 1.0 0
cell 30.10920065678909 41.69125613697279 0.0 1.6431676725154984 0.6085806194501846 1 0 0 0.8865933651836627 -0.4625496782101448 4.103330379589494
cell 27.860504724875796 54.46938325821043 0.0 1.0 1.0 1 0 0 0.0 1.0 0
cell 2.12684427985058 11.079695327587697 0.0 1.0 1.0 1 0 0 0.0 1.0 0
cell 52.216247689656264 43.1873687106192 0.0 1.0 1.0 1 0 0 0.0 1.0 0
cell 57.29155213680668 9.104449624746817 0.0 1.0 1.0 1 0 0 0.0 1.0 0
cell 7.14088610166615 18.19770134098442 0.0 1.0 1.0 1 0 0 0.0 1.0 0
cell 23.920284955561854 20.023557329776416 0.0 1.6431676725154984 0.6085806194501846 1 0 0 0.9765294119144785 -0.2153840933448031 3.575762928998694
cell 5.9634555027485705 9.863089632386599 0.0 1.6431676725154984 0.6085806194501846 1 0 0 0.9144140101078423 -0.40478020964283196 3.975069565297873
cell 40.22799802596034 32.63668865216846 0.0 1.6431676725154984 0.6085806194501846 1 0 0 0.8306083884122111 0.5568569880133224 1.9603986711898607
cell 56.49459308002196 35.38577969719407 0.0 1.0 1.0 1 0 0 0.0 1.0 0
cell 43.207124611789446 15.003090084500435 0.0 1.0 1.0 1 0 0 0.0 1.0 0
cell 15.848551009577665 35.00908938290113 0.0 1.0 1.0 1 0 0 0.0 1.0 0
cell 46.53643993673899 32.98974186101063 0.0 1.0 1.0 1 0 0 0.0 1.0 0
cell 14.717235260065255 28.448041960767963 0.0 1.0 1.0 1 0 0 0.0 1.0 0
cell 24.50416964708122 57.62939349274856 0.0 1.6431676725154984 0.6085806194501846 1 0 0 0.9745743198704014 -0.22406448859456615 3.593558677810614
cell 8.927789160942082 27.843406835993154 0.0 1.0 1.0 1 0 0 0.0 1.0 0
cell 27.24347864409431 51.46421964513955 0.0 1.0 1.0 1 0 0 0.0 1.0 0
cell 35.192154746924025 49.825917571411 0.0 1.6431676725154984 0.6085806194501846 1 0 0 0.6763820117661312 0.7365509990212498 1.4856788365145237
cell 54.57136247322299 38.4116829759726 0.0 1.0 1.0 1 0 0 0.0 1.0 0
cell 12.865493331620751 14.273023078166235 0.0 1.6431676725154984 0.6085806194501846 1 0 0 0.9773905652173527 -0.21144191406649665 3.567692641626772
cell 55.41590587828591 51.05068690591766 0.0 1.0 1.0 1 0 0 0.0 1.0 0
cell 2.5476923816884334 52.82023435247831 0.0 1.0 1.0 1 0 0 0.0 1.0 0
cell 56.55658201462527 13.020758206316794 0.0 1.0 1.0 1 0 0 0.0 1.0 0
cell 48.29208983680502 16.186869708708326 0.0 1.0 1.0 1 0 0 0.0 1.0 0
cell 18.910564508310966 52.30063682302926 0.0 1.0 1.0 1 0 0 0.0 1.0 0
cell 46.09328346950861 13.02467471475513 0.0 1.0 1.0 1 0 0 0.0 1.0 0
cell 22.071799034950057 53.53187320654481 0.0 1.0 1.0 1 0 0 0.0 1.0 0
cell 29.855936254731702 58.48328960469416 0.0 1.6431676725154984 0.6085806194501846 1 0 0 0.9544671874928234 0.2983159197889704 2.5357371593002886
cell 52.139337591273126 8.390677625305784 0.0 1.0 1.0 1 0 0 0.0 1.0 0
cell 38.66196191477733 27.697285569311163 0.0 1.6431676725154984 0.6085806194501846 1 0 0 0.7954617372336963 0.6060038156622035 1.8395382735273595
cell 51.07126689097186 14.150535509963959 0.0 1.0 1.0 1 0 0 0.0 1.0 0
cell 7.5306051408454495 47.990027030255604 0.0 1.0 1.0 1 0 0 0.0 1.0 0
cell 36.720621404578466 29.200311987090085 0.0 1.6431676725154984 0.6085806194501846 1 0 0 0.7199114536687343 0.6940659182502551 1.6073494684693654
cell 28.32192699149468 43.74747819005051 0.0 1.6431676725154984 0.6085806194501846 1 0 0 0.9347260860686573 -0.35536902513129814 3.8682103187889196
cell 44.51977585784912 51.48930021461265 0.0 1.0 1.0 1 0 0 0.0 1.0 0
cell 4.272557284187169 41.33727393520164 0.0 1.0 1.0 1 0 0 0.0 1.0 0
cell 16.702822353712378 54.42791568147278 0.0 1.0 1.0 1 0 0 0.0 1.0 0
cell 9.918955606568678 20.52799247235806 0.0 1.0 1.0 1 0 0 0.0 1.0 0
cell 10.179393458082082 14.361990440509077 0.0 1.6431676725154984 0.6085806194501846 1 0 0 0.8791761567888027 -0.4764968891126894 4.134924357602791
cell 45.98822738695973 9.674252505698327 0.0 1.0 1.0 1 0 0 0.0 1.0 0
cell 33.551213320092074 2.6681417061951533 0.0 1.6431676725154984 0.6085806194501846 1 0 0 0.9339116976502158 0.35750376360549263 2.4104053761006394
cell 8.026491949032703 41.626165949374844 0.0 1.0 1.0 1 0 0 0.0 1.0 0
cell 44.95733689978057 1.364961670362092 0.0 1.0 1.0 1 0 0 0.0 1.0 0
cell 26.7435753150032 56.15411642514305 0.0 1.0 1.0 1 0 0 0.0 1.0 0
cell 40.7724200922415 35.42914386845387 0.0 1.6431676725154984 0.6085806194501846 1 0 0 0.6185389638240358 0.7857541283579031 1.3337638660358062
cell 49.896300525618855 35.01610941332669 0.0 1.0 1.0 1 0 0 0.0 1.0 0
cell 53.6565800895236 46.18826519098751 0.0 1.0 1.0 1 0 0 0.0 1.0 0
cell 39.586494749283005 21.147735510729586 0.0 1.6431676725154984 0.6085806194501846 1 0 0 -0.7490870212383609 -0.6624716104198273 1.6933657257301205
cell 9.487471309791557 22.29420125181755 0.0 1.0 1.0 1 0 0 0.0 1.0 0
cell 48.368445087727196 50.63859627440235 0.0 1.0 1.0 1 0 0 0.0 1.0 0
cell 13.122415010413928 53.769727647346336 0.0 1.0 1.0 1 0 0 0.0 1.0 0
cell 58.33938543713343 34.62692584797691 0.0 1.0 1.0 1 0 0 0.0 1.0 0
cell 36.56388220283367 50.800412041274754 0.0 1.0 1.0 1 0 0 0.0 1.0 0
cell 4.78136119062992 39.60936421018952 0.0 1.0 1.0 1 0 0 0.0 1.0 0
cell 25.9036464002026 52.75525929289931 0.0 1.0 1.0 1 0 0 0.0 1.0 0
cell 43.418214298212575 18.44829655762549 0.0 1.0 1.0 1 0 0 0.0 1.0 0
cell 1.7976687391979567 6.489575531587241 0.0 1.0 1.0 1 0 0 0.0 1.0 0
cell 0.07894314724332363 25.07150852574977 0.0 1.0 1.0 1 0 0 0.0 1.0 0
cell 8.064418110541473 21.167724530846503 0.0 1.0 1.0 1 0 0 0.0 1.0 0
cell 0.8563367454586658 51.85162730571297 0.0 1.0 1.0 1 0 0 0.0 1.0 0
cell 59.64407321784233 27.100048009188566 0.0 1.0 1.0 1 0 0 0.0 1.0 0
cell 26.07157867023145 43.57019341293351 0.0 1.6431676725154984 0.6085806194501846 1 0 0 0.9768969180543787 -0.21371104673333222 3.5723370589226677
cell 49.44646123886046 38.97394867304003 0.0 1.0 1.0 1 0 0 0.0 1.0 0
cell 20.588829146767374 10.63656856991411 0.0 1.0 1.0 1 0 0 0.0 1.0 0
cell 17.950855099802325 43.64490097028922 0.0 1.0 1.0 1 0 0 0.0 1.0 0
cell 42.940234836059375 41.21235424496599 0.0 1.6431676725154984 0.6085806194501846 1 0 0 0.7571179898131576 0.6532781563019564 1.7177803037838641
cell 57.478132446904716 29.813716333385802 0.0 1.0 1.0 1 0 0 0.0 1.0 0
cell 16.424034694634006 30.775301434096843 0.0 1.6431676725154984 0.6085806194501846 1 0 0 0.8500708683152899 -0.5266683195728494 4.250945629427291
cell 13.75099656061507 1.4081280695995204 0.0 1.0 1.0 1 0 0 0.0 1.0 0
cell 54.74191079977188 13.46723629429792 0.0 1.0 1.0 1 0 0 0.0 1.0 0
cell 3.493761464725846 12.331350453065804 0.0 1.0 1.0 1 0 0 0.0 1.0 0
cell 9.13543676279127 24.091818818536183 0.0 1.0 1.0 1 0 0 0.0 1.0 0
cell 8.345094046438609 38.2345796893595 0.0 1.0 1.0 1 0 0 0.0 1.0 0
cell 46.14068938222868 38.86070702882987 0.0 1.0 1.0 1 0 0 0.0 1.0 0
cell 29.29553402086077 29.814450229416483 0.0 1.6431676725154984 0.6085806194501846 1 0 0 0.6489403946960919 -0.7608392498627292 4.870803450104487
cell 11.488050693832975 48.16592714970948 0.0 1.0 1.0 1 0 0 0.0 1.0 0
cell 4.275948947632476 57.38887571450585 0.0 1.0 1.0 1 0 0 0.0 1.0 0
cell 57.92893324381636 14.435762989082747 0.0 1.0 1.0 1 0 0 0.0 1.0 0
cell 19.14576263129318 38.42244383389358 0.0 1.0 1.0 1 0 0 0.0 1.0 0
cell 25.791481703520358 16.363477405548245 0.0 1.6431676725154984 0.6085806194501846 1 0 0 0.3195559370610028 0.9475674134799404 0.6505216311460897
cell 49.222095317983666 40.998056610233355 0.0 1.0 1.0 1 0 0 0.0 1.0 0
cell 55.444196354948524 56.251967609458305 0.0 1.6431676725154984 0.6085806194501846 1 0 0 0.9610052609357698 -0.2765300859830139 3.7019556752539677
cell 15.409201538420865 2.528455127680262 0.0 1.0 1.0 1 0 0 0.0 1.0 0
cell 4.26111673297896 53.76212434957587 0.0 1.0 1.0 1 0 0 0.0 1.0 0
cell 55.22422039979307 16.9767840314076 0.0 1.0 1.0 1 0 0 0.0 1.0 0
cell 31.961410058261325 34.11092423163499 0.0 1.6431676725154984 0.6085806194501846 1 0 0 0.8260662167961095 0.563573070211985 1.9441829450937351
cell 14.075734516203998 11.240539676817885 0.0 1.0 1.0 1 0 0 0.0 1.0 0
cell 50.05025857478268 1.7554208967683254 0.0 1.0 1.0 1 0 0 0.0 1.0 0
cell 6.131094606016266 21.64538291956305 0.0 1.0 1.0 1 0 0 0.0 1.0 0
cell 26.07582406501206 54.51162476238459 0.0 1.0 1.0 1 0 0 0.0 1.0 0
cell 35.09642829207883 13.536585880051005 0.0 1.6431676725154984 0.6085806194501846 1 0 0 0.7727613856859623 0.6346966525772068 1.7663608399913988
cell 24.13784433475464 25.07740451107797 0.0 1.6431676725154984 0.6085806194501846 1 0 0 0.8543087961163973 -0.5197657942555972 4.2347462162931535
cell 40.871510661151845 6.6852234902553045 0.0 1.0 1.0 1 0 0 0.0 1.0 0
cell 15.095631574329794 0.7137937776226114 0.0 1.6431676725154984 0.6085806194501846 1 0 0 0.9752292869899934 -0.22119637835414244 3.587674786403917
cell 48.6710501143103 0.218003855493232 0.0 1.0 1.0 1 0 0 0.0 1.0 0
cell 44.178127884852415 45.94507377699095 0.0 1.0 1.0 1 0 0 0.0 1.0 0
cell 8.615840851616387 43.505801519344026 0.0 1.0 1.0 1 0 0 0.0 1.0 0
cell 20.494846207987216 16.759741788200998 0.0 1.6431676725154984 0.6085806194501846 1 0 0 0.9846943049703509 -0.17429034901266774 3.491962734812643
cell 52.52135343550457 41.22152246344606 0.0 1.0 1.0 1 0 0 0.0 1.0 0
cell 51.00137427793331 40.10903244490685 0.0 1.0 1.0 1 0 0 0.0 1.0 0
cell 19.014287817159854 49.031872764212196 0.0 1.0 1.0 1 0 0 0.0 1.0 0
cell 37.96196000266394 26.168237003816717 0.0 1.6431676725154984 0.6085806194501846 1 0 0 0.77682180422064 0.6297204812354366 1.7792059825273325
cell 46.38006653581865 34.86855425138945 0.0 1.0 1.0 1 0 0 0.0 1.0 0
cell 1.7706548378579823 37.40446959756333 0.0 1.0 1.0 1 0 0 0.0 1.0 0
cell 57.180718732168394 51.97160612095424 0.0 1.0 1.0 1 0 0 0.0 1.0 0
cell 50.132915707528056 33.051722007689136 0.0 1.0 1.0 1 0 0 0.0 1.0 0
cell 23.841049713253145 22.947163603980616 0.0 1.6431676725154984 0.6085806194501846 1 0 0 0.921936342206868 -0.3873414268035641 3.937084964761198
cell 57.676247802781724 40.855013747107655 0.0 1.0 1.0 1 0 0 0.0 1.0 0
cell 2.2537341344917285 33.49302131369311 0.0 1.0 1.0 1 0 0 0.0 1.0 0
cell 35.42291476548148 5.2841435996569155 0.0 1.0 1.0 1 0 0 0.0 1.0 0
cell 51.009771825605576 22.7470971863236 0.0 1.0 1.0 1 0 0 0.0 1.0 0
cell 40.25049300289577 9.928417245525466 0.0 1.0 1.0 1 0 0 0.0 1.0 0
cell 19.691821630014402 47.190056281066155 0.0 1.0 1.0 1 0 0 0.0 1.0 0
cell 4.0399407793507764 47.9057143382038 0.0 1.0 1.0 1 0 0 0.0 1.0 0
cell 14.898967023783184 14.356981102744726 0.0 1.6431676725154984 0.6085806194501846 1 0 0 0.9613751051791881 -0.2752415432700976 3.699274535677938
cell 55.834913958515834 41.532348593595394 0.0 1.0 1.0 1 0 0 0.0 1.0 0
cell 21.296636564003027 50.47503406315094 0.0 1.0 1.0 1 0 0 0.0 1.0 0
cell 53.76159955015554 20.715664947620866 0.0 1.0 1.0 1 0 0 0.0 1.0 0
cell 0.5623419329482783 5.039632689276141 0.0 1.0 1.0 1 0 0 0.0 1.0 0
cell 34.271882066393026 58.94336093073191 0.0 1.6431676725154984 0.6085806194501846 1 0 0 -0.8005476516545391 -0.5992691026829289 1.8564170539499258
cell 9.393421960670322 52.76786988082099 0.0 1.0 1.0 1 0 0 0.0 1.0 0
cell 44.36423529124028 57.969484521202595 0.0 1.0 1.0 1 0 0 0.0 1.0 0
cell 44.805837694312146 47.79333415200648 0.0 1.0 1.0 1 0 0 0.0 1.0 0
cell 40.04054626307597 26.282630193945877 0.0 1.6431676725154984 0.6085806194501846 1 0 0 0.7490280431833966 0.6625382936290187 1.6931876801027022
cell 21.06195763544891 19.131119482985117 0.0 1.6431676725154984 0.6085806194501846 1 0 0 0.9620117829063439 -0.27300792946241964 3.6946293697626835
cell 20.76913267252773 59.65906764602026 0.0 1.0 1.0 1 0 0 0.0 1.0 0
cell 51.4634050889471 36.15283742786992 0.0 1.0 1.0 1 0 0 0.0 1.0 0
cell 2.6260098717326166 31.559505647044965 0.0 1.0 1.0 1 0 0 0.0 1.0 0
cell 2.368770222875835 22.556992523891747 0.0 1.0 1.0 1 0 0 0.0 1.0 0
cell 22.609619624566694 16.47094723154145 0.0 1.6431676725154984 0.6085806194501846 1 0 0 0.980635245126265 -0.19584309029462904 3.5358268843944716
cell 18.0451682513992 0.9257687135168968 0.0 1.6431676725154984 0.6085806194501846 1 0 0 0.9973081875389359 0.07332379605423284 2.994813337034134
cell 50.393927526017016 49.816754228300866 0.0 1.6431676725154984 0.6085806194501846 1 0 0 0.11794852448933299 0.9930197105650971 0.23644746266403938
cell 4.2313914019223 51.84872120845705 0.0 1.0 1.0 1 0 0 0.0 1.0 0
cell 39.79874809471996 36.38514125324175 0.0 1.6431676725154984 0.6085806194501846 1 0 0 -0.6456730381495929 -0.7636139913638791 1.4038086809223884
cell 41.34053915065 18.63489246601292 0.0 1.0 1.0 1 0 0 0.0 1.0 0
cell 11.650544380337584 6.432862736417365 0.0 1.0 1.0 1 0 0 0.0 1.0 0
cell 58.8533699578716 21.68217430713023 0.0 1.0 1.0 1 0 0 0.0 1.0 0
cell 41.156786623769456 52.45995016038959 0.0 1.6431676725154984 0.6085806194501846 1 0 0 0.871345745686263 0.49066953387636597 2.1158766987135524
cell 13.660131988206667 32.85127707461771 0.0 1.0 1.0 1 0 0 0.0 1.0 0
cell 29.82440518637502 54.39770862253973 0.0 1.0 1.0 1 0 0 0.0 1.0 0
cell 34.53308127565881 8.386356912371758 0.0 1.6431676725154984 0.6085806194501846 1 0 0 0.026237918246540377 -0.9996557265609435 6.2307034478448635
cell 40.82004012017349 1.3297741210102778 0.0 1.0 1.0 1 0 0 0.0 1.0 0
cell 6.542539208117961 11.728395834898041 0.0 1.6431676725154984 0.6085806194501846 1 0 0 -0.9064016316762461 0.4224169528968253 4.0138130631207805
cell 56.430617439896295 26.8112708296214 0.0 1.0 1.0 1 0 0 0.0 1.0 0
cell 23.51552678762343 42.26975747109312 0.0 1.6431676725154984 0.6085806194501846 1 0 0 0.8882581590512326 -0.45934457967729964 4.096107025962259
cell 21.895109504387786 28.119839644054654 0.0 1.0 1.0 1 0 0 0.0 1.0 0
cell 42.94060027808948 34.71432542737408 0.0 1.0 1.0 1 0 0 0.0 1.0 0
cell 16.21765675657089 22.860009732608454 0.0 1.0 1.0 1 0 0 0.0 1.0 0
cell 0.15683973626823056 17.8355218017807 0.0 1.0 1.0 1 0 0 0.0 1.0 0
cell 36.671909047869626 48.84626042147266 0.0 1.0 1.0 1 0 0 0.0 1.0 0
cell 33.54129542762021 47.61584151862116 0.0 1.6431676725154984 0.6085806194501846 1 0 0 -0.17986060908247453 -0.9836921069625807 0.36168949527086003
cell 58.96253125049815 54.83406485882623 0.0 1.0 1.0 1 0 0 0.0 1.0 0
cell 52.612205508683665 19.108141116646784 0.0 1.0 1.0 1 0 0 0.0 1.0 0
cell 45.8940009969437 40.85059157457877 0.0 1.0 1.0 1 0 0 0.0 1.0 0
cell 25.308522111306573 29.61939216952526 0.0 1.0 1.0 1 0 0 0.0 1.0 0
cell 39.64533126020022 2.949335198824664 0.0 1.0 1.0 1 0 0 0.0 1.0 0
cell 46.18450121268937 24.84918842217506 0.0 1.0 1.0 1 0 0 0.0 1.0 0
cell 34.73032680140771 55.917674578311946 0.0 1.6431676725154984 0.6085806194501846 1 0 0 0.7837973393335139 0.6210166912843039 1.8015143073905238
cell 38.75149522814467 50.83828514224822 0.0 1.6431676725154984 0.6085806194501846 1 0 0 0.8241330613428619 0.5663962369239777 1.9373397377427923
cell 39.26220131585367 29.455690615879238 0.0 1.6431676725154984 0.6085806194501846 1 0 0 0.8110769114005897 0.5849395214831017 1.8919816734755108
cell 13.793400242812373 43.99688119884077 0.0 1.6431676725154984 0.6085806194501846 1 0 0 0.9962572029914087 -0.08643833343913467 3.3146853246438077
cell 13.592633166204562 37.75361666090934 0.0 1.0 1.0 1 0 0 0.0 1.0 0
cell 37.863192472805274 3.275000224789547 0.0 1.6431676725154984 0.6085806194501846 1 0 0 0.41304161811329304 -0.9107121508502852 5.4316025741316
cell 17.00770247226934 49.11459087549151 0.0 1.0 1.0 1 0 0 0.0 1.0 0
cell 18.96096841884873 41.96144266029138 0.0 1.0 1.0 1 0 0 0.0 1.0 0
cell 17.956194338089766 47.37097690493735 0.0 1.0 1.0 1 0 0 0.0 1.0 0
cell 5.778181708336067 5.709425675361469 0.0 1.0 1.0 1 0 0 0.0 1.0 0
cell 24.575895534579576 38.16778023275436 0.0 1.6431676725154984 0.6085806194501846 1 0 0 0.8486687635334207 -0.5289246919956138 4.2562586769444115
cell 56.37955911276682 37.7574089017614 0.0 1.0 1.0 1 0 0 0.0 1.0 0
cell 4.893788694231429 13.706358751810741 0.0 1.0 1.0 1 0 0 0.0 1.0 0
cell 11.67945569608458 28.47598573785966 0.0 1.0 1.0 1 0 0 0.0 1.0 0
cell 54.0810200950386 8.08507212259302 0.0 1.0 1.0 1 0 0 0.0 1.0 0
cell 21.117747448527815 55.15017584370923 0.0 1.0 1.0 1 0 0 0.0 1.0 0
cell 29.337775421583565 39.52612718616422 0.0 1.6431676725154984 0.6085806194501846 1 0 0 0.9720998884547465 -0.23456727577876121 3.6151394543650452
cell 35.826260804173586 23.19365022895455 0.0 1.6431676725154984 0.6085806194501846 1 0 0 0.6445755545361719 0.7645406166413832 1.4009359783333009
cell 3.613730473100973 45.97766019579968 0.0 1.0 1.0 1 0 0 0.0 1.0 0
cell 7.475342228167266 0.854721462763207 0.0 1.0 1.0 1 0 0 0.0 1.0 0
cell 35.227444352933524 27.812618542989235 0.0 1.6431676725154984 0.6085806194501846 1 0 0 0.5495454742779943 0.8354638063378774 1.1636402009439797
cell 6.810883695434317 37.03365871649527 0.0 1.0 1.0 1 0 0 0.0 1.0 0
cell 17.330860415495163 2.4640616041531604 0.0 1.0 1.0 1 0 0 0.0 1.0 0
cell 39.29042234538222 15.060333979358365 0.0 1.0 1.0 1 0 0 0.0 1.0 0
cell 16.557339146161457 4.1849144497481365 0.0 1.0 1.0 1 0 0 0.0 1.0 0
cell 12.720806987916156 4.7480195470557955 0.0 1.0 1.0 1 0 0 0.0 1.0 0
cell 6.455128204130306 38.851930497208365 0.0 1.0 1.0 1 0 0 0.0 1.0 0
cell 10.329259587456857 18.722861154514337 0.0 1.0 1.0 1 0 0 0.0 1.0 0
cell 49.13588212906336 14.357274127975748 0.0 1.0 1.0 1 0 0 0.0 1.0 0
cell 44.70975918863017 33.78823972149908 0.0 1.0 1.0 1 0 0 0.0 1.0 0
cell 54.03846243871759 29.301675149709542 0.0 1.0 1.0 1 0 0 0.0 1.0 0
cell 14.054876439311744 12.725437956244205 0.0 1.6431676725154984 0.6085806194501846 1 0 0 0.9810273597439809 -0.19386933598110287 3.5318022297110976
cell 15.770477256180094 50.73952793901649 0.0 1.0 1.0 1 0 0 0.0 1.0 0
cell 4.689526808758275 20.31510911283251 0.0 1.0 1.0 1 0 0 0.0 1.0 0
cell 17.82473506755955 53.10245602810341 0.0 1.6431676725154984 0.6085806194501846 1 0 0 0.8844187198767248 -0.46669425530170755 4.11269128584276
cell 16.30364477188828 47.26808345449691 0.0 1.0 1.0 1 0 0 0.0 1.0 0
cell 22.521134492346437 33.670221025955044 0.0 1.0 1.0 1 0 0 0.0 1.0 0
cell 2.846515758895265 20.726978585035603 0.0 1.0 1.0 1 0 0 0.0 1.0 0
cell 38.505425283803476 4.680181552150198 0.0 1.0 1.0 1 0 0 0.0 1.0 0
cell 56.07301496528922 14.939206045673421 0.0 1.0 1.0 1 0 0 0.0 1.0 0
cell 45.1232324082303 11.465651835574514 0.0 1.0 1.0 1 0 0 0.0 1.0 0
cell 30.61377965585866 59.363423061935805 0.0 1.6431676725154984 0.6085806194501846 1 0 0 0.9325830940736121 0.3609553610186286 2.403008423279802
cell 54.95058192939934 22.291698451491854 0.0 1.0 1.0 1 0 0 0.0 1.0 0
cell 25.93378440933632 26.436828478958365 0.0 1.6431676725154984 0.6085806194501846 1 0 0 0.8424834761229784 0.5387221848594532 2.003753356950182
cell 6.297512116136865 44.63747011689649 0.0 1.6431676725154984 0.6085806194501846 1 0 0 0.9916537727908001 0.128929418325579 2.883014030551172
cell 1.9166903568207654 24.431066919965506 0.0 1.0 1.0 1 0 0 0.0 1.0 0
cell 23.394366941583563 46.05474200623101 0.0 1.0 1.0 1 0 0 0.0 1.0 0
cell 11.652437903782028 37.255633218393406 0.0 1.0 1.0 1 0 0 0.0 1.0 0
cell 36.83492688876088 55.66987342122525 0.0 1.6431676725154984 0.6085806194501846 1 0 0 -0.8129726950834706 -0.5823018092438993 1.8984782974932646
cell 8.326520491949953 8.067192693618168 0.0 1.0 1.0 1 0 0 0.0 1.0 0
cell 5.753386701608782 47.357717276813055 0.0 1.0 1.0 1 0 0 0.0 1.0 0
cell 55.076061627098284 4.271986731870178 0.0 1.0 1.0 1 0 0 0.0 1.0 0
cell 22.622633968548698 26.26268254228385 0.0 1.0 1.0 1 0 0 0.0 1.0 0
cell 10.834100979322413 8.067164288475348 0.0 1.6431676725154984 0.6085806194501846 1 0 0 0.9881272312309886 -0.15363780426633467 3.450090137664963
cell 2.3553737486336526 0.2976592166456407 0.0 1.0 1.0 1 0 0 0.0 1.0 0
cell 25.01082706996454 46.924988680797924 0.0 1.0 1.0 1 0 0 0.0 1.0 0
cell 58.27547460024453 23.565192649641567 0.0 1.0 1.0 1 0 0 0.0 1.0 0
cell 51.22940535391263 38.15323576468886 0.0 1.0 1.0 1 0 0 0.0 1.0 0
cell 12.777863592235665 22.484304819409708 0.0 1.0 1.0 1 0 0 0.0 1.0 0
cell 51.999682305218684 32.244455430912474 0.0 1.0 1.0 1 0 0 0.0 1.0 0
cell 4.423837002026583 30.891677260712367 0.0 1.0 1.0 1 0 0 0.0 1.0 0
cell 56.88747683434989 11.029206132899763 0.0 1.0 1.0 1 0 0 0.0 1.0 0
cell 50.18720737787558 8.862301825600516 0.0 1.0 1.0 1 0 0 0.0 1.0 0
cell 31.331610231004273 9.618788557607951 0.0 1.6431676725154984 0.6085806194501846 1 0 0 0.20248345989520847 -0.9792856827651804 5.875398806795472
cell 22.207893724208855 38.143154926224796 0.0 1.6431676725154984 0.6085806194501846 1 0 0 0.889533986844253 -0.4568690033794899 4.090537027909489
cell 18.12339927357367 45.485136207608335 0.0 1.0 1.0 1 0 0 0.0 1.0 0
cell 5.615780540641917 33.91715612503212 0.0 1.0 1.0 1 0 0 0.0 1.0 0
cell 34.26703005200399 3.8344710689061507 0.0 1.6431676725154984 0.6085806194501846 1 0 0 0.9996002854494372 0.028271351743482057 3.0850424152509954
cell 45.8626676809046 21.522197095880866 0.0 1.0 1.0 1 0 0 0.0 1.0 0
cell 0.32878071660638153 11.871595785170946 0.0 1.0 1.0 1 0 0 0.0 1.0 0
cell 55.6301332446452 30.526539947415472 0.0 1.0 1.0 1 0 0 0.0 1.0 0
cell 30.15457778473161 20.9788638865576 0.0 1.6431676725154984 0.6085806194501846 1 0 0 0.7363346016158712 0.6766175836195777 1.6552740610715828
cell 10.588742826800095 33.501709976600345 0.0 1.0 1.0 1 0 0 0.0 1.0 0
cell 15.16443895456478 33.49113952818833 0.0 1.0 1.0 1 0 0 0.0 1.0 0
cell 47.16945786368909 14.587604640969511 0.0 1.0 1.0 1 0 0 0.0 1.0 0
cell 35.51584638498806 25.760828083457316 0.0 1.6431676725154984 0.6085806194501846 1 0 0 -0.5968022314380829 -0.8023883701490974 1.2790197225150015
cell 54.31057563687332 40.374881205696724 0.0 1.0 1.0 1 0 0 0.0 1.0 0
cell 12.936675927949777 7.629119993999911 0.0 1.0 1.0 1 0 0 0.0 1.0 0
cell 46.57079604106681 48.76280958036595 0.0 1.0 1.0 1 0 0 0.0 1.0 0
cell 14.958685280501381 30.15934021706142 0.0 1.0 1.0 1 0 0 0.0 1.0 0
cell 42.30107655600074 16.820742518942534 0.0 1.0 1.0 1 0 0 0.0 1.0 0
cell 41.18962024909497 15.121522875224482 0.0 1.0 1.0 1 0 0 0.0 1.0 0
cell 47.024492967795176 23.104975607809152 0.0 1.0 1.0 1 0 0 0.0 1.0 0
cell 39.735636653015575 51.221795226500475 0.0 1.6431676725154984 0.6085806194501846 1 0 0 0.854763991563838 0.5190168771108076 2.0501918941660886
cell 12.18754579444898 50.0199759853252 0.0 1.0 1.0 1 0 0 0.0 1.0 0
cell 14.179125400152838 17.271208887551587 0.0 1.6431676725154984 0.6085806194501846 1 0 0 0.9059625642869255 -0.42335780624745595 4.0158895845356435
cell 43.74646011762213 53.6748184142808 0.0 1.0 1.0 1 0 0 0.0 1.0 0
cell 20.167881709826197 3.236499465485215 0.0 1.6431676725154984 0.6085806194501846 1 0 0 0.6698255234829404 -0.7425185304696474 4.815237740785067
cell 19.153290294467052 59.159984608814426 0.0 1.0 1.0 1 0 0 0.0 1.0 0
cell 42.77982108725041 38.56572594441893 0.0 1.6431676725154984 0.6085806194501846 1 0 0 -0.7955091181367282 -0.6059416167926783 1.8396946531851857
cell 7.534842027384163 16.44762496219303 0.0 1.0 1.0 1 0 0 0.0 1.0 0
cell 15.175565111806565 27.10305834918697 0.0 1.6431676725154984 0.6085806194501846 1 0 0 0.9989049264598852 -0.046786193413990526 3.235199211601193
cell 23.237019291335052 47.8530945076807 0.0 1.0 1.0 1 0 0 0.0 1.0 0
cell 28.305858300423225 42.07967455669983 0.0 1.6431676725154984 0.6085806194501846 1 0 0 0.922911382471032 -0.38501244149430874 3.9320352600276287
cell 55.926716850583574 7.624951650655193 0.0 1.0 1.0 1 0 0 0.0 1.0 0
cell 20.106551044196973 35.652736899408694 0.0 1.6431676725154984 0.6085806194501846 1 0 0 0.906448709949496 -0.42231591993541345 4.013590136916698
cell 36.04733854347821 39.59498598615633 0.0 1.6431676725154984 0.6085806194501846 1 0 0 0.346452153704205 0.9380676442526509 0.7075727401701465
cell 55.48516783191063 53.00091046106135 0.0 1.0 1.0 1 0 0 0.0 1.0 0
cell 55.69418857439524 2.494783827939769 0.0 1.0 1.0 1 0 0 0.0 1.0 0
cell 57.416975166749786 42.704386071495435 0.0 1.0 1.0 1 0 0 0.0 1.0 0
cell 45.466517163916535 18.17845296409419 0.0 1.0 1.0 1 0 0 0.0 1.0 0
cell 0.8448991882702126 57.631405289972534 0.0 1.0 1.0 1 0 0 0.0 1.0 0
cell 59.35322247657435 29.067440191436237 0.0 1.0 1.0 1 0 0 0.0 1.0 0
cell 49.84791625778442 3.644556664705447 0.0 1.0 1.0 1 0 0 0.0 1.0 0
cell 34.63558456399649 9.556711026910964 0.0 1.6431676725154984 0.6085806194501846 1 0 0 -0.03738605147588609 -0.9993008972051624 0.07478953228787866
cell 13.202852958092825 20.72571853119168 0.0 1.0 1.0 1 0 0 0.0 1.0 0
cell 5.77592227960791 48.96305123678805 0.0 1.0 1.0 1 0 0 0.0 1.0 0
cell 5.332286110765286 35.788365254333485 0.0 1.0 1.0 1 0 0 0.0 1.0 0
cell 20.52676148985631 32.21159606194527 0.0 1.0 1.0 1 0 0 0.0 1.0 0
cell 51.71099953670884 34.22769520825256 0.0 1.0 1.0 1 0 0 0.0 1.0 0
cell 8.114430712620013 29.48156914715211 0.0 1.0 1.0 1 0 0 0.0 1.0 0
cell 7.732553316496595 53.738040881624315 0.0 1.0 1.0 1 0 0 0.0 1.0 0
cell 15.341937421473842 9.962636621767864 0.0 1.0 1.0 1 0 0 0.0 1.0 0
cell 41.22182697505077 24.319806290574487 0.0 1.6431676725154984 0.6085806194501846 1 0 0 -0.7833323870140287 -0.6216030658345435 1.8000176233240648
cell 46.66445688198474 0.3605520142289037 0.0 1.0 1.0 1 0 0 0.0 1.0 0
cell 6.032376311591584 56.44016427844131 0.0 1.0 1.0 1 0 0 0.0 1.0 0
cell 18.7496069231498 9.741919077488676 0.0 1.0 1.0 1 0 0 0.0 1.0 0
cell 21.816018625161075 14.968262295274195 0.0 1.6431676725154984 0.6085806194501846 1 0 0 0.9852034197145307 -0.17138909470206704 3.4860715615267988
cell 56.473429509445815 58.82807510341184 0.0 1.0 1.0 1 0 0 0.0 1.0 0
cell 14.982768342696495 19.783606375994875 0.0 1.0 1.0 1 0 0 0.0 1.0 0
cell 10.309194458586042 38.68587056927429 0.0 1.0 1.0 1 0 0 0.0 1.0 0
cell 16.675955921533447 19.132627033352758 0.0 1.0 1.0 1 0 0 0.0 1.0 0
cell 10.7547553965759 46.27075844562397 0.0 1.0 1.0 1 0 0 0.0 1.0 0
cell 17.65789183881105 15.520764360684147 0.0 1.6431676725154984 0.6085806194501846 1 0 0 0.9900027405060786 -0.14104812579560896 3.4246327437246524
cell 56.32782040773221 0.8093542741140407 0.0 1.0 1.0 1 0 0 0.0 1.0 0
cell 18.1056686819694 33.08322889843576 0.0 1.6431676725154984 0.6085806194501846 1 0 0 0.8756260780161145 -0.4829896184165011 4.149724201248179
cell 50.19287380883193 48.090747212713254 0.0 1.0 1.0 1 0 0 0.0 1.0 0
cell 5.82277077559875 0.1621722141335726 0.0 1.0 1.0 1 0 0 0.0 1.0 0
cell 25.69359454491399 32.15078712929408 0.0 1.6431676725154984 0.6085806194501846 1 0 0 0.9968529716478035 0.07927264923631243 2.9828808299580785
cell 32.299320080177075 25.370746991767398 0.0 1.6431676725154984 0.6085806194501846 1 0 0 0.9450348345011383 -0.32696966461646865 3.807783059606219
cell 52.32385766545134 30.28139193357297 0.0 1.0 1.0 1 0 0 0.0 1.0 0
cell 52.69647590661419 0.09707633188647727 0.0 1.0 1.0 1 0 0 0.0 1.0 0
cell 44.34710244610541 39.74614680271448 0.0 1.0 1.0 1 0 0 0.0 1.0 0
cell 15.635037737159697 5.931536362113975 0.0 1.0 1.0 1 0 0 0.0 1.0 0
cell 52.80561576702021 57.896771026307405 0.0 1.0 1.0 1 0 0 0.0 1.0 0
cell 14.274620082737629 23.330444947379192 0.0 1.0 1.0 1 0 0 0.0 1.0 0
cell 55.06700498531515 34.441340241731865 0.0 1.0 1.0 1 0 0 0.0 1.0 0
cell 52.2304243177114 15.699699185429823 0.0 1.0 1.0 1 0 0 0.0 1.0 0
cell 20.188094979516773 20.888334288822342 0.0 1.6431676725154984 0.6085806194501846 1 0 0 0.9027260995539007 -0.43021574725270223 4.031056170754113
cell 15.71378190276533 24.313790368436376 0.0 1.0 1.0 1 0 0 0.0 1.0 0
cell 55.622175023199496 54.81502719581955 0.0 1.0 1.0 1 0 0 0.0 1.0 0
cell 55.703106653837814 20.49739246213772 0.0 1.0 1.0 1 0 0 0.0 1.0 0
cell 52.3109194387975 53.174275665595495 0.0 1.0 1.0 1 0 0 0.0 1.0 0
cell 33.77247516285528 11.884818613317284 0.0 1.6431676725154984 0.6085806194501846 1 0 0 0.09791782965895329 -0.9951945029163295 6.08703534773471
cell 15.015438465081012 54.05226079429801 0.0 1.0 1.0 1 0 0 0.0 1.0 0
cell 17.57139603819842 34.887018542443165 0.0 1.0 1.0 1 0 0 0.0 1.0 0
cell 41.82903372613013 37.66488157995833 0.0 1.6431676725154984 0.6085806194501846 1 0 0 -0.7533518960625766 -0.6576176097846839 1.7062886703932465
cell 46.12568112578584 28.1265922122789 0.0 1.0 1.0 1 0 0 0.0 1.0 0
cell 9.107116510828003 6.685703169135609 0.0 1.6431676725154984 0.6085806194501846 1 0 0 0.9855073691750216 -0.1696326186254509 3.4825063999182975
cell 58.37058147195876 37.36708809513978 0.0 1.0 1.0 1 0 0 0.0 1.0 0
cell 40.72377081682227 28.131669138529023 0.0 1.6431676725154984 0.6085806194501846 1 0 0 0.7962747136829821 0.6049351868994602 1.8422237145790499
cell 10.795919592876754 35.453396873327726 0.0 1.0 1.0 1 0 0 0.0 1.0 0
cell 44.758851750227315 59.479748743164045 0.0 1.0 1.0 1 0 0 0.0 1.0 0
cell 41.4480964853767 3.223901811426919 0.0 1.0 1.0 1 0 0 0.0 1.0 0
cell 33.555949078111794 50.25811019627624 0.0 1.0 1.0 1 0 0 0.0 1.0 0
cell 9.624539973138674 47.891765281502686 0.0 1.0 1.0 1 0 0 0.0 1.0 0
cell 41.828960882845024 45.67829359565815 0.0 1.6431676725154984 0.6085806194501846 1 0 0 0.9170085300338583 0.39886759187121523 2.321029413304294
cell 43.11118235198859 11.668241895833736 0.0 1.0 1.0 1 0 0 0.0 1.0 0
cell 3.8107979000502947 5.9823688274086475 0.0 1.0 1.0 1 0 0 0.0 1.0 0
cell 9.002700900199208 51.00922315331736 0.0 1.0 1.0 1 0 0 0.0 1.0 0
cell 58.303441545098515 12.506316307099986 0.0 1.0 1.0 1 0 0 0.0 1.0 0
cell 37.10259335653237 20.66652229743064 0.0 1.6431676725154984 0.6085806194501846 1 0 0 0.5518605618176751 0.8339364006387298 1.1691873095304484
cell 19.541956079048816 55.66011115065082 0.0 1.6431676725154984 0.6085806194501846 1 0 0 0.8866603999964223 -0.46242116633885205 4.103040490181466
cell 4.173738659045764 49.86451718062899 0.0 1.0 1.0 1 0 0 0.0 1.0 0
cell 7.5622452976728 51.94205254797512 0.0 1.0 1.0 1 0 0 0.0 1.0 0
cell 5.975186200385382 52.84150577652005 0.0 1.0 1.0 1 0 0 0.0 1.0 0
cell 5.7595731711760365 16.967717308587588 0.0 1.0 1.0 1 0 0 0.0 1.0 0
cell 5.0344491384776315 37.691162023253995 0.0 1.0 1.0 1 0 0 0.0 1.0 0
cell 26.357807997862427 33.525468259366505 0.0 1.0 1.0 1 0 0 0.0 1.0 0
cell 2.5186745721314723 58.3333107220495 0.0 1.0 1.0 1 0 0 0.0 1.0 0
cell 17.620390338483073 5.830729699131465 0.0 1.0 1.0 1 0 0 0.0 1.0 0
cell 42.13549715131298 10.159745075978446 0.0 1.0 1.0 1 0 0 0.0 1.0 0
cell 42.09785464615461 29.07657275014041 0.0 1.0 1.0 1 0 0 0.0 1.0 0
cell 6.527090370484152 26.368805700745323 0.0 1.0 1.0 1 0 0 0.0 1.0 0
cell 44.485045882763735 37.75136923868025 0.0 1.0 1.0 1 0 0 0.0 1.0 0
cell 11.45532498849848 3.3838623618236148 0.0 1.0 1.0 1 0 0 0.0 1.0 0
cell 22.911881709916283 40.205253923400164 0.0 1.6431676725154984 0.6085806194501846 1 0 0 0.9611540966117542 -0.27601232321482055 3.7008782146289936
cell 0.9079085586045621 53.83581639941697 0.0 1.0 1.0 1 0 0 0.0 1.0 0
cell 47.45407594471418 56.832737149856364 0.0 1.6431676725154984 0.6085806194501846 1 0 0 0.8311476162285795 -0.5560518321501602 4.3208485517032065
cell 11.989945133401905 38.95402119724051 0.0 1.0 1.0 1 0 0 0.0 1.0 0
cell 52.14723435587661 24.361762740489784 0.0 1.0 1.0 1 0 0 0.0 1.0 0
cell 19.349097337551672 30.829197755328433 0.0 1.0 1.0 1 0 0 0.0 1.0 0
cell 3.1377105142371913 2.1769633964033956 0.0 1.6431676725154984 0.6085806194501846 1 0 0 0.9074841150751534 -0.4200863969307574 4.008673699326117
cell 17.22403622812689 10.900791205158889 0.0 1.0 1.0 1 0 0 0.0 1.0 0
cell 29.583781851787556 33.01613413476473 0.0 1.6431676725154984 0.6085806194501846 1 0 0 0.8104330309109173 -0.5858312917628625 4.393403485007069
cell 41.51124596132124 33.567874874383804 0.0 1.6431676725154984 0.6085806194501846 1 0 0 -0.6676684095212014 -0.7444587933038532 1.462144888938508
cell 21.005660250167452 48.689316423269744 0.0 1.0 1.0 1 0 0 0.0 1.0 0
cell 8.779419375168692 49.27367143063827 0.0 1.0 1.0 1 0 0 0.0 1.0 0
cell 53.68383301295198 50.146798789845334 0.0 1.0 1.0 1 0 0 0.0 1.0 0
cell 38.81932122427602 55.088753499231 0.0 1.6431676725154984 0.6085806194501846 1 0 0 0.9376255452350344 0.34764685662710154 2.4314721561040433
cell 30.527622978516384 55.97321022938317 0.0 1.6431676725154984 0.6085806194501846 1 0 0 -0.9408772299301559 -0.33874775010168945 2.4504213747510395
cell 22.121000471844667 44.946948350866094 0.0 1.0 1.0 1 0 0 0.0 1.0 0
cell 12.388894554512323 11.018617041525953 0.0 1.0 1.0 1 0 0 0.0 1.0 0
cell 39.82592723497082 30.979686204406953 0.0 1.6431676725154984 0.6085806194501846 1 0 0 0.9150975490406337 0.40323253308708246 2.3114995438124994
cell 38.603550295345684 18.345906729052352 0.0 1.6431676725154984 0.6085806194501846 1 0 0 0.3438830597753146 0.9390124819189399 0.7020980834649964
cell 54.01200883120313 42.31404665779829 0.0 1.0 1.0 1 0 0 0.0 1.0 0
cell 50.9197826926655 0.5936898820673017 0.0 1.6431676725154984 0.6085806194501846 1 0 0 0.9456893948068831 -0.32507163602780104 3.803767607914909
cell 53.61621005273423 48.13412410422437 0.0 1.0 1.0 1 0 0 0.0 1.0 0
cell 19.038105987932195 21.547298616264676 0.0 1.0 1.0 1 0 0 0.0 1.0 0
cell 21.55215409700492 29.750687597533712 0.0 1.6431676725154984 0.6085806194501846 1 0 0 0.9521340961503747 -0.305680655174496 3.7628990946914778
cell 39.18427141996049 40.23918619974704 0.0 1.6431676725154984 0.6085806194501846 1 0 0 0.5120871047215135 0.858933523142471 1.0752258287642915
cell 33.97072543969428 32.39365045789324 0.0 1.6431676725154984 0.6085806194501846 1 0 0 0.8962502746943025 0.4435486953090801 2.2224840468432516
cell 36.721217414871504 2.982048101633433 0.0 1.6431676725154984 0.6085806194501846 1 0 0 0.9523805155899003 0.3049120422756628 2.5219005090702753
cell 51.54941324771853 10.334643312774835 0.0 1.0 1.0 1 0 0 0.0 1.0 0
cell 16.231874065375955 57.823199374326045 0.0 1.0 1.0 1 0 0 0.0 1.0 0
cell 58.91678677881776 56.818246642578266 0.0 1.0 1.0 1 0 0 0.0 1.0 0
cell 42.188274387676074 21.325067530418032 0.0 1.6431676725154984 0.6085806194501846 1 0 0 0.7733337729092148 0.6339991133101047 1.768165487566671
cell 37.983615756158414 19.670478558554308 0.0 1.6431676725154984 0.6085806194501846 1 0 0 0.48956165055024853 0.8719686865424219 1.0231739391469132
cell 29.18081145562424 47.721220057225935 0.0 1.6431676725154984 0.6085806194501846 1 0 0 0.8656144179230014 -0.5007111737157696 4.1904329798412725
cell 2.6894007348382756 42.30364799116571 0.0 1.0 1.0 1 0 0 0.0 1.0 0
cell 12.467764136912562 40.88763894625134 0.0 1.0 1.0 1 0 0 0.0 1.0 0
cell 24.02139264993203 8.851274624842404 0.0 1.6431676725154984 0.6085806194501846 1 0 0 0.7677357460635503 -0.6407665910581198 4.532585371750944
cell 23.226145777445165 2.1797574385263094 0.0 1.0 1.0 1 0 0 0.0 1.0 0
cell 20.343883327545107 6.975317957625032 0.0 1.0 1.0 1 0 0 0.0 1.0 0
cell 59.71037433376749 13.854698353623435 0.0 1.0 1.0 1 0 0 0.0 1.0 0
cell 21.44533073516641 20.604406770590217 0.0 1.6431676725154984 0.6085806194501846 1 0 0 0.9415028443121961 -0.3370050357962692 3.8290607189673205
cell 47.10892801694581 11.224770611891195 0.0 1.0 1.0 1 0 0 0.0 1.0 0
cell 53.830831369731044 54.16729676177458 0.0 1.0 1.0 1 0 0 0.0 1.0 0
cell 38.863568585525115 6.487863763791876 0.0 1.0 1.0 1 0 0 0.0 1.0 0
cell 1.5822601451885965 14.585248957971148 0.0 1.0 1.0 1 0 0 0.0 1.0 0
cell 15.539197389653271 55.982860709692716 0.0 1.0 1.0 1 0 0 0.0 1.0 0
cell 11.753776957494493 30.28567218713164 0.0 1.0 1.0 1 0 0 0.0 1.0 0
cell 15.181048597092976 48.88964881062344 0.0 1.0 1.0 1 0 0 0.0 1.0 0
cell 53.84995291538395 1.7740650726334044 0.0 1.0 1.0 1 0 0 0.0 1.0 0
cell 23.029139583595228 55.10291528216497 0.0 1.0 1.0 1 0 0 0.0 1.0 0
cell 55.4451866218691 9.571651314914268 0.0 1.0 1.0 1 0 0 0.0 1.0 0
cell 13.41663884259954 9.409563760830519 0.0 1.0 1.0 1 0 0 0.0 1.0 0
cell 44.09833830978357 13.224442030607827 0.0 1.0 1.0 1 0 0 0.0 1.0 0
cell 4.280884111777209 22.099978905672746 0.0 1.0 1.0 1 0 0 0.0 1.0 0
cell 4.158133200964737 59.107946497230614 0.0 1.0 1.0 1 0 0 0.0 1.0 0
cell 1.6149951207358155 26.35974548449085 0.0 1.0 1.0 1 0 0 0.0 1.0 0
cell 16.018497674207502 25.92093995190339 0.0 1.0 1.0 1 0 0 0.0 1.0 0
cell 46.73486159179854 31.171136846597992 0.0 1.0 1.0 1 0 0 0.0 1.0 0
cell 42.14339485839451 5.254930381929705 0.0 1.0 1.0 1 0 0 0.0 1.0 0
cell 30.54133212093469 14.370041553859583 0.0 1.6431676725154984 0.6085806194501846 1 0 0 0.9389817231771999 0.34396703844871024 2.4393157012590425
cell 18.497225148716147 7.685488053387518 0.0 1.0 1.0 1 0 0 0.0 1.0 0
cell 48.08049104072505 9.467044959896116 0.0 1.0 1.0 1 0 0 0.0 1.0 0
cell 9.584176825417046 54.50710376967168 0.0 1.0 1.0 1 0 0 0.0 1.0 0
cell 3.287088002160726 38.49342892008361 0.0 1.0 1.0 1 0 0 0.0 1.0 0
cell 22.584728019346734 58.71917471645557 0.0 1.6431676725154984 0.6085806194501846 1 0 0 0.9857726147592866 -0.1680843597442641 3.4793647689466463
cell 5.952471164277479 32.061168293099826 0.0 1.0 1.0 1 0 0 0.0 1.0 0
cell 59.40696955350424 19.7691689136528 0.0 1.0 1.0 1 0 0 0.0 1.0 0
cell 12.116100943566156 44.81973263114765 0.0 1.0 1.0 1 0 0 0.0 1.0 0
cell 14.64137048459259 21.68962064533812 0.0 1.0 1.0 1 0 0 0.0 1.0 0
cell 41.11076165421374 59.19604263014103 0.0 1.0 1.0 1 0 0 0.0 1.0 0
cell 31.859601931188973 4.096443412473935 0.0 1.6431676725154984 0.6085806194501846 1 0 0 0.6047078983744655 0.7964473351349336 1.2987981212120683
cell 13.92562957625896 34.73601782369683 0.0 1.0 1.0 1 0 0 0.0 1.0 0
cell 42.922995095074754 55.08413642531421 0.0 1.6431676725154984 0.6085806194501846 1 0 0 0.9999788973515141 -0.00649652612170074 3.1545857972299043
cell 51.679068031180805 12.280024585556662 0.0 1.0 1.0 1 0 0 0.0 1.0 0
cell 19.99870863128895 22.956397785607415 0.0 1.0 1.0 1 0 0 0.0 1.0 0
cell 38.13659860754751 35.40287454760055 0.0 1.6431676725154984 0.6085806194501846 1 0 0 0.4828554280085331 0.8757000831578676 1.0078250589855609
cell 43.008280324257804 49.9220991413347 0.0 1.6431676725154984 0.6085806194501846 1 0 0 0.8175217478856687 0.5758977268004808 1.9141889907492617
cell 33.706484584455424 10.6538681317552 0.0 1.6431676725154984 0.6085806194501846 1 0 0 -0.008543549448461842 -0.9999635032154032 0.017087306774681288
cell 55.351836571050846 47.23620591165727 0.0 1.0 1.0 1 0 0 0.0 1.0 0
cell 21.789687294094005 31.720167208857127 0.0 1.6431676725154984 0.6085806194501846 1 0 0 0.9215884956412818 -0.38816832006442664 3.9388791216685153
cell 48.29880734206861 33.834994079444805 0.0 1.0 1.0 1 0 0 0.0 1.0 0
cell 3.80759460148516 34.64879048526276 0.0 1.0 1.0 1 0 0 0.0 1.0 0
cell 3.247632543146514 14.113021159138492 0.0 1.0 1.0 1 0 0 0.0 1.0 0
cell 2.4347360983053634 48.95353612817159 0.0 1.0 1.0 1 0 0 0.0 1.0 0
cell 47.42220472330142 6.114360881776706 0.0 1.0 1.0 1 0 0 0.0 1.0 0
cell 24.49428211814414 33.94891199337758 0.0 1.0 1.0 1 0 0 0.0 1.0 0
cell 44.16632073984439 5.269572111728421 0.0 1.0 1.0 1 0 0 0.0 1.0 0
cell 52.550480476207866 27.910095889305275 0.0 1.0 1.0 1 0 0 0.0 1.0 0
cell 9.336505113068425 58.06050451896898 0.0 1.0 1.0 1 0 0 0.0 1.0 0
cell 4.259230685832229 55.61755600992488 0.0 1.0 1.0 1 0 0 0.0 1.0 0
cell 51.44216042281615 17.549606351488304 0.0 1.0 1.0 1 0 0 0.0 1.0 0
cell 39.169536454638646 38.27041244825016 0.0 1.6431676725154984 0.6085806194501846 1 0 0 -0.5156001722418051 -0.8568293076127945 1.0834159178558256
cell 56.125583112785634 39.62481093390818 0.0 1.0 1.0 1 0 0 0.0 1.0 0
cell 58.93644479643999 52.89524320392748 0.0 1.0 1.0 1 0 0 0.0 1.0 0
cell 22.732693160779387 7.795291972954064 0.0 1.6431676725154984 0.6085806194501846 1 0 0 0.7550329218749516 -0.6556868817392744 4.571776651572963
cell 13.919369517087706 50.43553688977734 0.0 1.0 1.0 1 0 0 0.0 1.0 0
cell 9.654778707049047 10.539476199295535 0.0 1.6431676725154984 0.6085806194501846 1 0 0 0.9857970382565174 -0.16794105919839353 3.4790740350222342
cell 14.820839630501295 8.032775966774178 0.0 1.0 1.0 1 0 0 0.0 1.0 0
cell 14.14539180378751 41.12875672653951 0.0 1.0 1.0 1 0 0 0.0 1.0 0
cell 59.18278071459602 8.612744761008761 0.0 1.0 1.0 1 0 0 0.0 1.0 0
cell 16.533669668364677 7.394653671517037 0.0 1.0 1.0 1 0 0 0.0 1.0 0
cell 46.04718114507273 4.619709085508707 0.0 1.0 1.0 1 0 0 0.0 1.0 0
cell 6.601908968915167 19.918003519106698 0.0 1.0 1.0 1 0 0 0.0 1.0 0
cell 10.10559929214671 29.198364029764264 0.0 1.0 1.0 1 0 0 0.0 1.0 0
cell 14.046353479488925 45.39987880415316 0.0 1.0 1.0 1 0 0 0.0 1.0 0
cell 13.467761088112795 39.403524013372206 0.0 1.0 1.0 1 0 0 0.0 1.0 0
cell 19.869489468786785 40.288610836136606 0.0 1.0 1.0 1 0 0 0.0 1.0 0
cell 8.772042091371306 13.898183215063803 0.0 1.6431676725154984 0.6085806194501846 1 0 0 0.9123582099552967 -0.4093928391254135 3.9851696087056605
cell 19.443205855753515 13.587622376772627 0.0 1.0 1.0 1 0 0 0.0 1.0 0
cell 0.9740341462368787 21.20311299788721 0.0 1.0 1.0 1 0 0 0.0 1.0 0
cell 58.817431286049356 49.08750097758918 0.0 1.0 1.0 1 0 0 0.0 1.0 0
cell 37.29334885659548 52.78697900840283 0.0 1.6431676725154984 0.6085806194501846 1 0 0 -0.7872853073393566 -0.6165888783035053 1.8127875558525801
cell 59.45381545457032 40.1061403972321 0.0 1.0 1.0 1 0 0 0.0 1.0 0
cell 8.01014817128468 12.009677821783688 0.0 1.6431676725154984 0.6085806194501846 1 0 0 0.9243990698546442 -0.3814267421823866 3.924271118804425
cell 27.80944563912616 13.464371285348323 0.0 1.6431676725154984 0.6085806194501846 1 0 0 0.48881209779308615 0.8723890949863612 1.0214551341655815
cell 45.17172213966373 14.82971758577751 0.0 1.0 1.0 1 0 0 0.0 1.0 0
cell 42.86047950206082 0.4229069049429214 0.0 1.0 1.0 1 0 0 0.0 1.0 0
cell 57.17010059083254 31.685596757344157 0.0 1.0 1.0 1 0 0 0.0 1.0 0
cell 0.42914773694392266 34.22600570365519 0.0 1.0 1.0 1 0 0 0.0 1.0 0
cell 50.731118991036276 53.047093001814154 0.0 1.0 1.0 1 0 0 0.0 1.0 0
cell 53.40857316902913 17.26280494534139 0.0 1.0 1.0 1 0 0 0.0 1.0 0
cell 8.88043611029997 25.88493365018699 0.0 1.0 1.0 1 0 0 0.0 1.0 0
cell 7.283611184681422 24.730532840613314 0.0 1.0 1.0 1 0 0 0.0 1.0 0
cell 6.975988396232772 5.020104037669169 0.0 1.6431676725154984 0.6085806194501846 1 0 0 0.9084907056721859 -0.4179050582455944 4.0038689242574
cell 0.653406755475627 0.9976097737920754 0.0 1.6431676725154984 0.6085806194501846 1 0 0 0.9570047964606597 -0.29007209371342724 3.730196992680459
cell 7.7859396863706944 55.4920447045231 0.0 1.0 1.0 1 0 0 0.0 1.0 0
cell 55.335853907974204 32.499664161183226 0.0 1.0 1.0 1 0 0 0.0 1.0 0
cell 1.392944317361429 28.3305070671092 0.0 1.0 1.0 1 0 0 0.0 1.0 0
cell 50.86683280472604 56.71051877939496 0.0 1.0 1.0 1 0 0 0.0 1.0 0
cell 2.5400320904304814 54.726765716234766 0.0 1.0 1.0 1 0 0 0.0 1.0 0
cell 58.180017427956535 18.221206578731085 0.0 1.0 1.0 1 0 0 0.0 1.0 0
cell 10.019258661141206 12.703908496929877 0.0 1.6431676725154984 0.6085806194501846 1 0 0 0.9500430891466574 -0.31211877348963896 3.776437462790963
cell 32.696268386074536 14.138696598458795 0.0 1.6431676725154984 0.6085806194501846 1 0 0 0.728023456950562 -0.6855522198416056 4.652316548628228
cell 33.21551513280291 52.178138835334664 0.0 1.0 1.0 1 0 0 0.0 1.0 0
cell 42.68088907910815 58.270482735187095 0.0 1.0 1.0 1 0 0 0.0 1.0 0
cell 46.3236497601449 58.114937632509196 0.0 1.0 1.0 1 0 0 0.0 1.0 0
cell 55.93345647139623 28.633938222011615 0.0 1.0 1.0 1 0 0 0.0 1.0 0
cell 54.84192166994927 36.467229252481026 0.0 1.0 1.0 1 0 0 0.0 1.0 0
cell 10.71011327162643 16.749827591742907 0.0 1.0 1.0 1 0 0 0.0 1.0 0
cell 50.777413554722514 42.107216239426414 0.0 1.0 1.0 1 0 0 0.0 1.0 0
cell 13.79310846963698 55.45879045194705 0.0 1.0 1.0 1 0 0 0.0 1.0 0
cell 21.561707972342536 46.80210848148027 0.0 1.0 1.0 1 0 0 0.0 1.0 0
cell 4.798644572121105 7.224341387242321 0.0 1.0 1.0 1 0 0 0.0 1.0 0
cell 24.85126901366285 5.955858785060569 0.0 1.6431676725154984 0.6085806194501846 1 0 0 0.9405710399619219 -0.33959699466418813 3.8345694447424665
cell 17.01534137042011 59.4945904733726 0.0 1.0 1.0 1 0 0 0.0 1.0 0
cell 48.357780552420984 28.055491278083235 0.0 1.0 1.0 1 0 0 0.0 1.0 0
cell 11.850305219500987 26.54446953309585 0.0 1.0 1.0 1 0 0 0.0 1.0 0
cell 11.459402835410588 42.500556565163485 0.0 1.0 1.0 1 0 0 0.0 1.0 0
cell 15.781677717345898 11.963037104900659 0.0 1.0 1.0 1 0 0 0.0 1.0 0
cell 18.222823058527165 55.32257185725073 0.0 1.6431676725154984 0.6085806194501846 1 0 0 0.8543056191007362 -0.5197710160954608 4.234758441028745
cell 9.269321411914024 1.4710199470943939 0.0 1.6431676725154984 0.6085806194501846 1 0 0 0.9970712367837616 0.07647842034521818 2.988486312955153
cell 22.191796953345502 56.4177073013868 0.0 1.6431676725154984 0.6085806194501846 1 0 0 0.9988708688290749 -0.04750776152008288 3.236643954452551
cell 4.605444679323691 28.927379404028922 0.0 1.0 1.0 1 0 0 0.0 1.0 0
cell 17.405291807723618 24.59063431886506 0.0 1.0 1.0 1 0 0 0.0 1.0 0
cell 48.16803251561328 24.736104997808464 0.0 1.0 1.0 1 0 0 0.0 1.0 0
cell 16.707716782732955 14.0652173583661 0.0 1.6431676725154984 0.6085806194501846 1 0 0 0.9809393167697434 -0.19431432478154814 3.53270945978415
cell 54.58567860974426 6.163936887297872 0.0 1.0 1.0 1 0 0 0.0 1.0 0
cell 6.153143060771818 15.205589234337214 0.0 1.0 1.0 1 0 0 0.0 1.0 0
cell 54.062309945271906 24.12218316804432 0.0 1.0 1.0 1 0 0 0.0 1.0 0
cell 18.86550196825692 18.597279659329516 0.0 1.6431676725154984 0.6085806194501846 1 0 0 0.9310456706993965 -0.36490267068344545 3.8886491801780387
cell 6.503417422489496 13.38193525791587 0.0 1.0 1.0 1 0 0 0.0 1.0 0
cell 58.680735225804646 10.536394196912408 0.0 1.0 1.0 1 0 0 0.0 1.0 0
cell 14.445944782484958 52.26850047770794 0.0 1.0 1.0 1 0 0 0.0 1.0 0
cell 7.0970588357722875 46.105138251084554 0.0 1.0 1.0 1 0 0 0.0 1.0 0
cell 9.733640863476964 41.979589789630566 0.0 1.0 1.0 1 0 0 0.0 1.0 0
cell 1.0807099903111257 43.33297756192231 0.0 1.0 1.0 1 0 0 0.0 1.0 0
cell 17.70760176905445 29.93407243783014 0.0 1.0 1.0 1 0 0 0.0 1.0 0
cell 30.683687018586586 5.2898237776334955 0.0 1.0 1.0 1 0 0 0.0 1.0 0
cell 12.21600999020197 13.024608517577882 0.0 1.6431676725154984 0.6085806194501846 1 0 0 0.9871050490049985 -0.1600738024438714 3.4631234916971234
cell 4.992278314579534 3.179161361666634 0.0 1.6431676725154984 0.6085806194501846 1 0 0 0.8830094114441017 -0.46935528046581215 4.118713648181063
cell 32.713102761029546 59.18166935851565 0.0 1.0 1.0 1 0 0 0.0 1.0 0
cell 22.67458628364456 51.68669594657955 0.0 1.0 1.0 1 0 0 0.0 1.0 0
cell 34.05258311445839 53.90498832557713 0.0 1.0 1.0 1 0 0 0.0 1.0 0
cell 45.82745897892619 54.98672402611565 0.0 1.0 1.0 1 0 0 0.0 1.0 0
cell 40.30207305798249 4.825553772076348 0.0 1.0 1.0 1 0 0 0.0 1.0 0
cell 2.501751181884771 56.59879300203777 0.0 1.0 1.0 1 0 0 0.0 1.0 0
cell 57.65675254125703 2.0742285256223814 0.0 1.0 1.0 1 0 0 0.0 1.0 0
cell 23.76971969379802 35.3103838942297 0.0 1.6431676725154984 0.6085806194501846 1 0 0 0.9788899219366819 -0.20438816191452178 3.553269921306606
cell 56.824894393002616 33.53215019990527 0.0 1.0 1.0 1 0 0 0.0 1.0 0
cell 20.754922064047218 52.23409215880558 0.0 1.0 1.0 1 0 0 0.0 1.0 0
cell 47.188148264144644 29.563442518308417 0.0 1.0 1.0 1 0 0 0.0 1.0 0
cell 6.056974610348528 1.8895105204414315 0.0 1.0 1.0 1 0 0 0.0 1.0 0
cell 13.125554127852292 42.658825059765725 0.0 1.0 1.0 1 0 0 0.0 1.0 0
cell 3.5270695743747074 36.55124063125097 0.0 1.0 1.0 1 0 0 0.0 1.0 0
cell 12.25866170291807 16.434557364504162 0.0 1.6431676725154984 0.6085806194501846 1 0 0 0.9224290932126911 -0.38616650294246463 3.934536828302765
cell 38.37677360207893 1.2627233551333454 0.0 1.6431676725154984 0.6085806194501846 1 0 0 0.9830470402571292 0.1833535291225621 2.77279918345247
