1000
 Lattice="59.08179503018386 0.0 0.0 0.0 59.08179503018386 0.0 0.0 0.0 1.0"Properties=species:S:1:pos:R:3:aspherical_shape:R:3:orientation:R:4:Color:R:1
cell 50.93209243838607 48.14433117748446 0.0 1.0 1.0 1 0 0 0.0 1.0 0
cell 39.23288304415143 22.22560657470415 0.0 1.0 1.0 1 0 0 0.0 1.0 0
cell 2.5309601330932336 50.70295578388809 0.0 1.0 1.0 1 0 0 0.0 1.0 0
cell 9.725164008547402 32.07849722065335 0.0 1.0 1.0 1 0 0 0.0 1.0 0
cell 8.73991443888149 55.94168353111383 0.0 1.0 1.0 1 0 0 0.0 1.0 0
cell 53.02261847734347 40.546857546303535 0.0 1.0 1.0 1 0 0 0.0 1.0 0
cell 46.001945081124944 18.566894811554675 0.0 1.0 1.0 1 0 0 0.0 1.0 0
cell 29.260637010577234 6.847438379234117 0.0 1.0 1.0 1 0 0 0.0 1.0 0
cell 32.72475726495574 10.240780686094364 0.0 1.0 1.0 1 0 0 0.0 1.0 0
cell 17.662935639393964 56.46166823960267 0.0 1.0 1.0 1 0 0 0.0 1.0 0
cell 49.334476046127946 16.60981497241537 0.0 1.0 1.0 1 0 0 0.0 1.0 0
cell 58.64832085553376 36.51546373756116 0.0 1.0 1.0 1 0 0 0.0 1.0 0
cell 57.99835402170969 49.0291573479839 0.0 1.0 1.0 1 0 0 0.0 1.0 0
cell 50.89763053627879 12.835865348455933 0.0 1.6431676725154984 0.6085806194501846 1 0 0 0.863382202633465 0.5045504654400652 2.0838702153238464
cell 31.179036673452586 48.10346327085676 0.0 1.0 1.0 1 0 0 0.0 1.0 0
cell 13.148525416546267 42.005981957574484 0.0 1.6431676725154984 0.6085806194501846 1 0 0 0.9928881750801226 0.11905071098512514 2.9029251758070456
cell 52.81661844481794 48.814624971139246 0.0 1.0 1.0 1 0 0 0.0 1.0 0
cell 41.55416907872583 58.340671978478895 0.0 1.0 1.0 1 0 0 0.0 1.0 0
cell 34.48294152500897 34.15257653796258 0.0 1.6431676725154984 0.6085806194501846 1 0 0 0.12585967785625474 -0.9920480540225457 6.030796602358449
cell 43.56346527975196 58.19965548255557 0.0 1.0 1.0 1 0 0 0.0 1.0 0
cell 56.10491831821773 48.37202824049371 0.0 1.0 1.0 1 0 0 0.0 1.0 0
cell 55.87096685142613 15.633269222563577 0.0 1.6431676725154984 0.6085806194501846 1 0 0 0.5050447412598106 -0.8630931637580099 5.224317701560863
cell 38.272096576869345 36.84359247926275 0.0 1.6431676725154984 0.6085806194501846 1 0 0 0.9999151803451823 0.013024289434030794 3.1155433382195876
cell 24.529965365121928 47.677294171202 0.0 1.6431676725154984 0.6085806194501846 1 0 0 -0.2369781547322687 -0.9715149788756162 0.47850843748128824
cell 17.085995236144612 50.85360011197832 0.0 1.0 1.0 1 0 0 0.0 1.0 0
cell 24.75734968537719 57.604265290367955 0.0 1.0 1.0 1 0 0 0.0 1.0 0
cell 29.562128424659868 12.345339449436613 0.0 1.0 1.0 1 0 0 0.0 1.0 0
cell 42.11605946400955 35.10137895497383 0.0 1.6431676725154984 0.6085806194501846 1 0 0 0.988685501931237 0.1500032608678154 2.8404495116678223
cell 34.12116232295981 52.24116646693338 0.0 1.6431676725154984 0.6085806194501846 1 0 0 0.007165917228120045 0.9999743244855238 0.014331957116574189
cell 3.5224136980407303 23.642652704957516 0.0 1.0 1.0 1 0 0 0.0 1.0 0
cell 36.10261198172254 40.679509159978565 0.0 1.6431676725154984 0.6085806194501846 1 0 0 0.42455074313907937 -0.9054041453958864 5.406254041147915
cell 31.470639508640833 14.812385793256322 0.0 1.0 1.0 1 0 0 0.0 1.0 0
cell 20.45191949155611 15.940613190619212 0.0 1.0 1.0 1 0 0 0.0 1.0 0
cell 57.87931882791202 19.61320542726176 0.0 1.6431676725154984 0.6085806194501846 1 0 0 0.9999996901804583 0.0007871715107343587 3.140018310405737
cell 20.06397166283677 0.4238653126532114 0.0 1.0 1.0 1 0 0 0.0 1.0 0
cell 37.0783735950444 18.181461567304247 0.0 1.0 1.0 1 0 0 0.0 1.0 0
cell 54.747124977954286 42.61611608464482 0.0 1.0 1.0 1 0 0 0.0 1.0 0
cell 33.08712175594342 48.76402228210621 0.0 1.0 1.0 1 0 0 0.0 1.0 0
cell 2.772417629165077 57.37216935260247 0.0 1.6431676725154984 0.6085806194501846 1 0 0 0.7359592092623993 -0.6770258800827809 4.629020525926256
cell 48.21998464144076 46.928762082390946 0.0 1.0 1.0 1 0 0 0.0 1.0 0
cell 49.55942725870323 27.434944506250673 0.0 1.0 1.0 1 0 0 0.0 1.0 0
cell 2.6796649629159797 32.8141192255853 0.0 1.0 1.0 1 0 0 0.0 1.0 0
cell 30.156028847886468 21.20303728098178 0.0 1.0 1.0 1 0 0 0.0 1.0 0
cell 8.787642758336434 17.18476963397239 0.0 1.6431676725154984 0.6085806194501846 1 0 0 0.3579694900407071 0.933733283223853 0.7321847399198199
cell 42.962039425511065 12.679404855586618 0.0 1.0 1.0 1 0 0 0.0 1.0 0
cell 58.19699827923491 34.71573676418046 0.0 1.0 1.0 1 0 0 0.0 1.0 0
cell 4.735468483678349 20.394607579343532 0.0 1.6431676725154984 0.6085806194501846 1 0 0 0.9914415216287576 -0.13055155759489692 3.403443209978452
cell 24.519749462986514 41.85369710351292 0.0 1.0 1.0 1 0 0 0.0 1.0 0
cell 32.24226390448743 37.181552937305845 0.0 1.6431676725154984 0.6085806194501846 1 0 0 0.982130195989608 0.18820275801755415 2.76292888989653
cell 0.22367054189813712 40.8164466657965 0.0 1.0 1.0 1 0 0 0.0 1.0 0
cell 24.360803649832302 0.26153943223356213 0.0 1.0 1.0 1 0 0 0.0 1.0 0
cell 26.97208835700603 21.60030186938582 0.0 1.0 1.0 1 0 0 0.0 1.0 0
cell 44.79685667604626 36.75135379507047 0.0 1.0 1.0 1 0 0 0.0 1.0 0
cell 42.690038375792206 24.97306499325141 0.0 1.0 1.0 1 0 0 0.0 1.0 0
cell 9.982350992113473 7.720960737206705 0.0 1.6431676725154984 0.6085806194501846 1 0 0 0.17079688127508244 -0.9853062596709236 5.939908551995952
cell 48.88864005197375 11.972083144153983 0.0 1.0 1.0 1 0 0 0.0 1.0 0
cell 36.067918363342294 8.514761550104602 0.0 1.0 1.0 1 0 0 0.0 1.0 0
cell 33.5192864863441 30.8870618421643 0.0 1.6431676725154984 0.6085806194501846 1 0 0 0.9994265813547228 -0.03386013115171695 3.20932586288325
cell 13.410423764831016 44.5031989237416 0.0 1.0 1.0 1 0 0 0.0 1.0 0
cell 32.64803548261714 23.23952606525432 0.0 1.6431676725154984 0.6085806194501846 1 0 0 0.21327944597357937 -0.9769912373840428 5.853324474944858
cell 36.08967144456016 16.676112566015146 0.0 1.0 1.0 1 0 0 0.0 1.0 0
cell 25.65682032839811 46.46658448251114 0.0 1.0 1.0 1 0 0 0.0 1.0 0
cell 54.66470334566965 2.26743507040425 0.0 1.0 1.0 1 0 0 0.0 1.0 0
cell 19.629594591952436 50.66848577277606 0.0 1.0 1.0 1 0 0 0.0 1.0 0
cell 1.6187219384733835 55.78516282750294 0.0 1.0 1.0 1 0 0 0.0 1.0 0
cell 14.940845195473191 52.82019638328931 0.0 1.0 1.0 1 0 0 0.0 1.0 0
cell 24.25264429096749 5.983525701823575 0.0 1.0 1.0 1 0 0 0.0 1.0 0
cell 17.151824533801687 54.68113084756333 0.0 1.0 1.0 1 0 0 0.0 1.0 0
cell 54.61444632622499 57.32731824140691 0.0 1.0 1.0 1 0 0 0.0 1.0 0
cell 55.0310253468542 51.52310055360897 0.0 1.0 1.0 1 0 0 0.0 1.0 0
cell 13.5858952693759 18.934187685529913 0.0 1.6431676725154984 0.6085806194501846 1 0 0 -0.4023647548625062 -0.9154794394438551 0.8281969247710741
cell 7.011111928749756 38.613932659317655 0.0 1.6431676725154984 0.6085806194501846 1 0 0 0.1897560663316113 0.9818312662012517 0.3818273858316392
cell 15.55727071661575 11.646003640235731 0.0 1.6431676725154984 0.6085806194501846 1 0 0 0.8541619737071244 0.5200070409838213 2.047874265942672
cell 5.4277746750873765 19.25649867846558 0.0 1.6431676725154984 0.6085806194501846 1 0 0 -0.025615934269222866 -0.9996718581172098 0.05123747304801629
cell 3.374312404711752 29.446449738146498 0.0 1.0 1.0 1 0 0 0.0 1.0 0
cell 16.288634013220527 49.016573571624996 0.0 1.0 1.0 1 0 0 0.0 1.0 0
cell 3.208899626972411 37.265743141433 0.0 1.0 1.0 1 0 0 0.0 1.0 0
cell 49.38694302796886 5.910306226185019 0.0 1.0 1.0 1 0 0 0.0 1.0 0
cell 52.62516888094564 15.8392633366625 0.0 1.0 1.0 1 0 0 0.0 1.0 0
cell 36.06431328006064 12.141724778618963 0.0 1.0 1.0 1 0 0 0.0 1.0 0
cell 23.01975561854681 1.6424155774017017 0.0 1.0 1.0 1 0 0 0.0 1.0 0
cell 2.205220626506483 48.34245015386927 0.0 1.0 1.0 1 0 0 0.0 1.0 0
cell 52.22443048159818 8.765834128128215 0.0 1.0 1.0 1 0 0 0.0 1.0 0
cell 10.462182801427852 56.50839449011007 0.0 1.0 1.0 1 0 0 0.0 1.0 0
cell 44.33647980238265 52.66549338976841 0.0 1.6431676725154984 0.6085806194501846 1 0 0 0.6374311971722054 0.7705072802197321 1.3823194757625816
cell 17.75311667564092 29.677891696675726 0.0 1.0 1.0 1 0 0 0.0 1.0 0
cell 51.71008979048054 34.2909440345103 0.0 1.0 1.0 1 0 0 0.0 1.0 0
cell 39.367172895543796 8.63345030596454 0.0 1.0 1.0 1 0 0 0.0 1.0 0
cell 41.447089242252844 4.625094019276285 0.0 1.0 1.0 1 0 0 0.0 1.0 0
cell 19.361149327696683 30.348250347347047 0.0 1.0 1.0 1 0 0 0.0 1.0 0
cell 26.108653202992148 51.33276476452985 0.0 1.6431676725154984 0.6085806194501846 1 0 0 -0.06980444259803778 -0.9975606947918394 0.13972251229920296
cell 38.463965105682554 57.855665031400754 0.0 1.0 1.0 1 0 0 0.0 1.0 0
cell 12.002734247056914 21.166943813207048 0.0 1.6431676725154984 0.6085806194501846 1 0 0 0.6414956215281933 0.7671266958985048 1.392892641946677
cell 22.10393551125144 44.79700122563763 0.0 1.0 1.0 1 0 0 0.0 1.0 0
cell 5.354224226913992 22.53341757980577 0.0 1.6431676725154984 0.6085806194501846 1 0 0 0.5598158842758242 -0.8286170259610147 5.094858133351195
cell 34.79239364246151 57.77946909269724 0.0 1.0 1.0 1 0 0 0.0 1.0 0
cell 13.783366583520005 32.5121501177211 0.0 1.0 1.0 1 0 0 0.0 1.0 0
cell 18.976034938452873 54.19234406553901 0.0 1.0 1.0 1 0 0 0.0 1.0 0
cell 6.3021043284804765 36.838305913103255 0.0 1.0 1.0 1 0 0 0.0 1.0 0
cell 27.994993330954724 57.25325258530893 0.0 1.0 1.0 1 0 0 0.0 1.0 0
cell 34.99737525719563 21.0140804495187 0.0 1.6431676725154984 0.6085806194501846 1 0 0 -0.06449834729568099 0.9979178138484781 6.154099006242588
cell 20.92610960729614 57.59585356857034 0.0 1.0 1.0 1 0 0 0.0 1.0 0
cell 51.3258704181395 57.29240448063596 0.0 1.0 1.0 1 0 0 0.0 1.0 0
cell 13.7444297673106 11.099138135978789 0.0 1.6431676725154984 0.6085806194501846 1 0 0 0.5118941336049405 0.8590485411086194 1.0747765316039148
cell 42.14764399987081 14.469779511732527 0.0 1.0 1.0 1 0 0 0.0 1.0 0
cell 10.634579587152768 35.622003311240945 0.0 1.0 1.0 1 0 0 0.0 1.0 0
cell 56.98900372407553 45.24804417011124 0.0 1.0 1.0 1 0 0 0.0 1.0 0
cell 31.433819252262257 13.130543499958314 0.0 1.0 1.0 1 0 0 0.0 1.0 0
cell 34.564334329242136 27.704191539364214 0.0 1.0 1.0 1 0 0 0.0 1.0 0
cell 2.6406607938964988 25.41378870136081 0.0 1.0 1.0 1 0 0 0.0 1.0 0
cell 52.864800979928354 10.692041574449414 0.0 1.0 1.0 1 0 0 0.0 1.0 0
cell 29.21447600130143 19.630274086565553 0.0 1.6431676725154984 0.6085806194501846 1 0 0 -0.17375279326544965 -0.9847893007300871 0.3492783113146096
cell 38.117192843206546 2.4507666879873637 0.0 1.0 1.0 1 0 0 0.0 1.0 0
cell 39.8862795573339 54.947909499665826 0.0 1.0 1.0 1 0 0 0.0 1.0 0
cell 13.59782460390344 23.77713619661812 0.0 1.6431676725154984 0.6085806194501846 1 0 0 0.40451225855702155 0.9145325760611797 0.83289088894302
cell 4.154843593944795 47.96703133240649 0.0 1.0 1.0 1 0 0 0.0 1.0 0
cell 55.9610465674005 55.15640361069823 0.0 1.0 1.0 1 0 0 0.0 1.0 0
cell 46.40705047726717 58.094935645022304 0.0 1.6431676725154984 0.6085806194501846 1 0 0 0.5852751206953245 0.8108347754598796 1.2504386434455281
cell 42.43406828958617 46.43581245236497 0.0 1.6431676725154984 0.6085806194501846 1 0 0 0.6630267655455583 0.7485956907237681 1.449709632028909
cell 4.965535138248445 14.924050574395778 0.0 1.6431676725154984 0.6085806194501846 1 0 0 0.2928832365915367 0.956148215353491 0.5944818425367626
cell 53.70194454573532 45.837443596368246 0.0 1.0 1.0 1 0 0 0.0 1.0 0
cell 8.121052195759153 43.58784578028304 0.0 1.0 1.0 1 0 0 0.0 1.0 0
cell 21.325641913500814 14.301935609990602 0.0 1.0 1.0 1 0 0 0.0 1.0 0
cell 56.62049688925565 34.07889359739482 0.0 1.0 1.0 1 0 0 0.0 1.0 0
cell 39.30262489775017 25.843592077320128 0.0 1.0 1.0 1 0 0 0.0 1.0 0
cell 32.93171062565678 3.0854335195105036 0.0 1.0 1.0 1 0 0 0.0 1.0 0
cell 7.427446129053477 57.68179702738494 0.0 1.6431676725154984 0.6085806194501846 1 0 0 0.8006048876438174 -0.5991926350355372 4.4265772217184045
cell 12.09003798468185 58.74009696022031 0.0 1.6431676725154984 0.6085806194501846 1 0 0 0.9969591745049101 -0.07792563359054719 3.2976020853368486
cell 28.79727725523993 24.18707452270841 0.0 1.0 1.0 1 0 0 0.0 1.0 0
cell 16.27718025314365 25.925394746803217 0.0 1.6431676725154984 0.6085806194501846 1 0 0 0.3060861161969229 0.9520038284962323 0.622158188259389
cell 11.498207647059475 44.61605996235497 0.0 1.0 1.0 1 0 0 0.0 1.0 0
cell 49.29791120547533 22.25170244639453 0.0 1.0 1.0 1 0 0 0.0 1.0 0
cell 21.36791347810907 30.303417552773844 0.0 1.0 1.0 1 0 0 0.0 1.0 0
cell 29.46055456841625 26.471329965068954 0.0 1.6431676725154984 0.6085806194501846 1 0 0 0.32990529611071917 -0.9440140335811215 5.610778801239704
cell 37.069639194737036 21.60111767980959 0.0 1.6431676725154984 0.6085806194501846 1 0 0 0.012431708763294618 -0.9999227233227699 6.258321249179103
cell 50.536961480377116 25.698146032236945 0.0 1.0 1.0 1 0 0 0.0 1.0 0
cell 39.94401334991353 11.662515414050496 0.0 1.0 1.0 1 0 0 0.0 1.0 0
cell 2.236425010431999 39.69777009515476 0.0 1.6431676725154984 0.6085806194501846 1 0 0 0.0054962240430289295 -0.9999848956465637 6.272192803748587
cell 51.431458058396785 41.74395812881692 0.0 1.0 1.0 1 0 0 0.0 1.0 0
cell 28.795527281391795 53.43169429267693 0.0 1.0 1.0 1 0 0 0.0 1.0 0
cell 41.31511711236297 47.492209638602375 0.0 1.6431676725154984 0.6085806194501846 1 0 0 0.37054630210615014 0.9288139953701482 0.7591942468773794
cell 41.46856691146976 40.309983356916696 0.0 1.6431676725154984 0.6085806194501846 1 0 0 0.9414369039973303 -0.3371891988067256 3.8294519434024825
cell 32.49939626711126 54.63068600687123 0.0 1.0 1.0 1 0 0 0.0 1.0 0
cell 29.85834585617002 15.775761163009133 0.0 1.0 1.0 1 0 0 0.0 1.0 0
cell 1.1165266195821282 51.79941562696909 0.0 1.0 1.0 1 0 0 0.0 1.0 0
cell 47.95206257266824 28.039405041053953 0.0 1.0 1.0 1 0 0 0.0 1.0 0
cell 38.16716420466735 0.5915115524716001 0.0 1.0 1.0 1 0 0 0.0 1.0 0
cell 4.4062009369634385 58.32343918342621 0.0 1.0 1.0 1 0 0 0.0 1.0 0
cell 6.453458496474838 50.975465900876806 0.0 1.6431676725154984 0.6085806194501846 1 0 0 0.4714668286549829 -0.8818837959039802 5.301278646978906
cell 56.80485340984901 16.73700909530301 0.0 1.6431676725154984 0.6085806194501846 1 0 0 0.59045031522264 -0.807073989949797 5.019951932689088
cell 48.80231149185514 15.249598041441539 0.0 1.6431676725154984 0.6085806194501846 1 0 0 0.9012202413101519 0.43336136958994353 2.2451541636610433
cell 20.05753250808885 17.829206740245166 0.0 1.0 1.0 1 0 0 0.0 1.0 0
cell 56.90088672614302 52.148165769390744 0.0 1.0 1.0 1 0 0 0.0 1.0 0
cell 29.403219827462525 47.295863946507914 0.0 1.0 1.0 1 0 0 0.0 1.0 0
cell 56.86601402143005 36.07057717365275 0.0 1.0 1.0 1 0 0 0.0 1.0 0
cell 4.696139929656546 36.79522400857102 0.0 1.0 1.0 1 0 0 0.0 1.0 0
cell 0.8216541682028816 49.72189866071252 0.0 1.0 1.0 1 0 0 0.0 1.0 0
cell 29.067067490819305 29.527289798006453 0.0 1.0 1.0 1 0 0 0.0 1.0 0
cell 27.488987495850086 50.48448608542453 0.0 1.6431676725154984 0.6085806194501846 1 0 0 -0.09741084668100326 -0.9952442549188064 0.19513112283914769
cell 14.110427437129976 1.084285095670731 0.0 1.0 1.0 1 0 0 0.0 1.0 0
cell 1.6977969140917422 46.427979633020726 0.0 1.0 1.0 1 0 0 0.0 1.0 0
cell 56.292043248418146 41.34070147379642 0.0 1.0 1.0 1 0 0 0.0 1.0 0
cell 39.75951308625792 5.283864284211701 0.0 1.0 1.0 1 0 0 0.0 1.0 0
cell 37.43100684623942 47.410753549346026 0.0 1.0 1.0 1 0 0 0.0 1.0 0
cell 15.133680529134022 38.22362064212642 0.0 1.0 1.0 1 0 0 0.0 1.0 0
cell 32.430944021646575 44.84732347020735 0.0 1.0 1.0 1 0 0 0.0 1.0 0
cell 53.88881804364914 53.18264543564046 0.0 1.0 1.0 1 0 0 0.0 1.0 0
cell 39.63130882176647 33.53065917883257 0.0 1.0 1.0 1 0 0 0.0 1.0 0
cell 16.00466830910928 42.29843484245115 0.0 1.0 1.0 1 0 0 0.0 1.0 0
cell 54.35127916055787 31.655043893353447 0.0 1.0 1.0 1 0 0 0.0 1.0 0
cell 10.47179845968111 33.89836352166711 0.0 1.0 1.0 1 0 0 0.0 1.0 0
cell 18.10053095224935 0.7911729722238913 0.0 1.0 1.0 1 0 0 0.0 1.0 0
cell 34.22956812789557 54.76955102854356 0.0 1.0 1.0 1 0 0 0.0 1.0 0
cell 49.52007845526417 24.270848753755754 0.0 1.0 1.0 1 0 0 0.0 1.0 0
cell 7.719132927949392 28.547789556253264 0.0 1.0 1.0 1 0 0 0.0 1.0 0
cell 10.08355524000834 24.531127285512007 0.0 1.0 1.0 1 0 0 0.0 1.0 0
cell 58.947238497992814 29.614666614280026 0.0 1.0 1.0 1 0 0 0.0 1.0 0
cell 27.179211398504282 48.79597643148078 0.0 1.6431676725154984 0.6085806194501846 1 0 0 -0.3634678872539624 -0.9316067276137184 0.743975365235741
cell 30.038310879052492 17.75834952829279 0.0 1.0 1.0 1 0 0 0.0 1.0 0
cell 43.100108371490734 52.50252615199218 0.0 1.6431676725154984 0.6085806194501846 1 0 0 0.44254331511091305 0.8967471294911644 0.9168657031250377
cell 38.110853522788005 40.38546070520845 0.0 1.0 1.0 1 0 0 0.0 1.0 0
cell 49.85935142587263 4.077324886094798 0.0 1.6431676725154984 0.6085806194501846 1 0 0 0.5475275373941647 0.8367876647005987 1.1588133290546911
cell 49.434610366026234 20.278817539908843 0.0 1.0 1.0 1 0 0 0.0 1.0 0
cell 5.319912155201782 54.99279557211389 0.0 1.0 1.0 1 0 0 0.0 1.0 0
cell 45.518416059324856 5.4950706111678596 0.0 1.0 1.0 1 0 0 0.0 1.0 0
cell 58.661783573965685 13.84253263987725 0.0 1.6431676725154984 0.6085806194501846 1 0 0 0.2943892878597108 -0.9556855901359256 5.685552456532555
cell 25.182382517995972 21.286542209094332 0.0 1.0 1.0 1 0 0 0.0 1.0 0
cell 1.1926139098881232 17.171255829050903 0.0 1.6431676725154984 0.6085806194501846 1 0 0 0.02267088937163283 0.9997429823585156 0.045345663688346124
cell 43.22097926893672 50.515728409871194 0.0 1.0 1.0 1 0 0 0.0 1.0 0
cell 53.36790216926085 34.97404366364628 0.0 1.0 1.0 1 0 0 0.0 1.0 0
cell 34.80342828480337 24.567022352185873 0.0 1.0 1.0 1 0 0 0.0 1.0 0
cell 48.584086139809756 30.966511247269473 0.0 1.0 1.0 1 0 0 0.0 1.0 0
cell 58.28211318238174 43.999024524082216 0.0 1.0 1.0 1 0 0 0.0 1.0 0
cell 52.04118561652735 36.405156667620105 0.0 1.6431676725154984 0.6085806194501846 1 0 0 -0.06477422262290763 0.9978999449261424 6.153546099396747
cell 43.70199693546499 31.842619264314596 0.0 1.0 1.0 1 0 0 0.0 1.0 0
cell 43.066880861308995 38.688237254461185 0.0 1.6431676725154984 0.6085806194501846 1 0 0 0.026934788637883594 0.9996371927659717 0.0538760929787979
cell 7.714071974242492 26.603636223457404 0.0 1.0 1.0 1 0 0 0.0 1.0 0
cell 22.067654018516563 0.1841029875002796 0.0 1.0 1.0 1 0 0 0.0 1.0 0
cell 52.3422890594724 47.04364823169587 0.0 1.0 1.0 1 0 0 0.0 1.0 0
cell 54.682369698290984 49.60714293334983 0.0 1.0 1.0 1 0 0 0.0 1.0 0
cell 36.940060289911735 56.60637805185685 0.0 1.0 1.0 1 0 0 0.0 1.0 0
cell 57.98388690058487 6.755549546059212 0.0 1.6431676725154984 0.6085806194501846 1 0 0 0.24838121452575476 -0.9686623623692163 5.7811678259522425
cell 13.319928773240946 20.14361583452157 0.0 1.6431676725154984 0.6085806194501846 1 0 0 0.31949534102474025 0.9475878466208212 0.6503937344243431
cell 17.239365716821833 43.56034616977341 0.0 1.0 1.0 1 0 0 0.0 1.0 0
cell 44.55561832833773 3.887662629076489 0.0 1.0 1.0 1 0 0 0.0 1.0 0
cell 36.1443522043139 54.79393005870419 0.0 1.0 1.0 1 0 0 0.0 1.0 0
cell 51.10478372420769 17.140625433130488 0.0 1.0 1.0 1 0 0 0.0 1.0 0
cell 39.458903470818825 51.93658956734356 0.0 1.6431676725154984 0.6085806194501846 1 0 0 0.14308205205030422 0.9897108296775751 0.2871496251094398
cell 20.64373335939825 3.8849802560261275 0.0 1.0 1.0 1 0 0 0.0 1.0 0
cell 2.388419670376683 43.261058114593105 0.0 1.0 1.0 1 0 0 0.0 1.0 0
cell 5.987206570984472 11.520578101443913 0.0 1.6431676725154984 0.6085806194501846 1 0 0 0.4108961994458806 0.9116821339046473 0.8468737242583269
cell 12.413061797371858 38.380238213264846 0.0 1.6431676725154984 0.6085806194501846 1 0 0 0.07008873473651772 -0.9975407607025559 6.142892814570314
cell 58.41391042218972 50.968508680506844 0.0 1.0 1.0 1 0 0 0.0 1.0 0
cell 14.987319230540347 47.66090800800229 0.0 1.0 1.0 1 0 0 0.0 1.0 0
cell 46.74564813860644 36.263935512763936 0.0 1.0 1.0 1 0 0 0.0 1.0 0
cell 26.933389808913113 24.875858836719836 0.0 1.0 1.0 1 0 0 0.0 1.0 0
cell 39.478617381941454 47.31127147106831 0.0 1.6431676725154984 0.6085806194501846 1 0 0 0.306801444751373 0.9517735410792161 0.6236611550079555
cell 29.740935306459424 14.045208447864592 0.0 1.0 1.0 1 0 0 0.0 1.0 0
cell 57.889153462340424 42.00441220780331 0.0 1.0 1.0 1 0 0 0.0 1.0 0
cell 14.303147773705811 16.706579040320285 0.0 1.6431676725154984 0.6085806194501846 1 0 0 0.44219719438442123 0.8969178564832715 0.9160938293918665
cell 47.05778438256742 25.223516084081965 0.0 1.0 1.0 1 0 0 0.0 1.0 0
cell 35.01428694795897 49.10752321854158 0.0 1.0 1.0 1 0 0 0.0 1.0 0
cell 1.4925883983363737 23.7386124924972 0.0 1.0 1.0 1 0 0 0.0 1.0 0
cell 39.609554748684324 29.225214656695336 0.0 1.0 1.0 1 0 0 0.0 1.0 0
cell 12.03849747460847 48.59563886378992 0.0 1.0 1.0 1 0 0 0.0 1.0 0
cell 31.568394794132132 34.88172920579654 0.0 1.6431676725154984 0.6085806194501846 1 0 0 0.09094387286427633 0.9958560197078925 0.18213940934484976
cell 40.94660066431427 34.31467588734173 0.0 1.6431676725154984 0.6085806194501846 1 0 0 0.9608143206442237 0.2771927871445773 2.5798503117404183
cell 17.315988884232524 35.266453333727284 0.0 1.6431676725154984 0.6085806194501846 1 0 0 0.7366711119736831 0.6762511905967022 1.6562690144840209
cell 35.215984231478636 56.274389578933096 0.0 1.0 1.0 1 0 0 0.0 1.0 0
cell 25.337977839952 49.16639331985643 0.0 1.6431676725154984 0.6085806194501846 1 0 0 -0.1314073300358104 -0.9913284589947268 0.26357697427099147
cell 32.71336872048409 46.788394476085394 0.0 1.0 1.0 1 0 0 0.0 1.0 0
cell 37.12818921795355 51.99768850558504 0.0 1.6431676725154984 0.6085806194501846 1 0 0 0.046021217168787126 0.9989404624752685 0.09207495559200349
cell 17.947321700651962 39.94310015985066 0.0 1.6431676725154984 0.6085806194501846 1 0 0 0.9943562437355761 0.1060926978829152 2.9290071802831976
cell 37.64324900199074 25.959963793443816 0.0 1.0 1.0 1 0 0 0.0 1.0 0
cell 54.135315547819204 20.741641729184675 0.0 1.0 1.0 1 0 0 0.0 1.0 0
cell 18.70690919939405 12.229710984090742 0.0 1.0 1.0 1 0 0 0.0 1.0 0
cell 8.044028881700909 14.495632207436257 0.0 1.6431676725154984 0.6085806194501846 1 0 0 0.579085079572663 0.8152671161136837 1.235212017720525
cell 19.956355377075436 24.880967552332223 0.0 1.0 1.0 1 0 0 0.0 1.0 0
cell 15.587317548047617 29.595865225502042 0.0 1.0 1.0 1 0 0 0.0 1.0 0
cell 38.127407982925114 32.457173907323586 0.0 1.0 1.0 1 0 0 0.0 1.0 0
cell 50.132968112688495 46.44395167064871 0.0 1.0 1.0 1 0 0 0.0 1.0 0
cell 11.409676412592397 51.458975824330984 0.0 1.0 1.0 1 0 0 0.0 1.0 0
cell 56.066593621634865 56.682066651133965 0.0 1.6431676725154984 0.6085806194501846 1 0 0 0.9762552367595018 -0.21662343525031907 3.578301543259025
cell 57.50522185669296 47.14262499785777 0.0 1.0 1.0 1 0 0 0.0 1.0 0
cell 56.4407580945875 39.06783751718863 0.0 1.6431676725154984 0.6085806194501846 1 0 0 -0.11649411002374435 0.9931913825289543 6.049666866935558
cell 19.62521345862754 56.113155280483916 0.0 1.0 1.0 1 0 0 0.0 1.0 0
cell 52.952483807544176 42.36785886058856 0.0 1.0 1.0 1 0 0 0.0 1.0 0
cell 27.708429717255594 11.630607634205376 0.0 1.0 1.0 1 0 0 0.0 1.0 0
cell 25.367091371435674 30.475420250310293 0.0 1.0 1.0 1 0 0 0.0 1.0 0
cell 30.028587229974768 24.9605559623584 0.0 1.6431676725154984 0.6085806194501846 1 0 0 -0.24903587039447742 0.9684942618605776 5.779816038831651
cell 36.59108251457235 58.46355476545964 0.0 1.0 1.0 1 0 0 0.0 1.0 0
cell 58.15037250329872 32.8495639491897 0.0 1.0 1.0 1 0 0 0.0 1.0 0
cell 9.61279466275508 21.765433708215276 0.0 1.6431676725154984 0.6085806194501846 1 0 0 0.3844596426987592 0.9231418001238718 0.7892448104388071
cell 28.808862043493377 55.437259564819605 0.0 1.0 1.0 1 0 0 0.0 1.0 0
cell 9.101882470029087 18.89038652223154 0.0 1.6431676725154984 0.6085806194501846 1 0 0 0.3788924295428666 0.9254407203247023 0.7771983991734848
cell 31.135556303544323 38.63296076065552 0.0 1.6431676725154984 0.6085806194501846 1 0 0 0.9978078175013606 0.06617823912111509 3.0091393739413093
cell 34.74328610468097 2.259933280779634 0.0 1.0 1.0 1 0 0 0.0 1.0 0
cell 13.424809673073664 22.059817417657086 0.0 1.6431676725154984 0.6085806194501846 1 0 0 0.49533959031490454 0.8686994245805982 1.0364514123352269
cell 57.93523803984315 3.1174431334181962 0.0 1.6431676725154984 0.6085806194501846 1 0 0 0.916690202995019 -0.399598638302173 3.963750586349163
cell 6.262586577873745 25.22382053141926 0.0 1.0 1.0 1 0 0 0.0 1.0 0
cell 1.2420888628347508 58.237657151203756 0.0 1.0 1.0 1 0 0 0.0 1.0 0
cell 45.210133665285696 48.62521346604323 0.0 1.0 1.0 1 0 0 0.0 1.0 0
cell 45.054433218989224 23.08896113293068 0.0 1.0 1.0 1 0 0 0.0 1.0 0
cell 3.5833518503860384 46.49898612467853 0.0 1.0 1.0 1 0 0 0.0 1.0 0
cell 22.031779274331534 39.7041652469242 0.0 1.6431676725154984 0.6085806194501846 1 0 0 0.9719268176349971 -0.23528336354682422 3.6166128656786505
cell 43.0952154763008 16.05010103622425 0.0 1.0 1.0 1 0 0 0.0 1.0 0
cell 15.296904496232195 54.802146653739044 0.0 1.0 1.0 1 0 0 0.0 1.0 0
cell 50.86935282031936 40.00337198274067 0.0 1.0 1.0 1 0 0 0.0 1.0 0
cell 58.928869942920834 22.352507785857217 0.0 1.6431676725154984 0.6085806194501846 1 0 0 0.9999267506088474 -0.01210344648568374 3.1658001376252027
cell 35.72688897496718 43.87504960838397 0.0 1.6431676725154984 0.6085806194501846 1 0 0 -0.18064423065906499 -0.9835485051229526 0.3632828367875618
cell 30.882199660171416 46.09990731434443 0.0 1.0 1.0 1 0 0 0.0 1.0 0
cell 24.595592134510618 19.55006744105715 0.0 1.0 1.0 1 0 0 0.0 1.0 0
cell 4.502142629099072 51.38660498258844 0.0 1.0 1.0 1 0 0 0.0 1.0 0
cell 43.75398006204481 10.862856311464322 0.0 1.0 1.0 1 0 0 0.0 1.0 0
cell 46.39617392637118 8.672166826983927 0.0 1.0 1.0 1 0 0 0.0 1.0 0
cell 51.100411363689105 19.190783091338528 0.0 1.0 1.0 1 0 0 0.0 1.0 0
cell 31.27418359853592 31.565038051154268 0.0 1.6431676725154984 0.6085806194501846 1 0 0 0.9984834127065126 -0.0550533790966191 3.2517551077417437
cell 1.586351747009765 20.28578934742881 0.0 1.6431676725154984 0.6085806194501846 1 0 0 0.9999185381189103 -0.01276389933137202 3.1671211454559582
cell 26.208609946471647 56.3301377656233 0.0 1.0 1.0 1 0 0 0.0 1.0 0
cell 41.55892924460861 6.292638967517112 0.0 1.0 1.0 1 0 0 0.0 1.0 0
cell 23.98504574418236 27.658806527605332 0.0 1.0 1.0 1 0 0 0.0 1.0 0
cell 52.91019095678065 56.24816025943287 0.0 1.0 1.0 1 0 0 0.0 1.0 0
cell 34.887524696057596 0.43431783749643055 0.0 1.0 1.0 1 0 0 0.0 1.0 0
cell 13.12029116902173 26.623261785252797 0.0 1.0 1.0 1 0 0 0.0 1.0 0
cell 19.576530840708557 14.001535856847383 0.0 1.0 1.0 1 0 0 0.0 1.0 0
cell 38.7300964101005 45.52855955685267 0.0 1.6431676725154984 0.6085806194501846 1 0 0 0.30524684464407753 0.9522732611151247 0.620395269400399
cell 6.137443648172214 27.274841958418683 0.0 1.0 1.0 1 0 0 0.0 1.0 0
cell 41.739745199517095 52.45706747391898 0.0 1.6431676725154984 0.6085806194501846 1 0 0 0.3330604499023551 0.9429054760212398 0.6790949753419967
cell 48.77741723341629 37.019785248261925 0.0 1.6431676725154984 0.6085806194501846 1 0 0 0.12414786641018963 -0.9922637286859768 6.0342472919856265
cell 42.94237735638963 36.51111571142847 0.0 1.0 1.0 1 0 0 0.0 1.0 0
cell 28.55176057382205 18.323294018609978 0.0 1.6431676725154984 0.6085806194501846 1 0 0 -0.2141380615471263 -0.9768034042717292 0.43161867412858435
cell 1.4909108040899715 19.053219274949264 0.0 1.6431676725154984 0.6085806194501846 1 0 0 0.0875145412287371 0.9961632421814829 0.1752532746305215
cell 19.706072061173316 28.860131279259466 0.0 1.6431676725154984 0.6085806194501846 1 0 0 -0.11359248253565991 -0.9935274268541285 0.22767639473415002
cell 45.09127110040401 17.568704562848048 0.0 1.6431676725154984 0.6085806194501846 1 0 0 0.8958714687341213 0.44431330332116814 2.2207774485755882
cell 44.33978947169804 0.6840712500973526 0.0 1.0 1.0 1 0 0 0.0 1.0 0
cell 16.64763887225581 52.80298266438999 0.0 1.0 1.0 1 0 0 0.0 1.0 0
cell 30.88189661744164 52.286319009884835 0.0 1.6431676725154984 0.6085806194501846 1 0 0 0.05467199784811783 -0.9985043678679104 6.173786766052191
cell 49.88995470397074 58.490916753109175 0.0 1.0 1.0 1 0 0 0.0 1.0 0
cell 17.204974700972205 27.41057913409095 0.0 1.6431676725154984 0.6085806194501846 1 0 0 -0.1997957391561102 -0.9798375695058154 0.402298904747056
cell 27.822459279115872 2.121705999263255 0.0 1.0 1.0 1 0 0 0.0 1.0 0
cell 18.37185435430923 17.360486588546593 0.0 1.0 1.0 1 0 0 0.0 1.0 0
cell 51.30014572319282 43.634668468598676 0.0 1.0 1.0 1 0 0 0.0 1.0 0
cell 38.35409973057263 27.80159160501877 0.0 1.0 1.0 1 0 0 0.0 1.0 0
cell 13.771600057471117 56.10708195335933 0.0 1.0 1.0 1 0 0 0.0 1.0 0
cell 49.630737518508745 42.620519071136954 0.0 1.0 1.0 1 0 0 0.0 1.0 0
cell 53.62944871466301 5.509379586852283 0.0 1.0 1.0 1 0 0 0.0 1.0 0
cell 33.43275310727203 18.688619446562576 0.0 1.0 1.0 1 0 0 0.0 1.0 0
cell 40.588220807429195 50.64788457669561 0.0 1.6431676725154984 0.6085806194501846 1 0 0 0.27810727033034915 0.9605500227418675 0.563646162163031
cell 36.24949201424939 4.97807006540041 0.0 1.0 1.0 1 0 0 0.0 1.0 0
cell 7.042007427193797 55.080386598114494 0.0 1.6431676725154984 0.6085806194501846 1 0 0 0.835147399447721 -0.5500262004629495 4.306383873202921
cell 8.97457232849718 9.4604553673923 0.0 1.6431676725154984 0.6085806194501846 1 0 0 0.2620929197091081 -0.9650426422901504 5.752804708837177
cell 59.037644827760914 56.91188656018343 0.0 1.0 1.0 1 0 0 0.0 1.0 0
cell 3.623834690989264 41.8240388038988 0.0 1.0 1.0 1 0 0 0.0 1.0 0
cell 9.8188106745852 52.63387583933123 0.0 1.0 1.0 1 0 0 0.0 1.0 0
cell 24.039367133558617 10.087271933724166 0.0 1.0 1.0 1 0 0 0.0 1.0 0
cell 12.774372274748254 50.38223947951453 0.0 1.6431676725154984 0.6085806194501846 1 0 0 -0.1776093527947117 -0.9841010709270891 0.3571132921802693
cell 39.85727382548259 19.896836585532863 0.0 1.0 1.0 1 0 0 0.0 1.0 0
cell 4.338719499306658 2.2797345180234125 0.0 1.6431676725154984 0.6085806194501846 1 0 0 0.40290084841835055 -0.9152436322333924 5.453817056064699
cell 29.46709742523705 42.183894613717605 0.0 1.6431676725154984 0.6085806194501846 1 0 0 -0.1459886961510238 -0.9892862581660194 0.29302460497371907
cell 58.34481787415265 58.81895260866322 0.0 1.0 1.0 1 0 0 0.0 1.0 0
cell 9.432835213186912 23.143691777715286 0.0 1.6431676725154984 0.6085806194501846 1 0 0 0.11825615783818307 0.9929831222802081 0.2370670657004537
cell 11.053950084960707 0.8345550883542373 0.0 1.6431676725154984 0.6085806194501846 1 0 0 0.9110419692663628 -0.4123136309113096 3.9915769554220746
cell 3.266087369610629 18.200366610639417 0.0 1.6431676725154984 0.6085806194501846 1 0 0 0.06748401117043606 0.9977203557291735 0.13507067564513742
cell 29.603270802639102 1.1812466059503273 0.0 1.0 1.0 1 0 0 0.0 1.0 0
cell 38.252911827874236 30.63831820138568 0.0 1.0 1.0 1 0 0 0.0 1.0 0
cell 47.980265104191695 23.682469756809745 0.0 1.0 1.0 1 0 0 0.0 1.0 0
cell 34.34550268760484 7.540918943536012 0.0 1.0 1.0 1 0 0 0.0 1.0 0
cell 19.26297727654204 2.4287623775313043 0.0 1.0 1.0 1 0 0 0.0 1.0 0
cell 33.75865821240693 37.980608969130664 0.0 1.6431676725154984 0.6085806194501846 1 0 0 0.8395219861836738 0.5433257169637927 1.9928056621587926
cell 21.213793116858188 2.014705623431097 0.0 1.0 1.0 1 0 0 0.0 1.0 0
cell 44.644067552590435 19.59392276639331 0.0 1.0 1.0 1 0 0 0.0 1.0 0
cell 13.88670792647153 49.13303326572525 0.0 1.0 1.0 1 0 0 0.0 1.0 0
cell 25.29054598927954 37.24102366011926 0.0 1.6431676725154984 0.6085806194501846 1 0 0 0.15830190859948787 -0.9873907563542204 5.96524403024313
cell 9.70639912450397 16.076751505503886 0.0 1.6431676725154984 0.6085806194501846 1 0 0 0.524406172732048 0.8514682413340648 1.1040350951136335
cell 57.068423851307465 37.769269114360064 0.0 1.6431676725154984 0.6085806194501846 1 0 0 0.017178687414733 -0.999852435461707 6.248826242273644
cell 53.74438941314329 25.13461390328062 0.0 1.6431676725154984 0.6085806194501846 1 0 0 0.9705246889549475 0.24100171810363186 2.654796934069848
cell 54.35988025949792 38.70509434284702 0.0 1.0 1.0 1 0 0 0.0 1.0 0
cell 42.530426873956614 21.51720317003829 0.0 1.0 1.0 1 0 0 0.0 1.0 0
cell 46.94083533563853 6.95212597069964 0.0 1.0 1.0 1 0 0 0.0 1.0 0
cell 19.37098927407007 27.60002754428056 0.0 1.6431676725154984 0.6085806194501846 1 0 0 -0.24470381374878375 -0.9695978772340628 0.49442841493084533
cell 22.305063172784457 49.23894953242816 0.0 1.6431676725154984 0.6085806194501846 1 0 0 -0.007778651791044449 -0.9999697458304995 0.015557460475087659
cell 24.235314373600144 8.017763532797359 0.0 1.0 1.0 1 0 0 0.0 1.0 0
cell 43.475919640058265 23.192300376833945 0.0 1.0 1.0 1 0 0 0.0 1.0 0
cell 8.947468774225507 30.23339960707299 0.0 1.0 1.0 1 0 0 0.0 1.0 0
cell 47.868633033211246 58.71734788846012 0.0 1.0 1.0 1 0 0 0.0 1.0 0
cell 45.36562339039975 33.420081379327186 0.0 1.6431676725154984 0.6085806194501846 1 0 0 0.978520556522712 0.2061492674313493 2.7263165392109974
cell 15.100348726640892 50.81728468249381 0.0 1.0 1.0 1 0 0 0.0 1.0 0
cell 26.55755165077344 19.849672106994333 0.0 1.0 1.0 1 0 0 0.0 1.0 0
cell 8.581206435763928 33.627643429854125 0.0 1.0 1.0 1 0 0 0.0 1.0 0
cell 36.07744093642107 37.88949181279703 0.0 1.6431676725154984 0.6085806194501846 1 0 0 0.9970705901681585 0.07648684999213981 2.9884694041339093
cell 48.264009480690554 3.6928039675419937 0.0 1.0 1.0 1 0 0 0.0 1.0 0
cell 37.663803792274635 22.839561196802002 0.0 1.0 1.0 1 0 0 0.0 1.0 0
cell 24.540059790455715 14.030547835294739 0.0 1.0 1.0 1 0 0 0.0 1.0 0
cell 15.431142970971809 21.545369949024916 0.0 1.6431676725154984 0.6085806194501846 1 0 0 0.5308331108178498 0.8474763763429896 1.1191666240922318
cell 44.00090581081674 47.00970134770201 0.0 1.0 1.0 1 0 0 0.0 1.0 0
cell 41.98500881352049 42.790446135669015 0.0 1.6431676725154984 0.6085806194501846 1 0 0 0.9755118778923991 -0.2199467574001602 3.585112435630683
cell 34.47860912707954 9.31741159275241 0.0 1.0 1.0 1 0 0 0.0 1.0 0
cell 31.661046860635725 18.616412697385936 0.0 1.0 1.0 1 0 0 0.0 1.0 0
cell 1.2496744715978234 27.15703192948888 0.0 1.0 1.0 1 0 0 0.0 1.0 0
cell 11.809067606525073 57.50693841818709 0.0 1.6431676725154984 0.6085806194501846 1 0 0 0.9949954213325449 0.09992052605581805 2.941417559264105
cell 37.30305121921844 34.76509853528935 0.0 1.6431676725154984 0.6085806194501846 1 0 0 -0.033537577385300624 -0.9994374572243753 0.06708773514936084
cell 12.443694572362574 11.24627019510617 0.0 1.6431676725154984 0.6085806194501846 1 0 0 0.5044518097118849 0.8634398483266824 1.0574939127429652
cell 42.97162538646858 4.132961898351054 0.0 1.0 1.0 1 0 0 0.0 1.0 0
cell 42.555159083982595 31.265118233079296 0.0 1.6431676725154984 0.6085806194501846 1 0 0 0.7614703595670479 0.6481997311792337 1.7311569537321918
cell 14.579583658959898 25.862048617965016 0.0 1.6431676725154984 0.6085806194501846 1 0 0 0.3862830474826311 0.9223802942536942 0.7931968719093396
cell 23.048047195782495 28.539336602195462 0.0 1.6431676725154984 0.6085806194501846 1 0 0 0.408158127317513 0.9129112460171913 0.8408711373736603
cell 36.790823826311595 24.55068095746528 0.0 1.0 1.0 1 0 0 0.0 1.0 0
cell 21.45313245710313 24.39549674092819 0.0 1.0 1.0 1 0 0 0.0 1.0 0
cell 34.60967538846055 23.02315455835712 0.0 1.6431676725154984 0.6085806194501846 1 0 0 0.3486689018618031 -0.9372459639147476 5.570884297315308
cell 34.408352081072415 5.8112531604210735 0.0 1.0 1.0 1 0 0 0.0 1.0 0
cell 37.260103076158515 41.926886570676814 0.0 1.0 1.0 1 0 0 0.0 1.0 0
cell 9.467289528993383 44.75152650818095 0.0 1.0 1.0 1 0 0 0.0 1.0 0
cell 25.57767203649572 26.788959326320892 0.0 1.0 1.0 1 0 0 0.0 1.0 0
cell 57.999016120849184 25.859217401585756 0.0 1.0 1.0 1 0 0 0.0 1.0 0
cell 56.53478058792773 9.453269996754955 0.0 1.6431676725154984 0.6085806194501846 1 0 0 0.2299353800724912 0.9732058985594565 0.4640225666239556
cell 8.559016288597928 46.13264392171271 0.0 1.0 1.0 1 0 0 0.0 1.0 0
cell 26.81385169643763 38.838816635908906 0.0 1.6431676725154984 0.6085806194501846 1 0 0 0.9444173524610879 0.3287489382042006 2.4716354985144156
cell 23.38292022679688 18.307571153238335 0.0 1.0 1.0 1 0 0 0.0 1.0 0
cell 45.66185840433431 0.48382183038926263 0.0 1.6431676725154984 0.6085806194501846 1 0 0 0.6010770535680562 0.7991910758222617 1.2896962131234102
cell 26.86891692530077 35.98364881774019 0.0 1.6431676725154984 0.6085806194501846 1 0 0 0.4942019968984947 0.8693471034411631 1.0338333161321163
cell 32.757943381783996 17.253584654538027 0.0 1.0 1.0 1 0 0 0.0 1.0 0
cell 30.919797586994203 7.668962508039381 0.0 1.0 1.0 1 0 0 0.0 1.0 0
cell 5.681269611953355 47.81552303335822 0.0 1.0 1.0 1 0 0 0.0 1.0 0
cell 19.746246346057774 40.976176778304655 0.0 1.0 1.0 1 0 0 0.0 1.0 0
cell 46.60629437347742 15.019894334602533 0.0 1.6431676725154984 0.6085806194501846 1 0 0 0.8617457215833555 0.5073404294285859 2.077401218985715
cell 17.830950654721097 41.60784056757191 0.0 1.0 1.0 1 0 0 0.0 1.0 0
cell 5.058647029226478 45.25586244420751 0.0 1.0 1.0 1 0 0 0.0 1.0 0
cell 43.98920233408072 42.41818706499509 0.0 1.6431676725154984 0.6085806194501846 1 0 0 0.9845231751889147 -0.17525443650857306 3.493921050597654
cell 43.8501549228177 54.65502339033416 0.0 1.6431676725154984 0.6085806194501846 1 0 0 0.40432157850742695 0.9146168931051201 0.8324739081503223
cell 45.281007075478755 55.191080803125374 0.0 1.6431676725154984 0.6085806194501846 1 0 0 0.6464098346593511 0.7629903837242448 1.4057392307480592
cell 5.561569954589895 5.594732597210506 0.0 1.6431676725154984 0.6085806194501846 1 0 0 0.697528575988315 0.7165569661092644 1.543885307379738
cell 51.096863623870654 55.44864089212846 0.0 1.0 1.0 1 0 0 0.0 1.0 0
cell 3.2790192861823373 40.483106426131826 0.0 1.6431676725154984 0.6085806194501846 1 0 0 0.03259479457131945 -0.9994686485162271 6.217984169387381
cell 21.04395852720517 26.347541889753614 0.0 1.0 1.0 1 0 0 0.0 1.0 0
cell 26.04244113627314 12.74375798435478 0.0 1.0 1.0 1 0 0 0.0 1.0 0
cell 58.82659212965906 10.273315333283163 0.0 1.6431676725154984 0.6085806194501846 1 0 0 0.5655164860416176 0.8247369908129142 1.2021187251077627
cell 5.327281122580348 29.79379796893068 0.0 1.0 1.0 1 0 0 0.0 1.0 0
cell 14.706825391789632 6.176884085025218 0.0 1.6431676725154984 0.6085806194501846 1 0 0 0.9999937537459087 0.0035344687248526317 3.1345237014219247
cell 6.267822805428509 16.679940171106825 0.0 1.6431676725154984 0.6085806194501846 1 0 0 -0.17159204126858268 -0.9851680929533199 0.3448909044858661
cell 24.32207778946188 12.082663651885388 0.0 1.0 1.0 1 0 0 0.0 1.0 0
cell 27.293306276975645 54.75467269558018 0.0 1.0 1.0 1 0 0 0.0 1.0 0
cell 17.289053705428856 2.6662238841841615 0.0 1.0 1.0 1 0 0 0.0 1.0 0
cell 20.208131222697805 44.80082211954014 0.0 1.0 1.0 1 0 0 0.0 1.0 0
cell 46.956786512441944 12.549822880353467 0.0 1.0 1.0 1 0 0 0.0 1.0 0
cell 18.671715420751134 24.241923330443484 0.0 1.0 1.0 1 0 0 0.0 1.0 0
cell 48.563661819729845 26.027172421717857 0.0 1.0 1.0 1 0 0 0.0 1.0 0
cell 53.71701041838508 37.42939347208772 0.0 1.6431676725154984 0.6085806194501846 1 0 0 0.03191555962943041 0.9994905687666794 0.0638419606566744
cell 52.05104125258763 2.0839699867124337 0.0 1.0 1.0 1 0 0 0.0 1.0 0
cell 1.371872078099464 36.9976311574607 0.0 1.6431676725154984 0.6085806194501846 1 0 0 0.4655701352436513 0.8850109881629765 0.9685574295101522
cell 22.01743488637014 52.98747775164581 0.0 1.0 1.0 1 0 0 0.0 1.0 0
cell 3.7908824315740675 1.0083579288676905 0.0 1.6431676725154984 0.6085806194501846 1 0 0 0.22559039791369037 -0.974222239722099 5.8280872802881465
cell 16.123666245974388 1.0367202658708476 0.0 1.0 1.0 1 0 0 0.0 1.0 0
cell 37.24562007227814 13.413630941930194 0.0 1.0 1.0 1 0 0 0.0 1.0 0
cell 10.61208765909637 21.307472739945407 0.0 1.6431676725154984 0.6085806194501846 1 0 0 0.40634779697076123 0.9137184839418588 0.8369068314733715
cell 3.027545638727184 44.955350830624866 0.0 1.0 1.0 1 0 0 0.0 1.0 0
cell 47.55484228876386 41.70016461937243 0.0 1.6431676725154984 0.6085806194501846 1 0 0 -0.03984467217211896 -0.99920588574102 0.07971044519519577
cell 39.249792122087115 38.315608981561205 0.0 1.6431676725154984 0.6085806194501846 1 0 0 0.9751721531164705 -0.2214481243681846 3.5881910821930143
cell 33.072227875978705 1.2721350058252086 0.0 1.0 1.0 1 0 0 0.0 1.0 0
cell 7.03957149960021 4.465459091261182 0.0 1.6431676725154984 0.6085806194501846 1 0 0 0.8335230658350461 0.552484659262993 1.9709082224111762
cell 47.42731855786742 45.17938904776807 0.0 1.0 1.0 1 0 0 0.0 1.0 0
cell 13.467605456971054 54.071113613436495 0.0 1.0 1.0 1 0 0 0.0 1.0 0
cell 1.2973573849947528 1.136308675476527 0.0 1.0 1.0 1 0 0 0.0 1.0 0
cell 45.405595102886345 31.309654233913978 0.0 1.0 1.0 1 0 0 0.0 1.0 0
cell 27.53171979069056 7.838384922739788 0.0 1.0 1.0 1 0 0 0.0 1.0 0
cell 33.43212663838876 41.57111980718409 0.0 1.6431676725154984 0.6085806194501846 1 0 0 -0.14505921289426574 0.9894229756552534 5.992039670924474
cell 57.06971487408239 29.010272818660056 0.0 1.0 1.0 1 0 0 0.0 1.0 0
cell 46.557971706249035 55.64129464720688 0.0 1.0 1.0 1 0 0 0.0 1.0 0
cell 58.553142978677805 27.718604362902354 0.0 1.0 1.0 1 0 0 0.0 1.0 0
cell 31.67341785972042 21.9832600560586 0.0 1.0 1.0 1 0 0 0.0 1.0 0
cell 32.496164928882706 51.28131732842007 0.0 1.6431676725154984 0.6085806194501846 1 0 0 0.03492144776519369 0.9993900602297298 0.06985709898229946
cell 34.36688151291809 47.27070994678981 0.0 1.0 1.0 1 0 0 0.0 1.0 0
cell 47.81524430326498 53.150604077995034 0.0 1.6431676725154984 0.6085806194501846 1 0 0 0.3644347655159853 0.9312289201282942 0.7460515079730131
cell 7.868256404603577 31.901980690596982 0.0 1.0 1.0 1 0 0 0.0 1.0 0
cell 12.321932284374753 33.84501552760996 0.0 1.0 1.0 1 0 0 0.0 1.0 0
cell 37.88706528000446 11.543383367065971 0.0 1.0 1.0 1 0 0 0.0 1.0 0
cell 41.86877222132849 26.735834451866168 0.0 1.0 1.0 1 0 0 0.0 1.0 0
cell 8.540917760720026 47.792838220035755 0.0 1.0 1.0 1 0 0 0.0 1.0 0
cell 15.347415296297658 44.17598739458805 0.0 1.0 1.0 1 0 0 0.0 1.0 0
cell 9.624942742791706 37.13642497727386 0.0 1.0 1.0 1 0 0 0.0 1.0 0
cell 51.094620755790686 32.478865593205136 0.0 1.0 1.0 1 0 0 0.0 1.0 0
cell 34.4166824575017 11.000864564359501 0.0 1.0 1.0 1 0 0 0.0 1.0 0
cell 29.702053298766288 58.363561121115055 0.0 1.0 1.0 1 0 0 0.0 1.0 0
cell 41.05533914040145 12.998735876134083 0.0 1.0 1.0 1 0 0 0.0 1.0 0
cell 39.02936579224739 13.121367075686258 0.0 1.0 1.0 1 0 0 0.0 1.0 0
cell 18.82272235245332 34.055133119275986 0.0 1.6431676725154984 0.6085806194501846 1 0 0 0.8853639474934978 0.46489857009753305 2.174552563938856
cell 25.8721922854102 10.842148655891169 0.0 1.0 1.0 1 0 0 0.0 1.0 0
cell 41.35591829348397 16.28211006078897 0.0 1.0 1.0 1 0 0 0.0 1.0 0
cell 58.59406532584384 23.943010668870055 0.0 1.0 1.0 1 0 0 0.0 1.0 0
cell 34.339891875907895 12.642179952561941 0.0 1.0 1.0 1 0 0 0.0 1.0 0
cell 13.21515510452137 13.992227840305265 0.0 1.6431676725154984 0.6085806194501846 1 0 0 0.5125261080409944 0.8586716418843415 1.0762481901750747
cell 50.897355570371914 10.308686459356027 0.0 1.0 1.0 1 0 0 0.0 1.0 0
cell 14.465203698965828 13.751680087056888 0.0 1.6431676725154984 0.6085806194501846 1 0 0 0.47119421572320636 0.8820294842401769 0.9812884599009839
cell 41.23569904408189 45.1844434050239 0.0 1.6431676725154984 0.6085806194501846 1 0 0 0.6265249287981673 0.7794013815707869 1.3541730729740926
cell 36.1477229649538 10.44715092204993 0.0 1.0 1.0 1 0 0 0.0 1.0 0
cell 51.008360953744116 3.278439960943888 0.0 1.0 1.0 1 0 0 0.0 1.0 0
cell 11.681938182457403 53.324713178672326 0.0 1.0 1.0 1 0 0 0.0 1.0 0
cell 33.024194245580496 15.62600537481847 0.0 1.0 1.0 1 0 0 0.0 1.0 0
cell 41.479366540702635 19.80282330668986 0.0 1.0 1.0 1 0 0 0.0 1.0 0
cell 55.20056878895527 28.426343337983404 0.0 1.0 1.0 1 0 0 0.0 1.0 0
cell 55.74356470752036 30.3367053116049 0.0 1.0 1.0 1 0 0 0.0 1.0 0
cell 1.1797550203608445 38.29902513031404 0.0 1.6431676725154984 0.6085806194501846 1 0 0 -0.2137797572964447 -0.9768818840424226 0.4308850774765389
cell 43.70438548083559 48.90504213915823 0.0 1.6431676725154984 0.6085806194501846 1 0 0 0.4251430454310158 0.9051261740341184 0.8782398379223494
cell 52.08218260588147 24.631491543930103 0.0 1.0 1.0 1 0 0 0.0 1.0 0
cell 50.40288416256988 7.95680549256091 0.0 1.6431676725154984 0.6085806194501846 1 0 0 0.7610053615751599 0.6487455893136078 1.7297228208829
cell 28.439258154891135 16.81105611201169 0.0 1.0 1.0 1 0 0 0.0 1.0 0
cell 17.322176071544778 25.58761374892098 0.0 1.6431676725154984 0.6085806194501846 1 0 0 0.34548466559994423 0.938424395375192 0.7055104068415708
cell 2.240605937576649 13.36406301558263 0.0 1.6431676725154984 0.6085806194501846 1 0 0 0.33104396996322827 0.9436153294383179 0.6748194239346991
cell 1.4930191439713005 53.79019559558185 0.0 1.0 1.0 1 0 0 0.0 1.0 0
cell 36.05430018643999 23.153753825429057 0.0 1.0 1.0 1 0 0 0.0 1.0 0
cell 27.49209223018138 9.745276281520031 0.0 1.0 1.0 1 0 0 0.0 1.0 0
cell 47.66562156943343 56.931197663471956 0.0 1.0 1.0 1 0 0 0.0 1.0 0
cell 51.32467795408791 29.293112518841127 0.0 1.6431676725154984 0.6085806194501846 1 0 0 0.8328540204823752 0.5534927104907014 1.9684884793337636
cell 51.41080435684387 51.58251792730191 0.0 1.0 1.0 1 0 0 0.0 1.0 0
cell 54.907257321921556 36.62991393117821 0.0 1.6431676725154984 0.6085806194501846 1 0 0 -0.13229273996504695 -0.99121068948662 0.26536339018322863
cell 26.151325808179823 1.1054348333017396 0.0 1.0 1.0 1 0 0 0.0 1.0 0
cell 5.7308687361098425 56.85049679410617 0.0 1.0 1.0 1 0 0 0.0 1.0 0
cell 27.943495441382023 0.1703070910895044 0.0 1.0 1.0 1 0 0 0.0 1.0 0
cell 29.266572073034705 10.515981730424892 0.0 1.0 1.0 1 0 0 0.0 1.0 0
cell 22.823385985781385 15.628783999098435 0.0 1.0 1.0 1 0 0 0.0 1.0 0
cell 18.13743101317477 22.80746596876309 0.0 1.0 1.0 1 0 0 0.0 1.0 0
cell 28.888508276098868 22.190787324542317 0.0 1.0 1.0 1 0 0 0.0 1.0 0
cell 0.6674178146492561 25.530914929080044 0.0 1.0 1.0 1 0 0 0.0 1.0 0
cell 41.268068970200645 32.396860243425145 0.0 1.0 1.0 1 0 0 0.0 1.0 0
cell 45.3715397253422 44.608150638782966 0.0 1.6431676725154984 0.6085806194501846 1 0 0 0.8985641225056761 -0.43884224699270286 4.050212292705374
cell 58.729700425876366 52.91471684352415 0.0 1.0 1.0 1 0 0 0.0 1.0 0
cell 38.88122276104461 48.83176183737639 0.0 1.0 1.0 1 0 0 0.0 1.0 0
cell 34.812070754651366 29.482348268486977 0.0 1.0 1.0 1 0 0 0.0 1.0 0
cell 6.558015773423516 9.995629070150132 0.0 1.6431676725154984 0.6085806194501846 1 0 0 0.5811713392935949 0.8137812202205758 1.2403346614968869
cell 37.929946869694696 5.988462948087365 0.0 1.0 1.0 1 0 0 0.0 1.0 0
cell 55.988205357101315 11.795988541129262 0.0 1.6431676725154984 0.6085806194501846 1 0 0 0.5326973924913923 -0.8463057887270249 5.159616036845927
cell 32.13272340174819 24.64399072364194 0.0 1.6431676725154984 0.6085806194501846 1 0 0 -0.31356812169610127 0.9495657076032069 5.645288610815738
cell 39.63408031141714 16.430195824839757 0.0 1.0 1.0 1 0 0 0.0 1.0 0
cell 11.61862937785111 40.892548776597565 0.0 1.0 1.0 1 0 0 0.0 1.0 0
cell 35.360189992139574 13.900220875827566 0.0 1.0 1.0 1 0 0 0.0 1.0 0
cell 10.785437677012117 19.162136443617282 0.0 1.6431676725154984 0.6085806194501846 1 0 0 0.6244832925204632 0.7810381663931678 1.348939585741895
cell 6.780367887897223 52.51577041919547 0.0 1.6431676725154984 0.6085806194501846 1 0 0 0.5492631007580454 -0.8356494756449364 5.120220999414856
cell 18.15020315745834 46.682078736341175 0.0 1.6431676725154984 0.6085806194501846 1 0 0 0.12388265951435327 -0.9922968742627636 6.03478183226394
cell 36.50425714745895 1.361460470149144 0.0 1.0 1.0 1 0 0 0.0 1.0 0
cell 27.344034785226416 26.64578078235179 0.0 1.0 1.0 1 0 0 0.0 1.0 0
cell 5.89519962475556 31.694476187784282 0.0 1.0 1.0 1 0 0 0.0 1.0 0
cell 5.451609702857725 17.852222075948866 0.0 1.6431676725154984 0.6085806194501846 1 0 0 0.23236310615289357 0.972629110657798 0.46901317437683815
cell 23.275004321762356 21.02497672658598 0.0 1.0 1.0 1 0 0 0.0 1.0 0
cell 11.290064527282498 25.790431340368237 0.0 1.0 1.0 1 0 0 0.0 1.0 0
cell 16.57534243662052 45.56495473011802 0.0 1.0 1.0 1 0 0 0.0 1.0 0
cell 11.711787924065968 32.31722684818103 0.0 1.0 1.0 1 0 0 0.0 1.0 0
cell 34.85113582475044 39.530109945839435 0.0 1.0 1.0 1 0 0 0.0 1.0 0
cell 5.422516996084662 49.67108040590513 0.0 1.0 1.0 1 0 0 0.0 1.0 0
cell 20.83286459625219 54.515798207758415 0.0 1.0 1.0 1 0 0 0.0 1.0 0
cell 49.66703123261075 54.56847614410838 0.0 1.0 1.0 1 0 0 0.0 1.0 0
cell 16.776998545260135 31.133380174199797 0.0 1.0 1.0 1 0 0 0.0 1.0 0
cell 17.5503552842388 10.553133541066531 0.0 1.0 1.0 1 0 0 0.0 1.0 0
cell 17.626662708265787 13.9594677650008 0.0 1.0 1.0 1 0 0 0.0 1.0 0
cell 44.40954725878516 24.955737505783016 0.0 1.0 1.0 1 0 0 0.0 1.0 0
cell 56.146436585153104 25.422806176015943 0.0 1.0 1.0 1 0 0 0.0 1.0 0
cell 46.88573051619813 50.90526769115688 0.0 1.6431676725154984 0.6085806194501846 1 0 0 0.5130609199104753 0.8583521960481122 1.0774940944901354
cell 11.534400647914211 17.62332689427985 0.0 1.6431676725154984 0.6085806194501846 1 0 0 0.5148517067538606 0.8572792544163406 1.081669318003386
cell 14.782635969584064 31.201098766832633 0.0 1.0 1.0 1 0 0 0.0 1.0 0
cell 46.365809473384765 3.7656157427494805 0.0 1.0 1.0 1 0 0 0.0 1.0 0
cell 56.747741726296674 0.9490843773588097 0.0 1.0 1.0 1 0 0 0.0 1.0 0
cell 34.578712136979455 4.033931326994122 0.0 1.0 1.0 1 0 0 0.0 1.0 0
cell 24.099961742470374 55.93751625298008 0.0 1.0 1.0 1 0 0 0.0 1.0 0
cell 45.129562589292036 2.268745837696553 0.0 1.0 1.0 1 0 0 0.0 1.0 0
cell 20.382424902414122 19.516085010660344 0.0 1.0 1.0 1 0 0 0.0 1.0 0
cell 10.637562848427713 45.96439822749036 0.0 1.0 1.0 1 0 0 0.0 1.0 0
cell 11.534349184204395 29.244620635217 0.0 1.0 1.0 1 0 0 0.0 1.0 0
cell 43.2588714880436 2.3493905794085217 0.0 1.0 1.0 1 0 0 0.0 1.0 0
cell 34.02202363540392 21.994915043354084 0.0 1.6431676725154984 0.6085806194501846 1 0 0 -0.07404679177658086 0.9972547681648836 6.134956057567435
cell 59.08114692733242 54.89808176864031 0.0 1.0 1.0 1 0 0 0.0 1.0 0
cell 27.56615800208348 23.155006809004014 0.0 1.0 1.0 1 0 0 0.0 1.0 0
cell 59.062004760582646 2.445121111969426 0.0 1.6431676725154984 0.6085806194501846 1 0 0 0.46689066278810043 0.8843150507603544 0.9715428087341222
cell 27.07604879761856 29.4159562316277 0.0 1.0 1.0 1 0 0 0.0 1.0 0
cell 44.92613972696456 39.59549365386726 0.0 1.6431676725154984 0.6085806194501846 1 0 0 0.2211089014537843 -0.9752491239154746 5.83728257014818
cell 3.8188009532652543 39.05372545700039 0.0 1.6431676725154984 0.6085806194501846 1 0 0 -0.29975157167724176 -0.9540172929653966 0.6088644820641953
cell 19.58012050660965 26.502987951812898 0.0 1.6431676725154984 0.6085806194501846 1 0 0 -0.37336865005590136 -0.927683055334867 0.7652752600939001
cell 26.337004360486493 58.332993419036036 0.0 1.0 1.0 1 0 0 0.0 1.0 0
cell 21.958498894912882 5.336991937902879 0.0 1.0 1.0 1 0 0 0.0 1.0 0
cell 46.00723765056164 46.95652058961081 0.0 1.0 1.0 1 0 0 0.0 1.0 0
cell 40.80528232565728 21.68278219624884 0.0 1.0 1.0 1 0 0 0.0 1.0 0
cell 55.23804394332136 35.28566822264466 0.0 1.0 1.0 1 0 0 0.0 1.0 0
cell 9.937695390799922 40.35146418301828 0.0 1.6431676725154984 0.6085806194501846 1 0 0 0.09095828184823569 -0.9958547037410713 6.1010169599296695
cell 39.86682013691828 40.44538354678741 0.0 1.6431676725154984 0.6085806194501846 1 0 0 0.8781170183823322 -0.4784459238276806 4.139360803253048
cell 41.266178394645 1.182965141835063 0.0 1.0 1.0 1 0 0 0.0 1.0 0
cell 39.085220596414864 10.308489620616909 0.0 1.0 1.0 1 0 0 0.0 1.0 0
cell 17.024235937605724 37.777975357690146 0.0 1.0 1.0 1 0 0 0.0 1.0 0
cell 46.74945644737946 26.963838816304836 0.0 1.0 1.0 1 0 0 0.0 1.0 0
cell 53.976296789502896 29.80764544656219 0.0 1.0 1.0 1 0 0 0.0 1.0 0
cell 46.765696800700546 1.765914410334371 0.0 1.6431676725154984 0.6085806194501846 1 0 0 0.6946047350122899 0.7193915916234401 1.5357406230328299
cell 27.997975115363417 43.61871157785966 0.0 1.6431676725154984 0.6085806194501846 1 0 0 0.9989269708673697 -0.0463131393207286 3.2342520766894842
cell 45.92941188150746 38.042553748628144 0.0 1.6431676725154984 0.6085806194501846 1 0 0 -0.05350916387778565 0.9985673584596586 6.176115843818578
cell 47.92557757974398 1.8322363720718098 0.0 1.0 1.0 1 0 0 0.0 1.0 0
cell 44.781070386787775 15.730441644574352 0.0 1.0 1.0 1 0 0 0.0 1.0 0
cell 5.276170838247715 42.00240699590627 0.0 1.0 1.0 1 0 0 0.0 1.0 0
cell 15.206512620622416 33.918873275015684 0.0 1.0 1.0 1 0 0 0.0 1.0 0
cell 7.619102331115786 21.128175607927968 0.0 1.6431676725154984 0.6085806194501846 1 0 0 0.39457354744107187 0.918864361948905 0.8112073930079331
cell 35.81247261018735 46.66270813776397 0.0 1.0 1.0 1 0 0 0.0 1.0 0
cell 31.232690176351863 20.063286986112065 0.0 1.6431676725154984 0.6085806194501846 1 0 0 0.40052535905827297 0.9162856742038705 0.8241802630882453
cell 53.174328618012126 50.65424681146074 0.0 1.0 1.0 1 0 0 0.0 1.0 0
cell 24.242560651315834 50.248468617412996 0.0 1.6431676725154984 0.6085806194501846 1 0 0 -0.004029615217245771 -0.9999918810676419 0.008059252245344872
cell 1.0913564844255845 44.599256909448286 0.0 1.0 1.0 1 0 0 0.0 1.0 0
cell 14.637196994773559 45.96575594726246 0.0 1.0 1.0 1 0 0 0.0 1.0 0
cell 19.389145069517742 47.57604372071846 0.0 1.6431676725154984 0.6085806194501846 1 0 0 0.10990518310520715 -0.9939420761425742 6.062929997788968
cell 39.77639821882449 31.527636965043424 0.0 1.0 1.0 1 0 0 0.0 1.0 0
cell 53.20924133653664 3.574380039754931 0.0 1.0 1.0 1 0 0 0.0 1.0 0
cell 41.745218317705046 54.02184853558827 0.0 1.0 1.0 1 0 0 0.0 1.0 0
cell 32.6644916985057 8.523975402414761 0.0 1.0 1.0 1 0 0 0.0 1.0 0
cell 54.6364287376061 18.860927232227212 0.0 1.0 1.0 1 0 0 0.0 1.0 0
cell 4.875871893869121 53.22454789436121 0.0 1.0 1.0 1 0 0 0.0 1.0 0
cell 17.74401884532189 21.302652921868773 0.0 1.0 1.0 1 0 0 0.0 1.0 0
cell 3.983557651497436 56.37187942930568 0.0 1.0 1.0 1 0 0 0.0 1.0 0
cell 57.60496044456958 55.9081946666805 0.0 1.0 1.0 1 0 0 0.0 1.0 0
cell 20.161389138046815 22.906742377518434 0.0 1.0 1.0 1 0 0 0.0 1.0 0
cell 26.558309117123503 42.18893957858241 0.0 1.0 1.0 1 0 0 0.0 1.0 0
cell 54.268586681309024 9.620020955036976 0.0 1.6431676725154984 0.6085806194501846 1 0 0 0.8903204972462109 -0.4553343960028276 4.087088190917249
cell 54.25651947831731 16.38362488509114 0.0 1.6431676725154984 0.6085806194501846 1 0 0 0.710523773078325 0.7036731967970223 1.5804845425715546
cell 33.86902620909303 26.160618386435488 0.0 1.0 1.0 1 0 0 0.0 1.0 0
cell 57.05626210580337 13.051410665523733 0.0 1.6431676725154984 0.6085806194501846 1 0 0 0.7356834246794242 0.6773255485008328 1.6533502671668299
cell 3.3173951378100432 54.55352413000828 0.0 1.0 1.0 1 0 0 0.0 1.0 0
cell 21.586160502011133 41.07818140606662 0.0 1.0 1.0 1 0 0 0.0 1.0 0
cell 36.475482893685516 27.248030403612336 0.0 1.0 1.0 1 0 0 0.0 1.0 0
cell 46.812466477749695 34.37938798411605 0.0 1.0 1.0 1 0 0 0.0 1.0 0
cell 50.319372061675296 1.431932701082514 0.0 1.0 1.0 1 0 0 0.0 1.0 0
cell 14.329079431841416 40.232788605388635 0.0 1.6431676725154984 0.6085806194501846 1 0 0 0.920782719277903 0.39007586938849526 2.340164677812759
cell 8.299025041301796 49.68493924754784 0.0 1.0 1.0 1 0 0 0.0 1.0 0
cell 26.349608145977164 18.488058481307885 0.0 1.6431676725154984 0.6085806194501846 1 0 0 -0.0793094692234245 -0.996850042930981 0.15878569619315197
cell 6.5717580148846775 46.46385191179301 0.0 1.0 1.0 1 0 0 0.0 1.0 0
cell 8.170916740567348 24.688165206203013 0.0 1.0 1.0 1 0 0 0.0 1.0 0
cell 22.02729814182368 37.301549425779235 0.0 1.6431676725154984 0.6085806194501846 1 0 0 0.9979172924671281 0.06450641359644954 3.012490186385867
cell 22.426114905198297 48.04315786345967 0.0 1.6431676725154984 0.6085806194501846 1 0 0 -0.10447632072323107 -0.9945273743885266 0.2093346510079206
cell 8.88103200222842 3.6783976363718116 0.0 1.6431676725154984 0.6085806194501846 1 0 0 0.9073490643627146 0.4203780148867285 2.273868864582594
cell 56.526269169043076 50.24674344445249 0.0 1.0 1.0 1 0 0 0.0 1.0 0
cell 26.097599693752983 3.1151304383713363 0.0 1.0 1.0 1 0 0 0.0 1.0 0
cell 22.11117498013661 55.823665944601686 0.0 1.0 1.0 1 0 0 0.0 1.0 0
cell 22.872720842932786 13.526287323046054 0.0 1.0 1.0 1 0 0 0.0 1.0 0
cell 38.09222216220976 19.536820393557072 0.0 1.0 1.0 1 0 0 0.0 1.0 0
cell 44.53821345581457 57.33700188134683 0.0 1.6431676725154984 0.6085806194501846 1 0 0 0.3086910366235531 0.9511623646403784 0.6276331043425383
cell 13.80344871986684 29.47449012015136 0.0 1.0 1.0 1 0 0 0.0 1.0 0
cell 52.69991058883825 19.846891861922774 0.0 1.0 1.0 1 0 0 0.0 1.0 0
cell 56.007532726430775 22.969162606020223 0.0 1.6431676725154984 0.6085806194501846 1 0 0 0.9270318136211768 0.37498268831271625 2.372836453376442
cell 16.2812329073475 35.942651024496634 0.0 1.6431676725154984 0.6085806194501846 1 0 0 0.7524517214698431 0.6586474070829321 1.7035531287177903
cell 31.319567932756456 16.649847279364355 0.0 1.0 1.0 1 0 0 0.0 1.0 0
cell 49.118168569556715 29.38312328943122 0.0 1.0 1.0 1 0 0 0.0 1.0 0
cell 1.8860656874104358 34.357642958711864 0.0 1.0 1.0 1 0 0 0.0 1.0 0
cell 54.101078075757314 7.441476378981649 0.0 1.0 1.0 1 0 0 0.0 1.0 0
cell 43.57346030557584 26.769426914257586 0.0 1.0 1.0 1 0 0 0.0 1.0 0
cell 16.2678404411977 39.49244747607674 0.0 1.6431676725154984 0.6085806194501846 1 0 0 0.9618282286813873 0.2736539027889518 2.58721284589502
cell 29.372464182532866 37.98678447802033 0.0 1.6431676725154984 0.6085806194501846 1 0 0 0.9626039602954373 0.2709125608448973 2.5929108177030806
cell 53.018252877719185 33.001917157119415 0.0 1.0 1.0 1 0 0 0.0 1.0 0
cell 37.15222398976154 53.214239130971876 0.0 1.6431676725154984 0.6085806194501846 1 0 0 0.22073646681821676 -0.9753334876936248 5.838046310435467
cell 30.557964047458785 33.14963024416998 0.0 1.0 1.0 1 0 0 0.0 1.0 0
cell 4.2396852458779675 43.5771116500784 0.0 1.0 1.0 1 0 0 0.0 1.0 0
cell 45.65464912585093 52.2613372608046 0.0 1.0 1.0 1 0 0 0.0 1.0 0
cell 47.783859777143824 43.3244578164387 0.0 1.0 1.0 1 0 0 0.0 1.0 0
cell 47.045619794754046 31.71338261045492 0.0 1.0 1.0 1 0 0 0.0 1.0 0
cell 43.52001885282588 5.785402809231576 0.0 1.0 1.0 1 0 0 0.0 1.0 0
cell 10.06400736538673 43.308231932312665 0.0 1.0 1.0 1 0 0 0.0 1.0 0
cell 50.969823239348976 21.169713102411087 0.0 1.0 1.0 1 0 0 0.0 1.0 0
cell 54.22432279467088 55.00541523528535 0.0 1.0 1.0 1 0 0 0.0 1.0 0
cell 9.47593336829799 26.43820724006124 0.0 1.0 1.0 1 0 0 0.0 1.0 0
cell 35.10052090572615 53.226396129677724 0.0 1.6431676725154984 0.6085806194501846 1 0 0 0.150364309504398 -0.9886306562246923 5.981311784066766
cell 40.58409547310458 18.130247499390897 0.0 1.0 1.0 1 0 0 0.0 1.0 0
cell 19.8545138839318 5.617656149061825 0.0 1.0 1.0 1 0 0 0.0 1.0 0
cell 25.555864102385204 44.11452796238914 0.0 1.0 1.0 1 0 0 0.0 1.0 0
cell 0.45425138280364896 42.780071199406095 0.0 1.0 1.0 1 0 0 0.0 1.0 0
cell 38.68828708555269 53.459568742169566 0.0 1.0 1.0 1 0 0 0.0 1.0 0
cell 39.891445544217305 58.91764528584794 0.0 1.0 1.0 1 0 0 0.0 1.0 0
cell 37.90043441390922 16.628788800604347 0.0 1.0 1.0 1 0 0 0.0 1.0 0
cell 52.08615886424975 26.67889174027617 0.0 1.6431676725154984 0.6085806194501846 1 0 0 0.98630068114636 0.16495746836753494 2.8101628760411836
cell 47.520156110912254 5.315041783480932 0.0 1.0 1.0 1 0 0 0.0 1.0 0
cell 12.946353696581951 16.89617829143755 0.0 1.6431676725154984 0.6085806194501846 1 0 0 0.3960046446201587 0.918248507452782 0.8143233624476894
cell 57.34589300683822 54.00147772092654 0.0 1.0 1.0 1 0 0 0.0 1.0 0
cell 24.321571573532474 36.18280589564667 0.0 1.6431676725154984 0.6085806194501846 1 0 0 0.0010147780523152771 -0.9999994851126197 6.281155750726625
cell 36.572472693177055 28.708394656218793 0.0 1.0 1.0 1 0 0 0.0 1.0 0
cell 46.057244646285376 20.3663302004963 0.0 1.0 1.0 1 0 0 0.0 1.0 0
cell 41.69216468176082 49.01152548202211 0.0 1.6431676725154984 0.6085806194501846 1 0 0 0.1807307256240437 0.9835326150237249 0.3634587216842993
cell 28.08695782691064 15.10360651380405 0.0 1.0 1.0 1 0 0 0.0 1.0 0
cell 12.686959532631588 46.24069909582243 0.0 1.0 1.0 1 0 0 0.0 1.0 0
cell 19.471005198812424 37.07431131843981 0.0 1.0 1.0 1 0 0 0.0 1.0 0
cell 18.407889873689395 8.74123762547353 0.0 1.0 1.0 1 0 0 0.0 1.0 0
cell 30.025654414982125 50.226700835691766 0.0 1.6431676725154984 0.6085806194501846 1 0 0 0.13169628852269358 0.9912901127265153 0.2641599577837227
cell 48.1238147938703 33.62914471416716 0.0 1.6431676725154984 0.6085806194501846 1 0 0 0.7375405915524252 0.6753028030539326 1.6588422878060773
cell 19.23998811627722 38.62791801412803 0.0 1.6431676725154984 0.6085806194501846 1 0 0 0.9980354546670464 0.06265166580021665 3.0162072027631925
cell 25.907474901778254 23.137013095336766 0.0 1.0 1.0 1 0 0 0.0 1.0 0
cell 56.01305797730081 20.590098167523585 0.0 1.0 1.0 1 0 0 0.0 1.0 0
cell 45.63097877703363 13.912202297356952 0.0 1.0 1.0 1 0 0 0.0 1.0 0
cell 31.459066328870016 55.9533113396608 0.0 1.0 1.0 1 0 0 0.0 1.0 0
cell 53.579838742679925 23.451402807163078 0.0 1.0 1.0 1 0 0 0.0 1.0 0
cell 39.00552361079032 35.74708880063042 0.0 1.6431676725154984 0.6085806194501846 1 0 0 0.9998220936577846 -0.018862158777939578 3.1793192084366675
cell 4.640575605209718 33.196600810131855 0.0 1.0 1.0 1 0 0 0.0 1.0 0
cell 52.39701146983917 54.29890454775056 0.0 1.0 1.0 1 0 0 0.0 1.0 0
cell 37.33387691485507 33.655761395790904 0.0 1.6431676725154984 0.6085806194501846 1 0 0 -0.16893235333045756 -0.9856276477444378 0.3394927066543625
cell 9.366825882402972 38.36985867705798 0.0 1.6431676725154984 0.6085806194501846 1 0 0 -0.04843254493221824 -0.9988264556925736 0.09690299948541448
cell 25.835588000130723 8.9463888531661 0.0 1.0 1.0 1 0 0 0.0 1.0 0
cell 49.62837467148054 32.00247140535031 0.0 1.6431676725154984 0.6085806194501846 1 0 0 0.8569215337734757 0.5154468788879354 2.058534531861057
cell 20.870195894141556 7.040559142895933 0.0 1.0 1.0 1 0 0 0.0 1.0 0
cell 5.234118737328321 12.588724180387386 0.0 1.6431676725154984 0.6085806194501846 1 0 0 0.2703652661976041 0.9627578214867427 0.5475448139768959
cell 45.17098880458822 26.82464639764765 0.0 1.6431676725154984 0.6085806194501846 1 0 0 0.8582103647275466 0.5132981296227479 2.0635458039221115
cell 40.11509792233511 27.302335204277906 0.0 1.0 1.0 1 0 0 0.0 1.0 0
cell 24.361903802896343 4.1015207220084635 0.0 1.0 1.0 1 0 0 0.0 1.0 0
cell 16.935711003034783 58.30813513147959 0.0 1.0 1.0 1 0 0 0.0 1.0 0
cell 4.015368475858847 31.3355548605236 0.0 1.0 1.0 1 0 0 0.0 1.0 0
cell 2.2658406127467785 21.532033912880475 0.0 1.6431676725154984 0.6085806194501846 1 0 0 0.9993931332469448 -0.03483339229610712 3.2112735344223364
cell 25.096634335677724 24.581209613212774 0.0 1.0 1.0 1 0 0 0.0 1.0 0
cell 8.28956031475468 51.70638390522562 0.0 1.0 1.0 1 0 0 0.0 1.0 0
cell 51.33734003644622 49.821747966854396 0.0 1.0 1.0 1 0 0 0.0 1.0 0
cell 15.220012660369152 23.89046321389696 0.0 1.0 1.0 1 0 0 0.0 1.0 0
cell 55.603225149527994 46.46355344214661 0.0 1.0 1.0 1 0 0 0.0 1.0 0
cell 15.283349441815202 2.9377129153376442 0.0 1.0 1.0 1 0 0 0.0 1.0 0
cell 55.14499978557127 4.198394005968381 0.0 1.0 1.0 1 0 0 0.0 1.0 0
cell 12.744830363055662 30.84670986942322 0.0 1.0 1.0 1 0 0 0.0 1.0 0
cell 23.479948443230967 51.75899468240024 0.0 1.0 1.0 1 0 0 0.0 1.0 0
cell 35.34879832553352 18.379001356307047 0.0 1.0 1.0 1 0 0 0.0 1.0 0
cell 10.477629770584306 41.80608361396312 0.0 1.0 1.0 1 0 0 0.0 1.0 0
cell 53.23701162744108 44.0120435132047 0.0 1.0 1.0 1 0 0 0.0 1.0 0
cell 17.252892648451983 19.64980404031445 0.0 1.6431676725154984 0.6085806194501846 1 0 0 0.7655644473343531 0.6433592130199477 1.743836434055146
cell 47.15807313471856 48.61754387934864 0.0 1.0 1.0 1 0 0 0.0 1.0 0
cell 2.2429936218626585 35.91209355659845 0.0 1.0 1.0 1 0 0 0.0 1.0 0
cell 14.779044333470344 27.733607777290416 0.0 1.0 1.0 1 0 0 0.0 1.0 0
cell 7.102077288760066 48.3419003886363 0.0 1.6431676725154984 0.6085806194501846 1 0 0 0.5814776488282614 -0.8135623786245018 5.042097738844177
cell 18.74858382490269 35.83824800296895 0.0 1.6431676725154984 0.6085806194501846 1 0 0 -0.9285957313238387 -0.37109293683273625 2.3812212088051385
cell 10.071705415323311 48.74511829246158 0.0 1.0 1.0 1 0 0 0.0 1.0 0
cell 0.40254139657971916 31.52652967652043 0.0 1.0 1.0 1 0 0 0.0 1.0 0
cell 35.64820705481271 25.999767334946572 0.0 1.0 1.0 1 0 0 0.0 1.0 0
cell 19.073207730295426 43.14614429001607 0.0 1.0 1.0 1 0 0 0.0 1.0 0
cell 38.44370811015658 20.854037026300926 0.0 1.6431676725154984 0.6085806194501846 1 0 0 0.03522905840338818 0.9993792640654551 0.07047269905585843
cell 46.94590495309509 16.7268124466138 0.0 1.6431676725154984 0.6085806194501846 1 0 0 0.8612803017023716 0.508130142679483 2.075567902053928
cell 19.280102561928857 21.157716420431264 0.0 1.0 1.0 1 0 0 0.0 1.0 0
cell 49.428340295517245 44.58038655389009 0.0 1.0 1.0 1 0 0 0.0 1.0 0
cell 20.39954624080135 8.735040068497907 0.0 1.0 1.0 1 0 0 0.0 1.0 0
cell 56.230504890568795 32.24431052866901 0.0 1.0 1.0 1 0 0 0.0 1.0 0
cell 42.68983417612785 0.6149377419863153 0.0 1.0 1.0 1 0 0 0.0 1.0 0
cell 43.083855116237444 7.578500617893781 0.0 1.0 1.0 1 0 0 0.0 1.0 0
cell 43.124928761820435 19.676160136298655 0.0 1.0 1.0 1 0 0 0.0 1.0 0
cell 44.93918635128883 12.341072044499526 0.0 1.0 1.0 1 0 0 0.0 1.0 0
cell 41.547269643196344 55.513330712319025 0.0 1.0 1.0 1 0 0 0.0 1.0 0
cell 7.116027951105548 41.988947270613096 0.0 1.0 1.0 1 0 0 0.0 1.0 0
cell 48.83176759869275 52.096488071586585 0.0 1.0 1.0 1 0 0 0.0 1.0 0
cell 40.11796356090698 23.522932382697782 0.0 1.0 1.0 1 0 0 0.0 1.0 0
cell 24.123328754868723 22.837761807161513 0.0 1.0 1.0 1 0 0 0.0 1.0 0
cell 18.495887566834877 15.60733674729337 0.0 1.0 1.0 1 0 0 0.0 1.0 0
cell 32.23293073957679 53.17681527555948 0.0 1.6431676725154984 0.6085806194501846 1 0 0 0.02248220715708956 -0.9997472432376824 6.238217104129093
cell 56.45869506321473 43.31695219508492 0.0 1.0 1.0 1 0 0 0.0 1.0 0
cell 52.23334620982598 13.833443037336524 0.0 1.0 1.0 1 0 0 0.0 1.0 0
cell 39.89378915012053 44.682071604666845 0.0 1.6431676725154984 0.6085806194501846 1 0 0 0.5657752212412563 0.8245595181849564 1.2027462294918552
cell 18.92404695741231 57.997045377243644 0.0 1.0 1.0 1 0 0 0.0 1.0 0
cell 54.75421535494237 40.615824530585364 0.0 1.0 1.0 1 0 0 0.0 1.0 0
cell 5.525782604036637 35.04630685130943 0.0 1.0 1.0 1 0 0 0.0 1.0 0
cell 30.48598393691932 26.955406981922298 0.0 1.6431676725154984 0.6085806194501846 1 0 0 -0.3750787117584086 0.9269929665243705 5.514221939410257
cell 30.511356077389898 54.44381869967089 0.0 1.0 1.0 1 0 0 0.0 1.0 0
cell 6.195513262165542 58.94548692065062 0.0 1.6431676725154984 0.6085806194501846 1 0 0 0.6126348258311657 -0.7903660988294079 4.964405349794151
cell 48.454119473582935 13.996297485707597 0.0 1.6431676725154984 0.6085806194501846 1 0 0 0.9190653011455796 0.39410528064234956 2.331404378555726
cell 15.150501676942564 35.64701072898269 0.0 1.0 1.0 1 0 0 0.0 1.0 0
cell 46.38807793726192 53.815981883225355 0.0 1.0 1.0 1 0 0 0.0 1.0 0
cell 54.76618172595427 33.557081232781826 0.0 1.0 1.0 1 0 0 0.0 1.0 0
cell 38.07944310571737 4.256999815122103 0.0 1.0 1.0 1 0 0 0.0 1.0 0
cell 23.410792448789906 30.539658415588328 0.0 1.6431676725154984 0.6085806194501846 1 0 0 0.31748407521386524 -0.9482636036385647 5.63703508045426
cell 21.929576243217493 32.5183148387871 0.0 1.6431676725154984 0.6085806194501846 1 0 0 0.9745723567119968 0.2240730272318032 2.6896091065476484
cell 21.84449202861098 17.368521763234597 0.0 1.0 1.0 1 0 0 0.0 1.0 0
cell 3.6881685755137195 49.59874309796048 0.0 1.0 1.0 1 0 0 0.0 1.0 0
cell 34.48884750866535 19.838946589817635 0.0 1.0 1.0 1 0 0 0.0 1.0 0
cell 49.144303730199546 48.68271639370453 0.0 1.0 1.0 1 0 0 0.0 1.0 0
cell 57.60176263436507 30.96425288439363 0.0 1.0 1.0 1 0 0 0.0 1.0 0
cell 43.90045006377501 14.14277545444733 0.0 1.0 1.0 1 0 0 0.0 1.0 0
cell 40.840949084819385 9.90267146049453 0.0 1.0 1.0 1 0 0 0.0 1.0 0
cell 53.10381664486957 58.221588071670645 0.0 1.0 1.0 1 0 0 0.0 1.0 0
cell 21.050649705139875 21.263366866416543 0.0 1.0 1.0 1 0 0 0.0 1.0 0
cell 48.86960937080511 8.046495186545874 0.0 1.6431676725154984 0.6085806194501846 1 0 0 0.5178987876925346 0.8554419008364057 1.0887856608231372
cell 48.612627180273066 39.43377457508198 0.0 1.6431676725154984 0.6085806194501846 1 0 0 0.29688358807892307 -0.954913679412639 5.6803304325489465
cell 11.091029114051452 47.30174565069051 0.0 1.6431676725154984 0.6085806194501846 1 0 0 0.031019181153482504 0.9995187894184718 0.06204831539493812
cell 37.82240208180024 54.83779483819464 0.0 1.0 1.0 1 0 0 0.0 1.0 0
cell 16.623186439477518 28.483162333789306 0.0 1.0 1.0 1 0 0 0.0 1.0 0
cell 2.995456012001722 52.648466344081754 0.0 1.0 1.0 1 0 0 0.0 1.0 0
cell 22.147264104378607 22.588929569649636 0.0 1.0 1.0 1 0 0 0.0 1.0 0
cell 31.595204736970373 57.667279000314835 0.0 1.0 1.0 1 0 0 0.0 1.0 0
cell 34.46526860788137 32.47367284887877 0.0 1.0 1.0 1 0 0 0.0 1.0 0
cell 23.831819120319672 45.77896056830217 0.0 1.0 1.0 1 0 0 0.0 1.0 0
cell 20.795290601245878 12.359239801887615 0.0 1.0 1.0 1 0 0 0.0 1.0 0
cell 52.58477104695586 21.862453993528145 0.0 1.0 1.0 1 0 0 0.0 1.0 0
cell 48.01781427429561 54.99395479427018 0.0 1.0 1.0 1 0 0 0.0 1.0 0
cell 1.7307947223253193 41.59736411690901 0.0 1.0 1.0 1 0 0 0.0 1.0 0
cell 52.88143667446562 17.887237250883125 0.0 1.0 1.0 1 0 0 0.0 1.0 0
cell 16.43498186808162 32.79528939216586 0.0 1.0 1.0 1 0 0 0.0 1.0 0
cell 33.17420685745836 58.51686757564454 0.0 1.0 1.0 1 0 0 0.0 1.0 0
cell 13.168756487282275 2.6234742247713156 0.0 1.6431676725154984 0.6085806194501846 1 0 0 0.856337720870371 -0.5164162156773726 4.226913916015718
cell 11.209851762095886 27.38618199406503 0.0 1.0 1.0 1 0 0 0.0 1.0 0
cell 43.115856022787284 28.72733520713991 0.0 1.6431676725154984 0.6085806194501846 1 0 0 0.9546334054010679 0.29778358130085053 2.536852529493571
cell 9.050697290524916 35.31340524564481 0.0 1.0 1.0 1 0 0 0.0 1.0 0
cell 52.834607887030316 52.30399559858042 0.0 1.6431676725154984 0.6085806194501846 1 0 0 -0.31541916872650605 0.9489524477021385 5.641388629267103
cell 55.50372169189748 53.43296994298576 0.0 1.0 1.0 1 0 0 0.0 1.0 0
cell 24.42634171593301 40.049563165130266 0.0 1.6431676725154984 0.6085806194501846 1 0 0 0.9694008138876626 -0.24548332333162104 3.637629134672333
cell 36.12252454925191 6.769937683351686 0.0 1.0 1.0 1 0 0 0.0 1.0 0
cell 12.16452583645614 23.623006114611197 0.0 1.6431676725154984 0.6085806194501846 1 0 0 -0.3397382496068776 -0.9405200273008837 0.6932771592632498
cell 32.78056725244571 20.321870781129235 0.0 1.0 1.0 1 0 0 0.0 1.0 0
cell 56.27617265631646 2.858315549859701 0.0 1.6431676725154984 0.6085806194501846 1 0 0 0.8481037905658647 -0.5298301241226399 4.258393157582722
cell 4.494110975101431 26.146849335739866 0.0 1.0 1.0 1 0 0 0.0 1.0 0
cell 53.30243243651066 1.0961982690074838 0.0 1.0 1.0 1 0 0 0.0 1.0 0
cell 41.87244167179071 11.256515007663628 0.0 1.0 1.0 1 0 0 0.0 1.0 0
cell 21.59315792235577 51.03055056331896 0.0 1.0 1.0 1 0 0 0.0 1.0 0
cell 54.22242592515473 47.684811274691135 0.0 1.0 1.0 1 0 0 0.0 1.0 0
cell 29.022272367109494 31.774582811789838 0.0 1.0 1.0 1 0 0 0.0 1.0 0
cell 31.385066699703035 0.34080327152859485 0.0 1.0 1.0 1 0 0 0.0 1.0 0
cell 46.21517427031076 21.89025126721547 0.0 1.0 1.0 1 0 0 0.0 1.0 0
cell 6.0882943925447774 43.5525993347291 0.0 1.0 1.0 1 0 0 0.0 1.0 0
cell 32.75464047257405 25.47402116383697 0.0 1.6431676725154984 0.6085806194501846 1 0 0 0.40103766733257606 -0.9160615641868433 5.457886679077942
cell 58.89464252360197 38.80445528905816 0.0 1.6431676725154984 0.6085806194501846 1 0 0 0.10043910592737779 0.9949432074246796 0.20121749805076009
cell 10.755954572253588 30.6891077460321 0.0 1.0 1.0 1 0 0 0.0 1.0 0
cell 38.969719821229596 18.1540337731622 0.0 1.0 1.0 1 0 0 0.0 1.0 0
cell 40.88911653761765 25.15047278424501 0.0 1.0 1.0 1 0 0 0.0 1.0 0
cell 3.7466141438935665 35.00972107373982 0.0 1.0 1.0 1 0 0 0.0 1.0 0
cell 31.015385199727397 5.825483458174733 0.0 1.0 1.0 1 0 0 0.0 1.0 0
cell 37.725262843769045 43.655170263886426 0.0 1.6431676725154984 0.6085806194501846 1 0 0 0.251776562274138 0.9677853908224783 0.5090310332599634
cell 24.789795496251593 15.796802180759284 0.0 1.0 1.0 1 0 0 0.0 1.0 0
cell 29.50223451522779 3.0724787831354607 0.0 1.0 1.0 1 0 0 0.0 1.0 0
cell 20.816178077186258 42.898371534084156 0.0 1.0 1.0 1 0 0 0.0 1.0 0
cell 30.986484559437017 30.088027223376255 0.0 1.0 1.0 1 0 0 0.0 1.0 0
cell 51.61548035614514 0.17972221879735642 0.0 1.0 1.0 1 0 0 0.0 1.0 0
cell 14.170782197565362 42.95119921138583 0.0 1.0 1.0 1 0 0 0.0 1.0 0
cell 9.799830357921584 39.39911010170347 0.0 1.6431676725154984 0.6085806194501846 1 0 0 0.06034496320043545 -0.9981775821046764 6.16242201146489
cell 38.765399307384136 56.19624593006991 0.0 1.0 1.0 1 0 0 0.0 1.0 0
cell 53.25945227665417 27.91847428617046 0.0 1.0 1.0 1 0 0 0.0 1.0 0
cell 15.110076964709604 19.264174990321354 0.0 1.6431676725154984 0.6085806194501846 1 0 0 0.4981503851222806 0.8670906491264472 1.04292867567057
cell 38.60733205104301 24.20200549244971 0.0 1.0 1.0 1 0 0 0.0 1.0 0
cell 28.763209712084592 35.11344023841948 0.0 1.6431676725154984 0.6085806194501846 1 0 0 0.5006056998312045 -0.8656754202912949 5.234588669493953
cell 49.455048573843236 56.54231304832557 0.0 1.0 1.0 1 0 0 0.0 1.0 0
cell 43.70351938304 45.003091621969524 0.0 1.0 1.0 1 0 0 0.0 1.0 0
cell 16.079935413210197 18.893519510090492 0.0 1.6431676725154984 0.6085806194501846 1 0 0 0.6069622806633619 0.7947306398094454 1.304465320773579
cell 7.489400096492265 40.06202479557835 0.0 1.6431676725154984 0.6085806194501846 1 0 0 0.30903944667428607 0.951049220807867 0.6283657463882543
cell 18.440592649364024 45.02452313497544 0.0 1.0 1.0 1 0 0 0.0 1.0 0
cell 29.395026845413042 4.931342875280674 0.0 1.0 1.0 1 0 0 0.0 1.0 0
cell 50.44452724169747 53.05642921280815 0.0 1.0 1.0 1 0 0 0.0 1.0 0
cell 27.09031565923751 31.40726699318836 0.0 1.0 1.0 1 0 0 0.0 1.0 0
cell 36.33841214600889 19.853577243799368 0.0 1.0 1.0 1 0 0 0.0 1.0 0
cell 30.94509831152869 9.464982430811475 0.0 1.0 1.0 1 0 0 0.0 1.0 0
cell 26.32901595650893 14.598844881116289 0.0 1.0 1.0 1 0 0 0.0 1.0 0
cell 26.01633216308607 5.026114039086706 0.0 1.0 1.0 1 0 0 0.0 1.0 0
cell 6.821851858515252 23.242006437887476 0.0 1.0 1.0 1 0 0 0.0 1.0 0
cell 54.662130357801274 26.49526192136653 0.0 1.0 1.0 1 0 0 0.0 1.0 0
cell 45.643205049654554 28.63725397029671 0.0 1.0 1.0 1 0 0 0.0 1.0 0
cell 24.43690104658581 34.764115321874016 0.0 1.6431676725154984 0.6085806194501846 1 0 0 0.24028870982579784 0.9707014659153728 0.485326528011307
cell 48.46401035444563 10.549629281611667 0.0 1.6431676725154984 0.6085806194501846 1 0 0 0.9504745743481439 0.31080232225277016 2.509518565338201
cell 41.74892196401409 23.336830462471276 0.0 1.0 1.0 1 0 0 0.0 1.0 0
cell 40.28121633231851 14.648269451067039 0.0 1.0 1.0 1 0 0 0.0 1.0 0
cell 31.13872462641156 3.9582906205688086 0.0 1.0 1.0 1 0 0 0.0 1.0 0
cell 3.1635629174555446 16.34422582147642 0.0 1.6431676725154984 0.6085806194501846 1 0 0 0.08624312200097559 0.9962741208661022 0.17270078474297457
cell 23.509434704248722 54.057463380728 0.0 1.0 1.0 1 0 0 0.0 1.0 0
cell 40.26072422572013 53.30271510855627 0.0 1.0 1.0 1 0 0 0.0 1.0 0
cell 58.84483027497707 45.87498652859302 0.0 1.0 1.0 1 0 0 0.0 1.0 0
cell 4.657436922947839 28.10994257850409 0.0 1.0 1.0 1 0 0 0.0 1.0 0
cell 17.54507612236849 7.0966328993419925 0.0 1.6431676725154984 0.6085806194501846 1 0 0 0.9992111563106653 0.03971227901170247 3.0621472044538525
cell 36.91048680418654 49.15841665030826 0.0 1.0 1.0 1 0 0 0.0 1.0 0
cell 42.327401446585554 56.82326272526605 0.0 1.0 1.0 1 0 0 0.0 1.0 0
cell 52.49281926252524 29.633003453631567 0.0 1.0 1.0 1 0 0 0.0 1.0 0
cell 14.7601910359157 22.258296248641376 0.0 1.6431676725154984 0.6085806194501846 1 0 0 -0.39642017536126856 -0.9180691937792821 0.8152285015393375
cell 33.24113391613644 13.945146518938085 0.0 1.0 1.0 1 0 0 0.0 1.0 0
cell 25.9358096151345 6.956807308808771 0.0 1.0 1.0 1 0 0 0.0 1.0 0
cell 49.02308117563401 1.1138549321417803 0.0 1.6431676725154984 0.6085806194501846 1 0 0 0.6756644596003681 0.7372092905226728 1.4837312956175306
cell 32.82999676307864 29.327958546523593 0.0 1.0 1.0 1 0 0 0.0 1.0 0
cell 12.976517622014233 40.66114285945534 0.0 1.6431676725154984 0.6085806194501846 1 0 0 0.8981306969522271 0.43972861084094433 2.230999693759451
cell 19.48954711909968 10.500544468962934 0.0 1.0 1.0 1 0 0 0.0 1.0 0
cell 0.5244531214398169 34.06523005658283 0.0 1.6431676725154984 0.6085806194501846 1 0 0 0.7844161916397946 0.6202348251213576 1.803508592180752
cell 3.62410745856394 10.150978836656424 0.0 1.6431676725154984 0.6085806194501846 1 0 0 0.7273323156395397 0.686285438157058 1.628853531024932
cell 7.053477450704782 30.185204002149177 0.0 1.0 1.0 1 0 0 0.0 1.0 0
cell 12.876890750428563 36.8134666326157 0.0 1.0 1.0 1 0 0 0.0 1.0 0
cell 8.779565643700268 1.7256411754740035 0.0 1.6431676725154984 0.6085806194501846 1 0 0 0.916184323769848 0.40075713952266195 2.3169064494200367
cell 12.472507724455298 25.002419730833704 0.0 1.6431676725154984 0.6085806194501846 1 0 0 -0.28638725592138353 -0.9581139491969731 0.580908036700591
cell 43.66750871290173 17.760768684310243 0.0 1.0 1.0 1 0 0 0.0 1.0 0
cell 28.241640292431025 20.617794800785397 0.0 1.0 1.0 1 0 0 0.0 1.0 0
cell 25.797119990383674 28.43221176533423 0.0 1.6431676725154984 0.6085806194501846 1 0 0 0.2098185228862761 -0.9777403476658929 5.860406612456417
cell 24.139758238736952 25.84371039751802 0.0 1.0 1.0 1 0 0 0.0 1.0 0
cell 32.72993884912874 12.045417753756567 0.0 1.0 1.0 1 0 0 0.0 1.0 0
cell 39.731607608870945 1.7829617025701632 0.0 1.0 1.0 1 0 0 0.0 1.0 0
cell 25.206294077204262 17.35532894684808 0.0 1.6431676725154984 0.6085806194501846 1 0 0 0.09741607929628655 0.9952437427557832 0.19514163808021273
cell 15.527860903082525 41.05453791707827 0.0 1.6431676725154984 0.6085806194501846 1 0 0 0.994779233347332 0.10205036453092423 2.9371359936975026
cell 31.472521105031237 36.13379263662549 0.0 1.6431676725154984 0.6085806194501846 1 0 0 0.10100671697444195 -0.9948857437545504 6.080826784356155
cell 50.473832653226275 37.57169461989767 0.0 1.6431676725154984 0.6085806194501846 1 0 0 0.1525336618996896 -0.9882982758193354 5.976922447678609
cell 47.8117547662097 21.628677342638607 0.0 1.6431676725154984 0.6085806194501846 1 0 0 0.8009688512970521 0.5987060207245963 1.8578234258083297
cell 22.56521351446679 3.4852172423327388 0.0 1.0 1.0 1 0 0 0.0 1.0 0
cell 34.40381705202656 17.043397636620327 0.0 1.0 1.0 1 0 0 0.0 1.0 0
cell 54.85175858351563 22.229240566168695 0.0 1.0 1.0 1 0 0 0.0 1.0 0
cell 11.971829626384702 55.29436405197627 0.0 1.0 1.0 1 0 0 0.0 1.0 0
cell 13.238996903556401 52.0882769692458 0.0 1.0 1.0 1 0 0 0.0 1.0 0
cell 31.27370125049655 2.1496899805033776 0.0 1.0 1.0 1 0 0 0.0 1.0 0
cell 26.93741380330598 52.88976489189974 0.0 1.0 1.0 1 0 0 0.0 1.0 0
cell 27.246856220173402 40.666504559221934 0.0 1.6431676725154984 0.6085806194501846 1 0 0 0.9896887136226502 -0.14323494729968614 3.429051251689745
cell 56.838313984178335 5.684241477979754 0.0 1.6431676725154984 0.6085806194501846 1 0 0 0.10633478612521048 -0.994330384359095 6.070112902975625
cell 15.28637191115891 16.127339029783457 0.0 1.6431676725154984 0.6085806194501846 1 0 0 0.452688760076253 0.8916685967895386 0.9395569286309169
cell 10.103812845231687 54.55485335485532 0.0 1.0 1.0 1 0 0 0.0 1.0 0
cell 52.34741901598138 31.228545077541646 0.0 1.0 1.0 1 0 0 0.0 1.0 0
cell 48.63790136245189 35.58663626441843 0.0 1.0 1.0 1 0 0 0.0 1.0 0
cell 52.06057546430344 6.792880731873391 0.0 1.0 1.0 1 0 0 0.0 1.0 0
cell 32.581326614518645 27.516560979821488 0.0 1.0 1.0 1 0 0 0.0 1.0 0
cell 32.16141184453067 49.99568821030831 0.0 1.6431676725154984 0.6085806194501846 1 0 0 0.2152347078287328 0.9765623485194789 0.4338643286657825
cell 18.40681856218839 52.27235890830833 0.0 1.0 1.0 1 0 0 0.0 1.0 0
cell 0.2888779116561405 47.789849755052245 0.0 1.0 1.0 1 0 0 0.0 1.0 0
cell 6.212926747577673 14.39947711397262 0.0 1.6431676725154984 0.6085806194501846 1 0 0 0.3266781210932054 0.9451356543898939 0.6655734383457006
cell 6.069539423370052 40.72798761871197 0.0 1.6431676725154984 0.6085806194501846 1 0 0 -0.10297617250182507 -0.9946838230799143 0.20631808255320472
cell 8.783670700361249 41.96997531778162 0.0 1.0 1.0 1 0 0 0.0 1.0 0
cell 36.69594244740594 15.111479357640158 0.0 1.0 1.0 1 0 0 0.0 1.0 0
cell 52.55805079496576 38.933388891674554 0.0 1.0 1.0 1 0 0 0.0 1.0 0
cell 47.18533618695911 10.225781373276496 0.0 1.6431676725154984 0.6085806194501846 1 0 0 0.8875879245772248 0.46063833551355104 2.1841641646859693
cell 7.0677474320793285 44.936523886562284 0.0 1.0 1.0 1 0 0 0.0 1.0 0
cell 30.409494279801443 23.167416476424794 0.0 1.0 1.0 1 0 0 0.0 1.0 0
cell 13.685266832646134 34.47222156087381 0.0 1.6431676725154984 0.6085806194501846 1 0 0 0.7082020110171311 -0.706009852333019 4.709288798601235
cell 36.37555044659467 3.2053802029024956 0.0 1.0 1.0 1 0 0 0.0 1.0 0
cell 18.442963426769435 4.27594701062571 0.0 1.0 1.0 1 0 0 0.0 1.0 0
cell 41.355838667371216 50.072792426786705 0.0 1.6431676725154984 0.6085806194501846 1 0 0 0.3066507613395973 0.9518221002739143 0.6233445259756387
cell 31.020588827153084 11.26114272640954 0.0 1.0 1.0 1 0 0 0.0 1.0 0
cell 40.304572446646894 56.966497153498345 0.0 1.0 1.0 1 0 0 0.0 1.0 0
cell 50.75692199354732 15.191030653204407 0.0 1.0 1.0 1 0 0 0.0 1.0 0
cell 47.06344351085672 29.73982792064319 0.0 1.0 1.0 1 0 0 0.0 1.0 0
cell 26.669270300007344 16.466850494478365 0.0 1.0 1.0 1 0 0 0.0 1.0 0
cell 25.474014827906444 54.51031898518443 0.0 1.0 1.0 1 0 0 0.0 1.0 0
cell 32.52572620989216 43.17530716508921 0.0 1.6431676725154984 0.6085806194501846 1 0 0 0.06489225553752942 0.9978922763361043 0.12987577131530872
cell 5.3367291984064735 38.985455807333466 0.0 1.6431676725154984 0.6085806194501846 1 0 0 -0.3797128091778437 -0.9251044171045074 0.7789716703348111
cell 20.95613405340466 35.72164455984695 0.0 1.0 1.0 1 0 0 0.0 1.0 0
cell 21.906028338830094 28.76404301768433 0.0 1.6431676725154984 0.6085806194501846 1 0 0 -0.42827605876534497 -0.9036479499719029 0.8851683098846381
cell 28.60176154030915 39.60971724285504 0.0 1.6431676725154984 0.6085806194501846 1 0 0 0.9997610973457707 0.021857452595862564 3.0978742668630734
cell 22.639332389946684 11.583801432192057 0.0 1.0 1.0 1 0 0 0.0 1.0 0
cell 2.895524333385512 15.064296192154437 0.0 1.6431676725154984 0.6085806194501846 1 0 0 0.1615204786928379 0.9868693606363694 0.32446233708299005
cell 17.204128816509325 24.25785146403028 0.0 1.6431676725154984 0.6085806194501846 1 0 0 0.3979519822450969 0.9174062457969195 0.8185667244219187
cell 29.06760011983288 45.331205667601914 0.0 1.0 1.0 1 0 0 0.0 1.0 0
cell 49.55789468653303 18.391350425874318 0.0 1.0 1.0 1 0 0 0.0 1.0 0
cell 22.442785991979687 8.91413545767088 0.0 1.0 1.0 1 0 0 0.0 1.0 0
cell 29.199862915132293 48.81784707478952 0.0 1.6431676725154984 0.6085806194501846 1 0 0 0.20261612700893317 0.9792582422813197 0.4080574508832588
cell 4.882218406217167 8.200869286855536 0.0 1.6431676725154984 0.6085806194501846 1 0 0 0.6923475504554976 0.721564182438591 1.5294748298663052
cell 56.56918184089263 23.850713474052537 0.0 1.6431676725154984 0.6085806194501846 1 0 0 0.9513941090264173 0.3079760531434702 2.5154627549734885
cell 48.15847764728745 50.24183628316148 0.0 1.0 1.0 1 0 0 0.0 1.0 0
cell 22.929693647515748 57.58392610893913 0.0 1.0 1.0 1 0 0 0.0 1.0 0
cell 16.42443595472958 4.579545876329743 0.0 1.0 1.0 1 0 0 0.0 1.0 0
cell 41.0284969957287 37.119376695581046 0.0 1.0 1.0 1 0 0 0.0 1.0 0
cell 27.136488612098834 45.13470557956371 0.0 1.0 1.0 1 0 0 0.0 1.0 0
cell 24.58480383225101 2.239334512241352 0.0 1.0 1.0 1 0 0 0.0 1.0 0
cell 23.85586415189229 43.77434877477257 0.0 1.0 1.0 1 0 0 0.0 1.0 0
cell 36.60212945662799 30.152744372279706 0.0 1.6431676725154984 0.6085806194501846 1 0 0 0.9703883244130265 0.24155020149624998 2.6536665724838513
cell 41.210529711255965 8.09632640772804 0.0 1.0 1.0 1 0 0 0.0 1.0 0
cell 22.560203180899467 26.198086875692045 0.0 1.0 1.0 1 0 0 0.0 1.0 0
cell 51.06982747454414 38.43014526674459 0.0 1.6431676725154984 0.6085806194501846 1 0 0 0.2702304110372746 -0.962795681830068 5.73592063116796
cell 6.600052943699942 33.401088048680506 0.0 1.0 1.0 1 0 0 0.0 1.0 0
cell 34.70623698500237 15.335016579357866 0.0 1.0 1.0 1 0 0 0.0 1.0 0
cell 38.94536404553054 50.701735376972486 0.0 1.6431676725154984 0.6085806194501846 1 0 0 0.21512570031659592 0.9765863674367435 0.43364108399192197
cell 18.652351862702165 19.259483425214093 0.0 1.0 1.0 1 0 0 0.0 1.0 0
cell 29.20490309524532 8.659217666980519 0.0 1.0 1.0 1 0 0 0.0 1.0 0
cell 20.224122159960817 52.62682824630824 0.0 1.0 1.0 1 0 0 0.0 1.0 0
cell 26.80416196667713 33.82335575170959 0.0 1.6431676725154984 0.6085806194501846 1 0 0 0.9993950879986399 0.03477726389742168 3.072024097611027
cell 7.289338316197464 35.119423157958366 0.0 1.0 1.0 1 0 0 0.0 1.0 0
cell 29.248221593380173 51.57106408780045 0.0 1.6431676725154984 0.6085806194501846 1 0 0 -0.10827472619614537 0.9941210105752467 6.066210490353626
cell 44.32322606356759 21.36594890578661 0.0 1.0 1.0 1 0 0 0.0 1.0 0
cell 30.975601590732197 28.3998201886014 0.0 1.0 1.0 1 0 0 0.0 1.0 0
cell 41.13567008211748 30.38325563272907 0.0 1.0 1.0 1 0 0 0.0 1.0 0
cell 42.184652511971024 17.94866395557977 0.0 1.0 1.0 1 0 0 0.0 1.0 0
cell 25.50037580717766 38.45255442365516 0.0 1.6431676725154984 0.6085806194501846 1 0 0 0.9656211173642251 0.25995356835455335 2.6156444178858704
cell 51.73410957158095 4.92320120812706 0.0 1.0 1.0 1 0 0 0.0 1.0 0
cell 36.41155203889107 45.33668700759237 0.0 1.6431676725154984 0.6085806194501846 1 0 0 0.18503886469442193 0.9827312036119538 0.3722228196363187
cell 29.928925908517336 56.65501449694649 0.0 1.0 1.0 1 0 0 0.0 1.0 0
cell 11.27105348794861 37.26680139648303 0.0 1.0 1.0 1 0 0 0.0 1.0 0
cell 58.015282000515576 39.90643787222239 0.0 1.6431676725154984 0.6085806194501846 1 0 0 0.07189254148689707 -0.9974123833593379 6.139276075472093
cell 45.610198232975165 10.488387041567885 0.0 1.0 1.0 1 0 0 0.0 1.0 0
cell 21.267130518767395 34.09167898419835 0.0 1.6431676725154984 0.6085806194501846 1 0 0 0.9904009713310347 -0.13822415124189774 3.418928911475131
cell 16.741844368544026 12.41776904478859 0.0 1.0 1.0 1 0 0 0.0 1.0 0
cell 20.4127019620651 31.828574123919314 0.0 1.0 1.0 1 0 0 0.0 1.0 0
cell 25.02339806378025 52.711414764234505 0.0 1.0 1.0 1 0 0 0.0 1.0 0
cell 27.749345635696674 4.03178449430357 0.0 1.0 1.0 1 0 0 0.0 1.0 0
cell 42.61212028629921 9.40970503823199 0.0 1.0 1.0 1 0 0 0.0 1.0 0
cell 44.9786299523627 35.018976941469944 0.0 1.0 1.0 1 0 0 0.0 1.0 0
cell 22.113505665670914 19.61455135110565 0.0 1.0 1.0 1 0 0 0.0 1.0 0
cell 51.08606853303888 23.152936824201014 0.0 1.0 1.0 1 0 0 0.0 1.0 0
cell 23.9542117778888 33.29486005477773 0.0 1.6431676725154984 0.6085806194501846 1 0 0 0.9998149034264379 -0.019239513673241223 3.1800740552241042
cell 27.548588822002547 47.017290763505045 0.0 1.0 1.0 1 0 0 0.0 1.0 0
cell 50.51531006761039 35.497233684192835 0.0 1.0 1.0 1 0 0 0.0 1.0 0
cell 58.23466061620951 21.148003116150104 0.0 1.6431676725154984 0.6085806194501846 1 0 0 0.9992258291948527 0.03934135571963732 3.062889631241379
cell 44.46259807704782 9.00130036424539 0.0 1.0 1.0 1 0 0 0.0 1.0 0
cell 16.528072006580192 21.981912216896827 0.0 1.6431676725154984 0.6085806194501846 1 0 0 0.5963393053582097 0.8027324790270343 1.277866099553152
cell 22.883484002853976 38.436585481847615 0.0 1.6431676725154984 0.6085806194501846 1 0 0 -0.005729161986224148 0.9999835882167945 6.271726920522884
cell 36.63380190271383 50.7544963386009 0.0 1.6431676725154984 0.6085806194501846 1 0 0 0.166519485461516 0.9860381640492583 0.33459762423219236
cell 56.62928914778897 27.20191784579538 0.0 1.0 1.0 1 0 0 0.0 1.0 0
cell 49.77032349130785 33.94212109955194 0.0 1.0 1.0 1 0 0 0.0 1.0 0
cell 54.860537034628635 0.22829201036419067 0.0 1.0 1.0 1 0 0 0.0 1.0 0
cell 37.04386416237616 38.84717500473617 0.0 1.6431676725154984 0.6085806194501846 1 0 0 0.9999204514489635 -0.012613119126569452 3.166819560767784
cell 56.383209952554125 58.278212914520935 0.0 1.0 1.0 1 0 0 0.0 1.0 0
cell 23.13954770713811 24.310018387052313 0.0 1.0 1.0 1 0 0 0.0 1.0 0
cell 47.26997301056006 19.449508763049863 0.0 1.6431676725154984 0.6085806194501846 1 0 0 0.6896767805425679 0.7241173512493944 1.522085188891264
cell 35.97870559107314 36.50059257238802 0.0 1.6431676725154984 0.6085806194501846 1 0 0 0.9559408131452083 0.2935594688700706 2.545696165102426
cell 15.279969436382085 9.903442553738794 0.0 1.6431676725154984 0.6085806194501846 1 0 0 0.8288110788802432 0.5595285475517467 1.9539589317919537
cell 49.35881326654993 40.9367804455997 0.0 1.6431676725154984 0.6085806194501846 1 0 0 -0.07479502217941396 -0.9971989293301418 0.14972987179991204
cell 27.658712317634283 5.943134221811372 0.0 1.0 1.0 1 0 0 0.0 1.0 0
cell 7.737672731490776 19.21091893443431 0.0 1.6431676725154984 0.6085806194501846 1 0 0 0.5283238569328219 0.8490429330697166 1.1132503883232785
cell 12.858244283582719 28.175554126928347 0.0 1.0 1.0 1 0 0 0.0 1.0 0
cell 9.95523956718183 50.6076521367881 0.0 1.0 1.0 1 0 0 0.0 1.0 0
cell 43.44469528778211 33.44282900270782 0.0 1.6431676725154984 0.6085806194501846 1 0 0 0.9668498936674785 0.25534541921715664 2.625182755851584
cell 32.60351843688391 33.111505253183374 0.0 1.0 1.0 1 0 0 0.0 1.0 0
cell 44.138598608663614 29.901140887878643 0.0 1.0 1.0 1 0 0 0.0 1.0 0
cell 12.168693920331252 35.44342856712188 0.0 1.0 1.0 1 0 0 0.0 1.0 0
cell 39.79239477931492 3.540838157734091 0.0 1.0 1.0 1 0 0 0.0 1.0 0
cell 14.199671253075078 36.88523495312413 0.0 1.6431676725154984 0.6085806194501846 1 0 0 -0.6183491837355033 0.7859034845155204 4.9499044473305105
cell 34.74689791032857 35.48400609155523 0.0 1.6431676725154984 0.6085806194501846 1 0 0 -0.02678062993826527 0.9996413346096237 6.229617642860831
cell 32.74661150831486 4.9091578377005 0.0 1.0 1.0 1 0 0 0.0 1.0 0
cell 16.123705587866212 14.76099235783649 0.0 1.6431676725154984 0.6085806194501846 1 0 0 0.6432908822693498 0.7656218654068871 1.3975777154558582
cell 50.505556448363556 28.748260597498188 0.0 1.6431676725154984 0.6085806194501846 1 0 0 0.8079106506181326 0.589304997957582 1.88119600471087
cell 12.949554144578896 8.026293490811165 0.0 1.6431676725154984 0.6085806194501846 1 0 0 0.6347884973302248 0.7726859411541245 1.3754695305398
cell 21.363152518913342 10.470998386574824 0.0 1.0 1.0 1 0 0 0.0 1.0 0
cell 45.16605699959508 50.62452096076921 0.0 1.0 1.0 1 0 0 0.0 1.0 0
cell 46.072010944123164 24.17601659209682 0.0 1.6431676725154984 0.6085806194501846 1 0 0 0.8788592133142168 0.4770812123451478 2.1469314582118817
cell 9.688804135171406 28.418947290710665 0.0 1.0 1.0 1 0 0 0.0 1.0 0
cell 17.00523468036461 17.06240407108982 0.0 1.6431676725154984 0.6085806194501846 1 0 0 0.7478675552503382 0.6638479643742853 1.6896879826957332
cell 14.240547538681817 8.773294558106057 0.0 1.6431676725154984 0.6085806194501846 1 0 0 0.7158162603840815 0.6982886805396095 1.5955847025697334
cell 41.49464859982634 28.48796019669806 0.0 1.0 1.0 1 0 0 0.0 1.0 0
cell 51.75721646437245 45.32880931769992 0.0 1.0 1.0 1 0 0 0.0 1.0 0
cell 31.756977678529363 39.8502057551071 0.0 1.6431676725154984 0.6085806194501846 1 0 0 0.9999818495834315 -0.006024989933542383 3.1536427063614587
cell 43.94474501859146 55.98276984304671 0.0 1.6431676725154984 0.6085806194501846 1 0 0 0.2826202885157376 0.9592318658798201 0.5730493342604681
cell 2.052828539017415 30.922558808175513 0.0 1.0 1.0 1 0 0 0.0 1.0 0
cell 30.28281125380959 40.83276488627976 0.0 1.6431676725154984 0.6085806194501846 1 0 0 0.9955299116973868 -0.09444678351216211 3.330768181809959
cell 7.935642226666742 36.95554749426153 0.0 1.0 1.0 1 0 0 0.0 1.0 0
cell 15.283774956866065 58.03952337563682 0.0 1.6431676725154984 0.6085806194501846 1 0 0 0.7591096155738761 0.6509628188639364 1.7238884517429873
cell 12.770541388669628 39.33342201828156 0.0 1.6431676725154984 0.6085806194501846 1 0 0 0.12011876419445537 -0.9927595290342958 6.042366283371603
cell 1.5732290314234973 29.01273949633456 0.0 1.0 1.0 1 0 0 0.0 1.0 0
cell 38.488891460056855 14.91921147949911 0.0 1.0 1.0 1 0 0 0.0 1.0 0
cell 34.693277929380585 50.83002423449563 0.0 1.6431676725154984 0.6085806194501846 1 0 0 -0.3276641002976031 -0.944794283098793 0.6676602439894186
cell 12.000978487609988 43.10886335276734 0.0 1.0 1.0 1 0 0 0.0 1.0 0
cell 24.9671534653729 32.12101084865577 0.0 1.6431676725154984 0.6085806194501846 1 0 0 -0.9887747020536862 0.14941415119942328 3.441544146446409
cell 37.584749575089695 9.532385200818437 0.0 1.0 1.0 1 0 0 0.0 1.0 0
cell 47.550251789130485 38.834846050226666 0.0 1.6431676725154984 0.6085806194501846 1 0 0 0.3170408182472899 -0.9484118934118704 5.637969888668306
cell 32.657649774699415 6.70986701276602 0.0 1.0 1.0 1 0 0 0.0 1.0 0
cell 48.123486231459324 18.31378084107938 0.0 1.6431676725154984 0.6085806194501846 1 0 0 0.6587979977703116 0.7523198775347016 1.4384398266506286
cell 55.12039313856407 44.55309639336285 0.0 1.0 1.0 1 0 0 0.0 1.0 0
cell 33.202442502661626 56.520292130431585 0.0 1.0 1.0 1 0 0 0.0 1.0 0
cell 22.71086470899549 7.058586067609799 0.0 1.0 1.0 1 0 0 0.0 1.0 0
cell 53.90811117361686 13.294272384285055 0.0 1.6431676725154984 0.6085806194501846 1 0 0 0.7491965938685261 0.6623476909718934 1.6936965561454085
cell 18.425530199077222 32.09336674794402 0.0 1.0 1.0 1 0 0 0.0 1.0 0
cell 27.906973245019433 13.348014195915463 0.0 1.0 1.0 1 0 0 0.0 1.0 0
cell 2.9720199384916555 27.461171782688986 0.0 1.0 1.0 1 0 0 0.0 1.0 0
cell 36.37366459997084 31.85836470155913 0.0 1.0 1.0 1 0 0 0.0 1.0 0
cell 8.247233064736834 53.85111593636721 0.0 1.0 1.0 1 0 0 0.0 1.0 0
cell 18.28980968073004 49.253881659337935 0.0 1.0 1.0 1 0 0 0.0 1.0 0
cell 41.435479437551486 2.839846638128993 0.0 1.0 1.0 1 0 0 0.0 1.0 0
cell 37.83100602214499 7.7050651698403705 0.0 1.0 1.0 1 0 0 0.0 1.0 0
cell 21.512954310052756 46.530074219115704 0.0 1.6431676725154984 0.6085806194501846 1 0 0 0.11424553035109243 0.9934525448126839 0.22899104873415096
cell 9.190217602336736 58.06213682231557 0.0 1.0 1.0 1 0 0 0.0 1.0 0
cell 49.82422464630734 50.56085368632904 0.0 1.0 1.0 1 0 0 0.0 1.0 0
cell 39.68785143502276 6.954605420554952 0.0 1.0 1.0 1 0 0 0.0 1.0 0
cell 44.95393949100061 7.2106155869675685 0.0 1.0 1.0 1 0 0 0.0 1.0 0
cell 22.670028702813173 42.54887903339219 0.0 1.0 1.0 1 0 0 0.0 1.0 0
