1000
 Lattice="59.08179503018386 0.0 0.0 0.0 59.08179503018386 0.0 0.0 0.0 1.0"Properties=species:S:1:pos:R:3:aspherical_shape:R:3:orientation:R:4:Color:R:1
cell 55.53506367438859 26.32624160146328 0.0 1.6431676725154984 0.6085806194501846 1 0 0 0.9646480890487327 -0.2635413900977006 3.6749757436642287
cell 1.0494036293661226 24.864434133747615 0.0 1.0 1.0 1 0 0 0.0 1.0 0
cell 55.07713231000388 48.50763999492325 0.0 1.6431676725154984 0.6085806194501846 1 0 0 0.8658989150355418 -0.5002190209700862 4.189296048988793
cell 9.69505981329171 46.6042093039581 0.0 1.0 1.0 1 0 0 0.0 1.0 0
cell 8.830017369955506 2.0661317673933794 0.0 1.0 1.0 1 0 0 0.0 1.0 0
cell 41.01750851473153 50.29936420077404 0.0 1.0 1.0 1 0 0 0.0 1.0 0
cell 41.12977526947936 26.13828334918582 0.0 1.0 1.0 1 0 0 0.0 1.0 0
cell 26.45273547143592 4.949300011557659 0.0 1.0 1.0 1 0 0 0.0 1.0 0
cell 37.2711823891515 1.0441456518858043 0.0 1.0 1.0 1 0 0 0.0 1.0 0
cell 26.20099090263976 45.823905944315094 0.0 1.0 1.0 1 0 0 0.0 1.0 0
cell 35.24998522341385 37.58490589016088 0.0 1.0 1.0 1 0 0 0.0 1.0 0
cell 16.269696449763153 39.71751634739322 0.0 1.0 1.0 1 0 0 0.0 1.0 0
cell 9.97666202050464 0.5354081828159649 0.0 1.0 1.0 1 0 0 0.0 1.0 0
cell 42.574259023292214 16.288728282642804 0.0 1.0 1.0 1 0 0 0.0 1.0 0
cell 15.605949921091236 52.232311390431576 0.0 1.0 1.0 1 0 0 0.0 1.0 0
cell 52.419344201343314 48.698948924365176 0.0 1.0 1.0 1 0 0 0.0 1.0 0
cell 50.78889638621973 41.9227675644379 0.0 1.0 1.0 1 0 0 0.0 1.0 0
cell 13.49603728473745 46.344791080715815 0.0 1.0 1.0 1 0 0 0.0 1.0 0
cell 42.48103507384949 49.01840708093951 0.0 1.0 1.0 1 0 0 0.0 1.0 0
cell 32.978859569003816 57.94213801368772 0.0 1.0 1.0 1 0 0 0.0 1.0 0
cell 55.808273741039464 46.7627478394328 0.0 1.0 1.0 1 0 0 0.0 1.0 0
cell 39.28738929879683 46.940281425696995 0.0 1.0 1.0 1 0 0 0.0 1.0 0
cell 22.32782707221765 46.00046405958064 0.0 1.0 1.0 1 0 0 0.0 1.0 0
cell 41.48522321865869 6.221753449768545 0.0 1.0 1.0 1 0 0 0.0 1.0 0
cell 56.0301545028096 9.107041913110155 0.0 1.0 1.0 1 0 0 0.0 1.0 0
cell 36.217074088538375 56.551526835063875 0.0 1.0 1.0 1 0 0 0.0 1.0 0
cell 18.346788367862818 18.848089684620508 0.0 1.6431676725154984 0.6085806194501846 1 0 0 0.5371467484865523 0.8434888088115482 1.13410154619511
cell 10.824481049648154 2.328600173537589 0.0 1.0 1.0 1 0 0 0.0 1.0 0
cell 8.677535995992118 37.042723864380214 0.0 1.0 1.0 1 0 0 0.0 1.0 0
cell 12.772271158986356 2.7086130714318566 0.0 1.0 1.0 1 0 0 0.0 1.0 0
cell 23.539067734986645 6.364914295241826 0.0 1.0 1.0 1 0 0 0.0 1.0 0
cell 20.04431523596003 21.5235206733844 0.0 1.6431676725154984 0.6085806194501846 1 0 0 0.5072961963331306 0.8617717616549859 1.0640887768802645
cell 30.552734715558664 35.02323318482086 0.0 1.6431676725154984 0.6085806194501846 1 0 0 0.9898931412529318 0.14181526328432753 2.857002709328974
cell 58.55286121742872 19.748714066454355 0.0 1.0 1.0 1 0 0 0.0 1.0 0
cell 55.985172033168446 0.6531533898150508 0.0 1.6431676725154984 0.6085806194501846 1 0 0 0.8374610033842322 0.5464970885655979 1.9852412018370762
cell 53.19749788657433 7.395953625970784 0.0 1.0 1.0 1 0 0 0.0 1.0 0
cell 57.542640961959286 33.58782975851352 0.0 1.0 1.0 1 0 0 0.0 1.0 0
cell 52.74136945893437 38.678317655107904 0.0 1.0 1.0 1 0 0 0.0 1.0 0
cell 40.87668166511822 41.887693982899414 0.0 1.6431676725154984 0.6085806194501846 1 0 0 -0.09899179621067447 0.9950882494949803 6.084876927889724
cell 49.02335474199716 46.366373301881474 0.0 1.0 1.0 1 0 0 0.0 1.0 0
cell 51.756156808323624 40.37277489810658 0.0 1.0 1.0 1 0 0 0.0 1.0 0
cell 37.79104528607301 31.726995243823755 0.0 1.0 1.0 1 0 0 0.0 1.0 0
cell 29.784261759312155 15.340191698221 0.0 1.6431676725154984 0.6085806194501846 1 0 0 0.9478862080585331 0.3186090654272338 2.4930692175865357
cell 24.244494232517358 55.119741925072134 0.0 1.0 1.0 1 0 0 0.0 1.0 0
cell 38.93055861894983 37.12768443838848 0.0 1.0 1.0 1 0 0 0.0 1.0 0
cell 10.550488177726573 44.66058983793528 0.0 1.0 1.0 1 0 0 0.0 1.0 0
cell 54.14807507676122 28.144904202345643 0.0 1.0 1.0 1 0 0 0.0 1.0 0
cell 7.253056222802629 50.567992539323996 0.0 1.6431676725154984 0.6085806194501846 1 0 0 0.7901722100051147 0.6128848819604158 1.8221798583268674
cell 24.793617589498915 1.2964153032133243 0.0 1.0 1.0 1 0 0 0.0 1.0 0
cell 4.262610268921647 40.21787926636767 0.0 1.0 1.0 1 0 0 0.0 1.0 0
cell 34.91987042388004 58.08903572495482 0.0 1.0 1.0 1 0 0 0.0 1.0 0
cell 36.068481215384985 28.111146798567507 0.0 1.0 1.0 1 0 0 0.0 1.0 0
cell 35.845495799508704 31.515300459465898 0.0 1.0 1.0 1 0 0 0.0 1.0 0
cell 57.46628505336167 14.243106372086006 0.0 1.0 1.0 1 0 0 0.0 1.0 0
cell 46.166112793673726 36.4656492281436 0.0 1.0 1.0 1 0 0 0.0 1.0 0
cell 42.5821467753118 34.86067708425217 0.0 1.0 1.0 1 0 0 0.0 1.0 0
cell 25.931007510916828 58.740937681638805 0.0 1.0 1.0 1 0 0 0.0 1.0 0
cell 22.831665522901673 1.0521254698949867 0.0 1.0 1.0 1 0 0 0.0 1.0 0
cell 47.44066456505802 47.45952055392279 0.0 1.0 1.0 1 0 0 0.0 1.0 0
cell 9.549685718472064 33.94389161644765 0.0 1.0 1.0 1 0 0 0.0 1.0 0
cell 34.921286437621184 29.711753984321145 0.0 1.0 1.0 1 0 0 0.0 1.0 0
cell 49.55699184678236 54.22868131437824 0.0 1.0 1.0 1 0 0 0.0 1.0 0
cell 8.316289315997787 38.99983658956773 0.0 1.0 1.0 1 0 0 0.0 1.0 0
cell 50.184681180865304 8.813820412478467 0.0 1.0 1.0 1 0 0 0.0 1.0 0
cell 18.32072106824324 10.17671468202333 0.0 1.0 1.0 1 0 0 0.0 1.0 0
cell 38.59093080861255 58.647583053154975 0.0 1.0 1.0 1 0 0 0.0 1.0 0
cell 45.166633722936346 42.88669294796311 0.0 1.0 1.0 1 0 0 0.0 1.0 0
cell 10.893405081984184 24.61325054537778 0.0 1.6431676725154984 0.6085806194501846 1 0 0 0.8302486610720142 0.5573931832989417 1.959107301129669
cell 49.8799610766884 43.342861136494 0.0 1.0 1.0 1 0 0 0.0 1.0 0
cell 51.1477612319863 51.3284632301722 0.0 1.0 1.0 1 0 0 0.0 1.0 0
cell 45.18671708962832 7.768158046898792 0.0 1.0 1.0 1 0 0 0.0 1.0 0
cell 23.768729451154353 39.36573629510738 0.0 1.6431676725154984 0.6085806194501846 1 0 0 0.8729689702827632 -0.48777574450094596 4.160672680455694
cell 32.216343922218066 41.69048139339242 0.0 1.6431676725154984 0.6085806194501846 1 0 0 0.5042325260405208 0.8635679241859296 1.0569860200196648
cell 37.408798492457414 10.883617905426199 0.0 1.6431676725154984 0.6085806194501846 1 0 0 0.9189480498468396 -0.3943786019584357 3.952375747619977
cell 21.444188883699738 21.062298974804857 0.0 1.6431676725154984 0.6085806194501846 1 0 0 0.7745628193079153 0.6324969873017372 1.7720472082045624
cell 58.85576792713982 21.695795230411946 0.0 1.0 1.0 1 0 0 0.0 1.0 0
cell 17.073527019143796 41.465437832889556 0.0 1.0 1.0 1 0 0 0.0 1.0 0
cell 2.3661346501505776 6.636863152241044 0.0 1.0 1.0 1 0 0 0.0 1.0 0
cell 57.27903553560068 12.59910394016048 0.0 1.0 1.0 1 0 0 0.0 1.0 0
cell 43.70209734312619 33.635620914942834 0.0 1.0 1.0 1 0 0 0.0 1.0 0
cell 30.878854994851377 32.274684406253684 0.0 1.0 1.0 1 0 0 0.0 1.0 0
cell 3.0989270190636176 53.17615610890642 0.0 1.6431676725154984 0.6085806194501846 1 0 0 0.1687906106293808 -0.9856519313446105 5.943980216147759
cell 10.034778227295439 39.529499667253155 0.0 1.0 1.0 1 0 0 0.0 1.0 0
cell 56.26450147405027 17.374984191996877 0.0 1.0 1.0 1 0 0 0.0 1.0 0
cell 23.01629239904066 47.85590789667294 0.0 1.0 1.0 1 0 0 0.0 1.0 0
cell 1.2558555235680564 11.558850641930535 0.0 1.0 1.0 1 0 0 0.0 1.0 0
cell 4.371341405360325 30.188106583240288 0.0 1.0 1.0 1 0 0 0.0 1.0 0
cell 16.726428642109397 11.39159866085188 0.0 1.0 1.0 1 0 0 0.0 1.0 0
cell 54.78835396643079 10.538569560386968 0.0 1.0 1.0 1 0 0 0.0 1.0 0
cell 48.98690158640627 35.16223037208867 0.0 1.0 1.0 1 0 0 0.0 1.0 0
cell 19.220430978734882 47.3447577677583 0.0 1.0 1.0 1 0 0 0.0 1.0 0
cell 23.73129600445972 49.781273666299114 0.0 1.0 1.0 1 0 0 0.0 1.0 0
cell 27.5588673355093 50.344326255737435 0.0 1.0 1.0 1 0 0 0.0 1.0 0
cell 0.07238280919544526 13.177065703225217 0.0 1.0 1.0 1 0 0 0.0 1.0 0
cell 29.81850650031158 17.172291575769282 0.0 1.0 1.0 1 0 0 0.0 1.0 0
cell 13.569016952553747 4.496203559412494 0.0 1.0 1.0 1 0 0 0.0 1.0 0
cell 36.09916384661171 45.333957417870124 0.0 1.0 1.0 1 0 0 0.0 1.0 0
cell 31.999482024865287 43.643091665930065 0.0 1.6431676725154984 0.6085806194501846 1 0 0 0.5186490563557491 0.8549872258351531 1.090540234814882
cell 19.062381296260604 41.74754787524279 0.0 1.0 1.0 1 0 0 0.0 1.0 0
cell 24.477507014381214 4.7264312485668905 0.0 1.0 1.0 1 0 0 0.0 1.0 0
cell 48.93957297539635 38.61057192212589 0.0 1.0 1.0 1 0 0 0.0 1.0 0
cell 48.229884041491154 5.723513720739282 0.0 1.0 1.0 1 0 0 0.0 1.0 0
cell 22.634930430998946 36.19080443995126 0.0 1.6431676725154984 0.6085806194501846 1 0 0 0.17589614788025174 0.9844087287102287 0.35363207104084554
cell 7.786683436353856 57.57526716539911 0.0 1.0 1.0 1 0 0 0.0 1.0 0
cell 38.575576948955984 33.584272611908425 0.0 1.0 1.0 1 0 0 0.0 1.0 0
cell 15.9478442963721 36.519429817687595 0.0 1.0 1.0 1 0 0 0.0 1.0 0
cell 57.69867871394096 47.50744645300151 0.0 1.0 1.0 1 0 0 0.0 1.0 0
cell 15.391938088572726 10.084871501479006 0.0 1.0 1.0 1 0 0 0.0 1.0 0
cell 37.971371879191 6.339012433088743 0.0 1.0 1.0 1 0 0 0.0 1.0 0
cell 5.057811893593289 22.489984749096788 0.0 1.0 1.0 1 0 0 0.0 1.0 0
cell 27.147997472574936 53.871143051539946 0.0 1.0 1.0 1 0 0 0.0 1.0 0
cell 15.890079829814669 43.125344344859464 0.0 1.0 1.0 1 0 0 0.0 1.0 0
cell 38.93707525068135 15.012512217711347 0.0 1.0 1.0 1 0 0 0.0 1.0 0
cell 16.248910813377755 58.482830082062506 0.0 1.0 1.0 1 0 0 0.0 1.0 0
cell 6.350701256088814 6.90921015632329 0.0 1.0 1.0 1 0 0 0.0 1.0 0
cell 13.402533476623097 32.913758318486636 0.0 1.0 1.0 1 0 0 0.0 1.0 0
cell 28.051263195783392 52.175962712327774 0.0 1.0 1.0 1 0 0 0.0 1.0 0
cell 45.61649285361912 46.65268861606584 0.0 1.0 1.0 1 0 0 0.0 1.0 0
cell 49.89489662911342 30.530614664530184 0.0 1.0 1.0 1 0 0 0.0 1.0 0
cell 5.218372774286474 11.857959559426497 0.0 1.0 1.0 1 0 0 0.0 1.0 0
cell 57.578038848103304 36.99549702387981 0.0 1.0 1.0 1 0 0 0.0 1.0 0
cell 4.67792687506582 43.42395138614955 0.0 1.0 1.0 1 0 0 0.0 1.0 0
cell 12.977990194505972 13.64708377238471 0.0 1.6431676725154984 0.6085806194501846 1 0 0 0.503615150017478 0.8639281108245483 1.0555564919993474
cell 1.4441066446248438 31.806222632313027 0.0 1.0 1.0 1 0 0 0.0 1.0 0
cell 25.03517332494789 32.871461107971776 0.0 1.0 1.0 1 0 0 0.0 1.0 0
cell 57.498001893503215 0.8872898525328937 0.0 1.0 1.0 1 0 0 0.0 1.0 0
cell 20.293014457206226 10.429260565910624 0.0 1.0 1.0 1 0 0 0.0 1.0 0
cell 10.143041507975626 52.15490102601508 0.0 1.0 1.0 1 0 0 0.0 1.0 0
cell 29.915251077670945 36.655610836131586 0.0 1.0 1.0 1 0 0 0.0 1.0 0
cell 0.35628308378663515 44.54500870319155 0.0 1.6431676725154984 0.6085806194501846 1 0 0 0.8925433845948096 -0.4509615356280863 4.07727734298762
cell 25.143453482993248 56.98609147091812 0.0 1.0 1.0 1 0 0 0.0 1.0 0
cell 51.86692340353915 30.248794221153993 0.0 1.0 1.0 1 0 0 0.0 1.0 0
cell 32.87698654103113 7.530257972078522 0.0 1.0 1.0 1 0 0 0.0 1.0 0
cell 12.93739624130163 25.799839623355854 0.0 1.6431676725154984 0.6085806194501846 1 0 0 0.9348348420795509 0.3550828326378241 2.415587308613944
cell 16.33846559374821 31.530580903069538 0.0 1.0 1.0 1 0 0 0.0 1.0 0
cell 54.715208405079096 38.74816049870691 0.0 1.0 1.0 1 0 0 0.0 1.0 0
cell 41.700674948186034 12.498371600705989 0.0 1.6431676725154984 0.6085806194501846 1 0 0 0.9678197306626585 -0.2516445289293196 3.6503508350306575
cell 11.724569992537162 42.98167212974745 0.0 1.0 1.0 1 0 0 0.0 1.0 0
cell 35.38762779069159 19.211635781490784 0.0 1.0 1.0 1 0 0 0.0 1.0 0
cell 13.401094217627659 56.54890917380542 0.0 1.0 1.0 1 0 0 0.0 1.0 0
cell 34.252868730518166 20.882392679933695 0.0 1.0 1.0 1 0 0 0.0 1.0 0
cell 18.030062514294016 57.89378183810845 0.0 1.0 1.0 1 0 0 0.0 1.0 0
cell 23.661943714439108 2.909850585076114 0.0 1.0 1.0 1 0 0 0.0 1.0 0
cell 18.911182338825366 27.322220424391666 0.0 1.6431676725154984 0.6085806194501846 1 0 0 0.9948476189144749 0.10138153254020048 2.9384806316928533
cell 2.523003731759724 17.942052170665708 0.0 1.0 1.0 1 0 0 0.0 1.0 0
cell 55.45325893038589 21.842517984681603 0.0 1.0 1.0 1 0 0 0.0 1.0 0
cell 41.73541527238317 57.80040234129089 0.0 1.0 1.0 1 0 0 0.0 1.0 0
cell 40.82650364851722 31.259075998105914 0.0 1.0 1.0 1 0 0 0.0 1.0 0
cell 11.855984993302455 47.99041741891871 0.0 1.0 1.0 1 0 0 0.0 1.0 0
cell 47.57222370924083 15.99738652667538 0.0 1.0 1.0 1 0 0 0.0 1.0 0
cell 54.13556932934562 49.67544223933876 0.0 1.0 1.0 1 0 0 0.0 1.0 0
cell 5.061396089064542 15.162497367391405 0.0 1.0 1.0 1 0 0 0.0 1.0 0
cell 47.941264220469584 0.30937073975804275 0.0 1.0 1.0 1 0 0 0.0 1.0 0
cell 13.753743387785436 9.70342317516643 0.0 1.6431676725154984 0.6085806194501846 1 0 0 0.6313721092820843 -0.7754800188403901 4.916542692076192
cell 44.47725605950329 35.46896843425212 0.0 1.0 1.0 1 0 0 0.0 1.0 0
cell 15.420675587621016 32.93046220708487 0.0 1.0 1.0 1 0 0 0.0 1.0 0
cell 45.09168103517484 30.699899950785372 0.0 1.0 1.0 1 0 0 0.0 1.0 0
cell 36.46098434814475 21.26066032020433 0.0 1.6431676725154984 0.6085806194501846 1 0 0 0.7890429964524402 0.6143379768086573 1.818499310084396
cell 1.435223649200992 2.6472607774970394 0.0 1.0 1.0 1 0 0 0.0 1.0 0
cell 26.781105674189618 1.5300290941553942 0.0 1.0 1.0 1 0 0 0.0 1.0 0
cell 6.629989293460897 53.804391000979166 0.0 1.0 1.0 1 0 0 0.0 1.0 0
cell 11.939701793876221 39.53837277286026 0.0 1.0 1.0 1 0 0 0.0 1.0 0
cell 50.45269244301302 45.26024222650873 0.0 1.0 1.0 1 0 0 0.0 1.0 0
cell 8.026860101480393 0.23746102050324222 0.0 1.0 1.0 1 0 0 0.0 1.0 0
cell 44.47879154532274 51.68923273887327 0.0 1.0 1.0 1 0 0 0.0 1.0 0
cell 18.70063693546111 50.854521840849216 0.0 1.0 1.0 1 0 0 0.0 1.0 0
cell 56.88687173397331 53.32006266288374 0.0 1.6431676725154984 0.6085806194501846 1 0 0 0.03030914160155462 0.9995405724308428 0.06062756814626802
cell 6.606705194072958 32.926106905272114 0.0 1.0 1.0 1 0 0 0.0 1.0 0
cell 17.092326062266974 1.244397480368005 0.0 1.0 1.0 1 0 0 0.0 1.0 0
cell 43.04333104240493 3.9908049247123043 0.0 1.6431676725154984 0.6085806194501846 1 0 0 0.9770453193388444 -0.21303155624943362 3.5709460445037067
cell 39.40151386393051 40.664260381748804 0.0 1.0 1.0 1 0 0 0.0 1.0 0
cell 37.95985672766663 24.68986437964709 0.0 1.0 1.0 1 0 0 0.0 1.0 0
cell 24.589659813353204 42.37362100146434 0.0 1.0 1.0 1 0 0 0.0 1.0 0
cell 44.87931502582538 5.780185592618293 0.0 1.0 1.0 1 0 0 0.0 1.0 0
cell 53.0676813051268 19.327315648176107 0.0 1.0 1.0 1 0 0 0.0 1.0 0
cell 8.359216418457036 7.044558706962428 0.0 1.0 1.0 1 0 0 0.0 1.0 0
cell 32.08763016444375 31.201418328583163 0.0 1.0 1.0 1 0 0 0.0 1.0 0
cell 9.764115664443228 13.237242078137319 0.0 1.6431676725154984 0.6085806194501846 1 0 0 0.44710932062954684 0.8944793208376508 0.9270620590978842
cell 17.900014708448175 16.327601216529455 0.0 1.0 1.0 1 0 0 0.0 1.0 0
cell 24.74993507814255 27.17364203983025 0.0 1.0 1.0 1 0 0 0.0 1.0 0
cell 57.841313449957006 58.27314763968322 0.0 1.6431676725154984 0.6085806194501846 1 0 0 -0.48431241211042625 -0.8748951294159665 1.0111541752884419
cell 23.996294569601343 21.6895185028583 0.0 1.6431676725154984 0.6085806194501846 1 0 0 0.8876187482027995 0.4605789376848393 2.184298003364249
cell 50.58175643698668 28.708390626083084 0.0 1.0 1.0 1 0 0 0.0 1.0 0
cell 53.69761743117913 20.81606935119132 0.0 1.0 1.0 1 0 0 0.0 1.0 0
cell 46.47221610286157 4.904806970820314 0.0 1.0 1.0 1 0 0 0.0 1.0 0
cell 41.17815357970336 4.234498621019604 0.0 1.0 1.0 1 0 0 0.0 1.0 0
cell 29.37388813474832 29.349841399703166 0.0 1.6431676725154984 0.6085806194501846 1 0 0 0.7828649746838701 0.6221916356021057 1.7985144417857744
cell 10.630434036039706 54.151335750020905 0.0 1.0 1.0 1 0 0 0.0 1.0 0
cell 47.96245814261308 53.323384879424076 0.0 1.0 1.0 1 0 0 0.0 1.0 0
cell 43.954429940924584 21.969760795234055 0.0 1.6431676725154984 0.6085806194501846 1 0 0 0.9159374785135506 -0.4013209880559939 3.9675098862093563
cell 35.74157553384797 42.24597518388189 0.0 1.0 1.0 1 0 0 0.0 1.0 0
cell 12.028076706859157 31.405350850012024 0.0 1.6431676725154984 0.6085806194501846 1 0 0 0.7656291526785609 0.6432822091187576 1.744037594512255
cell 57.627627479336624 43.8699773975653 0.0 1.0 1.0 1 0 0 0.0 1.0 0
cell 25.935812915341618 21.196299525800786 0.0 1.6431676725154984 0.6085806194501846 1 0 0 0.9565341463311441 0.29162034720257346 2.5497518961191963
cell 38.469479922415736 48.27288303844573 0.0 1.0 1.0 1 0 0 0.0 1.0 0
cell 7.769881600257944 47.188552465001216 0.0 1.0 1.0 1 0 0 0.0 1.0 0
cell 38.51889495068154 8.20377723213666 0.0 1.0 1.0 1 0 0 0.0 1.0 0
cell 55.33918189049924 54.33156334217967 0.0 1.6431676725154984 0.6085806194501846 1 0 0 0.9277521910401372 -0.3731968274519824 3.9064974936353223
cell 54.8728975718931 45.11819177794516 0.0 1.0 1.0 1 0 0 0.0 1.0 0
cell 50.93261639235837 49.33189913356604 0.0 1.0 1.0 1 0 0 0.0 1.0 0
cell 47.93244348813045 2.2166214644421682 0.0 1.0 1.0 1 0 0 0.0 1.0 0
cell 48.92077992291758 55.91376012740315 0.0 1.0 1.0 1 0 0 0.0 1.0 0
cell 22.712781502151934 8.181495248408439 0.0 1.0 1.0 1 0 0 0.0 1.0 0
cell 44.659946126364034 53.62079535209806 0.0 1.0 1.0 1 0 0 0.0 1.0 0
cell 27.072570805994058 57.209585272625986 0.0 1.0 1.0 1 0 0 0.0 1.0 0
cell 32.65186263926014 53.24898198470468 0.0 1.0 1.0 1 0 0 0.0 1.0 0
cell 7.6935700818819 3.4917796712089246 0.0 1.0 1.0 1 0 0 0.0 1.0 0
cell 28.27236490830034 28.050214182637763 0.0 1.0 1.0 1 0 0 0.0 1.0 0
cell 39.674285260784565 6.591883182002905 0.0 1.0 1.0 1 0 0 0.0 1.0 0
cell 57.66302733151266 40.49363299581077 0.0 1.0 1.0 1 0 0 0.0 1.0 0
cell 8.106700341569464 19.64279229419963 0.0 1.6431676725154984 0.6085806194501846 1 0 0 0.9859169623010867 0.1672355926440231 2.805542446301406
cell 48.838193949815185 11.404859272611612 0.0 1.0 1.0 1 0 0 0.0 1.0 0
cell 3.411220722726257 51.457142085505296 0.0 1.6431676725154984 0.6085806194501846 1 0 0 0.2518625163988332 0.9677630251426469 0.5092086658604804
cell 35.80901951398878 40.68838319394044 0.0 1.0 1.0 1 0 0 0.0 1.0 0
cell 19.463868332135696 36.4817435303772 0.0 1.6431676725154984 0.6085806194501846 1 0 0 0.907120715288365 -0.42087053578829314 4.010402205269905
cell 43.513007368246775 29.446586622987315 0.0 1.0 1.0 1 0 0 0.0 1.0 0
cell 35.01183984421263 44.08423842913699 0.0 1.0 1.0 1 0 0 0.0 1.0 0
cell 39.75567604043304 16.81060807776897 0.0 1.0 1.0 1 0 0 0.0 1.0 0
cell 58.76761695144519 42.21741410578795 0.0 1.0 1.0 1 0 0 0.0 1.0 0
cell 3.3219546403999143 8.332665979969361 0.0 1.0 1.0 1 0 0 0.0 1.0 0
cell 51.69444151084605 22.3403675931366 0.0 1.6431676725154984 0.6085806194501846 1 0 0 0.807772587886005 -0.5894942291998678 4.4024577884612945
cell 13.921124475857704 53.319617280595075 0.0 1.0 1.0 1 0 0 0.0 1.0 0
cell 0.6288130336097674 17.29594321782705 0.0 1.0 1.0 1 0 0 0.0 1.0 0
cell 19.474094761143125 18.75258898214984 0.0 1.6431676725154984 0.6085806194501846 1 0 0 0.5805335036684869 0.8142363607199024 1.2387675148027972
cell 41.775862754005274 10.034245864146435 0.0 1.6431676725154984 0.6085806194501846 1 0 0 0.9998263414807687 -0.018635634713670635 3.1788660806581652
cell 15.129979859907133 8.149630923583068 0.0 1.0 1.0 1 0 0 0.0 1.0 0
cell 31.706756305051883 22.979763007105436 0.0 1.6431676725154984 0.6085806194501846 1 0 0 0.8313522611676223 0.5557458212631756 1.9630730223181148
cell 34.766148348112836 46.35394441454604 0.0 1.6431676725154984 0.6085806194501846 1 0 0 0.5968660116537425 0.8023409276190231 1.2791787031373774
cell 15.43343647435996 46.58852271503551 0.0 1.0 1.0 1 0 0 0.0 1.0 0
cell 54.31545516994088 2.2496486643780598 0.0 1.0 1.0 1 0 0 0.0 1.0 0
cell 12.828749291249538 28.567288194524963 0.0 1.6431676725154984 0.6085806194501846 1 0 0 0.7510937170990984 0.6601955983905523 1.6994343552620905
cell 52.33486442432563 2.447023518285378 0.0 1.0 1.0 1 0 0 0.0 1.0 0
cell 36.467791327717855 39.14520319234255 0.0 1.0 1.0 1 0 0 0.0 1.0 0
cell 23.72480805127859 17.734051264820337 0.0 1.6431676725154984 0.6085806194501846 1 0 0 0.8307207367376623 0.55668937258945 1.9608022406470291
cell 29.395921341396765 51.160504488049945 0.0 1.0 1.0 1 0 0 0.0 1.0 0
cell 20.032480879698007 58.107006755549925 0.0 1.0 1.0 1 0 0 0.0 1.0 0
cell 1.9546164543606201 16.20986836263911 0.0 1.0 1.0 1 0 0 0.0 1.0 0
cell 3.42411191538771 38.48210876744477 0.0 1.0 1.0 1 0 0 0.0 1.0 0
cell 54.7457802236867 18.413486298139098 0.0 1.0 1.0 1 0 0 0.0 1.0 0
cell 29.048106204473694 57.52903040003463 0.0 1.0 1.0 1 0 0 0.0 1.0 0
cell 55.783108559866164 30.623790863857657 0.0 1.0 1.0 1 0 0 0.0 1.0 0
cell 11.091464961508443 56.1046814084519 0.0 1.0 1.0 1 0 0 0.0 1.0 0
cell 17.842041901671568 43.367353214180724 0.0 1.0 1.0 1 0 0 0.0 1.0 0
cell 50.76008737637368 57.06586450788435 0.0 1.6431676725154984 0.6085806194501846 1 0 0 0.9610038184315509 0.2765350989657167 2.5812191991284865
cell 2.449047253005648 40.21177112114522 0.0 1.0 1.0 1 0 0 0.0 1.0 0
cell 52.720306247890335 50.65901108736822 0.0 1.0 1.0 1 0 0 0.0 1.0 0
cell 56.757210632680255 45.437929141442986 0.0 1.0 1.0 1 0 0 0.0 1.0 0
cell 23.939903514760037 19.72299237330637 0.0 1.6431676725154984 0.6085806194501846 1 0 0 0.8377446554166248 0.5460621689156653 1.9862796883963258
cell 40.10474459237975 38.72271125917608 0.0 1.0 1.0 1 0 0 0.0 1.0 0
cell 23.120916389640893 56.6854713104348 0.0 1.0 1.0 1 0 0 0.0 1.0 0
cell 48.63914234455276 44.418017390087314 0.0 1.0 1.0 1 0 0 0.0 1.0 0
cell 39.12837618324144 26.367528422153757 0.0 1.0 1.0 1 0 0 0.0 1.0 0
cell 57.20796215564881 22.59998157084107 0.0 1.0 1.0 1 0 0 0.0 1.0 0
cell 50.837142531296685 31.962148191581097 0.0 1.0 1.0 1 0 0 0.0 1.0 0
cell 17.514221151159447 5.0802593609857105 0.0 1.0 1.0 1 0 0 0.0 1.0 0
cell 50.60923916279678 23.091140923253803 0.0 1.6431676725154984 0.6085806194501846 1 0 0 0.7749163746162815 -0.6320637723770908 4.510019749235171
cell 21.596838890393624 23.139316194785003 0.0 1.6431676725154984 0.6085806194501846 1 0 0 0.8135706699009833 0.5814660480860988 1.9005336034930684
cell 32.19464229858983 5.750481485771059 0.0 1.0 1.0 1 0 0 0.0 1.0 0
cell 22.290793630309192 29.006048147227105 0.0 1.0 1.0 1 0 0 0.0 1.0 0
cell 2.2873735053144224 27.205261712002052 0.0 1.6431676725154984 0.6085806194501846 1 0 0 0.9975487640678056 0.06997473334564172 3.0015287249408575
cell 30.0827134904876 33.641906569661586 0.0 1.0 1.0 1 0 0 0.0 1.0 0
cell 42.87770103362811 36.73372105366609 0.0 1.0 1.0 1 0 0 0.0 1.0 0
cell 44.54493035673943 32.27222021326753 0.0 1.0 1.0 1 0 0 0.0 1.0 0
cell 8.910852362328571 54.69883204326201 0.0 1.6431676725154984 0.6085806194501846 1 0 0 0.3587562255237387 0.9334312886591923 0.7338701520111164
cell 32.60182617886829 2.300173555005913 0.0 1.0 1.0 1 0 0 0.0 1.0 0
cell 38.99448515594199 18.30549023633966 0.0 1.0 1.0 1 0 0 0.0 1.0 0
cell 3.2372277168249033 11.634142109886067 0.0 1.0 1.0 1 0 0 0.0 1.0 0
cell 12.260249851052084 24.840741484454455 0.0 1.6431676725154984 0.6085806194501846 1 0 0 0.9216698040193285 0.3879752213208629 2.3447252233483464
cell 33.931163808903676 49.18241688751318 0.0 1.6431676725154984 0.6085806194501846 1 0 0 -0.25392705164355917 -0.9672233725689269 0.5134764673577044
cell 6.032258838828892 44.04008354510806 0.0 1.6431676725154984 0.6085806194501846 1 0 0 0.8000087031053638 0.5999883956841782 1.854619446634977
cell 29.180936169062463 43.024636690355884 0.0 1.6431676725154984 0.6085806194501846 1 0 0 0.5529857632514469 0.8331907018451506 1.1718870467280227
cell 48.47151157213362 31.67130392946732 0.0 1.0 1.0 1 0 0 0.0 1.0 0
cell 17.339914456548332 37.96090764333566 0.0 1.0 1.0 1 0 0 0.0 1.0 0
cell 2.491464504510865 30.100635612060238 0.0 1.0 1.0 1 0 0 0.0 1.0 0
cell 47.02433130100033 10.612386885836415 0.0 1.0 1.0 1 0 0 0.0 1.0 0
cell 3.225240898664546 21.696853916711483 0.0 1.0 1.0 1 0 0 0.0 1.0 0
cell 22.489655154000623 4.550166828100218 0.0 1.0 1.0 1 0 0 0.0 1.0 0
cell 58.08134850849104 17.802229759427977 0.0 1.0 1.0 1 0 0 0.0 1.0 0
cell 10.481078707638298 37.731155348759664 0.0 1.6431676725154984 0.6085806194501846 1 0 0 0.9738945591384461 0.22700085392026964 2.683598587280275
cell 35.3598326754069 4.36013025191665 0.0 1.0 1.0 1 0 0 0.0 1.0 0
cell 54.73121919564788 0.22718198362868197 0.0 1.0 1.0 1 0 0 0.0 1.0 0
cell 10.377396450545021 32.39629179183251 0.0 1.0 1.0 1 0 0 0.0 1.0 0
cell 42.83324907820183 31.273734143988 0.0 1.0 1.0 1 0 0 0.0 1.0 0
cell 24.813828855721336 12.135644764020883 0.0 1.0 1.0 1 0 0 0.0 1.0 0
cell 9.708250906269342 42.913482975236775 0.0 1.0 1.0 1 0 0 0.0 1.0 0
cell 52.55422529553189 28.54870995997236 0.0 1.0 1.0 1 0 0 0.0 1.0 0
cell 6.342775217047904 18.94522874229697 0.0 1.0 1.0 1 0 0 0.0 1.0 0
cell 48.640281312871814 9.559313626268864 0.0 1.0 1.0 1 0 0 0.0 1.0 0
cell 43.55487952148711 38.5336416707062 0.0 1.0 1.0 1 0 0 0.0 1.0 0
cell 37.542994588919214 55.07432688328758 0.0 1.0 1.0 1 0 0 0.0 1.0 0
cell 11.622241562267062 18.946954209562907 0.0 1.6431676725154984 0.6085806194501846 1 0 0 0.32323276256810035 0.9463194921392003 0.6582872920770666
cell 37.95046544895578 50.036609367000665 0.0 1.0 1.0 1 0 0 0.0 1.0 0
cell 11.862165219413322 51.25826071493649 0.0 1.0 1.0 1 0 0 0.0 1.0 0
cell 47.17134449031232 38.31436441912269 0.0 1.0 1.0 1 0 0 0.0 1.0 0
cell 51.891151017120194 24.900909534499025 0.0 1.6431676725154984 0.6085806194501846 1 0 0 0.8124930264447826 -0.5829709100620698 4.386353555095473
cell 56.71811670300471 31.97178565260662 0.0 1.0 1.0 1 0 0 0.0 1.0 0
cell 36.78020948195728 23.418964814525985 0.0 1.6431676725154984 0.6085806194501846 1 0 0 0.8357737675051041 0.5490739563577243 1.9790810005318562
cell 2.9266259677659674 1.3536824441983335 0.0 1.0 1.0 1 0 0 0.0 1.0 0
cell 49.382889661372495 23.924990575433217 0.0 1.0 1.0 1 0 0 0.0 1.0 0
cell 5.93036535593489 56.99736296651842 0.0 1.0 1.0 1 0 0 0.0 1.0 0
cell 16.081017474799477 48.45073204888055 0.0 1.0 1.0 1 0 0 0.0 1.0 0
cell 7.021834154835771 40.34642227104043 0.0 1.0 1.0 1 0 0 0.0 1.0 0
cell 32.27189020811863 28.65946152033283 0.0 1.6431676725154984 0.6085806194501846 1 0 0 0.9885432901931175 0.15093761431189331 2.8385592835298357
cell 27.42870799378958 38.31900535427785 0.0 1.6431676725154984 0.6085806194501846 1 0 0 0.39532701870117265 0.9185404445558414 0.812847687438858
cell 30.997528220468812 57.78075539757661 0.0 1.0 1.0 1 0 0 0.0 1.0 0
cell 13.761575213624553 51.47186945780745 0.0 1.0 1.0 1 0 0 0.0 1.0 0
cell 56.45347078120854 23.728038792399634 0.0 1.6431676725154984 0.6085806194501846 1 0 0 0.9712154690737825 -0.2382026713363906 3.6226223187447464
cell 47.84847399954789 33.50856298787821 0.0 1.0 1.0 1 0 0 0.0 1.0 0
cell 54.67034164644718 31.94929687300883 0.0 1.0 1.0 1 0 0 0.0 1.0 0
cell 52.73693159901623 47.25493775712754 0.0 1.6431676725154984 0.6085806194501846 1 0 0 0.950154229574721 -0.31178027522803364 3.775724908879451
cell 11.31453301437482 35.64251483465109 0.0 1.6431676725154984 0.6085806194501846 1 0 0 0.9906062711433183 -0.1367450751271519 3.4159423987391966
cell 25.63194987864412 16.977515504472755 0.0 1.6431676725154984 0.6085806194501846 1 0 0 0.9251565692168972 0.3795857247511035 2.3628957216350917
cell 1.6446937545125504 41.927790684558765 0.0 1.0 1.0 1 0 0 0.0 1.0 0
cell 12.568287006894204 54.83308414065423 0.0 1.0 1.0 1 0 0 0.0 1.0 0
cell 8.310497803204258 10.4144840020631 0.0 1.0 1.0 1 0 0 0.0 1.0 0
cell 7.0916317886272315 15.441698007301191 0.0 1.0 1.0 1 0 0 0.0 1.0 0
cell 45.71794421659157 27.078731681561653 0.0 1.0 1.0 1 0 0 0.0 1.0 0
cell 54.236557467872515 5.714008004468076 0.0 1.0 1.0 1 0 0 0.0 1.0 0
cell 4.4192238449970525 45.368072543827566 0.0 1.0 1.0 1 0 0 0.0 1.0 0
cell 8.50774330965562 31.919336363963264 0.0 1.0 1.0 1 0 0 0.0 1.0 0
cell 49.38906718110151 15.501195544836161 0.0 1.0 1.0 1 0 0 0.0 1.0 0
cell 34.27713833864818 22.880947613872024 0.0 1.6431676725154984 0.6085806194501846 1 0 0 0.9291368678433506 0.36973596094273564 2.3841429977628588
cell 14.630452803430481 54.96268170162675 0.0 1.0 1.0 1 0 0 0.0 1.0 0
cell 30.89699396257955 50.32072327192079 0.0 1.0 1.0 1 0 0 0.0 1.0 0
cell 21.452810483489213 53.00321639251047 0.0 1.0 1.0 1 0 0 0.0 1.0 0
cell 39.938261020264875 24.506843009874572 0.0 1.0 1.0 1 0 0 0.0 1.0 0
cell 19.928061965694322 49.25344774122441 0.0 1.0 1.0 1 0 0 0.0 1.0 0
cell 10.8312989463078 41.23194719366387 0.0 1.0 1.0 1 0 0 0.0 1.0 0
cell 53.381258435713264 25.815964561316115 0.0 1.6431676725154984 0.6085806194501846 1 0 0 0.8969839578082575 -0.4420630944046722 4.057387470006856
cell 5.74294718814803 3.254930429127161 0.0 1.0 1.0 1 0 0 0.0 1.0 0
cell 15.002404295740087 38.11154171661747 0.0 1.0 1.0 1 0 0 0.0 1.0 0
cell 50.427512095616294 17.12890295839414 0.0 1.0 1.0 1 0 0 0.0 1.0 0
cell 24.744045071005317 25.177516528529758 0.0 1.0 1.0 1 0 0 0.0 1.0 0
cell 17.09987097512058 8.552147092481455 0.0 1.0 1.0 1 0 0 0.0 1.0 0
cell 20.41761059024627 45.7278542279696 0.0 1.0 1.0 1 0 0 0.0 1.0 0
cell 34.1272956452228 11.412560958126134 0.0 1.0 1.0 1 0 0 0.0 1.0 0
cell 51.07243840135154 15.555180646939625 0.0 1.6431676725154984 0.6085806194501846 1 0 0 0.8751575694850805 -0.48383801894122214 4.151662534312974
cell 20.384877333584694 40.24791874534631 0.0 1.0 1.0 1 0 0 0.0 1.0 0
cell 42.05480155399818 8.197296095572721 0.0 1.0 1.0 1 0 0 0.0 1.0 0
cell 24.467182760157122 51.817162624179325 0.0 1.0 1.0 1 0 0 0.0 1.0 0
cell 58.29883814854123 5.912951767706773 0.0 1.0 1.0 1 0 0 0.0 1.0 0
cell 19.136936091389455 56.21353452906073 0.0 1.0 1.0 1 0 0 0.0 1.0 0
cell 47.20178178980527 26.262755484069874 0.0 1.0 1.0 1 0 0 0.0 1.0 0
cell 42.271000226387876 14.301597909214244 0.0 1.0 1.0 1 0 0 0.0 1.0 0
cell 55.28158174744607 4.013867063284362 0.0 1.0 1.0 1 0 0 0.0 1.0 0
cell 17.616282387151802 35.951812002139285 0.0 1.0 1.0 1 0 0 0.0 1.0 0
cell 28.80898805447614 38.091053168224384 0.0 1.6431676725154984 0.6085806194501846 1 0 0 0.5690018548238769 0.8223362385344499 1.2105831054833927
cell 25.532028334742506 10.283292001093699 0.0 1.0 1.0 1 0 0 0.0 1.0 0
cell 7.607675660513464 28.311674183901903 0.0 1.6431676725154984 0.6085806194501846 1 0 0 0.9569126542212195 0.2903759153085887 2.5523533412561568
cell 34.883972087255835 26.969955362284548 0.0 1.6431676725154984 0.6085806194501846 1 0 0 0.881341431551647 0.4724799265900019 2.1573877099758345
cell 46.21901935388234 52.373242915434915 0.0 1.0 1.0 1 0 0 0.0 1.0 0
cell 51.316807308522534 19.73986203325803 0.0 1.6431676725154984 0.6085806194501846 1 0 0 0.9246782471231147 -0.3807494442508405 3.9228059601654937
cell 39.88047526463672 9.200041575252023 0.0 1.6431676725154984 0.6085806194501846 1 0 0 0.9999992558703519 0.0012199421061918055 3.1391527687722127
cell 0.8051817782573947 46.86871336272718 0.0 1.0 1.0 1 0 0 0.0 1.0 0
cell 42.92292845402278 52.9244662956795 0.0 1.0 1.0 1 0 0 0.0 1.0 0
cell 39.562830591210826 55.354145314793236 0.0 1.0 1.0 1 0 0 0.0 1.0 0
cell 30.14644588264905 25.902737644770813 0.0 1.6431676725154984 0.6085806194501846 1 0 0 0.894807006934365 0.4464531558194692 2.2159974693469366
cell 33.67083387325441 46.469776949252484 0.0 1.6431676725154984 0.6085806194501846 1 0 0 0.4869251102726078 0.8734437228499663 1.0171317264111135
cell 48.56091674890255 42.0568983110436 0.0 1.0 1.0 1 0 0 0.0 1.0 0
cell 36.228929278401985 8.952938900081168 0.0 1.6431676725154984 0.6085806194501846 1 0 0 0.9981814079999866 -0.060281644993847874 3.262229081928672
cell 24.794258310505967 48.12246456053131 0.0 1.0 1.0 1 0 0 0.0 1.0 0
cell 52.04186671846461 9.065076885568958 0.0 1.0 1.0 1 0 0 0.0 1.0 0
cell 34.83564080745094 7.694534972862745 0.0 1.0 1.0 1 0 0 0.0 1.0 0
cell 2.917003393780357 43.86992885982016 0.0 1.0 1.0 1 0 0 0.0 1.0 0
cell 53.8299666846336 57.75177788135877 0.0 1.0 1.0 1 0 0 0.0 1.0 0
cell 34.642134370562935 33.10528406803747 0.0 1.0 1.0 1 0 0 0.0 1.0 0
cell 29.69134556531545 12.245125279659607 0.0 1.6431676725154984 0.6085806194501846 1 0 0 0.5744071531004192 0.8185697419689244 1.2237594331702477
cell 10.330688994653064 16.588385146826834 0.0 1.6431676725154984 0.6085806194501846 1 0 0 0.3028167910924147 0.9530487873306869 0.6152936599669107
cell 35.98970005711515 47.21876592215682 0.0 1.0 1.0 1 0 0 0.0 1.0 0
cell 46.18251472042876 39.92503033752416 0.0 1.0 1.0 1 0 0 0.0 1.0 0
cell 30.73778646295317 45.35015713999598 0.0 1.6431676725154984 0.6085806194501846 1 0 0 0.4842812026759689 0.8749124051782081 1.0110828315918647
cell 24.71452971715793 8.436683878659707 0.0 1.0 1.0 1 0 0 0.0 1.0 0
cell 20.87667880827989 0.8471328415112432 0.0 1.0 1.0 1 0 0 0.0 1.0 0
cell 31.268943432070095 48.69413086299012 0.0 1.0 1.0 1 0 0 0.0 1.0 0
cell 21.783232282537288 15.013786425474628 0.0 1.6431676725154984 0.6085806194501846 1 0 0 0.5715684684265518 -0.8205543771746793 5.0663531879394
cell 8.973495218807173 50.52932079954483 0.0 1.0 1.0 1 0 0 0.0 1.0 0
cell 26.52295195837696 47.37103803631603 0.0 1.0 1.0 1 0 0 0.0 1.0 0
cell 9.45235425520228 25.821694875870936 0.0 1.6431676725154984 0.6085806194501846 1 0 0 0.7951563138064831 0.606404515660698 1.8385306149263367
cell 47.221064889961795 24.289635353181083 0.0 1.0 1.0 1 0 0 0.0 1.0 0
cell 16.330981478818998 6.660066528747096 0.0 1.0 1.0 1 0 0 0.0 1.0 0
cell 32.73951065985937 49.978981045341826 0.0 1.0 1.0 1 0 0 0.0 1.0 0
cell 6.85538390498846 1.7281271120084822 0.0 1.0 1.0 1 0 0 0.0 1.0 0
cell 57.16759683481671 10.495812408033217 0.0 1.6431676725154984 0.6085806194501846 1 0 0 0.7930278432221279 0.6091853903980791 1.8315267120524854
cell 21.09546202539102 12.522406165012145 0.0 1.0 1.0 1 0 0 0.0 1.0 0
cell 43.641148834193224 12.656695854451014 0.0 1.6431676725154984 0.6085806194501846 1 0 0 0.9220992501446604 -0.3869534505372125 3.9362433839105115
cell 29.666729081125276 47.522150375718475 0.0 1.0 1.0 1 0 0 0.0 1.0 0
cell 5.0686525182635975 54.0649016765776 0.0 1.6431676725154984 0.6085806194501846 1 0 0 0.6481368153289355 0.7615239120443069 1.410270457344389
cell 18.880638459767052 0.6558467021292181 0.0 1.0 1.0 1 0 0 0.0 1.0 0
cell 37.635958132121544 41.50157121151271 0.0 1.0 1.0 1 0 0 0.0 1.0 0
cell 2.946152310273366 4.929499597391425 0.0 1.0 1.0 1 0 0 0.0 1.0 0
cell 9.064805389410655 56.32997164417856 0.0 1.0 1.0 1 0 0 0.0 1.0 0
cell 30.678006896884714 19.615519596110975 0.0 1.6431676725154984 0.6085806194501846 1 0 0 0.6932275969013886 -0.7207187377155709 4.751269773552943
cell 33.693529778712076 9.328537605651768 0.0 1.0 1.0 1 0 0 0.0 1.0 0
cell 41.012682101443026 11.100582158749717 0.0 1.6431676725154984 0.6085806194501846 1 0 0 0.989685786998929 -0.1432551674890324 3.4290921134657033
cell 47.09140247222796 35.109532867593806 0.0 1.0 1.0 1 0 0 0.0 1.0 0
cell 43.90576411768196 24.01716146960315 0.0 1.0 1.0 1 0 0 0.0 1.0 0
cell 54.58459968640376 16.506624828498563 0.0 1.0 1.0 1 0 0 0.0 1.0 0
cell 43.346628298172455 56.60798649260083 0.0 1.0 1.0 1 0 0 0.0 1.0 0
cell 43.176297078648645 25.87470071136773 0.0 1.0 1.0 1 0 0 0.0 1.0 0
cell 26.380155851814788 52.02573787066318 0.0 1.0 1.0 1 0 0 0.0 1.0 0
cell 30.67182068224136 2.0804353697880873 0.0 1.0 1.0 1 0 0 0.0 1.0 0
cell 12.884779603343576 49.66542590140113 0.0 1.0 1.0 1 0 0 0.0 1.0 0
cell 23.163671877467507 26.4302355018061 0.0 1.0 1.0 1 0 0 0.0 1.0 0
cell 46.20671698320861 19.40439391006701 0.0 1.0 1.0 1 0 0 0.0 1.0 0
cell 46.2270556156916 3.2975439346641586 0.0 1.0 1.0 1 0 0 0.0 1.0 0
cell 57.04006684208139 20.843760752346665 0.0 1.0 1.0 1 0 0 0.0 1.0 0
cell 33.39707573387075 44.36454075166893 0.0 1.6431676725154984 0.6085806194501846 1 0 0 -0.5399038008964951 -0.8417267286818909 1.140645634802862
cell 47.65685678310945 49.405112701464795 0.0 1.0 1.0 1 0 0 0.0 1.0 0
cell 20.061380844044972 34.82787862632328 0.0 1.0 1.0 1 0 0 0.0 1.0 0
cell 39.41889832361876 3.366002497576448 0.0 1.0 1.0 1 0 0 0.0 1.0 0
cell 56.65526128728808 19.057734282835796 0.0 1.0 1.0 1 0 0 0.0 1.0 0
cell 26.223176730024736 42.9596018455206 0.0 1.0 1.0 1 0 0 0.0 1.0 0
cell 30.811769387299154 11.637761577851114 0.0 1.6431676725154984 0.6085806194501846 1 0 0 0.6114058949046032 0.7913171498684338 1.3156720514750062
cell 11.59749471493337 4.242053463190253 0.0 1.0 1.0 1 0 0 0.0 1.0 0
cell 2.260482028400593 48.22496502207235 0.0 1.0 1.0 1 0 0 0.0 1.0 0
cell 26.504449216839014 19.675840387803202 0.0 1.6431676725154984 0.6085806194501846 1 0 0 0.9676152466931032 0.25242966221711155 2.6312118224522765
cell 32.00207075978333 36.16771094072453 0.0 1.0 1.0 1 0 0 0.0 1.0 0
cell 20.33496321198696 54.60895989593803 0.0 1.0 1.0 1 0 0 0.0 1.0 0
cell 36.55871244301283 33.52028069361292 0.0 1.0 1.0 1 0 0 0.0 1.0 0
cell 14.366756272070944 27.576006028096888 0.0 1.6431676725154984 0.6085806194501846 1 0 0 0.9208361744902032 0.38994966309800555 2.340438798133134
cell 7.7643101546309286 26.414253796130076 0.0 1.0 1.0 1 0 0 0.0 1.0 0
cell 44.2834772911155 49.743171380455976 0.0 1.0 1.0 1 0 0 0.0 1.0 0
cell 27.05050708230863 35.85244496849317 0.0 1.6431676725154984 0.6085806194501846 1 0 0 -0.08821854273745662 -0.9961011438188793 0.1766667446184691
cell 42.33335884713723 47.059561263934924 0.0 1.0 1.0 1 0 0 0.0 1.0 0
cell 32.599971387190024 27.413367338493703 0.0 1.6431676725154984 0.6085806194501846 1 0 0 0.9762706727935774 0.21655385806578398 2.705026301715661
cell 33.77597352791804 41.08173527801216 0.0 1.0 1.0 1 0 0 0.0 1.0 0
cell 0.4175577331324969 0.9304296954753635 0.0 1.0 1.0 1 0 0 0.0 1.0 0
cell 12.35626455161021 16.603735840026015 0.0 1.6431676725154984 0.6085806194501846 1 0 0 0.37345433667851524 0.9276485640672388 0.7654599960659642
cell 28.022579620286624 10.228732346564374 0.0 1.0 1.0 1 0 0 0.0 1.0 0
cell 32.46595130993005 14.311281065017132 0.0 1.0 1.0 1 0 0 0.0 1.0 0
cell 57.27621364302496 4.172767292781794 0.0 1.0 1.0 1 0 0 0.0 1.0 0
cell 53.09958759893883 0.682458399478909 0.0 1.0 1.0 1 0 0 0.0 1.0 0
cell 14.281078632646208 29.174022186188225 0.0 1.6431676725154984 0.6085806194501846 1 0 0 0.960355619803189 0.2787778389908938 2.576550132087806
cell 20.501009446080726 4.398006732765494 0.0 1.0 1.0 1 0 0 0.0 1.0 0
cell 36.99720484505686 29.896508484845697 0.0 1.0 1.0 1 0 0 0.0 1.0 0
cell 24.872253662914893 34.48862205783169 0.0 1.6431676725154984 0.6085806194501846 1 0 0 0.9987805742388361 0.04936967209877761 3.0428131547053066
cell 27.914008130280035 59.06983345363246 0.0 1.0 1.0 1 0 0 0.0 1.0 0
cell 15.559253865814979 20.30433685698991 0.0 1.0 1.0 1 0 0 0.0 1.0 0
cell 52.33555699975435 45.387965412236156 0.0 1.0 1.0 1 0 0 0.0 1.0 0
cell 0.9987064241859397 5.747775908508496 0.0 1.6431676725154984 0.6085806194501846 1 0 0 0.8518304355143346 0.5238176296493456 2.0389396838010474
cell 16.000273963883604 14.926547830720232 0.0 1.0 1.0 1 0 0 0.0 1.0 0
cell 14.424611671043595 25.952334446225972 0.0 1.6431676725154984 0.6085806194501846 1 0 0 0.9328485780411095 0.36026869201566764 2.4044808309422456
cell 51.82156871204665 33.557486278103255 0.0 1.0 1.0 1 0 0 0.0 1.0 0
cell 48.679900429141945 25.51323250881625 0.0 1.0 1.0 1 0 0 0.0 1.0 0
cell 17.356991103149547 46.89748403381058 0.0 1.0 1.0 1 0 0 0.0 1.0 0
cell 47.04674019314864 30.239644787229743 0.0 1.0 1.0 1 0 0 0.0 1.0 0
cell 21.664928751043313 9.525153079437068 0.0 1.6431676725154984 0.6085806194501846 1 0 0 0.499053448690528 0.8665712061625926 1.0450122734236482
cell 10.01336379764867 57.837698857382385 0.0 1.0 1.0 1 0 0 0.0 1.0 0
cell 15.623430294397288 29.852542550547856 0.0 1.6431676725154984 0.6085806194501846 1 0 0 0.8350357663014386 0.5501956642844154 1.9763955771236938
cell 2.3213455082618712 9.895034483110331 0.0 1.0 1.0 1 0 0 0.0 1.0 0
cell 0.5008925099271322 40.44196600965118 0.0 1.0 1.0 1 0 0 0.0 1.0 0
cell 21.663679664948642 2.7062757849051002 0.0 1.0 1.0 1 0 0 0.0 1.0 0
cell 48.44691550016678 13.752318701781451 0.0 1.6431676725154984 0.6085806194501846 1 0 0 0.9878824694392148 -0.15520382268062502 3.453260199200384
cell 40.375855546618936 0.1489501764388644 0.0 1.0 1.0 1 0 0 0.0 1.0 0
cell 45.156581824610434 58.959165211446916 0.0 1.0 1.0 1 0 0 0.0 1.0 0
cell 16.20369947211641 27.46112540045143 0.0 1.6431676725154984 0.6085806194501846 1 0 0 0.9733344327510497 0.2293906755323599 2.6786894154835195
cell 23.738601879690542 14.199850953508138 0.0 1.6431676725154984 0.6085806194501846 1 0 0 0.347002020135911 0.9378643814654637 0.7087452057145691
cell 14.689904455689012 44.7010604723588 0.0 1.0 1.0 1 0 0 0.0 1.0 0
cell 55.692627881058534 40.459480868686256 0.0 1.0 1.0 1 0 0 0.0 1.0 0
cell 5.573298084464426 39.15820321616932 0.0 1.0 1.0 1 0 0 0.0 1.0 0
cell 10.843383063273754 27.560167084501437 0.0 1.6431676725154984 0.6085806194501846 1 0 0 0.7232884813804458 0.6905459960801804 1.6171053314100599
cell 51.38488263978101 4.0095249203278 0.0 1.0 1.0 1 0 0 0.0 1.0 0
cell 0.023963041854302036 33.20577848244456 0.0 1.0 1.0 1 0 0 0.0 1.0 0
cell 27.438555481875877 44.55939128912284 0.0 1.0 1.0 1 0 0 0.0 1.0 0
cell 42.614547855354594 22.502432403289784 0.0 1.0 1.0 1 0 0 0.0 1.0 0
cell 30.456804026365944 42.9264311532297 0.0 1.6431676725154984 0.6085806194501846 1 0 0 0.51817799244301 0.8552728033485759 1.0894384984875667
cell 16.124629169361647 16.66736603104807 0.0 1.6431676725154984 0.6085806194501846 1 0 0 0.3233503610944141 0.9462793160479162 0.6585358360910514
cell 18.278799577819413 21.55524862281285 0.0 1.0 1.0 1 0 0 0.0 1.0 0
cell 5.338305542821099 8.497985636790041 0.0 1.0 1.0 1 0 0 0.0 1.0 0
cell 43.136958936075324 54.84817722657839 0.0 1.0 1.0 1 0 0 0.0 1.0 0
cell 3.7245707300750883 3.123288847090352 0.0 1.0 1.0 1 0 0 0.0 1.0 0
cell 37.83236642640389 44.98710876009128 0.0 1.0 1.0 1 0 0 0.0 1.0 0
cell 45.34301349416505 9.763610788660953 0.0 1.0 1.0 1 0 0 0.0 1.0 0
cell 23.396037665701876 53.31263606111052 0.0 1.0 1.0 1 0 0 0.0 1.0 0
cell 30.44747234590729 39.170916623278984 0.0 1.6431676725154984 0.6085806194501846 1 0 0 0.501050927377735 0.865417799778761 1.0496254154118736
cell 45.830210013205644 15.529640322911117 0.0 1.0 1.0 1 0 0 0.0 1.0 0
cell 19.70810716393873 38.29179197467913 0.0 1.6431676725154984 0.6085806194501846 1 0 0 0.2896835439937461 0.9571224813675747 0.5877923769628698
cell 28.770745890793588 53.52545540057355 0.0 1.6431676725154984 0.6085806194501846 1 0 0 0.8881723339074908 0.45951050617077355 2.186704663462737
cell 33.3981471998945 4.126701087133259 0.0 1.0 1.0 1 0 0 0.0 1.0 0
cell 58.326660847576306 28.038672818529385 0.0 1.6431676725154984 0.6085806194501846 1 0 0 0.9703570791430625 -0.24167568962753447 3.629777373733869
cell 29.792404314769637 54.51172012454497 0.0 1.0 1.0 1 0 0 0.0 1.0 0
cell 23.24955548418184 16.158789305568902 0.0 1.6431676725154984 0.6085806194501846 1 0 0 0.34153722498057065 -0.9398682481883145 5.586081332256431
cell 39.51986735045636 49.64018080006802 0.0 1.0 1.0 1 0 0 0.0 1.0 0
cell 30.305623739772177 40.968875365590584 0.0 1.6431676725154984 0.6085806194501846 1 0 0 -0.4128020641327941 -0.9108207594514436 0.8510566838555444
cell 34.677229670661255 53.16134621785432 0.0 1.0 1.0 1 0 0 0.0 1.0 0
cell 31.791962580457195 51.617692602039895 0.0 1.0 1.0 1 0 0 0.0 1.0 0
cell 20.344274128339524 24.30939134056629 0.0 1.6431676725154984 0.6085806194501846 1 0 0 0.7934643430527714 0.6086167400785439 1.8329604418876588
cell 52.81097551505262 31.857514994201658 0.0 1.0 1.0 1 0 0 0.0 1.0 0
cell 20.772969948814136 26.264759677228618 0.0 1.6431676725154984 0.6085806194501846 1 0 0 0.994855654209435 0.10130265192736618 2.938639209333768
cell 5.857103030483879 17.05213720386558 0.0 1.0 1.0 1 0 0 0.0 1.0 0
cell 16.647596183623225 45.01484972865066 0.0 1.0 1.0 1 0 0 0.0 1.0 0
cell 26.084780944998908 28.725719667313772 0.0 1.6431676725154984 0.6085806194501846 1 0 0 0.9953270453650274 -0.09656123841855399 3.3350165113624013
cell 0.5467381210397698 29.95321773329291 0.0 1.0 1.0 1 0 0 0.0 1.0 0
cell 28.271158300733084 34.54269140273645 0.0 1.0 1.0 1 0 0 0.0 1.0 0
cell 6.622210619418676 5.067866378881913 0.0 1.0 1.0 1 0 0 0.0 1.0 0
cell 2.814599992483582 56.53862015921058 0.0 1.6431676725154984 0.6085806194501846 1 0 0 0.8933821777925836 0.44929754551141354 2.2096348600272884
cell 36.547478782613325 53.43301297702808 0.0 1.0 1.0 1 0 0 0.0 1.0 0
cell 45.48027971332553 28.985430725598064 0.0 1.0 1.0 1 0 0 0.0 1.0 0
cell 32.38091520378729 29.748109074431657 0.0 1.6431676725154984 0.6085806194501846 1 0 0 0.9898737917357789 0.14195026042467043 2.856729955727761
cell 6.284643014341879 23.74856563883209 0.0 1.6431676725154984 0.6085806194501846 1 0 0 0.9195429124327328 0.3929896082528487 2.333831588973536
cell 11.127573988582826 34.10752153197832 0.0 1.0 1.0 1 0 0 0.0 1.0 0
cell 12.794269862075152 41.35494246675128 0.0 1.0 1.0 1 0 0 0.0 1.0 0
cell 40.878510583812684 15.525482674267192 0.0 1.0 1.0 1 0 0 0.0 1.0 0
cell 20.657444593599678 19.285620681271126 0.0 1.6431676725154984 0.6085806194501846 1 0 0 0.7229462736788815 0.6909042519581274 1.6161144663534268
cell 49.93031101077927 36.90576030703163 0.0 1.0 1.0 1 0 0 0.0 1.0 0
cell 51.70704355429159 43.70776902096862 0.0 1.0 1.0 1 0 0 0.0 1.0 0
cell 12.731496753942587 44.49991705050735 0.0 1.0 1.0 1 0 0 0.0 1.0 0
cell 8.672513436933956 52.85553650472119 0.0 1.6431676725154984 0.6085806194501846 1 0 0 0.45978012378706834 0.8880327909319273 0.955495166878105
cell 48.08164986629353 36.84920237279785 0.0 1.0 1.0 1 0 0 0.0 1.0 0
cell 53.69818274758287 24.543154364237854 0.0 1.6431676725154984 0.6085806194501846 1 0 0 0.9643338641162319 -0.2646888711651035 3.6773551976143706
cell 33.86621711820678 17.027110341257266 0.0 1.0 1.0 1 0 0 0.0 1.0 0
cell 38.24822749772058 13.129354461162018 0.0 1.0 1.0 1 0 0 0.0 1.0 0
cell 2.698366937412355 25.526365875242803 0.0 1.0 1.0 1 0 0 0.0 1.0 0
cell 56.45120811903165 15.692463825466126 0.0 1.0 1.0 1 0 0 0.0 1.0 0
cell 18.350570307192253 54.38428015624145 0.0 1.0 1.0 1 0 0 0.0 1.0 0
cell 36.796277982535315 18.05245730332316 0.0 1.6431676725154984 0.6085806194501846 1 0 0 0.1406029601871736 0.990066062233528 0.28214079693793787
cell 42.857830925471376 18.20473283106862 0.0 1.0 1.0 1 0 0 0.0 1.0 0
cell 27.476176634856166 17.360602552217767 0.0 1.6431676725154984 0.6085806194501846 1 0 0 0.8673409224501625 0.49771450073641743 2.099669228016903
cell 5.0818942640461255 35.833107538117105 0.0 1.6431676725154984 0.6085806194501846 1 0 0 0.9591584179162498 -0.2828694563582232 3.715161523094344
cell 52.847767143211655 15.525421701602463 0.0 1.0 1.0 1 0 0 0.0 1.0 0
cell 11.616979156574079 46.1806356025415 0.0 1.0 1.0 1 0 0 0.0 1.0 0
cell 6.719811907612386 45.67414951481597 0.0 1.0 1.0 1 0 0 0.0 1.0 0
cell 35.54874590982129 0.7398280923523053 0.0 1.0 1.0 1 0 0 0.0 1.0 0
cell 29.06011546576791 19.02133336155142 0.0 1.0 1.0 1 0 0 0.0 1.0 0
cell 48.60899173031371 7.555158618184782 0.0 1.0 1.0 1 0 0 0.0 1.0 0
cell 36.86097765215046 43.49368757819791 0.0 1.0 1.0 1 0 0 0.0 1.0 0
cell 51.565387980220194 14.001826607232958 0.0 1.0 1.0 1 0 0 0.0 1.0 0
cell 19.446935160381223 8.61286399079611 0.0 1.0 1.0 1 0 0 0.0 1.0 0
cell 28.705810479704382 1.8045806007641152 0.0 1.0 1.0 1 0 0 0.0 1.0 0
cell 46.6216338737616 41.6986285227068 0.0 1.0 1.0 1 0 0 0.0 1.0 0
cell 50.47163490651761 20.456367935385945 0.0 1.6431676725154984 0.6085806194501846 1 0 0 0.8098780783988574 -0.5865982425212115 4.395296826839178
cell 34.48713003211494 39.32538244532336 0.0 1.0 1.0 1 0 0 0.0 1.0 0
cell 44.064088101694324 47.84690008190354 0.0 1.0 1.0 1 0 0 0.0 1.0 0
cell 32.067091136064576 45.49063843113909 0.0 1.6431676725154984 0.6085806194501846 1 0 0 0.46604633163163656 0.8847603160024158 0.9696337185772701
cell 28.044754209447053 48.417339389748705 0.0 1.0 1.0 1 0 0 0.0 1.0 0
cell 1.9947155060706832 54.56629548189572 0.0 1.6431676725154984 0.6085806194501846 1 0 0 0.9996368912052798 0.026945978205357463 3.087694173350412
cell 6.621455086167799 34.55147178319533 0.0 1.6431676725154984 0.6085806194501846 1 0 0 0.9350946136244219 -0.3543981709470199 3.8661334263955633
cell 54.7141920858758 14.919461698718408 0.0 1.0 1.0 1 0 0 0.0 1.0 0
cell 51.56083640780424 18.258331825833697 0.0 1.0 1.0 1 0 0 0.0 1.0 0
cell 49.36579909306851 1.1340912878064713 0.0 1.0 1.0 1 0 0 0.0 1.0 0
cell 41.35494775280863 40.26674567893161 0.0 1.0 1.0 1 0 0 0.0 1.0 0
cell 28.16415562412618 20.891491344528735 0.0 1.6431676725154984 0.6085806194501846 1 0 0 0.9834055643979754 0.18142077034093787 2.7767306449170075
cell 29.40667049129341 49.34741797043663 0.0 1.0 1.0 1 0 0 0.0 1.0 0
cell 36.52261971432764 50.48632570521767 0.0 1.6431676725154984 0.6085806194501846 1 0 0 0.28421528678154634 0.9587604866491335 0.5763757247875826
cell 46.44784814194021 14.112001514233711 0.0 1.6431676725154984 0.6085806194501846 1 0 0 0.9842066734545919 -0.17702322990908947 3.497514825387651
cell 54.724551373301594 42.16954088286289 0.0 1.0 1.0 1 0 0 0.0 1.0 0
cell 48.17559251687996 22.59915677879703 0.0 1.0 1.0 1 0 0 0.0 1.0 0
cell 30.238457251743338 5.601527477182077 0.0 1.0 1.0 1 0 0 0.0 1.0 0
cell 38.625469023739996 9.98436727020875 0.0 1.6431676725154984 0.6085806194501846 1 0 0 0.9944024955454661 -0.1056583023380052 3.3533044250653488
cell 49.99960191320011 58.691815329234615 0.0 1.0 1.0 1 0 0 0.0 1.0 0
cell 24.561682969293614 22.99267166717802 0.0 1.6431676725154984 0.6085806194501846 1 0 0 0.9795905898301978 0.20100317489066002 2.73682887545411
cell 2.4406478838033205 45.82223514295937 0.0 1.0 1.0 1 0 0 0.0 1.0 0
cell 32.46912115134099 39.628680443662816 0.0 1.0 1.0 1 0 0 0.0 1.0 0
cell 44.11952295938387 14.83400357598264 0.0 1.0 1.0 1 0 0 0.0 1.0 0
cell 38.263750772278414 39.02827581248363 0.0 1.0 1.0 1 0 0 0.0 1.0 0
cell 31.59742896137371 54.614148400879316 0.0 1.0 1.0 1 0 0 0.0 1.0 0
cell 49.40783641043272 50.30025375533263 0.0 1.0 1.0 1 0 0 0.0 1.0 0
cell 58.40479101042713 2.5405863623003375 0.0 1.0 1.0 1 0 0 0.0 1.0 0
cell 0.1707212035245365 48.76583608703464 0.0 1.0 1.0 1 0 0 0.0 1.0 0
cell 37.75164922506674 51.97305118742754 0.0 1.0 1.0 1 0 0 0.0 1.0 0
cell 32.520306709531766 12.465264552224122 0.0 1.0 1.0 1 0 0 0.0 1.0 0
cell 41.44246395480436 54.202501304616256 0.0 1.0 1.0 1 0 0 0.0 1.0 0
cell 15.422346045245515 23.677855637072202 0.0 1.0 1.0 1 0 0 0.0 1.0 0
cell 51.753380191728084 36.990183459918455 0.0 1.0 1.0 1 0 0 0.0 1.0 0
cell 33.836472789328354 31.35942524782327 0.0 1.0 1.0 1 0 0 0.0 1.0 0
cell 56.00341323190557 27.73673121781603 0.0 1.6431676725154984 0.6085806194501846 1 0 0 0.9645813478458525 -0.26378556326660224 3.6754820041699587
cell 22.66755304474285 21.522726423426246 0.0 1.6431676725154984 0.6085806194501846 1 0 0 0.7076301411520821 0.7065830335729016 1.5722771606699404
cell 17.53132676457386 29.83777511522912 0.0 1.6431676725154984 0.6085806194501846 1 0 0 0.9856772946312969 0.1686424348980037 2.8026882241200135
cell 32.23491522301574 56.24468321332626 0.0 1.0 1.0 1 0 0 0.0 1.0 0
cell 31.572862552693664 47.366330633280604 0.0 1.6431676725154984 0.6085806194501846 1 0 0 0.35540322406852287 0.9347130834227685 0.7266908399518095
cell 27.0502210613738 40.79575951117532 0.0 1.6431676725154984 0.6085806194501846 1 0 0 0.33129659801446476 0.9435266631866013 0.6753548962006223
cell 2.1691028106959136 37.22779592665363 0.0 1.0 1.0 1 0 0 0.0 1.0 0
cell 2.099512962936279 0.09938030200544438 0.0 1.6431676725154984 0.6085806194501846 1 0 0 0.858071906412467 0.5135295545785797 2.0630064405357484
cell 43.44202759501391 7.0271631907786 0.0 1.0 1.0 1 0 0 0.0 1.0 0
cell 29.52737280681968 3.655475452761267 0.0 1.0 1.0 1 0 0 0.0 1.0 0
cell 1.4208620585452878 38.73026640829293 0.0 1.0 1.0 1 0 0 0.0 1.0 0
cell 38.83582311671691 19.874203981203035 0.0 1.6431676725154984 0.6085806194501846 1 0 0 0.9938236212033856 0.11097121220474042 2.9191921638114553
cell 28.250973343257535 55.695511700063584 0.0 1.0 1.0 1 0 0 0.0 1.0 0
cell 9.347499635471426 8.718808846919588 0.0 1.0 1.0 1 0 0 0.0 1.0 0
cell 41.51923321313627 29.556142498849624 0.0 1.0 1.0 1 0 0 0.0 1.0 0
cell 18.661339201117638 3.8007504332559288 0.0 1.6431676725154984 0.6085806194501846 1 0 0 0.5545032314063794 0.8321815705480886 1.175531799940553
cell 8.590904100355548 44.949478727470776 0.0 1.0 1.0 1 0 0 0.0 1.0 0
cell 10.785071137470728 49.698364812724236 0.0 1.0 1.0 1 0 0 0.0 1.0 0
cell 58.006568973524985 25.36435970094892 0.0 1.6431676725154984 0.6085806194501846 1 0 0 0.9809875617965425 -0.1940706149845327 3.5322125813358767
cell 56.68996536155341 38.77214679465113 0.0 1.0 1.0 1 0 0 0.0 1.0 0
cell 41.965495758917605 45.072155878188426 0.0 1.0 1.0 1 0 0 0.0 1.0 0
cell 25.50450062913645 50.382383998674904 0.0 1.0 1.0 1 0 0 0.0 1.0 0
cell 20.315915761996177 32.51957157077304 0.0 1.0 1.0 1 0 0 0.0 1.0 0
cell 16.092205497669354 18.834592541465444 0.0 1.6431676725154984 0.6085806194501846 1 0 0 0.02916139351979606 -0.9995747161308071 6.224854250819742
cell 1.5048957913452992 52.25291452460266 0.0 1.6431676725154984 0.6085806194501846 1 0 0 -0.028517539917789842 0.9995932922529228 6.226142493882947
cell 26.410732072611875 13.61623572803832 0.0 1.6431676725154984 0.6085806194501846 1 0 0 -0.20904350100546498 0.9779063424926633 5.861991810527496
cell 37.34015840828854 4.625595026646946 0.0 1.0 1.0 1 0 0 0.0 1.0 0
cell 18.30641963502404 6.966458364535284 0.0 1.0 1.0 1 0 0 0.0 1.0 0
cell 32.068102470346176 24.7490891042063 0.0 1.6431676725154984 0.6085806194501846 1 0 0 0.8526717381536747 0.5224470374631205 2.042156087774009
cell 4.2805571309743025 10.095772312864664 0.0 1.0 1.0 1 0 0 0.0 1.0 0
cell 6.887178927930401 24.95442073794299 0.0 1.6431676725154984 0.6085806194501846 1 0 0 0.9880203605513009 0.15432357932628848 2.8317070646275657
cell 8.953492025795722 23.10367302132796 0.0 1.6431676725154984 0.6085806194501846 1 0 0 0.6464450254670209 0.7629605684758176 1.4058314769833993
cell 7.312468578646155 55.52415510144638 0.0 1.0 1.0 1 0 0 0.0 1.0 0
cell 28.559301505078214 14.836802605241639 0.0 1.6431676725154984 0.6085806194501846 1 0 0 0.9324289758979236 0.36135329652010845 2.4021549478479844
cell 14.85814079164064 49.97244350231644 0.0 1.0 1.0 1 0 0 0.0 1.0 0
cell 53.83839579894393 46.32386447596987 0.0 1.0 1.0 1 0 0 0.0 1.0 0
cell 13.161789434195718 22.783153967557002 0.0 1.6431676725154984 0.6085806194501846 1 0 0 0.9486682984309931 0.3162727613185242 2.497996685621728
cell 21.352646014584824 36.972539193153786 0.0 1.6431676725154984 0.6085806194501846 1 0 0 0.9329352050962811 -0.36004430712338714 3.8782234239455873
cell 3.3020243546112384 31.89679419215242 0.0 1.0 1.0 1 0 0 0.0 1.0 0
cell 9.2130168289866 48.555666116962385 0.0 1.0 1.0 1 0 0 0.0 1.0 0
cell 31.852179133211585 0.5066755410398384 0.0 1.0 1.0 1 0 0 0.0 1.0 0
cell 52.772365353183574 42.101011065870146 0.0 1.0 1.0 1 0 0 0.0 1.0 0
cell 53.205512542977836 56.22581072855396 0.0 1.6431676725154984 0.6085806194501846 1 0 0 0.9406551874513315 0.3393638435674908 2.449111605250198
cell 36.225531356334244 13.23914254876943 0.0 1.0 1.0 1 0 0 0.0 1.0 0
cell 58.45590563384056 45.68843865485148 0.0 1.0 1.0 1 0 0 0.0 1.0 0
cell 47.83594036882381 51.35359667093042 0.0 1.0 1.0 1 0 0 0.0 1.0 0
cell 1.1928766316590633 43.50184469621463 0.0 1.0 1.0 1 0 0 0.0 1.0 0
cell 35.86928525183942 51.803506473204116 0.0 1.0 1.0 1 0 0 0.0 1.0 0
cell 25.508804847833943 6.638202362693015 0.0 1.0 1.0 1 0 0 0.0 1.0 0
cell 16.77602600338921 50.6161328900155 0.0 1.0 1.0 1 0 0 0.0 1.0 0
cell 58.57583618122252 35.28882309902551 0.0 1.0 1.0 1 0 0 0.0 1.0 0
cell 7.849858938333804 17.330764107854165 0.0 1.0 1.0 1 0 0 0.0 1.0 0
cell 1.4634614097587353 35.6708548307545 0.0 1.0 1.0 1 0 0 0.0 1.0 0
cell 0.3083698793561549 37.07633977743957 0.0 1.0 1.0 1 0 0 0.0 1.0 0
cell 37.779281658453776 2.9266221089844877 0.0 1.0 1.0 1 0 0 0.0 1.0 0
cell 49.25955137252396 48.336799181708194 0.0 1.0 1.0 1 0 0 0.0 1.0 0
cell 51.10092871365283 55.26714614081997 0.0 1.0 1.0 1 0 0 0.0 1.0 0
cell 1.1987963051568977 33.84906371062592 0.0 1.6431676725154984 0.6085806194501846 1 0 0 0.9376893417199136 0.347474745017354 2.4318392658848307
cell 44.67020667494897 37.30710209213683 0.0 1.0 1.0 1 0 0 0.0 1.0 0
cell 55.63563597099618 33.62314624522049 0.0 1.0 1.0 1 0 0 0.0 1.0 0
cell 4.84375946402514 28.258305985592635 0.0 1.6431676725154984 0.6085806194501846 1 0 0 0.5990998455118663 0.8006743252457006 1.2847527796364604
cell 40.496684586708255 43.696198092082355 0.0 1.0 1.0 1 0 0 0.0 1.0 0
cell 17.42179218508731 13.010828138303674 0.0 1.0 1.0 1 0 0 0.0 1.0 0
cell 34.457235399232324 2.4638440705725477 0.0 1.0 1.0 1 0 0 0.0 1.0 0
cell 58.56743901107594 8.408424910716501 0.0 1.6431676725154984 0.6085806194501846 1 0 0 0.8090248555190156 0.5877744322037459 1.8849823407542976
cell 47.90734393059856 40.211314999318 0.0 1.0 1.0 1 0 0 0.0 1.0 0
cell 7.33542220083915 8.662771913592563 0.0 1.0 1.0 1 0 0 0.0 1.0 0
cell 46.618901527311905 1.0432173662770399 0.0 1.6431676725154984 0.6085806194501846 1 0 0 0.6604395743829473 0.7508791970675919 1.4428080463702884
cell 45.33383101346115 1.687840838693377 0.0 1.0 1.0 1 0 0 0.0 1.0 0
cell 26.091782268651237 15.158524251847153 0.0 1.6431676725154984 0.6085806194501846 1 0 0 0.9580391134167873 0.2866375013210522 2.5601622256395085
cell 32.16661875021751 10.534597088360737 0.0 1.0 1.0 1 0 0 0.0 1.0 0
cell 28.121443163343326 46.37378857069523 0.0 1.0 1.0 1 0 0 0.0 1.0 0
cell 16.226291113973552 21.80967722196956 0.0 1.0 1.0 1 0 0 0.0 1.0 0
cell 17.40360625923242 20.188580274254427 0.0 1.0 1.0 1 0 0 0.0 1.0 0
cell 21.79886732869151 30.57304935870289 0.0 1.6431676725154984 0.6085806194501846 1 0 0 0.9998869969590702 -0.01503307394288825 3.1716599340488103
cell 38.13197974085288 56.806379857335884 0.0 1.0 1.0 1 0 0 0.0 1.0 0
cell 31.26232214187809 8.749793984576788 0.0 1.0 1.0 1 0 0 0.0 1.0 0
cell 47.03303417510479 43.55641389309371 0.0 1.0 1.0 1 0 0 0.0 1.0 0
cell 3.409028721016559 23.650856266575975 0.0 1.0 1.0 1 0 0 0.0 1.0 0
cell 33.0595030700121 26.00455668942296 0.0 1.6431676725154984 0.6085806194501846 1 0 0 0.9833576836146858 0.18168012020020102 2.7762031795842645
cell 29.525288330309063 45.45602161737942 0.0 1.6431676725154984 0.6085806194501846 1 0 0 0.47036696445843457 0.8824709166574034 0.9794131388101175
cell 33.566255539139654 54.756831693646944 0.0 1.0 1.0 1 0 0 0.0 1.0 0
cell 28.412691374983247 40.44224316111132 0.0 1.6431676725154984 0.6085806194501846 1 0 0 0.35019072106807 0.9366784180698439 0.7155494202832801
cell 57.012010322243476 50.737460449270166 0.0 1.6431676725154984 0.6085806194501846 1 0 0 0.9792899618002093 -0.2024627637797742 3.549336886287202
cell 9.68600612681961 3.907299232038568 0.0 1.0 1.0 1 0 0 0.0 1.0 0
cell 15.582402193559599 12.866392615770073 0.0 1.6431676725154984 0.6085806194501846 1 0 0 0.4786676561132763 0.8779961702598834 0.9982732020388111
cell 0.15797570184156634 4.183452531937655 0.0 1.0 1.0 1 0 0 0.0 1.0 0
cell 43.39013488368483 40.12807267640395 0.0 1.6431676725154984 0.6085806194501846 1 0 0 0.39156868540122985 -0.9201488817648765 5.478513722167571
cell 41.989973415282336 43.1315962739078 0.0 1.0 1.0 1 0 0 0.0 1.0 0
cell 53.468163905331515 13.662883602184 0.0 1.0 1.0 1 0 0 0.0 1.0 0
cell 26.35464564883314 49.01467720711662 0.0 1.0 1.0 1 0 0 0.0 1.0 0
cell 4.009029927764411 58.68514271571373 0.0 1.0 1.0 1 0 0 0.0 1.0 0
cell 5.895792184820773 51.689969914942175 0.0 1.6431676725154984 0.6085806194501846 1 0 0 0.571695851492998 0.8204656320563928 1.2171426165296126
cell 36.81383628995796 7.662501800604954 0.0 1.0 1.0 1 0 0 0.0 1.0 0
cell 53.01862967330549 17.36908055105413 0.0 1.0 1.0 1 0 0 0.0 1.0 0
cell 56.610891491367724 35.31666222965728 0.0 1.0 1.0 1 0 0 0.0 1.0 0
cell 34.13245538531341 5.930485032042632 0.0 1.0 1.0 1 0 0 0.0 1.0 0
cell 24.272182657417858 46.19682601486821 0.0 1.0 1.0 1 0 0 0.0 1.0 0
cell 50.830618994345535 47.25759801019588 0.0 1.0 1.0 1 0 0 0.0 1.0 0
cell 21.883090520307228 24.468052539653108 0.0 1.6431676725154984 0.6085806194501846 1 0 0 0.9224526802581544 0.38611015615306876 2.3487706477663157
cell 49.21101867016035 17.73000308246099 0.0 1.6431676725154984 0.6085806194501846 1 0 0 0.830811790453498 -0.5565534734807187 4.322055900843763
cell 56.44991463153192 48.638232324152234 0.0 1.6431676725154984 0.6085806194501846 1 0 0 0.8882367545161028 -0.4593859683607026 4.096200217748128
cell 54.031527531482325 9.009173803776925 0.0 1.0 1.0 1 0 0 0.0 1.0 0
cell 35.31758758196911 48.77885699181869 0.0 1.6431676725154984 0.6085806194501846 1 0 0 0.3326226324893322 0.9430600110045313 0.6781663954540402
cell 39.99265742554391 57.27932711289326 0.0 1.0 1.0 1 0 0 0.0 1.0 0
cell 22.01653551939982 32.19064996704478 0.0 1.0 1.0 1 0 0 0.0 1.0 0
cell 6.135730364358179 48.862561612389264 0.0 1.6431676725154984 0.6085806194501846 1 0 0 0.6325205461588645 0.7745435808828911 1.3696062775065692
cell 6.895259969474337 37.69078214208454 0.0 1.0 1.0 1 0 0 0.0 1.0 0
cell 4.476748729454656 18.478633303612515 0.0 1.0 1.0 1 0 0 0.0 1.0 0
cell 46.0299807414512 50.52516687075288 0.0 1.0 1.0 1 0 0 0.0 1.0 0
cell 16.506323828211233 26.04980759590216 0.0 1.6431676725154984 0.6085806194501846 1 0 0 0.9851914008414224 0.17145816897458055 2.796973521426121
cell 26.69248665383405 32.26789886358491 0.0 1.6431676725154984 0.6085806194501846 1 0 0 0.9636858481646922 -0.2670385478673403 3.6822299932899587
cell 58.54575042804293 38.73150880770852 0.0 1.0 1.0 1 0 0 0.0 1.0 0
cell 53.649955214319604 43.8784114811593 0.0 1.0 1.0 1 0 0 0.0 1.0 0
cell 42.75078202316225 50.96922875729954 0.0 1.0 1.0 1 0 0 0.0 1.0 0
cell 39.560167677486476 21.210468282398438 0.0 1.0 1.0 1 0 0 0.0 1.0 0
cell 26.735999735731834 8.644718114596143 0.0 1.0 1.0 1 0 0 0.0 1.0 0
cell 13.591485863522854 1.1966250480027898 0.0 1.0 1.0 1 0 0 0.0 1.0 0
cell 21.127322371179794 47.623636567872744 0.0 1.0 1.0 1 0 0 0.0 1.0 0
cell 13.900434630496225 42.92475610024168 0.0 1.0 1.0 1 0 0 0.0 1.0 0
cell 6.69550299556588 21.32893404452932 0.0 1.0 1.0 1 0 0 0.0 1.0 0
cell 40.73891201872471 48.28217045052199 0.0 1.0 1.0 1 0 0 0.0 1.0 0
cell 28.724212101468677 23.925580754744413 0.0 1.6431676725154984 0.6085806194501846 1 0 0 0.27716407182851566 0.9608226044840106 0.5616825692343007
cell 48.75457195477372 19.933374160468446 0.0 1.6431676725154984 0.6085806194501846 1 0 0 0.6747530875063893 -0.7380435426860633 4.8019251052146785
cell 34.26716375134844 13.410518877371826 0.0 1.0 1.0 1 0 0 0.0 1.0 0
cell 4.34614069651777 6.680092288411513 0.0 1.0 1.0 1 0 0 0.0 1.0 0
cell 35.88250140503224 35.691325642061145 0.0 1.0 1.0 1 0 0 0.0 1.0 0
cell 58.43892094483539 15.850339607579755 0.0 1.0 1.0 1 0 0 0.0 1.0 0
cell 25.628727574113626 3.130066277984571 0.0 1.0 1.0 1 0 0 0.0 1.0 0
cell 7.784089909063169 43.13811372004457 0.0 1.0 1.0 1 0 0 0.0 1.0 0
cell 56.395830731485326 2.4906021281044355 0.0 1.0 1.0 1 0 0 0.0 1.0 0
cell 43.385968213070036 20.054597648171214 0.0 1.0 1.0 1 0 0 0.0 1.0 0
cell 48.498075760364394 57.80346214128294 0.0 1.6431676725154984 0.6085806194501846 1 0 0 0.9420957147031488 0.3353440984093252 2.4576517452033473
cell 4.146524884770346 13.419490411726336 0.0 1.0 1.0 1 0 0 0.0 1.0 0
cell 49.75166352126949 4.565014618260174 0.0 1.0 1.0 1 0 0 0.0 1.0 0
cell 51.48929199487869 27.083877926330636 0.0 1.0 1.0 1 0 0 0.0 1.0 0
cell 10.28709664785901 10.428031602759013 0.0 1.0 1.0 1 0 0 0.0 1.0 0
cell 39.02447131393486 1.4365176924616123 0.0 1.0 1.0 1 0 0 0.0 1.0 0
cell 42.945871620426225 5.367208251020182 0.0 1.0 1.0 1 0 0 0.0 1.0 0
cell 56.725846948847 42.11962798418785 0.0 1.0 1.0 1 0 0 0.0 1.0 0
cell 54.698396639605164 35.33904367257712 0.0 1.0 1.0 1 0 0 0.0 1.0 0
cell 22.297829501482347 54.85353077347059 0.0 1.0 1.0 1 0 0 0.0 1.0 0
cell 49.60826118764373 52.26506002805262 0.0 1.0 1.0 1 0 0 0.0 1.0 0
cell 52.80753999869428 10.598034843858837 0.0 1.0 1.0 1 0 0 0.0 1.0 0
cell 49.110641014489744 27.37640987738854 0.0 1.0 1.0 1 0 0 0.0 1.0 0
cell 14.01023878461244 36.40905133789695 0.0 1.0 1.0 1 0 0 0.0 1.0 0
cell 50.11611670011056 6.2642816027599695 0.0 1.0 1.0 1 0 0 0.0 1.0 0
cell 52.676407277726526 22.2272583278017 0.0 1.6431676725154984 0.6085806194501846 1 0 0 0.8743952152250375 -0.485214393429915 4.154809336665613
cell 36.13724652696625 2.673444135611762 0.0 1.0 1.0 1 0 0 0.0 1.0 0
cell 2.736099046724745 34.56419731248524 0.0 1.6431676725154984 0.6085806194501846 1 0 0 0.9999179126798982 0.012812802264750645 3.1159663478582007
cell 14.390472383675894 31.441109482112296 0.0 1.6431676725154984 0.6085806194501846 1 0 0 0.7537043622332811 0.6572136139418622 1.7073609484344159
cell 14.06711770067618 16.340713327363115 0.0 1.6431676725154984 0.6085806194501846 1 0 0 0.2853573491274773 0.9584211930560275 0.5787585187041551
cell 34.22943713398517 56.407945039295804 0.0 1.0 1.0 1 0 0 0.0 1.0 0
cell 26.77814458055363 11.798408257058304 0.0 1.0 1.0 1 0 0 0.0 1.0 0
cell 43.60493950180655 44.0640968829847 0.0 1.0 1.0 1 0 0 0.0 1.0 0
cell 34.18452643302374 15.173389527669372 0.0 1.6431676725154984 0.6085806194501846 1 0 0 0.9801022330797762 0.19849335684610747 2.7419517531683613
cell 47.17593089601942 21.168830595228084 0.0 1.0 1.0 1 0 0 0.0 1.0 0
cell 46.89388903345111 12.058533490761782 0.0 1.6431676725154984 0.6085806194501846 1 0 0 0.9777256422536534 -0.20988703742651876 3.56451149810962
cell 34.287594678877674 24.356646125267805 0.0 1.6431676725154984 0.6085806194501846 1 0 0 0.9757124642607264 0.2190552146977117 2.699900529437636
cell 13.104828904572754 18.559373392912523 0.0 1.6431676725154984 0.6085806194501846 1 0 0 0.29087134945421494 0.9567621742453472 0.590274878307934
cell 54.043386520186 12.10218740387783 0.0 1.0 1.0 1 0 0 0.0 1.0 0
cell 27.828908779769325 25.144855713293765 0.0 1.0 1.0 1 0 0 0.0 1.0 0
cell 17.359531799623692 23.22769694304301 0.0 1.0 1.0 1 0 0 0.0 1.0 0
cell 0.15476481738703468 53.84801214473829 0.0 1.6431676725154984 0.6085806194501846 1 0 0 0.2412840981438621 -0.9704545244280657 5.79580765450695
cell 6.033515932736845 58.928635102750675 0.0 1.0 1.0 1 0 0 0.0 1.0 0
cell 35.563986858535934 54.90893527943499 0.0 1.0 1.0 1 0 0 0.0 1.0 0
cell 39.17905388389725 11.491446356338114 0.0 1.6431676725154984 0.6085806194501846 1 0 0 0.9397394670184803 -0.3418914069230499 3.839450364381176
cell 0.9243329552810448 14.770293558456803 0.0 1.0 1.0 1 0 0 0.0 1.0 0
cell 28.61078435171517 32.0876695683644 0.0 1.6431676725154984 0.6085806194501846 1 0 0 0.6411939268786798 0.767378881735677 1.392106213666393
cell 40.47877077383934 7.903978389756385 0.0 1.0 1.0 1 0 0 0.0 1.0 0
cell 58.70097507352857 50.32020544944015 0.0 1.6431676725154984 0.6085806194501846 1 0 0 0.9638388103228542 -0.2664859240474534 3.6810831881327597
cell 55.79495436081 57.349289176414054 0.0 1.0 1.0 1 0 0 0.0 1.0 0
cell 46.962984113108035 8.670442062493338 0.0 1.0 1.0 1 0 0 0.0 1.0 0
cell 5.586662776237777 41.67111452382902 0.0 1.0 1.0 1 0 0 0.0 1.0 0
cell 2.9382226210233306 19.780418567265816 0.0 1.0 1.0 1 0 0 0.0 1.0 0
cell 36.843387500875146 48.659494461504806 0.0 1.0 1.0 1 0 0 0.0 1.0 0
cell 11.789586744826632 28.59446569855646 0.0 1.6431676725154984 0.6085806194501846 1 0 0 0.7529905652853723 0.6580313127741075 1.7051901075109335
cell 14.210901297604929 34.48548360561678 0.0 1.0 1.0 1 0 0 0.0 1.0 0
cell 23.984338951485167 58.53854739944056 0.0 1.0 1.0 1 0 0 0.0 1.0 0
cell 7.1592937767044935 30.949881199399893 0.0 1.6431676725154984 0.6085806194501846 1 0 0 0.6251097190323418 0.7805368916145519 1.350544187390889
cell 22.439157593956928 40.48453690560183 0.0 1.0 1.0 1 0 0 0.0 1.0 0
cell 57.410553886011456 52.14273791455296 0.0 1.6431676725154984 0.6085806194501846 1 0 0 0.17550910478892667 0.9844778078434219 0.35284575231875814
cell 6.10736815710136 13.662308222290692 0.0 1.0 1.0 1 0 0 0.0 1.0 0
cell 45.16620173833055 20.944822357272074 0.0 1.0 1.0 1 0 0 0.0 1.0 0
cell 13.925580168624492 39.703641066788734 0.0 1.0 1.0 1 0 0 0.0 1.0 0
cell 39.57694135510252 35.29958861998086 0.0 1.0 1.0 1 0 0 0.0 1.0 0
cell 9.321056676507315 20.63004088561337 0.0 1.6431676725154984 0.6085806194501846 1 0 0 0.9971532614133376 0.07540141412960402 2.990646563442254
cell 1.1141658767020657 56.111955888091806 0.0 1.0 1.0 1 0 0 0.0 1.0 0
cell 41.95676072183208 24.31147739640712 0.0 1.0 1.0 1 0 0 0.0 1.0 0
cell 3.03884677758081 14.845544122219573 0.0 1.0 1.0 1 0 0 0.0 1.0 0
cell 53.36980250617932 4.016835745241153 0.0 1.0 1.0 1 0 0 0.0 1.0 0
cell 38.71485409468507 43.178505232331894 0.0 1.0 1.0 1 0 0 0.0 1.0 0
cell 49.55433499949412 21.098170260039378 0.0 1.6431676725154984 0.6085806194501846 1 0 0 0.7059032686414684 -0.7083082488022365 4.715790137584626
cell 23.440396769996212 44.34762411278126 0.0 1.0 1.0 1 0 0 0.0 1.0 0
cell 38.42431497297994 53.50795752326551 0.0 1.0 1.0 1 0 0 0.0 1.0 0
cell 47.30315037313102 28.242783617485994 0.0 1.0 1.0 1 0 0 0.0 1.0 0
cell 4.071656516325968 47.351217950110176 0.0 1.0 1.0 1 0 0 0.0 1.0 0
cell 21.13954307276312 56.47949437175435 0.0 1.0 1.0 1 0 0 0.0 1.0 0
cell 3.5615303248048775 41.932442090237465 0.0 1.0 1.0 1 0 0 0.0 1.0 0
cell 37.03046928027243 14.736205795656264 0.0 1.0 1.0 1 0 0 0.0 1.0 0
cell 50.80286923789674 38.68327213650276 0.0 1.0 1.0 1 0 0 0.0 1.0 0
cell 32.069477133130725 16.14575557376403 0.0 1.0 1.0 1 0 0 0.0 1.0 0
cell 45.49342733510261 25.206820827778643 0.0 1.0 1.0 1 0 0 0.0 1.0 0
cell 22.61774407031452 51.3869954486779 0.0 1.0 1.0 1 0 0 0.0 1.0 0
cell 44.96668638232756 55.47092648499701 0.0 1.0 1.0 1 0 0 0.0 1.0 0
cell 3.8768474514817273 16.649004623945334 0.0 1.0 1.0 1 0 0 0.0 1.0 0
cell 4.966497216727795 32.10673495839797 0.0 1.0 1.0 1 0 0 0.0 1.0 0
cell 19.138356286228326 12.041613279556639 0.0 1.0 1.0 1 0 0 0.0 1.0 0
cell 1.2664028474798144 8.116028664949342 0.0 1.0 1.0 1 0 0 0.0 1.0 0
cell 7.248291983641407 12.05894103249936 0.0 1.0 1.0 1 0 0 0.0 1.0 0
cell 19.744533598972552 2.4831697954311505 0.0 1.0 1.0 1 0 0 0.0 1.0 0
cell 31.373279352258944 37.98119304771637 0.0 1.0 1.0 1 0 0 0.0 1.0 0
cell 44.32866722154817 16.851030908220938 0.0 1.0 1.0 1 0 0 0.0 1.0 0
cell 57.23030378466241 26.23704439281491 0.0 1.6431676725154984 0.6085806194501846 1 0 0 0.9620905430621827 -0.2727302457563417 3.6940520954661924
cell 40.28738136571949 27.976534791871163 0.0 1.0 1.0 1 0 0 0.0 1.0 0
cell 26.899892050188196 27.205500324970615 0.0 1.6431676725154984 0.6085806194501846 1 0 0 0.9611067550012897 0.27617712702338476 2.581964155101657
cell 28.311782935350188 5.1812627159179 0.0 1.0 1.0 1 0 0 0.0 1.0 0
cell 51.88016304448819 58.319348850154014 0.0 1.0 1.0 1 0 0 0.0 1.0 0
cell 52.042217365720674 12.231868562503179 0.0 1.0 1.0 1 0 0 0.0 1.0 0
cell 40.74099669296673 2.1211056251396 0.0 1.0 1.0 1 0 0 0.0 1.0 0
cell 48.13434358463356 3.8034246757125687 0.0 1.0 1.0 1 0 0 0.0 1.0 0
cell 55.203235987017635 7.369089672511823 0.0 1.0 1.0 1 0 0 0.0 1.0 0
cell 48.69460297663442 29.31074215483738 0.0 1.0 1.0 1 0 0 0.0 1.0 0
cell 54.34539792857333 52.14561373726176 0.0 1.6431676725154984 0.6085806194501846 1 0 0 0.056788685811187026 -0.9983862204396845 6.169546799811266
cell 19.69720476057259 14.8226005342127 0.0 1.6431676725154984 0.6085806194501846 1 0 0 0.9813255888429392 0.19235407113461012 2.7544717461943242
cell 31.517757266341526 17.810088016345492 0.0 1.6431676725154984 0.6085806194501846 1 0 0 0.8052878361446624 -0.5928840535530091 4.4108637212151
cell 38.73294924005094 22.90651231167634 0.0 1.0 1.0 1 0 0 0.0 1.0 0
cell 27.628262390416847 22.2706108997967 0.0 1.6431676725154984 0.6085806194501846 1 0 0 0.9982267311586396 -0.05952640758803636 3.2607158896009696
cell 55.77903091698876 11.702126253667421 0.0 1.6431676725154984 0.6085806194501846 1 0 0 0.8230155072334717 0.5680189036055325 1.9333991917894229
cell 13.098880132748636 31.330268960018618 0.0 1.6431676725154984 0.6085806194501846 1 0 0 0.8498130903433135 0.5270841597706645 2.0312611634545354
cell 4.52944455020667 56.22100717311695 0.0 1.6431676725154984 0.6085806194501846 1 0 0 0.41229100669146695 -0.9110522080546958 5.433250671758895
cell 30.679617869820763 27.596562169942846 0.0 1.6431676725154984 0.6085806194501846 1 0 0 0.7880875796962241 0.6155631297670026 1.8153920145175437
cell 13.028815933868657 7.829604492409415 0.0 1.0 1.0 1 0 0 0.0 1.0 0
cell 46.10605112708421 22.74503935826796 0.0 1.0 1.0 1 0 0 0.0 1.0 0
cell 3.698431033359335 33.43320974121826 0.0 1.6431676725154984 0.6085806194501846 1 0 0 0.9986476886310267 -0.05198840247505092 3.245616353579368
cell 47.631892197077704 19.611885824381677 0.0 1.0 1.0 1 0 0 0.0 1.0 0
cell 23.50977105162718 10.068580336354504 0.0 1.0 1.0 1 0 0 0.0 1.0 0
cell 0.3877030501701055 9.766775629448071 0.0 1.0 1.0 1 0 0 0.0 1.0 0
cell 15.282154717016422 0.9833666562576961 0.0 1.0 1.0 1 0 0 0.0 1.0 0
cell 37.14119646962188 37.267100233172314 0.0 1.0 1.0 1 0 0 0.0 1.0 0
cell 58.57745183671849 56.6026569100962 0.0 1.6431676725154984 0.6085806194501846 1 0 0 0.6948748511145899 0.7191306844298027 1.536491716300197
cell 20.99527457300279 42.148649361190444 0.0 1.0 1.0 1 0 0 0.0 1.0 0
cell 22.900668011848868 12.171542658510804 0.0 1.6431676725154984 0.6085806194501846 1 0 0 0.3780021370565148 0.9258047225958117 0.7752747376274247
cell 4.857166680606757 1.4677730550130086 0.0 1.0 1.0 1 0 0 0.0 1.0 0
cell 20.31381892470428 29.118034434894252 0.0 1.0 1.0 1 0 0 0.0 1.0 0
cell 53.84205487182934 30.129530698758607 0.0 1.0 1.0 1 0 0 0.0 1.0 0
cell 28.617630226766043 6.909015056225542 0.0 1.6431676725154984 0.6085806194501846 1 0 0 0.9874188246360724 -0.1581267363677543 3.4591791171144446
cell 30.258698105613828 56.09451065507693 0.0 1.0 1.0 1 0 0 0.0 1.0 0
cell 14.139340963192938 58.382129644939766 0.0 1.0 1.0 1 0 0 0.0 1.0 0
cell 46.12876355413969 17.395638305977688 0.0 1.0 1.0 1 0 0 0.0 1.0 0
cell 43.407015935528186 42.1440702304287 0.0 1.0 1.0 1 0 0 0.0 1.0 0
cell 4.950147082135159 37.405163216595504 0.0 1.0 1.0 1 0 0 0.0 1.0 0
cell 49.76358222893566 40.457886408388575 0.0 1.0 1.0 1 0 0 0.0 1.0 0
cell 27.774878055364272 42.79257753376685 0.0 1.6431676725154984 0.6085806194501846 1 0 0 0.41711840695231217 0.9088521522126496 0.8605448389991386
cell 16.372489291424138 54.09163405891151 0.0 1.0 1.0 1 0 0 0.0 1.0 0
cell 26.261250332138136 55.435326398388455 0.0 1.0 1.0 1 0 0 0.0 1.0 0
cell 5.741643527687242 35.09863859989179 0.0 1.6431676725154984 0.6085806194501846 1 0 0 0.9483221094060987 -0.31730927627721095 3.7873742200748635
cell 14.805251683748574 2.9278914956848485 0.0 1.0 1.0 1 0 0 0.0 1.0 0
cell 45.44311216118863 44.75328162659746 0.0 1.0 1.0 1 0 0 0.0 1.0 0
cell 30.04674919179536 30.798908453956543 0.0 1.6431676725154984 0.6085806194501846 1 0 0 0.8329855233331699 0.5532947839238729 1.9689637389507704
cell 55.05635169064727 24.21947488835867 0.0 1.6431676725154984 0.6085806194501846 1 0 0 0.9577388932339063 -0.2876390314041059 3.7251142006328704
cell 27.591973488820372 3.321514835946343 0.0 1.0 1.0 1 0 0 0.0 1.0 0
cell 58.52812754246031 11.290495794152399 0.0 1.0 1.0 1 0 0 0.0 1.0 0
cell 47.209707019416896 45.54152578284164 0.0 1.0 1.0 1 0 0 0.0 1.0 0
cell 26.25602138702982 23.839754887781954 0.0 1.0 1.0 1 0 0 0.0 1.0 0
cell 52.76957804309428 35.309790230584106 0.0 1.0 1.0 1 0 0 0.0 1.0 0
cell 40.78496012423314 46.30198186648259 0.0 1.0 1.0 1 0 0 0.0 1.0 0
cell 51.35031276117988 53.29343718201525 0.0 1.0 1.0 1 0 0 0.0 1.0 0
cell 55.58978964758776 13.631234669056985 0.0 1.0 1.0 1 0 0 0.0 1.0 0
cell 17.164666701415953 55.962282134810394 0.0 1.0 1.0 1 0 0 0.0 1.0 0
cell 40.74470264212351 22.705909565424456 0.0 1.0 1.0 1 0 0 0.0 1.0 0
cell 35.72887408399822 16.248063519606447 0.0 1.0 1.0 1 0 0 0.0 1.0 0
cell 50.740140237664384 10.729854164943356 0.0 1.0 1.0 1 0 0 0.0 1.0 0
cell 58.791046082077536 23.715595724643116 0.0 1.0 1.0 1 0 0 0.0 1.0 0
cell 21.99574016578388 58.30445431063675 0.0 1.0 1.0 1 0 0 0.0 1.0 0
cell 23.218640477981054 24.67049513893984 0.0 1.6431676725154984 0.6085806194501846 1 0 0 0.9582891530874822 0.2858004532447001 2.5619094169485317
cell 43.49404150634048 58.38487406148685 0.0 1.0 1.0 1 0 0 0.0 1.0 0
cell 55.68171344612388 29.133461835010827 0.0 1.0 1.0 1 0 0 0.0 1.0 0
cell 35.37629071260001 10.156134421030627 0.0 1.0 1.0 1 0 0 0.0 1.0 0
cell 19.601676033983523 30.73851221650612 0.0 1.0 1.0 1 0 0 0.0 1.0 0
cell 17.583366173310296 52.48154727578819 0.0 1.0 1.0 1 0 0 0.0 1.0 0
cell 47.71970701902899 17.958262139263706 0.0 1.0 1.0 1 0 0 0.0 1.0 0
cell 53.716334587523846 40.443913423707144 0.0 1.0 1.0 1 0 0 0.0 1.0 0
cell 20.70190498469149 51.10044591746323 0.0 1.0 1.0 1 0 0 0.0 1.0 0
cell 8.36884021869204 29.73708101736745 0.0 1.0 1.0 1 0 0 0.0 1.0 0
cell 45.2341652111508 57.16612647877604 0.0 1.0 1.0 1 0 0 0.0 1.0 0
cell 37.747114355847074 16.59249158076542 0.0 1.0 1.0 1 0 0 0.0 1.0 0
cell 52.93542559147107 54.425988371668694 0.0 1.0 1.0 1 0 0 0.0 1.0 0
cell 55.20201467498469 20.074790223142614 0.0 1.0 1.0 1 0 0 0.0 1.0 0
cell 43.66447173462297 9.007045465622209 0.0 1.0 1.0 1 0 0 0.0 1.0 0
cell 55.662945856387346 37.096697182930825 0.0 1.0 1.0 1 0 0 0.0 1.0 0
cell 46.503197444734354 32.09363619539839 0.0 1.0 1.0 1 0 0 0.0 1.0 0
cell 50.83110466624452 35.173951793977864 0.0 1.0 1.0 1 0 0 0.0 1.0 0
cell 1.5570327275677156 22.872543886287136 0.0 1.0 1.0 1 0 0 0.0 1.0 0
cell 2.8708231375422755 49.79701607268536 0.0 1.6431676725154984 0.6085806194501846 1 0 0 0.9935280406526614 0.11358711386809449 2.9139270661383856
cell 28.690510214994063 8.591107742503086 0.0 1.6431676725154984 0.6085806194501846 1 0 0 0.3944034960767649 0.9189373658103284 0.8108372739439381
cell 16.173845711986058 34.603514791248436 0.0 1.0 1.0 1 0 0 0.0 1.0 0
cell 23.621668615453846 31.980234534753333 0.0 1.6431676725154984 0.6085806194501846 1 0 0 0.6314829583094478 -0.7753897557775369 4.916256790502794
cell 26.212430632892563 25.857575951813953 0.0 1.0 1.0 1 0 0 0.0 1.0 0
cell 53.95948548305604 22.321100926694143 0.0 1.6431676725154984 0.6085806194501846 1 0 0 0.9351116676625867 -0.3543531698761788 3.8660371780377587
cell 21.514417236065253 6.281871762564107 0.0 1.0 1.0 1 0 0 0.0 1.0 0
cell 17.99109786174363 48.99172113588794 0.0 1.0 1.0 1 0 0 0.0 1.0 0
cell 32.6278204813506 33.22452135699148 0.0 1.0 1.0 1 0 0 0.0 1.0 0
cell 43.802759229492764 45.87851959740416 0.0 1.0 1.0 1 0 0 0.0 1.0 0
cell 39.353870743102874 4.972121214936093 0.0 1.0 1.0 1 0 0 0.0 1.0 0
cell 44.327695453478846 3.1578652500268816 0.0 1.0 1.0 1 0 0 0.0 1.0 0
cell 37.135793130402085 26.4923248406656 0.0 1.0 1.0 1 0 0 0.0 1.0 0
cell 53.74073345830013 37.03605041946139 0.0 1.0 1.0 1 0 0 0.0 1.0 0
cell 43.726520285164206 1.2582233530893048 0.0 1.0 1.0 1 0 0 0.0 1.0 0
cell 41.2745320509811 52.22720868385859 0.0 1.0 1.0 1 0 0 0.0 1.0 0
cell 33.751396352076654 34.660288406960994 0.0 1.6431676725154984 0.6085806194501846 1 0 0 0.9997473931018263 0.022475541953476164 3.096637784315729
cell 49.80529435442729 33.434502824812725 0.0 1.0 1.0 1 0 0 0.0 1.0 0
cell 11.046173270042408 7.7099294793597695 0.0 1.0 1.0 1 0 0 0.0 1.0 0
cell 39.43312527820327 29.796456684903085 0.0 1.0 1.0 1 0 0 0.0 1.0 0
cell 15.098749956204324 41.27953613457054 0.0 1.0 1.0 1 0 0 0.0 1.0 0
cell 1.3475579668755098 20.936168091147874 0.0 1.0 1.0 1 0 0 0.0 1.0 0
cell 2.1253279276324646 13.216458772670524 0.0 1.0 1.0 1 0 0 0.0 1.0 0
cell 4.789429000610225 4.824687328610544 0.0 1.0 1.0 1 0 0 0.0 1.0 0
cell 6.30343681725546 10.249196361259498 0.0 1.0 1.0 1 0 0 0.0 1.0 0
cell 33.258199216261595 37.787439267926636 0.0 1.0 1.0 1 0 0 0.0 1.0 0
cell 46.48096655793437 54.22819027927534 0.0 1.0 1.0 1 0 0 0.0 1.0 0
cell 41.915498268192565 38.443057479332474 0.0 1.0 1.0 1 0 0 0.0 1.0 0
cell 4.840035998530173 20.457907646466825 0.0 1.0 1.0 1 0 0 0.0 1.0 0
cell 19.735944989136485 43.70045313614716 0.0 1.0 1.0 1 0 0 0.0 1.0 0
cell 50.404859851625815 25.643001692577293 0.0 1.0 1.0 1 0 0 0.0 1.0 0
cell 39.88103258431853 32.64735364028083 0.0 1.6431676725154984 0.6085806194501846 1 0 0 0.4489693966666409 0.8935471340991433 0.9312232399595164
cell 33.71565713379398 0.6097566726530077 0.0 1.0 1.0 1 0 0 0.0 1.0 0
cell 42.45594465341728 2.499577543772712 0.0 1.0 1.0 1 0 0 0.0 1.0 0
cell 44.67600343207141 18.783730349535944 0.0 1.0 1.0 1 0 0 0.0 1.0 0
cell 22.579891658543946 34.84281986800341 0.0 1.6431676725154984 0.6085806194501846 1 0 0 0.24242324354231198 0.9701705886030687 0.489725649222744
cell 11.026315988399812 30.758749992272044 0.0 1.6431676725154984 0.6085806194501846 1 0 0 0.6501684856851687 0.759790063255538 1.4156123372755665
cell 38.26864646756413 28.170059523658196 0.0 1.0 1.0 1 0 0 0.0 1.0 0
cell 37.71022659247742 35.362957207464 0.0 1.0 1.0 1 0 0 0.0 1.0 0
cell 52.23056656248066 5.679104352843774 0.0 1.0 1.0 1 0 0 0.0 1.0 0
cell 19.222103337643894 23.18290218591735 0.0 1.0 1.0 1 0 0 0.0 1.0 0
cell 30.705748669546008 52.81030288751504 0.0 1.0 1.0 1 0 0 0.0 1.0 0
cell 47.00604619448343 57.57073796524421 0.0 1.0 1.0 1 0 0 0.0 1.0 0
cell 57.63946296400785 29.813316922079853 0.0 1.0 1.0 1 0 0 0.0 1.0 0
cell 11.574089074474285 21.233735475689233 0.0 1.6431676725154984 0.6085806194501846 1 0 0 0.3963419330185979 -0.9181029746880691 5.468127252276936
cell 12.348584291496586 6.080063596031947 0.0 1.0 1.0 1 0 0 0.0 1.0 0
cell 18.87805389192219 33.23457472003464 0.0 1.6431676725154984 0.6085806194501846 1 0 0 0.22431400187613298 0.9745169206136517 0.4524780849699972
cell 36.02601266652449 6.087813659033346 0.0 1.0 1.0 1 0 0 0.0 1.0 0
cell 10.807659390575786 12.553712187801981 0.0 1.6431676725154984 0.6085806194501846 1 0 0 0.8808076910530765 -0.47347419294165133 4.128054537285345
cell 41.49730481973585 20.758269358850423 0.0 1.0 1.0 1 0 0 0.0 1.0 0
cell 23.652664461642708 28.418813117393185 0.0 1.6431676725154984 0.6085806194501846 1 0 0 0.917670658671807 -0.3973418707018579 3.9588294903775245
cell 11.893634222549522 0.630189891790321 0.0 1.0 1.0 1 0 0 0.0 1.0 0
cell 41.80519061297891 33.01397211640656 0.0 1.0 1.0 1 0 0 0.0 1.0 0
cell 12.015324307006079 57.82245765799517 0.0 1.0 1.0 1 0 0 0.0 1.0 0
cell 45.519907972116094 38.54360259660907 0.0 1.6431676725154984 0.6085806194501846 1 0 0 0.42952555551424787 -0.9030547033043883 5.395250639372294
cell 42.28158417903996 27.71736452148016 0.0 1.0 1.0 1 0 0 0.0 1.0 0
cell 40.975664821293144 18.396600578784028 0.0 1.0 1.0 1 0 0 0.0 1.0 0
cell 41.139766335710284 35.158746259581534 0.0 1.6431676725154984 0.6085806194501846 1 0 0 0.4584468095290053 0.8887218478425496 0.9524934828443308
cell 12.544356098282124 34.37432263751821 0.0 1.6431676725154984 0.6085806194501846 1 0 0 0.5459749524460222 0.8378014987463103 1.1551047549466829
cell 3.419301472238292 36.16207857169813 0.0 1.0 1.0 1 0 0 0.0 1.0 0
cell 46.70971420731917 6.776710269298306 0.0 1.0 1.0 1 0 0 0.0 1.0 0
cell 45.88893770294379 48.57930392170428 0.0 1.0 1.0 1 0 0 0.0 1.0 0
cell 5.8690686177001 26.649117180727764 0.0 1.0 1.0 1 0 0 0.0 1.0 0
cell 42.05460789692736 0.6161525834056509 0.0 1.0 1.0 1 0 0 0.0 1.0 0
cell 31.44468723146382 3.934112251288748 0.0 1.0 1.0 1 0 0 0.0 1.0 0
cell 18.314690262024637 39.85478333107106 0.0 1.0 1.0 1 0 0 0.0 1.0 0
cell 36.29164567684576 11.652888947517129 0.0 1.0 1.0 1 0 0 0.0 1.0 0
cell 29.861016342193665 0.24182855336983966 0.0 1.0 1.0 1 0 0 0.0 1.0 0
cell 4.427179182735752 25.248509614731418 0.0 1.6431676725154984 0.6085806194501846 1 0 0 0.8165780703335649 0.5772350085106686 1.9109155520113184
cell 45.41445005849081 12.579673956753103 0.0 1.6431676725154984 0.6085806194501846 1 0 0 0.9730617955219384 -0.230544447115131 3.606866984345907
cell 56.25757570394285 5.767504829884919 0.0 1.0 1.0 1 0 0 0.0 1.0 0
cell 15.361642930254343 56.79249072260609 0.0 1.0 1.0 1 0 0 0.0 1.0 0
cell 15.58613052388747 17.854761824680505 0.0 1.6431676725154984 0.6085806194501846 1 0 0 0.029939998242874827 0.9995516977651614 0.05988894620272369
cell 57.16336883890194 7.531424112147029 0.0 1.0 1.0 1 0 0 0.0 1.0 0
cell 58.54910618299948 31.587800210715656 0.0 1.0 1.0 1 0 0 0.0 1.0 0
cell 8.059178504503242 33.64468696159344 0.0 1.0 1.0 1 0 0 0.0 1.0 0
cell 18.631587051997332 25.97844847326674 0.0 1.6431676725154984 0.6085806194501846 1 0 0 0.9512756160304774 0.30834185954202786 2.514693716838844
cell 37.490964202336365 46.74490160732612 0.0 1.0 1.0 1 0 0 0.0 1.0 0
cell 40.38584779268278 13.613561570725016 0.0 1.0 1.0 1 0 0 0.0 1.0 0
cell 39.97322672081919 53.467604994190985 0.0 1.0 1.0 1 0 0 0.0 1.0 0
cell 39.45030754691942 45.06960824846641 0.0 1.0 1.0 1 0 0 0.0 1.0 0
cell 21.87016738671918 49.502543683918034 0.0 1.0 1.0 1 0 0 0.0 1.0 0
cell 51.18842827818993 1.1428286696110082 0.0 1.0 1.0 1 0 0 0.0 1.0 0
cell 39.44946177013986 51.53739028437844 0.0 1.0 1.0 1 0 0 0.0 1.0 0
cell 22.189287424387548 18.53887223654168 0.0 1.0 1.0 1 0 0 0.0 1.0 0
cell 20.855483438825402 27.705546250047025 0.0 1.6431676725154984 0.6085806194501846 1 0 0 0.9919619415259616 0.12653658192018877 2.88783922976182
cell 51.34239421980915 7.412778585194714 0.0 1.0 1.0 1 0 0 0.0 1.0 0
cell 15.56312961373741 4.764872982187307 0.0 1.0 1.0 1 0 0 0.0 1.0 0
cell 9.067154451141725 35.54127142309438 0.0 1.6431676725154984 0.6085806194501846 1 0 0 0.954570974597101 -0.297983647968711 3.7467519400747555
cell 8.483016377043219 5.33330299105245 0.0 1.0 1.0 1 0 0 0.0 1.0 0
cell 2.2585171704229974 28.46541973575308 0.0 1.6431676725154984 0.6085806194501846 1 0 0 0.9981903613359797 -0.06013320659956769 3.2619316655931243
cell 18.573956255689964 45.2947327827008 0.0 1.0 1.0 1 0 0 0.0 1.0 0
cell 33.05762128386413 47.520195328713896 0.0 1.6431676725154984 0.6085806194501846 1 0 0 0.36017825542828596 0.9328834998629981 0.736917932885171
cell 20.022535076320356 6.752349541510504 0.0 1.6431676725154984 0.6085806194501846 1 0 0 0.5404436064417408 0.841380239996308 1.1419285135189097
cell 12.969368716439972 37.91598693057351 0.0 1.0 1.0 1 0 0 0.0 1.0 0
cell 41.455372927632595 55.94667902096937 0.0 1.0 1.0 1 0 0 0.0 1.0 0
cell 44.0784376020569 27.57106446769504 0.0 1.0 1.0 1 0 0 0.0 1.0 0
cell 17.810637002488033 34.025404917139355 0.0 1.6431676725154984 0.6085806194501846 1 0 0 0.37019309275298484 0.9289548288684332 0.7584337446140169
cell 32.73779378419492 19.917037366705273 0.0 1.6431676725154984 0.6085806194501846 1 0 0 0.7534432869528433 0.6575128997561154 1.7065666379088855
cell 30.515168242096664 22.807466271414867 0.0 1.6431676725154984 0.6085806194501846 1 0 0 0.6340491057249518 -0.773292785126946 4.909628847075563
cell 46.95646302469282 55.85628992462188 0.0 1.0 1.0 1 0 0 0.0 1.0 0
cell 1.0774192660526536 19.07681469653991 0.0 1.0 1.0 1 0 0 0.0 1.0 0
cell 14.332216383294954 6.341674739959231 0.0 1.0 1.0 1 0 0 0.0 1.0 0
cell 33.51756000930545 51.788413155436075 0.0 1.0 1.0 1 0 0 0.0 1.0 0
cell 9.654320582556029 30.72732910908062 0.0 1.0 1.0 1 0 0 0.0 1.0 0
cell 40.84462317239159 36.885354529315954 0.0 1.0 1.0 1 0 0 0.0 1.0 0
cell 53.70772263388291 33.60816389550258 0.0 1.0 1.0 1 0 0 0.0 1.0 0
cell 6.002510230240092 30.715034972162215 0.0 1.6431676725154984 0.6085806194501846 1 0 0 0.652493644580082 0.7577941961922126 1.4217409118467077
cell 49.90309229198488 2.6951714144202987 0.0 1.0 1.0 1 0 0 0.0 1.0 0
cell 50.111379294179805 12.698012376419703 0.0 1.0 1.0 1 0 0 0.0 1.0 0
cell 17.706900997462412 28.461400771902404 0.0 1.6431676725154984 0.6085806194501846 1 0 0 0.9999157523768383 -0.012980298481214817 3.1675539796163217
cell 14.130625913829801 48.13327541237973 0.0 1.0 1.0 1 0 0 0.0 1.0 0
cell 24.780920375442495 30.478818512790816 0.0 1.6431676725154984 0.6085806194501846 1 0 0 0.9785100982317215 -0.2061989031458379 3.5569702190406147
cell 19.50878050439195 52.71175945843609 0.0 1.0 1.0 1 0 0 0.0 1.0 0
cell 9.821883731214287 28.641338333944198 0.0 1.6431676725154984 0.6085806194501846 1 0 0 0.6538409263050693 0.7566320394277055 1.4252994380736466
cell 45.660629660033706 33.89812036418796 0.0 1.0 1.0 1 0 0 0.0 1.0 0
cell 0.8050572174249347 58.068870162277726 0.0 1.0 1.0 1 0 0 0.0 1.0 0
cell 19.888016279140892 16.502009290226983 0.0 1.0 1.0 1 0 0 0.0 1.0 0
cell 9.341746813779817 14.614371695861154 0.0 1.6431676725154984 0.6085806194501846 1 0 0 0.27544307806303003 0.961317382942368 0.558101158271808
cell 22.77750307200594 42.47887266871172 0.0 1.0 1.0 1 0 0 0.0 1.0 0
cell 21.5920504152752 44.10723751604872 0.0 1.0 1.0 1 0 0 0.0 1.0 0
cell 17.449169277125954 24.721378531770675 0.0 1.6431676725154984 0.6085806194501846 1 0 0 0.9992457439923067 0.03883224321696281 3.0639086349610047
cell 55.71348656650086 43.72992503207769 0.0 1.0 1.0 1 0 0 0.0 1.0 0
cell 26.378925162160336 30.015345416687072 0.0 1.6431676725154984 0.6085806194501846 1 0 0 0.981198359766878 -0.19300201758216992 3.5300342000011082
cell 36.787011269407415 58.2842400190472 0.0 1.0 1.0 1 0 0 0.0 1.0 0
cell 34.56888189892874 50.71350279279986 0.0 1.0 1.0 1 0 0 0.0 1.0 0
cell 43.80517076877678 11.049177134805337 0.0 1.6431676725154984 0.6085806194501846 1 0 0 0.9985068745800416 -0.05462619716214144 3.2508994562532383
cell 16.757825644967735 3.2203545825869 0.0 1.0 1.0 1 0 0 0.0 1.0 0
cell 13.725796381252444 20.57515333429108 0.0 1.6431676725154984 0.6085806194501846 1 0 0 0.3601861824626039 -0.9328804392648694 5.54625037957359
cell 12.063826427875238 9.57870646163936 0.0 1.0 1.0 1 0 0 0.0 1.0 0
cell 10.357167427552127 5.832325203186632 0.0 1.0 1.0 1 0 0 0.0 1.0 0
cell 34.05633212425624 42.69752735825359 0.0 1.0 1.0 1 0 0 0.0 1.0 0
cell 44.759192521894 40.94384257831767 0.0 1.0 1.0 1 0 0 0.0 1.0 0
cell 25.312294404561918 53.62913626123695 0.0 1.0 1.0 1 0 0 0.0 1.0 0
cell 25.181398545080786 44.44591855321456 0.0 1.0 1.0 1 0 0 0.0 1.0 0
cell 8.797488151536287 41.17048629046231 0.0 1.0 1.0 1 0 0 0.0 1.0 0
cell 18.152489470927836 14.370819206399036 0.0 1.6431676725154984 0.6085806194501846 1 0 0 0.952215392254054 0.30542731828449443 2.520818335168425
cell 18.11718851734895 31.388127785420263 0.0 1.0 1.0 1 0 0 0.0 1.0 0
cell 33.97799136991292 36.105708215484704 0.0 1.0 1.0 1 0 0 0.0 1.0 0
cell 25.547783715873667 18.783446772491573 0.0 1.6431676725154984 0.6085806194501846 1 0 0 0.8749623051323605 0.4841910414262805 2.1307159196095515
cell 11.984352698034398 53.023612560471534 0.0 1.0 1.0 1 0 0 0.0 1.0 0
