1000
 Lattice="59.08179503018386 0.0 0.0 0.0 59.08179503018386 0.0 0.0 0.0 1.0"Properties=species:S:1:pos:R:3:aspherical_shape:R:3:orientation:R:4:Color:R:1
cell 56.82706470259722 4.576119071724861 0.0 1.6431676725154984 0.6085806194501846 1 0 0 0.9990452417593448 -0.0436875831102189 3.22899563782097
cell 13.85772141380772 30.524626848537142 0.0 1.0 1.0 1 0 0 0.0 1.0 0
cell 0.0426533533646812 36.99854156777397 0.0 1.0 1.0 1 0 0 0.0 1.0 0
cell 7.999514163200605 10.36449448131379 0.0 1.6431676725154984 0.6085806194501846 1 0 0 0.8402167335511168 -0.542250717528978 4.287819724777435
cell 10.072476588800722 53.21203916277356 0.0 1.0 1.0 1 0 0 0.0 1.0 0
cell 52.58569528048276 12.589633483874692 0.0 1.6431676725154984 0.6085806194501846 1 0 0 0.3284321425811304 0.9445275685333743 0.6692863136621018
cell 19.759834179315085 0.5046975405158792 0.0 1.0 1.0 1 0 0 0.0 1.0 0
cell 27.484904365072545 10.709999188592015 0.0 1.0 1.0 1 0 0 0.0 1.0 0
cell 27.777123906778662 39.66567450852015 0.0 1.0 1.0 1 0 0 0.0 1.0 0
cell 33.23351692975228 31.284415749365085 0.0 1.0 1.0 1 0 0 0.0 1.0 0
cell 52.27747273941921 7.666595564457685 0.0 1.6431676725154984 0.6085806194501846 1 0 0 0.9970446021078255 -0.07682487492764231 3.2953939479922765
cell 41.1512273645466 8.920640833432403 0.0 1.6431676725154984 0.6085806194501846 1 0 0 0.9409412580472621 0.33856985823377067 2.450799502330347
cell 30.585766533750085 12.03770026436578 0.0 1.0 1.0 1 0 0 0.0 1.0 0
cell 48.11597535545376 9.524232086797955 0.0 1.6431676725154984 0.6085806194501846 1 0 0 0.9730006556208 -0.2308023486914582 3.607397083623381
cell 55.90903749434833 29.106057234827425 0.0 1.6431676725154984 0.6085806194501846 1 0 0 0.6656933382519896 0.7462254213084154 1.4568451209685398
cell 49.66197323027526 26.62462378395831 0.0 1.0 1.0 1 0 0 0.0 1.0 0
cell 40.59554584045667 5.8595808968223215 0.0 1.6431676725154984 0.6085806194501846 1 0 0 -0.17368390721769653 0.9848014522600962 5.934046895075248
cell 19.491886215634366 17.57750227323012 0.0 1.6431676725154984 0.6085806194501846 1 0 0 0.888800735739614 -0.4582938491281775 4.093741926122845
cell 59.07675304153671 49.97731059612795 0.0 1.0 1.0 1 0 0 0.0 1.0 0
cell 50.34335591101355 21.859892237409795 0.0 1.0 1.0 1 0 0 0.0 1.0 0
cell 20.87388757198076 56.544806516531956 0.0 1.0 1.0 1 0 0 0.0 1.0 0
cell 50.025584662976954 30.367583427776044 0.0 1.0 1.0 1 0 0 0.0 1.0 0
cell 4.110808889634408 53.01146169628492 0.0 1.0 1.0 1 0 0 0.0 1.0 0
cell 40.07418785586438 22.741300054172687 0.0 1.0 1.0 1 0 0 0.0 1.0 0
cell 27.14824132828106 1.2026095714400118 0.0 1.6431676725154984 0.6085806194501846 1 0 0 0.9990427062035705 -0.0437455275593548 3.2291116376180335
cell 48.00189535507164 43.05225505759333 0.0 1.0 1.0 1 0 0 0.0 1.0 0
cell 37.82459738413302 15.914656338051662 0.0 1.0 1.0 1 0 0 0.0 1.0 0
cell 20.151579310424367 46.454259327384236 0.0 1.0 1.0 1 0 0 0.0 1.0 0
cell 28.154493596272392 36.47067199371654 0.0 1.0 1.0 1 0 0 0.0 1.0 0
cell 11.18545982754216 2.226452898146182 0.0 1.6431676725154984 0.6085806194501846 1 0 0 -0.12225955102379495 0.9924981623073466 6.038052916882421
cell 34.02978511595201 26.065176059082624 0.0 1.0 1.0 1 0 0 0.0 1.0 0
cell 10.126863365641851 33.95177457361206 0.0 1.0 1.0 1 0 0 0.0 1.0 0
cell 56.8914931141081 54.8049581846278 0.0 1.0 1.0 1 0 0 0.0 1.0 0
cell 12.98711533297396 54.997483345268904 0.0 1.0 1.0 1 0 0 0.0 1.0 0
cell 9.161052112434513 51.4365019900403 0.0 1.0 1.0 1 0 0 0.0 1.0 0
cell 2.2450374301074807 57.32672027370381 0.0 1.6431676725154984 0.6085806194501846 1 0 0 0.6514059460001642 0.7587293941291791 1.418871986100091
cell 52.53778334787312 18.6685162809504 0.0 1.6431676725154984 0.6085806194501846 1 0 0 0.6548455986827045 0.755762688868596 1.4279566074251555
cell 52.30898024396359 46.048177479706325 0.0 1.0 1.0 1 0 0 0.0 1.0 0
cell 38.30379254891956 37.774462851270044 0.0 1.0 1.0 1 0 0 0.0 1.0 0
cell 45.82087466658689 9.42140036259648 0.0 1.6431676725154984 0.6085806194501846 1 0 0 0.9790858030856907 -0.2034477579037136 3.5513487454176946
cell 26.02618355723558 9.445604240410267 0.0 1.0 1.0 1 0 0 0.0 1.0 0
cell 29.088185560878447 27.151792208034294 0.0 1.0 1.0 1 0 0 0.0 1.0 0
cell 8.412055854511307 24.19021660411746 0.0 1.6431676725154984 0.6085806194501846 1 0 0 0.9287523312381425 0.3707008325047514 2.382065647884842
cell 1.4639949885466907 15.921084107229493 0.0 1.6431676725154984 0.6085806194501846 1 0 0 0.9928412724853056 -0.11944123094542783 3.381046784268779
cell 30.470617454660644 41.248532581444366 0.0 1.0 1.0 1 0 0 0.0 1.0 0
cell 43.635453193405226 17.39460100444212 0.0 1.0 1.0 1 0 0 0.0 1.0 0
cell 25.04641972867089 0.6392074341453342 0.0 1.0 1.0 1 0 0 0.0 1.0 0
cell 42.040618883861164 22.69920098185822 0.0 1.0 1.0 1 0 0 0.0 1.0 0
cell 49.91821679976739 2.1699402133620924 0.0 1.0 1.0 1 0 0 0.0 1.0 0
cell 34.88421419642948 52.99914696040839 0.0 1.0 1.0 1 0 0 0.0 1.0 0
cell 8.017917761526947 8.48494726504879 0.0 1.0 1.0 1 0 0 0.0 1.0 0
cell 16.58519107471625 48.429741978019074 0.0 1.0 1.0 1 0 0 0.0 1.0 0
cell 42.562475615576936 10.253570300254463 0.0 1.6431676725154984 0.6085806194501846 1 0 0 0.9900074008654314 -0.14101541132682266 3.4245666542272306
cell 6.527994281419143 39.04669373809303 0.0 1.0 1.0 1 0 0 0.0 1.0 0
cell 15.049905420632124 8.917444215822456 0.0 1.0 1.0 1 0 0 0.0 1.0 0
cell 45.014951103733154 21.055856584392917 0.0 1.0 1.0 1 0 0 0.0 1.0 0
cell 9.758610478535235 17.073047501586363 0.0 1.6431676725154984 0.6085806194501846 1 0 0 0.9881295322567067 -0.15362300440409957 3.450060182322098
cell 38.28441244972543 39.561924343762385 0.0 1.6431676725154984 0.6085806194501846 1 0 0 0.46330931605229303 -0.8861966360008124 5.319733587316771
cell 20.25061189584676 54.51321418471914 0.0 1.0 1.0 1 0 0 0.0 1.0 0
cell 7.42717949516557 44.56122417873528 0.0 1.0 1.0 1 0 0 0.0 1.0 0
cell 45.96485792840524 22.826631330362677 0.0 1.0 1.0 1 0 0 0.0 1.0 0
cell 41.077375669823915 53.73565637679507 0.0 1.0 1.0 1 0 0 0.0 1.0 0
cell 40.37485937762467 57.05039955896929 0.0 1.6431676725154984 0.6085806194501846 1 0 0 0.3474754850231443 0.9376890674994194 0.70975496606544
cell 44.65925693856594 27.799412112254004 0.0 1.0 1.0 1 0 0 0.0 1.0 0
cell 53.813595643603314 54.41791637502436 0.0 1.0 1.0 1 0 0 0.0 1.0 0
cell 53.30190071673151 9.95792420291932 0.0 1.6431676725154984 0.6085806194501846 1 0 0 0.9981096415949322 -0.06145846853962479 3.264587101636658
cell 11.227352918194342 13.751247237558944 0.0 1.6431676725154984 0.6085806194501846 1 0 0 0.9960479566913268 -0.08881704775003874 3.3194611255175723
cell 31.066414463617665 24.064354084052663 0.0 1.0 1.0 1 0 0 0.0 1.0 0
cell 18.769455505664943 1.519648379863763 0.0 1.6431676725154984 0.6085806194501846 1 0 0 0.9115295649629358 -0.4112345464555247 3.9892086877092736
cell 29.3292148511175 0.7717034157073 0.0 1.6431676725154984 0.6085806194501846 1 0 0 0.9997424939647855 -0.022692416377962373 3.1869813823698014
cell 16.03283456095532 53.050384565779204 0.0 1.0 1.0 1 0 0 0.0 1.0 0
cell 26.152244118343095 55.58837876024472 0.0 1.6431676725154984 0.6085806194501846 1 0 0 0.9986246604542313 -0.0524288807116018 3.246498513149867
cell 13.413283482941361 3.8799731514480813 0.0 1.6431676725154984 0.6085806194501846 1 0 0 0.10026572311644054 -0.9949606950869654 6.082316334120972
cell 4.6803248491873 33.785755460886904 0.0 1.0 1.0 1 0 0 0.0 1.0 0
cell 54.75793225192427 6.7727153195997065 0.0 1.6431676725154984 0.6085806194501846 1 0 0 0.9895099355502408 0.14446483117824302 2.851648435927062
cell 0.5427315772545646 48.08343225269952 0.0 1.0 1.0 1 0 0 0.0 1.0 0
cell 52.896284706936726 32.307375535945255 0.0 1.0 1.0 1 0 0 0.0 1.0 0
cell 16.145900115257653 46.487168492271735 0.0 1.0 1.0 1 0 0 0.0 1.0 0
cell 28.036490821268824 8.956084939312857 0.0 1.0 1.0 1 0 0 0.0 1.0 0
cell 22.437377683617054 35.94952349916012 0.0 1.0 1.0 1 0 0 0.0 1.0 0
cell 28.383943095736708 52.64078596590222 0.0 1.0 1.0 1 0 0 0.0 1.0 0
cell 1.4879042868821495 37.74923805522122 0.0 1.0 1.0 1 0 0 0.0 1.0 0
cell 6.811932531509689 3.5411519381814522 0.0 1.6431676725154984 0.6085806194501846 1 0 0 -0.04801628763510724 0.9988465528406967 6.187115792031816
cell 41.01474264732782 24.38278652078272 0.0 1.0 1.0 1 0 0 0.0 1.0 0
cell 55.3593681830774 11.215517780308463 0.0 1.0 1.0 1 0 0 0.0 1.0 0
cell 32.82880145189189 58.771831147525404 0.0 1.6431676725154984 0.6085806194501846 1 0 0 0.9621278481893922 0.2725986128696362 2.589406845698182
cell 10.925265583171873 35.70301398189048 0.0 1.0 1.0 1 0 0 0.0 1.0 0
cell 41.74399844980501 29.52193505838615 0.0 1.0 1.0 1 0 0 0.0 1.0 0
cell 46.03979331817706 48.009631729033835 0.0 1.0 1.0 1 0 0 0.0 1.0 0
cell 18.86235122448203 51.564316817499176 0.0 1.0 1.0 1 0 0 0.0 1.0 0
cell 2.7758753032093697 30.859885918440337 0.0 1.0 1.0 1 0 0 0.0 1.0 0
cell 21.036368223374044 13.761873899061522 0.0 1.6431676725154984 0.6085806194501846 1 0 0 0.5614638473761608 0.8275012677268592 1.1923074753870266
cell 1.8628528932195034 44.96845987590542 0.0 1.0 1.0 1 0 0 0.0 1.0 0
cell 6.123868612821187 53.07032143889254 0.0 1.0 1.0 1 0 0 0.0 1.0 0
cell 47.74196839496042 30.696766759042827 0.0 1.6431676725154984 0.6085806194501846 1 0 0 0.5298691117647012 -0.8480794328349713 5.166292861133425
cell 39.77993359150104 32.941206266614444 0.0 1.0 1.0 1 0 0 0.0 1.0 0
cell 31.552549468944456 39.56319644501522 0.0 1.0 1.0 1 0 0 0.0 1.0 0
cell 46.45233050861291 27.815246456225665 0.0 1.0 1.0 1 0 0 0.0 1.0 0
cell 7.716108889235401 33.03126510786881 0.0 1.0 1.0 1 0 0 0.0 1.0 0
cell 12.107616765573043 18.73953545711461 0.0 1.6431676725154984 0.6085806194501846 1 0 0 0.9700109893191874 -0.24306106352110665 3.632633272427909
cell 11.355979097525253 21.00250086844074 0.0 1.6431676725154984 0.6085806194501846 1 0 0 0.9604709060131429 -0.2783803849093763 3.7058075020656047
cell 2.6696562288782 54.43801481375506 0.0 1.0 1.0 1 0 0 0.0 1.0 0
cell 53.75034532887853 4.1789661895156645 0.0 1.6431676725154984 0.6085806194501846 1 0 0 0.9985944739073638 0.05300072340709475 3.035541516238158
cell 5.101507831035103 18.38669690998026 0.0 1.6431676725154984 0.6085806194501846 1 0 0 0.9879958799483736 -0.15448022917201726 3.4517953448959995
cell 31.653331523657734 30.261361931830482 0.0 1.6431676725154984 0.6085806194501846 1 0 0 -0.02236960266950669 0.9997497691304602 6.238442369756933
cell 58.75168453444353 35.111713903287146 0.0 1.0 1.0 1 0 0 0.0 1.0 0
cell 25.414648235997156 54.30074752914527 0.0 1.0 1.0 1 0 0 0.0 1.0 0
cell 49.57205788963719 41.96252218940777 0.0 1.0 1.0 1 0 0 0.0 1.0 0
cell 17.68947046316779 22.06894005315455 0.0 1.6431676725154984 0.6085806194501846 1 0 0 -0.18159655154447074 0.9833731196586352 5.917965797778346
cell 42.59995485475274 12.290031936700402 0.0 1.6431676725154984 0.6085806194501846 1 0 0 0.14601609268319954 0.9892822148798245 0.29307999154749115
cell 35.21748420313735 21.250255704879912 0.0 1.0 1.0 1 0 0 0.0 1.0 0
cell 0.8542076927443346 20.47034918592768 0.0 1.0 1.0 1 0 0 0.0 1.0 0
cell 31.40686696127169 10.2415080278781 0.0 1.0 1.0 1 0 0 0.0 1.0 0
cell 15.217324413055978 44.71249512688947 0.0 1.0 1.0 1 0 0 0.0 1.0 0
cell 19.11315810970409 44.77551061527771 0.0 1.0 1.0 1 0 0 0.0 1.0 0
cell 1.4743422289301633 1.1424179927241846 0.0 1.6431676725154984 0.6085806194501846 1 0 0 0.870240026402468 0.49262794931574044 2.1113786954678044
cell 6.100073154411893 2.012423713023825 0.0 1.0 1.0 1 0 0 0.0 1.0 0
cell 48.448057854387855 55.69664320352119 0.0 1.0 1.0 1 0 0 0.0 1.0 0
cell 10.31014018219911 46.249104088669974 0.0 1.0 1.0 1 0 0 0.0 1.0 0
cell 38.91567491468839 17.634186188515763 0.0 1.0 1.0 1 0 0 0.0 1.0 0
cell 13.729063415851922 14.631271856121135 0.0 1.6431676725154984 0.6085806194501846 1 0 0 0.9988843050865988 0.04722441160737471 3.0471086893346593
cell 34.46379427825576 2.034937629877323 0.0 1.6431676725154984 0.6085806194501846 1 0 0 0.9999744722838183 -0.007145262815254372 3.155883300823038
cell 39.01667974939918 8.060658966466082 0.0 1.6431676725154984 0.6085806194501846 1 0 0 0.38555319868714016 -0.9226856078763311 5.491570706681975
cell 30.923385239914293 7.155792419329906 0.0 1.0 1.0 1 0 0 0.0 1.0 0
cell 11.620620023478248 10.040056978695775 0.0 1.0 1.0 1 0 0 0.0 1.0 0
cell 33.418590162922335 39.51511976664664 0.0 1.0 1.0 1 0 0 0.0 1.0 0
cell 13.654552858195048 7.112553729299154 0.0 1.0 1.0 1 0 0 0.0 1.0 0
cell 43.767820781909656 4.172930344148084 0.0 1.6431676725154984 0.6085806194501846 1 0 0 0.9941353504728764 0.10814298377690183 2.924882877875496
cell 32.29565967452434 2.811233509970791 0.0 1.6431676725154984 0.6085806194501846 1 0 0 0.9991494696411873 -0.04123514660740244 3.2240863359247474
cell 17.282263542805445 37.766957409457454 0.0 1.0 1.0 1 0 0 0.0 1.0 0
cell 49.98151045408102 52.59448432216083 0.0 1.0 1.0 1 0 0 0.0 1.0 0
cell 57.49216144957269 8.794744461848971 0.0 1.6431676725154984 0.6085806194501846 1 0 0 0.9889651147048765 -0.1481485804750438 3.4389845164264985
cell 49.223711670513495 0.3629115694620148 0.0 1.0 1.0 1 0 0 0.0 1.0 0
cell 22.586641192425095 14.611837608213328 0.0 1.0 1.0 1 0 0 0.0 1.0 0
cell 52.16729788004881 24.384018004596275 0.0 1.6431676725154984 0.6085806194501846 1 0 0 -0.3929649048494333 -0.9195534696561565 0.8077073351790087
cell 12.38651568567284 2.9633616971715577 0.0 1.6431676725154984 0.6085806194501846 1 0 0 0.20854494661818548 -0.9780127837814893 5.863011391285791
cell 11.910772679640214 30.32859979696847 0.0 1.0 1.0 1 0 0 0.0 1.0 0
cell 58.18358292412262 22.64922155662998 0.0 1.0 1.0 1 0 0 0.0 1.0 0
cell 12.371311438808746 42.843064447286274 0.0 1.0 1.0 1 0 0 0.0 1.0 0
cell 25.34946123114762 5.970423612093191 0.0 1.0 1.0 1 0 0 0.0 1.0 0
cell 14.945844450996951 48.10897114332579 0.0 1.0 1.0 1 0 0 0.0 1.0 0
cell 17.759575649285196 50.04955584185344 0.0 1.0 1.0 1 0 0 0.0 1.0 0
cell 36.701393536810755 14.23330684268646 0.0 1.0 1.0 1 0 0 0.0 1.0 0
cell 18.81969893723153 12.663979081793036 0.0 1.6431676725154984 0.6085806194501846 1 0 0 -0.2732439615172313 -0.9619447684219556 0.5535274383848128
cell 32.89704887014251 18.429440793155454 0.0 1.0 1.0 1 0 0 0.0 1.0 0
cell 54.51003322253046 40.24109748782993 0.0 1.0 1.0 1 0 0 0.0 1.0 0
cell 4.659672321658749 39.72393408099205 0.0 1.0 1.0 1 0 0 0.0 1.0 0
cell 34.24898001819392 41.11736133205861 0.0 1.0 1.0 1 0 0 0.0 1.0 0
cell 4.444049968846647 49.58913328542672 0.0 1.0 1.0 1 0 0 0.0 1.0 0
cell 38.47612671574798 1.0411409438393826 0.0 1.6431676725154984 0.6085806194501846 1 0 0 0.8772663694826598 -0.4800038718330442 4.142910905429171
cell 54.65479563301041 21.002904765595176 0.0 1.6431676725154984 0.6085806194501846 1 0 0 0.8849033507091916 0.4657746879164277 2.172572935781562
cell 32.3384520214414 33.040178469200434 0.0 1.0 1.0 1 0 0 0.0 1.0 0
cell 27.78055785173765 31.593949316937834 0.0 1.0 1.0 1 0 0 0.0 1.0 0
cell 50.420402488719475 45.66162541522161 0.0 1.0 1.0 1 0 0 0.0 1.0 0
cell 55.29961235054955 12.709469076983947 0.0 1.6431676725154984 0.6085806194501846 1 0 0 0.22106564031037929 0.9752589310917188 0.445814019339035
cell 41.58031672260956 51.26557403104734 0.0 1.0 1.0 1 0 0 0.0 1.0 0
cell 39.95130357542523 0.7477963611684793 0.0 1.6431676725154984 0.6085806194501846 1 0 0 0.9009335340777537 -0.43395710291936584 4.039353413162474
cell 26.034185872253783 31.488112439743478 0.0 1.0 1.0 1 0 0 0.0 1.0 0
cell 51.541050985116605 26.888153156879895 0.0 1.0 1.0 1 0 0 0.0 1.0 0
cell 33.837432586082414 36.20728836823772 0.0 1.0 1.0 1 0 0 0.0 1.0 0
cell 21.701900945285708 18.639388700086226 0.0 1.6431676725154984 0.6085806194501846 1 0 0 0.9340657553359261 -0.3571010567174591 3.871917593300403
cell 36.124789218363716 19.530569613312085 0.0 1.0 1.0 1 0 0 0.0 1.0 0
cell 23.557928703583546 34.35476817395839 0.0 1.0 1.0 1 0 0 0.0 1.0 0
cell 9.864766036413453 7.731158106753263 0.0 1.0 1.0 1 0 0 0.0 1.0 0
cell 36.94349873854723 42.363545749516 0.0 1.6431676725154984 0.6085806194501846 1 0 0 0.48422581387262364 -0.8749430616785273 5.272229089023805
cell 41.487552368046025 3.4900144673306936 0.0 1.6431676725154984 0.6085806194501846 1 0 0 0.794213163200679 -0.6076392444524724 4.447762159865385
cell 42.883417680149094 15.324092393687515 0.0 1.0 1.0 1 0 0 0.0 1.0 0
cell 30.74838684729592 15.417993334854305 0.0 1.0 1.0 1 0 0 0.0 1.0 0
cell 56.613770333385155 31.013076039667396 0.0 1.6431676725154984 0.6085806194501846 1 0 0 0.7022250601748712 0.7119550300843436 1.557035962825524
cell 18.104138103567895 58.73084144799492 0.0 1.0 1.0 1 0 0 0.0 1.0 0
cell 55.99655890142002 49.4257175892602 0.0 1.0 1.0 1 0 0 0.0 1.0 0
cell 40.73370807868623 10.85661232005522 0.0 1.6431676725154984 0.6085806194501846 1 0 0 0.9927880137086971 -0.11988310905352736 3.381936936532099
cell 21.0280377647924 48.271751354695326 0.0 1.0 1.0 1 0 0 0.0 1.0 0
cell 24.371919878080988 57.84460965191368 0.0 1.0 1.0 1 0 0 0.0 1.0 0
cell 53.2586861195945 47.58282919512205 0.0 1.0 1.0 1 0 0 0.0 1.0 0
cell 17.688726864790173 57.23307952710732 0.0 1.0 1.0 1 0 0 0.0 1.0 0
cell 20.493364663799913 7.619331131448522 0.0 1.0 1.0 1 0 0 0.0 1.0 0
cell 23.037549241259438 37.86787425409156 0.0 1.0 1.0 1 0 0 0.0 1.0 0
cell 46.81235642678681 58.164408635801664 0.0 1.6431676725154984 0.6085806194501846 1 0 0 0.2609328671172583 0.9653569489354532 0.5279768422341298
cell 57.186105707085076 17.504805126747787 0.0 1.0 1.0 1 0 0 0.0 1.0 0
cell 53.050712528320744 6.413337072151388 0.0 1.6431676725154984 0.6085806194501846 1 0 0 0.9885605696320566 0.15082440176822778 2.838788330765729
cell 22.02871506107666 46.61371869380622 0.0 1.0 1.0 1 0 0 0.0 1.0 0
cell 48.40197765048863 53.855715795516375 0.0 1.0 1.0 1 0 0 0.0 1.0 0
cell 24.990385026277686 37.99782776296097 0.0 1.0 1.0 1 0 0 0.0 1.0 0
cell 55.517105562048734 7.681427075043585 0.0 1.6431676725154984 0.6085806194501846 1 0 0 0.9980237387765122 0.06283802064476658 3.0158337572368863
cell 11.710524556702353 7.389612693941534 0.0 1.0 1.0 1 0 0 0.0 1.0 0
cell 28.216650711983778 4.590335436630678 0.0 1.0 1.0 1 0 0 0.0 1.0 0
cell 20.8346524696365 32.292602381428374 0.0 1.0 1.0 1 0 0 0.0 1.0 0
cell 46.17111147353552 19.423924501910914 0.0 1.0 1.0 1 0 0 0.0 1.0 0
cell 6.869324618571386 11.384814853119282 0.0 1.6431676725154984 0.6085806194501846 1 0 0 0.9526638657285875 -0.3040255892767313 3.759423522973371
cell 19.13981968461446 41.36144556785395 0.0 1.0 1.0 1 0 0 0.0 1.0 0
cell 52.07116447629091 55.37508739211385 0.0 1.0 1.0 1 0 0 0.0 1.0 0
cell 38.8514919338752 40.561983790772054 0.0 1.6431676725154984 0.6085806194501846 1 0 0 0.49509795204607876 -0.8688371641911842 5.247290172666259
cell 27.66229422504034 46.59220883661512 0.0 1.0 1.0 1 0 0 0.0 1.0 0
cell 49.3198316560182 18.071622434682943 0.0 1.0 1.0 1 0 0 0.0 1.0 0
cell 3.8755296455189816 9.103585792317531 0.0 1.6431676725154984 0.6085806194501846 1 0 0 0.8993549387823293 -0.437219274606956 4.046601514044951
cell 10.358099550197482 42.73159528498473 0.0 1.0 1.0 1 0 0 0.0 1.0 0
cell 34.73127168072649 14.580581320218478 0.0 1.0 1.0 1 0 0 0.0 1.0 0
cell 19.506010920963163 10.781531143230358 0.0 1.0 1.0 1 0 0 0.0 1.0 0
cell 41.081186962904695 20.996657967931327 0.0 1.0 1.0 1 0 0 0.0 1.0 0
cell 45.762213480108684 26.15697710351356 0.0 1.0 1.0 1 0 0 0.0 1.0 0
cell 14.66958947974273 32.34338934111611 0.0 1.0 1.0 1 0 0 0.0 1.0 0
cell 38.98025405294615 44.01922965034817 0.0 1.0 1.0 1 0 0 0.0 1.0 0
cell 20.125706922007193 39.637027769579625 0.0 1.0 1.0 1 0 0 0.0 1.0 0
cell 1.3031101204272917 33.968088226664484 0.0 1.0 1.0 1 0 0 0.0 1.0 0
cell 57.88693675740133 27.98576551071357 0.0 1.0 1.0 1 0 0 0.0 1.0 0
cell 53.001077404861626 58.94809348210569 0.0 1.0 1.0 1 0 0 0.0 1.0 0
cell 35.27014018161798 39.37648021061468 0.0 1.0 1.0 1 0 0 0.0 1.0 0
cell 48.1194224101477 19.617677939170523 0.0 1.0 1.0 1 0 0 0.0 1.0 0
cell 19.80313133365096 49.802715380001516 0.0 1.0 1.0 1 0 0 0.0 1.0 0
cell 41.554778426651644 36.474418205766106 0.0 1.0 1.0 1 0 0 0.0 1.0 0
cell 54.53854359393958 42.25910272819084 0.0 1.0 1.0 1 0 0 0.0 1.0 0
cell 23.70433023856599 50.33049526830422 0.0 1.0 1.0 1 0 0 0.0 1.0 0
cell 48.54874307862499 5.960430610003263 0.0 1.6431676725154984 0.6085806194501846 1 0 0 0.9523405747891999 0.3050367676365858 2.521638580200217
cell 56.542507054988725 26.804360671423257 0.0 1.0 1.0 1 0 0 0.0 1.0 0
cell 20.734702057198692 2.2245086199519033 0.0 1.0 1.0 1 0 0 0.0 1.0 0
cell 22.46507712429006 20.848167397763 0.0 1.6431676725154984 0.6085806194501846 1 0 0 0.8923308120362652 -0.45138201325562327 4.078219656167008
cell 2.1505168099565206 14.082591968229863 0.0 1.6431676725154984 0.6085806194501846 1 0 0 0.34179928526970377 -0.9397729771541208 5.585523650750191
cell 51.93309542764441 3.652287929986611 0.0 1.6431676725154984 0.6085806194501846 1 0 0 0.9617359475729682 0.27397804135719517 2.5865388084614334
cell 48.599173616767935 16.14404565922638 0.0 1.0 1.0 1 0 0 0.0 1.0 0
cell 21.67126850633103 16.81311591347447 0.0 1.6431676725154984 0.6085806194501846 1 0 0 0.9994629502038892 0.032769058114905686 3.0760428024283932
cell 27.665510587307736 20.83496938378149 0.0 1.6431676725154984 0.6085806194501846 1 0 0 0.8212215949147745 -0.57060940409849 4.3560881221900045
cell 7.565224483581256 17.01986492990634 0.0 1.6431676725154984 0.6085806194501846 1 0 0 0.9307359854350148 -0.3656918448862537 3.8903447047911275
cell 25.12590019096432 23.711241152189476 0.0 1.6431676725154984 0.6085806194501846 1 0 0 0.8075009096438647 0.5898663246230718 1.879806076207928
cell 24.83456672938106 41.373285899650355 0.0 1.0 1.0 1 0 0 0.0 1.0 0
cell 28.819608331662703 48.302393545320385 0.0 1.0 1.0 1 0 0 0.0 1.0 0
cell 5.339293554458898 20.686479638243725 0.0 1.6431676725154984 0.6085806194501846 1 0 0 0.9765116436130262 -0.21546463721034623 3.5759278899251825
cell 53.577281962348124 17.72916144536158 0.0 1.6431676725154984 0.6085806194501846 1 0 0 0.624111671928236 0.7813351527756458 1.3479881599061887
cell 6.152969545327401 32.50572087481069 0.0 1.0 1.0 1 0 0 0.0 1.0 0
cell 31.121327617565896 1.741073724946882 0.0 1.6431676725154984 0.6085806194501846 1 0 0 0.9979095620096557 -0.06462589302823675 3.270934579304615
cell 13.282164300336488 15.84038611443083 0.0 1.6431676725154984 0.6085806194501846 1 0 0 0.9992710701690222 -0.0381749698527353 3.217961149955526
cell 40.023406262521505 37.76201596415518 0.0 1.6431676725154984 0.6085806194501846 1 0 0 0.5685529427393198 -0.8226466746437743 5.073693792544504
cell 18.868745185812575 24.639360746723785 0.0 1.0 1.0 1 0 0 0.0 1.0 0
cell 3.302451601268973 17.17732652559718 0.0 1.6431676725154984 0.6085806194501846 1 0 0 0.996147660624101 -0.0876917227173172 3.317201658820119
cell 24.26250881312391 28.736562326702053 0.0 1.0 1.0 1 0 0 0.0 1.0 0
cell 39.925244374523196 12.601989237803267 0.0 1.6431676725154984 0.6085806194501846 1 0 0 -0.03614257289910721 -0.999346643774938 0.07230089256358596
cell 47.66653919663614 50.03740120416023 0.0 1.0 1.0 1 0 0 0.0 1.0 0
cell 3.6644267964411776 41.5237024998391 0.0 1.0 1.0 1 0 0 0.0 1.0 0
cell 40.61986197952838 47.39329455728585 0.0 1.0 1.0 1 0 0 0.0 1.0 0
cell 46.418282629516256 39.41737813298328 0.0 1.0 1.0 1 0 0 0.0 1.0 0
cell 32.473551909431535 52.858206695887 0.0 1.6431676725154984 0.6085806194501846 1 0 0 -0.05861878438810794 0.998280440616193 6.165880493161048
cell 50.287116149861035 56.25468410484784 0.0 1.0 1.0 1 0 0 0.0 1.0 0
cell 35.03400006935359 31.12575836539995 0.0 1.0 1.0 1 0 0 0.0 1.0 0
cell 7.968319074445244 37.54545341852169 0.0 1.0 1.0 1 0 0 0.0 1.0 0
cell 27.562732481084026 43.074260701185025 0.0 1.0 1.0 1 0 0 0.0 1.0 0
cell 30.359554220490715 44.62438252538003 0.0 1.0 1.0 1 0 0 0.0 1.0 0
cell 47.36787801324335 17.797833933635992 0.0 1.0 1.0 1 0 0 0.0 1.0 0
cell 48.5596425431316 44.98223945856883 0.0 1.0 1.0 1 0 0 0.0 1.0 0
cell 22.9374607821086 48.41779035825301 0.0 1.0 1.0 1 0 0 0.0 1.0 0
cell 49.268454156877 28.84641627073845 0.0 1.6431676725154984 0.6085806194501846 1 0 0 0.5566252800801395 -0.8307636833514729 5.102549196037077
cell 25.959749306839676 56.919399125997565 0.0 1.0 1.0 1 0 0 0.0 1.0 0
cell 16.65463963193028 14.189704334537193 0.0 1.6431676725154984 0.6085806194501846 1 0 0 0.9396976517379657 -0.3420063205821684 3.839694934753504
cell 22.500525636734356 30.746518711861864 0.0 1.6431676725154984 0.6085806194501846 1 0 0 -0.12453817996231747 0.9922148163233975 6.033460559273244
cell 4.545202376460296 43.122181129144444 0.0 1.0 1.0 1 0 0 0.0 1.0 0
cell 17.185706530338546 8.27853447425057 0.0 1.0 1.0 1 0 0 0.0 1.0 0
cell 5.10717438043974 8.921402774579603 0.0 1.6431676725154984 0.6085806194501846 1 0 0 0.8684173044841964 -0.49583402996607895 4.179182595373385
cell 18.53553695305099 3.176800732667512 0.0 1.0 1.0 1 0 0 0.0 1.0 0
cell 21.80672131797489 34.050635468390205 0.0 1.0 1.0 1 0 0 0.0 1.0 0
cell 12.140426514542204 49.78634593049742 0.0 1.0 1.0 1 0 0 0.0 1.0 0
cell 30.043260736058414 25.546246766655788 0.0 1.0 1.0 1 0 0 0.0 1.0 0
cell 36.300741071571125 45.16904457155678 0.0 1.6431676725154984 0.6085806194501846 1 0 0 0.59338832207719 -0.804916330572574 5.012661557396033
cell 50.799344940937246 5.326796230561768 0.0 1.6431676725154984 0.6085806194501846 1 0 0 0.9749091975295957 0.22260291231742627 2.692625528288097
cell 43.06558788922774 20.974194041640928 0.0 1.0 1.0 1 0 0 0.0 1.0 0
cell 35.83423484401541 0.8713526781516399 0.0 1.6431676725154984 0.6085806194501846 1 0 0 0.9996715073099682 0.02562962100024503 3.090327798089601
cell 38.02159658228343 26.115685288988402 0.0 1.0 1.0 1 0 0 0.0 1.0 0
cell 58.73326045878063 5.780305862480593 0.0 1.6431676725154984 0.6085806194501846 1 0 0 0.9962281694998258 -0.08677231295192185 3.3153558028601506
cell 19.400238241545033 34.49917402752538 0.0 1.0 1.0 1 0 0 0.0 1.0 0
cell 46.259022561472825 51.12920070175098 0.0 1.0 1.0 1 0 0 0.0 1.0 0
cell 26.667332703965354 44.91921906577822 0.0 1.0 1.0 1 0 0 0.0 1.0 0
cell 27.7417275955833 54.3757907880261 0.0 1.0 1.0 1 0 0 0.0 1.0 0
cell 26.24180950705133 28.692423998861262 0.0 1.0 1.0 1 0 0 0.0 1.0 0
cell 6.412716924157145 24.33309164734778 0.0 1.0 1.0 1 0 0 0.0 1.0 0
cell 11.82984262316237 56.60170299536142 0.0 1.0 1.0 1 0 0 0.0 1.0 0
cell 9.739237873814002 26.27338542211558 0.0 1.6431676725154984 0.6085806194501846 1 0 0 -0.1927399281788492 -0.9812498764767372 0.38790733736177785
cell 17.69057705590314 4.718595726917894 0.0 1.6431676725154984 0.6085806194501846 1 0 0 0.132385075210218 -0.9911983615107447 6.017635607828615
cell 24.797538954254918 44.880319561231595 0.0 1.0 1.0 1 0 0 0.0 1.0 0
cell 40.00560955682387 58.24227101848213 0.0 1.6431676725154984 0.6085806194501846 1 0 0 0.9447930404338659 -0.32766768340459135 3.8092604825305787
cell 45.05808965598605 7.349334122245383 0.0 1.6431676725154984 0.6085806194501846 1 0 0 0.8196384012036156 0.5728812191653526 1.9215590802868947
cell 20.364152029852395 51.741251843849035 0.0 1.6431676725154984 0.6085806194501846 1 0 0 0.6263454064391791 -0.7795456573110644 4.929472858854612
cell 50.97870602734876 40.54412515364871 0.0 1.0 1.0 1 0 0 0.0 1.0 0
cell 11.330790672013912 44.50731402140783 0.0 1.0 1.0 1 0 0 0.0 1.0 0
cell 3.8898726010470717 58.053678915775656 0.0 1.0 1.0 1 0 0 0.0 1.0 0
cell 7.8356943358667825 0.9983857046175882 0.0 1.0 1.0 1 0 0 0.0 1.0 0
cell 45.38081056044078 29.454248865126928 0.0 1.0 1.0 1 0 0 0.0 1.0 0
cell 24.37162144477033 2.1333619350206954 0.0 1.0 1.0 1 0 0 0.0 1.0 0
cell 3.733129071945103 4.509341593863121 0.0 1.6431676725154984 0.6085806194501846 1 0 0 0.9961131921543739 -0.08808239560788186 3.3179860398112173
cell 9.705262442948145 3.589425724143928 0.0 1.6431676725154984 0.6085806194501846 1 0 0 0.2862889736874812 0.9581433209833322 0.5807028821311171
cell 29.207257306823873 19.57385266294301 0.0 1.6431676725154984 0.6085806194501846 1 0 0 0.8788745591950339 -0.47705294171583806 4.136189514698774
cell 1.1513528116363474 17.33155007559453 0.0 1.6431676725154984 0.6085806194501846 1 0 0 0.9075041403972725 -0.4200431348823685 4.008578355351851
cell 22.3859355362393 8.06789203438153 0.0 1.0 1.0 1 0 0 0.0 1.0 0
cell 4.25140094554032 2.7383567860526123 0.0 1.0 1.0 1 0 0 0.0 1.0 0
cell 13.737189166276112 34.023754758662 0.0 1.0 1.0 1 0 0 0.0 1.0 0
cell 27.85526369778254 3.0144749824981525 0.0 1.0 1.0 1 0 0 0.0 1.0 0
cell 22.00848030383317 43.096213362024905 0.0 1.0 1.0 1 0 0 0.0 1.0 0
cell 20.866653911457814 35.13441480960064 0.0 1.6431676725154984 0.6085806194501846 1 0 0 0.8088100926308952 -0.5880699227629337 4.398933549124692
cell 39.88252968601658 29.49898934439679 0.0 1.0 1.0 1 0 0 0.0 1.0 0
cell 36.828175990730465 52.681424880003675 0.0 1.0 1.0 1 0 0 0.0 1.0 0
cell 8.951634249869116 35.8270155334702 0.0 1.0 1.0 1 0 0 0.0 1.0 0
cell 4.466133345014758 27.965571314069358 0.0 1.0 1.0 1 0 0 0.0 1.0 0
cell 15.589298532481491 34.11063608856079 0.0 1.0 1.0 1 0 0 0.0 1.0 0
cell 41.61399076083414 32.929590261749595 0.0 1.0 1.0 1 0 0 0.0 1.0 0
cell 21.06739406255014 27.72016356057663 0.0 1.0 1.0 1 0 0 0.0 1.0 0
cell 46.549627505351594 53.073747020338324 0.0 1.0 1.0 1 0 0 0.0 1.0 0
cell 15.435259428932742 21.129363007977133 0.0 1.6431676725154984 0.6085806194501846 1 0 0 0.0686880275617762 0.9976381883577196 0.137484309523179
cell 41.89550767365674 26.104081877284546 0.0 1.0 1.0 1 0 0 0.0 1.0 0
cell 30.268532953756768 52.03976241127533 0.0 1.0 1.0 1 0 0 0.0 1.0 0
cell 22.697505565888108 57.40515240359282 0.0 1.0 1.0 1 0 0 0.0 1.0 0
cell 54.876968690343375 26.650932022107508 0.0 1.6431676725154984 0.6085806194501846 1 0 0 0.4037349429272929 0.914876000264241 0.8311912892078726
cell 5.329446261635224 47.918881576328104 0.0 1.0 1.0 1 0 0 0.0 1.0 0
cell 36.97694880826082 17.73264069523744 0.0 1.0 1.0 1 0 0 0.0 1.0 0
cell 51.550673640195036 21.7654617826941 0.0 1.6431676725154984 0.6085806194501846 1 0 0 -0.6231261474358268 -0.782121348885059 1.345466761041986
cell 46.61453809498493 15.951129243744662 0.0 1.0 1.0 1 0 0 0.0 1.0 0
cell 28.56773090393291 12.198916724317355 0.0 1.0 1.0 1 0 0 0.0 1.0 0
cell 3.2165094321408088 36.7680656980727 0.0 1.0 1.0 1 0 0 0.0 1.0 0
cell 12.07339242226598 25.890423072510224 0.0 1.6431676725154984 0.6085806194501846 1 0 0 0.0688606251518626 0.9976262899020327 0.13783032398198686
cell 47.34617584621515 11.163829363539739 0.0 1.0 1.0 1 0 0 0.0 1.0 0
cell 43.53502905171155 51.05794845849278 0.0 1.0 1.0 1 0 0 0.0 1.0 0
cell 2.3056014741296815 24.97337055588372 0.0 1.0 1.0 1 0 0 0.0 1.0 0
cell 38.78246582698029 34.57416574782128 0.0 1.0 1.0 1 0 0 0.0 1.0 0
cell 58.87948392527163 12.33749174184625 0.0 1.0 1.0 1 0 0 0.0 1.0 0
cell 3.065042816240312 47.84921927348493 0.0 1.0 1.0 1 0 0 0.0 1.0 0
cell 45.354551500724476 41.08340498856869 0.0 1.0 1.0 1 0 0 0.0 1.0 0
cell 57.567620996615176 6.668490801756001 0.0 1.6431676725154984 0.6085806194501846 1 0 0 0.9943088820710809 -0.10653566085850008 3.3550691023804173
cell 23.67575537590755 54.16196590988131 0.0 1.0 1.0 1 0 0 0.0 1.0 0
cell 35.00249249640575 27.786295385285847 0.0 1.0 1.0 1 0 0 0.0 1.0 0
cell 17.49389380277617 10.55131144218288 0.0 1.6431676725154984 0.6085806194501846 1 0 0 -0.3931538989974484 -0.9194726813250648 0.8081184095886877
cell 38.06571446492505 19.403361724045688 0.0 1.0 1.0 1 0 0 0.0 1.0 0
cell 32.613299656191785 11.876250811684596 0.0 1.0 1.0 1 0 0 0.0 1.0 0
cell 22.919442299596213 44.86158512554769 0.0 1.0 1.0 1 0 0 0.0 1.0 0
cell 11.023886799804362 32.13167582818799 0.0 1.0 1.0 1 0 0 0.0 1.0 0
cell 35.84896462447072 16.163714545459023 0.0 1.0 1.0 1 0 0 0.0 1.0 0
cell 46.62117402256841 54.84849347267235 0.0 1.0 1.0 1 0 0 0.0 1.0 0
cell 31.843608281510406 16.87226080125462 0.0 1.0 1.0 1 0 0 0.0 1.0 0
cell 1.5048994093399486 46.643939528391215 0.0 1.0 1.0 1 0 0 0.0 1.0 0
cell 29.404462691328497 42.99132630809646 0.0 1.0 1.0 1 0 0 0.0 1.0 0
cell 22.01629280582786 25.777853589836468 0.0 1.0 1.0 1 0 0 0.0 1.0 0
cell 53.40158762785308 30.349772593647184 0.0 1.0 1.0 1 0 0 0.0 1.0 0
cell 4.3567807186850125 46.386262760014915 0.0 1.0 1.0 1 0 0 0.0 1.0 0
cell 37.171872801549604 21.158494232994205 0.0 1.0 1.0 1 0 0 0.0 1.0 0
cell 54.71868342878745 48.23373023508345 0.0 1.0 1.0 1 0 0 0.0 1.0 0
cell 2.0769492548580097 2.667224182601878 0.0 1.0 1.0 1 0 0 0.0 1.0 0
cell 9.943556401948005 40.86091867134872 0.0 1.0 1.0 1 0 0 0.0 1.0 0
cell 22.787289362991608 32.48839608164973 0.0 1.0 1.0 1 0 0 0.0 1.0 0
cell 1.4992440152795785 35.80230620420493 0.0 1.0 1.0 1 0 0 0.0 1.0 0
cell 32.18123158613 44.439120232122676 0.0 1.0 1.0 1 0 0 0.0 1.0 0
cell 9.640003144848198 9.705998380646085 0.0 1.0 1.0 1 0 0 0.0 1.0 0
cell 50.06404104284427 19.88243576765262 0.0 1.0 1.0 1 0 0 0.0 1.0 0
cell 51.697391200425244 1.3951607488633744 0.0 1.0 1.0 1 0 0 0.0 1.0 0
cell 51.77806405640381 35.60270423036538 0.0 1.0 1.0 1 0 0 0.0 1.0 0
cell 34.8931474154922 58.760320248323566 0.0 1.6431676725154984 0.6085806194501846 1 0 0 0.9785747311150257 0.20589195133165164 2.7268424535082527
cell 13.663413941915394 10.542069137680906 0.0 1.0 1.0 1 0 0 0.0 1.0 0
cell 4.831937346569209 25.50101604891488 0.0 1.6431676725154984 0.6085806194501846 1 0 0 0.7370217928845821 0.6758689790286252 1.657306439739302
cell 47.18108131588983 29.39704789064089 0.0 1.0 1.0 1 0 0 0.0 1.0 0
cell 51.33563747673307 42.41943779443547 0.0 1.0 1.0 1 0 0 0.0 1.0 0
cell 19.021047594498274 32.7773063576351 0.0 1.0 1.0 1 0 0 0.0 1.0 0
cell 54.566713244965825 16.510030173947264 0.0 1.6431676725154984 0.6085806194501846 1 0 0 0.702436285211824 0.7117466299307732 1.5576294159100719
cell 24.737108337324404 32.98714285689735 0.0 1.0 1.0 1 0 0 0.0 1.0 0
cell 37.877750775407335 51.07027467075026 0.0 1.0 1.0 1 0 0 0.0 1.0 0
cell 2.6458345229000577 23.06584259413879 0.0 1.0 1.0 1 0 0 0.0 1.0 0
cell 29.070328441933523 23.73623735918167 0.0 1.0 1.0 1 0 0 0.0 1.0 0
cell 43.580451085461014 29.45207448113783 0.0 1.0 1.0 1 0 0 0.0 1.0 0
cell 14.310351079747104 42.941202774753386 0.0 1.0 1.0 1 0 0 0.0 1.0 0
cell 33.059300193746246 27.588784368538604 0.0 1.0 1.0 1 0 0 0.0 1.0 0
cell 42.936608155757924 52.973941774247436 0.0 1.0 1.0 1 0 0 0.0 1.0 0
cell 3.6388021669190374 26.196420793201494 0.0 1.6431676725154984 0.6085806194501846 1 0 0 0.7421862885915526 0.6701936384558546 1.6726533345973296
cell 46.97605537081358 21.263353988850948 0.0 1.0 1.0 1 0 0 0.0 1.0 0
cell 58.57884351221804 18.920692324191876 0.0 1.0 1.0 1 0 0 0.0 1.0 0
cell 45.41198775773918 17.595077731905008 0.0 1.0 1.0 1 0 0 0.0 1.0 0
cell 53.65251242280249 1.740158862502649 0.0 1.0 1.0 1 0 0 0.0 1.0 0
cell 21.07747641971495 9.529665988362094 0.0 1.0 1.0 1 0 0 0.0 1.0 0
cell 9.81092373421601 5.455349925110138 0.0 1.0 1.0 1 0 0 0.0 1.0 0
cell 45.04798389694452 49.66360137899188 0.0 1.0 1.0 1 0 0 0.0 1.0 0
cell 8.280814106442586 49.67300060709603 0.0 1.0 1.0 1 0 0 0.0 1.0 0
cell 0.14942355541863472 14.311108920509762 0.0 1.0 1.0 1 0 0 0.0 1.0 0
cell 31.373629140144338 31.67689554754416 0.0 1.0 1.0 1 0 0 0.0 1.0 0
cell 8.182198357791904 6.649891339599881 0.0 1.0 1.0 1 0 0 0.0 1.0 0
cell 33.789323748617214 51.296735804192835 0.0 1.0 1.0 1 0 0 0.0 1.0 0
cell 30.137508496629703 36.39311617375074 0.0 1.0 1.0 1 0 0 0.0 1.0 0
cell 41.40086772953594 55.73381773079824 0.0 1.0 1.0 1 0 0 0.0 1.0 0
cell 15.337921476314325 1.317384087628107 0.0 1.0 1.0 1 0 0 0.0 1.0 0
cell 0.9587735040640746 22.184653629229146 0.0 1.0 1.0 1 0 0 0.0 1.0 0
cell 57.42904222301057 38.851593944366456 0.0 1.6431676725154984 0.6085806194501846 1 0 0 0.4847071808827749 0.874676482364007 1.012056724833693
cell 49.909214981897314 23.415030648507518 0.0 1.0 1.0 1 0 0 0.0 1.0 0
cell 7.644202971849175 31.10447526454044 0.0 1.0 1.0 1 0 0 0.0 1.0 0
cell 20.547399005514954 25.131323736763754 0.0 1.6431676725154984 0.6085806194501846 1 0 0 0.6824796656450015 0.7309045806266964 1.5022997656096397
cell 11.190502343995647 47.999397438220555 0.0 1.0 1.0 1 0 0 0.0 1.0 0
cell 57.51595097457078 13.871330704054365 0.0 1.0 1.0 1 0 0 0.0 1.0 0
cell 53.90815686060971 52.448273053732805 0.0 1.0 1.0 1 0 0 0.0 1.0 0
cell 32.93052357217084 47.660096386370796 0.0 1.0 1.0 1 0 0 0.0 1.0 0
cell 35.96957677129406 56.70103039936648 0.0 1.0 1.0 1 0 0 0.0 1.0 0
cell 33.25591547828852 21.13145541644262 0.0 1.0 1.0 1 0 0 0.0 1.0 0
cell 51.62303447276143 33.820643685175995 0.0 1.0 1.0 1 0 0 0.0 1.0 0
cell 37.01675856013187 27.833630049722025 0.0 1.0 1.0 1 0 0 0.0 1.0 0
cell 27.384036028152146 34.8298128627687 0.0 1.0 1.0 1 0 0 0.0 1.0 0
cell 10.282664275103745 11.353795160721154 0.0 1.6431676725154984 0.6085806194501846 1 0 0 0.9978056774693085 -0.06621049773271885 3.274110592275074
cell 49.1744734540388 8.062446673648958 0.0 1.6431676725154984 0.6085806194501846 1 0 0 0.9922426957036574 0.12431585909584907 2.8923160298971284
cell 36.123368593962155 22.850478391773066 0.0 1.0 1.0 1 0 0 0.0 1.0 0
cell 26.63261163403574 33.21698282275113 0.0 1.0 1.0 1 0 0 0.0 1.0 0
cell 47.28715332245137 41.208189402910875 0.0 1.0 1.0 1 0 0 0.0 1.0 0
cell 7.280066444279651 18.342201494493086 0.0 1.6431676725154984 0.6085806194501846 1 0 0 0.9521468692582455 -0.30564086664207946 3.762815517670789
cell 47.053265150798254 0.6183666882128115 0.0 1.0 1.0 1 0 0 0.0 1.0 0
cell 2.312286310229667 26.9650970258429 0.0 1.0 1.0 1 0 0 0.0 1.0 0
cell 26.440130749384128 53.08963594923762 0.0 1.0 1.0 1 0 0 0.0 1.0 0
cell 25.368797637846075 13.23228724385235 0.0 1.6431676725154984 0.6085806194501846 1 0 0 0.5794846259910821 0.8149831705256101 1.2361923491793052
cell 30.08184280432956 28.865177896488667 0.0 1.0 1.0 1 0 0 0.0 1.0 0
cell 29.58681949298429 46.4653307595959 0.0 1.0 1.0 1 0 0 0.0 1.0 0
cell 20.32759395513332 5.959411707049005 0.0 1.6431676725154984 0.6085806194501846 1 0 0 0.3358926850517772 0.941900262304193 0.6851056383192965
cell 39.50161024589762 36.18745003793248 0.0 1.0 1.0 1 0 0 0.0 1.0 0
cell 19.234742420366942 26.61582237169498 0.0 1.0 1.0 1 0 0 0.0 1.0 0
cell 33.83449514747838 56.451056956553465 0.0 1.0 1.0 1 0 0 0.0 1.0 0
cell 57.65430627525073 24.46321262674239 0.0 1.0 1.0 1 0 0 0.0 1.0 0
cell 6.4960066679407555 9.08548045799562 0.0 1.6431676725154984 0.6085806194501846 1 0 0 0.8377366669023041 -0.5460744243483832 4.296934877080693
cell 21.9754568836285 5.685883695694516 0.0 1.0 1.0 1 0 0 0.0 1.0 0
cell 36.9675965029926 39.22645006003418 0.0 1.0 1.0 1 0 0 0.0 1.0 0
cell 45.325825180203026 10.976544152600567 0.0 1.0 1.0 1 0 0 0.0 1.0 0
cell 51.335135417410925 38.70234693215353 0.0 1.0 1.0 1 0 0 0.0 1.0 0
cell 39.02636410733115 24.432540854207883 0.0 1.0 1.0 1 0 0 0.0 1.0 0
cell 55.04671731670325 18.901748793971255 0.0 1.6431676725154984 0.6085806194501846 1 0 0 0.8941175440550398 0.44783235413822425 2.2129136097291946
cell 37.66147663339413 57.93155128122739 0.0 1.6431676725154984 0.6085806194501846 1 0 0 0.983610456046255 -0.18030660208788318 3.50418896005717
cell 4.344594062428518 16.112216550005353 0.0 1.0 1.0 1 0 0 0.0 1.0 0
cell 42.80306511687603 37.976713406251115 0.0 1.0 1.0 1 0 0 0.0 1.0 0
cell 58.10393720403049 26.080464578806577 0.0 1.0 1.0 1 0 0 0.0 1.0 0
cell 2.64811426418438 28.87463085083832 0.0 1.0 1.0 1 0 0 0.0 1.0 0
cell 43.31289998101071 36.15993586259957 0.0 1.0 1.0 1 0 0 0.0 1.0 0
cell 54.76053953083294 8.789982163681856 0.0 1.6431676725154984 0.6085806194501846 1 0 0 0.9943203447568042 -0.10642862398203805 3.3548538045764533
cell 13.455113977194209 41.14746408242298 0.0 1.0 1.0 1 0 0 0.0 1.0 0
cell 46.663745198343705 56.570820543835524 0.0 1.0 1.0 1 0 0 0.0 1.0 0
cell 6.850236340139449 58.29840068351178 0.0 1.0 1.0 1 0 0 0.0 1.0 0
cell 48.80642303303461 21.45894114904396 0.0 1.0 1.0 1 0 0 0.0 1.0 0
cell 33.09877862208253 34.64062924824226 0.0 1.0 1.0 1 0 0 0.0 1.0 0
cell 58.51134264157238 16.372920491569197 0.0 1.6431676725154984 0.6085806194501846 1 0 0 0.8049140243958804 -0.5933914503351291 4.412124176261787
cell 56.31876871908481 47.39292748924377 0.0 1.0 1.0 1 0 0 0.0 1.0 0
cell 49.81911006827415 35.47040172147522 0.0 1.0 1.0 1 0 0 0.0 1.0 0
cell 39.62728617386758 50.18689424255843 0.0 1.0 1.0 1 0 0 0.0 1.0 0
cell 2.6688746928234988 6.916123125314971 0.0 1.6431676725154984 0.6085806194501846 1 0 0 0.9647838327444407 -0.26304401927233995 3.673944619821556
cell 5.305830974397894 51.36405286606026 0.0 1.0 1.0 1 0 0 0.0 1.0 0
cell 11.911125261867197 33.93087960026808 0.0 1.0 1.0 1 0 0 0.0 1.0 0
cell 4.412001846014918 29.800614180033232 0.0 1.0 1.0 1 0 0 0.0 1.0 0
cell 51.49445397734075 47.449785542194725 0.0 1.0 1.0 1 0 0 0.0 1.0 0
cell 53.138820552008546 43.170468585720485 0.0 1.0 1.0 1 0 0 0.0 1.0 0
cell 13.279574266560042 44.604870879814975 0.0 1.0 1.0 1 0 0 0.0 1.0 0
cell 34.04255112590496 44.21161181243641 0.0 1.0 1.0 1 0 0 0.0 1.0 0
cell 32.605730559215 0.9990458348973016 0.0 1.6431676725154984 0.6085806194501846 1 0 0 0.999558494326409 -0.02971222677488554 3.201025854095447
cell 41.985851287111764 19.305434182923733 0.0 1.0 1.0 1 0 0 0.0 1.0 0
cell 40.869519056083774 43.767290440357584 0.0 1.0 1.0 1 0 0 0.0 1.0 0
cell 9.00658023421964 54.91512586308764 0.0 1.0 1.0 1 0 0 0.0 1.0 0
cell 16.05482294308571 4.203847980698217 0.0 1.6431676725154984 0.6085806194501846 1 0 0 0.08637298150356156 -0.9962628709663858 6.110223830659376
cell 31.90730919908248 51.30600445270566 0.0 1.0 1.0 1 0 0 0.0 1.0 0
cell 3.665909202476265 56.16577121726468 0.0 1.0 1.0 1 0 0 0.0 1.0 0
cell 12.714139900146808 17.063857962625722 0.0 1.6431676725154984 0.6085806194501846 1 0 0 0.9996330327644115 -0.027088739472794585 3.195776760628203
cell 18.977761138266562 28.600657273218907 0.0 1.0 1.0 1 0 0 0.0 1.0 0
cell 2.716962222079723 40.166888950483155 0.0 1.0 1.0 1 0 0 0.0 1.0 0
cell 54.11008783637456 50.04846537753701 0.0 1.0 1.0 1 0 0 0.0 1.0 0
cell 17.434685441952045 16.33477589809425 0.0 1.6431676725154984 0.6085806194501846 1 0 0 0.897715712835083 -0.44057519100489406 4.05407125374355
cell 14.173638773901663 46.35354152646143 0.0 1.0 1.0 1 0 0 0.0 1.0 0
cell 55.29072891642704 30.740305117951465 0.0 1.6431676725154984 0.6085806194501846 1 0 0 0.5243174032930652 0.851522906681915 1.1038265927053716
cell 26.772983070877622 13.912057595492055 0.0 1.6431676725154984 0.6085806194501846 1 0 0 0.5713566139507554 0.8207019067205384 1.2163157965264244
cell 35.22913158442783 45.03979234349793 0.0 1.6431676725154984 0.6085806194501846 1 0 0 0.5529411647489142 -0.833220299996414 5.111405313279402
cell 44.938789407414845 36.04820258633355 0.0 1.6431676725154984 0.6085806194501846 1 0 0 0.46934567518425363 -0.8830145169734397 5.306086068310657
cell 52.48265899304123 37.48488426986929 0.0 1.0 1.0 1 0 0 0.0 1.0 0
cell 37.86030359029382 43.18610033082658 0.0 1.6431676725154984 0.6085806194501846 1 0 0 0.5349563281234601 -0.844879711557015 5.154273194707599
cell 16.329876174826055 58.706738255147144 0.0 1.0 1.0 1 0 0 0.0 1.0 0
cell 16.99631286521804 51.727392785924366 0.0 1.0 1.0 1 0 0 0.0 1.0 0
cell 24.98130928409086 51.870691040089056 0.0 1.0 1.0 1 0 0 0.0 1.0 0
cell 39.57569453521652 54.58551164921915 0.0 1.6431676725154984 0.6085806194501846 1 0 0 0.5405320284778755 0.8413234373233597 1.1421387039101119
cell 19.059166261456106 15.39336005132128 0.0 1.6431676725154984 0.6085806194501846 1 0 0 0.9152826607244015 -0.4028121782881696 3.970767145936063
cell 31.572687022157364 54.515397209260726 0.0 1.0 1.0 1 0 0 0.0 1.0 0
cell 39.10322876127426 21.078417894364875 0.0 1.0 1.0 1 0 0 0.0 1.0 0
cell 27.60024450033245 49.65743985987063 0.0 1.0 1.0 1 0 0 0.0 1.0 0
cell 57.754269769464464 48.65164636771617 0.0 1.0 1.0 1 0 0 0.0 1.0 0
cell 32.344347419998 49.36766380494007 0.0 1.0 1.0 1 0 0 0.0 1.0 0
cell 26.272069820673533 58.31234332315232 0.0 1.6431676725154984 0.6085806194501846 1 0 0 0.9959031320257531 0.09042649844650313 2.960492274301738
cell 5.4256814381234975 41.31871409412858 0.0 1.0 1.0 1 0 0 0.0 1.0 0
cell 45.093296135911245 0.7241677440852401 0.0 1.0 1.0 1 0 0 0.0 1.0 0
cell 37.59700424603761 36.1544629105615 0.0 1.0 1.0 1 0 0 0.0 1.0 0
cell 6.065214291929 30.501716059407673 0.0 1.0 1.0 1 0 0 0.0 1.0 0
cell 50.66492101306774 28.476045148425168 0.0 1.0 1.0 1 0 0 0.0 1.0 0
cell 26.127458948337104 2.4022238955948905 0.0 1.0 1.0 1 0 0 0.0 1.0 0
cell 43.532690845862234 45.87644738211869 0.0 1.0 1.0 1 0 0 0.0 1.0 0
cell 29.700043916739162 39.64310901839438 0.0 1.0 1.0 1 0 0 0.0 1.0 0
cell 4.269742978850159 13.509895297176309 0.0 1.6431676725154984 0.6085806194501846 1 0 0 0.8162332013310455 -0.5777225640780124 4.373464150531197
cell 4.4946267293434214 31.764671624536767 0.0 1.0 1.0 1 0 0 0.0 1.0 0
cell 34.782205673198874 47.773250469498336 0.0 1.6431676725154984 0.6085806194501846 1 0 0 0.5431602357818458 -0.8396290599219454 5.134792517763455
cell 43.53484856390689 7.558222716539335 0.0 1.0 1.0 1 0 0 0.0 1.0 0
cell 0.5216059608234949 24.12567380339931 0.0 1.0 1.0 1 0 0 0.0 1.0 0
cell 29.82907516260785 58.42172963102703 0.0 1.0 1.0 1 0 0 0.0 1.0 0
cell 7.017604618562795 54.85287596880093 0.0 1.0 1.0 1 0 0 0.0 1.0 0
cell 16.608091413039244 54.30625273050894 0.0 1.6431676725154984 0.6085806194501846 1 0 0 0.9958984316922014 -0.09047825016551547 3.3227969623454086
cell 58.5697196157375 55.86640072653319 0.0 1.0 1.0 1 0 0 0.0 1.0 0
cell 0.680336537695928 26.079062499038518 0.0 1.0 1.0 1 0 0 0.0 1.0 0
cell 42.972696946539585 24.403875101773874 0.0 1.0 1.0 1 0 0 0.0 1.0 0
cell 51.77238560923357 57.38320036681292 0.0 1.0 1.0 1 0 0 0.0 1.0 0
cell 46.108507831931774 31.017786140454426 0.0 1.0 1.0 1 0 0 0.0 1.0 0
cell 1.2214330541389373 32.06109104480147 0.0 1.0 1.0 1 0 0 0.0 1.0 0
cell 56.01006974300387 41.53170423704237 0.0 1.0 1.0 1 0 0 0.0 1.0 0
cell 16.07321022965655 31.94931645801437 0.0 1.6431676725154984 0.6085806194501846 1 0 0 0.6160397079230594 0.787715099678857 1.3274103797276353
cell 57.40547319929219 42.43629370545169 0.0 1.0 1.0 1 0 0 0.0 1.0 0
cell 12.05987058247585 53.25764905693795 0.0 1.0 1.0 1 0 0 0.0 1.0 0
cell 29.283305363774836 34.90352339989728 0.0 1.0 1.0 1 0 0 0.0 1.0 0
cell 57.17545142750501 12.026657299818995 0.0 1.0 1.0 1 0 0 0.0 1.0 0
cell 8.38448893720756 42.796420614218775 0.0 1.0 1.0 1 0 0 0.0 1.0 0
cell 42.50136418092513 13.579739918878136 0.0 1.6431676725154984 0.6085806194501846 1 0 0 0.9872477265945484 -0.15919147695117253 3.461335917673138
cell 9.301595538868973 47.96573587925002 0.0 1.0 1.0 1 0 0 0.0 1.0 0
cell 6.3337134010277465 49.643759958412595 0.0 1.0 1.0 1 0 0 0.0 1.0 0
cell 43.45284023922811 9.269094051167857 0.0 1.6431676725154984 0.6085806194501846 1 0 0 0.9789609467404339 -0.20404770216072846 3.5525743427907783
cell 3.3975543757799946 51.302195196705135 0.0 1.0 1.0 1 0 0 0.0 1.0 0
cell 18.134638236936798 43.05033654713749 0.0 1.0 1.0 1 0 0 0.0 1.0 0
cell 48.923243116627525 13.063878770749914 0.0 1.6431676725154984 0.6085806194501846 1 0 0 0.8175678951646524 -0.5758322123640184 4.368836045250807
cell 28.57197059045041 33.214568063879035 0.0 1.0 1.0 1 0 0 0.0 1.0 0
cell 44.4166507669518 34.48158362325347 0.0 1.0 1.0 1 0 0 0.0 1.0 0
cell 3.046995177048169 20.087570625559042 0.0 1.6431676725154984 0.6085806194501846 1 0 0 0.8818786218216503 -0.4714765067041481 4.123521262436318
cell 16.19332572468444 42.99097508365776 0.0 1.0 1.0 1 0 0 0.0 1.0 0
cell 52.11080195608734 53.308432017026455 0.0 1.0 1.0 1 0 0 0.0 1.0 0
cell 48.34604460833921 31.748268009254893 0.0 1.6431676725154984 0.6085806194501846 1 0 0 0.5888472480996757 -0.8082443432560719 5.023921593810935
cell 17.532613284425203 34.131876892684275 0.0 1.0 1.0 1 0 0 0.0 1.0 0
cell 29.779084732498827 13.840004509646567 0.0 1.0 1.0 1 0 0 0.0 1.0 0
cell 36.35260629579999 37.71449318681379 0.0 1.0 1.0 1 0 0 0.0 1.0 0
cell 1.1972631232289705 18.908749570445405 0.0 1.6431676725154984 0.6085806194501846 1 0 0 0.8987627847182076 -0.43843523672895274 4.049306480289932
cell 47.88075334911628 35.76200729501529 0.0 1.0 1.0 1 0 0 0.0 1.0 0
cell 33.417172855418826 10.138045979629823 0.0 1.0 1.0 1 0 0 0.0 1.0 0
cell 58.77444930211719 2.405046599800996 0.0 1.6431676725154984 0.6085806194501846 1 0 0 0.8688813212703866 0.49502045366573194 2.105875910181685
cell 13.08623998301186 51.57344421081247 0.0 1.0 1.0 1 0 0 0.0 1.0 0
cell 32.02400795548212 25.84070093691678 0.0 1.0 1.0 1 0 0 0.0 1.0 0
cell 21.79764690507881 53.55708607378863 0.0 1.0 1.0 1 0 0 0.0 1.0 0
cell 29.602059675188137 17.223939447948 0.0 1.0 1.0 1 0 0 0.0 1.0 0
cell 55.220301612226734 13.959809581830395 0.0 1.6431676725154984 0.6085806194501846 1 0 0 0.23470391770609894 0.9720669066547882 0.4738279328827573
cell 14.976631579016411 2.8315126133933703 0.0 1.6431676725154984 0.6085806194501846 1 0 0 0.16641086597656113 0.9860565012639646 0.3343773113095817
cell 6.295928558309058 28.55673284270589 0.0 1.0 1.0 1 0 0 0.0 1.0 0
cell 26.098312859786986 15.876933430855045 0.0 1.0 1.0 1 0 0 0.0 1.0 0
cell 35.14947926446384 42.690563964692494 0.0 1.0 1.0 1 0 0 0.0 1.0 0
cell 41.27088570783458 49.23029268202463 0.0 1.0 1.0 1 0 0 0.0 1.0 0
cell 53.30114462327136 14.757176339149147 0.0 1.0 1.0 1 0 0 0.0 1.0 0
cell 6.421551761579572 43.00011860882446 0.0 1.0 1.0 1 0 0 0.0 1.0 0
cell 10.23693705228918 15.895220061534724 0.0 1.6431676725154984 0.6085806194501846 1 0 0 0.9944919479503291 -0.10481300235161559 3.3516043852502495
cell 40.904442245873106 27.790353383858708 0.0 1.0 1.0 1 0 0 0.0 1.0 0
cell 9.941280814848113 37.42866651241874 0.0 1.0 1.0 1 0 0 0.0 1.0 0
cell 28.110464828215665 28.732949080616745 0.0 1.0 1.0 1 0 0 0.0 1.0 0
cell 37.93854888780121 29.489817508450876 0.0 1.0 1.0 1 0 0 0.0 1.0 0
cell 24.207318118918494 36.23226064473694 0.0 1.0 1.0 1 0 0 0.0 1.0 0
cell 8.073611251492741 53.158357502218294 0.0 1.0 1.0 1 0 0 0.0 1.0 0
cell 15.877712388317772 50.04257269459999 0.0 1.0 1.0 1 0 0 0.0 1.0 0
cell 27.078441260111603 27.02626610626426 0.0 1.0 1.0 1 0 0 0.0 1.0 0
cell 31.55516413931106 20.41910672852324 0.0 1.0 1.0 1 0 0 0.0 1.0 0
cell 37.75690253178871 54.26178754944966 0.0 1.0 1.0 1 0 0 0.0 1.0 0
cell 44.81034983564496 54.03559538902653 0.0 1.0 1.0 1 0 0 0.0 1.0 0
cell 21.4178686613625 58.499142048720636 0.0 1.0 1.0 1 0 0 0.0 1.0 0
cell 28.583799864494623 41.33024706484795 0.0 1.0 1.0 1 0 0 0.0 1.0 0
cell 9.964617873777755 29.96463948764952 0.0 1.0 1.0 1 0 0 0.0 1.0 0
cell 25.429469458315598 34.76209137954023 0.0 1.0 1.0 1 0 0 0.0 1.0 0
cell 14.966705850587328 55.111798404028406 0.0 1.0 1.0 1 0 0 0.0 1.0 0
cell 1.1205331975765729 55.24825305933078 0.0 1.6431676725154984 0.6085806194501846 1 0 0 0.6960139714971791 0.7180282386373978 1.5396621941805664
cell 33.35092792138814 45.936566983479864 0.0 1.0 1.0 1 0 0 0.0 1.0 0
cell 56.57856457788246 21.393365864349086 0.0 1.0 1.0 1 0 0 0.0 1.0 0
cell 15.634945536734197 10.83626064479106 0.0 1.0 1.0 1 0 0 0.0 1.0 0
cell 5.930919033789283 22.179963586171166 0.0 1.6431676725154984 0.6085806194501846 1 0 0 0.9728185910557147 -0.23156854038572317 3.6089721356863604
cell 8.434490860414666 40.82722687403093 0.0 1.6431676725154984 0.6085806194501846 1 0 0 0.4894640935289717 0.8720234521765238 1.0229501835025863
cell 43.9934779589273 22.71259446232513 0.0 1.0 1.0 1 0 0 0.0 1.0 0
cell 57.0865770809526 2.9256480972152215 0.0 1.0 1.0 1 0 0 0.0 1.0 0
cell 44.092661679584914 2.4633415063472492 0.0 1.0 1.0 1 0 0 0.0 1.0 0
cell 9.844199548506081 56.59609986007499 0.0 1.0 1.0 1 0 0 0.0 1.0 0
cell 50.253781128739305 3.7406151335468985 0.0 1.6431676725154984 0.6085806194501846 1 0 0 0.9311162578634463 0.3647225169116547 2.3949231046718897
cell 42.24907742077422 39.95513564626128 0.0 1.0 1.0 1 0 0 0.0 1.0 0
cell 55.27521527767317 36.84510612881527 0.0 1.0 1.0 1 0 0 0.0 1.0 0
cell 44.60997407082397 57.76902719106447 0.0 1.6431676725154984 0.6085806194501846 1 0 0 0.3060776985320053 0.9520065348837428 0.6221405041856477
cell 21.08911560366991 44.82122818035568 0.0 1.0 1.0 1 0 0 0.0 1.0 0
cell 29.717837238697665 53.912652922808846 0.0 1.0 1.0 1 0 0 0.0 1.0 0
cell 0.7972348387616683 28.121801542440338 0.0 1.0 1.0 1 0 0 0.0 1.0 0
cell 44.523616019941784 5.653010303935849 0.0 1.6431676725154984 0.6085806194501846 1 0 0 0.9619290484056333 0.27329929716966467 2.5879501647231162
cell 6.372912574477796 19.814977204970262 0.0 1.6431676725154984 0.6085806194501846 1 0 0 0.988204410048235 -0.15314060193567142 3.449083824129747
cell 50.1086881509751 33.53205104421697 0.0 1.0 1.0 1 0 0 0.0 1.0 0
cell 53.6028399588173 36.21613143253479 0.0 1.0 1.0 1 0 0 0.0 1.0 0
cell 6.0940817048002565 26.555781582221964 0.0 1.0 1.0 1 0 0 0.0 1.0 0
cell 30.898423664236645 18.619515448400684 0.0 1.0 1.0 1 0 0 0.0 1.0 0
cell 54.59504581821006 33.33416081659762 0.0 1.0 1.0 1 0 0 0.0 1.0 0
cell 35.93578123591542 49.177749094206526 0.0 1.0 1.0 1 0 0 0.0 1.0 0
cell 48.10565270590302 2.035251702051905 0.0 1.0 1.0 1 0 0 0.0 1.0 0
cell 15.337349911519627 41.22577542847199 0.0 1.0 1.0 1 0 0 0.0 1.0 0
cell 24.11895896673791 56.04701309966301 0.0 1.0 1.0 1 0 0 0.0 1.0 0
cell 9.796155807171234 0.9430511695051238 0.0 1.0 1.0 1 0 0 0.0 1.0 0
cell 41.49247146827327 41.83473624539554 0.0 1.0 1.0 1 0 0 0.0 1.0 0
cell 28.827236655321077 50.795933081368645 0.0 1.0 1.0 1 0 0 0.0 1.0 0
cell 45.4418555460609 46.09055714544713 0.0 1.0 1.0 1 0 0 0.0 1.0 0
cell 36.46067721368921 9.18169047149293 0.0 1.6431676725154984 0.6085806194501846 1 0 0 0.5128227554370535 -0.8584945087220699 5.206246100836966
cell 31.518057580874228 3.774488310101209 0.0 1.6431676725154984 0.6085806194501846 1 0 0 0.9643406187620819 -0.26466426091477685 3.677304156859606
cell 58.51939568880096 7.908622805738145 0.0 1.6431676725154984 0.6085806194501846 1 0 0 0.9945143359677368 -0.10460036115927925 3.3511767522291867
cell 29.60006219095627 31.496896947503092 0.0 1.0 1.0 1 0 0 0.0 1.0 0
cell 44.71491749497335 15.714022186121406 0.0 1.0 1.0 1 0 0 0.0 1.0 0
cell 31.721816640237645 13.659540827810353 0.0 1.0 1.0 1 0 0 0.0 1.0 0
cell 56.49156135922702 40.06547521119243 0.0 1.0 1.0 1 0 0 0.0 1.0 0
cell 55.617808194812156 51.385193339331906 0.0 1.0 1.0 1 0 0 0.0 1.0 0
cell 5.812802529076631 56.587583623434405 0.0 1.0 1.0 1 0 0 0.0 1.0 0
cell 5.389643539661943 13.09087425090503 0.0 1.6431676725154984 0.6085806194501846 1 0 0 0.9058563939181195 -0.4235849307962463 4.016391013327018
cell 21.774610130044227 49.9864457389838 0.0 1.0 1.0 1 0 0 0.0 1.0 0
cell 35.07633045211348 24.46896867221645 0.0 1.0 1.0 1 0 0 0.0 1.0 0
cell 22.357443007442402 23.810661567598693 0.0 1.0 1.0 1 0 0 0.0 1.0 0
cell 12.654032810254925 39.31436402971678 0.0 1.0 1.0 1 0 0 0.0 1.0 0
cell 32.33129495456721 41.1436515867164 0.0 1.0 1.0 1 0 0 0.0 1.0 0
cell 29.94349165831341 56.85069446891143 0.0 1.0 1.0 1 0 0 0.0 1.0 0
cell 55.534165232922554 53.40216468173134 0.0 1.0 1.0 1 0 0 0.0 1.0 0
cell 57.50890925265001 30.86349051416614 0.0 1.6431676725154984 0.6085806194501846 1 0 0 0.691522471479318 0.7223549483731221 1.527189164779466
cell 36.00036528007397 26.146508560166126 0.0 1.0 1.0 1 0 0 0.0 1.0 0
cell 50.267215904749094 58.11165277803093 0.0 1.6431676725154984 0.6085806194501846 1 0 0 0.9158079819253006 -0.4016164093284889 3.9681550004488924
cell 10.729840112316863 58.23819837674879 0.0 1.0 1.0 1 0 0 0.0 1.0 0
cell 0.033073815759323624 45.28937715824049 0.0 1.0 1.0 1 0 0 0.0 1.0 0
cell 39.757711575578625 15.838625260001951 0.0 1.0 1.0 1 0 0 0.0 1.0 0
cell 1.9204759914003033 52.64126621347458 0.0 1.0 1.0 1 0 0 0.0 1.0 0
cell 42.78756091058024 43.97352520032479 0.0 1.0 1.0 1 0 0 0.0 1.0 0
cell 0.8931370524168577 43.48107422013336 0.0 1.0 1.0 1 0 0 0.0 1.0 0
cell 41.8766459737738 1.6503017702425602 0.0 1.6431676725154984 0.6085806194501846 1 0 0 0.8942606041048291 -0.4475466142717047 4.069632593546372
cell 12.790452755054359 35.7884891218123 0.0 1.0 1.0 1 0 0 0.0 1.0 0
cell 3.431074097468215 18.718817947648493 0.0 1.6431676725154984 0.6085806194501846 1 0 0 0.9491426924062323 -0.31484623143980667 3.7821819372949106
cell 32.25117398881152 8.506755304063871 0.0 1.0 1.0 1 0 0 0.0 1.0 0
cell 6.284310145376273 5.961162416079798 0.0 1.0 1.0 1 0 0 0.0 1.0 0
cell 56.07117312354683 33.597886532816815 0.0 1.6431676725154984 0.6085806194501846 1 0 0 0.6568770432929499 0.753997712194614 1.4333387684166674
cell 53.235351746276464 34.26565109746629 0.0 1.0 1.0 1 0 0 0.0 1.0 0
cell 32.0647502421202 28.938047743295787 0.0 1.0 1.0 1 0 0 0.0 1.0 0
cell 21.678048353833745 12.112766716203373 0.0 1.6431676725154984 0.6085806194501846 1 0 0 0.49823124770952915 0.8670441879199732 1.0431151953931717
cell 9.696110663688055 27.999025332026182 0.0 1.0 1.0 1 0 0 0.0 1.0 0
cell 56.5368860629656 45.41553759441716 0.0 1.0 1.0 1 0 0 0.0 1.0 0
cell 30.1956745057083 22.077897755400908 0.0 1.0 1.0 1 0 0 0.0 1.0 0
cell 50.295280694093925 9.466439442154824 0.0 1.6431676725154984 0.6085806194501846 1 0 0 0.9828192823106574 -0.1845704697896289 3.512862264648095
cell 8.79282539496997 58.33772280521608 0.0 1.0 1.0 1 0 0 0.0 1.0 0
cell 51.601311645814874 44.23512220247329 0.0 1.0 1.0 1 0 0 0.0 1.0 0
cell 12.20155393464573 46.298244900234046 0.0 1.0 1.0 1 0 0 0.0 1.0 0
cell 49.54398679545303 32.017593435032275 0.0 1.0 1.0 1 0 0 0.0 1.0 0
cell 40.00564056176427 19.316578177641052 0.0 1.0 1.0 1 0 0 0.0 1.0 0
cell 34.53470904167955 37.82434761627318 0.0 1.0 1.0 1 0 0 0.0 1.0 0
cell 47.6832903951513 26.313217261657453 0.0 1.0 1.0 1 0 0 0.0 1.0 0
cell 21.09354842764205 37.87253392068273 0.0 1.0 1.0 1 0 0 0.0 1.0 0
cell 16.2183600231133 24.79749478416781 0.0 1.6431676725154984 0.6085806194501846 1 0 0 0.9303119848193164 -0.3667691520582721 3.892660189547899
cell 35.42148761372283 54.89141540315195 0.0 1.0 1.0 1 0 0 0.0 1.0 0
cell 20.650846133030203 29.696626185409258 0.0 1.0 1.0 1 0 0 0.0 1.0 0
cell 42.77539053568375 27.816981944018345 0.0 1.0 1.0 1 0 0 0.0 1.0 0
cell 35.98987571916587 32.89157435733654 0.0 1.0 1.0 1 0 0 0.0 1.0 0
cell 2.6980153512626983 5.571799872869871 0.0 1.6431676725154984 0.6085806194501846 1 0 0 0.9996029114032 -0.028178351872424783 3.1979568180544864
cell 31.6376214090085 58.36199650429409 0.0 1.6431676725154984 0.6085806194501846 1 0 0 0.9340891141311247 0.3570399513524092 2.411398549638096
cell 13.826448690785234 56.71844381807178 0.0 1.0 1.0 1 0 0 0.0 1.0 0
cell 36.20042411355477 41.022382405465684 0.0 1.0 1.0 1 0 0 0.0 1.0 0
cell 58.17890818757091 41.311110599406824 0.0 1.6431676725154984 0.6085806194501846 1 0 0 0.5994595849736983 0.8004050262105813 1.2856515219891143
cell 20.55150817240541 20.199729247408 0.0 1.6431676725154984 0.6085806194501846 1 0 0 0.5582139092962909 -0.8296970721101482 5.09872223722168
cell 34.505673672364125 5.013322103496388 0.0 1.6431676725154984 0.6085806194501846 1 0 0 0.9947388918705631 -0.10244284748153072 3.3468384150047896
cell 19.342623861404373 47.94956518514417 0.0 1.0 1.0 1 0 0 0.0 1.0 0
cell 1.135525874344003 30.084558199531834 0.0 1.0 1.0 1 0 0 0.0 1.0 0
cell 22.003559575528577 3.813888154400315 0.0 1.0 1.0 1 0 0 0.0 1.0 0
cell 2.9505014834576873 32.8422755754163 0.0 1.0 1.0 1 0 0 0.0 1.0 0
cell 57.842326630469266 37.155475263908144 0.0 1.6431676725154984 0.6085806194501846 1 0 0 0.6376143332748809 0.7703557373074008 1.3827948875278844
cell 20.11744638593394 43.05432429891065 0.0 1.0 1.0 1 0 0 0.0 1.0 0
cell 58.32963810489484 10.333030036908177 0.0 1.6431676725154984 0.6085806194501846 1 0 0 0.9582097461455891 -0.28606656986024376 3.7218313126504254
cell 31.862182325755594 5.564227142187789 0.0 1.0 1.0 1 0 0 0.0 1.0 0
cell 51.143887121052906 50.79205712073459 0.0 1.6431676725154984 0.6085806194501846 1 0 0 0.7252420064725906 -0.6884940319622319 4.660413646306411
cell 58.696593478590266 53.91266908766086 0.0 1.0 1.0 1 0 0 0.0 1.0 0
cell 17.354140156746077 30.0898982303754 0.0 1.0 1.0 1 0 0 0.0 1.0 0
cell 14.969651778948087 51.5737508990333 0.0 1.0 1.0 1 0 0 0.0 1.0 0
cell 25.560185725167003 30.06165561433462 0.0 1.6431676725154984 0.6085806194501846 1 0 0 0.021272251469538938 0.9997737200574022 0.042547712218785644
cell 48.730248442238796 24.888847542017093 0.0 1.0 1.0 1 0 0 0.0 1.0 0
cell 11.806661406593484 5.416032521622521 0.0 1.0 1.0 1 0 0 0.0 1.0 0
cell 38.71929481060518 9.817595137123996 0.0 1.6431676725154984 0.6085806194501846 1 0 0 0.2334982580607172 -0.972357220101034 5.811837614022878
cell 52.74646396387986 26.089310068247375 0.0 1.6431676725154984 0.6085806194501846 1 0 0 0.3992153322114474 0.9168571963655539 0.8213217262118315
cell 52.605209657578605 51.24278752902213 0.0 1.0 1.0 1 0 0 0.0 1.0 0
cell 2.683344377707819 43.1597935435602 0.0 1.0 1.0 1 0 0 0.0 1.0 0
cell 33.50605853621958 54.446926067479694 0.0 1.0 1.0 1 0 0 0.0 1.0 0
cell 7.300691349561498 15.361043207579339 0.0 1.6431676725154984 0.6085806194501846 1 0 0 0.9622940437364352 -0.27201134790552356 3.692557804101966
cell 33.658593577822444 6.4590059492091285 0.0 1.0 1.0 1 0 0 0.0 1.0 0
cell 16.086607570935698 26.419726512516103 0.0 1.6431676725154984 0.6085806194501846 1 0 0 0.9016137892576213 -0.43254199220481904 4.036213167343669
cell 56.26171592098807 10.142208464329 0.0 1.6431676725154984 0.6085806194501846 1 0 0 0.9760354601973334 -0.2176115356257099 3.5803260374443635
cell 13.83105600767686 13.312574852700616 0.0 1.6431676725154984 0.6085806194501846 1 0 0 0.9999388382131337 -0.0110598296988864 3.163712763957897
cell 23.90162521499355 43.1578068742656 0.0 1.0 1.0 1 0 0 0.0 1.0 0
cell 47.91454144989087 23.063104280441575 0.0 1.0 1.0 1 0 0 0.0 1.0 0
cell 51.74035149074951 8.700050141852039 0.0 1.6431676725154984 0.6085806194501846 1 0 0 0.9964959028901543 -0.08364158967365572 3.3090714993867096
cell 23.83436650823915 46.66289588912337 0.0 1.0 1.0 1 0 0 0.0 1.0 0
cell 47.17520998520208 33.58668205490085 0.0 1.6431676725154984 0.6085806194501846 1 0 0 0.6548399951244935 -0.7557675441465804 4.8552435285897095
cell 11.690138568881679 28.333626684832684 0.0 1.0 1.0 1 0 0 0.0 1.0 0
cell 7.740938430018453 14.281335221586295 0.0 1.6431676725154984 0.6085806194501846 1 0 0 0.9612412339482548 -0.275708705262704 3.700246465384152
cell 44.09339324840142 42.50519793344777 0.0 1.0 1.0 1 0 0 0.0 1.0 0
cell 23.23012727914468 0.2486055483720535 0.0 1.0 1.0 1 0 0 0.0 1.0 0
cell 22.05115292143569 39.604305061634626 0.0 1.0 1.0 1 0 0 0.0 1.0 0
cell 2.7670854701406133 11.740040178927675 0.0 1.6431676725154984 0.6085806194501846 1 0 0 0.8365012258204364 -0.5479650529011018 4.301451864200132
cell 23.89337927101283 25.465101814493142 0.0 1.0 1.0 1 0 0 0.0 1.0 0
cell 25.853315611860722 39.70297426526499 0.0 1.0 1.0 1 0 0 0.0 1.0 0
cell 0.19665851384040797 3.795893773503058 0.0 1.6431676725154984 0.6085806194501846 1 0 0 0.9995448139258624 0.030168940218594214 3.081245616497751
cell 45.0407246037147 39.11842281750434 0.0 1.6431676725154984 0.6085806194501846 1 0 0 0.502334228671171 -0.864673535333041 5.230592878334295
cell 37.582609146749135 56.08344268296899 0.0 1.6431676725154984 0.6085806194501846 1 0 0 0.9278625659367375 -0.3729223226535163 3.9059057656477503
cell 52.30576801534871 49.291135162811706 0.0 1.0 1.0 1 0 0 0.0 1.0 0
cell 1.4569291559555222 12.728623037363604 0.0 1.0 1.0 1 0 0 0.0 1.0 0
cell 50.59107172941669 37.06250467365419 0.0 1.0 1.0 1 0 0 0.0 1.0 0
cell 48.99483625305142 46.888840488868745 0.0 1.0 1.0 1 0 0 0.0 1.0 0
cell 51.29650773818799 13.268523776939178 0.0 1.6431676725154984 0.6085806194501846 1 0 0 0.18453641651961228 0.9828256768003674 0.37120031416955224
cell 15.479164630945785 37.639716856499035 0.0 1.0 1.0 1 0 0 0.0 1.0 0
cell 58.09348611743198 46.69909906320534 0.0 1.0 1.0 1 0 0 0.0 1.0 0
cell 43.10183405524114 49.329317891514606 0.0 1.0 1.0 1 0 0 0.0 1.0 0
cell 40.669799180706526 34.65175179098608 0.0 1.0 1.0 1 0 0 0.0 1.0 0
cell 16.493919872998344 35.91964377111919 0.0 1.0 1.0 1 0 0 0.0 1.0 0
cell 10.351024997447022 24.72455471432321 0.0 1.6431676725154984 0.6085806194501846 1 0 0 0.9979144205065736 0.06455082760917484 3.012401172843434
cell 33.99568490767392 29.40956338581965 0.0 1.0 1.0 1 0 0 0.0 1.0 0
cell 17.19846069934086 41.26555931776101 0.0 1.0 1.0 1 0 0 0.0 1.0 0
cell 7.865333456778324 27.214858062754317 0.0 1.0 1.0 1 0 0 0.0 1.0 0
cell 53.39610680268579 44.926801779976486 0.0 1.0 1.0 1 0 0 0.0 1.0 0
cell 32.768195045573094 15.065318107840065 0.0 1.0 1.0 1 0 0 0.0 1.0 0
cell 43.107855633987526 58.14406273717252 0.0 1.6431676725154984 0.6085806194501846 1 0 0 0.23917511476212325 0.9709764489824277 0.48303244013394475
cell 18.156155100664808 39.604632995701834 0.0 1.0 1.0 1 0 0 0.0 1.0 0
cell 13.651170824239177 37.57047417458464 0.0 1.0 1.0 1 0 0 0.0 1.0 0
cell 19.941648106889204 36.395993352166776 0.0 1.0 1.0 1 0 0 0.0 1.0 0
cell 50.59272030792911 16.688714148216576 0.0 1.0 1.0 1 0 0 0.0 1.0 0
cell 40.728557636581925 17.55672352912213 0.0 1.0 1.0 1 0 0 0.0 1.0 0
cell 45.06208614190222 32.661884088998725 0.0 1.0 1.0 1 0 0 0.0 1.0 0
cell 30.837565223033543 37.97078713300676 0.0 1.0 1.0 1 0 0 0.0 1.0 0
cell 32.69384475560545 37.90167635170361 0.0 1.0 1.0 1 0 0 0.0 1.0 0
cell 7.084653117465897 41.19440513228796 0.0 1.0 1.0 1 0 0 0.0 1.0 0
cell 23.917240812719715 39.64696690876637 0.0 1.0 1.0 1 0 0 0.0 1.0 0
cell 29.417679917534954 10.422523688412824 0.0 1.0 1.0 1 0 0 0.0 1.0 0
cell 19.59862670232886 57.68518992460785 0.0 1.0 1.0 1 0 0 0.0 1.0 0
cell 30.36643097488903 33.20718633645957 0.0 1.0 1.0 1 0 0 0.0 1.0 0
cell 54.71394156363749 46.22148585024507 0.0 1.0 1.0 1 0 0 0.0 1.0 0
cell 3.12382301354258 34.790227071596945 0.0 1.0 1.0 1 0 0 0.0 1.0 0
cell 53.50649163142243 56.77827572152314 0.0 1.0 1.0 1 0 0 0.0 1.0 0
cell 48.36973521959333 57.630623622511116 0.0 1.0 1.0 1 0 0 0.0 1.0 0
cell 52.84069028614106 41.274113594184335 0.0 1.0 1.0 1 0 0 0.0 1.0 0
cell 13.03906080106591 8.791206704661954 0.0 1.0 1.0 1 0 0 0.0 1.0 0
cell 17.134586459545798 44.75214894064161 0.0 1.0 1.0 1 0 0 0.0 1.0 0
cell 1.3823610887896987 50.42983810099897 0.0 1.6431676725154984 0.6085806194501846 1 0 0 0.7202238382000464 0.6937417551858857 1.6082498368187141
cell 23.012255512965208 2.8024387851014154 0.0 1.6431676725154984 0.6085806194501846 1 0 0 0.9635091886821165 -0.26767525721502466 3.6835515187450265
cell 44.14141821869877 19.29754539474205 0.0 1.0 1.0 1 0 0 0.0 1.0 0
cell 37.80532216421392 45.657864496740736 0.0 1.0 1.0 1 0 0 0.0 1.0 0
cell 1.2229931871338942 39.51563498158593 0.0 1.0 1.0 1 0 0 0.0 1.0 0
cell 36.992555099035435 31.188279199625622 0.0 1.0 1.0 1 0 0 0.0 1.0 0
cell 44.33369366765396 38.26290489164316 0.0 1.6431676725154984 0.6085806194501846 1 0 0 0.462690866637236 -0.8865196906614559 5.321129071480062
cell 50.36939448450914 48.17080404631451 0.0 1.6431676725154984 0.6085806194501846 1 0 0 0.7620143601930008 -0.6475601245132776 4.550349028095242
cell 49.16104271717252 48.881071712657935 0.0 1.0 1.0 1 0 0 0.0 1.0 0
cell 21.341152545144755 22.083883676816697 0.0 1.0 1.0 1 0 0 0.0 1.0 0
cell 15.891799385205115 28.91816139140557 0.0 1.6431676725154984 0.6085806194501846 1 0 0 0.6184430943879934 0.785829586490483 1.3335198588346173
cell 27.330150629248468 5.897674335050374 0.0 1.0 1.0 1 0 0 0.0 1.0 0
cell 43.09004984058958 0.7052084022613603 0.0 1.0 1.0 1 0 0 0.0 1.0 0
cell 24.08980016197567 15.904202749960662 0.0 1.0 1.0 1 0 0 0.0 1.0 0
cell 18.990939424779395 55.79081133000936 0.0 1.0 1.0 1 0 0 0.0 1.0 0
cell 8.125875936010416 29.219820632008368 0.0 1.0 1.0 1 0 0 0.0 1.0 0
cell 17.494710834118244 32.08890115438176 0.0 1.0 1.0 1 0 0 0.0 1.0 0
cell 58.33907221243212 0.6143585840745011 0.0 1.0 1.0 1 0 0 0.0 1.0 0
cell 38.096110840454315 22.798228312771137 0.0 1.0 1.0 1 0 0 0.0 1.0 0
cell 8.527321763788029 34.14968707582895 0.0 1.6431676725154984 0.6085806194501846 1 0 0 0.4409159875364841 -0.8975483786040321 5.369947383583398
cell 46.07126109297761 2.331802685848466 0.0 1.0 1.0 1 0 0 0.0 1.0 0
cell 24.34080210990931 20.416454610553735 0.0 1.6431676725154984 0.6085806194501846 1 0 0 0.9924839630750029 -0.1223747647145294 3.3869572146236755
cell 4.6174490503175205 22.793436603088363 0.0 1.6431676725154984 0.6085806194501846 1 0 0 0.3012951744443144 0.9535309212902171 0.6121013122918374
cell 13.806806437902656 5.3502555299002825 0.0 1.0 1.0 1 0 0 0.0 1.0 0
cell 42.45475801857918 34.65413333304277 0.0 1.0 1.0 1 0 0 0.0 1.0 0
cell 33.160750795652646 42.697553523176374 0.0 1.0 1.0 1 0 0 0.0 1.0 0
cell 11.818400059852141 37.496327196999175 0.0 1.0 1.0 1 0 0 0.0 1.0 0
cell 53.41800081951334 20.818561893439725 0.0 1.6431676725154984 0.6085806194501846 1 0 0 0.7246630232906037 0.6891034049221655 1.6210905220080916
cell 49.84224661853306 43.75341635362115 0.0 1.0 1.0 1 0 0 0.0 1.0 0
cell 46.12934011477824 36.094689167255254 0.0 1.6431676725154984 0.6085806194501846 1 0 0 0.5928518117388257 -0.8053115728201053 5.013994313628564
cell 56.81493825584305 56.78573413812451 0.0 1.0 1.0 1 0 0 0.0 1.0 0
cell 21.806860717713608 51.74810918885737 0.0 1.0 1.0 1 0 0 0.0 1.0 0
cell 18.232630685115765 36.03955510901156 0.0 1.0 1.0 1 0 0 0.0 1.0 0
cell 15.6711223393173 6.971978627571245 0.0 1.0 1.0 1 0 0 0.0 1.0 0
cell 38.751701402831486 14.103116524274784 0.0 1.0 1.0 1 0 0 0.0 1.0 0
cell 26.60481381547219 7.575328761123988 0.0 1.0 1.0 1 0 0 0.0 1.0 0
cell 40.374242380868374 40.24469263996149 0.0 1.0 1.0 1 0 0 0.0 1.0 0
cell 42.27482497521165 17.349959912868393 0.0 1.6431676725154984 0.6085806194501846 1 0 0 0.6082280670168739 0.7937623186401059 1.3076527093707242
cell 0.961715005204289 10.18248039388827 0.0 1.6431676725154984 0.6085806194501846 1 0 0 0.8520446155414128 -0.5234691711332065 4.243427585668402
cell 54.51658031247288 28.005290834666464 0.0 1.6431676725154984 0.6085806194501846 1 0 0 0.5222223740021588 0.8528093527228401 1.0989096447942286
cell 12.821657184117955 32.19995807234245 0.0 1.0 1.0 1 0 0 0.0 1.0 0
cell 34.16768544590328 32.915746865497965 0.0 1.0 1.0 1 0 0 0.0 1.0 0
cell 58.643131956956104 33.20905736575296 0.0 1.0 1.0 1 0 0 0.0 1.0 0
cell 47.291228614869894 7.818182183138053 0.0 1.6431676725154984 0.6085806194501846 1 0 0 0.9682705766859352 0.24990416227883525 2.6364301023220045
cell 44.30485059104332 31.102674749556225 0.0 1.0 1.0 1 0 0 0.0 1.0 0
cell 26.902909383596928 51.392758063058714 0.0 1.0 1.0 1 0 0 0.0 1.0 0
cell 43.819358634241624 26.125171579891123 0.0 1.0 1.0 1 0 0 0.0 1.0 0
cell 24.207875466478303 31.398320422434093 0.0 1.0 1.0 1 0 0 0.0 1.0 0
cell 16.944982766855954 19.29483578840559 0.0 1.6431676725154984 0.6085806194501846 1 0 0 0.9974603172226907 -0.0712244028827844 3.2841621735874926
cell 28.080614815492236 16.48872103067006 0.0 1.6431676725154984 0.6085806194501846 1 0 0 0.9078228071721068 0.4193539683586596 2.2761255025031892
cell 7.231207134474892 51.4264476426291 0.0 1.0 1.0 1 0 0 0.0 1.0 0
cell 8.357023385045958 46.20928034929951 0.0 1.0 1.0 1 0 0 0.0 1.0 0
cell 18.966942671859037 22.75594971376859 0.0 1.6431676725154984 0.6085806194501846 1 0 0 0.27573529469877656 -0.9612336070162023 5.724476172037417
cell 23.578907555662987 11.949005392085283 0.0 1.6431676725154984 0.6085806194501846 1 0 0 0.4450497708086098 0.8955058355494976 0.9224596769949285
cell 26.260615470178784 18.74393131963985 0.0 1.6431676725154984 0.6085806194501846 1 0 0 0.9979833956782479 0.06347552245168002 3.0145562031154967
cell 57.28119099706638 33.98159609831176 0.0 1.6431676725154984 0.6085806194501846 1 0 0 0.6741365922409869 0.7386066984544003 1.4795902188845345
cell 8.154978901226174 13.2012029071757 0.0 1.6431676725154984 0.6085806194501846 1 0 0 0.9792127979424592 -0.2028356387464998 3.550098437345255
cell 41.62587114453617 45.62819181972332 0.0 1.0 1.0 1 0 0 0.0 1.0 0
cell 29.2270588413089 55.480174208821516 0.0 1.6431676725154984 0.6085806194501846 1 0 0 0.9996387835992627 0.026875682766889637 3.087834815162494
cell 13.081331008254331 48.072455345973445 0.0 1.0 1.0 1 0 0 0.0 1.0 0
cell 9.372692931608379 44.50656819900032 0.0 1.0 1.0 1 0 0 0.0 1.0 0
cell 31.264586005363736 42.85798508412527 0.0 1.0 1.0 1 0 0 0.0 1.0 0
cell 43.08316241725759 54.99735064924355 0.0 1.0 1.0 1 0 0 0.0 1.0 0
cell 0.9178219201413746 58.497039998351724 0.0 1.6431676725154984 0.6085806194501846 1 0 0 0.7930315115808911 0.6091806149572776 1.8315387555886546
cell 26.26604015483475 4.198658593814918 0.0 1.0 1.0 1 0 0 0.0 1.0 0
cell 37.930106405937 49.08428690955247 0.0 1.0 1.0 1 0 0 0.0 1.0 0
cell 55.20465437459025 55.84260766892653 0.0 1.0 1.0 1 0 0 0.0 1.0 0
cell 18.10171757823624 48.45853740002038 0.0 1.6431676725154984 0.6085806194501846 1 0 0 0.48601195190308255 0.8739521626538581 1.0150413969237313
cell 17.891265220094244 5.698243369102402 0.0 1.6431676725154984 0.6085806194501846 1 0 0 -0.14216581440813852 0.9898428568281284 5.997887084399839
cell 37.88969738924524 32.90717616989344 0.0 1.0 1.0 1 0 0 0.0 1.0 0
cell 40.76821381109896 31.223406644804623 0.0 1.0 1.0 1 0 0 0.0 1.0 0
cell 35.9815653898618 29.478668376140305 0.0 1.0 1.0 1 0 0 0.0 1.0 0
cell 23.708253134818314 4.750600052072541 0.0 1.0 1.0 1 0 0 0.0 1.0 0
cell 30.05821944901532 8.78136374540255 0.0 1.0 1.0 1 0 0 0.0 1.0 0
cell 56.65050631002355 19.407234383724546 0.0 1.0 1.0 1 0 0 0.0 1.0 0
cell 48.00819897199016 39.01671696823113 0.0 1.0 1.0 1 0 0 0.0 1.0 0
cell 45.43235699923131 13.536958990236514 0.0 1.6431676725154984 0.6085806194501846 1 0 0 0.9493277581046166 0.31428777846435996 2.5021800075493577
cell 51.26483959097223 31.90475160735902 0.0 1.0 1.0 1 0 0 0.0 1.0 0
cell 44.29986113993865 47.72455069324669 0.0 1.0 1.0 1 0 0 0.0 1.0 0
cell 28.92389752858786 38.03837999707768 0.0 1.0 1.0 1 0 0 0.0 1.0 0
cell 46.837345806675295 3.721096002127051 0.0 1.6431676725154984 0.6085806194501846 1 0 0 0.9889721954221836 0.14810130546968941 2.844296395411746
cell 40.79277284760497 7.503394472498162 0.0 1.6431676725154984 0.6085806194501846 1 0 0 0.4762809741030587 -0.8792931443537141 5.290344746249736
cell 3.4920163182237145 10.529559338630733 0.0 1.6431676725154984 0.6085806194501846 1 0 0 0.846226781782693 -0.5328228915819088 4.265458518724577
cell 47.230359721592194 46.38407563777426 0.0 1.0 1.0 1 0 0 0.0 1.0 0
cell 14.038345245464672 53.33270711498675 0.0 1.0 1.0 1 0 0 0.0 1.0 0
cell 44.92288106804036 24.459029885758685 0.0 1.0 1.0 1 0 0 0.0 1.0 0
cell 27.973200800101232 56.94588418982515 0.0 1.0 1.0 1 0 0 0.0 1.0 0
cell 28.056893588253978 25.373577196600927 0.0 1.0 1.0 1 0 0 0.0 1.0 0
cell 22.23252577827774 55.48864814870503 0.0 1.0 1.0 1 0 0 0.0 1.0 0
cell 19.843305605113326 14.514004511412757 0.0 1.6431676725154984 0.6085806194501846 1 0 0 0.9437938163909173 -0.33053476691910544 3.815332919816915
cell 11.965778759076569 23.143568344310594 0.0 1.6431676725154984 0.6085806194501846 1 0 0 0.4015651660516795 0.9158304523294074 0.8264504398891694
cell 58.923569430261466 39.66473493710119 0.0 1.6431676725154984 0.6085806194501846 1 0 0 0.6718911001493741 0.7406499507460077 1.4735182762826111
cell 38.90907486395736 31.195162224898073 0.0 1.0 1.0 1 0 0 0.0 1.0 0
cell 34.17232047878998 19.643429350047132 0.0 1.0 1.0 1 0 0 0.0 1.0 0
cell 44.77334689997413 44.287983284036294 0.0 1.0 1.0 1 0 0 0.0 1.0 0
cell 33.85785224970939 16.56076543672475 0.0 1.0 1.0 1 0 0 0.0 1.0 0
cell 52.61271729937834 22.46707295499399 0.0 1.6431676725154984 0.6085806194501846 1 0 0 0.6685519130194782 0.7436654755990734 1.4645196997333656
cell 35.69602423248439 51.115298635885104 0.0 1.0 1.0 1 0 0 0.0 1.0 0
cell 43.22099203350105 41.14452886581508 0.0 1.6431676725154984 0.6085806194501846 1 0 0 0.5479091779256652 -0.8365378250532499 5.123459685741327
cell 47.64271199693485 48.22397467743561 0.0 1.0 1.0 1 0 0 0.0 1.0 0
cell 35.66895134896692 36.151503006973705 0.0 1.0 1.0 1 0 0 0.0 1.0 0
cell 11.125181218933616 51.51203111042978 0.0 1.0 1.0 1 0 0 0.0 1.0 0
cell 55.715419551845855 16.29655471126421 0.0 1.6431676725154984 0.6085806194501846 1 0 0 0.7517938990445175 0.6593981599606127 1.7015567717263334
cell 23.58121169917129 6.655046767930269 0.0 1.0 1.0 1 0 0 0.0 1.0 0
cell 42.55057399233857 31.17789276057284 0.0 1.0 1.0 1 0 0 0.0 1.0 0
cell 56.64405787573683 36.330506240614724 0.0 1.6431676725154984 0.6085806194501846 1 0 0 0.6770389537659756 0.7359471822647826 1.4874634009088492
cell 17.00210449498466 55.709812267570015 0.0 1.0 1.0 1 0 0 0.0 1.0 0
cell 7.327506022100943 47.92462854424883 0.0 1.0 1.0 1 0 0 0.0 1.0 0
cell 12.70707400532146 58.30421554048019 0.0 1.0 1.0 1 0 0 0.0 1.0 0
cell 0.045955212984658975 51.9861664665879 0.0 1.0 1.0 1 0 0 0.0 1.0 0
cell 29.78618048854225 3.854979600410108 0.0 1.0 1.0 1 0 0 0.0 1.0 0
cell 23.367316975500014 52.28080706369367 0.0 1.0 1.0 1 0 0 0.0 1.0 0
cell 39.996083548191095 26.09291987798278 0.0 1.0 1.0 1 0 0 0.0 1.0 0
cell 14.528191664565743 29.105751290971615 0.0 1.6431676725154984 0.6085806194501846 1 0 0 0.42080628373927437 0.9071505231027215 0.8686678924890663
cell 36.82793653662413 47.4022149782274 0.0 1.0 1.0 1 0 0 0.0 1.0 0
cell 51.61352505843973 19.376862474968544 0.0 1.6431676725154984 0.6085806194501846 1 0 0 0.5390087670693062 0.8423001537589949 1.1385196978543572
cell 5.526191296599648 11.661156442173649 0.0 1.6431676725154984 0.6085806194501846 1 0 0 0.9170044017356981 -0.3988770828179458 3.962176593722204
cell 57.45800649768888 50.645574062294806 0.0 1.0 1.0 1 0 0 0.0 1.0 0
cell 25.70325984680658 46.64446491423988 0.0 1.0 1.0 1 0 0 0.0 1.0 0
cell 26.95442084677077 38.05422875183186 0.0 1.0 1.0 1 0 0 0.0 1.0 0
cell 46.679246615614986 44.52056410512162 0.0 1.0 1.0 1 0 0 0.0 1.0 0
cell 5.4759322742347125 44.72100379800229 0.0 1.0 1.0 1 0 0 0.0 1.0 0
cell 16.804919212848205 2.714065158950792 0.0 1.0 1.0 1 0 0 0.0 1.0 0
cell 55.65529335261497 38.59575752645165 0.0 1.0 1.0 1 0 0 0.0 1.0 0
cell 25.666969839529795 49.975103533574405 0.0 1.0 1.0 1 0 0 0.0 1.0 0
cell 42.32530233366164 6.492820621053169 0.0 1.6431676725154984 0.6085806194501846 1 0 0 0.8622522251196345 0.506479121263887 2.0793996160132413
cell 7.815470707245013 56.545555890908155 0.0 1.0 1.0 1 0 0 0.0 1.0 0
cell 41.19600693159181 38.45687068060914 0.0 1.0 1.0 1 0 0 0.0 1.0 0
cell 46.97672872116292 37.53613044323776 0.0 1.0 1.0 1 0 0 0.0 1.0 0
cell 18.562749834616575 53.41389924120506 0.0 1.0 1.0 1 0 0 0.0 1.0 0
cell 34.94537104235636 34.55950804714373 0.0 1.0 1.0 1 0 0 0.0 1.0 0
cell 26.055999661360445 25.297654314747543 0.0 1.0 1.0 1 0 0 0.0 1.0 0
cell 56.12117573218852 43.46430035028683 0.0 1.0 1.0 1 0 0 0.0 1.0 0
cell 56.281111447045596 23.223373281673915 0.0 1.0 1.0 1 0 0 0.0 1.0 0
cell 18.639123704033075 6.912722383757811 0.0 1.0 1.0 1 0 0 0.0 1.0 0
cell 9.822842962963323 12.508679494299733 0.0 1.6431676725154984 0.6085806194501846 1 0 0 0.9978274547864662 -0.06588148810070144 3.27345113313157
cell 48.25714568636564 27.941108945850328 0.0 1.0 1.0 1 0 0 0.0 1.0 0
cell 27.069135388827522 23.55266755598522 0.0 1.0 1.0 1 0 0 0.0 1.0 0
cell 49.947565634934726 6.825190823002817 0.0 1.6431676725154984 0.6085806194501846 1 0 0 0.9976006616108577 0.069230917613296 3.0030199730414995
cell 48.078750023114665 51.904632780149655 0.0 1.0 1.0 1 0 0 0.0 1.0 0
cell 5.708123553675689 15.705827994953976 0.0 1.6431676725154984 0.6085806194501846 1 0 0 0.7900488705317535 -0.6130438664333088 4.461407884877183
cell 35.54195518605315 7.597259688205522 0.0 1.0 1.0 1 0 0 0.0 1.0 0
cell 42.37817861529012 47.46593630666032 0.0 1.0 1.0 1 0 0 0.0 1.0 0
cell 29.861172597786002 5.671276874595629 0.0 1.0 1.0 1 0 0 0.0 1.0 0
cell 1.3866580764166594 7.414214959005542 0.0 1.6431676725154984 0.6085806194501846 1 0 0 0.9510749836553005 -0.30896015190485304 3.7697916500482562
cell 19.085176751949085 8.841667951372175 0.0 1.0 1.0 1 0 0 0.0 1.0 0
cell 51.673900237692294 30.227929539865897 0.0 1.0 1.0 1 0 0 0.0 1.0 0
cell 25.731422947281626 11.210204562494148 0.0 1.6431676725154984 0.6085806194501846 1 0 0 0.9395258634365445 -0.3424779583182185 3.8406988339115107
cell 34.31522130539123 8.740127816083774 0.0 1.6431676725154984 0.6085806194501846 1 0 0 0.41019549281859163 0.9119976193342353 0.8453368171526517
cell 52.494887192211834 5.557893294297714 0.0 1.6431676725154984 0.6085806194501846 1 0 0 0.986154780940386 0.16582746463845865 2.8083985853259237
cell 28.508780240692136 44.78429110558953 0.0 1.0 1.0 1 0 0 0.0 1.0 0
cell 14.620516902937377 35.845390485695745 0.0 1.0 1.0 1 0 0 0.0 1.0 0
cell 48.09671545648531 4.632211651236497 0.0 1.0 1.0 1 0 0 0.0 1.0 0
cell 49.569053232544285 50.65562009658314 0.0 1.0 1.0 1 0 0 0.0 1.0 0
cell 50.65173553868168 25.119965797587124 0.0 1.0 1.0 1 0 0 0.0 1.0 0
cell 8.9555857720984 39.07843171091799 0.0 1.0 1.0 1 0 0 0.0 1.0 0
cell 26.69319997100614 41.37057153684856 0.0 1.0 1.0 1 0 0 0.0 1.0 0
cell 28.678862232867523 30.13278293151721 0.0 1.6431676725154984 0.6085806194501846 1 0 0 -0.027155729907023116 0.9996312151654814 6.22886716996628
cell 55.83210864315886 25.16684858359694 0.0 1.0 1.0 1 0 0 0.0 1.0 0
cell 26.65990750471755 48.250827294975366 0.0 1.0 1.0 1 0 0 0.0 1.0 0
cell 46.18538906155089 33.359348966689055 0.0 1.6431676725154984 0.6085806194501846 1 0 0 0.5965459412596276 -0.8025789306770176 5.004804327089169
cell 34.36356617602892 3.701631685715227 0.0 1.6431676725154984 0.6085806194501846 1 0 0 0.9997353153224328 0.023006505539867196 3.0955755824338658
cell 1.6345617346945607 41.621163531333764 0.0 1.0 1.0 1 0 0 0.0 1.0 0
cell 4.858389266029394 35.722327419916674 0.0 1.0 1.0 1 0 0 0.0 1.0 0
cell 13.89454522267066 27.05809009469845 0.0 1.6431676725154984 0.6085806194501846 1 0 0 -0.014072328286819652 0.9999009798858025 6.2550397216067815
cell 52.27256090822428 28.710882362458793 0.0 1.0 1.0 1 0 0 0.0 1.0 0
cell 53.521741814746 23.94132113345438 0.0 1.6431676725154984 0.6085806194501846 1 0 0 0.7421255962735409 0.6702608442656048 1.6724722249251922
cell 25.736623706079833 43.13348788204032 0.0 1.0 1.0 1 0 0 0.0 1.0 0
cell 31.470903483435933 46.312659950224585 0.0 1.0 1.0 1 0 0 0.0 1.0 0
cell 4.846939491667897 6.951277612695502 0.0 1.6431676725154984 0.6085806194501846 1 0 0 0.9775690970517553 -0.2106149578957199 3.566000624881027
cell 55.45711516983914 5.387918323332447 0.0 1.6431676725154984 0.6085806194501846 1 0 0 0.9948458913722197 -0.10139848332107171 3.3447387526564745
cell 32.124551029261816 22.54360557307729 0.0 1.0 1.0 1 0 0 0.0 1.0 0
cell 57.93688440325946 44.099896964795946 0.0 1.0 1.0 1 0 0 0.0 1.0 0
cell 39.007970415678514 27.803791687706354 0.0 1.0 1.0 1 0 0 0.0 1.0 0
cell 24.70581089070322 8.07750362548807 0.0 1.0 1.0 1 0 0 0.0 1.0 0
cell 4.966572734508655 37.790445452690825 0.0 1.0 1.0 1 0 0 0.0 1.0 0
cell 6.559999198506434 36.565014100023454 0.0 1.0 1.0 1 0 0 0.0 1.0 0
cell 50.36206001050129 54.380920000926864 0.0 1.0 1.0 1 0 0 0.0 1.0 0
cell 9.305850238079348 31.832822361051843 0.0 1.0 1.0 1 0 0 0.0 1.0 0
cell 46.35331720443665 6.986240708707351 0.0 1.6431676725154984 0.6085806194501846 1 0 0 0.8543453699375786 0.5197056752299536 2.0485798309538223
cell 54.83622649314576 44.246152700688235 0.0 1.0 1.0 1 0 0 0.0 1.0 0
cell 5.042442333744952 54.76481359589892 0.0 1.0 1.0 1 0 0 0.0 1.0 0
cell 39.79910398240018 52.201213033117696 0.0 1.0 1.0 1 0 0 0.0 1.0 0
cell 30.412069288600012 49.92739385214891 0.0 1.0 1.0 1 0 0 0.0 1.0 0
cell 18.298044883290856 20.572891005765808 0.0 1.6431676725154984 0.6085806194501846 1 0 0 0.03241496698812706 0.9994744968808151 0.06484129247470088
cell 37.0586233753111 24.4994900858713 0.0 1.0 1.0 1 0 0 0.0 1.0 0
cell 57.08558522812553 15.68632293791137 0.0 1.0 1.0 1 0 0 0.0 1.0 0
cell 49.77905201070777 38.89600200326932 0.0 1.0 1.0 1 0 0 0.0 1.0 0
cell 10.851861621130281 39.22654879450666 0.0 1.0 1.0 1 0 0 0.0 1.0 0
cell 30.80100768897957 48.06436413844481 0.0 1.0 1.0 1 0 0 0.0 1.0 0
cell 19.0875957049419 30.7831399691722 0.0 1.0 1.0 1 0 0 0.0 1.0 0
cell 12.894729135201096 12.189752944101711 0.0 1.6431676725154984 0.6085806194501846 1 0 0 0.9988775424585186 0.04736723732740204 3.046822717871225
cell 20.25835528477902 4.110534416391904 0.0 1.0 1.0 1 0 0 0.0 1.0 0
cell 13.98874687121399 49.8290137802141 0.0 1.0 1.0 1 0 0 0.0 1.0 0
cell 10.516605503063705 14.799297688116846 0.0 1.6431676725154984 0.6085806194501846 1 0 0 0.991801151125733 -0.12779075328704717 3.397874950355078
cell 16.312633940876747 39.499940442614665 0.0 1.0 1.0 1 0 0 0.0 1.0 0
cell 37.851252402684096 6.821061537091893 0.0 1.6431676725154984 0.6085806194501846 1 0 0 0.050622591331604676 0.9987178546751196 0.10128847521283178
cell 41.12078488212663 15.045702037828345 0.0 1.6431676725154984 0.6085806194501846 1 0 0 0.6609658946584158 0.7504159420604016 1.444210356256436
cell 53.60506393317574 28.54651190632984 0.0 1.6431676725154984 0.6085806194501846 1 0 0 0.48552433622934577 0.874223151677564 1.0139256835119386
cell 33.03453227951318 24.302781029165537 0.0 1.0 1.0 1 0 0 0.0 1.0 0
cell 24.54546713893968 17.476299646828185 0.0 1.6431676725154984 0.6085806194501846 1 0 0 0.9994158354798273 -0.03417583637833613 3.209957638997935
cell 23.247720659170692 18.482044391714542 0.0 1.6431676725154984 0.6085806194501846 1 0 0 0.9593683050347975 -0.28215679204063066 3.713675665688684
cell 58.75495159490675 31.435842979357847 0.0 1.0 1.0 1 0 0 0.0 1.0 0
cell 0.6054053168437611 4.797283201249019 0.0 1.6431676725154984 0.6085806194501846 1 0 0 0.9987253927821622 0.05047365463403557 3.0406024330532486
cell 31.221208023120685 34.72237911810085 0.0 1.0 1.0 1 0 0 0.0 1.0 0
cell 0.1654865582862396 42.16603902691679 0.0 1.6431676725154984 0.6085806194501846 1 0 0 0.8005575067829482 0.5992559372534157 1.8564499448052039
cell 3.1074132897504247 38.55599351786193 0.0 1.0 1.0 1 0 0 0.0 1.0 0
cell 55.05874234470853 35.063375053129526 0.0 1.0 1.0 1 0 0 0.0 1.0 0
cell 15.715063988808792 56.95584992455748 0.0 1.0 1.0 1 0 0 0.0 1.0 0
cell 56.65343569619812 58.617796112877464 0.0 1.0 1.0 1 0 0 0.0 1.0 0
cell 46.06807768035615 42.76255005529997 0.0 1.0 1.0 1 0 0 0.0 1.0 0
cell 28.77760417710043 7.233601684343467 0.0 1.0 1.0 1 0 0 0.0 1.0 0
cell 6.477099366156005 34.59874852727585 0.0 1.0 1.0 1 0 0 0.0 1.0 0
cell 1.8470365747123394 9.285643503625648 0.0 1.6431676725154984 0.6085806194501846 1 0 0 0.8851923535871296 -0.46522521121589927 4.109370683320831
cell 7.906686099671661 4.8062889273810105 0.0 1.0 1.0 1 0 0 0.0 1.0 0
cell 24.70373340743263 48.39644845403018 0.0 1.0 1.0 1 0 0 0.0 1.0 0
cell 36.87022951869631 11.803516424331992 0.0 1.6431676725154984 0.6085806194501846 1 0 0 0.29344373427956 -0.9559763463664083 5.68753095175702
cell 56.434347091394926 1.2882139900073069 0.0 1.0 1.0 1 0 0 0.0 1.0 0
cell 19.109369983119354 37.94867501741846 0.0 1.0 1.0 1 0 0 0.0 1.0 0
cell 5.262489782145961 0.2871123092922995 0.0 1.0 1.0 1 0 0 0.0 1.0 0
cell 58.145774819583394 20.724782853615462 0.0 1.0 1.0 1 0 0 0.0 1.0 0
cell 34.24072939244955 12.324176667947354 0.0 1.6431676725154984 0.6085806194501846 1 0 0 0.5280139627366021 -0.8492356888138829 5.170664820743518
cell 10.973925588261272 54.94957443142329 0.0 1.0 1.0 1 0 0 0.0 1.0 0
cell 27.24726842059348 0.01438038631194008 0.0 1.6431676725154984 0.6085806194501846 1 0 0 0.9963217058449862 0.08569164756343871 2.9699989160785027
cell 34.99143933050336 17.97161588352152 0.0 1.0 1.0 1 0 0 0.0 1.0 0
cell 39.76739676728386 45.601434591494744 0.0 1.0 1.0 1 0 0 0.0 1.0 0
cell 24.2101307715703 14.07658829553263 0.0 1.6431676725154984 0.6085806194501846 1 0 0 -0.3507535972205502 -0.9364677859044827 0.716751411103524
cell 54.46559007806381 31.75887271955561 0.0 1.0 1.0 1 0 0 0.0 1.0 0
cell 36.8181955597373 34.56500533782747 0.0 1.0 1.0 1 0 0 0.0 1.0 0
cell 31.83121403002928 56.42811537668125 0.0 1.0 1.0 1 0 0 0.0 1.0 0
cell 48.96740792097175 40.48268587254151 0.0 1.0 1.0 1 0 0 0.0 1.0 0
cell 21.84201639877271 1.0831700348538023 0.0 1.6431676725154984 0.6085806194501846 1 0 0 0.9692218931495223 -0.24618879308298322 3.6390847448179495
cell 34.12412340788176 22.831114395934136 0.0 1.0 1.0 1 0 0 0.0 1.0 0
cell 46.80518177938889 24.603272816665932 0.0 1.0 1.0 1 0 0 0.0 1.0 0
cell 17.168795987203687 1.363520887368946 0.0 1.0 1.0 1 0 0 0.0 1.0 0
cell 11.639304980315917 41.03951394352165 0.0 1.0 1.0 1 0 0 0.0 1.0 0
cell 44.807908581747704 52.22413569019173 0.0 1.0 1.0 1 0 0 0.0 1.0 0
cell 23.52394710156851 9.733570250106458 0.0 1.0 1.0 1 0 0 0.0 1.0 0
cell 54.568597694996704 24.53357854784098 0.0 1.6431676725154984 0.6085806194501846 1 0 0 0.8682582642426537 0.49611247371370754 2.1033613859298965
cell 23.079394214713854 27.268866329103396 0.0 1.0 1.0 1 0 0 0.0 1.0 0
cell 40.16238455157796 3.34228601501777 0.0 1.6431676725154984 0.6085806194501846 1 0 0 0.7873033729100258 -0.6165658107651582 4.470339151799054
cell 58.49062210872053 57.78099557742654 0.0 1.0 1.0 1 0 0 0.0 1.0 0
cell 54.857571633280905 22.53459977391889 0.0 1.6431676725154984 0.6085806194501846 1 0 0 0.8559771973322828 0.5170135758828487 2.0548759464944513
cell 3.1835683929633833 14.926749366140086 0.0 1.0 1.0 1 0 0 0.0 1.0 0
cell 31.03698443563541 27.2963115253924 0.0 1.0 1.0 1 0 0 0.0 1.0 0
cell 22.42656867587936 29.15296225472519 0.0 1.0 1.0 1 0 0 0.0 1.0 0
cell 25.092350477510916 27.032678056698543 0.0 1.0 1.0 1 0 0 0.0 1.0 0
cell 18.140367006245047 46.39118906526625 0.0 1.0 1.0 1 0 0 0.0 1.0 0
cell 28.17570051198072 14.178449647178212 0.0 1.6431676725154984 0.6085806194501846 1 0 0 0.5781970392866188 -0.8158971649418744 5.0501509737269705
cell 22.975181813486213 41.37005923115768 0.0 1.0 1.0 1 0 0 0.0 1.0 0
cell 58.638562640300385 29.48594087357345 0.0 1.0 1.0 1 0 0 0.0 1.0 0
cell 43.38995597335388 32.886191176988525 0.0 1.0 1.0 1 0 0 0.0 1.0 0
cell 3.378137344672196 0.8886898039476755 0.0 1.0 1.0 1 0 0 0.0 1.0 0
cell 3.5576759581268527 44.833220054501595 0.0 1.0 1.0 1 0 0 0.0 1.0 0
cell 11.639881300073448 0.7003063249344946 0.0 1.0 1.0 1 0 0 0.0 1.0 0
cell 55.37118414506969 2.800717595081603 0.0 1.6431676725154984 0.6085806194501846 1 0 0 0.5826314022826597 0.8127365188510612 1.243925308095619
cell 13.453445428302777 1.1047226997437884 0.0 1.0 1.0 1 0 0 0.0 1.0 0
cell 38.79566799670427 47.35286760980744 0.0 1.0 1.0 1 0 0 0.0 1.0 0
cell 57.21306219989008 52.54994976755983 0.0 1.0 1.0 1 0 0 0.0 1.0 0
cell 16.849936146886726 12.778832024157808 0.0 1.6431676725154984 0.6085806194501846 1 0 0 0.9704414763839011 -0.2413365718531577 3.629078449530819
cell 14.544409977589675 58.548886917327955 0.0 1.0 1.0 1 0 0 0.0 1.0 0
cell 54.856305454260315 58.24604026985515 0.0 1.0 1.0 1 0 0 0.0 1.0 0
cell 47.38143092721637 14.09628549357787 0.0 1.0 1.0 1 0 0 0.0 1.0 0
cell 52.703459394912045 39.53726869246152 0.0 1.0 1.0 1 0 0 0.0 1.0 0
cell 48.86427546729885 37.2204072866014 0.0 1.0 1.0 1 0 0 0.0 1.0 0
cell 14.507313447668528 39.38218106154882 0.0 1.0 1.0 1 0 0 0.0 1.0 0
cell 51.286698364061756 14.935813636099148 0.0 1.0 1.0 1 0 0 0.0 1.0 0
cell 32.00098854067149 36.310668357071016 0.0 1.0 1.0 1 0 0 0.0 1.0 0
cell 48.61263566313207 34.0391387589728 0.0 1.0 1.0 1 0 0 0.0 1.0 0
cell 21.077208930574713 41.387134695637215 0.0 1.0 1.0 1 0 0 0.0 1.0 0
cell 14.115635017555462 18.230864873135705 0.0 1.6431676725154984 0.6085806194501846 1 0 0 0.9955831243190276 -0.09388419766480224 3.3296379881500062
cell 6.390108783842836 46.256057162686574 0.0 1.0 1.0 1 0 0 0.0 1.0 0
cell 53.97676910640963 38.25516947394473 0.0 1.0 1.0 1 0 0 0.0 1.0 0
cell 52.36164916686932 10.986029773759306 0.0 1.6431676725154984 0.6085806194501846 1 0 0 0.0914358900036075 0.9958109650025191 0.18312756074385247
cell 26.183109534308084 36.40459830162684 0.0 1.0 1.0 1 0 0 0.0 1.0 0
cell 10.182918020321006 49.764795915499505 0.0 1.0 1.0 1 0 0 0.0 1.0 0
cell 29.125808152017797 2.184200565556699 0.0 1.6431676725154984 0.6085806194501846 1 0 0 0.9927752532573996 -0.11998873497002166 3.3821497243453145
cell 10.149852975898884 18.69540199602191 0.0 1.6431676725154984 0.6085806194501846 1 0 0 0.940024312707306 -0.34110744864214987 3.8377821585270073
cell 44.789916792927265 55.9921499191267 0.0 1.0 1.0 1 0 0 0.0 1.0 0
cell 39.6735931505817 42.159139087446675 0.0 1.0 1.0 1 0 0 0.0 1.0 0
cell 2.698146205498048 49.66436912250091 0.0 1.0 1.0 1 0 0 0.0 1.0 0
