1000
 Lattice="59.74940712514713 0.0 0.0 0.0 59.74940712514713 0.0 0.0 0.0 1.0"Properties=species:S:1:pos:R:3:aspherical_shape:R:3:orientation:R:4:Color:R:1
cell 25.646871853935576 58.27001704447345 0.0 1.0 1.0 1 0 0 0.0 1.0 0
cell 36.12569296097046 18.88067786250693 0.0 1.6431676725154984 0.6085806194501846 1 0 0 0.011056660732282494 0.9999388732584863 0.022113772047343796
cell 54.42589451823226 1.4547399036939326 0.0 1.6431676725154984 0.6085806194501846 1 0 0 0.9833858315626272 -0.18152770114194777 3.5066721348448247
cell 52.98789196162759 13.545944217635856 0.0 1.0 1.0 1 0 0 0.0 1.0 0
cell 5.469721880949402 43.834530243151484 0.0 1.0 1.0 1 0 0 0.0 1.0 0
cell 26.340709144157945 41.473258728569476 0.0 1.0 1.0 1 0 0 0.0 1.0 0
cell 22.02340343951177 11.708804559695423 0.0 1.6431676725154984 0.6085806194501846 1 0 0 0.33289949471247865 0.9429623144220433 0.6787535830337951
cell 22.819586935680533 43.03617471867513 0.0 1.0 1.0 1 0 0 0.0 1.0 0
cell 23.728460228684945 18.38731452631955 0.0 1.6431676725154984 0.6085806194501846 1 0 0 -0.022779616916260834 0.9997405108592671 6.237622132229178
cell 59.39872944956903 37.65849294794559 0.0 1.0 1.0 1 0 0 0.0 1.0 0
cell 18.64144520701128 46.03265575218458 0.0 1.0 1.0 1 0 0 0.0 1.0 0
cell 20.52276492844825 6.15637602385918 0.0 1.0 1.0 1 0 0 0.0 1.0 0
cell 58.33183163531941 2.1929619687404487 0.0 1.6431676725154984 0.6085806194501846 1 0 0 0.5352031689556038 0.8447233677008583 1.129496488372855
cell 13.840107704077313 47.72640877978518 0.0 1.0 1.0 1 0 0 0.0 1.0 0
cell 51.690387103607456 55.55220483289558 0.0 1.0 1.0 1 0 0 0.0 1.0 0
cell 55.73599045697911 41.72135276071599 0.0 1.6431676725154984 0.6085806194501846 1 0 0 0.8255997131334476 0.564256248236534 1.9425284265298834
cell 1.0772380186626702 4.583963662601267 0.0 1.6431676725154984 0.6085806194501846 1 0 0 0.8622642233631491 0.5064586943749166 2.0794469959938437
cell 12.048054566383293 40.6287470085557 0.0 1.0 1.0 1 0 0 0.0 1.0 0
cell 22.58827100979411 46.139770795982365 0.0 1.0 1.0 1 0 0 0.0 1.0 0
cell 30.553208429412663 2.8328583360705353 0.0 1.6431676725154984 0.6085806194501846 1 0 0 0.757393470717807 0.6529587510050189 1.7186238901165554
cell 48.75487003299331 44.57025735554377 0.0 1.6431676725154984 0.6085806194501846 1 0 0 0.8773257714666763 0.47989529141303444 2.14052193601741
cell 36.0745092638372 9.180233037422274 0.0 1.0 1.0 1 0 0 0.0 1.0 0
cell 29.842781225309835 1.450758287325971 0.0 1.6431676725154984 0.6085806194501846 1 0 0 0.7197386257720025 0.6942451372331169 1.6068515169615778
cell 33.63548272158425 48.96399186764717 0.0 1.6431676725154984 0.6085806194501846 1 0 0 0.86708285758231 0.498163946996263 2.098632696449567
cell 58.793006407152525 54.31712169440426 0.0 1.6431676725154984 0.6085806194501846 1 0 0 0.1515385150723897 0.9884513536080848 0.3042491563421835
cell 56.602862414242416 31.360080141808723 0.0 1.0 1.0 1 0 0 0.0 1.0 0
cell 9.632841252919993 42.0548735326607 0.0 1.6431676725154984 0.6085806194501846 1 0 0 0.9090780381533947 -0.41662587599328854 4.001053774524107
cell 17.626888117144286 27.263883453193728 0.0 1.0 1.0 1 0 0 0.0 1.0 0
cell 42.295698925178954 32.106567485287364 0.0 1.0 1.0 1 0 0 0.0 1.0 0
cell 20.271896208233866 1.4075852543195013 0.0 1.0 1.0 1 0 0 0.0 1.0 0
cell 15.181762662951922 42.28336257553517 0.0 1.0 1.0 1 0 0 0.0 1.0 0
cell 10.626321704676783 41.193405426239785 0.0 1.0 1.0 1 0 0 0.0 1.0 0
cell 20.48518632857496 49.13283598333144 0.0 1.0 1.0 1 0 0 0.0 1.0 0
cell 4.156703323015762 47.55845977982504 0.0 1.0 1.0 1 0 0 0.0 1.0 0
cell 48.047265982623934 46.51092435467708 0.0 1.0 1.0 1 0 0 0.0 1.0 0
cell 32.26958036212198 30.9018076816578 0.0 1.0 1.0 1 0 0 0.0 1.0 0
cell 19.81247104725479 44.444448949317874 0.0 1.0 1.0 1 0 0 0.0 1.0 0
cell 7.128462234423385 16.641409448528286 0.0 1.6431676725154984 0.6085806194501846 1 0 0 0.9134452974568061 0.4069615320322633 2.30334224242276
cell 5.8615351796162125 38.61650564869472 0.0 1.6431676725154984 0.6085806194501846 1 0 0 0.9363745025843837 0.3510025511443586 2.424309528900193
cell 4.922686898204008 25.68711255338097 0.0 1.0 1.0 1 0 0 0.0 1.0 0
cell 20.41781287917285 31.524276372628368 0.0 1.0 1.0 1 0 0 0.0 1.0 0
cell 9.195264215275563 26.205027285508834 0.0 1.6431676725154984 0.6085806194501846 1 0 0 0.9852747254096755 -0.1709786988747094 3.4852384727205328
cell 39.34670360202653 49.73563379842309 0.0 1.0 1.0 1 0 0 0.0 1.0 0
cell 52.815090674550916 4.930633257528809 0.0 1.6431676725154984 0.6085806194501846 1 0 0 0.5004744955456356 0.8657512802810872 1.0482935251478067
cell 55.44262725476798 24.39167649793152 0.0 1.0 1.0 1 0 0 0.0 1.0 0
cell 5.287885722894881 31.196183873184527 0.0 1.0 1.0 1 0 0 0.0 1.0 0
cell 49.17491079448858 14.671922599092886 0.0 1.6431676725154984 0.6085806194501846 1 0 0 0.7308442524663628 0.6825442686279648 1.6391161052621963
cell 5.43290664003636 33.170218095920696 0.0 1.0 1.0 1 0 0 0.0 1.0 0
cell 24.04589094199514 7.7833395047580884 0.0 1.0 1.0 1 0 0 0.0 1.0 0
cell 20.837393660675424 42.791287625606465 0.0 1.0 1.0 1 0 0 0.0 1.0 0
cell 53.305349110585915 31.090435185528616 0.0 1.0 1.0 1 0 0 0.0 1.0 0
cell 31.79121899998481 5.749755680056192 0.0 1.0 1.0 1 0 0 0.0 1.0 0
cell 51.93075007514266 46.618282306321916 0.0 1.0 1.0 1 0 0 0.0 1.0 0
cell 37.65137783183495 33.568324246441506 0.0 1.0 1.0 1 0 0 0.0 1.0 0
cell 39.08083242403224 37.073229054213336 0.0 1.0 1.0 1 0 0 0.0 1.0 0
cell 12.791422685777672 21.661552282668307 0.0 1.6431676725154984 0.6085806194501846 1 0 0 0.5350874991404522 -0.844796643141778 5.153962671295553
cell 54.66065921137324 6.139926967142792 0.0 1.6431676725154984 0.6085806194501846 1 0 0 0.5473228790271065 0.8369215411814176 1.158324215736036
cell 22.123698049203703 31.796287875416446 0.0 1.0 1.0 1 0 0 0.0 1.0 0
cell 14.380843611358376 34.894535415564334 0.0 1.0 1.0 1 0 0 0.0 1.0 0
cell 38.4980738645173 48.542405571438046 0.0 1.6431676725154984 0.6085806194501846 1 0 0 0.9845260058517245 0.17523853400907632 2.7892965615129612
cell 29.25396454255282 52.160085505103424 0.0 1.0 1.0 1 0 0 0.0 1.0 0
cell 1.5028607909251896 52.93725689431403 0.0 1.6431676725154984 0.6085806194501846 1 0 0 0.17391303909626898 -0.9847610140700634 5.933581549331803
cell 29.455080463206663 42.61191430499433 0.0 1.6431676725154984 0.6085806194501846 1 0 0 0.649964154562547 0.7599648661509252 1.415074537088347
cell 18.39983797323154 41.543388380085624 0.0 1.0 1.0 1 0 0 0.0 1.0 0
cell 23.103820655834227 39.79413795543527 0.0 1.0 1.0 1 0 0 0.0 1.0 0
cell 2.259091119308251 59.66455685019748 0.0 1.6431676725154984 0.6085806194501846 1 0 0 0.8173840576508953 0.5760931368261193 1.9137108958668625
cell 47.16410287818319 55.14881275133395 0.0 1.0 1.0 1 0 0 0.0 1.0 0
cell 14.625975890778493 40.184608633071235 0.0 1.0 1.0 1 0 0 0.0 1.0 0
cell 28.743444260779196 1.7678201842123444 0.0 1.6431676725154984 0.6085806194501846 1 0 0 0.48537116665090707 0.8743082011418728 1.0135752875575281
cell 8.20524796509726 50.9647174164701 0.0 1.0 1.0 1 0 0 0.0 1.0 0
cell 35.43303414642625 39.59459338291322 0.0 1.0 1.0 1 0 0 0.0 1.0 0
cell 24.483163268013648 33.80861492447255 0.0 1.0 1.0 1 0 0 0.0 1.0 0
cell 22.80402369041597 55.00066113613077 0.0 1.0 1.0 1 0 0 0.0 1.0 0
cell 45.6220878526182 48.26833001397472 0.0 1.0 1.0 1 0 0 0.0 1.0 0
cell 48.24636038562886 22.779572781928525 0.0 1.0 1.0 1 0 0 0.0 1.0 0
cell 26.3965871899289 29.426866041511065 0.0 1.0 1.0 1 0 0 0.0 1.0 0
cell 36.80864214497658 12.191970093296705 0.0 1.0 1.0 1 0 0 0.0 1.0 0
cell 15.172886242227149 13.90178928370823 0.0 1.6431676725154984 0.6085806194501846 1 0 0 0.23867898530492504 0.9710985233094588 0.4820105857699601
cell 2.0460787440878003 19.629726598938504 0.0 1.0 1.0 1 0 0 0.0 1.0 0
cell 38.622860631435245 39.002945213371326 0.0 1.0 1.0 1 0 0 0.0 1.0 0
cell 43.5864868029393 38.52578627556352 0.0 1.0 1.0 1 0 0 0.0 1.0 0
cell 21.367657731638296 39.50856718267564 0.0 1.0 1.0 1 0 0 0.0 1.0 0
cell 2.1176220995425923 22.810821370957957 0.0 1.6431676725154984 0.6085806194501846 1 0 0 0.9925293160769929 0.1220063798648933 2.896970424809858
cell 30.146685636478665 27.144219781875314 0.0 1.6431676725154984 0.6085806194501846 1 0 0 -0.7726820970122125 -0.6347931765203608 1.7661110115269896
cell 48.24298782584493 26.55600856023117 0.0 1.0 1.0 1 0 0 0.0 1.0 0
cell 49.90797900079352 32.43285997880667 0.0 1.0 1.0 1 0 0 0.0 1.0 0
cell 43.17883074358446 30.374260558347892 0.0 1.0 1.0 1 0 0 0.0 1.0 0
cell 0.4539160617307774 47.955178682963506 0.0 1.0 1.0 1 0 0 0.0 1.0 0
cell 36.430938682879024 21.35221425854984 0.0 1.0 1.0 1 0 0 0.0 1.0 0
cell 25.72952156662782 25.738518537091373 0.0 1.0 1.0 1 0 0 0.0 1.0 0
cell 18.99316709992901 37.48341468980505 0.0 1.6431676725154984 0.6085806194501846 1 0 0 0.9151348813227734 0.40314780042355863 2.311684728299579
cell 17.42006758243461 1.0980138950890392 0.0 1.6431676725154984 0.6085806194501846 1 0 0 0.9999694306456136 -0.007819064796214229 3.1572309425333454
cell 27.357844938400856 35.482098538862154 0.0 1.6431676725154984 0.6085806194501846 1 0 0 -0.8038264979431694 -0.5948638173602593 1.8674002133401597
cell 26.709909453568002 43.15079378422422 0.0 1.0 1.0 1 0 0 0.0 1.0 0
cell 38.86352517063727 7.609688936794907 0.0 1.0 1.0 1 0 0 0.0 1.0 0
cell 19.414536530065973 50.6357371896508 0.0 1.0 1.0 1 0 0 0.0 1.0 0
cell 3.0417129874236077 45.90135462398046 0.0 1.0 1.0 1 0 0 0.0 1.0 0
cell 33.43058048949771 50.98246028257979 0.0 1.6431676725154984 0.6085806194501846 1 0 0 0.8472026630563099 0.5312698445331682 2.02139519428807
cell 22.650635566088244 33.59854709834419 0.0 1.0 1.0 1 0 0 0.0 1.0 0
cell 17.69384846961208 55.53872633063571 0.0 1.0 1.0 1 0 0 0.0 1.0 0
cell 29.230684052357073 22.14490484254551 0.0 1.0 1.0 1 0 0 0.0 1.0 0
cell 33.870744026840256 38.78844785132752 0.0 1.0 1.0 1 0 0 0.0 1.0 0
cell 20.026521898204923 40.94537391451534 0.0 1.0 1.0 1 0 0 0.0 1.0 0
cell 32.09697233907747 26.383670129068577 0.0 1.6431676725154984 0.6085806194501846 1 0 0 0.8036354746583129 0.5951218563207943 1.8667581105403004
cell 26.96225890952899 31.328048932660334 0.0 1.0 1.0 1 0 0 0.0 1.0 0
cell 28.554749665181284 59.508318596108865 0.0 1.6431676725154984 0.6085806194501846 1 0 0 0.6074300083129899 0.7943732025949019 1.3056426576439335
cell 35.26440679652453 20.111157998216505 0.0 1.6431676725154984 0.6085806194501846 1 0 0 -0.046311810241542815 0.9989270324864331 6.19052854509353
cell 24.412844652973437 38.74911287889624 0.0 1.0 1.0 1 0 0 0.0 1.0 0
cell 56.69681701920942 48.38312031560497 0.0 1.0 1.0 1 0 0 0.0 1.0 0
cell 37.33285831458408 24.849906181107006 0.0 1.0 1.0 1 0 0 0.0 1.0 0
cell 18.471175223551267 49.214171959489164 0.0 1.0 1.0 1 0 0 0.0 1.0 0
cell 39.32598610117815 24.91640290390203 0.0 1.0 1.0 1 0 0 0.0 1.0 0
cell 44.24220412613596 23.23308270793288 0.0 1.0 1.0 1 0 0 0.0 1.0 0
cell 43.358037197264395 45.444432687153295 0.0 1.6431676725154984 0.6085806194501846 1 0 0 0.9995934552562702 -0.028511825771616706 3.198624033945152
cell 21.83249918385236 41.295253259469966 0.0 1.0 1.0 1 0 0 0.0 1.0 0
cell 47.679720474032614 42.31250815620249 0.0 1.6431676725154984 0.6085806194501846 1 0 0 0.9893736399047058 0.14539532544656805 2.849767589148021
cell 25.32833451508496 36.832210185764346 0.0 1.6431676725154984 0.6085806194501846 1 0 0 0.9343121055991496 0.3564560131781811 2.4126486840290378
cell 28.19778310500874 18.773274228522837 0.0 1.6431676725154984 0.6085806194501846 1 0 0 -0.2034784915128934 0.9790794163353846 5.873366434930763
cell 38.52737050389129 35.34206695778667 0.0 1.0 1.0 1 0 0 0.0 1.0 0
cell 50.94448038521978 45.2177175936909 0.0 1.6431676725154984 0.6085806194501846 1 0 0 0.9999818117683779 0.006031262921860781 3.129530054613535
cell 12.011900993871707 47.724283500575105 0.0 1.0 1.0 1 0 0 0.0 1.0 0
cell 32.42321839638912 59.01241580552502 0.0 1.0 1.0 1 0 0 0.0 1.0 0
cell 38.741025895272315 46.59546402996853 0.0 1.6431676725154984 0.6085806194501846 1 0 0 0.9694686776596053 0.24521517701181628 2.6461093738841677
cell 50.11101344094443 26.91387250344175 0.0 1.0 1.0 1 0 0 0.0 1.0 0
cell 19.180992772492896 16.857448820533296 0.0 1.6431676725154984 0.6085806194501846 1 0 0 0.09948828821439366 0.9950387331698046 0.1993062894689486
cell 2.2483579225544568 28.818049664004487 0.0 1.0 1.0 1 0 0 0.0 1.0 0
cell 30.939328245306285 17.713730207334336 0.0 1.6431676725154984 0.6085806194501846 1 0 0 0.01719233297851076 0.9998522009210942 0.03438636006449593
cell 30.46854622724321 18.9470299776306 0.0 1.6431676725154984 0.6085806194501846 1 0 0 -0.10590368929494619 0.9943763918123356 6.070979992742054
cell 30.362840076321135 46.72934647176103 0.0 1.0 1.0 1 0 0 0.0 1.0 0
cell 48.538962783556755 39.58116603207879 0.0 1.6431676725154984 0.6085806194501846 1 0 0 0.9867342247976326 0.16234398545377346 2.815461274721065
cell 21.51673667662865 7.564235039934848 0.0 1.6431676725154984 0.6085806194501846 1 0 0 -0.23080632101694756 0.972999713349712 5.817372712038627
cell 35.53182384663873 46.5124603043344 0.0 1.6431676725154984 0.6085806194501846 1 0 0 0.8931056151432554 0.44984704089233196 2.2084045233504583
cell 3.8232537685126395 29.97072759916969 0.0 1.0 1.0 1 0 0 0.0 1.0 0
cell 18.271395459086357 9.14503468550392 0.0 1.6431676725154984 0.6085806194501846 1 0 0 -0.3776275923983801 -0.9259575592106816 0.7744656820446281
cell 25.421413778082535 44.23718533904301 0.0 1.0 1.0 1 0 0 0.0 1.0 0
cell 46.24449954692555 26.675186082759595 0.0 1.0 1.0 1 0 0 0.0 1.0 0
cell 19.71388225747446 11.641238557612978 0.0 1.0 1.0 1 0 0 0.0 1.0 0
cell 22.219645280338156 58.62974727155923 0.0 1.0 1.0 1 0 0 0.0 1.0 0
cell 55.95374807754485 8.457572564235186 0.0 1.6431676725154984 0.6085806194501846 1 0 0 0.6547483374074915 0.7558469518772473 1.4276992360179956
cell 24.850025122868924 6.3779768755136255 0.0 1.0 1.0 1 0 0 0.0 1.0 0
cell 47.65886188432524 13.964061239500895 0.0 1.6431676725154984 0.6085806194501846 1 0 0 -0.8069586558814232 -0.5906079306088318 1.8779686664655344
cell 16.605048586775528 28.74124924633402 0.0 1.6431676725154984 0.6085806194501846 1 0 0 0.5424239813165149 0.8401048889827634 1.1466395250526622
cell 40.84116244231815 50.2996521666474 0.0 1.0 1.0 1 0 0 0.0 1.0 0
cell 8.718285817462576 22.405921846654774 0.0 1.0 1.0 1 0 0 0.0 1.0 0
cell 58.03891063704125 15.245378342076672 0.0 1.0 1.0 1 0 0 0.0 1.0 0
cell 20.57110440616561 57.84589643158221 0.0 1.0 1.0 1 0 0 0.0 1.0 0
cell 52.75654434572332 20.737038248518395 0.0 1.6431676725154984 0.6085806194501846 1 0 0 0.4573203118760623 0.8893020478698905 0.9499592143118746
cell 42.318868340633685 35.435430603809024 0.0 1.0 1.0 1 0 0 0.0 1.0 0
cell 25.62909980383198 45.86304928432499 0.0 1.0 1.0 1 0 0 0.0 1.0 0
cell 45.841609960186474 28.504811118957065 0.0 1.0 1.0 1 0 0 0.0 1.0 0
cell 39.816268918812014 47.269456845320036 0.0 1.6431676725154984 0.6085806194501846 1 0 0 0.9950694575126625 0.09918051585596593 2.942904968390532
cell 41.82115285816438 41.42969450374898 0.0 1.6431676725154984 0.6085806194501846 1 0 0 0.8888371490051321 0.45822322349312294 2.1896023012409334
cell 44.07110170216109 5.969136758372057 0.0 1.6431676725154984 0.6085806194501846 1 0 0 0.6878681726554416 0.7258356405190252 1.517095766587529
cell 17.409760996162415 32.467714382057224 0.0 1.0 1.0 1 0 0 0.0 1.0 0
cell 49.88247850966481 21.66861016236897 0.0 1.0 1.0 1 0 0 0.0 1.0 0
cell 50.11077525637305 49.95402051924521 0.0 1.0 1.0 1 0 0 0.0 1.0 0
cell 35.72143160418356 33.726288845373176 0.0 1.0 1.0 1 0 0 0.0 1.0 0
cell 20.763895442000788 26.274672020052893 0.0 1.0 1.0 1 0 0 0.0 1.0 0
cell 9.857354697188525 54.973041504332606 0.0 1.0 1.0 1 0 0 0.0 1.0 0
cell 44.284732548285206 26.678896745094413 0.0 1.0 1.0 1 0 0 0.0 1.0 0
cell 19.428286141091267 27.73606764969791 0.0 1.0 1.0 1 0 0 0.0 1.0 0
cell 47.43169960589454 51.73402814130081 0.0 1.0 1.0 1 0 0 0.0 1.0 0
cell 5.610781230860569 52.53409989560586 0.0 1.6431676725154984 0.6085806194501846 1 0 0 0.2467948070311725 -0.9690677598715408 5.784442600126291
cell 45.240409690798536 24.944867910540165 0.0 1.0 1.0 1 0 0 0.0 1.0 0
cell 40.280995997211626 26.65488634705897 0.0 1.0 1.0 1 0 0 0.0 1.0 0
cell 43.19196003418964 37.03589745346101 0.0 1.0 1.0 1 0 0 0.0 1.0 0
cell 29.087113378354122 25.48598205363142 0.0 1.0 1.0 1 0 0 0.0 1.0 0
cell 52.6007862258905 7.010279884413111 0.0 1.6431676725154984 0.6085806194501846 1 0 0 0.5585675238202409 0.8294590534398456 1.185315586518947
cell 23.51194110797484 41.50620578474233 0.0 1.0 1.0 1 0 0 0.0 1.0 0
cell 1.866102084620073 14.178444813965013 0.0 1.6431676725154984 0.6085806194501846 1 0 0 -0.06535422443444601 0.9978621274247119 6.152383632581198
cell 42.36353737730028 18.802813926088934 0.0 1.0 1.0 1 0 0 0.0 1.0 0
cell 39.47073092392607 33.719844460504866 0.0 1.0 1.0 1 0 0 0.0 1.0 0
cell 11.169664833329897 29.905797849232012 0.0 1.0 1.0 1 0 0 0.0 1.0 0
cell 35.441688647407766 37.73049271856425 0.0 1.0 1.0 1 0 0 0.0 1.0 0
cell 33.25452498484032 45.98274784844302 0.0 1.0 1.0 1 0 0 0.0 1.0 0
cell 48.30630916097505 49.97642126685278 0.0 1.0 1.0 1 0 0 0.0 1.0 0
cell 15.094412995832252 26.292896271428027 0.0 1.6431676725154984 0.6085806194501846 1 0 0 0.4176657036375375 0.9086007704184279 0.861749374559575
cell 53.386093761326094 3.243016869261014 0.0 1.6431676725154984 0.6085806194501846 1 0 0 0.6417959713958328 0.7668754338874596 1.3936758217297283
cell 25.27768781094011 19.109462843166 0.0 1.6431676725154984 0.6085806194501846 1 0 0 -0.0987137610112999 0.9951158693272879 6.085435735290304
cell 35.88853800660693 30.198182389125066 0.0 1.0 1.0 1 0 0 0.0 1.0 0
cell 22.12254185591122 17.442788555083343 0.0 1.6431676725154984 0.6085806194501846 1 0 0 0.09732598135807025 0.9952525575715385 0.1949605818518943
cell 56.872100695110795 21.18771650085642 0.0 1.0 1.0 1 0 0 0.0 1.0 0
cell 7.2768473135693945 39.57766711006082 0.0 1.0 1.0 1 0 0 0.0 1.0 0
cell 25.99831141645082 9.742838092038541 0.0 1.6431676725154984 0.6085806194501846 1 0 0 0.3568118697173657 0.9341762626125745 0.729705775822836
cell 24.30038364093165 51.83737369210149 0.0 1.0 1.0 1 0 0 0.0 1.0 0
cell 26.783493335816896 52.09990621253564 0.0 1.6431676725154984 0.6085806194501846 1 0 0 -0.06380605760464646 0.997962317431351 6.155486443599013
cell 23.414771556317003 1.6504804659629566 0.0 1.0 1.0 1 0 0 0.0 1.0 0
cell 34.99032154868299 48.532143963070354 0.0 1.6431676725154984 0.6085806194501846 1 0 0 0.881333051426867 0.47249555814061084 2.157352237627969
cell 40.30262972716192 23.226259538060212 0.0 1.0 1.0 1 0 0 0.0 1.0 0
cell 10.768302434673558 32.14867305728276 0.0 1.6431676725154984 0.6085806194501846 1 0 0 0.8824349737631235 -0.47043439189718633 4.121158610607578
cell 17.709522874070878 11.542310179101056 0.0 1.0 1.0 1 0 0 0.0 1.0 0
cell 31.82656742814601 3.2945431686247804 0.0 1.6431676725154984 0.6085806194501846 1 0 0 0.7036958601057366 0.7105013275638882 1.5611719052712807
cell 30.45388922387689 23.8743635310789 0.0 1.6431676725154984 0.6085806194501846 1 0 0 0.7278016344564745 0.6857877083197716 1.6302217344617143
cell 2.2210040459812097 9.288627457437384 0.0 1.0 1.0 1 0 0 0.0 1.0 0
cell 16.659919304955572 45.96810371394471 0.0 1.0 1.0 1 0 0 0.0 1.0 0
cell 27.637882948116822 50.997329606872235 0.0 1.0 1.0 1 0 0 0.0 1.0 0
cell 58.06115003100567 11.035061585800479 0.0 1.0 1.0 1 0 0 0.0 1.0 0
cell 38.000465759028934 13.532328742074425 0.0 1.0 1.0 1 0 0 0.0 1.0 0
cell 34.35611491538168 22.49864294443995 0.0 1.6431676725154984 0.6085806194501846 1 0 0 0.821310104775499 0.5704819995351815 1.9274074488659554
cell 27.404931780330834 37.32854831192784 0.0 1.0 1.0 1 0 0 0.0 1.0 0
cell 5.195260248983011 36.67391498592484 0.0 1.6431676725154984 0.6085806194501846 1 0 0 0.9669523428400705 0.2549571859667791 2.6259858022807014
cell 36.70123799684914 47.405501124721745 0.0 1.6431676725154984 0.6085806194501846 1 0 0 0.929979735675173 0.3676107877001644 2.3887154324619977
cell 9.090411286798368 27.907958521841383 0.0 1.6431676725154984 0.6085806194501846 1 0 0 0.47166195535281397 0.8817794508111199 0.982349208850256
cell 35.75156258889649 1.6170412622144354 0.0 1.0 1.0 1 0 0 0.0 1.0 0
cell 28.923591981882705 27.34469879219714 0.0 1.0 1.0 1 0 0 0.0 1.0 0
cell 56.92526967724994 41.31990893725887 0.0 1.6431676725154984 0.6085806194501846 1 0 0 0.85636201056621 0.5163759355924699 2.0563654650617176
cell 27.820856501010525 55.84806431768313 0.0 1.0 1.0 1 0 0 0.0 1.0 0
cell 22.018590997805195 25.099354580766622 0.0 1.0 1.0 1 0 0 0.0 1.0 0
cell 31.284230884195438 32.67227823071276 0.0 1.0 1.0 1 0 0 0.0 1.0 0
cell 48.61263008713965 30.263475452105524 0.0 1.0 1.0 1 0 0 0.0 1.0 0
cell 17.92819380706714 20.777129334528954 0.0 1.0 1.0 1 0 0 0.0 1.0 0
cell 14.815033859067693 45.941215797224565 0.0 1.0 1.0 1 0 0 0.0 1.0 0
cell 48.03341144807403 0.6243260842180628 0.0 1.6431676725154984 0.6085806194501846 1 0 0 0.26071517195821403 0.9654157648965542 0.5275258411265168
cell 33.36069988320313 26.053682913029512 0.0 1.6431676725154984 0.6085806194501846 1 0 0 0.8721011825598153 0.4893255842256481 2.118960129273423
cell 37.66343073662875 30.20976573034681 0.0 1.0 1.0 1 0 0 0.0 1.0 0
cell 27.35224516697413 22.874347995567184 0.0 1.0 1.0 1 0 0 0.0 1.0 0
cell 49.15210877414313 48.21874918255109 0.0 1.0 1.0 1 0 0 0.0 1.0 0
cell 32.97965972365566 8.892614306092888 0.0 1.6431676725154984 0.6085806194501846 1 0 0 0.7359825459646507 0.6770005111042315 1.6542337214228902
cell 39.89181464713418 14.1808978902662 0.0 1.0 1.0 1 0 0 0.0 1.0 0
cell 34.480968175470565 16.956688186235887 0.0 1.6431676725154984 0.6085806194501846 1 0 0 0.43283902024884674 0.9014712322365137 0.8952794467222049
cell 29.47804534389512 48.538478826285264 0.0 1.0 1.0 1 0 0 0.0 1.0 0
cell 6.830060147126198 25.120006543232417 0.0 1.0 1.0 1 0 0 0.0 1.0 0
cell 18.025644803836197 34.28770524360615 0.0 1.0 1.0 1 0 0 0.0 1.0 0
cell 29.436817942116008 31.826312629078092 0.0 1.6431676725154984 0.6085806194501846 1 0 0 0.8279645291123605 0.5607804726733512 1.9509363742958494
cell 58.488389163890076 20.829631113629343 0.0 1.0 1.0 1 0 0 0.0 1.0 0
cell 23.94888100489956 20.562804975808284 0.0 1.0 1.0 1 0 0 0.0 1.0 0
cell 32.00177800995959 35.926002336846516 0.0 1.0 1.0 1 0 0 0.0 1.0 0
cell 52.95990749780399 48.297851748945924 0.0 1.0 1.0 1 0 0 0.0 1.0 0
cell 29.12972697654178 34.119620502345796 0.0 1.6431676725154984 0.6085806194501846 1 0 0 0.8959894911808495 0.4440752545385551 2.221308848693204
cell 27.21070508988726 44.85445346260847 0.0 1.0 1.0 1 0 0 0.0 1.0 0
cell 4.512007108875599 51.17440735638655 0.0 1.0 1.0 1 0 0 0.0 1.0 0
cell 43.75405204831779 17.62200713802851 0.0 1.6431676725154984 0.6085806194501846 1 0 0 0.7753124369418315 0.6315778852392779 1.7744192751203047
cell 45.3449972317396 33.843927832157995 0.0 1.0 1.0 1 0 0 0.0 1.0 0
cell 35.58629836003846 43.098164073098005 0.0 1.0 1.0 1 0 0 0.0 1.0 0
cell 54.163915345038006 16.738928297491046 0.0 1.0 1.0 1 0 0 0.0 1.0 0
cell 55.02616941780996 0.1683260507183731 0.0 1.6431676725154984 0.6085806194501846 1 0 0 0.4288574775789888 0.9033721624693707 0.8864553321807964
cell 34.885300081054446 54.148593043912925 0.0 1.0 1.0 1 0 0 0.0 1.0 0
cell 39.27121027580652 9.553816396127992 0.0 1.0 1.0 1 0 0 0.0 1.0 0
cell 59.589348184991294 12.674048305682215 0.0 1.0 1.0 1 0 0 0.0 1.0 0
cell 10.327879595985674 4.9581750018016555 0.0 1.6431676725154984 0.6085806194501846 1 0 0 -0.4208284249427806 -0.9071402519788098 0.8687167076047233
cell 15.68500258018138 6.735945270300114 0.0 1.6431676725154984 0.6085806194501846 1 0 0 0.3508825326458407 0.9364194830758491 0.717026783630685
cell 27.55566461915893 53.1886547006291 0.0 1.0 1.0 1 0 0 0.0 1.0 0
cell 36.11205359508043 3.507530726754753 0.0 1.0 1.0 1 0 0 0.0 1.0 0
cell 18.136436211708375 29.198115389728855 0.0 1.0 1.0 1 0 0 0.0 1.0 0
cell 15.237052910805676 57.782348010871075 0.0 1.0 1.0 1 0 0 0.0 1.0 0
cell 49.36759647952453 34.22273616261351 0.0 1.0 1.0 1 0 0 0.0 1.0 0
cell 55.611740377158895 46.71591296684258 0.0 1.0 1.0 1 0 0 0.0 1.0 0
cell 6.313707057522683 15.749453472680749 0.0 1.6431676725154984 0.6085806194501846 1 0 0 0.43119814225074454 -0.9022572593886439 5.3915447175316435
cell 42.23876880403933 28.60664816104226 0.0 1.0 1.0 1 0 0 0.0 1.0 0
cell 23.19980723707689 50.548008513593736 0.0 1.0 1.0 1 0 0 0.0 1.0 0
cell 33.87586879286454 40.72026278727765 0.0 1.0 1.0 1 0 0 0.0 1.0 0
cell 32.492842631369435 12.596586961419083 0.0 1.0 1.0 1 0 0 0.0 1.0 0
cell 16.628424073014415 30.657580094739075 0.0 1.0 1.0 1 0 0 0.0 1.0 0
cell 54.25937896005926 20.79135909814798 0.0 1.6431676725154984 0.6085806194501846 1 0 0 0.37335811909178873 0.9276872937085221 0.765252556348272
cell 2.588785643040008 56.195928698781486 0.0 1.6431676725154984 0.6085806194501846 1 0 0 0.8288154839595354 0.5595220223985121 1.9539746775657747
cell 24.41834157720756 22.28511602794043 0.0 1.0 1.0 1 0 0 0.0 1.0 0
cell 16.050653947640708 33.83256585205355 0.0 1.0 1.0 1 0 0 0.0 1.0 0
cell 0.24442411270960174 31.705973312435226 0.0 1.0 1.0 1 0 0 0.0 1.0 0
cell 0.6309818839177758 38.947659401329624 0.0 1.6431676725154984 0.6085806194501846 1 0 0 0.9179249740716028 0.3967540068803934 2.3256368479635663
cell 3.0838678060272495 26.218330846689856 0.0 1.0 1.0 1 0 0 0.0 1.0 0
cell 11.028508818113478 2.3960605119949854 0.0 1.6431676725154984 0.6085806194501846 1 0 0 0.947054825334587 -0.32107188885119653 3.7953148203057196
cell 28.873794441506526 57.14269140838826 0.0 1.6431676725154984 0.6085806194501846 1 0 0 0.7118303009352509 0.7023514951008719 1.5842014829308586
cell 59.73520048319903 9.232696893215598 0.0 1.0 1.0 1 0 0 0.0 1.0 0
cell 23.386135107558342 23.717850363164146 0.0 1.0 1.0 1 0 0 0.0 1.0 0
cell 12.879525033865608 39.26111866884954 0.0 1.0 1.0 1 0 0 0.0 1.0 0
cell 15.697331741995045 38.47951793706054 0.0 1.0 1.0 1 0 0 0.0 1.0 0
cell 40.2285387133365 38.3865052770227 0.0 1.0 1.0 1 0 0 0.0 1.0 0
cell 2.955450954519236 53.56518369647563 0.0 1.6431676725154984 0.6085806194501846 1 0 0 0.34793124343261334 -0.937520053035366 5.572458164954156
cell 37.82476935270696 44.21344489855206 0.0 1.6431676725154984 0.6085806194501846 1 0 0 0.9391522779715864 0.3435010899266261 2.4403080660471557
cell 44.309125326161904 39.563614898800004 0.0 1.6431676725154984 0.6085806194501846 1 0 0 0.9572954012466468 0.28911159567202005 2.554995309978635
cell 2.7679559183558666 37.525770562330266 0.0 1.6431676725154984 0.6085806194501846 1 0 0 0.881729312794748 0.47175567718735667 2.159030864373874
cell 4.308251143895149 42.09897916980839 0.0 1.0 1.0 1 0 0 0.0 1.0 0
cell 21.125161110378876 13.069648719992362 0.0 1.0 1.0 1 0 0 0.0 1.0 0
cell 41.642766223866666 0.7527904880965605 0.0 1.0 1.0 1 0 0 0.0 1.0 0
cell 41.403093222551526 46.14687162929383 0.0 1.6431676725154984 0.6085806194501846 1 0 0 0.9992631179620696 -0.03838256219591149 3.218376639154885
cell 13.482818336382435 6.637238480970286 0.0 1.6431676725154984 0.6085806194501846 1 0 0 0.1826728743872231 0.9831737491222545 0.36740877374549064
cell 43.35760495418587 1.3530617808733987 0.0 1.0 1.0 1 0 0 0.0 1.0 0
cell 25.782347078562662 4.84797921918606 0.0 1.6431676725154984 0.6085806194501846 1 0 0 0.7991285048669785 -0.6011602387958368 4.4314970484278255
cell 58.81481022524015 26.562127340365745 0.0 1.0 1.0 1 0 0 0.0 1.0 0
cell 24.74697542992022 2.3016685769583436 0.0 1.0 1.0 1 0 0 0.0 1.0 0
cell 14.13127919398405 27.655965642800236 0.0 1.0 1.0 1 0 0 0.0 1.0 0
cell 17.864813391082556 59.31574872998728 0.0 1.0 1.0 1 0 0 0.0 1.0 0
cell 45.0701956898944 17.267747592338846 0.0 1.6431676725154984 0.6085806194501846 1 0 0 0.8030776957902281 0.5958743277942571 1.864884791936112
cell 22.051409239158122 19.336461138981225 0.0 1.6431676725154984 0.6085806194501846 1 0 0 0.025961225499598416 -0.9996629505841251 6.231257021916548
cell 37.116328389461486 42.029820386123305 0.0 1.0 1.0 1 0 0 0.0 1.0 0
cell 20.610125387042764 46.0140002369463 0.0 1.0 1.0 1 0 0 0.0 1.0 0
cell 28.75458881869508 47.11464001941713 0.0 1.0 1.0 1 0 0 0.0 1.0 0
cell 5.685697091621283 1.4431930640361668 0.0 1.6431676725154984 0.6085806194501846 1 0 0 -0.2276223022186591 -0.9737494993748019 0.4592703740097539
cell 23.77131540794785 17.026968642372992 0.0 1.6431676725154984 0.6085806194501846 1 0 0 0.23656895238392 0.9716147028364559 0.47766608023431506
cell 38.86055586470927 56.62214055767085 0.0 1.0 1.0 1 0 0 0.0 1.0 0
cell 16.220094557930537 5.463543823041583 0.0 1.6431676725154984 0.6085806194501846 1 0 0 0.5184700271843172 0.8550958021832954 1.090121473461557
cell 45.00975383981907 42.37242017184537 0.0 1.6431676725154984 0.6085806194501846 1 0 0 0.9853904325270612 0.17031058535549498 2.7993029521961046
cell 34.35604737026603 46.549161627638384 0.0 1.6431676725154984 0.6085806194501846 1 0 0 0.8752295055326319 0.483707879453193 2.1318201687732588
cell 55.322814857693935 36.109800593256544 0.0 1.6431676725154984 0.6085806194501846 1 0 0 0.1212650018132107 0.9926201687127065 0.2431283805374821
cell 24.3785091888679 27.05947512796498 0.0 1.0 1.0 1 0 0 0.0 1.0 0
cell 54.4156973775004 11.461506204753174 0.0 1.6431676725154984 0.6085806194501846 1 0 0 0.3612469835343443 0.9324701694356432 0.7392096762831327
cell 52.456126791357114 53.715900917673316 0.0 1.0 1.0 1 0 0 0.0 1.0 0
cell 48.51382619470162 20.396535549175656 0.0 1.0 1.0 1 0 0 0.0 1.0 0
cell 49.964950970944834 46.489347748545704 0.0 1.0 1.0 1 0 0 0.0 1.0 0
cell 56.8630198043704 29.404752054486213 0.0 1.0 1.0 1 0 0 0.0 1.0 0
cell 39.296834567546696 58.362793109612575 0.0 1.0 1.0 1 0 0 0.0 1.0 0
cell 9.803456285782895 19.4831194153411 0.0 1.6431676725154984 0.6085806194501846 1 0 0 0.8150468891382041 0.5793950021411437 1.9056202361824617
cell 9.044531653963004 29.571510493846997 0.0 1.6431676725154984 0.6085806194501846 1 0 0 0.9081301508625929 -0.41868798537130775 4.0055928438621375
cell 1.5121111817574457 15.853600580557908 0.0 1.0 1.0 1 0 0 0.0 1.0 0
cell 7.300791101028216 34.69164847842016 0.0 1.6431676725154984 0.6085806194501846 1 0 0 0.7536380485880032 0.657289655875145 1.7071591576994842
cell 3.111288364672826 40.04145895016246 0.0 1.6431676725154984 0.6085806194501846 1 0 0 0.9632302893351332 0.2686771477207461 2.5975538177341075
cell 22.62859162552379 22.091948542619065 0.0 1.0 1.0 1 0 0 0.0 1.0 0
cell 38.026074275518255 0.23522641227824534 0.0 1.0 1.0 1 0 0 0.0 1.0 0
cell 3.4604139415679493 49.43010494743152 0.0 1.0 1.0 1 0 0 0.0 1.0 0
cell 42.00676817718795 39.17955583705002 0.0 1.0 1.0 1 0 0 0.0 1.0 0
cell 57.716999587980126 38.806332614475664 0.0 1.0 1.0 1 0 0 0.0 1.0 0
cell 44.56266802105463 53.01436448447854 0.0 1.0 1.0 1 0 0 0.0 1.0 0
cell 0.9288127006956427 1.7926793887223118 0.0 1.6431676725154984 0.6085806194501846 1 0 0 0.6951979959305364 0.7188182986361475 1.5373906210994972
cell 28.203081681346532 32.93334011571675 0.0 1.6431676725154984 0.6085806194501846 1 0 0 0.7351028496452485 0.6779556035932112 1.651636748174066
cell 19.194219923515938 58.730230453146106 0.0 1.6431676725154984 0.6085806194501846 1 0 0 0.8814704427611211 -0.47223919631740985 4.125251355657269
cell 21.354448065879453 54.403346741849525 0.0 1.0 1.0 1 0 0 0.0 1.0 0
cell 32.45617764647043 14.412068151476639 0.0 1.6431676725154984 0.6085806194501846 1 0 0 0.2612496086990645 0.9652712789442073 0.5286330878528157
cell 23.37124462411199 9.067293442881393 0.0 1.6431676725154984 0.6085806194501846 1 0 0 0.2284184473566892 0.9735630502988286 0.4609057459870037
cell 44.58513836744416 58.30726869387419 0.0 1.0 1.0 1 0 0 0.0 1.0 0
cell 45.6662937727831 51.5937899616159 0.0 1.0 1.0 1 0 0 0.0 1.0 0
cell 15.703293623189138 47.706257786448056 0.0 1.0 1.0 1 0 0 0.0 1.0 0
cell 29.377144532345138 8.224594649679506 0.0 1.6431676725154984 0.6085806194501846 1 0 0 0.9656555857889848 -0.259825498430259 3.667275634866119
cell 49.27657366027329 17.14196789301581 0.0 1.0 1.0 1 0 0 0.0 1.0 0
cell 19.481583608387712 24.067694146485564 0.0 1.0 1.0 1 0 0 0.0 1.0 0
cell 32.09411480075338 23.328498844240084 0.0 1.6431676725154984 0.6085806194501846 1 0 0 0.726137150137213 0.6875498812381591 1.6253737392800272
cell 58.22348574184179 3.9604372969497716 0.0 1.6431676725154984 0.6085806194501846 1 0 0 0.9340385150897729 -0.35717230061819205 3.8720701413178262
cell 10.6591535853348 27.9781679636007 0.0 1.0 1.0 1 0 0 0.0 1.0 0
cell 26.536764316902264 13.540701574682123 0.0 1.6431676725154984 0.6085806194501846 1 0 0 0.9174448339469281 -0.39786301243530237 3.959965422631448
cell 39.73287291579664 53.71774918847385 0.0 1.0 1.0 1 0 0 0.0 1.0 0
cell 33.440483559959425 11.316439486000698 0.0 1.0 1.0 1 0 0 0.0 1.0 0
cell 28.63783606353694 36.00365575255588 0.0 1.6431676725154984 0.6085806194501846 1 0 0 0.8903464828159728 0.4552835825474345 2.196211261031569
cell 46.50121740578636 39.423330631132075 0.0 1.6431676725154984 0.6085806194501846 1 0 0 0.9698962770071775 0.24351840145585787 2.6496090248785418
cell 38.13247163549179 50.98384270144617 0.0 1.0 1.0 1 0 0 0.0 1.0 0
cell 39.74802121884045 4.239439503884237 0.0 1.0 1.0 1 0 0 0.0 1.0 0
cell 6.049810941556424 14.198723140733666 0.0 1.6431676725154984 0.6085806194501846 1 0 0 0.8788501478270806 0.4770979120309778 2.1468934549191903
cell 18.592872966750978 31.111948730530344 0.0 1.0 1.0 1 0 0 0.0 1.0 0
cell 47.90038098216869 41.03394023958749 0.0 1.6431676725154984 0.6085806194501846 1 0 0 0.9884521883233239 0.15153307031414714 2.8373545139879353
cell 52.486409959232894 8.926956040765065 0.0 1.6431676725154984 0.6085806194501846 1 0 0 0.42443585561428304 0.9054580081201842 0.8766774918293246
cell 25.99361417477118 21.952972648337237 0.0 1.0 1.0 1 0 0 0.0 1.0 0
cell 58.39290159549119 22.724122876003147 0.0 1.0 1.0 1 0 0 0.0 1.0 0
cell 55.367648204969555 26.322631695652127 0.0 1.0 1.0 1 0 0 0.0 1.0 0
cell 9.50719049813708 59.231285164955146 0.0 1.6431676725154984 0.6085806194501846 1 0 0 0.9999999978918304 -6.4933344001533e-05 3.1417225202778876
cell 5.725677606217407 6.403213642132886 0.0 1.6431676725154984 0.6085806194501846 1 0 0 0.9571469572697807 0.2896026626072361 2.5539692839460173
cell 34.82918239366788 50.339060917715024 0.0 1.6431676725154984 0.6085806194501846 1 0 0 0.8994334810732274 0.43705767711424115 2.2369431405498093
cell 25.987944500352544 2.697467159214541 0.0 1.6431676725154984 0.6085806194501846 1 0 0 0.7864061029083119 -0.6177098358522077 4.473246994455149
cell 46.28400516580441 35.66255042860876 0.0 1.0 1.0 1 0 0 0.0 1.0 0
cell 49.63907145576291 55.23999097010062 0.0 1.0 1.0 1 0 0 0.0 1.0 0
cell 1.769188946023836 44.29737860267969 0.0 1.0 1.0 1 0 0 0.0 1.0 0
cell 27.695470428143746 20.911427691273214 0.0 1.0 1.0 1 0 0 0.0 1.0 0
cell 47.18248680663359 37.47588276576022 0.0 1.0 1.0 1 0 0 0.0 1.0 0
cell 17.180708163798503 17.379409611406626 0.0 1.6431676725154984 0.6085806194501846 1 0 0 -0.07924318419492661 -0.9968553143554229 0.1586527075782973
cell 53.85665025192664 18.65491183923299 0.0 1.0 1.0 1 0 0 0.0 1.0 0
cell 12.302583529161007 27.560481796684634 0.0 1.0 1.0 1 0 0 0.0 1.0 0
cell 24.797105578067452 35.505611520101105 0.0 1.0 1.0 1 0 0 0.0 1.0 0
cell 50.39892530678945 53.437718770817845 0.0 1.0 1.0 1 0 0 0.0 1.0 0
cell 7.833984806451364 20.6447017501398 0.0 1.0 1.0 1 0 0 0.0 1.0 0
cell 52.128334086269504 1.8238574872858024 0.0 1.6431676725154984 0.6085806194501846 1 0 0 0.7096074755215267 0.7045972116634908 1.5778819247163807
cell 56.038402179815954 38.97646981972631 0.0 1.6431676725154984 0.6085806194501846 1 0 0 0.7704926746546633 0.6374488515194794 1.759227352135349
cell 0.17607403704083807 23.83828914124103 0.0 1.0 1.0 1 0 0 0.0 1.0 0
cell 6.146846382521773 47.48888724051222 0.0 1.0 1.0 1 0 0 0.0 1.0 0
cell 28.98449394927718 38.087027310430535 0.0 1.6431676725154984 0.6085806194501846 1 0 0 0.757276838126897 0.6530940134747291 1.7182666837500986
cell 30.691568703524197 40.99949043893812 0.0 1.0 1.0 1 0 0 0.0 1.0 0
cell 53.902725290380886 50.09288629613895 0.0 1.0 1.0 1 0 0 0.0 1.0 0
cell 33.265360494023426 29.37073407720501 0.0 1.0 1.0 1 0 0 0.0 1.0 0
cell 19.504002663947105 4.38902438467771 0.0 1.0 1.0 1 0 0 0.0 1.0 0
cell 11.872819497156135 51.23421728709377 0.0 1.0 1.0 1 0 0 0.0 1.0 0
cell 1.2260683541427793 39.961815862836225 0.0 1.6431676725154984 0.6085806194501846 1 0 0 0.9741286199019712 0.22599431826459904 2.6856653708317793
cell 37.27225511200812 1.9163099185330004 0.0 1.0 1.0 1 0 0 0.0 1.0 0
cell 40.54464944405406 1.971985761948655 0.0 1.6431676725154984 0.6085806194501846 1 0 0 0.7246409497796401 -0.6891266167421347 4.662158848529903
cell 33.10572221762089 2.193577598964421 0.0 1.0 1.0 1 0 0 0.0 1.0 0
cell 42.26263505502913 23.240519100489163 0.0 1.0 1.0 1 0 0 0.0 1.0 0
cell 4.573711941164114 16.094575548147446 0.0 1.6431676725154984 0.6085806194501846 1 0 0 0.710159084559394 0.7040412449691875 1.579448285501364
cell 23.712195385624874 53.53475627129855 0.0 1.0 1.0 1 0 0 0.0 1.0 0
cell 53.34170546876014 44.22261569816798 0.0 1.6431676725154984 0.6085806194501846 1 0 0 0.9975973777228831 0.06927822140057503 3.002925137769336
cell 5.058144265682039 35.247696280242245 0.0 1.6431676725154984 0.6085806194501846 1 0 0 0.9393287324168704 0.3430182683999722 2.4413361765542123
cell 35.70546695365609 5.51863364301998 0.0 1.0 1.0 1 0 0 0.0 1.0 0
cell 17.095758530532834 42.8164784533377 0.0 1.0 1.0 1 0 0 0.0 1.0 0
cell 15.684427727045207 51.15263111470818 0.0 1.0 1.0 1 0 0 0.0 1.0 0
cell 30.587369009559545 37.499670282693195 0.0 1.0 1.0 1 0 0 0.0 1.0 0
cell 18.29922419126216 39.88660089339189 0.0 1.0 1.0 1 0 0 0.0 1.0 0
cell 15.153099818227949 18.850434539775527 0.0 1.6431676725154984 0.6085806194501846 1 0 0 0.2655915211797261 -0.9640856517329978 5.745550452817385
cell 28.005530748796403 40.44982600003956 0.0 1.0 1.0 1 0 0 0.0 1.0 0
cell 42.79026893829701 57.40322064391029 0.0 1.0 1.0 1 0 0 0.0 1.0 0
cell 48.52355648292836 58.09335489489675 0.0 1.6431676725154984 0.6085806194501846 1 0 0 0.9858255808912825 -0.16777343073432566 3.4787339527731547
cell 6.861418859193705 31.8105871629408 0.0 1.6431676725154984 0.6085806194501846 1 0 0 0.7092905180651874 0.7049162794139585 1.5769824442842935
cell 25.91470955935305 56.45540608926675 0.0 1.0 1.0 1 0 0 0.0 1.0 0
cell 55.61510821034944 10.872879417244055 0.0 1.6431676725154984 0.6085806194501846 1 0 0 -0.6528120278211343 -0.7575199379105862 1.4225813533873808
cell 50.34839903934385 30.651782668910126 0.0 1.0 1.0 1 0 0 0.0 1.0 0
cell 51.81661014558853 32.27832776919736 0.0 1.0 1.0 1 0 0 0.0 1.0 0
cell 32.9752047334469 4.168157735378143 0.0 1.0 1.0 1 0 0 0.0 1.0 0
cell 0.019199424529929843 19.883845841895848 0.0 1.0 1.0 1 0 0 0.0 1.0 0
cell 20.644396689488854 22.163195946741013 0.0 1.0 1.0 1 0 0 0.0 1.0 0
cell 56.613951119636894 52.00195466748374 0.0 1.0 1.0 1 0 0 0.0 1.0 0
cell 21.39025635306737 23.660427361558558 0.0 1.0 1.0 1 0 0 0.0 1.0 0
cell 21.934929775040853 20.671039742784064 0.0 1.0 1.0 1 0 0 0.0 1.0 0
cell 5.844775122514287 54.63068849110597 0.0 1.0 1.0 1 0 0 0.0 1.0 0
cell 4.53878814578959 56.14676970474171 0.0 1.0 1.0 1 0 0 0.0 1.0 0
cell 27.105695340346376 46.599114237871 0.0 1.0 1.0 1 0 0 0.0 1.0 0
cell 37.15572987798147 4.907584785282959 0.0 1.0 1.0 1 0 0 0.0 1.0 0
cell 44.23053533081529 12.661851048148172 0.0 1.6431676725154984 0.6085806194501846 1 0 0 0.5631923247214216 -0.8263258469725371 5.086697281841354
cell 55.68328614863295 5.41293963350883 0.0 1.6431676725154984 0.6085806194501846 1 0 0 0.5476088709051556 0.8367344408508476 1.159007729859215
cell 35.13518814310212 23.679927162543134 0.0 1.0 1.0 1 0 0 0.0 1.0 0
cell 39.65313248352291 43.80409053301375 0.0 1.6431676725154984 0.6085806194501846 1 0 0 -0.9518034637670441 -0.30670860170699044 2.5181265903360934
cell 48.44648343582206 53.596076400792505 0.0 1.0 1.0 1 0 0 0.0 1.0 0
cell 19.279638565991917 32.997655909262086 0.0 1.0 1.0 1 0 0 0.0 1.0 0
cell 50.67555420929186 15.755939173470704 0.0 1.0 1.0 1 0 0 0.0 1.0 0
cell 38.48305892509798 23.067322708177258 0.0 1.0 1.0 1 0 0 0.0 1.0 0
cell 24.894138395612167 54.88911540667079 0.0 1.0 1.0 1 0 0 0.0 1.0 0
cell 25.939630700659407 38.02200240503608 0.0 1.0 1.0 1 0 0 0.0 1.0 0
cell 19.96500633647924 14.41941007118469 0.0 1.0 1.0 1 0 0 0.0 1.0 0
cell 5.363598148327493 12.192742870458877 0.0 1.6431676725154984 0.6085806194501846 1 0 0 0.7504645449507165 0.660910710135578 1.6975293697306346
cell 9.12820648936746 49.15460902226331 0.0 1.0 1.0 1 0 0 0.0 1.0 0
cell 14.087729562049851 56.15494014271978 0.0 1.0 1.0 1 0 0 0.0 1.0 0
cell 53.40748163058351 34.78652156175617 0.0 1.6431676725154984 0.6085806194501846 1 0 0 -0.006658279989752269 -0.9999778334081101 0.013316658374627366
cell 58.50644355818849 5.749389728259224 0.0 1.6431676725154984 0.6085806194501846 1 0 0 0.9153753735491221 -0.4026014474636239 3.97030669768266
cell 2.6496784617719005 51.26693534048871 0.0 1.0 1.0 1 0 0 0.0 1.0 0
cell 15.848496682755343 54.4409162027672 0.0 1.6431676725154984 0.6085806194501846 1 0 0 -0.00146210094138234 0.9999989311298474 6.280261104254957
cell 56.380854129323396 33.33978711352429 0.0 1.0 1.0 1 0 0 0.0 1.0 0
cell 2.351442893195726 47.75442017068547 0.0 1.0 1.0 1 0 0 0.0 1.0 0
cell 16.17193005905146 12.154999510945865 0.0 1.6431676725154984 0.6085806194501846 1 0 0 0.45965288674469507 0.888098656516982 0.9552086181717276
cell 49.81576814437207 28.70428902487416 0.0 1.0 1.0 1 0 0 0.0 1.0 0
cell 29.983261067033382 13.351197600228245 0.0 1.6431676725154984 0.6085806194501846 1 0 0 0.44324003283377633 0.896402963679568 0.9184198790759666
cell 39.73142732433244 0.1840619180261557 0.0 1.0 1.0 1 0 0 0.0 1.0 0
cell 41.32303507687843 33.79911811230734 0.0 1.0 1.0 1 0 0 0.0 1.0 0
cell 39.09142863517488 45.22489674681849 0.0 1.6431676725154984 0.6085806194501846 1 0 0 -0.957443536748722 -0.28862064018032163 2.5560209442751898
cell 32.42798261598253 7.118851316089625 0.0 1.6431676725154984 0.6085806194501846 1 0 0 0.8328896611702294 0.5534390773298722 1.9686172702429565
cell 50.21474291489932 23.354274579999224 0.0 1.0 1.0 1 0 0 0.0 1.0 0
cell 27.498103536223066 48.26288412928616 0.0 1.0 1.0 1 0 0 0.0 1.0 0
cell 4.713647196775285 8.412513816851494 0.0 1.6431676725154984 0.6085806194501846 1 0 0 0.9376326881823784 0.3476275910394436 2.431513250364693
cell 17.639067804403997 18.591741369479806 0.0 1.6431676725154984 0.6085806194501846 1 0 0 -0.15292690197499356 0.9882375031602123 5.976126630928317
cell 26.14358269233319 7.8480401123902 0.0 1.0 1.0 1 0 0 0.0 1.0 0
cell 21.222230882193514 28.124265809994277 0.0 1.0 1.0 1 0 0 0.0 1.0 0
cell 7.559856025503731 29.5161281530364 0.0 1.6431676725154984 0.6085806194501846 1 0 0 0.8882613210516721 -0.45933846510339 4.0960932584264045
cell 5.841028698553983 27.39953357389659 0.0 1.0 1.0 1 0 0 0.0 1.0 0
cell 29.64857698014398 5.669779567273444 0.0 1.6431676725154984 0.6085806194501846 1 0 0 0.41419351490618184 0.9101888442568732 0.8541131213389019
cell 27.93659772007117 28.458350410527988 0.0 1.0 1.0 1 0 0 0.0 1.0 0
cell 25.174542316401826 14.274431960240003 0.0 1.0 1.0 1 0 0 0.0 1.0 0
cell 56.39686777483115 14.25934911195089 0.0 1.0 1.0 1 0 0 0.0 1.0 0
cell 25.588997073236115 53.35443426196697 0.0 1.0 1.0 1 0 0 0.0 1.0 0
cell 27.03641728907858 6.0539261160862265 0.0 1.6431676725154984 0.6085806194501846 1 0 0 0.809049713005434 -0.587740216325057 4.398118382242707
cell 15.761187564031715 44.20205399348478 0.0 1.0 1.0 1 0 0 0.0 1.0 0
cell 53.138411119059676 51.8332989698892 0.0 1.0 1.0 1 0 0 0.0 1.0 0
cell 37.670582999826266 9.070759508942674 0.0 1.0 1.0 1 0 0 0.0 1.0 0
cell 18.40996206216208 36.001377849883035 0.0 1.0 1.0 1 0 0 0.0 1.0 0
cell 49.27193693605006 51.7912545804379 0.0 1.0 1.0 1 0 0 0.0 1.0 0
cell 31.38198804834332 50.92606979328612 0.0 1.6431676725154984 0.6085806194501846 1 0 0 0.7598932467469729 0.6500478855810118 1.7262977511458395
cell 17.067713272715345 25.661440800287558 0.0 1.0 1.0 1 0 0 0.0 1.0 0
cell 31.931508727519727 9.882953341210065 0.0 1.6431676725154984 0.6085806194501846 1 0 0 0.5683068729180433 0.8228166856561157 1.2088933370630277
cell 6.333706016024755 50.86102190972035 0.0 1.0 1.0 1 0 0 0.0 1.0 0
cell 12.679493597952392 18.532526068621678 0.0 1.6431676725154984 0.6085806194501846 1 0 0 -0.02179009012063955 0.9997625677992422 6.239601677498
cell 32.78533993338118 20.539462077656815 0.0 1.6431676725154984 0.6085806194501846 1 0 0 0.3803547144217329 0.924840684235486 0.7803596146963221
cell 34.33654431733002 8.390145178287774 0.0 1.0 1.0 1 0 0 0.0 1.0 0
cell 31.52301904320219 56.88250400096284 0.0 1.6431676725154984 0.6085806194501846 1 0 0 0.7771243454165134 0.6293470836994127 1.7801671420344993
cell 15.879688050230236 59.57350623394286 0.0 1.0 1.0 1 0 0 0.0 1.0 0
cell 55.25015038466957 28.23070600896913 0.0 1.0 1.0 1 0 0 0.0 1.0 0
cell 23.038900929372026 35.16548270853288 0.0 1.0 1.0 1 0 0 0.0 1.0 0
cell 43.16771074843375 59.33433867157213 0.0 1.0 1.0 1 0 0 0.0 1.0 0
cell 50.99555077546358 48.18302438701055 0.0 1.0 1.0 1 0 0 0.0 1.0 0
cell 4.056316470994698 27.971201716125925 0.0 1.0 1.0 1 0 0 0.0 1.0 0
cell 56.38244422359055 43.768175250613226 0.0 1.6431676725154984 0.6085806194501846 1 0 0 0.9989787456442607 -0.04518258238546712 3.2319885928719123
cell 34.791060281148255 0.4995263720777353 0.0 1.0 1.0 1 0 0 0.0 1.0 0
cell 19.67408232632667 38.975737195509296 0.0 1.0 1.0 1 0 0 0.0 1.0 0
cell 30.693805214756065 31.390007541266748 0.0 1.6431676725154984 0.6085806194501846 1 0 0 -0.8750277202165997 -0.48407281358545656 2.130986156214176
cell 58.16709219905339 32.474184845113754 0.0 1.0 1.0 1 0 0 0.0 1.0 0
cell 44.07550763594374 10.764338068255519 0.0 1.6431676725154984 0.6085806194501846 1 0 0 0.8984666356660634 0.43904180278750815 2.232528824427765
cell 21.84568924954182 15.06650745456628 0.0 1.0 1.0 1 0 0 0.0 1.0 0
cell 1.1905370560553363 46.11811519769236 0.0 1.0 1.0 1 0 0 0.0 1.0 0
cell 59.72052474322082 3.259234660290274 0.0 1.6431676725154984 0.6085806194501846 1 0 0 0.6659290807297056 0.7460150530910816 1.4574770364802796
cell 54.562826333385374 37.23158663485849 0.0 1.6431676725154984 0.6085806194501846 1 0 0 -0.012754934347182039 -0.9999186525161929 0.025510560438083196
cell 25.931221892992646 20.293975139583342 0.0 1.0 1.0 1 0 0 0.0 1.0 0
cell 25.173060280020632 30.652724995725254 0.0 1.0 1.0 1 0 0 0.0 1.0 0
cell 41.2813682075865 20.106646132785126 0.0 1.6431676725154984 0.6085806194501846 1 0 0 -0.06474094734486123 -0.99790210428523 0.1295725172449549
cell 53.72227612299515 23.36527033830274 0.0 1.0 1.0 1 0 0 0.0 1.0 0
cell 54.240443505963725 9.617019159528454 0.0 1.6431676725154984 0.6085806194501846 1 0 0 -0.5033097969179052 -0.8641060399779977 1.0548496700971235
cell 39.1432476072516 21.199268698924296 0.0 1.0 1.0 1 0 0 0.0 1.0 0
cell 24.839063114760688 10.750281968838232 0.0 1.0 1.0 1 0 0 0.0 1.0 0
cell 21.235339272846886 0.08527360945160214 0.0 1.6431676725154984 0.6085806194501846 1 0 0 0.9284733221399019 -0.3713990981067322 3.9026235488577807
cell 36.35106553856963 59.505093307466716 0.0 1.0 1.0 1 0 0 0.0 1.0 0
cell 56.62252279757304 22.86483931557556 0.0 1.6431676725154984 0.6085806194501846 1 0 0 0.43168082289535314 0.902026422642037 0.8927106666827266
cell 58.584334788056 51.953340107854814 0.0 1.0 1.0 1 0 0 0.0 1.0 0
cell 19.082977830124882 42.941945321711444 0.0 1.0 1.0 1 0 0 0.0 1.0 0
cell 46.31373832705877 58.04644977540727 0.0 1.6431676725154984 0.6085806194501846 1 0 0 0.3582294358076048 0.9336335851504942 0.7327415576927409
cell 27.88451571385273 30.134987058193722 0.0 1.0 1.0 1 0 0 0.0 1.0 0
cell 1.4057118939068396 36.67014869045375 0.0 1.0 1.0 1 0 0 0.0 1.0 0
cell 21.422579095711864 50.64145132473203 0.0 1.0 1.0 1 0 0 0.0 1.0 0
cell 57.605010614300305 17.227523045983006 0.0 1.0 1.0 1 0 0 0.0 1.0 0
cell 15.99175705549891 15.89470955987279 0.0 1.6431676725154984 0.6085806194501846 1 0 0 0.21774263495785784 0.97600622176378 0.4390020242901969
cell 47.759938196955495 16.401420767851327 0.0 1.6431676725154984 0.6085806194501846 1 0 0 0.8269400225443924 0.5622901378419152 1.9472874272957736
cell 28.518913372738123 49.85566003480949 0.0 1.0 1.0 1 0 0 0.0 1.0 0
cell 34.56000407496491 44.47520890075366 0.0 1.0 1.0 1 0 0 0.0 1.0 0
cell 6.267185483733953 18.920037719263515 0.0 1.0 1.0 1 0 0 0.0 1.0 0
cell 1.2616815285056249 58.29266334670013 0.0 1.6431676725154984 0.6085806194501846 1 0 0 0.7218152418409417 0.692085801505928 1.6128432017974643
cell 33.43948595512352 17.7871518187787 0.0 1.6431676725154984 0.6085806194501846 1 0 0 0.2506464208756733 0.968078701192323 0.5066958667062004
cell 6.288435149610854 2.9345947970883492 0.0 1.6431676725154984 0.6085806194501846 1 0 0 -0.06704944348093636 -0.9977496540359695 0.13419956722355675
cell 31.078944415809577 10.92887834234906 0.0 1.0 1.0 1 0 0 0.0 1.0 0
cell 3.9916630198799714 57.808193463956194 0.0 1.6431676725154984 0.6085806194501846 1 0 0 0.9902106050286068 -0.13958136583685 3.421669912080635
cell 8.135189132164566 47.423103405176896 0.0 1.0 1.0 1 0 0 0.0 1.0 0
cell 53.97808764620944 33.674184025264566 0.0 1.6431676725154984 0.6085806194501846 1 0 0 -0.13207113112354305 -0.9912402414771849 0.2649162490467303
cell 36.777743969366945 28.409266198609416 0.0 1.0 1.0 1 0 0 0.0 1.0 0
cell 17.5281623440492 50.98478002223482 0.0 1.0 1.0 1 0 0 0.0 1.0 0
cell 57.36320266237817 42.623625427733515 0.0 1.6431676725154984 0.6085806194501846 1 0 0 -0.9867091090460892 -0.1624965665036426 2.8151520060495034
cell 30.49609044531475 57.33683167073202 0.0 1.6431676725154984 0.6085806194501846 1 0 0 0.759577236371111 0.6504171138483561 1.725325759220549
cell 6.255173039515701 9.643736418330567 0.0 1.6431676725154984 0.6085806194501846 1 0 0 0.9962186937145548 -0.08688103529347425 3.315574071850811
cell 34.175159159119524 58.78987494538494 0.0 1.0 1.0 1 0 0 0.0 1.0 0
cell 41.31928431582054 58.69880453688564 0.0 1.0 1.0 1 0 0 0.0 1.0 0
cell 17.823525225466305 4.41688641741851 0.0 1.6431676725154984 0.6085806194501846 1 0 0 0.5517484381883756 0.83401058803632 1.1689184193801212
cell 5.68786108665215 29.294104875900256 0.0 1.0 1.0 1 0 0 0.0 1.0 0
cell 46.37599769602709 56.59711881543835 0.0 1.6431676725154984 0.6085806194501846 1 0 0 0.9886503094093514 -0.15023503487799986 3.4432046567093284
cell 38.2842712564234 52.96958243787816 0.0 1.0 1.0 1 0 0 0.0 1.0 0
cell 3.7373343170913564 24.0945316199377 0.0 1.0 1.0 1 0 0 0.0 1.0 0
cell 32.19532353084123 51.537225712458955 0.0 1.6431676725154984 0.6085806194501846 1 0 0 0.8193825652480641 0.5732470774173227 1.9206662100835665
cell 1.839677042446686 32.927085912076855 0.0 1.0 1.0 1 0 0 0.0 1.0 0
cell 30.44573304083049 54.589739308154 0.0 1.6431676725154984 0.6085806194501846 1 0 0 0.5961991886283816 0.8028365509111175 1.2775170227414805
cell 28.516120973266585 43.77845817868595 0.0 1.0 1.0 1 0 0 0.0 1.0 0
cell 40.90405064009001 48.506353675985835 0.0 1.0 1.0 1 0 0 0.0 1.0 0
cell 42.55262055735764 49.36821084742056 0.0 1.0 1.0 1 0 0 0.0 1.0 0
cell 4.220805025625197 11.169973385851128 0.0 1.6431676725154984 0.6085806194501846 1 0 0 0.4797632622081734 -0.8773979782489651 5.282415558246018
cell 22.944417997980143 13.706449701479015 0.0 1.0 1.0 1 0 0 0.0 1.0 0
cell 35.6692713696898 13.79422927999621 0.0 1.0 1.0 1 0 0 0.0 1.0 0
cell 29.50686658749014 39.95559062520087 0.0 1.6431676725154984 0.6085806194501846 1 0 0 -0.7607084705024689 -0.6490936934725174 1.7288077890405145
cell 6.932955955206141 8.113637108473174 0.0 1.6431676725154984 0.6085806194501846 1 0 0 0.9740489216567612 0.22633757580061853 2.6849605941363395
cell 1.532437095692179 26.503366378286152 0.0 1.6431676725154984 0.6085806194501846 1 0 0 0.43370222851696844 0.901056256278938 0.89719499743116
cell 34.186977495986234 30.582949577401305 0.0 1.0 1.0 1 0 0 0.0 1.0 0
cell 30.092608940946512 50.40571698474138 0.0 1.0 1.0 1 0 0 0.0 1.0 0
cell 36.828298042149875 10.659326480763237 0.0 1.6431676725154984 0.6085806194501846 1 0 0 0.9999724037453882 -0.007429114864532666 3.156451019997531
cell 30.69092600307272 42.707021979894634 0.0 1.0 1.0 1 0 0 0.0 1.0 0
cell 7.570361583689754 58.20797278248316 0.0 1.0 1.0 1 0 0 0.0 1.0 0
cell 57.612096265884716 36.90119781160595 0.0 1.0 1.0 1 0 0 0.0 1.0 0
cell 16.48869210145712 35.51912961689214 0.0 1.0 1.0 1 0 0 0.0 1.0 0
cell 16.207847903744682 20.210690048422368 0.0 1.0 1.0 1 0 0 0.0 1.0 0
cell 28.262406804061 16.90691980115152 0.0 1.6431676725154984 0.6085806194501846 1 0 0 0.10861239441469929 0.9940841753994004 0.21765415961751763
cell 38.62932426223955 42.4206110415606 0.0 1.6431676725154984 0.6085806194501846 1 0 0 0.9277281463531346 0.37325659600893446 2.376558965923027
cell 3.3275568905774926 15.398469909829258 0.0 1.6431676725154984 0.6085806194501846 1 0 0 0.8468621899950166 0.5318124022217274 2.0201141154225675
cell 28.97467247919005 23.800109466040013 0.0 1.0 1.0 1 0 0 0.0 1.0 0
cell 1.8957899644769374 24.589768609535554 0.0 1.0 1.0 1 0 0 0.0 1.0 0
cell 54.424220220854934 41.192658005733385 0.0 1.0 1.0 1 0 0 0.0 1.0 0
cell 26.233575916346126 34.60488768780245 0.0 1.0 1.0 1 0 0 0.0 1.0 0
cell 23.070308991724016 10.695563167935633 0.0 1.0 1.0 1 0 0 0.0 1.0 0
cell 35.04206858831885 11.921823124194319 0.0 1.0 1.0 1 0 0 0.0 1.0 0
cell 1.8197268245903857 12.632141061068547 0.0 1.0 1.0 1 0 0 0.0 1.0 0
cell 18.56797084717594 53.95900459804496 0.0 1.6431676725154984 0.6085806194501846 1 0 0 0.007224158668595153 -0.9999739054253021 6.268736864166852
cell 27.258190427797253 24.695210421956418 0.0 1.0 1.0 1 0 0 0.0 1.0 0
cell 4.518888941979149 18.726273750994743 0.0 1.6431676725154984 0.6085806194501846 1 0 0 0.5436391681621391 0.8393190423432424 1.149533819008783
cell 33.738297836384454 36.91907746101007 0.0 1.0 1.0 1 0 0 0.0 1.0 0
cell 12.790862323331401 54.63735341559613 0.0 1.6431676725154984 0.6085806194501846 1 0 0 -0.0676099356840192 -0.9977118304384301 0.13532310118841373
cell 39.02755416026446 12.221306934483923 0.0 1.6431676725154984 0.6085806194501846 1 0 0 0.9614485998230246 -0.2749847084809365 3.698740248968313
cell 54.87461350624542 13.07212139185889 0.0 1.0 1.0 1 0 0 0.0 1.0 0
cell 46.24622712037304 45.09776231274405 0.0 1.6431676725154984 0.6085806194501846 1 0 0 0.9972361137237293 0.07429760080374888 2.9928604003728156
cell 51.30153871992994 20.825252851911895 0.0 1.6431676725154984 0.6085806194501846 1 0 0 0.2696629090083887 0.9629547837282566 0.5460859105950108
cell 56.07617297890539 16.053652367990953 0.0 1.0 1.0 1 0 0 0.0 1.0 0
cell 28.680198403525324 14.304852069687833 0.0 1.0 1.0 1 0 0 0.0 1.0 0
cell 21.480051774716944 4.403456641827564 0.0 1.0 1.0 1 0 0 0.0 1.0 0
cell 32.79288083166448 55.416741780740864 0.0 1.6431676725154984 0.6085806194501846 1 0 0 0.8466535033394798 0.5321445717875788 2.0193295474072865
cell 2.357554945806974 7.221993329564856 0.0 1.6431676725154984 0.6085806194501846 1 0 0 0.8595018917006451 0.5111325641778389 2.0685887074456013
cell 41.43147693447045 9.625052248564407 0.0 1.6431676725154984 0.6085806194501846 1 0 0 0.9991223986262983 0.04188594708529731 3.057796244703523
cell 26.800383518463445 54.71530247739002 0.0 1.0 1.0 1 0 0 0.0 1.0 0
cell 27.253937730345736 3.237402177874489 0.0 1.0 1.0 1 0 0 0.0 1.0 0
cell 17.189562627216077 57.50014690269915 0.0 1.0 1.0 1 0 0 0.0 1.0 0
cell 7.327343377936392 27.215646277124563 0.0 1.6431676725154984 0.6085806194501846 1 0 0 0.8581687287924413 -0.5133677365424957 4.219801721312851
cell 32.36606825577007 15.85102991557374 0.0 1.0 1.0 1 0 0 0.0 1.0 0
cell 19.592017131337958 47.59782792922716 0.0 1.0 1.0 1 0 0 0.0 1.0 0
cell 23.453804956932395 59.74409522215775 0.0 1.0 1.0 1 0 0 0.0 1.0 0
cell 26.190461239255242 39.65748907881953 0.0 1.0 1.0 1 0 0 0.0 1.0 0
cell 12.341133745432705 31.537539240647813 0.0 1.0 1.0 1 0 0 0.0 1.0 0
cell 11.936266873790753 42.72013687491113 0.0 1.0 1.0 1 0 0 0.0 1.0 0
cell 11.856794862600351 20.142815692724128 0.0 1.0 1.0 1 0 0 0.0 1.0 0
cell 7.131755166189729 53.089759802108915 0.0 1.0 1.0 1 0 0 0.0 1.0 0
cell 37.00791493142337 56.51454526128176 0.0 1.0 1.0 1 0 0 0.0 1.0 0
cell 0.5828749017319796 27.752232951803265 0.0 1.0 1.0 1 0 0 0.0 1.0 0
cell 51.76491875636893 28.048791946195028 0.0 1.0 1.0 1 0 0 0.0 1.0 0
cell 9.024790791047563 24.83067361206573 0.0 1.6431676725154984 0.6085806194501846 1 0 0 0.21243061475277197 0.977176152961051 0.42812335330305384
cell 22.546954610456506 37.97808542579377 0.0 1.0 1.0 1 0 0 0.0 1.0 0
cell 46.87735496919141 30.20235282652507 0.0 1.0 1.0 1 0 0 0.0 1.0 0
cell 44.11343152749492 50.792873962400925 0.0 1.0 1.0 1 0 0 0.0 1.0 0
cell 51.809912620458526 29.99025204685609 0.0 1.0 1.0 1 0 0 0.0 1.0 0
cell 48.301501766046215 2.186144106685968 0.0 1.6431676725154984 0.6085806194501846 1 0 0 0.0035050214733417825 -0.9999938573933699 6.2761752498795556
cell 10.895932271151265 53.00826085669861 0.0 1.0 1.0 1 0 0 0.0 1.0 0
cell 35.45855937287621 15.603630134919173 0.0 1.0 1.0 1 0 0 0.0 1.0 0
cell 28.78162112384544 6.596683837299037 0.0 1.0 1.0 1 0 0 0.0 1.0 0
cell 38.62608464527966 15.427020353011198 0.0 1.6431676725154984 0.6085806194501846 1 0 0 0.2135066113092913 0.976941618996357 0.43032587448824605
cell 40.634997969239066 18.148751693534113 0.0 1.0 1.0 1 0 0 0.0 1.0 0
cell 38.571100004511464 5.670394936988997 0.0 1.0 1.0 1 0 0 0.0 1.0 0
cell 2.5952381325348437 1.7432329695446707 0.0 1.6431676725154984 0.6085806194501846 1 0 0 0.8918391598974384 0.4523526421647509 2.2027895605533954
cell 16.069724592671893 2.091208022319357 0.0 1.6431676725154984 0.6085806194501846 1 0 0 0.12334773428838472 0.9923635102349955 0.24732535552112742
cell 10.407611089502057 57.71165997303185 0.0 1.0 1.0 1 0 0 0.0 1.0 0
cell 17.805657504664044 14.470263377334032 0.0 1.6431676725154984 0.6085806194501846 1 0 0 0.25961322707186335 0.9657126758665504 0.525243352311192
cell 35.82813352818923 51.136688874887085 0.0 1.6431676725154984 0.6085806194501846 1 0 0 0.972338453338014 0.2335763946982629 2.670084242972618
cell 7.003437878659443 4.247564020392574 0.0 1.6431676725154984 0.6085806194501846 1 0 0 0.18979703252557717 -0.981823347881117 5.901274472469176
cell 57.92537009102887 34.4095394927353 0.0 1.0 1.0 1 0 0 0.0 1.0 0
cell 52.00607528126714 26.202277199274786 0.0 1.0 1.0 1 0 0 0.0 1.0 0
cell 34.51886471129288 2.841042789236001 0.0 1.0 1.0 1 0 0 0.0 1.0 0
cell 48.78589741163334 24.63855729277759 0.0 1.0 1.0 1 0 0 0.0 1.0 0
cell 28.024669337692345 42.07114278306632 0.0 1.0 1.0 1 0 0 0.0 1.0 0
cell 16.660439648235844 39.44347710309621 0.0 1.6431676725154984 0.6085806194501846 1 0 0 0.9399713435885088 0.341253385671723 2.445092643617546
cell 38.335261329825755 26.58729763444306 0.0 1.0 1.0 1 0 0 0.0 1.0 0
cell 33.2160218888581 0.6543358450318704 0.0 1.0 1.0 1 0 0 0.0 1.0 0
cell 56.52141687568504 44.82049600748458 0.0 1.6431676725154984 0.6085806194501846 1 0 0 0.9956866730566994 -0.09277957262933148 3.3274190524264435
cell 55.0770924938285 30.219813462012077 0.0 1.0 1.0 1 0 0 0.0 1.0 0
cell 45.149660197073665 54.89652187150896 0.0 1.0 1.0 1 0 0 0.0 1.0 0
cell 26.196695481551817 11.729641811397313 0.0 1.0 1.0 1 0 0 0.0 1.0 0
cell 40.38111149230365 32.0200513236545 0.0 1.0 1.0 1 0 0 0.0 1.0 0
cell 12.296319717063007 37.33460616284608 0.0 1.0 1.0 1 0 0 0.0 1.0 0
cell 24.211958468898626 46.40221047063573 0.0 1.0 1.0 1 0 0 0.0 1.0 0
cell 27.054520687810392 59.30387283799615 0.0 1.0 1.0 1 0 0 0.0 1.0 0
cell 58.506945730083274 40.41859413460538 0.0 1.6431676725154984 0.6085806194501846 1 0 0 0.8589295064088232 0.5120938420058334 2.066351137231779
cell 7.832486160014053 54.85889580732099 0.0 1.0 1.0 1 0 0 0.0 1.0 0
cell 46.09218837443459 32.00326901093695 0.0 1.0 1.0 1 0 0 0.0 1.0 0
cell 37.04180394707246 38.46564807913976 0.0 1.0 1.0 1 0 0 0.0 1.0 0
cell 8.092560080527154 2.3576375346991227 0.0 1.6431676725154984 0.6085806194501846 1 0 0 -0.434412632844758 -0.900713974813806 0.8987721225911116
cell 54.711963119119225 53.208999836977156 0.0 1.6431676725154984 0.6085806194501846 1 0 0 0.7487099966789128 0.6628976850714312 1.6922278555514134
cell 57.13510541122113 25.434057926182227 0.0 1.0 1.0 1 0 0 0.0 1.0 0
cell 43.256878619795195 24.97797511213479 0.0 1.0 1.0 1 0 0 0.0 1.0 0
cell 47.15826988024764 24.90524891973616 0.0 1.0 1.0 1 0 0 0.0 1.0 0
cell 12.886076964266989 49.493178480091586 0.0 1.0 1.0 1 0 0 0.0 1.0 0
cell 37.5757951742546 58.095895157106426 0.0 1.0 1.0 1 0 0 0.0 1.0 0
cell 31.60408218424595 0.9428117648907064 0.0 1.0 1.0 1 0 0 0.0 1.0 0
cell 51.98410869321147 24.241928227100804 0.0 1.0 1.0 1 0 0 0.0 1.0 0
cell 0.5169576089742781 29.739974310653004 0.0 1.0 1.0 1 0 0 0.0 1.0 0
cell 44.030315843821086 28.572292257625236 0.0 1.0 1.0 1 0 0 0.0 1.0 0
cell 44.32652202159643 35.542869616345705 0.0 1.0 1.0 1 0 0 0.0 1.0 0
cell 1.103688001398181 17.824652311360737 0.0 1.0 1.0 1 0 0 0.0 1.0 0
cell 14.744521670366236 49.49548256822845 0.0 1.0 1.0 1 0 0 0.0 1.0 0
cell 54.803253317660975 32.179312860412146 0.0 1.0 1.0 1 0 0 0.0 1.0 0
cell 56.97428009796864 8.548603365382242 0.0 1.6431676725154984 0.6085806194501846 1 0 0 0.7111237368898337 0.703066875077925 1.5821905116759454
cell 29.862074703946757 4.44266928751643 0.0 1.6431676725154984 0.6085806194501846 1 0 0 0.5364488988246102 0.8439328047598713 1.1324473072863637
cell 21.67875172902682 29.983161663046477 0.0 1.0 1.0 1 0 0 0.0 1.0 0
cell 46.21173660217098 46.5760960242971 0.0 1.0 1.0 1 0 0 0.0 1.0 0
cell 11.061123459382763 24.856717415873526 0.0 1.6431676725154984 0.6085806194501846 1 0 0 0.6490009144825649 0.7607876267400742 1.4125409493923342
cell 48.80142491861516 18.7971943226817 0.0 1.6431676725154984 0.6085806194501846 1 0 0 -0.3613122040635747 -0.9324448998169929 0.7393495658261564
cell 6.555129535815984 59.65110123183844 0.0 1.6431676725154984 0.6085806194501846 1 0 0 0.9972626620584892 -0.0739404007563896 3.289608536262196
cell 39.08100461202748 1.9739043083403327 0.0 1.0 1.0 1 0 0 0.0 1.0 0
cell 13.1190842078246 45.85393274938902 0.0 1.0 1.0 1 0 0 0.0 1.0 0
cell 43.691242324311844 41.080110140070225 0.0 1.6431676725154984 0.6085806194501846 1 0 0 0.9647597752487099 0.26313224063588025 2.6090578019065416
cell 36.81694966480829 49.8311179136147 0.0 1.6431676725154984 0.6085806194501846 1 0 0 0.9840654709991727 0.17780649253381145 2.78407870478979
cell 46.23695371409254 23.24381680607263 0.0 1.0 1.0 1 0 0 0.0 1.0 0
cell 1.6844319279049895 10.600607580583963 0.0 1.6431676725154984 0.6085806194501846 1 0 0 0.988402234396541 -0.15185856261642022 3.4464893997042823
cell 20.460777570774166 51.94659047159852 0.0 1.0 1.0 1 0 0 0.0 1.0 0
cell 50.23909082558423 9.931721809924 0.0 1.6431676725154984 0.6085806194501846 1 0 0 0.3062852886465925 0.9519397680308737 0.6225766301697615
cell 33.8570166431791 35.20221081126298 0.0 1.0 1.0 1 0 0 0.0 1.0 0
cell 42.079875162359734 55.75217863723127 0.0 1.0 1.0 1 0 0 0.0 1.0 0
cell 6.512600328326378 56.51309150332721 0.0 1.0 1.0 1 0 0 0.0 1.0 0
cell 55.15647621861552 22.778175751928575 0.0 1.6431676725154984 0.6085806194501846 1 0 0 -0.32792102412326923 -0.9447051402093387 0.6682041421688272
cell 18.991480746595087 25.812608592289767 0.0 1.0 1.0 1 0 0 0.0 1.0 0
cell 8.876344279272052 17.44635997235202 0.0 1.6431676725154984 0.6085806194501846 1 0 0 0.6601662652950454 0.7511194992585345 1.4420801919838528
cell 22.632977434333128 26.738486237990436 0.0 1.0 1.0 1 0 0 0.0 1.0 0
cell 57.61348265074264 50.20345865315852 0.0 1.0 1.0 1 0 0 0.0 1.0 0
cell 36.53367425249842 26.673840787640206 0.0 1.0 1.0 1 0 0 0.0 1.0 0
cell 17.61023471689148 47.64733572239297 0.0 1.0 1.0 1 0 0 0.0 1.0 0
cell 55.44423685201495 19.882240652563596 0.0 1.0 1.0 1 0 0 0.0 1.0 0
cell 26.91499021035174 33.12985333449461 0.0 1.0 1.0 1 0 0 0.0 1.0 0
cell 13.777388513154767 58.51591067549353 0.0 1.6431676725154984 0.6085806194501846 1 0 0 0.791494694240725 -0.6111760376428229 4.4566838217184435
cell 17.767888435239694 44.42294015818955 0.0 1.0 1.0 1 0 0 0.0 1.0 0
cell 29.511713856872785 9.935729085213556 0.0 1.0 1.0 1 0 0 0.0 1.0 0
cell 25.447954751347737 16.72373824428071 0.0 1.6431676725154984 0.6085806194501846 1 0 0 0.16498491175306043 0.9862960908843931 0.3314854268042767
cell 5.065171873407388 23.149170444087545 0.0 1.6431676725154984 0.6085806194501846 1 0 0 0.9516196107207214 -0.30727856497279904 3.766256481557839
cell 28.72690567791443 54.13017701999647 0.0 1.0 1.0 1 0 0 0.0 1.0 0
cell 42.92759089194859 52.643974127199996 0.0 1.0 1.0 1 0 0 0.0 1.0 0
cell 36.14566907412928 55.1638966287521 0.0 1.0 1.0 1 0 0 0.0 1.0 0
cell 0.7352814365571468 51.44957741126989 0.0 1.0 1.0 1 0 0 0.0 1.0 0
cell 3.9095961517853413 20.642354496960987 0.0 1.0 1.0 1 0 0 0.0 1.0 0
cell 34.10252416407987 55.41878553530825 0.0 1.0 1.0 1 0 0 0.0 1.0 0
cell 29.11133548204521 30.024530813720173 0.0 1.6431676725154984 0.6085806194501846 1 0 0 -0.7762594530479584 -0.6304135639036366 1.7774209307305977
cell 0.902905731549072 7.585688624466929 0.0 1.6431676725154984 0.6085806194501846 1 0 0 0.7011675991791226 0.7129964921802807 1.5540675508196267
cell 59.72748767811304 33.67028703596823 0.0 1.0 1.0 1 0 0 0.0 1.0 0
cell 10.949028205696006 38.83544866904779 0.0 1.0 1.0 1 0 0 0.0 1.0 0
cell 59.30824708139804 42.87200546614135 0.0 1.6431676725154984 0.6085806194501846 1 0 0 0.9789148865971813 0.20426856047475278 2.730159744123811
cell 57.81551632558432 13.022145145003565 0.0 1.0 1.0 1 0 0 0.0 1.0 0
cell 41.330304359040156 30.33755278764335 0.0 1.0 1.0 1 0 0 0.0 1.0 0
cell 10.986570338125834 49.45366035332455 0.0 1.0 1.0 1 0 0 0.0 1.0 0
cell 33.757351884775204 57.35790990624367 0.0 1.0 1.0 1 0 0 0.0 1.0 0
cell 58.651219053538405 28.570155685094477 0.0 1.0 1.0 1 0 0 0.0 1.0 0
cell 9.4520295878922 32.21497178699391 0.0 1.6431676725154984 0.6085806194501846 1 0 0 0.8437042620522859 -0.5368082694918249 4.274891733259805
cell 4.7963092290791245 45.701467322535066 0.0 1.0 1.0 1 0 0 0.0 1.0 0
cell 43.33166647311064 33.782865148592954 0.0 1.0 1.0 1 0 0 0.0 1.0 0
cell 32.025903264339696 47.21693052496142 0.0 1.0 1.0 1 0 0 0.0 1.0 0
cell 27.856641167780744 12.543763187336143 0.0 1.0 1.0 1 0 0 0.0 1.0 0
cell 8.203134090767994 37.50289120710596 0.0 1.6431676725154984 0.6085806194501846 1 0 0 0.9429040067282951 -0.33306460949150274 3.820696451857299
cell 34.36070287040011 4.691716677035486 0.0 1.0 1.0 1 0 0 0.0 1.0 0
cell 30.79379570335501 15.718391626531197 0.0 1.6431676725154984 0.6085806194501846 1 0 0 -0.4456659196790755 -0.8951993565885779 0.9238360037043281
cell 52.9042111613403 57.63785133747633 0.0 1.6431676725154984 0.6085806194501846 1 0 0 0.2172947009282258 0.9761060459542872 0.4380841794937108
cell 27.814012181364557 8.745540735001681 0.0 1.0 1.0 1 0 0 0.0 1.0 0
cell 31.01792405120483 4.473189731677857 0.0 1.6431676725154984 0.6085806194501846 1 0 0 0.7388381530700305 0.6738829153258495 1.662689233707963
cell 13.790022377665245 43.74055480525312 0.0 1.0 1.0 1 0 0 0.0 1.0 0
cell 50.906620470761084 3.025128819016085 0.0 1.6431676725154984 0.6085806194501846 1 0 0 0.5492101591078081 0.8356842712010177 1.1628376026100726
cell 19.234876922516634 7.559201497671233 0.0 1.6431676725154984 0.6085806194501846 1 0 0 0.6628617599351512 0.7487418027702701 1.4492688346523492
cell 17.801536157170545 6.732830679331424 0.0 1.6431676725154984 0.6085806194501846 1 0 0 0.5605914237703327 0.8280925404779054 1.1901996551698872
cell 32.340583772776775 41.712079936361825 0.0 1.0 1.0 1 0 0 0.0 1.0 0
cell 20.80333014960605 9.275086059393578 0.0 1.6431676725154984 0.6085806194501846 1 0 0 0.9961754590927092 -0.08737536667408036 3.3165665087534513
cell 0.04911899563275326 58.503261890712096 0.0 1.6431676725154984 0.6085806194501846 1 0 0 0.6212977686808028 0.7835745546099974 1.3407956677094277
cell 24.55173527567035 49.4393333206629 0.0 1.0 1.0 1 0 0 0.0 1.0 0
cell 5.503140020464112 40.49985855300229 0.0 1.0 1.0 1 0 0 0.0 1.0 0
cell 33.78819061499634 42.62284976515115 0.0 1.0 1.0 1 0 0 0.0 1.0 0
cell 32.628379808028086 48.72802796368534 0.0 1.6431676725154984 0.6085806194501846 1 0 0 0.8329115307710909 0.5534061635982725 1.9686963042399415
cell 18.573477936488366 52.394589479012666 0.0 1.0 1.0 1 0 0 0.0 1.0 0
cell 41.3511781403301 37.1910967671644 0.0 1.0 1.0 1 0 0 0.0 1.0 0
cell 21.747864491571093 44.50156214203636 0.0 1.0 1.0 1 0 0 0.0 1.0 0
cell 42.66801280851091 4.387331033712347 0.0 1.0 1.0 1 0 0 0.0 1.0 0
cell 44.60097381875892 2.2992985527437586 0.0 1.6431676725154984 0.6085806194501846 1 0 0 0.7046474932259523 -0.7095575454396785 4.719332856767951
cell 33.13373769912895 32.290166132003336 0.0 1.0 1.0 1 0 0 0.0 1.0 0
cell 10.410628986152762 21.397680923606657 0.0 1.0 1.0 1 0 0 0.0 1.0 0
cell 38.09103654081303 3.541779647497874 0.0 1.0 1.0 1 0 0 0.0 1.0 0
cell 43.069415831667015 21.4915275591147 0.0 1.0 1.0 1 0 0 0.0 1.0 0
cell 17.493136603769575 23.82943324002415 0.0 1.0 1.0 1 0 0 0.0 1.0 0
cell 33.25917273117273 18.999301080045132 0.0 1.6431676725154984 0.6085806194501846 1 0 0 0.16054541399621924 0.9870284545264045 0.3224864199715403
cell 25.471168164936774 32.402857148175855 0.0 1.0 1.0 1 0 0 0.0 1.0 0
cell 38.12852554713175 54.86977471434583 0.0 1.0 1.0 1 0 0 0.0 1.0 0
cell 41.66083502020458 15.468957468918246 0.0 1.6431676725154984 0.6085806194501846 1 0 0 0.8314151539161676 -0.5556517271084068 4.319885929319946
cell 42.38876879066091 51.01197594577376 0.0 1.0 1.0 1 0 0 0.0 1.0 0
cell 47.838577224450106 28.44977042246679 0.0 1.0 1.0 1 0 0 0.0 1.0 0
cell 37.03842038779488 40.23261119984367 0.0 1.0 1.0 1 0 0 0.0 1.0 0
cell 53.87052649288242 38.68892340300818 0.0 1.6431676725154984 0.6085806194501846 1 0 0 0.9340249098130359 -0.35720787764094764 3.872146320792842
cell 16.648013476488995 41.00687650864066 0.0 1.0 1.0 1 0 0 0.0 1.0 0
cell 40.630411204569455 8.120972014105446 0.0 1.0 1.0 1 0 0 0.0 1.0 0
cell 12.522629907132101 9.055316265550623 0.0 1.6431676725154984 0.6085806194501846 1 0 0 0.9968986257162287 0.07869644239160077 2.9840368552712238
cell 58.01361631899021 6.939638936155068 0.0 1.6431676725154984 0.6085806194501846 1 0 0 0.4321068859441746 0.9018223988788635 0.8936554532653163
cell 44.14475239187981 19.600875197982614 0.0 1.6431676725154984 0.6085806194501846 1 0 0 0.9752485029635116 0.22111164028026523 2.695684299886122
cell 15.094639059465967 8.075241032974672 0.0 1.6431676725154984 0.6085806194501846 1 0 0 -0.0616104351474901 -0.9981002726584824 0.12329895832203519
cell 24.89071405805744 40.66666118006472 0.0 1.0 1.0 1 0 0 0.0 1.0 0
cell 44.2757584068912 46.8468174755041 0.0 1.0 1.0 1 0 0 0.0 1.0 0
cell 57.30780731464962 19.2155344600776 0.0 1.0 1.0 1 0 0 0.0 1.0 0
cell 20.729501002006522 16.105866380168646 0.0 1.6431676725154984 0.6085806194501846 1 0 0 0.14510197788628112 0.9894167049395766 0.29123208083660707
cell 52.86713828426063 40.73544882213542 0.0 1.6431676725154984 0.6085806194501846 1 0 0 0.7038273493230359 0.7103710736966344 1.5615420700145954
cell 14.149275612589868 17.554478985786176 0.0 1.6431676725154984 0.6085806194501846 1 0 0 -0.06351497962542334 -0.9979808852694435 0.12711552438181073
cell 24.36553410554619 12.522377052049386 0.0 1.0 1.0 1 0 0 0.0 1.0 0
cell 54.23184750102983 45.29536335668334 0.0 1.6431676725154984 0.6085806194501846 1 0 0 0.9996779537568352 -0.025376933868119882 3.1923519703921235
cell 53.53924746481431 27.200132427503178 0.0 1.0 1.0 1 0 0 0.0 1.0 0
cell 10.0574413353484 47.391240935659575 0.0 1.0 1.0 1 0 0 0.0 1.0 0
cell 16.919075826428077 9.441585407945848 0.0 1.6431676725154984 0.6085806194501846 1 0 0 0.9393058767431663 -0.3430808504066519 3.84198238060672
cell 14.187280074238629 16.30691917342446 0.0 1.6431676725154984 0.6085806194501846 1 0 0 0.16487703776217968 0.9863141296862622 0.331266683152544
cell 52.614516970942304 15.471119424131956 0.0 1.0 1.0 1 0 0 0.0 1.0 0
cell 7.3371936596491585 43.695765217928255 0.0 1.0 1.0 1 0 0 0.0 1.0 0
cell 1.4815958700616148 34.886558498136395 0.0 1.0 1.0 1 0 0 0.0 1.0 0
cell 25.64167455650568 50.87569202092636 0.0 1.0 1.0 1 0 0 0.0 1.0 0
cell 59.03225098875573 0.18120540095553028 0.0 1.6431676725154984 0.6085806194501846 1 0 0 0.5050126351765734 0.8631119500458867 1.0587932087049925
cell 8.29422386108502 45.47220662999875 0.0 1.0 1.0 1 0 0 0.0 1.0 0
cell 29.692802070702072 55.74879413392085 0.0 1.6431676725154984 0.6085806194501846 1 0 0 0.685199359257317 0.728355571183033 1.5097547501370936
cell 54.13494811427235 56.15949221127542 0.0 1.6431676725154984 0.6085806194501846 1 0 0 0.6773070063300948 0.7357004955660728 1.4881919789922935
cell 21.78878406968718 2.424832725376963 0.0 1.0 1.0 1 0 0 0.0 1.0 0
cell 26.502996377989685 49.50039986149909 0.0 1.0 1.0 1 0 0 0.0 1.0 0
cell 59.38282602158972 44.032511326461744 0.0 1.6431676725154984 0.6085806194501846 1 0 0 0.9736646120050262 0.22798513839525134 2.6815770119550932
cell 41.98992014005811 43.728257257607375 0.0 1.6431676725154984 0.6085806194501846 1 0 0 0.9901782518603024 0.139810691804581 2.861052201285457
cell 53.56749075542519 43.02412406339288 0.0 1.6431676725154984 0.6085806194501846 1 0 0 0.9989039407163762 0.046807234711039855 3.047943966829454
cell 36.92032753983614 52.07734819073326 0.0 1.0 1.0 1 0 0 0.0 1.0 0
cell 51.04263180990309 5.608324271129865 0.0 1.6431676725154984 0.6085806194501846 1 0 0 0.567512588257044 0.8233647200176789 1.2069633320304762
cell 30.733628163012476 7.4264810989616565 0.0 1.0 1.0 1 0 0 0.0 1.0 0
cell 10.346709325841434 36.85291914638234 0.0 1.0 1.0 1 0 0 0.0 1.0 0
cell 29.57591507395511 20.398735400107764 0.0 1.0 1.0 1 0 0 0.0 1.0 0
cell 25.166981823408054 0.2600462125448343 0.0 1.0 1.0 1 0 0 0.0 1.0 0
cell 30.873602271988076 39.1593692380606 0.0 1.0 1.0 1 0 0 0.0 1.0 0
cell 38.80065321750702 18.459635865780694 0.0 1.6431676725154984 0.6085806194501846 1 0 0 0.355607487546539 0.9346353913697245 0.7271279194582955
cell 21.56131410744495 47.55412509591841 0.0 1.0 1.0 1 0 0 0.0 1.0 0
cell 40.81006629760831 57.069406312575055 0.0 1.0 1.0 1 0 0 0.0 1.0 0
cell 46.944123872750325 21.453200605421387 0.0 1.0 1.0 1 0 0 0.0 1.0 0
cell 7.233963036838414 49.15857625163606 0.0 1.0 1.0 1 0 0 0.0 1.0 0
cell 48.240731340073 11.015246744198393 0.0 1.6431676725154984 0.6085806194501846 1 0 0 0.9981269617940912 0.06117653258968475 3.019163140476166
cell 59.432848301419746 16.399898265427865 0.0 1.0 1.0 1 0 0 0.0 1.0 0
cell 8.161400102440805 18.99543884892628 0.0 1.6431676725154984 0.6085806194501846 1 0 0 0.4776454469886707 0.8785526887847951 0.9959454352842465
cell 31.201340928358388 25.656961079214394 0.0 1.6431676725154984 0.6085806194501846 1 0 0 0.7449247787905894 0.6671484646941724 1.6808441673393473
cell 7.562935241587011 11.171064561469517 0.0 1.6431676725154984 0.6085806194501846 1 0 0 0.3678773805706128 -0.9298743102508557 5.529734723062998
cell 30.317293113025645 44.65310760348336 0.0 1.0 1.0 1 0 0 0.0 1.0 0
cell 30.71328893908935 59.53628144380887 0.0 1.6431676725154984 0.6085806194501846 1 0 0 0.7696006629890761 0.6385255042101095 1.7564310215781773
cell 10.036684224998249 51.191898710734016 0.0 1.0 1.0 1 0 0 0.0 1.0 0
cell 54.81773046715578 48.39387480905451 0.0 1.0 1.0 1 0 0 0.0 1.0 0
cell 42.59423277666593 47.513109040757556 0.0 1.0 1.0 1 0 0 0.0 1.0 0
cell 26.53909514739049 15.527207792110394 0.0 1.0 1.0 1 0 0 0.0 1.0 0
cell 16.6035622910693 49.381991695493 0.0 1.0 1.0 1 0 0 0.0 1.0 0
cell 39.50691971311934 30.255038421691474 0.0 1.0 1.0 1 0 0 0.0 1.0 0
cell 15.55040788040053 24.497168974665954 0.0 1.0 1.0 1 0 0 0.0 1.0 0
cell 11.443202579459602 45.92904802555054 0.0 1.0 1.0 1 0 0 0.0 1.0 0
cell 13.516058510935503 41.741150660522806 0.0 1.0 1.0 1 0 0 0.0 1.0 0
cell 14.131117541483626 31.044868060740832 0.0 1.0 1.0 1 0 0 0.0 1.0 0
cell 19.945835046556013 20.59159610482868 0.0 1.0 1.0 1 0 0 0.0 1.0 0
cell 27.878406906382406 10.602780224556072 0.0 1.0 1.0 1 0 0 0.0 1.0 0
cell 35.00251789946668 32.00204590964992 0.0 1.0 1.0 1 0 0 0.0 1.0 0
cell 34.8650311556361 52.903852253262116 0.0 1.6431676725154984 0.6085806194501846 1 0 0 0.9411604643252871 0.337960027800641 2.452095564927898
cell 44.981264103835024 21.66077753432989 0.0 1.0 1.0 1 0 0 0.0 1.0 0
cell 23.612874580135642 36.85567960770982 0.0 1.0 1.0 1 0 0 0.0 1.0 0
cell 9.933658264902816 45.33503802068268 0.0 1.0 1.0 1 0 0 0.0 1.0 0
cell 56.66568904091864 0.5555173457473782 0.0 1.6431676725154984 0.6085806194501846 1 0 0 0.5956167296757211 0.8032687665597356 1.276066410703054
cell 6.493774750586647 21.305898275041006 0.0 1.6431676725154984 0.6085806194501846 1 0 0 0.38543538564976504 0.9227348283710857 0.7913592374705184
cell 31.15138215378646 21.297232007102377 0.0 1.6431676725154984 0.6085806194501846 1 0 0 0.680897941177568 0.7323783132371884 1.497975997846021
cell 40.46608595265975 28.523222182149937 0.0 1.0 1.0 1 0 0 0.0 1.0 0
cell 14.387001052976776 22.880385139026682 0.0 1.0 1.0 1 0 0 0.0 1.0 0
cell 34.0649817397993 6.547817048224647 0.0 1.0 1.0 1 0 0 0.0 1.0 0
cell 31.718016668996523 54.38091045715918 0.0 1.6431676725154984 0.6085806194501846 1 0 0 0.731294320587707 0.6820620328651668 1.6404353666624483
cell 47.34962926291026 43.71882757106511 0.0 1.6431676725154984 0.6085806194501846 1 0 0 0.987088633125334 0.16017499915642203 2.8198567764057443
cell 10.111159745584255 0.6584937780153303 0.0 1.6431676725154984 0.6085806194501846 1 0 0 0.994550960963969 -0.10425155176612828 3.3504752983551214
cell 57.03834187999668 27.41106058920845 0.0 1.0 1.0 1 0 0 0.0 1.0 0
cell 4.040712772747121 38.342809229731856 0.0 1.6431676725154984 0.6085806194501846 1 0 0 0.9747418104064336 0.22333473318225325 2.691124088640738
cell 17.712008982704635 15.570629333798822 0.0 1.6431676725154984 0.6085806194501846 1 0 0 0.1690356280694648 0.9856099413272786 0.33970226990434343
cell 59.40322050957092 35.67309973495001 0.0 1.0 1.0 1 0 0 0.0 1.0 0
cell 8.639467292489675 9.064545260930116 0.0 1.6431676725154984 0.6085806194501846 1 0 0 0.9993283798131135 -0.036644089565678835 3.214897244403724
cell 37.179358734006925 36.780069285359744 0.0 1.0 1.0 1 0 0 0.0 1.0 0
cell 14.542989925058862 20.914840612095574 0.0 1.0 1.0 1 0 0 0.0 1.0 0
cell 29.542684856396804 16.21745560113365 0.0 1.6431676725154984 0.6085806194501846 1 0 0 0.21793706336482693 0.9759628253227248 0.43940044947345747
cell 53.71773930097174 46.658584880638884 0.0 1.0 1.0 1 0 0 0.0 1.0 0
cell 36.33467179231375 44.34239432077949 0.0 1.6431676725154984 0.6085806194501846 1 0 0 0.9055901837545527 0.42415376821076994 2.2655381985244762
cell 50.912934861135426 44.08906121741088 0.0 1.6431676725154984 0.6085806194501846 1 0 0 0.9855948532777605 0.16912357964633376 2.8017119109523247
cell 40.09531196464596 55.3892061837576 0.0 1.0 1.0 1 0 0 0.0 1.0 0
cell 40.24300456494848 6.188315697851554 0.0 1.0 1.0 1 0 0 0.0 1.0 0
cell 50.55376869616711 18.47082649071143 0.0 1.6431676725154984 0.6085806194501846 1 0 0 0.7929379390560959 0.6093024083371665 1.8312315784747433
cell 24.425809271774526 4.660474107299856 0.0 1.0 1.0 1 0 0 0.0 1.0 0
cell 44.20117050669479 32.11048803530608 0.0 1.0 1.0 1 0 0 0.0 1.0 0
cell 20.935088685141494 56.063752626896246 0.0 1.0 1.0 1 0 0 0.0 1.0 0
cell 34.883144915776946 28.719982534865757 0.0 1.0 1.0 1 0 0 0.0 1.0 0
cell 49.766540034818036 11.855995026957482 0.0 1.6431676725154984 0.6085806194501846 1 0 0 0.9692712660842296 0.24599433477922697 2.6445018189813525
cell 24.74899802901205 42.672575356597044 0.0 1.0 1.0 1 0 0 0.0 1.0 0
cell 40.25138860774859 41.98914733389001 0.0 1.6431676725154984 0.6085806194501846 1 0 0 0.9064283016652126 0.4223597210202676 2.269498525902427
cell 54.51807065788254 14.861240344269893 0.0 1.0 1.0 1 0 0 0.0 1.0 0
cell 34.41413028469733 10.056213194542382 0.0 1.0 1.0 1 0 0 0.0 1.0 0
cell 5.260148468696114 49.26129631125819 0.0 1.0 1.0 1 0 0 0.0 1.0 0
cell 31.02295678199811 48.61269793476502 0.0 1.0 1.0 1 0 0 0.0 1.0 0
cell 51.00051601501447 13.78886024841902 0.0 1.0 1.0 1 0 0 0.0 1.0 0
cell 6.566401216645222 45.53728953224331 0.0 1.0 1.0 1 0 0 0.0 1.0 0
cell 30.667100806548515 34.3961908828114 0.0 1.0 1.0 1 0 0 0.0 1.0 0
cell 30.65688781082899 12.392591188507447 0.0 1.6431676725154984 0.6085806194501846 1 0 0 0.38042785803116863 0.9248105994385104 0.7805177928568071
cell 51.6614409175585 36.21469022497459 0.0 1.6431676725154984 0.6085806194501846 1 0 0 0.173403431550665 -0.984850876999383 5.9346164893350455
cell 46.74718535893679 18.78125937697634 0.0 1.0 1.0 1 0 0 0.0 1.0 0
cell 46.00200450041831 2.778943945104452 0.0 1.6431676725154984 0.6085806194501846 1 0 0 0.821569454169172 -0.5701084387870159 4.354868331526488
cell 36.72600414717702 23.075005557076167 0.0 1.0 1.0 1 0 0 0.0 1.0 0
cell 23.439195332753293 30.25854047825198 0.0 1.0 1.0 1 0 0 0.0 1.0 0
cell 41.1934764259687 44.984650938424295 0.0 1.6431676725154984 0.6085806194501846 1 0 0 0.9889932954144327 0.1479603380142819 2.844581471073221
cell 54.35233079099761 7.901233917329069 0.0 1.6431676725154984 0.6085806194501846 1 0 0 0.4736644680313058 0.8807053830451022 0.9868939556266937
cell 23.744491898581348 44.51361480223793 0.0 1.0 1.0 1 0 0 0.0 1.0 0
cell 38.62543747447229 28.46284216334908 0.0 1.0 1.0 1 0 0 0.0 1.0 0
cell 23.262991040727083 3.612351827354272 0.0 1.0 1.0 1 0 0 0.0 1.0 0
cell 13.10786167450374 11.339242297046189 0.0 1.6431676725154984 0.6085806194501846 1 0 0 0.9755519072791853 -0.21976914297494968 3.584748296998067
cell 32.3003962972959 37.89092092576785 0.0 1.0 1.0 1 0 0 0.0 1.0 0
cell 2.280402131035839 41.99784790009748 0.0 1.6431676725154984 0.6085806194501846 1 0 0 0.9423636809003381 0.3345903359631983 2.4592516998804013
cell 29.59011084751481 58.88615800205 0.0 1.6431676725154984 0.6085806194501846 1 0 0 0.7302029058866254 0.6832303537129539 1.6372377674395264
cell 11.411785625638295 44.22617354552727 0.0 1.6431676725154984 0.6085806194501846 1 0 0 0.987751082031469 -0.1560378157552272 3.4549487573329216
cell 49.589347064505745 57.159217557831624 0.0 1.6431676725154984 0.6085806194501846 1 0 0 0.3146053981207971 0.9492225468630919 0.6400818295804089
cell 59.08526200924432 18.361691086515727 0.0 1.0 1.0 1 0 0 0.0 1.0 0
cell 9.25870692542279 39.84328175145138 0.0 1.0 1.0 1 0 0 0.0 1.0 0
cell 22.34682878539243 56.906758221340546 0.0 1.0 1.0 1 0 0 0.0 1.0 0
cell 31.93217349194784 43.511270820805436 0.0 1.0 1.0 1 0 0 0.0 1.0 0
cell 59.4053109658554 49.77918268687134 0.0 1.0 1.0 1 0 0 0.0 1.0 0
cell 33.088170792802245 44.33893831852449 0.0 1.0 1.0 1 0 0 0.0 1.0 0
cell 22.414374484353214 49.06798390139036 0.0 1.0 1.0 1 0 0 0.0 1.0 0
cell 32.40361096602744 34.12848665242713 0.0 1.0 1.0 1 0 0 0.0 1.0 0
cell 46.41598720578773 16.192732483207287 0.0 1.6431676725154984 0.6085806194501846 1 0 0 -0.7204289345758803 -0.6935287666895023 1.6088412034515533
cell 52.00540549910859 49.92383923415145 0.0 1.0 1.0 1 0 0 0.0 1.0 0
cell 8.717415469900434 56.615170155790075 0.0 1.0 1.0 1 0 0 0.0 1.0 0
cell 51.18309027650565 51.67370807367151 0.0 1.0 1.0 1 0 0 0.0 1.0 0
cell 58.83118270749106 24.839859609695324 0.0 1.6431676725154984 0.6085806194501846 1 0 0 0.30979445223412877 0.9508035535087972 0.6299536832262188
cell 12.838764816407695 53.038782615603175 0.0 1.0 1.0 1 0 0 0.0 1.0 0
cell 33.862006831895535 52.61100434415237 0.0 1.6431676725154984 0.6085806194501846 1 0 0 0.8653080031914142 0.5012405207212277 2.0915290559022317
cell 3.585863613978256 43.937032982669415 0.0 1.0 1.0 1 0 0 0.0 1.0 0
cell 12.569208439463562 25.17539570147676 0.0 1.6431676725154984 0.6085806194501846 1 0 0 0.8076587378613883 0.5896502040669105 1.8803413064068875
cell 26.85094746118219 17.90908701849318 0.0 1.6431676725154984 0.6085806194501846 1 0 0 -0.015427918265344582 0.9998809825864265 6.252328246463331
cell 19.255219781940756 19.20766753419124 0.0 1.6431676725154984 0.6085806194501846 1 0 0 0.087508539125575 -0.9961637694576669 6.1079440829868235
cell 38.58642312112413 31.940483269103126 0.0 1.0 1.0 1 0 0 0.0 1.0 0
cell 19.08658981140856 56.80955332600705 0.0 1.0 1.0 1 0 0 0.0 1.0 0
cell 34.719049952016725 27.00027065440975 0.0 1.0 1.0 1 0 0 0.0 1.0 0
cell 0.15584242876367357 11.026482418344013 0.0 1.6431676725154984 0.6085806194501846 1 0 0 0.9748596806184888 -0.22281966498587583 3.591004452452517
cell 12.06728598497485 35.66574492401039 0.0 1.6431676725154984 0.6085806194501846 1 0 0 0.9989075416284687 -0.0467303250338472 3.2350873524932515
cell 37.05314794785696 45.96393829685717 0.0 1.6431676725154984 0.6085806194501846 1 0 0 0.9282353977213256 0.37199334189892774 2.3792815493896264
cell 22.889548843689198 5.815175788107941 0.0 1.0 1.0 1 0 0 0.0 1.0 0
cell 59.12129035815896 45.89671158126447 0.0 1.0 1.0 1 0 0 0.0 1.0 0
cell 28.447772803923005 2.99568416977182 0.0 1.6431676725154984 0.6085806194501846 1 0 0 -0.5358813677414745 -0.844293290099789 1.1311026270602147
cell 23.976857069886716 25.277965826562827 0.0 1.0 1.0 1 0 0 0.0 1.0 0
cell 27.32439209502779 57.48375486152631 0.0 1.0 1.0 1 0 0 0.0 1.0 0
cell 23.803148812608942 32.052303153210474 0.0 1.0 1.0 1 0 0 0.0 1.0 0
cell 23.564799661212334 47.86535154731609 0.0 1.0 1.0 1 0 0 0.0 1.0 0
cell 48.24992573995404 35.83809688311401 0.0 1.0 1.0 1 0 0 0.0 1.0 0
cell 47.971790759674484 32.11019874050221 0.0 1.0 1.0 1 0 0 0.0 1.0 0
cell 18.692160643273255 2.6025840618905116 0.0 1.0 1.0 1 0 0 0.0 1.0 0
cell 30.83158083071008 53.002367734693124 0.0 1.6431676725154984 0.6085806194501846 1 0 0 0.6394655643426671 0.768819739613854 1.387605853406404
cell 39.53476226025833 51.7099152137731 0.0 1.0 1.0 1 0 0 0.0 1.0 0
cell 49.788122314037224 5.989622461842718 0.0 1.6431676725154984 0.6085806194501846 1 0 0 0.4733556193888057 0.8808714194438596 0.9861926552033475
cell 7.888171879525881 41.51645291675054 0.0 1.0 1.0 1 0 0 0.0 1.0 0
cell 55.424712900084394 3.0143380440239795 0.0 1.6431676725154984 0.6085806194501846 1 0 0 0.981128961275745 -0.1933544965755324 3.5307526917344534
cell 8.917787839682266 1.6929058862296587 0.0 1.6431676725154984 0.6085806194501846 1 0 0 0.9064637618438751 -0.4222836114080801 4.013518851561597
cell 17.138452863648588 37.394482756796336 0.0 1.0 1.0 1 0 0 0.0 1.0 0
cell 41.06029134557279 52.25932107477678 0.0 1.0 1.0 1 0 0 0.0 1.0 0
cell 24.06881747823583 57.890251034017055 0.0 1.0 1.0 1 0 0 0.0 1.0 0
cell 42.29490880610268 26.692003540130543 0.0 1.0 1.0 1 0 0 0.0 1.0 0
cell 19.968186892072364 34.96195944708367 0.0 1.0 1.0 1 0 0 0.0 1.0 0
cell 55.71942624346351 17.963056286489948 0.0 1.0 1.0 1 0 0 0.0 1.0 0
cell 27.87368150528119 4.862418420415264 0.0 1.0 1.0 1 0 0 0.0 1.0 0
cell 15.453549041972177 32.15734214154827 0.0 1.0 1.0 1 0 0 0.0 1.0 0
cell 36.74745402679234 35.07301723410145 0.0 1.0 1.0 1 0 0 0.0 1.0 0
cell 19.91043713984618 29.604900404768756 0.0 1.0 1.0 1 0 0 0.0 1.0 0
cell 35.66408070942403 57.9467119415924 0.0 1.0 1.0 1 0 0 0.0 1.0 0
cell 31.18923477708454 29.358743567647863 0.0 1.6431676725154984 0.6085806194501846 1 0 0 0.8687782913590296 0.49520125248557784 2.1054597209168153
cell 2.1111212586042187 30.916468573156454 0.0 1.0 1.0 1 0 0 0.0 1.0 0
cell 20.802280776139764 37.589002622190975 0.0 1.0 1.0 1 0 0 0.0 1.0 0
cell 8.986981037145304 43.57419256105068 0.0 1.0 1.0 1 0 0 0.0 1.0 0
cell 50.14244470543963 42.04369219776344 0.0 1.6431676725154984 0.6085806194501846 1 0 0 0.9424638705440335 0.3343080207221469 2.4598508321219135
cell 35.42293022558167 41.41427923285423 0.0 1.0 1.0 1 0 0 0.0 1.0 0
cell 32.75466322721343 28.203649996829256 0.0 1.6431676725154984 0.6085806194501846 1 0 0 0.8854331178759985 0.4647668165525461 2.1748501780411615
cell 32.35876214329268 57.512086925047335 0.0 1.6431676725154984 0.6085806194501846 1 0 0 -0.8776009501061927 -0.47939187766659963 2.1416693656540744
cell 30.23697679896192 35.96424122559299 0.0 1.0 1.0 1 0 0 0.0 1.0 0
cell 33.134342306588415 23.54677436876298 0.0 1.6431676725154984 0.6085806194501846 1 0 0 0.7320161677419008 0.6812872596522419 1.6425532306337802
cell 31.627382797279303 45.44139225335029 0.0 1.0 1.0 1 0 0 0.0 1.0 0
cell 41.39316711526995 5.077026035775065 0.0 1.6431676725154984 0.6085806194501846 1 0 0 0.8302336595052898 -0.5574155277927361 4.324131832564096
cell 0.44097423981320427 21.836282249740123 0.0 1.0 1.0 1 0 0 0.0 1.0 0
cell 41.25503665264342 10.78840369524362 0.0 1.6431676725154984 0.6085806194501846 1 0 0 0.9975891940232378 -0.06939596507050576 3.2804962248678433
cell 41.4668760593651 53.995435261776194 0.0 1.0 1.0 1 0 0 0.0 1.0 0
cell 23.826285930651654 15.275468021274945 0.0 1.0 1.0 1 0 0 0.0 1.0 0
cell 52.26683718615253 17.440979667780713 0.0 1.0 1.0 1 0 0 0.0 1.0 0
cell 57.305945892619604 46.458309492779996 0.0 1.0 1.0 1 0 0 0.0 1.0 0
cell 41.08785251293516 21.637351045794667 0.0 1.0 1.0 1 0 0 0.0 1.0 0
cell 30.472619546643397 28.822575406814707 0.0 1.6431676725154984 0.6085806194501846 1 0 0 0.8441923918619998 0.5360403021437062 2.010113513057276
cell 35.712138563499764 7.441904392651008 0.0 1.0 1.0 1 0 0 0.0 1.0 0
cell 1.5598717910351951 49.59956052530928 0.0 1.0 1.0 1 0 0 0.0 1.0 0
cell 32.64742776456936 53.45701308065286 0.0 1.6431676725154984 0.6085806194501846 1 0 0 0.7849339763221194 0.619579416067986 1.805179115506004
cell 36.81969157602929 48.51910697064705 0.0 1.6431676725154984 0.6085806194501846 1 0 0 0.9611358355921528 0.2760759053966394 2.582174787468554
cell 21.64181929517447 36.072692843530035 0.0 1.0 1.0 1 0 0 0.0 1.0 0
cell 49.4347313188484 0.07905339525735786 0.0 1.6431676725154984 0.6085806194501846 1 0 0 0.2687195311731106 0.9632184661675168 0.5441268391357866
cell 20.479323902512334 18.151436392789286 0.0 1.6431676725154984 0.6085806194501846 1 0 0 0.10041088065102838 0.9949460563502349 0.20116076066971814
cell 28.776812884327853 45.54261015233042 0.0 1.0 1.0 1 0 0 0.0 1.0 0
cell 10.200468931637548 34.73664080064718 0.0 1.6431676725154984 0.6085806194501846 1 0 0 0.30482128422808524 -0.9524095677183955 5.6636837517403125
cell 32.33708194162144 39.87647889807084 0.0 1.0 1.0 1 0 0 0.0 1.0 0
cell 34.040067321344615 14.04168080407617 0.0 1.6431676725154984 0.6085806194501846 1 0 0 0.6671644009752585 0.7449105060819886 1.460791272943035
cell 37.17307856188775 6.899802204663368 0.0 1.0 1.0 1 0 0 0.0 1.0 0
cell 13.66350243990821 33.00607343051096 0.0 1.0 1.0 1 0 0 0.0 1.0 0
cell 42.541580517423476 8.051303307986307 0.0 1.0 1.0 1 0 0 0.0 1.0 0
cell 25.44318568009402 23.884253799625665 0.0 1.0 1.0 1 0 0 0.0 1.0 0
cell 15.08451646097316 29.360253723362277 0.0 1.0 1.0 1 0 0 0.0 1.0 0
cell 8.173789022853171 32.25341393433859 0.0 1.6431676725154984 0.6085806194501846 1 0 0 0.8075212022030661 -0.5898385440037932 4.403310425426342
cell 58.1784178511875 9.042935813125718 0.0 1.0 1.0 1 0 0 0.0 1.0 0
cell 11.405408309949292 55.998132771628875 0.0 1.0 1.0 1 0 0 0.0 1.0 0
cell 56.56553181578814 11.827662749449097 0.0 1.6431676725154984 0.6085806194501846 1 0 0 0.7713689216761733 0.6363882358058935 1.7619788715942235
cell 2.532842342443498 4.875393580056218 0.0 1.6431676725154984 0.6085806194501846 1 0 0 0.9426014336236128 0.33391995647267003 2.460674282096059
cell 56.528922860018135 35.19045214005443 0.0 1.6431676725154984 0.6085806194501846 1 0 0 0.20379613852557754 0.9790133471623682 0.4104677628750878
cell 3.4726911817285537 34.5368786552319 0.0 1.0 1.0 1 0 0 0.0 1.0 0
cell 24.729348887243948 28.797118636655757 0.0 1.0 1.0 1 0 0 0.0 1.0 0
cell 15.923069427976646 56.01451124978805 0.0 1.0 1.0 1 0 0 0.0 1.0 0
cell 58.471447200043016 48.00905766346475 0.0 1.0 1.0 1 0 0 0.0 1.0 0
cell 9.181688797937207 5.706619282363735 0.0 1.6431676725154984 0.6085806194501846 1 0 0 -0.5062231393677872 -0.8624025354604553 1.061599337550156
cell 20.88444197072083 53.23759177621411 0.0 1.6431676725154984 0.6085806194501846 1 0 0 0.010127529618869358 -0.999948715256847 6.262929901676241
cell 43.35640310501873 54.547584662047406 0.0 1.0 1.0 1 0 0 0.0 1.0 0
cell 52.27820104071474 10.42820753598444 0.0 1.6431676725154984 0.6085806194501846 1 0 0 0.39946964603410545 0.91674642180779 0.8218765109395814
cell 14.76736406729711 52.95229366531854 0.0 1.0 1.0 1 0 0 0.0 1.0 0
cell 14.078797348346828 38.133006880680696 0.0 1.0 1.0 1 0 0 0.0 1.0 0
cell 51.95393459565333 22.409886086620542 0.0 1.0 1.0 1 0 0 0.0 1.0 0
cell 44.016449952203615 8.86290302587414 0.0 1.6431676725154984 0.6085806194501846 1 0 0 0.8689578153774425 0.4948861637735111 2.106185006436043
cell 13.093967157777332 29.39091307334412 0.0 1.0 1.0 1 0 0 0.0 1.0 0
cell 36.56311957407249 53.61173838636365 0.0 1.0 1.0 1 0 0 0.0 1.0 0
cell 53.446539047590804 29.07433183835873 0.0 1.0 1.0 1 0 0 0.0 1.0 0
cell 39.95719554384746 11.501060510933254 0.0 1.6431676725154984 0.6085806194501846 1 0 0 0.9696650708207187 -0.24443741618306 3.635471586431445
cell 37.87715575802173 19.871425342507845 0.0 1.0 1.0 1 0 0 0.0 1.0 0
cell 6.9248719140626465 23.049046570676364 0.0 1.6431676725154984 0.6085806194501846 1 0 0 0.2676143016382998 0.9635261208491678 0.5418323379942559
cell 2.812848053220982 17.74317741847047 0.0 1.0 1.0 1 0 0 0.0 1.0 0
cell 40.293270372786026 40.10879968025827 0.0 1.0 1.0 1 0 0 0.0 1.0 0
cell 55.744586724783765 50.18664429740393 0.0 1.0 1.0 1 0 0 0.0 1.0 0
cell 16.707660844082184 52.83149234871554 0.0 1.0 1.0 1 0 0 0.0 1.0 0
cell 36.7446984807962 31.965616732096052 0.0 1.0 1.0 1 0 0 0.0 1.0 0
cell 13.796978325627679 51.25659176091087 0.0 1.0 1.0 1 0 0 0.0 1.0 0
cell 45.0293027458727 30.2894069776876 0.0 1.0 1.0 1 0 0 0.0 1.0 0
cell 27.48584124780878 26.495352753810856 0.0 1.0 1.0 1 0 0 0.0 1.0 0
cell 53.72429482457276 25.26357210256928 0.0 1.0 1.0 1 0 0 0.0 1.0 0
cell 46.02887519650293 20.165236381049368 0.0 1.6431676725154984 0.6085806194501846 1 0 0 -0.08864037241900107 0.9960636949399475 6.1056715851081815
cell 51.09100877923562 42.774809611726205 0.0 1.6431676725154984 0.6085806194501846 1 0 0 -0.968931585945312 -0.24732889389940366 2.6417475997150444
cell 12.489507522983546 57.315616833465214 0.0 1.6431676725154984 0.6085806194501846 1 0 0 0.6511033294116898 -0.7589891003361066 4.865110877637099
cell 36.44283231508857 17.26368927894454 0.0 1.0 1.0 1 0 0 0.0 1.0 0
cell 38.625905106628 16.681414809513207 0.0 1.6431676725154984 0.6085806194501846 1 0 0 0.17297018264699435 0.9849270612157356 0.3476890254815972
cell 18.544780186783914 13.230543279308009 0.0 1.0 1.0 1 0 0 0.0 1.0 0
cell 45.120061958644015 43.37338379992009 0.0 1.6431676725154984 0.6085806194501846 1 0 0 0.9975616221599284 0.0697911885101 3.0018967142737605
cell 16.299182476039917 22.197837748523884 0.0 1.0 1.0 1 0 0 0.0 1.0 0
cell 45.19204068737168 37.36258669630619 0.0 1.0 1.0 1 0 0 0.0 1.0 0
cell 25.55763480614748 47.83938800025216 0.0 1.0 1.0 1 0 0 0.0 1.0 0
cell 40.34817957857995 35.53320414633703 0.0 1.0 1.0 1 0 0 0.0 1.0 0
cell 45.61211702018035 0.2544704897531592 0.0 1.0 1.0 1 0 0 0.0 1.0 0
cell 35.1050593247138 56.48292377517557 0.0 1.0 1.0 1 0 0 0.0 1.0 0
cell 47.35262673694817 34.02965446863349 0.0 1.0 1.0 1 0 0 0.0 1.0 0
cell 35.387737730276854 35.92789828874694 0.0 1.0 1.0 1 0 0 0.0 1.0 0
cell 19.548118334015225 55.07672529864532 0.0 1.0 1.0 1 0 0 0.0 1.0 0
cell 44.09366143576479 48.79348285717784 0.0 1.0 1.0 1 0 0 0.0 1.0 0
cell 0.30211727121120013 41.38826597830287 0.0 1.6431676725154984 0.6085806194501846 1 0 0 0.9963355133509448 0.08553095834672476 2.9703214787647845
cell 38.65715123429267 40.77380336585119 0.0 1.0 1.0 1 0 0 0.0 1.0 0
cell 50.40903368229572 25.19368595667398 0.0 1.0 1.0 1 0 0 0.0 1.0 0
cell 18.731328714612538 22.315110627248252 0.0 1.0 1.0 1 0 0 0.0 1.0 0
cell 35.37633695191513 25.246433312476377 0.0 1.0 1.0 1 0 0 0.0 1.0 0
cell 46.43349697556535 53.4044651836969 0.0 1.0 1.0 1 0 0 0.0 1.0 0
cell 3.5248912137256556 7.645404715199314 0.0 1.6431676725154984 0.6085806194501846 1 0 0 0.8120869400447097 0.5835364614219235 1.8954392657832273
cell 42.483242483504156 12.86576352230426 0.0 1.6431676725154984 0.6085806194501846 1 0 0 0.6587957154495195 -0.7523218761310585 4.844751547942112
cell 6.315821814174035 42.11756410587251 0.0 1.0 1.0 1 0 0 0.0 1.0 0
cell 26.189356986641968 27.586893160916972 0.0 1.0 1.0 1 0 0 0.0 1.0 0
cell 3.629056120605562 32.25130813092624 0.0 1.0 1.0 1 0 0 0.0 1.0 0
cell 51.930539639250114 12.166752964210678 0.0 1.6431676725154984 0.6085806194501846 1 0 0 0.9957481836462295 0.09211707097620211 2.9570969568375403
cell 47.357599611540984 48.21849958931185 0.0 1.0 1.0 1 0 0 0.0 1.0 0
cell 24.02082828588948 56.22493007167575 0.0 1.0 1.0 1 0 0 0.0 1.0 0
cell 27.68634047736936 38.83844777887992 0.0 1.0 1.0 1 0 0 0.0 1.0 0
cell 41.29444720130764 24.98422578349471 0.0 1.0 1.0 1 0 0 0.0 1.0 0
cell 44.142419147939826 44.3888996379425 0.0 1.6431676725154984 0.6085806194501846 1 0 0 0.9998788271311497 0.015566986054996932 3.1104574238879383
cell 42.138920130779354 2.715242881852045 0.0 1.0 1.0 1 0 0 0.0 1.0 0
cell 58.453710725180215 30.51244230382953 0.0 1.0 1.0 1 0 0 0.0 1.0 0
cell 26.819182836669736 1.2754561993752322 0.0 1.0 1.0 1 0 0 0.0 1.0 0
cell 46.38192816036103 49.96743392681788 0.0 1.0 1.0 1 0 0 0.0 1.0 0
cell 15.063331236037248 36.61422070694762 0.0 1.0 1.0 1 0 0 0.0 1.0 0
cell 42.566108690160924 42.540790091105485 0.0 1.6431676725154984 0.6085806194501846 1 0 0 0.9824663622722482 0.18643992867284553 2.7665180825257947
cell 55.4455744151834 57.23616603617162 0.0 1.6431676725154984 0.6085806194501846 1 0 0 0.883365880781908 0.4686840307396912 2.1659917203281016
cell 34.1360376720884 33.59423220446717 0.0 1.0 1.0 1 0 0 0.0 1.0 0
cell 22.421806182831364 52.28561000496073 0.0 1.0 1.0 1 0 0 0.0 1.0 0
cell 20.997721315349203 33.431250955348446 0.0 1.0 1.0 1 0 0 0.0 1.0 0
cell 22.993666787883345 28.504272068972902 0.0 1.0 1.0 1 0 0 0.0 1.0 0
cell 45.597343900787315 40.991727357318524 0.0 1.6431676725154984 0.6085806194501846 1 0 0 0.9708924112011402 0.2395160242489759 2.657857983783515
cell 8.933851077286096 52.87436106987848 0.0 1.0 1.0 1 0 0 0.0 1.0 0
