1000
 Lattice="59.74940712514713 0.0 0.0 0.0 59.74940712514713 0.0 0.0 0.0 1.0"Properties=species:S:1:pos:R:3:aspherical_shape:R:3:orientation:R:4:Color:R:1
cell 15.125870612989749 9.439513289511325 0.0 1.0 1.0 1 0 0 0.0 1.0 0
cell 8.966644771239896 13.219497079186144 0.0 1.0 1.0 1 0 0 0.0 1.0 0
cell 17.00640493241542 12.262326312372736 0.0 1.6431676725154984 0.6085806194501846 1 0 0 0.8689083166566733 0.4949730671914042 2.1059849831633204
cell 14.134294531155184 59.315292047519335 0.0 1.0 1.0 1 0 0 0.0 1.0 0
cell 1.6765391424475624 47.152614471084455 0.0 1.0 1.0 1 0 0 0.0 1.0 0
cell 43.87347045195724 51.83321756036002 0.0 1.6431676725154984 0.6085806194501846 1 0 0 0.4844988859685582 -0.8747918778173618 5.271604829685882
cell 42.99974272548439 48.10386625332467 0.0 1.0 1.0 1 0 0 0.0 1.0 0
cell 51.526890891451366 26.711115892006788 0.0 1.6431676725154984 0.6085806194501846 1 0 0 -0.1476706395037181 0.9890365929674002 5.986759957081814
cell 35.312187319086064 28.72754071852725 0.0 1.6431676725154984 0.6085806194501846 1 0 0 0.7980780473253397 -0.6025540891715637 4.434987767946789
cell 37.46881556173545 45.50035155223195 0.0 1.0 1.0 1 0 0 0.0 1.0 0
cell 23.087374645364985 36.80849033495093 0.0 1.6431676725154984 0.6085806194501846 1 0 0 0.45597861654822797 0.8899907309914885 0.9469429708032746
cell 58.63338033160937 19.034607993234257 0.0 1.0 1.0 1 0 0 0.0 1.0 0
cell 1.9771656783956617 18.39666994017071 0.0 1.0 1.0 1 0 0 0.0 1.0 0
cell 1.4865623523194904 45.42644088791141 0.0 1.0 1.0 1 0 0 0.0 1.0 0
cell 26.855942502596495 54.551715109781995 0.0 1.0 1.0 1 0 0 0.0 1.0 0
cell 9.586091285158359 38.774609467977676 0.0 1.0 1.0 1 0 0 0.0 1.0 0
cell 41.95733839998373 51.09927914055406 0.0 1.6431676725154984 0.6085806194501846 1 0 0 0.4973781303392514 0.867533858394144 1.041147875898262
cell 55.64451925614213 9.542681089335783 0.0 1.0 1.0 1 0 0 0.0 1.0 0
cell 3.0447893576359397 54.776315988964235 0.0 1.0 1.0 1 0 0 0.0 1.0 0
cell 11.043215107846967 26.667875690388826 0.0 1.0 1.0 1 0 0 0.0 1.0 0
cell 11.016787270328805 20.23648690758744 0.0 1.6431676725154984 0.6085806194501846 1 0 0 0.151573025498058 0.9884460622317057 0.304318983790767
cell 4.111217741715818 20.711602484473456 0.0 1.0 1.0 1 0 0 0.0 1.0 0
cell 27.228154061043906 48.50494659795256 0.0 1.6431676725154984 0.6085806194501846 1 0 0 -0.12444640667463304 -0.9922263309677747 0.24953976224880492
cell 47.16972445322197 13.036454817373757 0.0 1.0 1.0 1 0 0 0.0 1.0 0
cell 43.9873585097432 10.977715179232831 0.0 1.6431676725154984 0.6085806194501846 1 0 0 0.05718122202825784 -0.9983638153736117 6.168760449582196
cell 49.390822671930714 59.29624349480102 0.0 1.0 1.0 1 0 0 0.0 1.0 0
cell 3.362725593366569 39.199902524153 0.0 1.0 1.0 1 0 0 0.0 1.0 0
cell 15.005639425121311 11.397524612773251 0.0 1.0 1.0 1 0 0 0.0 1.0 0
cell 12.017927327865547 41.00979458923555 0.0 1.0 1.0 1 0 0 0.0 1.0 0
cell 6.2625871789513035 20.52997811739127 0.0 1.0 1.0 1 0 0 0.0 1.0 0
cell 52.23080558601698 49.269513943255035 0.0 1.0 1.0 1 0 0 0.0 1.0 0
cell 6.785146511014109 54.13006698498122 0.0 1.0 1.0 1 0 0 0.0 1.0 0
cell 29.340191220716047 2.3997710200637763 0.0 1.6431676725154984 0.6085806194501846 1 0 0 0.8815089890013462 0.47216723976767444 2.158097212757018
cell 8.841414930723246 32.00187048413509 0.0 1.0 1.0 1 0 0 0.0 1.0 0
cell 10.253160232245612 40.68144102493251 0.0 1.0 1.0 1 0 0 0.0 1.0 0
cell 12.842839737135678 42.85951093313558 0.0 1.0 1.0 1 0 0 0.0 1.0 0
cell 47.206139949787314 33.00877793301715 0.0 1.6431676725154984 0.6085806194501846 1 0 0 -0.061478552204083894 0.998108404743137 6.160150615704414
cell 16.07517288458126 46.81023400469332 0.0 1.0 1.0 1 0 0 0.0 1.0 0
cell 33.40695026742052 25.52474012174844 0.0 1.0 1.0 1 0 0 0.0 1.0 0
cell 20.475136568526324 3.3327329231254 0.0 1.0 1.0 1 0 0 0.0 1.0 0
cell 23.35890377770392 22.761188981229857 0.0 1.0 1.0 1 0 0 0.0 1.0 0
cell 19.07842079307592 29.890342131605067 0.0 1.6431676725154984 0.6085806194501846 1 0 0 0.5696738182309752 0.8218708784365959 1.2122178469043516
cell 22.50519288219149 30.035442913615004 0.0 1.6431676725154984 0.6085806194501846 1 0 0 0.6521774192634128 0.7580663650386519 1.4209064675180678
cell 5.52946924892355 57.94297779027882 0.0 1.0 1.0 1 0 0 0.0 1.0 0
cell 16.567787071792974 44.965804909796454 0.0 1.0 1.0 1 0 0 0.0 1.0 0
cell 55.56263932581873 45.276627939304404 0.0 1.6431676725154984 0.6085806194501846 1 0 0 0.9997670972857303 0.021581269306159567 3.098426763774471
cell 38.88997562171943 41.10518567434977 0.0 1.6431676725154984 0.6085806194501846 1 0 0 0.9933967884906404 0.11472933633766876 2.9116275884188556
cell 48.219167719984746 39.12296906126639 0.0 1.0 1.0 1 0 0 0.0 1.0 0
cell 17.973173513894242 58.68140886811541 0.0 1.0 1.0 1 0 0 0.0 1.0 0
cell 35.01491918949663 40.72814022256031 0.0 1.0 1.0 1 0 0 0.0 1.0 0
cell 43.1155205601202 3.0716972953447668 0.0 1.0 1.0 1 0 0 0.0 1.0 0
cell 24.221584088933152 44.170017627582745 0.0 1.6431676725154984 0.6085806194501846 1 0 0 0.34317693259682003 0.9392707772167926 0.7005943120997485
cell 12.436668489437025 28.214272245824336 0.0 1.0 1.0 1 0 0 0.0 1.0 0
cell 7.162632279513149 22.30870925384009 0.0 1.0 1.0 1 0 0 0.0 1.0 0
cell 1.5563877202214047 2.7419239443443297 0.0 1.0 1.0 1 0 0 0.0 1.0 0
cell 2.5198103567712278 40.70106308940527 0.0 1.0 1.0 1 0 0 0.0 1.0 0
cell 32.28496822747152 13.094821853905193 0.0 1.6431676725154984 0.6085806194501846 1 0 0 0.0006675163584988362 -0.9999997772109307 6.281850274363445
cell 17.330742493507724 37.987930419299886 0.0 1.0 1.0 1 0 0 0.0 1.0 0
cell 46.81549893094869 11.377586562822938 0.0 1.6431676725154984 0.6085806194501846 1 0 0 -0.047038279744453335 0.9988930874916907 6.189074020807532
cell 26.648147348480098 11.655998395784616 0.0 1.0 1.0 1 0 0 0.0 1.0 0
cell 37.83518962453544 48.93314808760542 0.0 1.6431676725154984 0.6085806194501846 1 0 0 0.18315833810399362 0.9830834263596265 0.36839636318792907
cell 18.748574707505437 20.88248806812197 0.0 1.6431676725154984 0.6085806194501846 1 0 0 0.21029359261016836 0.9776382791744135 0.4237505161556506
cell 36.85719442231646 51.17803518693274 0.0 1.0 1.0 1 0 0 0.0 1.0 0
cell 18.95320757734659 19.181847933483276 0.0 1.0 1.0 1 0 0 0.0 1.0 0
cell 17.7766380348027 22.279916240281633 0.0 1.0 1.0 1 0 0 0.0 1.0 0
cell 25.939206833303707 20.925912298771735 0.0 1.6431676725154984 0.6085806194501846 1 0 0 0.48816244663777814 0.8727527861271016 1.0199660836022335
cell 28.011709563364747 2.059856871713854 0.0 1.6431676725154984 0.6085806194501846 1 0 0 0.39803788823079606 -0.9173689767660385 5.4644312988123
cell 33.21558988648262 21.110727910964624 0.0 1.6431676725154984 0.6085806194501846 1 0 0 0.9007479367941581 -0.43434220881819363 4.040208405344364
cell 40.00949066297862 20.84390184810252 0.0 1.6431676725154984 0.6085806194501846 1 0 0 0.35597527805160706 0.9344953726028188 0.7279150029677223
cell 3.5773651916823073 24.877101705470576 0.0 1.6431676725154984 0.6085806194501846 1 0 0 -0.21654478067722885 0.9762726862723605 5.846637551335116
cell 52.78918183804572 10.91992607944258 0.0 1.6431676725154984 0.6085806194501846 1 0 0 0.11818253245137883 0.992991887692633 0.23691877503939143
cell 34.45223733144126 14.538741932386218 0.0 1.0 1.0 1 0 0 0.0 1.0 0
cell 39.266233955972986 44.648001697075976 0.0 1.0 1.0 1 0 0 0.0 1.0 0
cell 45.50184202588518 15.623414560776965 0.0 1.6431676725154984 0.6085806194501846 1 0 0 -0.20579039210170752 0.9785960936559197 5.868642670441148
cell 53.49625651019324 31.66830350644448 0.0 1.6431676725154984 0.6085806194501846 1 0 0 -0.17256443824680948 0.9849982307865142 5.936320159427961
cell 10.219116737863775 44.43911147093181 0.0 1.0 1.0 1 0 0 0.0 1.0 0
cell 42.312971594428895 13.450262920473916 0.0 1.6431676725154984 0.6085806194501846 1 0 0 -0.02323107107536194 -0.9997301222513462 0.04646632230141989
cell 31.90343911251914 52.00163049731348 0.0 1.6431676725154984 0.6085806194501846 1 0 0 0.7805462544694635 0.6250980280193592 1.7910784223559781
cell 40.36561801467747 27.280322308814547 0.0 1.6431676725154984 0.6085806194501846 1 0 0 0.43397780590449425 0.9009235616756402 0.897806718789261
cell 11.380314283896238 39.09737332793617 0.0 1.0 1.0 1 0 0 0.0 1.0 0
cell 17.682185299856364 41.507965177765065 0.0 1.0 1.0 1 0 0 0.0 1.0 0
cell 33.003490247720165 48.34276633694211 0.0 1.6431676725154984 0.6085806194501846 1 0 0 -0.5645509230119385 -0.8253982404429805 1.1997781583440457
cell 13.185770966296385 45.647784277594894 0.0 1.0 1.0 1 0 0 0.0 1.0 0
cell 16.112400102227408 20.12797408795462 0.0 1.6431676725154984 0.6085806194501846 1 0 0 0.25169970689197063 0.9678053820631998 0.5088722075759321
cell 16.872944200866517 29.393157355761062 0.0 1.6431676725154984 0.6085806194501846 1 0 0 0.6775446530825983 -0.7354816402053702 4.794347189970527
cell 55.39581403337558 1.821013456185458 0.0 1.0 1.0 1 0 0 0.0 1.0 0
cell 39.41360851532003 23.740366920063316 0.0 1.6431676725154984 0.6085806194501846 1 0 0 0.5082525238712483 0.8612080886629585 1.0663089478003949
cell 19.656210884196707 32.43727263349212 0.0 1.6431676725154984 0.6085806194501846 1 0 0 -0.3518152474335511 -0.9360694587867234 0.7190192433771045
cell 55.23616596934559 33.64161092901419 0.0 1.0 1.0 1 0 0 0.0 1.0 0
cell 6.8635376311549745 31.64991146252279 0.0 1.0 1.0 1 0 0 0.0 1.0 0
cell 0.27732595397725657 17.571787196637125 0.0 1.0 1.0 1 0 0 0.0 1.0 0
cell 41.96093912903302 31.32688771352398 0.0 1.6431676725154984 0.6085806194501846 1 0 0 0.5301793793999336 0.8478855026824679 1.1176242244580217
cell 14.714174455022334 39.89123723700772 0.0 1.0 1.0 1 0 0 0.0 1.0 0
cell 15.610917375208913 48.753544332113016 0.0 1.0 1.0 1 0 0 0.0 1.0 0
cell 40.85692039878646 6.083293088835645 0.0 1.0 1.0 1 0 0 0.0 1.0 0
cell 3.4800401046322014 53.08770566664368 0.0 1.0 1.0 1 0 0 0.0 1.0 0
cell 52.95255602741568 54.5096219638284 0.0 1.0 1.0 1 0 0 0.0 1.0 0
cell 44.3392874876804 48.92987772721613 0.0 1.6431676725154984 0.6085806194501846 1 0 0 0.7179792689629071 -0.6960644864805915 4.681395557294855
cell 34.1536270937881 18.751007563742096 0.0 1.6431676725154984 0.6085806194501846 1 0 0 -0.34606771788745927 0.9382095366367611 5.576432138478478
cell 46.849782670408565 37.57239020644891 0.0 1.0 1.0 1 0 0 0.0 1.0 0
cell 47.797051702759 55.84048065452811 0.0 1.0 1.0 1 0 0 0.0 1.0 0
cell 53.19304588214919 23.027717741971628 0.0 1.0 1.0 1 0 0 0.0 1.0 0
cell 29.193735951846673 44.516907561730214 0.0 1.0 1.0 1 0 0 0.0 1.0 0
cell 59.501218584504656 12.884806482008901 0.0 1.6431676725154984 0.6085806194501846 1 0 0 0.11090955173467433 0.993830504328587 0.22227640285747124
cell 3.241264199891279 23.54509377876153 0.0 1.0 1.0 1 0 0 0.0 1.0 0
cell 38.77442598664297 50.44117776936959 0.0 1.6431676725154984 0.6085806194501846 1 0 0 -0.2078903089347018 -0.9781521453490936 0.4188353014461148
cell 36.729222302316984 3.2851739273694323 0.0 1.6431676725154984 0.6085806194501846 1 0 0 0.9893695820279622 0.14542293546004134 2.8497117759163384
cell 5.320008979397694 21.894963295052484 0.0 1.0 1.0 1 0 0 0.0 1.0 0
cell 44.573445293491794 24.29085659038845 0.0 1.6431676725154984 0.6085806194501846 1 0 0 0.9575782628059663 0.28817333429987557 2.5569552539993197
cell 56.73666357478754 0.5046425788863089 0.0 1.0 1.0 1 0 0 0.0 1.0 0
cell 56.04799601026235 30.061030983638673 0.0 1.6431676725154984 0.6085806194501846 1 0 0 -0.36061767324138205 0.9327137255052977 5.545325224940857
cell 33.84022164434288 30.452778478612586 0.0 1.6431676725154984 0.6085806194501846 1 0 0 0.06539339141992369 -0.9978595614406872 6.152305130682479
cell 23.56817677912965 28.841545614237827 0.0 1.6431676725154984 0.6085806194501846 1 0 0 0.6785041133206275 0.7345966023655357 1.4914487540418846
cell 44.31450404140605 19.239842049861853 0.0 1.6431676725154984 0.6085806194501846 1 0 0 0.45443575332778824 0.8907795159844021 0.9434773629585602
cell 7.922900323348243 50.33361395046674 0.0 1.0 1.0 1 0 0 0.0 1.0 0
cell 53.39631658700046 39.733655089552926 0.0 1.0 1.0 1 0 0 0.0 1.0 0
cell 8.180938399984464 55.55771062305754 0.0 1.0 1.0 1 0 0 0.0 1.0 0
cell 40.84720481580693 45.82349419577868 0.0 1.0 1.0 1 0 0 0.0 1.0 0
cell 11.908662473929269 4.034139380335359 0.0 1.0 1.0 1 0 0 0.0 1.0 0
cell 19.16215208224912 47.689895963950846 0.0 1.0 1.0 1 0 0 0.0 1.0 0
cell 32.18673654954621 18.175642513537134 0.0 1.6431676725154984 0.6085806194501846 1 0 0 0.7367596311502964 -0.6761547499702114 4.626654480250554
cell 10.269108246422677 8.210558099005095 0.0 1.0 1.0 1 0 0 0.0 1.0 0
cell 50.77900692046229 7.744453152192157 0.0 1.0 1.0 1 0 0 0.0 1.0 0
cell 55.69236772275536 10.83626080869395 0.0 1.6431676725154984 0.6085806194501846 1 0 0 0.044023617091627054 0.9990304905948415 0.08807569942970259
cell 22.448061214011574 12.01912890524386 0.0 1.0 1.0 1 0 0 0.0 1.0 0
cell 33.308409161273566 34.262424217551846 0.0 1.0 1.0 1 0 0 0.0 1.0 0
cell 8.307681584269618 30.310205032800955 0.0 1.0 1.0 1 0 0 0.0 1.0 0
cell 6.99904219674693 39.03837529569393 0.0 1.6431676725154984 0.6085806194501846 1 0 0 0.43602477258419564 0.8999346630133215 0.9023533638723193
cell 27.691873102141958 47.63450572167984 0.0 1.6431676725154984 0.6085806194501846 1 0 0 0.24293577828608584 0.970042374140704 0.4907823058716657
cell 13.86148939597092 41.44530418509931 0.0 1.0 1.0 1 0 0 0.0 1.0 0
cell 22.661127324500708 7.04302261429025 0.0 1.0 1.0 1 0 0 0.0 1.0 0
cell 29.94909244718015 33.83422761143283 0.0 1.0 1.0 1 0 0 0.0 1.0 0
cell 18.427285376136588 51.592222177282515 0.0 1.0 1.0 1 0 0 0.0 1.0 0
cell 9.075808328533842 48.14495283764788 0.0 1.0 1.0 1 0 0 0.0 1.0 0
cell 28.14296408825811 37.312828058702095 0.0 1.0 1.0 1 0 0 0.0 1.0 0
cell 10.742840726947888 19.152608282294366 0.0 1.6431676725154984 0.6085806194501846 1 0 0 0.228856836180051 0.9734600908787464 0.46180637999937274
cell 36.541137392084785 16.67174467517925 0.0 1.6431676725154984 0.6085806194501846 1 0 0 -0.4813466730390008 -0.8765303077214645 1.0043808667046372
cell 10.492820615184305 23.649435150766138 0.0 1.0 1.0 1 0 0 0.0 1.0 0
cell 15.893815940523535 4.487333616247162 0.0 1.0 1.0 1 0 0 0.0 1.0 0
cell 58.95156656070683 10.848855803774772 0.0 1.6431676725154984 0.6085806194501846 1 0 0 -0.014904065845990829 -0.9998889282421615 0.029809235354878005
cell 53.36202611410063 12.233958772581865 0.0 1.6431676725154984 0.6085806194501846 1 0 0 0.11923723453151532 0.9928657924922565 0.23904320115812563
cell 14.412409879919633 37.907826548380704 0.0 1.0 1.0 1 0 0 0.0 1.0 0
cell 52.57550747476655 36.42257431343521 0.0 1.0 1.0 1 0 0 0.0 1.0 0
cell 4.062358875711737 12.758962086691458 0.0 1.6431676725154984 0.6085806194501846 1 0 0 0.5034478548660482 0.8640256115595037 1.0551692243341548
cell 55.129686469564454 22.584758375470575 0.0 1.0 1.0 1 0 0 0.0 1.0 0
cell 4.917099822721488 54.49829304405926 0.0 1.0 1.0 1 0 0 0.0 1.0 0
cell 11.828136035535517 9.409359081594793 0.0 1.0 1.0 1 0 0 0.0 1.0 0
cell 47.03252043443704 17.275878490825843 0.0 1.6431676725154984 0.6085806194501846 1 0 0 0.19755942496556522 -0.9802909127433933 5.885450007809409
cell 23.946239744360437 57.3048865967177 0.0 1.0 1.0 1 0 0 0.0 1.0 0
cell 58.72905803744587 0.801005398281196 0.0 1.0 1.0 1 0 0 0.0 1.0 0
cell 2.994559620590616 1.3390415395747246 0.0 1.0 1.0 1 0 0 0.0 1.0 0
cell 47.243785659920974 48.81252410260008 0.0 1.0 1.0 1 0 0 0.0 1.0 0
cell 1.2541979310549891 7.905873319924085 0.0 1.0 1.0 1 0 0 0.0 1.0 0
cell 12.71390452407719 0.6209101261753113 0.0 1.0 1.0 1 0 0 0.0 1.0 0
cell 21.363318502686067 40.531189472984124 0.0 1.6431676725154984 0.6085806194501846 1 0 0 0.3092484144892625 0.9509812922113018 0.6288052089787969
cell 55.13803662818626 51.43233862212227 0.0 1.0 1.0 1 0 0 0.0 1.0 0
cell 4.8519990867787985 23.261730452054003 0.0 1.0 1.0 1 0 0 0.0 1.0 0
cell 22.147349984179463 38.62365755829333 0.0 1.6431676725154984 0.6085806194501846 1 0 0 0.3774111768179277 0.9260457891556481 0.7739982626316806
cell 31.289014246008758 42.46292069849443 0.0 1.0 1.0 1 0 0 0.0 1.0 0
cell 2.159424121949493 30.628255188802616 0.0 1.0 1.0 1 0 0 0.0 1.0 0
cell 5.576505736563624 42.02675152567789 0.0 1.0 1.0 1 0 0 0.0 1.0 0
cell 54.02291290505759 16.732052645593384 0.0 1.6431676725154984 0.6085806194501846 1 0 0 0.30887276978178957 -0.9511033656166534 5.655170062414093
cell 53.065037786591695 14.068810596554524 0.0 1.6431676725154984 0.6085806194501846 1 0 0 -0.0495945058045379 0.9987694353523258 6.183955589369453
cell 16.049793026158124 59.046673255046244 0.0 1.0 1.0 1 0 0 0.0 1.0 0
cell 45.8751715223263 8.645197110824698 0.0 1.0 1.0 1 0 0 0.0 1.0 0
cell 24.689199744903306 31.603341910500383 0.0 1.6431676725154984 0.6085806194501846 1 0 0 0.7448463789587725 0.6672359940470872 1.680609153116233
cell 41.673548367366976 57.093503589791055 0.0 1.6431676725154984 0.6085806194501846 1 0 0 -0.019952301415242093 -0.9998009330202865 0.03990725093759995
cell 0.8234711312437951 33.371146672856455 0.0 1.0 1.0 1 0 0 0.0 1.0 0
cell 1.3803281767212376 57.77608682649489 0.0 1.0 1.0 1 0 0 0.0 1.0 0
cell 56.97573654083156 48.19641812007118 0.0 1.0 1.0 1 0 0 0.0 1.0 0
cell 33.39606100821403 50.30851360451053 0.0 1.0 1.0 1 0 0 0.0 1.0 0
cell 33.57659407448478 28.82371746360915 0.0 1.0 1.0 1 0 0 0.0 1.0 0
cell 49.560864887814176 35.34469066808396 0.0 1.0 1.0 1 0 0 0.0 1.0 0
cell 15.106356033418983 50.63087997646018 0.0 1.0 1.0 1 0 0 0.0 1.0 0
cell 17.157313326930602 9.42634474237578 0.0 1.6431676725154984 0.6085806194501846 1 0 0 0.6380562275388304 0.7699897729833276 1.3839424073508713
cell 3.873950949860025 26.073584071726874 0.0 1.6431676725154984 0.6085806194501846 1 0 0 -0.12685058895442855 0.9919218356714982 6.028798767570887
cell 27.962567557859906 41.16813865348795 0.0 1.0 1.0 1 0 0 0.0 1.0 0
cell 25.2055145463439 3.1032463704252944 0.0 1.6431676725154984 0.6085806194501846 1 0 0 0.9718917723526503 0.2354280842066727 2.6662746345752764
cell 17.74443629079463 5.145579466317001 0.0 1.0 1.0 1 0 0 0.0 1.0 0
cell 6.728951616726853 23.62018991447284 0.0 1.0 1.0 1 0 0 0.0 1.0 0
cell 18.665889956070167 12.136718002876323 0.0 1.0 1.0 1 0 0 0.0 1.0 0
cell 40.63369718286706 35.818727929153354 0.0 1.6431676725154984 0.6085806194501846 1 0 0 -0.03955719894313717 0.99921730770227 6.2040502620857145
cell 20.030754707570757 8.854198820182695 0.0 1.0 1.0 1 0 0 0.0 1.0 0
cell 3.465159290828694 57.930436377219614 0.0 1.0 1.0 1 0 0 0.0 1.0 0
cell 53.84239420048974 44.31103929405784 0.0 1.0 1.0 1 0 0 0.0 1.0 0
cell 25.363461996353255 26.824688049937652 0.0 1.6431676725154984 0.6085806194501846 1 0 0 0.9847634140471658 0.17389944897603982 2.7920164965577907
cell 11.238520903877166 51.33660517154848 0.0 1.0 1.0 1 0 0 0.0 1.0 0
cell 57.11213663327487 51.58734943353857 0.0 1.0 1.0 1 0 0 0.0 1.0 0
cell 30.3927196082603 29.690550035869343 0.0 1.6431676725154984 0.6085806194501846 1 0 0 0.970651270847668 0.24049139361275929 2.6558485120610933
cell 30.303008923340613 9.08230822270788 0.0 1.6431676725154984 0.6085806194501846 1 0 0 0.721359966571492 0.6925603212919261 1.611527991374969
cell 49.2462957500232 19.161380756726288 0.0 1.0 1.0 1 0 0 0.0 1.0 0
cell 20.44534819936306 18.511741669830098 0.0 1.0 1.0 1 0 0 0.0 1.0 0
cell 21.682513888812387 26.978737031275543 0.0 1.6431676725154984 0.6085806194501846 1 0 0 0.646871153886111 0.7625993117424452 1.4069487806396717
cell 23.796372028163276 49.73773325225743 0.0 1.0 1.0 1 0 0 0.0 1.0 0
cell 39.80768867681278 31.811479219667266 0.0 1.6431676725154984 0.6085806194501846 1 0 0 0.8455398161844909 -0.5339123703817857 4.268034473706963
cell 8.723029825162348 53.668142851823184 0.0 1.0 1.0 1 0 0 0.0 1.0 0
cell 1.7867356353305373 14.470870449879225 0.0 1.6431676725154984 0.6085806194501846 1 0 0 0.24305014078983722 0.9700137262235212 0.4910180980296295
cell 55.56400811435991 35.328223655213186 0.0 1.0 1.0 1 0 0 0.0 1.0 0
cell 47.4101164325456 7.910115468486299 0.0 1.0 1.0 1 0 0 0.0 1.0 0
cell 56.76110675714005 19.23115082172056 0.0 1.0 1.0 1 0 0 0.0 1.0 0
cell 38.297624598935904 28.656716015965024 0.0 1.6431676725154984 0.6085806194501846 1 0 0 0.803367774835471 -0.5954831805818734 4.417326570688727
cell 5.399319964632847 3.565952331612417 0.0 1.0 1.0 1 0 0 0.0 1.0 0
cell 23.325386228046405 10.224833739036281 0.0 1.0 1.0 1 0 0 0.0 1.0 0
cell 28.10209803854924 26.98927170088653 0.0 1.6431676725154984 0.6085806194501846 1 0 0 0.197580740572659 -0.9802866167375538 5.885406519384651
cell 51.70720344716521 56.112211834633406 0.0 1.0 1.0 1 0 0 0.0 1.0 0
cell 48.821925678786826 12.06863662201853 0.0 1.0 1.0 1 0 0 0.0 1.0 0
cell 57.004094370053195 15.520412525421097 0.0 1.6431676725154984 0.6085806194501846 1 0 0 0.1563385178029745 -0.9877035323674656 5.969220326789568
cell 7.978117636449477 8.708580071224125 0.0 1.6431676725154984 0.6085806194501846 1 0 0 0.7874496700474973 0.6163789557910683 1.8133207821140347
cell 13.97830471066861 54.2583591644136 0.0 1.0 1.0 1 0 0 0.0 1.0 0
cell 50.166973050817624 38.67147177589061 0.0 1.0 1.0 1 0 0 0.0 1.0 0
cell 36.852766800340916 22.710290057730173 0.0 1.6431676725154984 0.6085806194501846 1 0 0 0.16642122251757055 0.9860547533964619 0.33439831730705744
cell 39.43017401205042 46.64284332815399 0.0 1.0 1.0 1 0 0 0.0 1.0 0
cell 5.966403283162259 28.158723991182665 0.0 1.0 1.0 1 0 0 0.0 1.0 0
cell 14.201570365192257 28.896133894880947 0.0 1.0 1.0 1 0 0 0.0 1.0 0
cell 27.856078586183855 4.948818791935812 0.0 1.6431676725154984 0.6085806194501846 1 0 0 0.9315393397738395 0.3636405621678076 2.397246571497498
cell 55.5944249056817 6.521583563291074 0.0 1.0 1.0 1 0 0 0.0 1.0 0
cell 14.384554371245203 47.19233584780356 0.0 1.0 1.0 1 0 0 0.0 1.0 0
cell 50.93876945884387 54.30257531036887 0.0 1.0 1.0 1 0 0 0.0 1.0 0
cell 6.288362890203836 40.20075110899455 0.0 1.0 1.0 1 0 0 0.0 1.0 0
cell 2.2021729270383483 32.24874608564639 0.0 1.0 1.0 1 0 0 0.0 1.0 0
cell 34.29489695231211 12.387279786438075 0.0 1.6431676725154984 0.6085806194501846 1 0 0 0.9573946531528856 -0.2887827524528878 3.7275030072306565
cell 8.864852321251744 43.00461163856203 0.0 1.0 1.0 1 0 0 0.0 1.0 0
cell 58.30825746489205 26.755377424310954 0.0 1.6431676725154984 0.6085806194501846 1 0 0 -0.046089855823921 0.9989372979272173 6.190972928454962
cell 12.000934605130102 54.66436819007965 0.0 1.0 1.0 1 0 0 0.0 1.0 0
cell 2.9093883055374534 8.247201281598805 0.0 1.0 1.0 1 0 0 0.0 1.0 0
cell 18.687979658554365 42.78052795502604 0.0 1.0 1.0 1 0 0 0.0 1.0 0
cell 59.106082161438046 22.01566082775503 0.0 1.0 1.0 1 0 0 0.0 1.0 0
cell 57.90622973688943 46.36917047771433 0.0 1.0 1.0 1 0 0 0.0 1.0 0
cell 21.385262408638567 43.0078158051371 0.0 1.0 1.0 1 0 0 0.0 1.0 0
cell 23.54784761828967 13.67975232142049 0.0 1.0 1.0 1 0 0 0.0 1.0 0
cell 31.404774010669982 26.452530687232404 0.0 1.6431676725154984 0.6085806194501846 1 0 0 -0.0461932058725862 -0.998932524113222 0.09241929921049952
cell 38.66221696300933 51.88799308859425 0.0 1.0 1.0 1 0 0 0.0 1.0 0
cell 2.0335573667478544 51.74428637155609 0.0 1.0 1.0 1 0 0 0.0 1.0 0
cell 58.659912013543384 15.957701866712933 0.0 1.6431676725154984 0.6085806194501846 1 0 0 0.13426766875202756 -0.9909451009656871 6.013836502443222
cell 12.613120127428699 12.212847641709358 0.0 1.0 1.0 1 0 0 0.0 1.0 0
cell 19.765927806718306 53.076475023327625 0.0 1.0 1.0 1 0 0 0.0 1.0 0
cell 58.091619105363044 11.791039921659998 0.0 1.6431676725154984 0.6085806194501846 1 0 0 0.06554024264768607 0.9978499268896512 0.1311745103735678
cell 22.0026731901028 2.4057957823934326 0.0 1.0 1.0 1 0 0 0.0 1.0 0
cell 3.887495575969196 16.412512970936 0.0 1.6431676725154984 0.6085806194501846 1 0 0 -0.23735886964636793 -0.9714220334129747 0.4792922300732636
cell 23.879533928845376 8.489851089661556 0.0 1.0 1.0 1 0 0 0.0 1.0 0
cell 20.58510450262194 1.334408789324697 0.0 1.0 1.0 1 0 0 0.0 1.0 0
cell 13.518783304518234 9.007880350712625 0.0 1.0 1.0 1 0 0 0.0 1.0 0
cell 5.4373364240642 15.441742682101525 0.0 1.6431676725154984 0.6085806194501846 1 0 0 -0.3939677031934977 -0.9191242836746508 0.8098888990616846
cell 45.63644768979599 59.4251041303547 0.0 1.0 1.0 1 0 0 0.0 1.0 0
cell 57.96500522159908 3.8433707396491545 0.0 1.0 1.0 1 0 0 0.0 1.0 0
cell 39.2328823381695 53.837443937018236 0.0 1.0 1.0 1 0 0 0.0 1.0 0
cell 2.138896155111366 20.38166452847813 0.0 1.0 1.0 1 0 0 0.0 1.0 0
cell 0.3340341613267691 31.464016842339998 0.0 1.0 1.0 1 0 0 0.0 1.0 0
cell 2.809852149546203 48.34519044793617 0.0 1.0 1.0 1 0 0 0.0 1.0 0
cell 45.81266342441335 46.314283944880415 0.0 1.0 1.0 1 0 0 0.0 1.0 0
cell 21.226485872250798 51.998097396409804 0.0 1.0 1.0 1 0 0 0.0 1.0 0
cell 59.6431671283194 41.410497867604754 0.0 1.0 1.0 1 0 0 0.0 1.0 0
cell 7.347349718992538 52.206305188449704 0.0 1.0 1.0 1 0 0 0.0 1.0 0
cell 36.61129971914574 27.340608299636575 0.0 1.0 1.0 1 0 0 0.0 1.0 0
cell 36.98827042517074 56.399100007736436 0.0 1.0 1.0 1 0 0 0.0 1.0 0
cell 39.6912946395857 42.626778031368794 0.0 1.0 1.0 1 0 0 0.0 1.0 0
cell 20.552867368081714 56.49931725264376 0.0 1.0 1.0 1 0 0 0.0 1.0 0
cell 21.503462105280757 36.72877709363618 0.0 1.6431676725154984 0.6085806194501846 1 0 0 0.3675665580143359 0.9299972179686851 0.7527821023453106
cell 46.38299705640871 52.513304791829704 0.0 1.0 1.0 1 0 0 0.0 1.0 0
cell 35.64484232175771 38.39954107204184 0.0 1.6431676725154984 0.6085806194501846 1 0 0 0.77712034725849 -0.629352020634592 4.503030870828311
cell 39.045362028394756 39.2366538361084 0.0 1.0 1.0 1 0 0 0.0 1.0 0
cell 40.37146998454904 50.17515229035425 0.0 1.6431676725154984 0.6085806194501846 1 0 0 0.44434782368991876 0.8958543473031946 0.920892271200197
cell 3.46586407887523 13.489248487160943 0.0 1.6431676725154984 0.6085806194501846 1 0 0 0.4000205465435643 0.9165061714702134 0.8230785285882047
cell 1.2688775650886919 24.943528459524963 0.0 1.6431676725154984 0.6085806194501846 1 0 0 -0.12773090878883855 0.9918088600834222 6.027023688365818
cell 43.14877812421878 43.45270455493631 0.0 1.0 1.0 1 0 0 0.0 1.0 0
cell 44.209759615532235 9.1992042892467 0.0 1.6431676725154984 0.6085806194501846 1 0 0 0.13871254749349357 0.9903326861049601 0.27832255150409757
cell 5.161512089377935 19.52927133869065 0.0 1.0 1.0 1 0 0 0.0 1.0 0
cell 1.7424385499762192 23.51838379086873 0.0 1.0 1.0 1 0 0 0.0 1.0 0
cell 18.70410539324815 49.622613836273835 0.0 1.0 1.0 1 0 0 0.0 1.0 0
cell 35.00204728644541 56.031507618039264 0.0 1.0 1.0 1 0 0 0.0 1.0 0
cell 43.73784933943419 41.72785893910179 0.0 1.0 1.0 1 0 0 0.0 1.0 0
cell 17.871432803103456 46.39942625197397 0.0 1.0 1.0 1 0 0 0.0 1.0 0
cell 21.871577626991527 59.72581162828011 0.0 1.0 1.0 1 0 0 0.0 1.0 0
cell 14.121276303581038 32.320953475322064 0.0 1.6431676725154984 0.6085806194501846 1 0 0 0.5308590064006284 0.8474601555963192 1.119227736900384
cell 57.55632119780736 6.77609062043429 0.0 1.0 1.0 1 0 0 0.0 1.0 0
cell 58.68756521183952 39.620495295259886 0.0 1.0 1.0 1 0 0 0.0 1.0 0
cell 22.142449557981447 42.03414420050377 0.0 1.6431676725154984 0.6085806194501846 1 0 0 -0.2757996530877721 -0.9612151431165994 0.558843044332658
cell 48.787058114461125 48.317328052682825 0.0 1.0 1.0 1 0 0 0.0 1.0 0
cell 40.337768170889156 12.245745162830847 0.0 1.6431676725154984 0.6085806194501846 1 0 0 0.10235656781465884 0.9947477735713728 0.2050722902009058
cell 50.27678431751365 15.063012613855374 0.0 1.6431676725154984 0.6085806194501846 1 0 0 -0.23400471890472113 0.9722354609508554 5.810795831160096
cell 41.02552050289813 8.337274852624283 0.0 1.6431676725154984 0.6085806194501846 1 0 0 0.4571975359210536 0.8893651742381848 0.9496831065536887
cell 2.871333995019035 29.0522716702501 0.0 1.0 1.0 1 0 0 0.0 1.0 0
cell 19.500570745743122 10.513669721591066 0.0 1.0 1.0 1 0 0 0.0 1.0 0
cell 10.61478434669185 12.475745737148562 0.0 1.0 1.0 1 0 0 0.0 1.0 0
cell 14.917268185585275 5.953293933327813 0.0 1.0 1.0 1 0 0 0.0 1.0 0
cell 10.718562187302076 6.40997779414457 0.0 1.0 1.0 1 0 0 0.0 1.0 0
cell 25.883099543537522 57.778309784323326 0.0 1.6431676725154984 0.6085806194501846 1 0 0 0.9307181831707009 -0.36573715085485864 3.8904420608675974
cell 48.79982959075605 33.8758768973394 0.0 1.6431676725154984 0.6085806194501846 1 0 0 -0.12064309452275088 0.9926959472789111 6.041309940739171
cell 20.360010867772658 38.04001470281882 0.0 1.6431676725154984 0.6085806194501846 1 0 0 0.5341063456586699 0.8454173002293847 1.1269006733291174
cell 50.757978908586765 45.83931944149627 0.0 1.0 1.0 1 0 0 0.0 1.0 0
cell 39.61832019601147 13.552970358918763 0.0 1.6431676725154984 0.6085806194501846 1 0 0 -0.2820474282114369 -0.9594004629138524 0.5718550245875198
cell 33.08009634509259 15.6655123037546 0.0 1.0 1.0 1 0 0 0.0 1.0 0
cell 3.2343217403398046 17.284148998843662 0.0 1.6431676725154984 0.6085806194501846 1 0 0 -0.03894323360052417 -0.9992414245600184 0.07790616743253143
cell 27.759881468880398 52.75343733452501 0.0 1.0 1.0 1 0 0 0.0 1.0 0
cell 4.73343521516358 45.622323207802594 0.0 1.0 1.0 1 0 0 0.0 1.0 0
cell 45.94964412059128 50.792011826409734 0.0 1.6431676725154984 0.6085806194501846 1 0 0 0.326095560159117 -0.9453368106894556 5.6188444938552164
cell 7.490317140752927 6.3281784784028074 0.0 1.0 1.0 1 0 0 0.0 1.0 0
cell 52.75088625352478 4.558209283342914 0.0 1.0 1.0 1 0 0 0.0 1.0 0
cell 59.4838263820703 45.185036779728236 0.0 1.0 1.0 1 0 0 0.0 1.0 0
cell 30.104411429338086 54.51724425819038 0.0 1.6431676725154984 0.6085806194501846 1 0 0 0.9151020876183534 0.4032222330632717 2.3115220550699696
cell 58.09916901865746 23.501154535682353 0.0 1.0 1.0 1 0 0 0.0 1.0 0
cell 9.0577948785963 15.005806814992555 0.0 1.6431676725154984 0.6085806194501846 1 0 0 0.3113536967536353 0.9502940994859672 0.6332344072172611
cell 19.014700188464623 4.1563081488841025 0.0 1.0 1.0 1 0 0 0.0 1.0 0
cell 56.7025015075811 32.3241664360961 0.0 1.0 1.0 1 0 0 0.0 1.0 0
cell 48.867384312749536 3.1260230680908676 0.0 1.6431676725154984 0.6085806194501846 1 0 0 0.9999104560682276 0.013382071791360764 3.1148277111229086
cell 43.310512440751 50.40684010064431 0.0 1.6431676725154984 0.6085806194501846 1 0 0 0.6150164017405046 -0.7885143153996396 4.958371772883205
cell 9.989447121188483 9.84824519776368 0.0 1.0 1.0 1 0 0 0.0 1.0 0
cell 4.314694499620755 56.32977680453491 0.0 1.0 1.0 1 0 0 0.0 1.0 0
cell 58.705384420965316 5.507732040547995 0.0 1.0 1.0 1 0 0 0.0 1.0 0
cell 22.236626430962783 5.499508993380367 0.0 1.0 1.0 1 0 0 0.0 1.0 0
cell 34.88799853994193 51.08936283677065 0.0 1.0 1.0 1 0 0 0.0 1.0 0
cell 1.7854636041555532 26.96321663423352 0.0 1.6431676725154984 0.6085806194501846 1 0 0 -0.0022509110935783746 0.9999974666964155 6.278683481190932
cell 48.07384466828163 31.76786233849435 0.0 1.6431676725154984 0.6085806194501846 1 0 0 0.010915588748120873 0.9999404231864426 0.021831611050570823
cell 59.429285158284834 7.3371159326815105 0.0 1.0 1.0 1 0 0 0.0 1.0 0
cell 36.64572925871363 47.09724505896646 0.0 1.6431676725154984 0.6085806194501846 1 0 0 0.3433771433428435 0.9391976029727228 0.7010206397342764
cell 11.140103898970954 17.23743645011561 0.0 1.6431676725154984 0.6085806194501846 1 0 0 0.34358459727853563 0.9391217304018401 0.7014624260294232
cell 19.414293789729534 34.971914533817774 0.0 1.6431676725154984 0.6085806194501846 1 0 0 0.5843078675369827 0.8115320794240878 1.2480538485618662
cell 54.06873845372982 52.93051291934395 0.0 1.0 1.0 1 0 0 0.0 1.0 0
cell 19.002749481337766 39.08115488036042 0.0 1.0 1.0 1 0 0 0.0 1.0 0
cell 15.561631510547302 29.860053957456508 0.0 1.6431676725154984 0.6085806194501846 1 0 0 0.5837760947155345 -0.811914694557673 5.0364416901841675
cell 33.46715207054788 52.311345463714744 0.0 1.0 1.0 1 0 0 0.0 1.0 0
cell 20.561594480488004 31.17084117704381 0.0 1.6431676725154984 0.6085806194501846 1 0 0 0.5968931852093126 0.802320712340571 1.2792464396742043
cell 7.199962524452618 4.373693027599557 0.0 1.0 1.0 1 0 0 0.0 1.0 0
cell 56.33922249761607 14.815507973529293 0.0 1.6431676725154984 0.6085806194501846 1 0 0 0.20443707157829796 -0.9788797085262775 5.871408110108462
cell 59.01418847087165 34.64199467741218 0.0 1.0 1.0 1 0 0 0.0 1.0 0
cell 29.61575624309933 37.401886555465424 0.0 1.6431676725154984 0.6085806194501846 1 0 0 0.7784846321321394 0.6276636659343026 1.784495780226418
cell 42.02243592580354 15.597420207447897 0.0 1.6431676725154984 0.6085806194501846 1 0 0 -0.29193607552977824 -0.9564378326918439 0.5925009413683231
cell 52.591164688422104 24.964629623283063 0.0 1.0 1.0 1 0 0 0.0 1.0 0
cell 42.69523746166548 45.147320024576324 0.0 1.0 1.0 1 0 0 0.0 1.0 0
cell 22.218652028774116 32.26722126612028 0.0 1.6431676725154984 0.6085806194501846 1 0 0 0.5445171327847005 0.8387497195850077 1.151626616544545
cell 28.388673687287213 24.142245353606594 0.0 1.6431676725154984 0.6085806194501846 1 0 0 0.245934121979243 -0.969286545685175 5.786218715035516
cell 35.192831539411536 9.960415978130431 0.0 1.6431676725154984 0.6085806194501846 1 0 0 0.14216288562035778 0.9898432774697685 0.28529230509869685
cell 44.5622220524335 52.764061610642486 0.0 1.6431676725154984 0.6085806194501846 1 0 0 0.3465025321011723 -0.9380490366966303 5.575505157065343
cell 45.82824439578644 55.831922089481665 0.0 1.0 1.0 1 0 0 0.0 1.0 0
cell 6.620094931358978 15.583876499938693 0.0 1.6431676725154984 0.6085806194501846 1 0 0 0.40853879719324726 0.9127409551389127 0.8417051842309453
cell 13.475212408846897 19.442716878295727 0.0 1.6431676725154984 0.6085806194501846 1 0 0 -0.28224064541602817 -0.9593436392008569 0.572257823905522
cell 23.81892513450573 59.173761325546515 0.0 1.0 1.0 1 0 0 0.0 1.0 0
cell 49.10946768072991 46.358029946169864 0.0 1.0 1.0 1 0 0 0.0 1.0 0
cell 51.47127162562612 40.10076286494483 0.0 1.0 1.0 1 0 0 0.0 1.0 0
cell 13.094642066527488 39.38521067540848 0.0 1.0 1.0 1 0 0 0.0 1.0 0
cell 9.911948424036831 49.85657852171605 0.0 1.0 1.0 1 0 0 0.0 1.0 0
cell 54.750109078203145 0.08564662682379154 0.0 1.0 1.0 1 0 0 0.0 1.0 0
cell 54.202563815321334 49.65834978198329 0.0 1.0 1.0 1 0 0 0.0 1.0 0
cell 25.93143135285543 16.269285662930805 0.0 1.6431676725154984 0.6085806194501846 1 0 0 0.14005413710717882 -0.9901438474682169 6.002153126178279
cell 33.492810683669575 39.83690260027876 0.0 1.0 1.0 1 0 0 0.0 1.0 0
cell 47.161289111246475 0.9377156141859745 0.0 1.0 1.0 1 0 0 0.0 1.0 0
cell 17.348412502011733 48.27527808119922 0.0 1.0 1.0 1 0 0 0.0 1.0 0
cell 7.828845461971485 21.095056294142942 0.0 1.0 1.0 1 0 0 0.0 1.0 0
cell 6.207347672363207 17.10179324188386 0.0 1.6431676725154984 0.6085806194501846 1 0 0 -0.27241303974501596 -0.962180407084285 0.551800062783391
cell 16.734214292095555 43.23656861104676 0.0 1.0 1.0 1 0 0 0.0 1.0 0
cell 52.000192032438065 2.79750166367308 0.0 1.0 1.0 1 0 0 0.0 1.0 0
cell 24.0594100354628 4.749439816772752 0.0 1.0 1.0 1 0 0 0.0 1.0 0
cell 23.500355664284136 35.30636452626401 0.0 1.6431676725154984 0.6085806194501846 1 0 0 0.5689616080511295 0.8223640851617201 1.2104852231587906
cell 16.069035748646815 25.42826210155029 0.0 1.0 1.0 1 0 0 0.0 1.0 0
cell 37.73891744832623 20.34441998886555 0.0 1.6431676725154984 0.6085806194501846 1 0 0 0.26691497719435553 0.9637200812213765 0.5403808899903634
cell 10.862910620094114 42.590269792998946 0.0 1.0 1.0 1 0 0 0.0 1.0 0
cell 50.95194152434172 41.99943992161087 0.0 1.0 1.0 1 0 0 0.0 1.0 0
cell 3.1665549020387167 46.204445100734155 0.0 1.0 1.0 1 0 0 0.0 1.0 0
cell 10.563268493463543 28.274725428542908 0.0 1.0 1.0 1 0 0 0.0 1.0 0
cell 28.19950632801987 45.64537389345595 0.0 1.6431676725154984 0.6085806194501846 1 0 0 0.36094423950525023 0.9325873985680787 0.7385603793785678
cell 15.321550094126348 55.694225667646606 0.0 1.0 1.0 1 0 0 0.0 1.0 0
cell 28.497042930867266 54.61609875357654 0.0 1.0 1.0 1 0 0 0.0 1.0 0
cell 14.543622661740798 18.264394689616715 0.0 1.6431676725154984 0.6085806194501846 1 0 0 0.37055701072059316 0.9288097231434532 0.7592173056149184
cell 28.26246597977604 11.363901666138435 0.0 1.6431676725154984 0.6085806194501846 1 0 0 0.92171481052267 -0.3878682870036663 3.938228044752183
cell 50.46200843649117 32.506320049941046 0.0 1.6431676725154984 0.6085806194501846 1 0 0 -0.09475936510378202 0.9955002072953718 6.093381799330041
cell 44.351406795923616 39.89924418110666 0.0 1.0 1.0 1 0 0 0.0 1.0 0
cell 16.296474185980205 10.651114672134693 0.0 1.0 1.0 1 0 0 0.0 1.0 0
cell 58.64126797565477 44.11838935617568 0.0 1.6431676725154984 0.6085806194501846 1 0 0 0.9093749129122187 0.4159774846862443 2.283557780784003
cell 17.687313654507637 13.747709695385605 0.0 1.0 1.0 1 0 0 0.0 1.0 0
cell 25.59901686005827 22.429159128420665 0.0 1.6431676725154984 0.6085806194501846 1 0 0 0.2715157401785793 0.9624339992099604 0.5499351707853083
cell 14.094712898850812 12.723673994659935 0.0 1.0 1.0 1 0 0 0.0 1.0 0
cell 56.80955202513972 17.466853518619697 0.0 1.0 1.0 1 0 0 0.0 1.0 0
cell 40.1549356200274 4.5157764711347745 0.0 1.6431676725154984 0.6085806194501846 1 0 0 0.9341024299414279 0.3570051125369492 2.41147314330718
cell 4.602419132823469 18.31017862560201 0.0 1.6431676725154984 0.6085806194501846 1 0 0 -0.11679884601896025 -0.9931555918226707 0.23413210139539764
cell 36.05379146607528 33.036517777015895 0.0 1.6431676725154984 0.6085806194501846 1 0 0 0.515868543476702 -0.856667756981215 5.19914290156782
cell 42.94053022127163 33.844677119869914 0.0 1.6431676725154984 0.6085806194501846 1 0 0 0.9799463141246199 -0.19926169083286385 3.542801543637804
cell 1.1119892435475898 54.745717298947 0.0 1.0 1.0 1 0 0 0.0 1.0 0
cell 13.366617750516243 18.33068207490257 0.0 1.6431676725154984 0.6085806194501846 1 0 0 -0.3381784226980908 -0.9410820125905242 0.689961205053164
cell 10.743436297947149 31.45008743422621 0.0 1.6431676725154984 0.6085806194501846 1 0 0 0.964639193080578 -0.2635739501029103 3.675043250469479
cell 54.11215683003251 30.316780454364416 0.0 1.6431676725154984 0.6085806194501846 1 0 0 0.22216502343846165 -0.9750090780913724 5.835116453107158
cell 25.23160762970713 46.99813075079781 0.0 1.6431676725154984 0.6085806194501846 1 0 0 -0.29025950100766523 -0.9569479725015259 0.5889960045417224
cell 25.41147155894944 41.31626263452772 0.0 1.6431676725154984 0.6085806194501846 1 0 0 0.550414887418523 0.834891281370248 1.1657221847530845
cell 4.160330052837085 6.769219365053354 0.0 1.0 1.0 1 0 0 0.0 1.0 0
cell 8.633432960870095 23.510373975983725 0.0 1.0 1.0 1 0 0 0.0 1.0 0
cell 13.293719600168 14.097884945580677 0.0 1.0 1.0 1 0 0 0.0 1.0 0
cell 0.871958271945794 48.756576167520834 0.0 1.0 1.0 1 0 0 0.0 1.0 0
cell 56.0458453232692 58.53086138097477 0.0 1.0 1.0 1 0 0 0.0 1.0 0
cell 21.09131501378835 47.11376922041167 0.0 1.0 1.0 1 0 0 0.0 1.0 0
cell 40.842987410615756 25.15469209691983 0.0 1.6431676725154984 0.6085806194501846 1 0 0 0.6791702683370378 0.7339807535671464 1.4932631765999616
cell 45.22794889242061 5.152857227427454 0.0 1.6431676725154984 0.6085806194501846 1 0 0 -0.9959542739635061 -0.0898614721325298 2.9616269464868434
cell 27.040147615850874 8.874741115471252 0.0 1.6431676725154984 0.6085806194501846 1 0 0 0.5953039655401525 -0.8035005840770553 5.0078975126021
cell 21.190474092738977 24.022321121319184 0.0 1.6431676725154984 0.6085806194501846 1 0 0 -0.011775776045315357 0.9999306631454656 6.259633210743678
cell 58.03681267081493 37.755310712399385 0.0 1.0 1.0 1 0 0 0.0 1.0 0
cell 21.145753823008974 29.167626623908866 0.0 1.6431676725154984 0.6085806194501846 1 0 0 0.6099748093264941 0.7924208048676582 1.3120576020407966
cell 44.65609753476775 57.860303469155085 0.0 1.0 1.0 1 0 0 0.0 1.0 0
cell 5.477233138772688 34.08735409773823 0.0 1.6431676725154984 0.6085806194501846 1 0 0 0.8080557466080321 0.5891060264279561 1.8816885187358199
cell 44.01797474121928 46.540502776029456 0.0 1.0 1.0 1 0 0 0.0 1.0 0
cell 14.35915570522286 15.057709351931848 0.0 1.0 1.0 1 0 0 0.0 1.0 0
cell 11.195828853254337 59.080039309017664 0.0 1.0 1.0 1 0 0 0.0 1.0 0
cell 50.10477190819153 52.5869442502351 0.0 1.0 1.0 1 0 0 0.0 1.0 0
cell 12.5928437762267 52.78818719388132 0.0 1.0 1.0 1 0 0 0.0 1.0 0
cell 32.08156307007416 14.1501442804155 0.0 1.6431676725154984 0.6085806194501846 1 0 0 0.07792755496068937 -0.9969590243223885 6.127172020971213
cell 10.076173828338444 55.11081055775617 0.0 1.0 1.0 1 0 0 0.0 1.0 0
cell 53.98149543487382 3.1627784991926524 0.0 1.0 1.0 1 0 0 0.0 1.0 0
cell 52.925163385724396 59.58743211787233 0.0 1.6431676725154984 0.6085806194501846 1 0 0 0.8826738029112039 0.46998612495931535 2.1630425363528936
cell 1.1752400528018503 12.095801695957539 0.0 1.6431676725154984 0.6085806194501846 1 0 0 0.14605941270704653 0.9892758199610828 0.2931675705278945
cell 52.27953669671052 15.264466085504495 0.0 1.6431676725154984 0.6085806194501846 1 0 0 0.14122358452287873 -0.9899777266052552 5.999790751473526
cell 29.323546770895295 42.62736798755781 0.0 1.0 1.0 1 0 0 0.0 1.0 0
cell 12.594869704663063 47.56607053054606 0.0 1.0 1.0 1 0 0 0.0 1.0 0
cell 51.42030865964305 22.435848133847575 0.0 1.0 1.0 1 0 0 0.0 1.0 0
cell 7.577312109024357 19.47638965455537 0.0 1.6431676725154984 0.6085806194501846 1 0 0 -0.1517650581217879 -0.988416595941858 0.30470754416410806
cell 53.286625475241316 15.979054811158736 0.0 1.6431676725154984 0.6085806194501846 1 0 0 0.22889020863387463 -0.9734522445356738 5.821310362297834
cell 52.40592304417548 47.31385995624488 0.0 1.0 1.0 1 0 0 0.0 1.0 0
cell 1.9779367938662773 11.294308045204165 0.0 1.6431676725154984 0.6085806194501846 1 0 0 0.22415130177685028 0.9745543565711168 0.4521441821501069
cell 50.76636144227849 36.81033981583581 0.0 1.0 1.0 1 0 0 0.0 1.0 0
cell 59.02099376804654 52.10236273625932 0.0 1.0 1.0 1 0 0 0.0 1.0 0
cell 28.508996234597177 31.141712722634086 0.0 1.6431676725154984 0.6085806194501846 1 0 0 0.9467953596438685 -0.3218362113821839 3.7969291454420007
cell 16.989555683777766 50.22906259137831 0.0 1.0 1.0 1 0 0 0.0 1.0 0
cell 55.97232040261158 3.508640118609911 0.0 1.0 1.0 1 0 0 0.0 1.0 0
cell 56.45499345147291 8.171051581802594 0.0 1.0 1.0 1 0 0 0.0 1.0 0
cell 53.13287977745216 51.116381979521194 0.0 1.0 1.0 1 0 0 0.0 1.0 0
cell 28.548064286022235 21.185125995238263 0.0 1.6431676725154984 0.6085806194501846 1 0 0 0.22418380069677607 -0.9745468811222722 5.830974429838292
cell 3.7097442236579967 30.97270709421178 0.0 1.6431676725154984 0.6085806194501846 1 0 0 0.7930918965797088 0.6091019976815052 1.8317370182844914
cell 42.147810258641336 49.41735045452577 0.0 1.0 1.0 1 0 0 0.0 1.0 0
cell 29.505522633897527 52.897033111373254 0.0 1.0 1.0 1 0 0 0.0 1.0 0
cell 18.623707112231955 56.875213495881084 0.0 1.0 1.0 1 0 0 0.0 1.0 0
cell 54.6087738621543 8.005575763826961 0.0 1.0 1.0 1 0 0 0.0 1.0 0
cell 58.18148973090052 50.01800585855532 0.0 1.0 1.0 1 0 0 0.0 1.0 0
cell 35.772202331896 49.5070042503252 0.0 1.0 1.0 1 0 0 0.0 1.0 0
cell 1.370741674936983 21.94893569641164 0.0 1.0 1.0 1 0 0 0.0 1.0 0
cell 21.65015573859312 13.804791482186179 0.0 1.0 1.0 1 0 0 0.0 1.0 0
cell 20.132389148075255 43.87892958717764 0.0 1.0 1.0 1 0 0 0.0 1.0 0
cell 18.74508102406631 7.484793659350445 0.0 1.6431676725154984 0.6085806194501846 1 0 0 0.6658903042692029 0.7460496650225562 1.4573730826503333
cell 38.31581556726908 57.81559189744468 0.0 1.6431676725154984 0.6085806194501846 1 0 0 0.9996627795314332 -0.025967811218681112 3.1935341147330467
cell 43.52648811984712 1.4487022083378025 0.0 1.0 1.0 1 0 0 0.0 1.0 0
cell 15.904396009243447 53.88445832968432 0.0 1.0 1.0 1 0 0 0.0 1.0 0
cell 57.46834277557916 35.86399865718545 0.0 1.0 1.0 1 0 0 0.0 1.0 0
cell 26.09351238646386 43.69548619792959 0.0 1.6431676725154984 0.6085806194501846 1 0 0 0.43708755351191514 0.8994189627559388 0.9047159473887795
cell 9.458677407277708 33.57470729287575 0.0 1.0 1.0 1 0 0 0.0 1.0 0
cell 57.976962508433886 25.824209303930342 0.0 1.6431676725154984 0.6085806194501846 1 0 0 -0.08369432225816267 0.9964914753382222 6.115600625118836
cell 44.929067311201095 38.020219526232374 0.0 1.0 1.0 1 0 0 0.0 1.0 0
cell 25.324370947036183 10.14815309146443 0.0 1.0 1.0 1 0 0 0.0 1.0 0
cell 54.22475500502632 36.68261779552939 0.0 1.0 1.0 1 0 0 0.0 1.0 0
cell 43.657102836895625 12.129442516136939 0.0 1.6431676725154984 0.6085806194501846 1 0 0 0.12528539407405223 -0.9921207436757431 6.031954334032957
cell 45.35245604452208 1.699459885219663 0.0 1.0 1.0 1 0 0 0.0 1.0 0
cell 7.853248554318011 46.58010998681704 0.0 1.0 1.0 1 0 0 0.0 1.0 0
cell 19.453826783312785 22.546225253762223 0.0 1.0 1.0 1 0 0 0.0 1.0 0
cell 31.17193657807234 37.02674095966948 0.0 1.0 1.0 1 0 0 0.0 1.0 0
cell 11.98395460181862 44.25224762782621 0.0 1.0 1.0 1 0 0 0.0 1.0 0
cell 16.69915428070161 57.15175189549455 0.0 1.0 1.0 1 0 0 0.0 1.0 0
cell 55.0967937907973 26.592920473072418 0.0 1.6431676725154984 0.6085806194501846 1 0 0 0.02348152701051861 0.9997242709313675 0.04696737085686694
cell 46.66299906245101 44.833419646628045 0.0 1.0 1.0 1 0 0 0.0 1.0 0
cell 42.20936918896051 4.704899168179115 0.0 1.0 1.0 1 0 0 0.0 1.0 0
cell 54.88388535744107 54.77747347636252 0.0 1.0 1.0 1 0 0 0.0 1.0 0
cell 20.136725624723894 58.41941164087674 0.0 1.0 1.0 1 0 0 0.0 1.0 0
cell 45.462328367477795 36.324258840948595 0.0 1.6431676725154984 0.6085806194501846 1 0 0 0.1191502049242541 -0.9928762403575323 6.044317415010777
cell 19.8894650708056 16.898618099829154 0.0 1.0 1.0 1 0 0 0.0 1.0 0
cell 14.717731198897907 57.52906324233525 0.0 1.0 1.0 1 0 0 0.0 1.0 0
cell 39.05575677990447 10.150100681431526 0.0 1.6431676725154984 0.6085806194501846 1 0 0 0.43554954203827395 0.9001647607134207 0.9012973543461409
cell 15.532546495289596 13.331805315706028 0.0 1.0 1.0 1 0 0 0.0 1.0 0
cell 34.25075763244784 54.15448431395748 0.0 1.0 1.0 1 0 0 0.0 1.0 0
cell 25.06901435721448 14.838524469670684 0.0 1.0 1.0 1 0 0 0.0 1.0 0
cell 0.9631575084698984 43.684933468203866 0.0 1.0 1.0 1 0 0 0.0 1.0 0
cell 30.516991493638358 58.617281845517546 0.0 1.0 1.0 1 0 0 0.0 1.0 0
cell 41.56975451341555 0.800897917478208 0.0 1.6431676725154984 0.6085806194501846 1 0 0 -0.38046173546277506 -0.9247966629744364 0.780591056910839
cell 15.264879341794531 1.0912138856216718 0.0 1.0 1.0 1 0 0 0.0 1.0 0
cell 0.1958875713987705 4.15656658157671 0.0 1.0 1.0 1 0 0 0.0 1.0 0
cell 33.93397607351904 58.30615969010341 0.0 1.6431676725154984 0.6085806194501846 1 0 0 0.6731278209908265 0.739526156811334 1.4768603665848499
cell 26.80222813105901 50.97461574535523 0.0 1.0 1.0 1 0 0 0.0 1.0 0
cell 24.603511464034263 6.60667469911059 0.0 1.0 1.0 1 0 0 0.0 1.0 0
cell 7.99290668809363 25.17130621656763 0.0 1.0 1.0 1 0 0 0.0 1.0 0
cell 27.316069935318545 56.434184226837225 0.0 1.0 1.0 1 0 0 0.0 1.0 0
cell 7.804412163022082 28.492536772901694 0.0 1.0 1.0 1 0 0 0.0 1.0 0
cell 0.9803707573739056 29.580044367031586 0.0 1.0 1.0 1 0 0 0.0 1.0 0
cell 17.518780222488033 33.04301118660375 0.0 1.6431676725154984 0.6085806194501846 1 0 0 -0.023759431477405637 0.999717704862663 6.235661972271825
cell 53.56676672874912 34.726559718543776 0.0 1.0 1.0 1 0 0 0.0 1.0 0
cell 55.94951586630641 46.64925046681262 0.0 1.0 1.0 1 0 0 0.0 1.0 0
cell 45.81162478148998 6.698992061847429 0.0 1.0 1.0 1 0 0 0.0 1.0 0
cell 58.984065634477105 53.99110356347013 0.0 1.0 1.0 1 0 0 0.0 1.0 0
cell 30.71740896963508 44.300198613483175 0.0 1.0 1.0 1 0 0 0.0 1.0 0
cell 26.916147172838283 35.92687064646352 0.0 1.0 1.0 1 0 0 0.0 1.0 0
cell 27.929523344358763 43.56976375048153 0.0 1.6431676725154984 0.6085806194501846 1 0 0 0.6267891702403198 0.7791888962693523 1.354851227953955
cell 53.96776176972316 46.45463534093993 0.0 1.0 1.0 1 0 0 0.0 1.0 0
cell 2.77459480343474 33.88720349703835 0.0 1.0 1.0 1 0 0 0.0 1.0 0
cell 33.11029292440779 41.8154889271104 0.0 1.0 1.0 1 0 0 0.0 1.0 0
cell 34.20569598630627 46.73695521823124 0.0 1.6431676725154984 0.6085806194501846 1 0 0 0.1586777956549768 0.9873304194473487 0.3187026746579278
cell 56.03912855598159 53.18544529207905 0.0 1.0 1.0 1 0 0 0.0 1.0 0
cell 4.995051398376261 38.673374917028575 0.0 1.0 1.0 1 0 0 0.0 1.0 0
cell 13.857235899254464 4.275859404285829 0.0 1.0 1.0 1 0 0 0.0 1.0 0
cell 55.35446809744613 11.793445500946628 0.0 1.6431676725154984 0.6085806194501846 1 0 0 0.06966328138724678 0.9975705625299702 0.1394395009233097
cell 14.577344891218758 52.41767076316262 0.0 1.0 1.0 1 0 0 0.0 1.0 0
cell 10.235226016287893 14.323329525655323 0.0 1.0 1.0 1 0 0 0.0 1.0 0
cell 12.78129911729785 57.992575199290364 0.0 1.0 1.0 1 0 0 0.0 1.0 0
cell 30.763189212810673 5.950547918081342 0.0 1.6431676725154984 0.6085806194501846 1 0 0 0.2968655934917405 -0.9549192737612937 5.680368120844464
cell 52.04533663592346 52.72618654074822 0.0 1.0 1.0 1 0 0 0.0 1.0 0
cell 19.709178997805314 27.989018333578894 0.0 1.6431676725154984 0.6085806194501846 1 0 0 0.6521777767343252 0.7580660575001843 1.4209074106307065
cell 45.14101841996041 43.16062470533623 0.0 1.0 1.0 1 0 0 0.0 1.0 0
cell 30.174135096295302 19.649434197478776 0.0 1.6431676725154984 0.6085806194501846 1 0 0 -0.053533588207814155 0.9985660493595785 6.176066925043434
cell 56.8006085401035 12.754691280107975 0.0 1.6431676725154984 0.6085806194501846 1 0 0 0.05541583884630933 0.9984633617739611 0.11088848200675723
cell 11.413615853208256 33.61049029367714 0.0 1.0 1.0 1 0 0 0.0 1.0 0
cell 0.6460646328949796 19.210002497818895 0.0 1.0 1.0 1 0 0 0.0 1.0 0
cell 34.372263173149676 17.04588645321463 0.0 1.6431676725154984 0.6085806194501846 1 0 0 0.06124654370440319 -0.9981226682548917 6.160615508775711
cell 15.042732267574458 22.054654437831026 0.0 1.6431676725154984 0.6085806194501846 1 0 0 -0.32155823102252373 -0.9468898056593836 0.6547493185189488
cell 13.834057779146944 49.12626526013884 0.0 1.0 1.0 1 0 0 0.0 1.0 0
cell 31.62986313585605 40.53091250608199 0.0 1.0 1.0 1 0 0 0.0 1.0 0
cell 31.32119781080055 16.20506366636044 0.0 1.6431676725154984 0.6085806194501846 1 0 0 0.46025658730505065 -0.8877859392006096 5.326616914755508
cell 43.82342819253412 22.555861223121564 0.0 1.6431676725154984 0.6085806194501846 1 0 0 0.9628567044417101 0.270012901009654 2.5947797933435583
cell 53.66634368749235 9.517533403806485 0.0 1.0 1.0 1 0 0 0.0 1.0 0
cell 32.155672465892096 22.795796115652344 0.0 1.6431676725154984 0.6085806194501846 1 0 0 0.6616094453075752 -0.7498486126411136 4.837259118584993
cell 46.102465977055196 3.1945206214876487 0.0 1.6431676725154984 0.6085806194501846 1 0 0 0.9247351209576755 0.3806112926167498 2.3606781479987036
cell 13.21806801914648 22.3160804623874 0.0 1.0 1.0 1 0 0 0.0 1.0 0
cell 43.3073645447265 31.495337716113916 0.0 1.6431676725154984 0.6085806194501846 1 0 0 -0.5823688079556175 -0.8129247022451422 1.2432791849763598
cell 24.004690610762633 19.568353699909903 0.0 1.6431676725154984 0.6085806194501846 1 0 0 0.6135757451573088 0.7896358685841552 1.3211620283810905
cell 58.63182136535537 24.727098612513984 0.0 1.6431676725154984 0.6085806194501846 1 0 0 -0.06623727842941589 0.9978039000456272 6.150613689263664
cell 48.32432501959039 14.425272178355877 0.0 1.6431676725154984 0.6085806194501846 1 0 0 -0.033389161537327273 0.9994424265018141 6.216394570061791
cell 50.18569836224437 16.452704986188852 0.0 1.6431676725154984 0.6085806194501846 1 0 0 0.03359269636831631 -0.9994356061051187 6.215987271913599
cell 9.576468613033626 57.01205098126421 0.0 1.0 1.0 1 0 0 0.0 1.0 0
cell 41.00320697496996 38.810882347016744 0.0 1.0 1.0 1 0 0 0.0 1.0 0
cell 6.691872715729021 12.81745384778873 0.0 1.6431676725154984 0.6085806194501846 1 0 0 0.8606553113236592 0.5091880154622408 2.0731104985559914
cell 54.841678192944876 19.82265769094286 0.0 1.0 1.0 1 0 0 0.0 1.0 0
cell 20.664319686009634 7.040279853721206 0.0 1.0 1.0 1 0 0 0.0 1.0 0
cell 59.578300266538896 9.349121884024166 0.0 1.0 1.0 1 0 0 0.0 1.0 0
cell 8.330786961949881 10.285048001426825 0.0 1.6431676725154984 0.6085806194501846 1 0 0 0.8570723635259769 0.5151960439289063 2.059119913075386
cell 22.023232019594857 57.885983902058804 0.0 1.0 1.0 1 0 0 0.0 1.0 0
cell 23.78968781394258 39.008409913913944 0.0 1.6431676725154984 0.6085806194501846 1 0 0 0.4579452541948423 0.8889803958245768 0.9513649354227554
cell 51.18201038772396 50.97390362230813 0.0 1.0 1.0 1 0 0 0.0 1.0 0
cell 19.12948564912515 0.2828763894706856 0.0 1.0 1.0 1 0 0 0.0 1.0 0
cell 55.546632983402205 25.483358762791216 0.0 1.6431676725154984 0.6085806194501846 1 0 0 -0.06501801146749758 0.9978840905560186 6.153057491733707
cell 14.831843281564648 16.69100464145188 0.0 1.0 1.0 1 0 0 0.0 1.0 0
cell 55.99643060722237 20.929638177529654 0.0 1.0 1.0 1 0 0 0.0 1.0 0
cell 28.738578982798 8.508741313724098 0.0 1.0 1.0 1 0 0 0.0 1.0 0
cell 4.3700443776117766 59.62546545541072 0.0 1.0 1.0 1 0 0 0.0 1.0 0
cell 28.90974532823498 10.361961035843278 0.0 1.6431676725154984 0.6085806194501846 1 0 0 0.9624945374646228 -0.2713010603568697 3.6910817198746395
cell 57.12261397878359 22.193579788421612 0.0 1.0 1.0 1 0 0 0.0 1.0 0
cell 9.522269833933962 20.660012121685682 0.0 1.6431676725154984 0.6085806194501846 1 0 0 -0.17330778103358996 -0.9848677134687751 0.34837457584984666
cell 18.165125661030295 27.12169379990977 0.0 1.6431676725154984 0.6085806194501846 1 0 0 0.6138158804554807 -0.7894492161631823 4.961414989103051
cell 33.143499074316175 37.170227481041174 0.0 1.6431676725154984 0.6085806194501846 1 0 0 0.8998951413617975 -0.43610633399829285 4.044127282188017
cell 37.71925249630319 10.395890042647373 0.0 1.6431676725154984 0.6085806194501846 1 0 0 0.37860794249423013 0.9255571434980585 0.7765836236473609
cell 42.232025177356086 18.779853401858 0.0 1.6431676725154984 0.6085806194501846 1 0 0 0.8883486565789244 -0.4591695377030365 4.095712921938438
cell 4.374755699894891 28.455857506187865 0.0 1.6431676725154984 0.6085806194501846 1 0 0 -0.4467313104749794 -0.8946681710228143 0.9262169411841015
cell 18.76807829063494 2.1858309074798816 0.0 1.0 1.0 1 0 0 0.0 1.0 0
cell 24.178044792630374 42.759179684436994 0.0 1.6431676725154984 0.6085806194501846 1 0 0 0.39945426668878037 0.9167531231602807 0.821842959046172
cell 57.95023012246103 20.613686310763473 0.0 1.0 1.0 1 0 0 0.0 1.0 0
cell 4.00814167398318 15.33316443400051 0.0 1.6431676725154984 0.6085806194501846 1 0 0 -0.30948806751917096 -0.9509033263498708 0.6293092417183255
cell 9.049659808407652 41.39433170971444 0.0 1.6431676725154984 0.6085806194501846 1 0 0 0.43805372893883493 0.898948791958019 0.9068649524105357
cell 2.0802197408096874 4.489531884408059 0.0 1.0 1.0 1 0 0 0.0 1.0 0
cell 31.11190020785333 55.390446948279475 0.0 1.0 1.0 1 0 0 0.0 1.0 0
cell 37.36424844619784 53.14913136398869 0.0 1.0 1.0 1 0 0 0.0 1.0 0
cell 7.466732205002141 41.57828454711396 0.0 1.0 1.0 1 0 0 0.0 1.0 0
cell 1.4314410862861509 15.484520728635347 0.0 1.6431676725154984 0.6085806194501846 1 0 0 -0.03911928116388141 -0.9992345479621995 0.07825853106426361
cell 21.891003625483343 50.15422345276129 0.0 1.0 1.0 1 0 0 0.0 1.0 0
cell 25.785850978036752 39.801124054607904 0.0 1.6431676725154984 0.6085806194501846 1 0 0 0.6177352523865355 0.7863861379493813 1.3317189814037949
cell 21.363876762324416 10.359117988781179 0.0 1.0 1.0 1 0 0 0.0 1.0 0
cell 23.654364296840363 54.86388004044589 0.0 1.0 1.0 1 0 0 0.0 1.0 0
cell 3.6333140150900634 42.34974953690793 0.0 1.0 1.0 1 0 0 0.0 1.0 0
cell 22.95916716319984 46.48668722314084 0.0 1.0 1.0 1 0 0 0.0 1.0 0
cell 48.140885699083626 23.871495653301093 0.0 1.6431676725154984 0.6085806194501846 1 0 0 -0.559824127300091 -0.8286114568920053 1.1883470697554817
cell 4.261294196882526 32.80047315930196 0.0 1.0 1.0 1 0 0 0.0 1.0 0
cell 58.72600320929492 48.20981558442351 0.0 1.0 1.0 1 0 0 0.0 1.0 0
cell 21.33511396107608 45.347272834448766 0.0 1.0 1.0 1 0 0 0.0 1.0 0
cell 26.842815514362556 19.71266862377299 0.0 1.6431676725154984 0.6085806194501846 1 0 0 0.6101850033188319 0.7922589612776855 1.3125881672580617
cell 2.315791450630083 59.376163291313915 0.0 1.0 1.0 1 0 0 0.0 1.0 0
cell 26.28336636879139 45.23581161926193 0.0 1.6431676725154984 0.6085806194501846 1 0 0 -0.38758398300450353 -0.9218343973395464 0.7960185288715511
cell 10.054321541234808 4.804724454097435 0.0 1.0 1.0 1 0 0 0.0 1.0 0
cell 58.17711397549434 42.29156793322597 0.0 1.0 1.0 1 0 0 0.0 1.0 0
cell 36.17293906528073 54.56838551112676 0.0 1.0 1.0 1 0 0 0.0 1.0 0
cell 56.36053543571849 24.027322368104226 0.0 1.0 1.0 1 0 0 0.0 1.0 0
cell 18.27448291292807 44.47486421823023 0.0 1.0 1.0 1 0 0 0.0 1.0 0
cell 22.92099760478192 15.539535484369939 0.0 1.0 1.0 1 0 0 0.0 1.0 0
cell 43.9546571999902 35.3988653143764 0.0 1.6431676725154984 0.6085806194501846 1 0 0 -0.04857924134860549 0.9988193316661397 6.1859885691003695
cell 34.52205182694547 48.29981487590293 0.0 1.0 1.0 1 0 0 0.0 1.0 0
cell 50.60146851032486 57.738545303107415 0.0 1.0 1.0 1 0 0 0.0 1.0 0
cell 50.367561469219496 29.76911186879027 0.0 1.6431676725154984 0.6085806194501846 1 0 0 -0.1825644319765423 0.9831938914461799 5.915997127809905
cell 19.390458565252068 25.06618639732637 0.0 1.6431676725154984 0.6085806194501846 1 0 0 -0.007438276091341957 -0.9999723356417362 0.014876689367625318
cell 57.23741385621736 40.68287841523161 0.0 1.0 1.0 1 0 0 0.0 1.0 0
cell 31.234188921690826 35.32833997003602 0.0 1.6431676725154984 0.6085806194501846 1 0 0 0.9999455250852642 -0.01043776134787476 3.162468555357909
cell 47.46325498491339 15.869454266217934 0.0 1.6431676725154984 0.6085806194501846 1 0 0 -0.19914709285086743 0.9799696094313578 5.882210300596654
cell 28.0404636771215 58.08343475667648 0.0 1.0 1.0 1 0 0 0.0 1.0 0
cell 28.51119278252649 39.22829684021221 0.0 1.0 1.0 1 0 0 0.0 1.0 0
cell 7.6629364890116145 57.35554781670249 0.0 1.0 1.0 1 0 0 0.0 1.0 0
cell 24.920102590329947 51.14279390684148 0.0 1.0 1.0 1 0 0 0.0 1.0 0
cell 52.46914566364777 57.83541479106799 0.0 1.0 1.0 1 0 0 0.0 1.0 0
cell 33.771807606646064 23.524832767296328 0.0 1.6431676725154984 0.6085806194501846 1 0 0 0.8741170979486695 -0.4857152448439271 4.155955113899299
cell 44.657830708356954 44.81217883704514 0.0 1.0 1.0 1 0 0 0.0 1.0 0
cell 26.830024952175986 42.68804496707681 0.0 1.6431676725154984 0.6085806194501846 1 0 0 0.6227884170661171 0.7823903038562532 1.344603283000459
cell 50.303348329127964 20.840544926405677 0.0 1.0 1.0 1 0 0 0.0 1.0 0
cell 1.9418293137314462 27.9336092622889 0.0 1.6431676725154984 0.6085806194501846 1 0 0 -0.08356109745010773 0.9965026557881989 6.11586801137106
cell 8.287637981360115 0.9197260398337335 0.0 1.0 1.0 1 0 0 0.0 1.0 0
cell 30.55981661290967 4.56319369964402 0.0 1.6431676725154984 0.6085806194501846 1 0 0 0.21678772545424757 -0.9762187675374684 5.8461398389885835
cell 49.56705321604259 40.58286059399165 0.0 1.0 1.0 1 0 0 0.0 1.0 0
cell 45.60970751463655 49.53719188689998 0.0 1.0 1.0 1 0 0 0.0 1.0 0
cell 49.84887362531975 10.368304340597476 0.0 1.6431676725154984 0.6085806194501846 1 0 0 -0.1347245838139892 0.9908830841810488 6.012914293227931
cell 53.129605579459536 18.806768301969804 0.0 1.0 1.0 1 0 0 0.0 1.0 0
cell 31.071874203030156 22.127393480603057 0.0 1.6431676725154984 0.6085806194501846 1 0 0 0.434185495653327 -0.900823487351587 5.384917503138597
cell 52.84699868901777 29.80811471046852 0.0 1.6431676725154984 0.6085806194501846 1 0 0 -0.1715694395624093 0.9851720293472814 5.9383402865610115
cell 20.560879693761112 12.128454252937525 0.0 1.0 1.0 1 0 0 0.0 1.0 0
cell 53.70127788732114 6.3261660934060755 0.0 1.0 1.0 1 0 0 0.0 1.0 0
cell 37.10272356764983 38.89587324968887 0.0 1.6431676725154984 0.6085806194501846 1 0 0 0.8437548621188679 -0.5367287328350983 4.2747031973586305
cell 15.983148453624723 18.30019723641538 0.0 1.0 1.0 1 0 0 0.0 1.0 0
cell 40.12789561824912 1.8084607115481097 0.0 1.6431676725154984 0.6085806194501846 1 0 0 -0.04297249185252073 -0.9990762558203378 0.08597145721335586
cell 55.075811537576854 18.337061989482372 0.0 1.0 1.0 1 0 0 0.0 1.0 0
cell 1.6185063613027617 36.766676984966715 0.0 1.0 1.0 1 0 0 0.0 1.0 0
cell 42.3182698131742 7.664561601227491 0.0 1.0 1.0 1 0 0 0.0 1.0 0
cell 24.30370082306628 48.04351533948592 0.0 1.0 1.0 1 0 0 0.0 1.0 0
cell 29.820203745113716 48.4209148533247 0.0 1.0 1.0 1 0 0 0.0 1.0 0
cell 19.593889319724802 41.05026034053617 0.0 1.0 1.0 1 0 0 0.0 1.0 0
cell 27.503475839324132 33.8787905080925 0.0 1.0 1.0 1 0 0 0.0 1.0 0
cell 50.78038819316449 4.269622991151367 0.0 1.0 1.0 1 0 0 0.0 1.0 0
cell 38.629517331877885 47.77716840270763 0.0 1.6431676725154984 0.6085806194501846 1 0 0 -0.39040147857721597 -0.9206447118865798 0.802135273126507
cell 0.14770228788504478 23.518217713767463 0.0 1.0 1.0 1 0 0 0.0 1.0 0
cell 1.2153411133307335 35.08593067312978 0.0 1.0 1.0 1 0 0 0.0 1.0 0
cell 33.282304817345924 4.066923559773613 0.0 1.6431676725154984 0.6085806194501846 1 0 0 0.9823835093893314 0.18687600295356682 2.765630331700959
cell 28.740431098893804 35.38320528671409 0.0 1.0 1.0 1 0 0 0.0 1.0 0
cell 31.79167644615647 46.42069316038556 0.0 1.6431676725154984 0.6085806194501846 1 0 0 0.7006454623890522 0.7135095907089345 1.552603451162385
cell 43.63989541025687 14.8317919724421 0.0 1.0 1.0 1 0 0 0.0 1.0 0
cell 35.66342794890955 0.01713670109719048 0.0 1.6431676725154984 0.6085806194501846 1 0 0 0.30921644261157494 -0.9509916885118621 5.654447337594847
cell 22.198058821787647 19.062942740249632 0.0 1.0 1.0 1 0 0 0.0 1.0 0
cell 31.480518639861394 57.02607439072885 0.0 1.0 1.0 1 0 0 0.0 1.0 0
cell 15.727735932812731 41.562589050263284 0.0 1.0 1.0 1 0 0 0.0 1.0 0
cell 27.006089352957662 39.66176548069428 0.0 1.0 1.0 1 0 0 0.0 1.0 0
cell 34.39370644459084 43.09421992477941 0.0 1.0 1.0 1 0 0 0.0 1.0 0
cell 5.006620315882374 43.79673504645582 0.0 1.0 1.0 1 0 0 0.0 1.0 0
cell 51.0365828028765 31.185089134742746 0.0 1.6431676725154984 0.6085806194501846 1 0 0 -0.011226997279229205 0.9999369752799884 6.260730840890329
cell 11.575020557734089 30.006971853262822 0.0 1.0 1.0 1 0 0 0.0 1.0 0
cell 41.99504692101672 36.76411753123843 0.0 1.6431676725154984 0.6085806194501846 1 0 0 0.1445672414926104 -0.9894949786063683 5.993034095964604
cell 32.313894655169605 59.275114433940104 0.0 1.6431676725154984 0.6085806194501846 1 0 0 0.7286102273655914 0.6849285631204624 1.6325813557259272
cell 2.3583187923559032 50.08476210752699 0.0 1.0 1.0 1 0 0 0.0 1.0 0
cell 5.940318545079997 50.80902087640855 0.0 1.0 1.0 1 0 0 0.0 1.0 0
cell 55.49673830153744 43.77312089677995 0.0 1.0 1.0 1 0 0 0.0 1.0 0
cell 1.9308310426342106 38.46603683518118 0.0 1.0 1.0 1 0 0 0.0 1.0 0
cell 5.264288853970747 13.369503134883944 0.0 1.6431676725154984 0.6085806194501846 1 0 0 0.5246832728795167 0.8512975174170536 1.1046860364274305
cell 25.67390137521301 8.211241279765357 0.0 1.0 1.0 1 0 0 0.0 1.0 0
cell 50.30707898674628 25.70437309197572 0.0 1.6431676725154984 0.6085806194501846 1 0 0 0.022626370293219223 0.9997439909133509 0.045256602686196364
cell 4.509695503741636 40.60598510200984 0.0 1.0 1.0 1 0 0 0.0 1.0 0
cell 22.568934740507217 20.924640353859942 0.0 1.0 1.0 1 0 0 0.0 1.0 0
cell 25.376819279801804 55.886333488562656 0.0 1.0 1.0 1 0 0 0.0 1.0 0
cell 11.42470778357939 56.561399049916666 0.0 1.0 1.0 1 0 0 0.0 1.0 0
cell 37.246469729857935 11.628742497331224 0.0 1.6431676725154984 0.6085806194501846 1 0 0 -0.21889671139682773 -0.9757480359906721 0.44136723251224996
cell 45.69055338136316 41.35536699312996 0.0 1.0 1.0 1 0 0 0.0 1.0 0
cell 30.990969691324484 50.3902230802238 0.0 1.6431676725154984 0.6085806194501846 1 0 0 0.6233975019080074 0.7819050803101717 1.34616075051529
cell 57.0616187064298 57.119118689360285 0.0 1.0 1.0 1 0 0 0.0 1.0 0
cell 29.773864424019543 40.791475139974715 0.0 1.0 1.0 1 0 0 0.0 1.0 0
cell 48.98135152717053 54.230513754519414 0.0 1.0 1.0 1 0 0 0.0 1.0 0
cell 52.301023172273446 20.6599687686705 0.0 1.0 1.0 1 0 0 0.0 1.0 0
cell 51.94223861360195 12.9834143175056 0.0 1.6431676725154984 0.6085806194501846 1 0 0 0.08074444444538877 0.9967348366999147 0.16166488130094914
cell 18.121078856896187 24.004248390790362 0.0 1.6431676725154984 0.6085806194501846 1 0 0 -0.12447603328396696 0.9922226147079539 6.033585827376654
cell 52.1397608100819 38.25612068303595 0.0 1.0 1.0 1 0 0 0.0 1.0 0
cell 7.266409569432844 58.96371099354943 0.0 1.0 1.0 1 0 0 0.0 1.0 0
cell 25.94390017482558 13.151089085658313 0.0 1.6431676725154984 0.6085806194501846 1 0 0 0.8461527920782 -0.5329403835873825 4.265736215305414
cell 57.10342531058621 34.130622985035636 0.0 1.0 1.0 1 0 0 0.0 1.0 0
cell 56.731866446543464 5.152839774017336 0.0 1.0 1.0 1 0 0 0.0 1.0 0
cell 32.616806780191766 10.79217043848259 0.0 1.6431676725154984 0.6085806194501846 1 0 0 0.9985599303749475 0.05364760432283991 3.0342459110676487
cell 18.178545485038818 17.2407965923784 0.0 1.0 1.0 1 0 0 0.0 1.0 0
cell 25.82175773250223 32.910425415514375 0.0 1.0 1.0 1 0 0 0.0 1.0 0
cell 9.130124042765788 6.890912900409401 0.0 1.6431676725154984 0.6085806194501846 1 0 0 0.6901259436045598 0.7236892855113415 1.5233261365045083
cell 7.488409581971033 48.483896878932846 0.0 1.0 1.0 1 0 0 0.0 1.0 0
cell 42.347880757079835 40.24550596367944 0.0 1.0 1.0 1 0 0 0.0 1.0 0
cell 18.161794757175127 9.487196216417557 0.0 1.6431676725154984 0.6085806194501846 1 0 0 0.6625087420839368 0.7490541813930148 1.4483260684855013
cell 6.362504475783834 29.860319923422946 0.0 1.0 1.0 1 0 0 0.0 1.0 0
cell 6.154184701741474 47.047125842398 0.0 1.0 1.0 1 0 0 0.0 1.0 0
cell 20.90187010171213 15.389569033549087 0.0 1.0 1.0 1 0 0 0.0 1.0 0
cell 51.051968863156674 0.19986837486325673 0.0 1.6431676725154984 0.6085806194501846 1 0 0 0.9467881415689576 0.32185744512811804 2.48621130763758
cell 24.38996002652364 11.940510448292004 0.0 1.0 1.0 1 0 0 0.0 1.0 0
cell 45.49574120265167 14.066228282005897 0.0 1.0 1.0 1 0 0 0.0 1.0 0
cell 41.55643482129055 58.5072336987248 0.0 1.6431676725154984 0.6085806194501846 1 0 0 0.9873644358432413 0.15846599266706388 2.8233190132943813
cell 58.52172951537651 28.66758888669916 0.0 1.6431676725154984 0.6085806194501846 1 0 0 -0.19215561258436825 0.981364468763938 5.896468862116407
cell 54.013770058293 21.229033674239574 0.0 1.0 1.0 1 0 0 0.0 1.0 0
cell 58.01558454889298 58.8650160611959 0.0 1.0 1.0 1 0 0 0.0 1.0 0
cell 48.56051589276145 44.42943896438496 0.0 1.0 1.0 1 0 0 0.0 1.0 0
cell 49.05619965375569 42.499792320586586 0.0 1.0 1.0 1 0 0 0.0 1.0 0
cell 11.328511559169687 18.43757638318495 0.0 1.6431676725154984 0.6085806194501846 1 0 0 0.30203362803263756 0.9532972713364086 0.6136503843147113
cell 23.530683893046245 32.39351534419012 0.0 1.6431676725154984 0.6085806194501846 1 0 0 -0.7026597332090437 -0.7115260355929328 1.5582573995727858
cell 11.208088510554028 22.36808335370357 0.0 1.0 1.0 1 0 0 0.0 1.0 0
cell 12.962360670171039 2.4691324651964957 0.0 1.0 1.0 1 0 0 0.0 1.0 0
cell 43.14994961285618 10.059652642148167 0.0 1.6431676725154984 0.6085806194501846 1 0 0 0.012407358067578691 0.9999230257703754 0.02481535285264771
cell 41.6548503633508 42.11065241273713 0.0 1.0 1.0 1 0 0 0.0 1.0 0
cell 19.655812371960423 13.805274034353536 0.0 1.0 1.0 1 0 0 0.0 1.0 0
cell 15.661524241559201 21.038727665902254 0.0 1.6431676725154984 0.6085806194501846 1 0 0 0.21876532945135518 0.9757775005758433 0.4410979417593237
cell 14.840966025777373 45.2371617506473 0.0 1.0 1.0 1 0 0 0.0 1.0 0
cell 21.919172249148044 8.661290104929522 0.0 1.0 1.0 1 0 0 0.0 1.0 0
cell 58.411072661607086 13.70896642168218 0.0 1.6431676725154984 0.6085806194501846 1 0 0 0.0035280325518382487 0.9999937764737904 0.0070560797415816405
cell 5.0955856124253005 26.892137639794672 0.0 1.0 1.0 1 0 0 0.0 1.0 0
cell 5.67251643170685 5.43568179833578 0.0 1.0 1.0 1 0 0 0.0 1.0 0
cell 50.28200224614972 49.41334777298425 0.0 1.0 1.0 1 0 0 0.0 1.0 0
cell 50.14175908968214 6.1079225704304365 0.0 1.0 1.0 1 0 0 0.0 1.0 0
cell 28.79772538981398 51.11307004172279 0.0 1.0 1.0 1 0 0 0.0 1.0 0
cell 47.4340620314109 46.811761105079185 0.0 1.0 1.0 1 0 0 0.0 1.0 0
cell 35.99542106006693 44.194819549067425 0.0 1.0 1.0 1 0 0 0.0 1.0 0
cell 1.3679207636447503 16.45113354327273 0.0 1.6431676725154984 0.6085806194501846 1 0 0 -0.002852858335701419 -0.9999959305913781 0.005705724411046553
cell 3.146054856983786 35.55628799429564 0.0 1.0 1.0 1 0 0 0.0 1.0 0
cell 22.684859746032053 44.51730195934235 0.0 1.0 1.0 1 0 0 0.0 1.0 0
cell 30.742134204974036 20.944743929308782 0.0 1.6431676725154984 0.6085806194501846 1 0 0 0.31947528434280786 -0.9475946088354883 5.632833904683494
cell 4.481449783019919 47.64953814989301 0.0 1.0 1.0 1 0 0 0.0 1.0 0
cell 36.18156753345879 42.192114017170155 0.0 1.0 1.0 1 0 0 0.0 1.0 0
cell 54.43855001526697 24.312242269960613 0.0 1.0 1.0 1 0 0 0.0 1.0 0
cell 11.358543654095632 46.08655155541042 0.0 1.0 1.0 1 0 0 0.0 1.0 0
cell 43.172515072988176 6.2110908533527684 0.0 1.6431676725154984 0.6085806194501846 1 0 0 0.9991637857309957 0.04088678617481235 3.0597962802040235
cell 43.092277648312965 26.401101958146842 0.0 1.6431676725154984 0.6085806194501846 1 0 0 0.6913536356323585 0.7225165399476472 1.5267217575462115
cell 6.276032386403797 0.5357453157313794 0.0 1.0 1.0 1 0 0 0.0 1.0 0
cell 40.72825491147528 48.18543516732462 0.0 1.0 1.0 1 0 0 0.0 1.0 0
cell 16.487409074462168 52.07576371556255 0.0 1.0 1.0 1 0 0 0.0 1.0 0
cell 34.22732851494686 45.13747083512249 0.0 1.0 1.0 1 0 0 0.0 1.0 0
cell 10.754945022258633 47.97908155821909 0.0 1.0 1.0 1 0 0 0.0 1.0 0
cell 55.2445560536812 40.4936822451271 0.0 1.0 1.0 1 0 0 0.0 1.0 0
cell 47.09495716804283 42.9764048655668 0.0 1.0 1.0 1 0 0 0.0 1.0 0
cell 22.428812764269143 48.309459847714415 0.0 1.0 1.0 1 0 0 0.0 1.0 0
cell 42.05800903555608 46.87403698482403 0.0 1.0 1.0 1 0 0 0.0 1.0 0
cell 8.178684975496381 38.74889211949932 0.0 1.6431676725154984 0.6085806194501846 1 0 0 0.5367522321735401 0.8437399132770252 1.133166246076857
cell 52.003958871549145 33.2231438868518 0.0 1.6431676725154984 0.6085806194501846 1 0 0 -0.1526706852267167 0.9882771179544757 5.976645153268814
cell 48.2948458097464 27.304637773576665 0.0 1.6431676725154984 0.6085806194501846 1 0 0 -0.0279009417857809 0.9996106929437412 6.227376181124516
cell 59.3466302072699 2.460248421832601 0.0 1.0 1.0 1 0 0 0.0 1.0 0
cell 8.283089346203774 35.07482367228366 0.0 1.0 1.0 1 0 0 0.0 1.0 0
cell 7.409409642363507 33.41057982957799 0.0 1.0 1.0 1 0 0 0.0 1.0 0
cell 26.378831338504884 37.78347202299182 0.0 1.0 1.0 1 0 0 0.0 1.0 0
cell 6.938712991775532 43.38471144656249 0.0 1.0 1.0 1 0 0 0.0 1.0 0
cell 5.409572028492834 11.683543268844916 0.0 1.0 1.0 1 0 0 0.0 1.0 0
cell 56.11684751916685 37.21594672551525 0.0 1.0 1.0 1 0 0 0.0 1.0 0
cell 13.964737684160632 36.00395276839895 0.0 1.0 1.0 1 0 0 0.0 1.0 0
cell 49.40478980831907 22.647946015051435 0.0 1.0 1.0 1 0 0 0.0 1.0 0
cell 48.29509867022259 20.947313877542715 0.0 1.0 1.0 1 0 0 0.0 1.0 0
cell 56.6143826068752 39.04942096256938 0.0 1.0 1.0 1 0 0 0.0 1.0 0
cell 3.910924448748179 4.900818396928745 0.0 1.0 1.0 1 0 0 0.0 1.0 0
cell 24.194234487684977 41.18556182833854 0.0 1.6431676725154984 0.6085806194501846 1 0 0 0.4785509933099329 0.8780597626597386 0.998007463798964
cell 0.9717354068599228 1.0531560692349298 0.0 1.0 1.0 1 0 0 0.0 1.0 0
cell 9.106960577774053 16.208796005471733 0.0 1.6431676725154984 0.6085806194501846 1 0 0 0.36979845823255963 0.9291119955574902 0.7575841852562941
cell 8.803381212012951 19.01173008176557 0.0 1.6431676725154984 0.6085806194501846 1 0 0 -0.26332092353098796 -0.9647082933357563 0.5329260121229158
cell 56.25232895974359 42.1141494581921 0.0 1.0 1.0 1 0 0 0.0 1.0 0
cell 47.08444338339457 4.151562629567368 0.0 1.6431676725154984 0.6085806194501846 1 0 0 0.997606734931061 0.06914334689749908 3.0031955351728197
cell 4.356294360850252 10.645912947267552 0.0 1.0 1.0 1 0 0 0.0 1.0 0
cell 1.681792532697665 42.16664450324152 0.0 1.0 1.0 1 0 0 0.0 1.0 0
cell 9.316384199795959 51.735778198839164 0.0 1.0 1.0 1 0 0 0.0 1.0 0
cell 40.23874045997156 22.407127139863668 0.0 1.6431676725154984 0.6085806194501846 1 0 0 0.26262641653116536 0.964897593188002 0.5314863254497284
cell 16.50538274461698 16.815805741145105 0.0 1.0 1.0 1 0 0 0.0 1.0 0
cell 5.0284341014569724 36.59186170799985 0.0 1.6431676725154984 0.6085806194501846 1 0 0 0.5363696784561334 0.8439831562494977 1.132259571948234
cell 43.873473731023665 56.24025714600414 0.0 1.0 1.0 1 0 0 0.0 1.0 0
cell 47.62684078352227 41.046087113935904 0.0 1.0 1.0 1 0 0 0.0 1.0 0
cell 58.96053173309936 27.64024219685371 0.0 1.6431676725154984 0.6085806194501846 1 0 0 -0.08269873600251475 0.9965745928246347 6.117598724808041
cell 51.20951683656118 19.082463324504666 0.0 1.0 1.0 1 0 0 0.0 1.0 0
cell 48.92421604067975 4.918337171627074 0.0 1.0 1.0 1 0 0 0.0 1.0 0
cell 49.80074602328228 55.962191435194946 0.0 1.0 1.0 1 0 0 0.0 1.0 0
cell 8.845875094182432 36.92793164866827 0.0 1.0 1.0 1 0 0 0.0 1.0 0
cell 6.7707015561133534 10.92563297966195 0.0 1.6431676725154984 0.6085806194501846 1 0 0 0.8245029740937649 0.5658576196452041 1.9386465568296811
cell 12.609195972034483 23.8050450892077 0.0 1.0 1.0 1 0 0 0.0 1.0 0
cell 51.732376034147826 9.298798011629081 0.0 1.0 1.0 1 0 0 0.0 1.0 0
cell 53.702577889411465 56.323958109627 0.0 1.0 1.0 1 0 0 0.0 1.0 0
cell 38.32869343480683 4.107631465496304 0.0 1.6431676725154984 0.6085806194501846 1 0 0 0.9858049246209452 0.16789476046944626 2.8042052033459197
cell 11.748231272675056 13.557922176046203 0.0 1.0 1.0 1 0 0 0.0 1.0 0
cell 47.47860388907124 50.848536161912165 0.0 1.0 1.0 1 0 0 0.0 1.0 0
cell 53.252601746524945 28.604276623442892 0.0 1.6431676725154984 0.6085806194501846 1 0 0 -0.08004216475677328 0.9967914786258205 6.122929546298399
cell 39.08185756553408 6.953774545471406 0.0 1.6431676725154984 0.6085806194501846 1 0 0 0.4772764442831869 0.8787532052472969 0.9951055070706929
cell 11.557592405293635 16.38641669081631 0.0 1.6431676725154984 0.6085806194501846 1 0 0 0.3062367478284317 0.9519553846055315 0.6224746480452037
cell 30.421048165226726 51.71527759295398 0.0 1.6431676725154984 0.6085806194501846 1 0 0 0.5554486171406696 0.8315508605710885 1.1778047270407437
cell 31.423116094935658 9.646280407421996 0.0 1.6431676725154984 0.6085806194501846 1 0 0 0.8380128149325847 0.5456505493525737 1.9872622161477371
cell 38.31695070842324 25.244956331405017 0.0 1.6431676725154984 0.6085806194501846 1 0 0 -0.012566228823923602 -0.999921041829376 0.02513311913969929
cell 58.373011918923034 17.32649943753648 0.0 1.0 1.0 1 0 0 0.0 1.0 0
cell 0.30161984191638314 56.13829080620331 0.0 1.0 1.0 1 0 0 0.0 1.0 0
cell 27.142895828441443 6.782083845400103 0.0 1.0 1.0 1 0 0 0.0 1.0 0
cell 35.67173649230074 57.89119517315042 0.0 1.0 1.0 1 0 0 0.0 1.0 0
cell 1.1162880398705621 25.949609684814025 0.0 1.6431676725154984 0.6085806194501846 1 0 0 -0.060570150055657065 0.9981639429082956 6.161970812406121
cell 48.467962511712216 1.7318266853869444 0.0 1.6431676725154984 0.6085806194501846 1 0 0 0.9357911423982659 0.35255487205390945 2.4209928981138744
cell 4.92869009138423 1.7476995767197443 0.0 1.0 1.0 1 0 0 0.0 1.0 0
cell 53.411177378579865 1.4793341080853801 0.0 1.0 1.0 1 0 0 0.0 1.0 0
cell 52.69595586157436 7.82967789550328 0.0 1.0 1.0 1 0 0 0.0 1.0 0
cell 50.696127478379495 11.596899424918925 0.0 1.0 1.0 1 0 0 0.0 1.0 0
cell 33.055921790474514 55.773612882799846 0.0 1.0 1.0 1 0 0 0.0 1.0 0
cell 14.725314538309743 43.2769644035494 0.0 1.0 1.0 1 0 0 0.0 1.0 0
cell 58.360182207824224 31.258645700713114 0.0 1.0 1.0 1 0 0 0.0 1.0 0
cell 37.43069078638575 32.63664800806336 0.0 1.6431676725154984 0.6085806194501846 1 0 0 0.7118567053882632 -0.702324733292063 4.698908634101773
cell 50.71065040576514 24.161196108705916 0.0 1.0 1.0 1 0 0 0.0 1.0 0
cell 13.11458996426722 16.21242096695451 0.0 1.0 1.0 1 0 0 0.0 1.0 0
cell 36.78470341178614 29.403254323888767 0.0 1.6431676725154984 0.6085806194501846 1 0 0 0.8525884103446868 -0.5225830101963898 4.241348168354454
cell 51.027544561071934 17.555449851491762 0.0 1.6431676725154984 0.6085806194501846 1 0 0 0.0959101353315697 -0.995389996906077 6.0910697278814006
cell 48.055357618131254 18.073863096136208 0.0 1.6431676725154984 0.6085806194501846 1 0 0 0.2720026101373665 -0.9622965135957107 5.732238316931421
cell 18.46354190749431 36.58427022372743 0.0 1.0 1.0 1 0 0 0.0 1.0 0
cell 30.031678171370107 15.822771182672145 0.0 1.6431676725154984 0.6085806194501846 1 0 0 0.34533679607765816 -0.9384788208983823 5.57799003544077
cell 9.631992833489553 46.312592002197675 0.0 1.0 1.0 1 0 0 0.0 1.0 0
cell 41.42500714252068 54.251652811779884 0.0 1.0 1.0 1 0 0 0.0 1.0 0
cell 5.152190805827234 31.246047885151352 0.0 1.6431676725154984 0.6085806194501846 1 0 0 0.6083435864262892 0.7936737874303271 1.3079437936134715
cell 10.135258432510145 35.37894108286339 0.0 1.0 1.0 1 0 0 0.0 1.0 0
cell 29.799600008759054 18.444644580156496 0.0 1.6431676725154984 0.6085806194501846 1 0 0 -0.0302004569907674 0.9995438621679135 6.222775207808121
cell 24.099541818101365 52.92386286531283 0.0 1.0 1.0 1 0 0 0.0 1.0 0
cell 32.29699538490083 53.91602452941078 0.0 1.0 1.0 1 0 0 0.0 1.0 0
cell 9.086248369753838 26.86985902939851 0.0 1.0 1.0 1 0 0 0.0 1.0 0
cell 38.65339737276205 59.09316652642268 0.0 1.6431676725154984 0.6085806194501846 1 0 0 0.04047445505773726 0.9991805735140066 0.08097102792553233
cell 0.815991213583291 5.95405296644657 0.0 1.0 1.0 1 0 0 0.0 1.0 0
cell 36.14184083524876 12.395268774773653 0.0 1.6431676725154984 0.6085806194501846 1 0 0 0.9480958738526879 -0.31798461280934337 3.788798666604155
cell 0.9186557044054791 39.95602083818238 0.0 1.0 1.0 1 0 0 0.0 1.0 0
cell 37.26317202431267 21.478875806115 0.0 1.6431676725154984 0.6085806194501846 1 0 0 0.20327026144924376 0.9791226689288508 0.4093935227623082
cell 11.85304517373052 15.106122160027319 0.0 1.0 1.0 1 0 0 0.0 1.0 0
cell 57.61460913199142 9.769787419511136 0.0 1.0 1.0 1 0 0 0.0 1.0 0
cell 10.241959728971825 2.986450722514869 0.0 1.0 1.0 1 0 0 0.0 1.0 0
cell 12.037784765879136 35.56160870783998 0.0 1.0 1.0 1 0 0 0.0 1.0 0
cell 6.319451328128702 18.11563781059763 0.0 1.6431676725154984 0.6085806194501846 1 0 0 -0.19568814761360462 -0.9806661760678586 0.39391823107301516
cell 31.00198813037279 28.007838417304843 0.0 1.6431676725154984 0.6085806194501846 1 0 0 0.2420195657206358 -0.9702713691583374 5.794291793778763
cell 7.673271193813535 12.984058952038547 0.0 1.6431676725154984 0.6085806194501846 1 0 0 0.844256824213723 0.5359388162547651 2.0103539369630767
cell 29.076124129411948 27.928269205891727 0.0 1.6431676725154984 0.6085806194501846 1 0 0 0.31079280602564907 -0.95047768607301 5.6511312430544685
cell 20.53791317673455 48.91722129722823 0.0 1.0 1.0 1 0 0 0.0 1.0 0
cell 16.94488333451795 2.874885781208579 0.0 1.0 1.0 1 0 0 0.0 1.0 0
cell 29.451613845970048 56.633103799535164 0.0 1.0 1.0 1 0 0 0.0 1.0 0
cell 54.73264754957404 57.62563302596589 0.0 1.6431676725154984 0.6085806194501846 1 0 0 0.8279550692252573 0.5607944394733239 1.9509026364260005
cell 3.9626143885465437 51.30068401693769 0.0 1.0 1.0 1 0 0 0.0 1.0 0
cell 35.512818824226194 52.7061408959283 0.0 1.0 1.0 1 0 0 0.0 1.0 0
cell 28.385213197073103 46.927975418564344 0.0 1.6431676725154984 0.6085806194501846 1 0 0 -0.2083148714761453 -0.9780618151844377 0.4197034325265445
cell 57.34727028219145 2.208303592941275 0.0 1.0 1.0 1 0 0 0.0 1.0 0
cell 16.793193638545567 26.88387250003285 0.0 1.6431676725154984 0.6085806194501846 1 0 0 0.45140249825792156 -0.8923204494835402 5.346512390865074
cell 52.85866482852812 27.524131591001293 0.0 1.6431676725154984 0.6085806194501846 1 0 0 -0.07801900284108412 0.9969518720558596 6.12698856667444
cell 22.417372063299347 56.03411409096186 0.0 1.0 1.0 1 0 0 0.0 1.0 0
cell 45.54639761846489 47.83427176453437 0.0 1.0 1.0 1 0 0 0.0 1.0 0
cell 20.84561809754945 34.66863234687147 0.0 1.6431676725154984 0.6085806194501846 1 0 0 0.4111301519463587 0.911576655120437 0.8473869865568054
cell 41.6814355663501 52.47879803514704 0.0 1.6431676725154984 0.6085806194501846 1 0 0 -0.3750659524030559 -0.926998129096272 0.7689358393623538
cell 33.609523764326845 2.5149657393070033 0.0 1.6431676725154984 0.6085806194501846 1 0 0 0.04945707096287395 0.9987762502842031 0.09895451040449477
cell 25.766992665588482 49.383936943485594 0.0 1.0 1.0 1 0 0 0.0 1.0 0
cell 45.27328852588794 12.624441548494248 0.0 1.6431676725154984 0.6085806194501846 1 0 0 -0.16089028701976976 0.9869722972519016 5.960000056633172
cell 31.237354288218956 32.705911026064534 0.0 1.6431676725154984 0.6085806194501846 1 0 0 0.8599948714586276 -0.5103026759334685 4.212666062386747
cell 58.6582984726229 32.869831647695534 0.0 1.0 1.0 1 0 0 0.0 1.0 0
cell 38.40835472278261 31.52638540662603 0.0 1.6431676725154984 0.6085806194501846 1 0 0 0.7971516615677005 -0.6037791222457549 4.438059508214793
cell 43.45198641232625 59.70540542941091 0.0 1.6431676725154984 0.6085806194501846 1 0 0 0.1363010867484306 0.9906674587121537 0.27345337557744787
cell 21.074887019332845 54.57657312168676 0.0 1.0 1.0 1 0 0 0.0 1.0 0
cell 8.390274211525357 44.75626636910361 0.0 1.0 1.0 1 0 0 0.0 1.0 0
cell 34.25049248670428 36.46541145311404 0.0 1.6431676725154984 0.6085806194501846 1 0 0 0.7865295626301908 -0.6175526269952714 4.472847209874362
cell 32.61085850419957 44.005164102202905 0.0 1.0 1.0 1 0 0 0.0 1.0 0
cell 47.0064093555994 54.18057946413519 0.0 1.0 1.0 1 0 0 0.0 1.0 0
cell 15.694517379691826 7.787577157002575 0.0 1.0 1.0 1 0 0 0.0 1.0 0
cell 21.260106963712648 22.40507579402012 0.0 1.0 1.0 1 0 0 0.0 1.0 0
cell 0.38046574568715047 50.578922417538536 0.0 1.0 1.0 1 0 0 0.0 1.0 0
cell 14.835722228257813 26.994672127568013 0.0 1.0 1.0 1 0 0 0.0 1.0 0
cell 1.5011718035904118 9.658729431682747 0.0 1.0 1.0 1 0 0 0.0 1.0 0
cell 28.02431042477205 16.59540462996924 0.0 1.6431676725154984 0.6085806194501846 1 0 0 0.8612618585672198 0.5081614024867869 2.075495312115588
cell 16.244463453294195 23.33943464917679 0.0 1.6431676725154984 0.6085806194501846 1 0 0 0.8220306757536502 0.5694432088628305 1.9299359336362476
cell 44.42702105985765 26.704490284735314 0.0 1.6431676725154984 0.6085806194501846 1 0 0 0.8310897189735056 0.5561383631943939 1.962128527584194
cell 26.05730423459455 52.707047630874186 0.0 1.0 1.0 1 0 0 0.0 1.0 0
cell 0.04383523138866751 46.859965808033 0.0 1.0 1.0 1 0 0 0.0 1.0 0
cell 51.50904017254841 34.93388617076007 0.0 1.0 1.0 1 0 0 0.0 1.0 0
cell 46.23921085366537 20.53369323502108 0.0 1.6431676725154984 0.6085806194501846 1 0 0 0.9587268285112996 0.2843288031358501 2.5649801264968737
cell 2.1135156747272843 13.541007626326888 0.0 1.6431676725154984 0.6085806194501846 1 0 0 0.2560516718537261 0.9666630960892796 0.5178709742531357
cell 12.986081111783225 26.41208044735168 0.0 1.0 1.0 1 0 0 0.0 1.0 0
cell 37.79372655748286 43.317089794924236 0.0 1.0 1.0 1 0 0 0.0 1.0 0
cell 13.18577585961712 50.96104583990212 0.0 1.0 1.0 1 0 0 0.0 1.0 0
cell 20.054709713770674 50.80226803445657 0.0 1.0 1.0 1 0 0 0.0 1.0 0
cell 55.97430528609588 28.734880707275114 0.0 1.6431676725154984 0.6085806194501846 1 0 0 -0.1564211531087285 0.987690448906 5.969052997524643
cell 34.38210550451574 32.52484277633003 0.0 1.6431676725154984 0.6085806194501846 1 0 0 -0.1305987718560448 0.9914353033807566 6.021239506829137
cell 15.955154713911563 39.08440186050556 0.0 1.6431676725154984 0.6085806194501846 1 0 0 0.6717596829049493 0.7407691465115445 1.4731634347814493
cell 59.01095221430431 57.428755102260304 0.0 1.0 1.0 1 0 0 0.0 1.0 0
cell 20.088287948087963 5.398890428290882 0.0 1.6431676725154984 0.6085806194501846 1 0 0 0.9286582704069869 0.3709364053374967 2.3815583333873938
cell 35.35896139483966 35.59121078531746 0.0 1.6431676725154984 0.6085806194501846 1 0 0 0.875654421032655 -0.48293823096330424 4.14960683009442
cell 58.11647706654723 55.61855800586614 0.0 1.0 1.0 1 0 0 0.0 1.0 0
cell 44.14242740109304 4.156930172300253 0.0 1.6431676725154984 0.6085806194501846 1 0 0 -0.9019589585409522 -0.4318217654400029 2.248569473189754
cell 54.978733080480254 48.15733759972353 0.0 1.0 1.0 1 0 0 0.0 1.0 0
cell 41.14366744671059 43.970065161244236 0.0 1.0 1.0 1 0 0 0.0 1.0 0
cell 56.4618506107572 55.34090496097237 0.0 1.6431676725154984 0.6085806194501846 1 0 0 0.8515259775994733 0.5243124159060715 2.0377777749040007
cell 9.119682419223658 17.42052544390793 0.0 1.6431676725154984 0.6085806194501846 1 0 0 0.3489752367256554 0.937131945967201 0.7129547411305507
cell 3.0383881974567215 10.082341347579797 0.0 1.0 1.0 1 0 0 0.0 1.0 0
cell 25.21382459366041 54.19416400543641 0.0 1.0 1.0 1 0 0 0.0 1.0 0
cell 19.617804072072335 45.789653151198365 0.0 1.0 1.0 1 0 0 0.0 1.0 0
cell 6.675753120763861 8.25615578369852 0.0 1.0 1.0 1 0 0 0.0 1.0 0
cell 52.33055465993871 45.33357099479095 0.0 1.0 1.0 1 0 0 0.0 1.0 0
cell 40.236592599157134 52.658655212838624 0.0 1.0 1.0 1 0 0 0.0 1.0 0
cell 55.89366735046076 27.658957272283455 0.0 1.6431676725154984 0.6085806194501846 1 0 0 -0.05242492619401316 0.9986248680628539 6.1782873675464565
cell 50.62991986366337 47.68042587253446 0.0 1.0 1.0 1 0 0 0.0 1.0 0
cell 5.441021458444228 24.74460167775952 0.0 1.6431676725154984 0.6085806194501846 1 0 0 -0.19427764200174416 0.9809465825508757 5.892143291837873
cell 12.559505546473838 37.511695372488916 0.0 1.0 1.0 1 0 0 0.0 1.0 0
cell 28.737185018673376 59.542152308527136 0.0 1.6431676725154984 0.6085806194501846 1 0 0 0.4577407051630336 -0.8890857364938708 5.3322805324385705
cell 5.44129271811167 52.68524653464529 0.0 1.0 1.0 1 0 0 0.0 1.0 0
cell 3.5375039733413196 37.30467008639326 0.0 1.0 1.0 1 0 0 0.0 1.0 0
cell 50.20133227854701 28.49406930304206 0.0 1.6431676725154984 0.6085806194501846 1 0 0 -0.034451904409530186 0.9994063569352342 6.2142678603659505
cell 27.642351701420832 14.34089927025004 0.0 1.6431676725154984 0.6085806194501846 1 0 0 0.7599613794283905 0.6499682313600396 1.7265073875663957
cell 36.26500665356543 14.505882957703989 0.0 1.6431676725154984 0.6085806194501846 1 0 0 0.9391671461571083 -0.3434604367013947 3.842790667518374
cell 42.93927789896421 55.01628584048515 0.0 1.6431676725154984 0.6085806194501846 1 0 0 0.34261153621176343 -0.9394771605816798 5.5837947677767765
cell 17.252380314621725 0.8688063804114446 0.0 1.0 1.0 1 0 0 0.0 1.0 0
cell 10.631490790408765 53.21926074965749 0.0 1.0 1.0 1 0 0 0.0 1.0 0
cell 15.82991179817846 14.96036499902121 0.0 1.0 1.0 1 0 0 0.0 1.0 0
cell 6.429728115780679 36.87873556411364 0.0 1.6431676725154984 0.6085806194501846 1 0 0 0.5058507423771031 0.8626210213277518 1.0607358201020989
cell 3.4917118128617397 3.1134612991681934 0.0 1.0 1.0 1 0 0 0.0 1.0 0
cell 21.865764770106075 17.147753556624906 0.0 1.0 1.0 1 0 0 0.0 1.0 0
cell 43.39494076167702 28.93951332312928 0.0 1.6431676725154984 0.6085806194501846 1 0 0 0.28061151989555316 0.9598214286532196 0.5688623366564971
cell 56.167360719406275 49.822417529543664 0.0 1.0 1.0 1 0 0 0.0 1.0 0
cell 52.828200768982164 41.42974608701102 0.0 1.0 1.0 1 0 0 0.0 1.0 0
cell 8.638768072942268 3.5679154430780127 0.0 1.6431676725154984 0.6085806194501846 1 0 0 0.7428574497191037 0.6694496317101304 1.674657333979386
cell 32.22889554933237 38.628920793303024 0.0 1.0 1.0 1 0 0 0.0 1.0 0
cell 11.66044203515685 25.051231224653726 0.0 1.0 1.0 1 0 0 0.0 1.0 0
cell 54.25646220704634 42.347870251995886 0.0 1.0 1.0 1 0 0 0.0 1.0 0
cell 9.726220337550384 25.172503823814534 0.0 1.0 1.0 1 0 0 0.0 1.0 0
cell 41.93268623462891 26.07884685451199 0.0 1.6431676725154984 0.6085806194501846 1 0 0 0.725952907775816 0.687744411603495 1.6248378761960203
cell 14.114204659157366 25.092881335955994 0.0 1.0 1.0 1 0 0 0.0 1.0 0
cell 28.16860295779129 49.68900692835816 0.0 1.0 1.0 1 0 0 0.0 1.0 0
cell 16.867915069331445 6.5787607202040705 0.0 1.0 1.0 1 0 0 0.0 1.0 0
cell 13.233667383238968 20.452243751731892 0.0 1.6431676725154984 0.6085806194501846 1 0 0 0.25809454826689837 0.9661196634759618 0.5220988175372666
cell 6.9846504136051895 2.3627662412332495 0.0 1.0 1.0 1 0 0 0.0 1.0 0
cell 42.94126469961076 38.34944732420321 0.0 1.0 1.0 1 0 0 0.0 1.0 0
cell 6.992377145737764 35.67430619343349 0.0 1.6431676725154984 0.6085806194501846 1 0 0 0.5400496420668375 0.8416331648072578 1.1409921826101166
cell 10.762520360321801 37.19022099742182 0.0 1.0 1.0 1 0 0 0.0 1.0 0
cell 25.779135607005756 24.012553889293642 0.0 1.6431676725154984 0.6085806194501846 1 0 0 0.05396976247495946 -0.9985425703185601 6.175193313551476
cell 55.41116801580617 16.89527110858427 0.0 1.6431676725154984 0.6085806194501846 1 0 0 0.24442560746047767 -0.9696680475387319 5.789330730592093
cell 34.02900682847312 27.10896014568736 0.0 1.6431676725154984 0.6085806194501846 1 0 0 -0.06238447631045624 0.9980521915789125 6.15833528271799
cell 22.991607738657706 51.533432942493626 0.0 1.0 1.0 1 0 0 0.0 1.0 0
cell 31.349496555739773 11.904363556916055 0.0 1.6431676725154984 0.6085806194501846 1 0 0 0.9978660797916769 -0.06529384964290877 3.2722733201445
cell 57.154640378298225 43.8663922668153 0.0 1.0 1.0 1 0 0 0.0 1.0 0
cell 13.901500241280155 7.32217513152411 0.0 1.0 1.0 1 0 0 0.0 1.0 0
cell 30.21606549317291 46.22182721934909 0.0 1.0 1.0 1 0 0 0.0 1.0 0
cell 3.2856738300062074 22.011162333037966 0.0 1.0 1.0 1 0 0 0.0 1.0 0
cell 10.824538322558004 1.2921984786998295 0.0 1.0 1.0 1 0 0 0.0 1.0 0
cell 59.527940633066336 29.22377874206176 0.0 1.6431676725154984 0.6085806194501846 1 0 0 -0.3843613597982137 0.9231827257342222 5.494153423339709
cell 19.21047357933233 54.99368939332229 0.0 1.0 1.0 1 0 0 0.0 1.0 0
cell 46.71162184726095 10.303240404227168 0.0 1.6431676725154984 0.6085806194501846 1 0 0 -0.04159771592810345 -0.9991344404180875 0.08321944370429168
cell 50.520374908236214 43.912107600533204 0.0 1.0 1.0 1 0 0 0.0 1.0 0
cell 48.804558166420286 37.19092562030606 0.0 1.0 1.0 1 0 0 0.0 1.0 0
cell 4.556337093510985 8.674191505808436 0.0 1.0 1.0 1 0 0 0.0 1.0 0
cell 45.09544757913514 54.26570747773779 0.0 1.0 1.0 1 0 0 0.0 1.0 0
cell 25.782109640120172 34.85961240996581 0.0 1.0 1.0 1 0 0 0.0 1.0 0
cell 49.19014632623013 50.82109237279533 0.0 1.0 1.0 1 0 0 0.0 1.0 0
cell 50.5287150342033 1.7988480317866384 0.0 1.6431676725154984 0.6085806194501846 1 0 0 -0.9821873947127876 -0.187904022488362 2.763537214188494
cell 24.763598456102702 38.03840187133102 0.0 1.6431676725154984 0.6085806194501846 1 0 0 0.6652696620777325 0.7466031587925271 1.4557098903907513
cell 58.24774353554964 8.324186620481676 0.0 1.0 1.0 1 0 0 0.0 1.0 0
cell 38.090380402662646 36.78784783228477 0.0 1.6431676725154984 0.6085806194501846 1 0 0 0.7108853045036024 -0.703307958038881 4.701672942974237
cell 55.20784312876809 13.309671101903595 0.0 1.6431676725154984 0.6085806194501846 1 0 0 0.05017689804494251 0.9987403460873039 0.10039595434987615
cell 14.520116429462263 23.474253604121152 0.0 1.0 1.0 1 0 0 0.0 1.0 0
cell 5.733181238869519 7.121711174006517 0.0 1.0 1.0 1 0 0 0.0 1.0 0
cell 21.889153800453656 34.08453145627254 0.0 1.6431676725154984 0.6085806194501846 1 0 0 0.5208982837636541 0.8536187544636539 1.0958058750726931
cell 22.32348652177699 53.39575923017205 0.0 1.0 1.0 1 0 0 0.0 1.0 0
cell 59.34221593465517 14.620236060949841 0.0 1.6431676725154984 0.6085806194501846 1 0 0 0.03671253154258863 -0.9993258677867467 6.209743740243917
cell 15.354981201464836 34.51450546927537 0.0 1.0 1.0 1 0 0 0.0 1.0 0
cell 5.8424201145686006 9.782461598759367 0.0 1.0 1.0 1 0 0 0.0 1.0 0
cell 35.58128683757543 25.652751967214524 0.0 1.0 1.0 1 0 0 0.0 1.0 0
cell 38.80101411113202 0.6235729730176252 0.0 1.6431676725154984 0.6085806194501846 1 0 0 -0.019330324789495132 0.9998131518156443 6.244522249529891
cell 7.315112754312457 15.055089595831017 0.0 1.6431676725154984 0.6085806194501846 1 0 0 0.43899491169519733 0.8984895477999318 0.9089594502289599
cell 4.322537656218774 49.60866517849039 0.0 1.0 1.0 1 0 0 0.0 1.0 0
cell 44.191093836267754 7.571765877970134 0.0 1.0 1.0 1 0 0 0.0 1.0 0
cell 12.13145455113549 7.619712965939861 0.0 1.0 1.0 1 0 0 0.0 1.0 0
cell 13.33894962740154 10.72385546675308 0.0 1.0 1.0 1 0 0 0.0 1.0 0
cell 9.246519168721052 58.958376233099926 0.0 1.0 1.0 1 0 0 0.0 1.0 0
cell 0.13951737160207828 20.6160984078771 0.0 1.0 1.0 1 0 0 0.0 1.0 0
cell 52.36959005948581 43.31635034430425 0.0 1.0 1.0 1 0 0 0.0 1.0 0
cell 51.7909206284744 6.024578509532972 0.0 1.0 1.0 1 0 0 0.0 1.0 0
cell 11.36265371879315 10.997265097555154 0.0 1.0 1.0 1 0 0 0.0 1.0 0
cell 37.10963316359781 24.0688373264212 0.0 1.6431676725154984 0.6085806194501846 1 0 0 -0.016133278098883104 -0.9998698501994068 0.032267956099263806
cell 6.3797729432744426 25.594293412115352 0.0 1.0 1.0 1 0 0 0.0 1.0 0
cell 24.48627846962628 34.840577394651206 0.0 1.6431676725154984 0.6085806194501846 1 0 0 0.6637905326972108 0.7479185307916586 1.451751088299377
cell 25.94006866625341 5.105726083209664 0.0 1.0 1.0 1 0 0 0.0 1.0 0
cell 17.296661802714546 39.91689903521263 0.0 1.0 1.0 1 0 0 0.0 1.0 0
cell 48.18201837478515 52.55477192948426 0.0 1.0 1.0 1 0 0 0.0 1.0 0
cell 48.79754403989683 6.929416464650083 0.0 1.0 1.0 1 0 0 0.0 1.0 0
cell 20.613297492579736 20.45200956096862 0.0 1.0 1.0 1 0 0 0.0 1.0 0
cell 11.85241110790633 49.48328117703119 0.0 1.0 1.0 1 0 0 0.0 1.0 0
cell 54.75281647894544 4.852121367451559 0.0 1.0 1.0 1 0 0 0.0 1.0 0
cell 40.03550672399117 9.217329806690607 0.0 1.6431676725154984 0.6085806194501846 1 0 0 0.26216248979767187 0.9650237452742215 0.5305247800948756
cell 16.238352081454742 36.28393405664746 0.0 1.0 1.0 1 0 0 0.0 1.0 0
cell 6.513681609515326 45.10812446657433 0.0 1.0 1.0 1 0 0 0.0 1.0 0
cell 12.655570123997645 5.812993616937952 0.0 1.0 1.0 1 0 0 0.0 1.0 0
cell 41.22622535353319 11.138566502616758 0.0 1.6431676725154984 0.6085806194501846 1 0 0 0.34803742317963204 0.9374806409022438 0.7109536589349942
cell 47.54341613278548 59.02872519395577 0.0 1.0 1.0 1 0 0 0.0 1.0 0
cell 50.08719738395813 13.566203414792891 0.0 1.6431676725154984 0.6085806194501846 1 0 0 0.06584929539927205 0.9978295797857565 0.13179395402287455
cell 41.82862816847355 21.085594618451523 0.0 1.6431676725154984 0.6085806194501846 1 0 0 0.4495884290103984 0.8932358280431668 0.932609043008026
cell 47.34783674819519 5.839711968658687 0.0 1.0 1.0 1 0 0 0.0 1.0 0
cell 47.62945867568126 35.59205511208536 0.0 1.0 1.0 1 0 0 0.0 1.0 0
cell 14.952959350321898 2.7568493199689796 0.0 1.0 1.0 1 0 0 0.0 1.0 0
cell 7.18094090815815 26.905627905034837 0.0 1.0 1.0 1 0 0 0.0 1.0 0
cell 31.711074988559332 48.963442201905295 0.0 1.6431676725154984 0.6085806194501846 1 0 0 0.505394293080751 0.8628885261268734 1.0596776995338792
cell 13.362915673202991 34.08547501840223 0.0 1.0 1.0 1 0 0 0.0 1.0 0
cell 1.0100151757569282 53.05370959763642 0.0 1.0 1.0 1 0 0 0.0 1.0 0
cell 40.03661002667276 55.68825672058014 0.0 1.0 1.0 1 0 0 0.0 1.0 0
cell 17.872212127150124 53.51212896338987 0.0 1.0 1.0 1 0 0 0.0 1.0 0
cell 22.429781456820866 40.20970923501471 0.0 1.6431676725154984 0.6085806194501846 1 0 0 0.4035474539549958 0.9149587162306508 0.830781440230911
cell 49.43103469843857 8.586721664923056 0.0 1.0 1.0 1 0 0 0.0 1.0 0
cell 46.2703446281924 26.61525762182927 0.0 1.6431676725154984 0.6085806194501846 1 0 0 0.9616691987485465 0.2742122392934507 2.5860517598839747
cell 17.331387409205416 15.426137140833633 0.0 1.0 1.0 1 0 0 0.0 1.0 0
cell 57.242261618559866 30.375370785036733 0.0 1.6431676725154984 0.6085806194501846 1 0 0 0.34476016034816315 -0.9386908073677449 5.579218769813359
cell 18.919722853271217 15.35677494253908 0.0 1.0 1.0 1 0 0 0.0 1.0 0
cell 22.633210384939684 3.7375749532701272 0.0 1.6431676725154984 0.6085806194501846 1 0 0 0.9449792372895779 0.3271303120953599 2.4750622554412405
cell 5.924891133793985 48.98440310342928 0.0 1.0 1.0 1 0 0 0.0 1.0 0
cell 3.327649601951758 19.24572354739495 0.0 1.0 1.0 1 0 0 0.0 1.0 0
cell 12.055246961586315 21.28147199142409 0.0 1.6431676725154984 0.6085806194501846 1 0 0 0.03045104104151985 0.9995362595221284 0.060911498083244545
cell 46.65363710214699 57.48825727241322 0.0 1.0 1.0 1 0 0 0.0 1.0 0
cell 0.2463136318533024 59.12805850717587 0.0 1.0 1.0 1 0 0 0.0 1.0 0
cell 35.59997627020087 31.213113646997908 0.0 1.6431676725154984 0.6085806194501846 1 0 0 -0.08547190232574946 0.9963405812837383 6.112032678506894
cell 54.68899455600834 32.37964565775101 0.0 1.6431676725154984 0.6085806194501846 1 0 0 -0.3431250373761994 0.9392897363037572 5.582701495050925
cell 25.74004900994263 29.671169899642223 0.0 1.6431676725154984 0.6085806194501846 1 0 0 0.9329960188689016 -0.35988668879909996 3.877885537271335
cell 48.626402171511344 57.47634791763857 0.0 1.0 1.0 1 0 0 0.0 1.0 0
cell 24.937080898064853 1.462122478303179 0.0 1.6431676725154984 0.6085806194501846 1 0 0 0.8719610953858353 0.48957517107542764 2.118387702815419
cell 55.25665217502003 14.33854417945443 0.0 1.6431676725154984 0.6085806194501846 1 0 0 0.17686786579247862 -0.9842346051882213 5.927578845315216
cell 2.4829259610748244 6.338086383880548 0.0 1.0 1.0 1 0 0 0.0 1.0 0
cell 9.399245281028065 11.399820637995074 0.0 1.0 1.0 1 0 0 0.0 1.0 0
cell 48.2985055388119 9.513196457871066 0.0 1.6431676725154984 0.6085806194501846 1 0 0 0.04273721635259727 0.9990863477890344 0.08550047352381769
cell 23.346674643060606 1.3023355438229787 0.0 1.0 1.0 1 0 0 0.0 1.0 0
cell 7.9477134911916725 17.511133448852018 0.0 1.6431676725154984 0.6085806194501846 1 0 0 0.3353322420449082 0.9420999349565496 0.6839157382520833
cell 0.12069652235520315 38.11901391980123 0.0 1.0 1.0 1 0 0 0.0 1.0 0
cell 13.376259480469184 56.08474285310978 0.0 1.0 1.0 1 0 0 0.0 1.0 0
cell 17.60107976968429 34.77473654268092 0.0 1.0 1.0 1 0 0 0.0 1.0 0
cell 17.34524373717386 19.017368068249095 0.0 1.0 1.0 1 0 0 0.0 1.0 0
cell 54.72581502333759 38.53764381906857 0.0 1.0 1.0 1 0 0 0.0 1.0 0
cell 2.283417780335955 56.32080145499947 0.0 1.0 1.0 1 0 0 0.0 1.0 0
cell 17.298310288365556 55.356402474861035 0.0 1.0 1.0 1 0 0 0.0 1.0 0
cell 25.28662784359857 45.89024757440635 0.0 1.6431676725154984 0.6085806194501846 1 0 0 0.23021394456287012 0.9731400411702336 0.46459505372974846
cell 59.40610198260744 36.33718381031072 0.0 1.0 1.0 1 0 0 0.0 1.0 0
cell 9.452834586127887 29.093836674881345 0.0 1.6431676725154984 0.6085806194501846 1 0 0 0.8792735264777835 -0.47631719015307705 4.134515590810777
cell 6.207604754050064 56.01568890058195 0.0 1.0 1.0 1 0 0 0.0 1.0 0
cell 9.376147008306118 21.99666242285087 0.0 1.0 1.0 1 0 0 0.0 1.0 0
cell 3.0742533897227906 44.226547605604836 0.0 1.0 1.0 1 0 0 0.0 1.0 0
cell 46.304543888669954 39.50702058435832 0.0 1.0 1.0 1 0 0 0.0 1.0 0
cell 30.488017142004686 38.93998378056828 0.0 1.0 1.0 1 0 0 0.0 1.0 0
cell 38.14280766544406 55.03701948883231 0.0 1.0 1.0 1 0 0 0.0 1.0 0
