1000
 Lattice="59.08179503018386 0.0 0.0 0.0 59.08179503018386 0.0 0.0 0.0 1.0"Properties=species:S:1:pos:R:3:aspherical_shape:R:3:orientation:R:4:Color:R:1
cell 23.84704136969367 21.20714555475463 0.0 1.0 1.0 1 0 0 0.0 1.0 0
cell 58.02101054069603 36.17210463171482 0.0 1.6431676725154984 0.6085806194501846 1 0 0 0.9124616775683699 -0.4091621768554813 3.9846639976691285
cell 31.225166567850216 52.35306590588877 0.0 1.6431676725154984 0.6085806194501846 1 0 0 0.3262213556877197 -0.9452934079391786 5.618578348678486
cell 21.718046476927253 32.93726125811988 0.0 1.0 1.0 1 0 0 0.0 1.0 0
cell 23.947266494724577 32.1517924090925 0.0 1.0 1.0 1 0 0 0.0 1.0 0
cell 34.31428052043482 33.75929902207368 0.0 1.6431676725154984 0.6085806194501846 1 0 0 0.8996574933766213 0.43659637494062475 2.2379687744283805
cell 28.052042170462396 44.32499347994069 0.0 1.6431676725154984 0.6085806194501846 1 0 0 0.22800611071015559 0.973659701065433 0.4600587208788971
cell 6.718397511492875 1.5398873332638254 0.0 1.0 1.0 1 0 0 0.0 1.0 0
cell 19.34959981571577 1.1715421037349318 0.0 1.0 1.0 1 0 0 0.0 1.0 0
cell 7.483075161958872 3.9352213212095264 0.0 1.0 1.0 1 0 0 0.0 1.0 0
cell 53.645093791309655 33.27249471411444 0.0 1.0 1.0 1 0 0 0.0 1.0 0
cell 10.12735021159591 12.763818827640412 0.0 1.0 1.0 1 0 0 0.0 1.0 0
cell 5.6695682032720365 53.23379216602051 0.0 1.6431676725154984 0.6085806194501846 1 0 0 0.9802722065622559 -0.1976522224554175 3.5395172811970865
cell 8.898226039338336 9.554777421307978 0.0 1.0 1.0 1 0 0 0.0 1.0 0
cell 15.359401991514893 52.70191747000074 0.0 1.6431676725154984 0.6085806194501846 1 0 0 0.4194704689210463 0.9077689825628311 0.8657238179494648
cell 39.347224880164646 14.543509164650457 0.0 1.0 1.0 1 0 0 0.0 1.0 0
cell 4.1898819612058045 1.880292317225565 0.0 1.0 1.0 1 0 0 0.0 1.0 0
cell 50.22651793404049 44.56018957877353 0.0 1.6431676725154984 0.6085806194501846 1 0 0 0.5984113772880509 0.801189006122911 1.283033611295587
cell 43.4213065664403 5.155964150869656 0.0 1.0 1.0 1 0 0 0.0 1.0 0
cell 52.30593933834056 53.12461475498086 0.0 1.6431676725154984 0.6085806194501846 1 0 0 0.8387648301175941 -0.5444938564922506 4.293163768279043
cell 2.6757365428004443 24.8263261328732 0.0 1.0 1.0 1 0 0 0.0 1.0 0
cell 10.103196095939255 22.143165977445978 0.0 1.0 1.0 1 0 0 0.0 1.0 0
cell 52.837662886551406 43.224102100091294 0.0 1.0 1.0 1 0 0 0.0 1.0 0
cell 46.619884436805464 52.865813659860066 0.0 1.0 1.0 1 0 0 0.0 1.0 0
cell 25.33081451354367 5.0998109866861325 0.0 1.0 1.0 1 0 0 0.0 1.0 0
cell 3.4846242418717415 37.67097561365677 0.0 1.0 1.0 1 0 0 0.0 1.0 0
cell 41.87054632940067 51.494648866799984 0.0 1.0 1.0 1 0 0 0.0 1.0 0
cell 27.598037880507118 8.310813492626066 0.0 1.0 1.0 1 0 0 0.0 1.0 0
cell 25.700727754749412 21.953054684130617 0.0 1.0 1.0 1 0 0 0.0 1.0 0
cell 44.76515638485185 53.1061358404276 0.0 1.0 1.0 1 0 0 0.0 1.0 0
cell 27.670079373843347 24.58404559580099 0.0 1.0 1.0 1 0 0 0.0 1.0 0
cell 35.87223920195146 12.388449381349442 0.0 1.6431676725154984 0.6085806194501846 1 0 0 0.5827974289726506 0.8126174726049571 1.2443339001691884
cell 1.980439535022207 29.77594943329104 0.0 1.0 1.0 1 0 0 0.0 1.0 0
cell 19.97859726625982 58.80597989963894 0.0 1.6431676725154984 0.6085806194501846 1 0 0 0.4394633528906389 0.8982605198193439 0.9100023135481716
cell 5.5231166739801205 20.435805256774664 0.0 1.0 1.0 1 0 0 0.0 1.0 0
cell 27.093276955778247 13.932772509937992 0.0 1.0 1.0 1 0 0 0.0 1.0 0
cell 3.995239192628265 29.353115363129064 0.0 1.0 1.0 1 0 0 0.0 1.0 0
cell 55.77774764357305 49.97038547647631 0.0 1.6431676725154984 0.6085806194501846 1 0 0 0.8283228343603778 0.5602510884212455 1.952214858321638
cell 19.251415968422148 37.664661339329356 0.0 1.0 1.0 1 0 0 0.0 1.0 0
cell 31.833892678143865 33.376772504166766 0.0 1.0 1.0 1 0 0 0.0 1.0 0
cell 28.768554613640365 9.89201690097704 0.0 1.0 1.0 1 0 0 0.0 1.0 0
cell 35.98426988589926 29.560442138866343 0.0 1.0 1.0 1 0 0 0.0 1.0 0
cell 39.881597164392375 18.457785977245784 0.0 1.0 1.0 1 0 0 0.0 1.0 0
cell 47.03093632023019 29.48041563671996 0.0 1.0 1.0 1 0 0 0.0 1.0 0
cell 33.645956346849424 1.5062029046808112 0.0 1.6431676725154984 0.6085806194501846 1 0 0 0.46256800482711796 0.8865838036588867 0.9617790678741495
cell 0.3148903364440761 13.674320405784927 0.0 1.0 1.0 1 0 0 0.0 1.0 0
cell 5.529900673044008 28.027413667801998 0.0 1.0 1.0 1 0 0 0.0 1.0 0
cell 7.416901947369035 23.200753110322726 0.0 1.0 1.0 1 0 0 0.0 1.0 0
cell 40.491101699374106 54.47766500602304 0.0 1.0 1.0 1 0 0 0.0 1.0 0
cell 50.531939117204175 23.905542904508046 0.0 1.0 1.0 1 0 0 0.0 1.0 0
cell 48.7579056941692 23.13429230910354 0.0 1.0 1.0 1 0 0 0.0 1.0 0
cell 47.87722693974021 38.624991685360555 0.0 1.0 1.0 1 0 0 0.0 1.0 0
cell 36.54491394146078 0.6203746753071184 0.0 1.0 1.0 1 0 0 0.0 1.0 0
cell 2.352492875592856 20.244580237907524 0.0 1.0 1.0 1 0 0 0.0 1.0 0
cell 35.54383689456683 21.906788579447134 0.0 1.0 1.0 1 0 0 0.0 1.0 0
cell 46.77954801685788 2.4168566364653277 0.0 1.0 1.0 1 0 0 0.0 1.0 0
cell 33.813031784097625 37.10153449114661 0.0 1.0 1.0 1 0 0 0.0 1.0 0
cell 53.849736101346146 24.990424035054964 0.0 1.0 1.0 1 0 0 0.0 1.0 0
cell 9.725899839954321 7.234821233889677 0.0 1.0 1.0 1 0 0 0.0 1.0 0
cell 55.70656488142288 56.37621026665015 0.0 1.0 1.0 1 0 0 0.0 1.0 0
cell 10.366731925874854 40.63074272460223 0.0 1.0 1.0 1 0 0 0.0 1.0 0
cell 52.67296109951928 7.532188644977182 0.0 1.0 1.0 1 0 0 0.0 1.0 0
cell 49.12150769862173 39.89643006455239 0.0 1.0 1.0 1 0 0 0.0 1.0 0
cell 27.577821852676024 33.67963429951697 0.0 1.0 1.0 1 0 0 0.0 1.0 0
cell 31.946524658428856 5.567357689494115 0.0 1.0 1.0 1 0 0 0.0 1.0 0
cell 40.51478916480051 1.523802898632081 0.0 1.6431676725154984 0.6085806194501846 1 0 0 0.2275474022668617 0.9737670048433573 0.4591165371583622
cell 26.388186433868157 35.220192381730556 0.0 1.0 1.0 1 0 0 0.0 1.0 0
cell 25.71914677660899 44.85017192364124 0.0 1.6431676725154984 0.6085806194501846 1 0 0 -0.012244834684716608 0.9999250292014616 6.258695025788444
cell 36.11682389767063 31.52606603017424 0.0 1.0 1.0 1 0 0 0.0 1.0 0
cell 57.850626811138916 9.002306734490192 0.0 1.0 1.0 1 0 0 0.0 1.0 0
cell 42.20456410365423 58.059942143982745 0.0 1.0 1.0 1 0 0 0.0 1.0 0
cell 10.527546445517721 47.14800609570982 0.0 1.6431676725154984 0.6085806194501846 1 0 0 0.9592436837709591 0.28258017472129937 2.5686269561407293
cell 6.272248225683453 52.17386320753942 0.0 1.6431676725154984 0.6085806194501846 1 0 0 0.298917967403315 0.9542788108113219 0.6071171552856021
cell 5.96541009968282 26.230770794888738 0.0 1.0 1.0 1 0 0 0.0 1.0 0
cell 56.48995653278955 26.760312039939237 0.0 1.0 1.0 1 0 0 0.0 1.0 0
cell 4.785294142999319 47.90253507190804 0.0 1.0 1.0 1 0 0 0.0 1.0 0
cell 54.614646853098776 43.441966499080856 0.0 1.6431676725154984 0.6085806194501846 1 0 0 0.8919112473466667 -0.45221048954719417 4.080076974186553
cell 36.179945628449225 40.4256206821519 0.0 1.6431676725154984 0.6085806194501846 1 0 0 0.9785573951078254 0.2059743296621871 2.7266740881140454
cell 17.659525675633578 13.208877488548254 0.0 1.0 1.0 1 0 0 0.0 1.0 0
cell 30.37621779311751 49.43215114145659 0.0 1.0 1.0 1 0 0 0.0 1.0 0
cell 2.551213422469516 53.714698692094586 0.0 1.0 1.0 1 0 0 0.0 1.0 0
cell 18.27228045025169 41.60136099614253 0.0 1.0 1.0 1 0 0 0.0 1.0 0
cell 14.893699398787666 19.625635652227878 0.0 1.0 1.0 1 0 0 0.0 1.0 0
cell 58.25954014881374 21.870517258198618 0.0 1.0 1.0 1 0 0 0.0 1.0 0
cell 15.39871534180122 56.46251000159521 0.0 1.6431676725154984 0.6085806194501846 1 0 0 0.3392997505830228 0.9406783080598269 0.6923447769457223
cell 24.611867234422796 52.31149000731456 0.0 1.6431676725154984 0.6085806194501846 1 0 0 0.674525327254659 0.7382517070024256 1.4806430889586273
cell 55.874002701207964 11.685286955967713 0.0 1.0 1.0 1 0 0 0.0 1.0 0
cell 47.094595655213844 56.19506517324393 0.0 1.0 1.0 1 0 0 0.0 1.0 0
cell 37.0795438149166 5.460584072366724 0.0 1.0 1.0 1 0 0 0.0 1.0 0
cell 45.01219853385997 29.208736744599477 0.0 1.0 1.0 1 0 0 0.0 1.0 0
cell 19.359749744368084 34.11225829770105 0.0 1.6431676725154984 0.6085806194501846 1 0 0 0.4576649028948225 0.8891247587702598 0.9507342611412659
cell 17.62790863518503 36.778758248896736 0.0 1.6431676725154984 0.6085806194501846 1 0 0 0.8363979672612003 0.5481226508376862 1.981356617079197
cell 44.482669159817945 30.752732558498472 0.0 1.0 1.0 1 0 0 0.0 1.0 0
cell 8.300367155214857 13.523120704556895 0.0 1.0 1.0 1 0 0 0.0 1.0 0
cell 49.07981852148897 7.692837188877708 0.0 1.0 1.0 1 0 0 0.0 1.0 0
cell 50.985160462486135 36.44448275007954 0.0 1.6431676725154984 0.6085806194501846 1 0 0 0.7602969951787892 -0.6495756146301246 4.555644893312546
cell 33.03407991477249 3.833169221267589 0.0 1.6431676725154984 0.6085806194501846 1 0 0 0.4041598454288692 0.9146883728040456 0.8321202589674321
cell 28.195747889706176 18.446030033485588 0.0 1.0 1.0 1 0 0 0.0 1.0 0
cell 26.90512194503414 45.85223263405779 0.0 1.6431676725154984 0.6085806194501846 1 0 0 -0.2065921288894168 0.9784271522606773 5.867003984248677
cell 14.925804888140096 25.615179955939887 0.0 1.0 1.0 1 0 0 0.0 1.0 0
cell 35.05697298288997 53.87553732083278 0.0 1.0 1.0 1 0 0 0.0 1.0 0
cell 11.279656480401114 37.53947341101306 0.0 1.0 1.0 1 0 0 0.0 1.0 0
cell 48.48225126715529 12.787293034149322 0.0 1.0 1.0 1 0 0 0.0 1.0 0
cell 31.303790644076344 13.963639630438987 0.0 1.0 1.0 1 0 0 0.0 1.0 0
cell 3.1231233266704597 10.849302586482153 0.0 1.0 1.0 1 0 0 0.0 1.0 0
cell 30.3432987651267 28.83453063787883 0.0 1.0 1.0 1 0 0 0.0 1.0 0
cell 40.48091620484929 15.551776685189257 0.0 1.0 1.0 1 0 0 0.0 1.0 0
cell 54.00527799721508 9.02214233778 0.0 1.0 1.0 1 0 0 0.0 1.0 0
cell 44.17406578917038 25.489593379657393 0.0 1.0 1.0 1 0 0 0.0 1.0 0
cell 33.547167599895886 12.49811650816508 0.0 1.0 1.0 1 0 0 0.0 1.0 0
cell 12.721437875086517 43.64999916199557 0.0 1.6431676725154984 0.6085806194501846 1 0 0 0.9027855793340729 0.43009091800041804 2.252405687950551
cell 26.55441700366337 37.21004782327112 0.0 1.0 1.0 1 0 0 0.0 1.0 0
cell 10.770414484432825 28.58393274364831 0.0 1.0 1.0 1 0 0 0.0 1.0 0
cell 39.275302100598736 55.976275814322484 0.0 1.0 1.0 1 0 0 0.0 1.0 0
cell 31.76917843204017 17.38766916974859 0.0 1.0 1.0 1 0 0 0.0 1.0 0
cell 46.71442188704055 47.8730905912997 0.0 1.0 1.0 1 0 0 0.0 1.0 0
cell 49.46751758309325 11.026573298036228 0.0 1.0 1.0 1 0 0 0.0 1.0 0
cell 41.181925874516665 31.92505504245217 0.0 1.0 1.0 1 0 0 0.0 1.0 0
cell 6.666160819756599 21.86875186009911 0.0 1.6431676725154984 0.6085806194501846 1 0 0 0.8180710605394672 0.5751171532025727 1.9160979586406004
cell 7.642425151136921 32.4334109739368 0.0 1.0 1.0 1 0 0 0.0 1.0 0
cell 9.416179252565192 38.39743694059087 0.0 1.0 1.0 1 0 0 0.0 1.0 0
cell 18.866574409666875 31.944074342767706 0.0 1.6431676725154984 0.6085806194501846 1 0 0 0.4874289104879515 0.8731626751187481 1.0182855071414656
cell 21.736140785797662 18.419133296775946 0.0 1.0 1.0 1 0 0 0.0 1.0 0
cell 45.257533514681164 42.3324243142046 0.0 1.0 1.0 1 0 0 0.0 1.0 0
cell 11.228299890180201 39.238021336287 0.0 1.0 1.0 1 0 0 0.0 1.0 0
cell 13.665119557144001 46.85353353292562 0.0 1.6431676725154984 0.6085806194501846 1 0 0 0.25441970370214195 -0.9670939015256556 5.768690078206033
cell 4.249324531267262 27.190984250324558 0.0 1.0 1.0 1 0 0 0.0 1.0 0
cell 58.210842881843305 38.25701091875436 0.0 1.0 1.0 1 0 0 0.0 1.0 0
cell 38.843013421903194 21.409119227912953 0.0 1.0 1.0 1 0 0 0.0 1.0 0
cell 40.19817225843501 38.80461619802762 0.0 1.0 1.0 1 0 0 0.0 1.0 0
cell 22.01663259590922 49.04905639708617 0.0 1.6431676725154984 0.6085806194501846 1 0 0 0.5187208085403123 0.8549436956825196 1.0907080829627065
cell 35.29851643854627 19.995154386572047 0.0 1.0 1.0 1 0 0 0.0 1.0 0
cell 57.29274204874181 41.64134801830596 0.0 1.0 1.0 1 0 0 0.0 1.0 0
cell 24.973275801121353 6.830584799477583 0.0 1.0 1.0 1 0 0 0.0 1.0 0
cell 37.28235625796277 22.655450126114506 0.0 1.0 1.0 1 0 0 0.0 1.0 0
cell 38.02229919816547 14.963851843328841 0.0 1.6431676725154984 0.6085806194501846 1 0 0 0.769482688768233 0.6386676692036404 1.75606154193183
cell 1.1688664302828338 27.932493412575642 0.0 1.0 1.0 1 0 0 0.0 1.0 0
cell 22.633266416597994 24.30771471757403 0.0 1.0 1.0 1 0 0 0.0 1.0 0
cell 46.428454201189915 9.671236541652355 0.0 1.0 1.0 1 0 0 0.0 1.0 0
cell 37.80850485857508 32.29055792036047 0.0 1.0 1.0 1 0 0 0.0 1.0 0
cell 36.32052910767474 41.488655494659206 0.0 1.6431676725154984 0.6085806194501846 1 0 0 -0.2501935897290237 0.968195831254455 5.777424909345812
cell 49.10105192361797 50.37795712687937 0.0 1.6431676725154984 0.6085806194501846 1 0 0 0.9653518893556178 -0.26095158500675764 3.6696082751346664
cell 48.52061101727288 15.957610297825932 0.0 1.0 1.0 1 0 0 0.0 1.0 0
cell 34.66739858353126 0.04132434984014742 0.0 1.0 1.0 1 0 0 0.0 1.0 0
cell 41.185233061368926 45.2883923502429 0.0 1.0 1.0 1 0 0 0.0 1.0 0
cell 52.471048646576534 12.254342581056974 0.0 1.0 1.0 1 0 0 0.0 1.0 0
cell 18.50983214853098 28.17947841118531 0.0 1.6431676725154984 0.6085806194501846 1 0 0 0.5291318764784019 0.8485396026671032 1.1151543181000014
cell 5.078264353630407 54.36591076065293 0.0 1.6431676725154984 0.6085806194501846 1 0 0 0.9357922268922138 -0.35255199345360605 3.862186256841129
cell 16.569375481853687 18.748141955320616 0.0 1.0 1.0 1 0 0 0.0 1.0 0
cell 30.11971220727126 16.26450991798302 0.0 1.0 1.0 1 0 0 0.0 1.0 0
cell 33.56768478130512 6.1122733284742905 0.0 1.6431676725154984 0.6085806194501846 1 0 0 0.533453653536122 0.845829296920462 1.1253569786574014
cell 5.66947814948717 3.16688101126201 0.0 1.0 1.0 1 0 0 0.0 1.0 0
cell 18.509454148207663 56.19551580093753 0.0 1.6431676725154984 0.6085806194501846 1 0 0 0.4219013762494297 0.906641731180976 0.8710829262383977
cell 39.77470343564948 36.92247190123582 0.0 1.0 1.0 1 0 0 0.0 1.0 0
cell 0.3560304463676488 2.029432217534282 0.0 1.0 1.0 1 0 0 0.0 1.0 0
cell 30.82887442133588 7.175229659306544 0.0 1.0 1.0 1 0 0 0.0 1.0 0
cell 39.78200356475961 11.359151186876609 0.0 1.6431676725154984 0.6085806194501846 1 0 0 0.3048862290243965 0.9523887795177363 0.6196379369021838
cell 9.830472364771346 29.696371876254844 0.0 1.6431676725154984 0.6085806194501846 1 0 0 0.9730154758805805 -0.23073986152567458 3.6072686424152107
cell 14.977585129850082 8.189448971196985 0.0 1.0 1.0 1 0 0 0.0 1.0 0
cell 0.778404431274999 20.99230636014607 0.0 1.0 1.0 1 0 0 0.0 1.0 0
cell 23.56214360577 19.245083184529136 0.0 1.0 1.0 1 0 0 0.0 1.0 0
cell 53.877933181498534 14.398363193282675 0.0 1.0 1.0 1 0 0 0.0 1.0 0
cell 17.550087844099167 11.201109276520093 0.0 1.0 1.0 1 0 0 0.0 1.0 0
cell 44.048809723813356 3.2985989416858574 0.0 1.0 1.0 1 0 0 0.0 1.0 0
cell 17.31671092145257 40.4786230869574 0.0 1.6431676725154984 0.6085806194501846 1 0 0 0.3108386789953381 -0.9504626850331543 5.651034716155724
cell 41.16277984192809 10.42895322810142 0.0 1.0 1.0 1 0 0 0.0 1.0 0
cell 46.639619262027516 20.122121742721596 0.0 1.0 1.0 1 0 0 0.0 1.0 0
cell 47.483225284823774 11.305223604066072 0.0 1.0 1.0 1 0 0 0.0 1.0 0
cell 4.378056669888118 39.40344082093521 0.0 1.0 1.0 1 0 0 0.0 1.0 0
cell 5.264414100237591 49.84565182729476 0.0 1.0 1.0 1 0 0 0.0 1.0 0
cell 30.40950491458481 32.5037317774362 0.0 1.0 1.0 1 0 0 0.0 1.0 0
cell 39.89887252506878 0.1741142689581581 0.0 1.6431676725154984 0.6085806194501846 1 0 0 0.9997572025840431 0.022034878745494556 3.097519329077963
cell 58.01886842229894 16.329242775742337 0.0 1.0 1.0 1 0 0 0.0 1.0 0
cell 25.14643930659773 56.04938092566183 0.0 1.6431676725154984 0.6085806194501846 1 0 0 0.8047295245429072 -0.5936416362831589 4.412745893899037
cell 38.130601734312556 45.19658495554625 0.0 1.0 1.0 1 0 0 0.0 1.0 0
cell 51.38976074309238 50.44601649089943 0.0 1.0 1.0 1 0 0 0.0 1.0 0
cell 42.3639436041744 2.2465093848466746 0.0 1.0 1.0 1 0 0 0.0 1.0 0
cell 44.36909820532367 48.38017113414181 0.0 1.6431676725154984 0.6085806194501846 1 0 0 0.9968250117295703 -0.07962346381778523 3.3010083312656957
cell 38.92516217883661 23.397618546052787 0.0 1.0 1.0 1 0 0 0.0 1.0 0
cell 53.61335791276119 40.03488306629485 0.0 1.0 1.0 1 0 0 0.0 1.0 0
cell 31.031103661188865 3.5718444681330754 0.0 1.0 1.0 1 0 0 0.0 1.0 0
cell 52.40071759509706 15.521382479871818 0.0 1.0 1.0 1 0 0 0.0 1.0 0
cell 53.187343029443134 30.295235226691727 0.0 1.0 1.0 1 0 0 0.0 1.0 0
cell 52.73611301182882 41.564840264546135 0.0 1.6431676725154984 0.6085806194501846 1 0 0 0.9999501923907583 -0.009980618101369717 3.1615542212062864
cell 11.420906290043039 56.097148622034325 0.0 1.6431676725154984 0.6085806194501846 1 0 0 0.49044369446325076 0.8714728811393029 1.0251976234598215
cell 21.2839847716458 51.89883625788676 0.0 1.6431676725154984 0.6085806194501846 1 0 0 0.6027367294741074 0.7979401198980138 1.2938528542637142
cell 47.24565217017817 7.868370856186896 0.0 1.0 1.0 1 0 0 0.0 1.0 0
cell 9.43052712449031 25.458478196909898 0.0 1.0 1.0 1 0 0 0.0 1.0 0
cell 23.739369454596567 30.166530562151944 0.0 1.0 1.0 1 0 0 0.0 1.0 0
cell 47.759891411902245 58.07229125625758 0.0 1.0 1.0 1 0 0 0.0 1.0 0
cell 38.14443089287413 17.5415539265918 0.0 1.0 1.0 1 0 0 0.0 1.0 0
cell 6.38660575394979 31.377151183907714 0.0 1.0 1.0 1 0 0 0.0 1.0 0
cell 47.03073800476064 42.97533605506373 0.0 1.0 1.0 1 0 0 0.0 1.0 0
cell 44.208632266466424 37.733310816239204 0.0 1.0 1.0 1 0 0 0.0 1.0 0
cell 23.716738189048545 56.23172364383112 0.0 1.0 1.0 1 0 0 0.0 1.0 0
cell 46.939079069149365 4.364252257191695 0.0 1.0 1.0 1 0 0 0.0 1.0 0
cell 48.80902037171914 42.19248602600298 0.0 1.6431676725154984 0.6085806194501846 1 0 0 0.5750979730504768 0.8180845441598521 1.2254478041717145
cell 39.86787705874987 9.572543251738018 0.0 1.0 1.0 1 0 0 0.0 1.0 0
cell 10.531433179892336 5.442766032893836 0.0 1.0 1.0 1 0 0 0.0 1.0 0
cell 32.254604354867354 42.317639215459685 0.0 1.6431676725154984 0.6085806194501846 1 0 0 0.8125669610711351 0.5828678527553397 1.8970854222436977
cell 48.598887278266496 44.574174011237176 0.0 1.6431676725154984 0.6085806194501846 1 0 0 -0.6238768278299791 -0.7815226827781793 1.3473870966715253
cell 35.36007568124032 1.9651645931476582 0.0 1.0 1.0 1 0 0 0.0 1.0 0
cell 32.84321376861693 18.315222892352313 0.0 1.6431676725154984 0.6085806194501846 1 0 0 0.9294941189454188 0.3688369325947169 2.386077815990455
cell 13.230473623248214 24.552942336752075 0.0 1.0 1.0 1 0 0 0.0 1.0 0
cell 5.4892565108981834 37.800968330099025 0.0 1.0 1.0 1 0 0 0.0 1.0 0
cell 55.10470217556276 36.823567508316444 0.0 1.0 1.0 1 0 0 0.0 1.0 0
cell 11.554133665842732 48.95354327089735 0.0 1.6431676725154984 0.6085806194501846 1 0 0 0.553344794453777 -0.8329523026265714 5.110436314758284
cell 41.33223345915918 17.0365287756859 0.0 1.0 1.0 1 0 0 0.0 1.0 0
cell 15.357051709438684 29.76436665204015 0.0 1.0 1.0 1 0 0 0.0 1.0 0
cell 15.036969315259034 43.18135954664767 0.0 1.6431676725154984 0.6085806194501846 1 0 0 0.7469033171301601 0.6649326543793465 1.686785357725679
cell 6.4393815303556785 39.581009756484335 0.0 1.0 1.0 1 0 0 0.0 1.0 0
cell 14.309731707499962 40.47467333997592 0.0 1.0 1.0 1 0 0 0.0 1.0 0
cell 40.44118225453537 20.186118029857596 0.0 1.0 1.0 1 0 0 0.0 1.0 0
cell 3.915792034274983 19.445478724242243 0.0 1.0 1.0 1 0 0 0.0 1.0 0
cell 14.923545984089076 1.7455937561053765 0.0 1.0 1.0 1 0 0 0.0 1.0 0
cell 15.571194076109967 17.139214642330714 0.0 1.0 1.0 1 0 0 0.0 1.0 0
cell 16.502725983689082 24.628001984610222 0.0 1.0 1.0 1 0 0 0.0 1.0 0
cell 22.048189575970373 20.368559841107942 0.0 1.0 1.0 1 0 0 0.0 1.0 0
cell 2.3991751619227486 14.483396820250864 0.0 1.0 1.0 1 0 0 0.0 1.0 0
cell 4.205340943371525 6.411657523614572 0.0 1.0 1.0 1 0 0 0.0 1.0 0
cell 29.002149689054654 2.8002410948318737 0.0 1.6431676725154984 0.6085806194501846 1 0 0 0.38849362093922646 0.9214514129836302 0.7979924774709213
cell 14.849414383495938 36.291606491898875 0.0 1.0 1.0 1 0 0 0.0 1.0 0
cell 28.420896337144445 15.22957209087497 0.0 1.0 1.0 1 0 0 0.0 1.0 0
cell 5.844546928445064 7.5444014738557605 0.0 1.0 1.0 1 0 0 0.0 1.0 0
cell 30.70696987716222 42.51615737064865 0.0 1.6431676725154984 0.6085806194501846 1 0 0 0.8871767294218998 0.46142978964546827 2.18238036968494
cell 6.670516474494211 9.353822425708925 0.0 1.0 1.0 1 0 0 0.0 1.0 0
cell 23.135205343866776 58.06743459360287 0.0 1.6431676725154984 0.6085806194501846 1 0 0 0.4867231391543032 0.8735562865733271 1.0166692853892123
cell 34.161716530817046 55.644627819797535 0.0 1.0 1.0 1 0 0 0.0 1.0 0
cell 24.712333706011837 36.79235414669607 0.0 1.0 1.0 1 0 0 0.0 1.0 0
cell 44.96932367029792 40.98175914603839 0.0 1.6431676725154984 0.6085806194501846 1 0 0 0.27780939706153374 -0.9606362156947379 5.7201593311504535
cell 20.241909323044986 19.610621458921507 0.0 1.0 1.0 1 0 0 0.0 1.0 0
cell 47.019285227383996 49.84954829451337 0.0 1.6431676725154984 0.6085806194501846 1 0 0 0.9315794281280458 -0.363537850971014 3.8857182211374246
cell 23.034622559767165 13.434742239150665 0.0 1.0 1.0 1 0 0 0.0 1.0 0
cell 7.521430070255654 24.940197053693186 0.0 1.0 1.0 1 0 0 0.0 1.0 0
cell 48.50909256002618 47.10201469137315 0.0 1.0 1.0 1 0 0 0.0 1.0 0
cell 55.011929528573916 29.90206728786396 0.0 1.0 1.0 1 0 0 0.0 1.0 0
cell 28.667870827631692 52.60796322923223 0.0 1.6431676725154984 0.6085806194501846 1 0 0 0.13066951543741093 -0.9914259819751308 6.021096796732655
cell 13.779379362885392 11.729575999370619 0.0 1.0 1.0 1 0 0 0.0 1.0 0
cell 46.37154877604378 27.740376632003457 0.0 1.0 1.0 1 0 0 0.0 1.0 0
cell 27.35553212896116 20.80459741796236 0.0 1.0 1.0 1 0 0 0.0 1.0 0
cell 24.932868558945234 16.205384966780276 0.0 1.0 1.0 1 0 0 0.0 1.0 0
cell 46.328200370135335 37.96960292963248 0.0 1.6431676725154984 0.6085806194501846 1 0 0 -0.13946925293404625 0.9902264021354 6.003334489423347
cell 0.08785534019572994 11.887756172583313 0.0 1.0 1.0 1 0 0 0.0 1.0 0
cell 49.315820785509125 31.921475907032114 0.0 1.0 1.0 1 0 0 0.0 1.0 0
cell 4.104930164450507 55.12038337202558 0.0 1.6431676725154984 0.6085806194501846 1 0 0 0.844359802348492 -0.5357765618035336 4.272447021399425
cell 20.548414856896805 43.789379451346626 0.0 1.6431676725154984 0.6085806194501846 1 0 0 0.7338295334944903 0.679333655703336 1.6478842222670282
cell 32.79968771603324 7.408941118630053 0.0 1.0 1.0 1 0 0 0.0 1.0 0
cell 23.32354549460575 17.265956572798604 0.0 1.0 1.0 1 0 0 0.0 1.0 0
cell 38.29160853278354 38.174827629971595 0.0 1.0 1.0 1 0 0 0.0 1.0 0
cell 54.69543515929135 18.210945791581832 0.0 1.0 1.0 1 0 0 0.0 1.0 0
cell 15.548938085667942 54.74596314970693 0.0 1.6431676725154984 0.6085806194501846 1 0 0 0.4924629004949045 0.8703334370436113 1.0298346605541298
cell 46.5454863939549 0.4464493995681878 0.0 1.0 1.0 1 0 0 0.0 1.0 0
cell 10.923335242607804 57.48590653125561 0.0 1.6431676725154984 0.6085806194501846 1 0 0 0.3158606460704435 0.9488055924497716 0.6427272018815726
cell 58.96832267100363 32.735771473328846 0.0 1.0 1.0 1 0 0 0.0 1.0 0
cell 3.0319179069874047 34.31156256753964 0.0 1.0 1.0 1 0 0 0.0 1.0 0
cell 5.736274536429127 24.287829698247936 0.0 1.0 1.0 1 0 0 0.0 1.0 0
cell 36.7433928288411 18.80109530134414 0.0 1.0 1.0 1 0 0 0.0 1.0 0
cell 49.64736381236698 58.31670574207962 0.0 1.0 1.0 1 0 0 0.0 1.0 0
cell 49.51347562105106 2.5351382106752998 0.0 1.0 1.0 1 0 0 0.0 1.0 0
cell 8.77348763858973 28.372134974822647 0.0 1.0 1.0 1 0 0 0.0 1.0 0
cell 12.258801524770506 31.737458022332586 0.0 1.6431676725154984 0.6085806194501846 1 0 0 0.9159830883902633 -0.401216876244052 3.9672825579862647
cell 23.167856998005238 6.682257993645702 0.0 1.6431676725154984 0.6085806194501846 1 0 0 0.37490189029190474 0.9270644921770851 0.7685818877561013
cell 43.47485019835982 56.73384575344499 0.0 1.0 1.0 1 0 0 0.0 1.0 0
cell 33.46520886531503 19.53112896157554 0.0 1.0 1.0 1 0 0 0.0 1.0 0
cell 23.228689299311082 33.879314415365506 0.0 1.0 1.0 1 0 0 0.0 1.0 0
cell 23.19688318356454 15.363625697252713 0.0 1.0 1.0 1 0 0 0.0 1.0 0
cell 12.54410667316102 0.513618955091199 0.0 1.6431676725154984 0.6085806194501846 1 0 0 0.9931044763505117 0.11723267058536173 2.9065869011223042
cell 41.164186303201305 29.98799547956425 0.0 1.0 1.0 1 0 0 0.0 1.0 0
cell 10.435486826883556 10.801608331779134 0.0 1.0 1.0 1 0 0 0.0 1.0 0
cell 37.87326451525027 54.722350704146635 0.0 1.6431676725154984 0.6085806194501846 1 0 0 0.7040970210228917 0.7101037846587565 1.5623014546528518
cell 52.83444328749955 34.808238739144485 0.0 1.0 1.0 1 0 0 0.0 1.0 0
cell 53.67787825663416 44.87608919898209 0.0 1.0 1.0 1 0 0 0.0 1.0 0
cell 0.2589395559992751 29.703705921922012 0.0 1.0 1.0 1 0 0 0.0 1.0 0
cell 42.700757124756365 26.885490533105667 0.0 1.0 1.0 1 0 0 0.0 1.0 0
cell 19.78317730765076 15.762320197608776 0.0 1.0 1.0 1 0 0 0.0 1.0 0
cell 44.84712058866762 20.072344620903774 0.0 1.0 1.0 1 0 0 0.0 1.0 0
cell 14.99031263160892 27.59602081297159 0.0 1.0 1.0 1 0 0 0.0 1.0 0
cell 23.638789236079273 8.576153101385414 0.0 1.0 1.0 1 0 0 0.0 1.0 0
cell 53.33591998534532 5.665804727413477 0.0 1.0 1.0 1 0 0 0.0 1.0 0
cell 54.66961731181709 53.21783836479294 0.0 1.6431676725154984 0.6085806194501846 1 0 0 0.8259329381260936 0.5637683759474262 1.9437100496108304
cell 9.226000986417684 32.07762931245388 0.0 1.0 1.0 1 0 0 0.0 1.0 0
cell 58.18136145043812 0.45438781848935916 0.0 1.0 1.0 1 0 0 0.0 1.0 0
cell 19.200132936791352 11.867490543234636 0.0 1.0 1.0 1 0 0 0.0 1.0 0
cell 1.5053915775554794 37.46003569122442 0.0 1.0 1.0 1 0 0 0.0 1.0 0
cell 8.997598743507949 0.23230935689532017 0.0 1.0 1.0 1 0 0 0.0 1.0 0
cell 31.665046855955115 12.403449372995734 0.0 1.0 1.0 1 0 0 0.0 1.0 0
cell 16.53635543020106 43.01636100330291 0.0 1.6431676725154984 0.6085806194501846 1 0 0 0.6104075707820573 -0.792087493609101 4.970035223779825
cell 12.999383154099524 8.555694295869019 0.0 1.0 1.0 1 0 0 0.0 1.0 0
cell 41.2392673042968 56.336504629934595 0.0 1.0 1.0 1 0 0 0.0 1.0 0
cell 0.46660471059118347 35.78048175877966 0.0 1.0 1.0 1 0 0 0.0 1.0 0
cell 36.901312980177096 56.64304312108746 0.0 1.6431676725154984 0.6085806194501846 1 0 0 0.034741432247709834 0.9993963342365119 0.06949684934783022
cell 40.11062744457065 48.73687211450414 0.0 1.0 1.0 1 0 0 0.0 1.0 0
cell 58.459124946999864 23.74510931229402 0.0 1.0 1.0 1 0 0 0.0 1.0 0
cell 13.348730552050586 3.4191318631499357 0.0 1.0 1.0 1 0 0 0.0 1.0 0
cell 11.647295519119504 19.425667707976004 0.0 1.0 1.0 1 0 0 0.0 1.0 0
cell 45.259686994910815 45.77882197921576 0.0 1.0 1.0 1 0 0 0.0 1.0 0
cell 45.23863340522605 39.5530054717853 0.0 1.6431676725154984 0.6085806194501846 1 0 0 0.30278033577066166 -0.9530603696884082 5.667968149277868
cell 43.0629063736953 20.012945454468188 0.0 1.0 1.0 1 0 0 0.0 1.0 0
cell 50.31570151494806 22.08040741945083 0.0 1.0 1.0 1 0 0 0.0 1.0 0
cell 51.9794020095867 22.59372778624674 0.0 1.0 1.0 1 0 0 0.0 1.0 0
cell 33.800214487277316 21.241460909512707 0.0 1.0 1.0 1 0 0 0.0 1.0 0
cell 55.46245897976588 25.44060350664758 0.0 1.0 1.0 1 0 0 0.0 1.0 0
cell 43.062061301726196 28.832537331563206 0.0 1.0 1.0 1 0 0 0.0 1.0 0
cell 43.53638150180665 50.39512668462925 0.0 1.0 1.0 1 0 0 0.0 1.0 0
cell 37.57971672009435 10.514754332564305 0.0 1.6431676725154984 0.6085806194501846 1 0 0 0.6552423581199717 0.7554187263533906 1.4290068041100912
cell 57.4566090561624 2.261668502786926 0.0 1.0 1.0 1 0 0 0.0 1.0 0
cell 53.8166177134221 38.217003222359864 0.0 1.0 1.0 1 0 0 0.0 1.0 0
cell 38.25732554202737 36.25066314636415 0.0 1.0 1.0 1 0 0 0.0 1.0 0
cell 58.26272584246813 43.39937452451559 0.0 1.0 1.0 1 0 0 0.0 1.0 0
cell 49.78771841015321 46.43116354125908 0.0 1.6431676725154984 0.6085806194501846 1 0 0 0.636621338889584 0.7711765497410003 1.3802182454262704
cell 6.606263631788978 11.162829286120044 0.0 1.0 1.0 1 0 0 0.0 1.0 0
cell 20.08974055268953 28.763921093192774 0.0 1.0 1.0 1 0 0 0.0 1.0 0
cell 58.12031838681115 53.01249352825138 0.0 1.0 1.0 1 0 0 0.0 1.0 0
cell 51.49715267824241 13.982179310746012 0.0 1.0 1.0 1 0 0 0.0 1.0 0
cell 51.36674543602441 2.7008083728052728 0.0 1.0 1.0 1 0 0 0.0 1.0 0
cell 42.15357777442014 15.221877751954462 0.0 1.0 1.0 1 0 0 0.0 1.0 0
cell 43.799772679991555 21.74917811908303 0.0 1.0 1.0 1 0 0 0.0 1.0 0
cell 26.775086537526892 19.165789314459523 0.0 1.0 1.0 1 0 0 0.0 1.0 0
cell 28.8214168386585 30.122126221713277 0.0 1.0 1.0 1 0 0 0.0 1.0 0
cell 10.345084276891855 1.890973697693651 0.0 1.0 1.0 1 0 0 0.0 1.0 0
cell 14.364492128207893 10.015460578788431 0.0 1.0 1.0 1 0 0 0.0 1.0 0
cell 10.705976791440452 58.98516828845924 0.0 1.0 1.0 1 0 0 0.0 1.0 0
cell 24.780997720623333 27.046240597303267 0.0 1.0 1.0 1 0 0 0.0 1.0 0
cell 40.43077127489181 22.217874851638985 0.0 1.0 1.0 1 0 0 0.0 1.0 0
cell 33.21821840638543 35.86048938757643 0.0 1.6431676725154984 0.6085806194501846 1 0 0 0.92921359162524 0.36954309780987904 2.3845581253426573
cell 48.02531904185783 5.999376805063026 0.0 1.0 1.0 1 0 0 0.0 1.0 0
cell 4.657320730511734 31.191370003802263 0.0 1.0 1.0 1 0 0 0.0 1.0 0
cell 52.221347337926495 4.270209668261932 0.0 1.0 1.0 1 0 0 0.0 1.0 0
cell 16.297301342089032 9.70057040202591 0.0 1.0 1.0 1 0 0 0.0 1.0 0
cell 19.05349663938448 22.850242695650437 0.0 1.0 1.0 1 0 0 0.0 1.0 0
cell 37.161607859206065 58.26007973496614 0.0 1.0 1.0 1 0 0 0.0 1.0 0
cell 22.796554578290948 36.62619383978997 0.0 1.0 1.0 1 0 0 0.0 1.0 0
cell 17.267710044005856 4.982495241981248 0.0 1.0 1.0 1 0 0 0.0 1.0 0
cell 28.450964824685045 28.326997889730194 0.0 1.0 1.0 1 0 0 0.0 1.0 0
cell 55.744684253050224 15.210054726372153 0.0 1.0 1.0 1 0 0 0.0 1.0 0
cell 15.7681897461682 49.9201489903475 0.0 1.6431676725154984 0.6085806194501846 1 0 0 0.7511606600372764 -0.660119430718687 4.583548142931323
cell 4.2900901363120205 4.515865230747831 0.0 1.0 1.0 1 0 0 0.0 1.0 0
cell 21.74609009070649 43.040002299568116 0.0 1.6431676725154984 0.6085806194501846 1 0 0 0.7496647149672315 0.6618178111331694 1.6951106424615365
cell 24.24941112634134 1.6261542063446677 0.0 1.6431676725154984 0.6085806194501846 1 0 0 0.40524667432273576 0.9142073796192867 0.8344972752943453
cell 30.896130586350758 22.312295110761102 0.0 1.0 1.0 1 0 0 0.0 1.0 0
cell 45.33052500397033 1.5133100474507895 0.0 1.6431676725154984 0.6085806194501846 1 0 0 0.7181551935352649 -0.6958829772298832 4.680890007836969
cell 47.35000695678767 24.577061576945574 0.0 1.0 1.0 1 0 0 0.0 1.0 0
cell 51.374532012739664 6.060300445409821 0.0 1.0 1.0 1 0 0 0.0 1.0 0
cell 36.67184930892522 8.527961471787025 0.0 1.6431676725154984 0.6085806194501846 1 0 0 0.684329687986398 0.7291727354615223 1.5073680488600147
cell 4.004295837672358 17.49404638479198 0.0 1.0 1.0 1 0 0 0.0 1.0 0
cell 48.86515396111681 33.77577174827238 0.0 1.0 1.0 1 0 0 0.0 1.0 0
cell 29.60276127538358 8.422426039037253 0.0 1.0 1.0 1 0 0 0.0 1.0 0
cell 42.684524834171995 41.48752980189063 0.0 1.6431676725154984 0.6085806194501846 1 0 0 0.3008221137423475 -0.95368026921164 5.672076146558464
cell 25.331170009460486 41.836787925968835 0.0 1.6431676725154984 0.6085806194501846 1 0 0 0.9954963591493032 -0.0947997833356249 3.331477363451473
cell 51.18612849009255 46.878087798344716 0.0 1.0 1.0 1 0 0 0.0 1.0 0
cell 10.279615604769798 16.53852060140246 0.0 1.0 1.0 1 0 0 0.0 1.0 0
cell 21.60306675170827 45.54820754313146 0.0 1.6431676725154984 0.6085806194501846 1 0 0 -0.9854136337192324 -0.17017629235665716 2.7995755170866077
cell 23.51954968013167 53.84345981000018 0.0 1.6431676725154984 0.6085806194501846 1 0 0 0.7572045080182166 0.6531778724336048 1.7180451981332476
cell 41.202504649275255 46.658702963941195 0.0 1.6431676725154984 0.6085806194501846 1 0 0 0.990410275327885 -0.138157470029467 3.418794257125772
cell 10.457682105285809 31.260213624659208 0.0 1.6431676725154984 0.6085806194501846 1 0 0 0.9277392338879256 -0.3732290367924834 3.906566929343976
cell 43.83786294582656 18.396455928709475 0.0 1.0 1.0 1 0 0 0.0 1.0 0
cell 54.24476166908324 12.708504374036812 0.0 1.0 1.0 1 0 0 0.0 1.0 0
cell 33.40999867716766 31.109622130063403 0.0 1.6431676725154984 0.6085806194501846 1 0 0 0.7600038144031295 0.6499186118989773 1.726637968085597
cell 42.11867632774609 3.856036769495485 0.0 1.0 1.0 1 0 0 0.0 1.0 0
cell 54.628050041892934 34.967476504769756 0.0 1.0 1.0 1 0 0 0.0 1.0 0
cell 57.58360973995375 12.737690897003786 0.0 1.0 1.0 1 0 0 0.0 1.0 0
cell 34.277831894129925 31.991439520605024 0.0 1.6431676725154984 0.6085806194501846 1 0 0 0.8548825262408952 0.5188216132043701 2.0506487462780423
cell 16.41534030984332 15.410027019181406 0.0 1.0 1.0 1 0 0 0.0 1.0 0
cell 55.44987846021077 40.88802137597755 0.0 1.0 1.0 1 0 0 0.0 1.0 0
cell 47.432325695506414 32.581656270193555 0.0 1.0 1.0 1 0 0 0.0 1.0 0
cell 28.129565388662023 26.499891126027464 0.0 1.0 1.0 1 0 0 0.0 1.0 0
cell 18.89572418431568 20.85945079229001 0.0 1.0 1.0 1 0 0 0.0 1.0 0
cell 50.517516153538686 32.60787014967962 0.0 1.6431676725154984 0.6085806194501846 1 0 0 0.5329104904494509 -0.8461716192173581 5.1591124012737595
cell 41.016882575028895 41.47848777287908 0.0 1.6431676725154984 0.6085806194501846 1 0 0 0.3574066120878639 -0.9339488817038517 5.552206078446566
cell 44.09245565303586 47.37943253835211 0.0 1.6431676725154984 0.6085806194501846 1 0 0 0.998886544748896 0.04717701473823587 3.0472035888455493
cell 43.31523165727406 42.9169430813579 0.0 1.0 1.0 1 0 0 0.0 1.0 0
cell 31.08427849002609 51.01545118067092 0.0 1.6431676725154984 0.6085806194501846 1 0 0 0.2531045910016168 -0.967438921076625 5.771409313532663
cell 42.73779972222987 10.003744095558742 0.0 1.0 1.0 1 0 0 0.0 1.0 0
cell 55.80563703698457 9.875281755593932 0.0 1.0 1.0 1 0 0 0.0 1.0 0
cell 7.828399424662904 26.636110670793347 0.0 1.0 1.0 1 0 0 0.0 1.0 0
cell 31.089435146381625 39.74113018655127 0.0 1.6431676725154984 0.6085806194501846 1 0 0 0.5905469676462242 0.8070032707516429 1.263472898151037
cell 25.645122535943738 8.674253621691625 0.0 1.0 1.0 1 0 0 0.0 1.0 0
cell 20.309377660597033 52.703013566062914 0.0 1.6431676725154984 0.6085806194501846 1 0 0 0.8458922569832575 -0.533353812750758 4.2667135631730195
cell 26.23702624484954 25.84499791910899 0.0 1.0 1.0 1 0 0 0.0 1.0 0
cell 36.29431527105383 3.722503185557058 0.0 1.0 1.0 1 0 0 0.0 1.0 0
cell 1.9600938035710302 32.620670229800645 0.0 1.0 1.0 1 0 0 0.0 1.0 0
cell 9.261774519544609 41.92886568565162 0.0 1.0 1.0 1 0 0 0.0 1.0 0
cell 17.235780278303256 56.67822595033649 0.0 1.6431676725154984 0.6085806194501846 1 0 0 0.6311268425975041 0.7756796429924568 1.3660101420225865
cell 12.380139670366129 1.964043852950942 0.0 1.0 1.0 1 0 0 0.0 1.0 0
cell 39.579055127959585 16.783705039888787 0.0 1.6431676725154984 0.6085806194501846 1 0 0 0.37948719125110814 0.9251969907410772 0.7784839272575786
cell 4.779974956984038 11.938206280016306 0.0 1.0 1.0 1 0 0 0.0 1.0 0
cell 29.2162445927303 46.99276182503269 0.0 1.6431676725154984 0.6085806194501846 1 0 0 -0.4727764316677778 0.8811824133852667 5.298307453350358
cell 45.90455466029239 25.948157907388676 0.0 1.0 1.0 1 0 0 0.0 1.0 0
cell 4.034954264046737 8.363580622263653 0.0 1.0 1.0 1 0 0 0.0 1.0 0
cell 1.8212019546655724 42.93001989475739 0.0 1.6431676725154984 0.6085806194501846 1 0 0 0.3112705067836827 -0.9503213517577248 5.650125980028827
cell 21.753206525704705 8.853284017780949 0.0 1.0 1.0 1 0 0 0.0 1.0 0
cell 54.95924988892713 20.185962769063586 0.0 1.0 1.0 1 0 0 0.0 1.0 0
cell 9.890297310930118 20.334950430520678 0.0 1.0 1.0 1 0 0 0.0 1.0 0
cell 18.381796089096014 18.92151933832119 0.0 1.0 1.0 1 0 0 0.0 1.0 0
cell 48.34042272334525 48.79145064642502 0.0 1.0 1.0 1 0 0 0.0 1.0 0
cell 18.712762148868958 6.950617217794684 0.0 1.0 1.0 1 0 0 0.0 1.0 0
cell 28.82975852078749 32.09325383184182 0.0 1.0 1.0 1 0 0 0.0 1.0 0
cell 46.89182917841427 44.670593409799416 0.0 1.0 1.0 1 0 0 0.0 1.0 0
cell 4.048962082323179 15.608254760778399 0.0 1.0 1.0 1 0 0 0.0 1.0 0
cell 53.10403237892565 17.1720065429676 0.0 1.0 1.0 1 0 0 0.0 1.0 0
cell 19.50303801117832 4.843101391467341 0.0 1.6431676725154984 0.6085806194501846 1 0 0 0.31586001389251467 -0.9488058029037452 5.640459437874179
cell 50.12384604496574 28.7713895377611 0.0 1.0 1.0 1 0 0 0.0 1.0 0
cell 41.478909633121454 8.45872106435953 0.0 1.0 1.0 1 0 0 0.0 1.0 0
cell 29.690195632825215 58.97916157201551 0.0 1.6431676725154984 0.6085806194501846 1 0 0 0.3383712361909073 -0.941012702634049 5.592814317240291
cell 45.699655338281744 32.898355864543085 0.0 1.0 1.0 1 0 0 0.0 1.0 0
cell 42.8426376299716 30.841067059932 0.0 1.0 1.0 1 0 0 0.0 1.0 0
cell 56.31331849999671 17.088509010968902 0.0 1.0 1.0 1 0 0 0.0 1.0 0
cell 38.92246807816318 41.59447393315603 0.0 1.0 1.0 1 0 0 0.0 1.0 0
cell 46.576405032589676 13.052374665270666 0.0 1.0 1.0 1 0 0 0.0 1.0 0
cell 2.4220949543488643 22.095447832872043 0.0 1.0 1.0 1 0 0 0.0 1.0 0
cell 41.69255978174336 5.417556079614184 0.0 1.0 1.0 1 0 0 0.0 1.0 0
cell 13.534567788151229 45.352611442106536 0.0 1.6431676725154984 0.6085806194501846 1 0 0 0.059326265324858726 0.998238645937235 0.11872224280627879
cell 14.545607159154878 15.217255010887477 0.0 1.0 1.0 1 0 0 0.0 1.0 0
cell 10.543403871963083 33.14025235484916 0.0 1.0 1.0 1 0 0 0.0 1.0 0
cell 14.285112553551238 33.198902276298234 0.0 1.6431676725154984 0.6085806194501846 1 0 0 0.8496744657673923 -0.5273075973498738 4.252450037726731
cell 27.10442290131712 31.701521310353794 0.0 1.0 1.0 1 0 0 0.0 1.0 0
cell 41.13594141572369 13.674693355223065 0.0 1.0 1.0 1 0 0 0.0 1.0 0
cell 57.276427875216406 51.53289631330381 0.0 1.6431676725154984 0.6085806194501846 1 0 0 0.37572297035563634 -0.9267320268271393 5.512831747070836
cell 13.70239374151758 53.97903088279064 0.0 1.6431676725154984 0.6085806194501846 1 0 0 0.4286462371844438 0.9034724142704179 0.8859876873234535
cell 41.150058007157064 28.093360044852936 0.0 1.0 1.0 1 0 0 0.0 1.0 0
cell 50.93568690544758 25.78479185809908 0.0 1.0 1.0 1 0 0 0.0 1.0 0
cell 36.72622553290338 35.890820146835686 0.0 1.0 1.0 1 0 0 0.0 1.0 0
cell 31.90631889527977 15.577904263451128 0.0 1.0 1.0 1 0 0 0.0 1.0 0
cell 21.441929966570367 4.570261764610179 0.0 1.6431676725154984 0.6085806194501846 1 0 0 0.37556796562655487 -0.9267948549679864 5.513166254717296
cell 19.548227108755142 13.74290323286576 0.0 1.0 1.0 1 0 0 0.0 1.0 0
cell 2.377255533616508 7.245493765548746 0.0 1.0 1.0 1 0 0 0.0 1.0 0
cell 36.24539385309456 55.08983506871379 0.0 1.0 1.0 1 0 0 0.0 1.0 0
cell 0.6367604811596199 55.8909157011602 0.0 1.0 1.0 1 0 0 0.0 1.0 0
cell 50.04809630771519 35.39060756139729 0.0 1.6431676725154984 0.6085806194501846 1 0 0 0.6880320168664841 -0.7256803316658363 4.765638028618407
cell 57.901755191281694 7.1560294618130555 0.0 1.0 1.0 1 0 0 0.0 1.0 0
cell 21.97106511864332 0.0864475645020293 0.0 1.0 1.0 1 0 0 0.0 1.0 0
cell 26.63259410792437 17.2597840396483 0.0 1.0 1.0 1 0 0 0.0 1.0 0
cell 32.4062730439914 46.645354768984795 0.0 1.0 1.0 1 0 0 0.0 1.0 0
cell 2.2252592924860757 9.198135549904793 0.0 1.0 1.0 1 0 0 0.0 1.0 0
cell 44.14315350876987 34.7139667154251 0.0 1.0 1.0 1 0 0 0.0 1.0 0
cell 8.626270061255227 47.67108704477492 0.0 1.6431676725154984 0.6085806194501846 1 0 0 0.8846483485531749 0.466258833055354 2.1714785453163437
cell 42.730959911650594 33.07291521298836 0.0 1.0 1.0 1 0 0 0.0 1.0 0
cell 54.33939816150734 31.779732121466854 0.0 1.0 1.0 1 0 0 0.0 1.0 0
cell 25.863328839898763 12.724747206632788 0.0 1.0 1.0 1 0 0 0.0 1.0 0
cell 17.686816229507027 22.105213156274882 0.0 1.6431676725154984 0.6085806194501846 1 0 0 0.6876514316893295 0.7260409826556731 1.5164986333021178
cell 30.068646958952783 18.16434182025979 0.0 1.0 1.0 1 0 0 0.0 1.0 0
cell 2.8839471086151667 47.97538504071315 0.0 1.0 1.0 1 0 0 0.0 1.0 0
cell 45.613519714544616 34.57732902754746 0.0 1.0 1.0 1 0 0 0.0 1.0 0
cell 7.11694977116586 28.270338391291926 0.0 1.0 1.0 1 0 0 0.0 1.0 0
cell 21.125527171851942 25.53686944564638 0.0 1.0 1.0 1 0 0 0.0 1.0 0
cell 40.8643962298818 26.13590542706856 0.0 1.0 1.0 1 0 0 0.0 1.0 0
cell 58.90902645416391 57.69241413956865 0.0 1.0 1.0 1 0 0 0.0 1.0 0
cell 7.498802498162285 37.82442015771777 0.0 1.0 1.0 1 0 0 0.0 1.0 0
cell 30.00443240380875 27.121943442180076 0.0 1.0 1.0 1 0 0 0.0 1.0 0
cell 49.70508607622032 6.006733383522959 0.0 1.6431676725154984 0.6085806194501846 1 0 0 0.8614159188590521 -0.507900201551658 4.207083495261076
cell 30.677688784675897 20.016131491791814 0.0 1.6431676725154984 0.6085806194501846 1 0 0 0.8577066084493434 0.5141394497821818 2.061584589935262
cell 8.313964004864147 19.37103939809644 0.0 1.0 1.0 1 0 0 0.0 1.0 0
cell 31.94033546002718 20.71441800557386 0.0 1.0 1.0 1 0 0 0.0 1.0 0
cell 14.803572364137091 23.616143737233358 0.0 1.0 1.0 1 0 0 0.0 1.0 0
cell 1.0781443985173373 50.16205716988014 0.0 1.0 1.0 1 0 0 0.0 1.0 0
cell 22.07794862801192 2.702411635771895 0.0 1.6431676725154984 0.6085806194501846 1 0 0 0.32432123065751906 -0.9459470066260542 5.622597138412943
cell 51.63656753616765 8.624320980626804 0.0 1.6431676725154984 0.6085806194501846 1 0 0 0.8985808806115231 -0.43880793178726807 4.050135915550785
cell 51.121882301764465 42.86292596213839 0.0 1.0 1.0 1 0 0 0.0 1.0 0
cell 52.6162554699454 56.6613454517944 0.0 1.6431676725154984 0.6085806194501846 1 0 0 0.7963796104197064 -0.6047970867222796 4.440614749786639
cell 28.26664930155257 37.562764378535356 0.0 1.0 1.0 1 0 0 0.0 1.0 0
cell 54.505274682512784 26.891088618736728 0.0 1.0 1.0 1 0 0 0.0 1.0 0
cell 19.287559171485302 45.28548482117177 0.0 1.6431676725154984 0.6085806194501846 1 0 0 0.7956850598116361 0.6057105625565343 1.8402754854625334
cell 29.770597534446495 14.587051060714126 0.0 1.6431676725154984 0.6085806194501846 1 0 0 0.2793962778199441 0.9601758796909869 0.5663305791211143
cell 44.892271690400534 16.693151272782476 0.0 1.0 1.0 1 0 0 0.0 1.0 0
cell 51.34458527374401 34.73175525421866 0.0 1.6431676725154984 0.6085806194501846 1 0 0 0.8505991453196027 -0.5258146954788935 4.2489378936162865
cell 10.129349358867396 23.984136579994647 0.0 1.0 1.0 1 0 0 0.0 1.0 0
cell 12.358241283758835 10.256065466173625 0.0 1.0 1.0 1 0 0 0.0 1.0 0
cell 18.25646775930104 9.343679870717308 0.0 1.0 1.0 1 0 0 0.0 1.0 0
cell 36.64006928179905 48.40395328828689 0.0 1.6431676725154984 0.6085806194501846 1 0 0 0.8359553176815508 0.548797509870387 1.9797424629357039
cell 57.52469869621492 32.335003988600384 0.0 1.6431676725154984 0.6085806194501846 1 0 0 -0.5214573509519141 0.8532773471376187 5.186069294558993
cell 13.301411303979206 26.463755397054666 0.0 1.0 1.0 1 0 0 0.0 1.0 0
cell 32.51505514244873 22.64023597216805 0.0 1.0 1.0 1 0 0 0.0 1.0 0
cell 34.75291881503047 6.46370602452605 0.0 1.6431676725154984 0.6085806194501846 1 0 0 0.6311868327418215 0.7756308285346502 1.3661648245194526
cell 42.23074991976142 53.458921635668595 0.0 1.0 1.0 1 0 0 0.0 1.0 0
cell 6.706104596852811 48.44323680885022 0.0 1.0 1.0 1 0 0 0.0 1.0 0
cell 13.786760662284243 30.971430408182044 0.0 1.0 1.0 1 0 0 0.0 1.0 0
cell 7.209241157166701 6.22995038017389 0.0 1.0 1.0 1 0 0 0.0 1.0 0
cell 44.4294755224767 6.543308865725922 0.0 1.0 1.0 1 0 0 0.0 1.0 0
cell 54.51442305718313 16.25084584649093 0.0 1.0 1.0 1 0 0 0.0 1.0 0
cell 55.06401629750451 22.011823276358225 0.0 1.0 1.0 1 0 0 0.0 1.0 0
cell 43.47045346439835 8.334712170894232 0.0 1.0 1.0 1 0 0 0.0 1.0 0
cell 35.08986961179213 13.617010976930045 0.0 1.0 1.0 1 0 0 0.0 1.0 0
cell 23.38609168360104 4.769007454599467 0.0 1.0 1.0 1 0 0 0.0 1.0 0
cell 31.64649930424459 37.71647720530161 0.0 1.6431676725154984 0.6085806194501846 1 0 0 0.6842171953393521 0.7292782936588411 1.507059522499988
cell 42.413874370720194 24.918396778983695 0.0 1.0 1.0 1 0 0 0.0 1.0 0
cell 38.34819683267689 9.042334947796936 0.0 1.0 1.0 1 0 0 0.0 1.0 0
cell 58.14142494002043 34.325162884924524 0.0 1.0 1.0 1 0 0 0.0 1.0 0
cell 38.73272360266962 57.89852277101262 0.0 1.0 1.0 1 0 0 0.0 1.0 0
cell 11.816508167186331 17.563070878315145 0.0 1.0 1.0 1 0 0 0.0 1.0 0
cell 45.7974869522062 57.73458593397921 0.0 1.0 1.0 1 0 0 0.0 1.0 0
cell 43.96686896869116 54.60222953275504 0.0 1.0 1.0 1 0 0 0.0 1.0 0
cell 8.069217406858616 50.40083337809072 0.0 1.6431676725154984 0.6085806194501846 1 0 0 -0.2642682733970564 0.9644492105216006 5.74829501834412
cell 41.23194151521272 35.73935165393461 0.0 1.0 1.0 1 0 0 0.0 1.0 0
cell 53.513236763107436 2.8664192222904474 0.0 1.0 1.0 1 0 0 0.0 1.0 0
cell 54.9299359930313 58.208811112631935 0.0 1.0 1.0 1 0 0 0.0 1.0 0
cell 10.341694526454924 34.90036132606123 0.0 1.0 1.0 1 0 0 0.0 1.0 0
cell 5.990410428546841 42.97211574674844 0.0 1.0 1.0 1 0 0 0.0 1.0 0
cell 46.88229079952519 39.717802000345806 0.0 1.0 1.0 1 0 0 0.0 1.0 0
cell 36.26223478475963 15.313890429066628 0.0 1.0 1.0 1 0 0 0.0 1.0 0
cell 25.044869958481144 18.170023726080537 0.0 1.0 1.0 1 0 0 0.0 1.0 0
cell 34.86396097229634 18.1338836246879 0.0 1.0 1.0 1 0 0 0.0 1.0 0
cell 0.4209984881843086 10.051916881226886 0.0 1.0 1.0 1 0 0 0.0 1.0 0
cell 5.166620921565525 41.15231633713807 0.0 1.0 1.0 1 0 0 0.0 1.0 0
cell 25.62061038062683 50.66838723103461 0.0 1.6431676725154984 0.6085806194501846 1 0 0 0.685539410063632 0.7280355192225222 1.5106887047661093
cell 5.539214095157184 18.507505932119173 0.0 1.0 1.0 1 0 0 0.0 1.0 0
cell 35.69703526116509 23.852299206288375 0.0 1.0 1.0 1 0 0 0.0 1.0 0
cell 49.48582343955884 14.198200399328867 0.0 1.0 1.0 1 0 0 0.0 1.0 0
cell 33.132325683552146 49.85088554088003 0.0 1.6431676725154984 0.6085806194501846 1 0 0 0.5949464255127265 -0.8037653580303332 5.008787321841907
cell 19.92392455720382 8.282224592383722 0.0 1.0 1.0 1 0 0 0.0 1.0 0
cell 10.241974925309119 14.598089789563234 0.0 1.0 1.0 1 0 0 0.0 1.0 0
cell 2.965991374633419 12.725543349487966 0.0 1.0 1.0 1 0 0 0.0 1.0 0
cell 4.345000273410354 36.135912833266616 0.0 1.0 1.0 1 0 0 0.0 1.0 0
cell 38.54860619573073 19.494020103921695 0.0 1.0 1.0 1 0 0 0.0 1.0 0
cell 8.526582970638756 30.593923660396946 0.0 1.0 1.0 1 0 0 0.0 1.0 0
cell 26.801276875397107 6.477514522475983 0.0 1.0 1.0 1 0 0 0.0 1.0 0
cell 32.387969224206124 10.83463069925005 0.0 1.0 1.0 1 0 0 0.0 1.0 0
cell 25.341414264205905 20.115609548399675 0.0 1.0 1.0 1 0 0 0.0 1.0 0
cell 13.603162843810365 35.00233855919867 0.0 1.0 1.0 1 0 0 0.0 1.0 0
cell 43.47013616454686 46.12593688393197 0.0 1.0 1.0 1 0 0 0.0 1.0 0
cell 9.72752800560275 36.5955545628103 0.0 1.0 1.0 1 0 0 0.0 1.0 0
cell 32.58098280101504 34.722203587594606 0.0 1.6431676725154984 0.6085806194501846 1 0 0 0.8566128909426843 0.5159596448084063 2.057337553503881
cell 52.432976316001216 1.0867944753496173 0.0 1.0 1.0 1 0 0 0.0 1.0 0
cell 20.395030338809978 33.429376061241314 0.0 1.6431676725154984 0.6085806194501846 1 0 0 0.645719963512615 0.7635743111978475 1.4039315874766845
cell 34.032193252888945 41.22084907856333 0.0 1.0 1.0 1 0 0 0.0 1.0 0
cell 37.34844220904276 2.1947060162179146 0.0 1.0 1.0 1 0 0 0.0 1.0 0
cell 39.07258175067204 43.61980745956522 0.0 1.6431676725154984 0.6085806194501846 1 0 0 0.8820344690531898 -0.47118488452205 4.122859955071574
cell 34.13202636103715 25.072025963419055 0.0 1.0 1.0 1 0 0 0.0 1.0 0
cell 6.598851872308275 56.46198649753754 0.0 1.6431676725154984 0.6085806194501846 1 0 0 0.9809673998758828 -0.19417250160810584 3.532420306029811
cell 5.656750543861336 29.660549834467485 0.0 1.0 1.0 1 0 0 0.0 1.0 0
cell 15.694058015832436 6.373568919650422 0.0 1.0 1.0 1 0 0 0.0 1.0 0
cell 5.9178589957549415 14.872118447824729 0.0 1.0 1.0 1 0 0 0.0 1.0 0
cell 56.15935865687216 31.459695608485845 0.0 1.0 1.0 1 0 0 0.0 1.0 0
cell 56.44749897843135 19.03200777781208 0.0 1.0 1.0 1 0 0 0.0 1.0 0
cell 32.95443009871983 54.344962904057375 0.0 1.6431676725154984 0.6085806194501846 1 0 0 0.8336738794775911 0.5522570621339151 1.9714542817793963
cell 11.37962056989628 42.61211016360993 0.0 1.0 1.0 1 0 0 0.0 1.0 0
cell 58.1460675067403 20.027780355028984 0.0 1.0 1.0 1 0 0 0.0 1.0 0
cell 3.921330809427952 51.67028664877697 0.0 1.6431676725154984 0.6085806194501846 1 0 0 0.6327732389696303 -0.774337153986481 4.912926447965892
cell 13.152082571713445 36.966812440103695 0.0 1.0 1.0 1 0 0 0.0 1.0 0
cell 5.004321205390819 34.54298078105404 0.0 1.0 1.0 1 0 0 0.0 1.0 0
cell 20.586902860787603 21.551628244975355 0.0 1.0 1.0 1 0 0 0.0 1.0 0
cell 0.6376802870059677 15.422699298623565 0.0 1.0 1.0 1 0 0 0.0 1.0 0
cell 0.5745883609112373 8.107746434958974 0.0 1.0 1.0 1 0 0 0.0 1.0 0
cell 50.20464466484086 48.81115154798645 0.0 1.0 1.0 1 0 0 0.0 1.0 0
cell 56.77309915085068 37.22959453364055 0.0 1.0 1.0 1 0 0 0.0 1.0 0
cell 45.19217878414021 4.686759185277953 0.0 1.0 1.0 1 0 0 0.0 1.0 0
cell 15.555808000946906 0.26775789831681707 0.0 1.6431676725154984 0.6085806194501846 1 0 0 0.2375708543736954 0.9713702122013792 0.47972868379488953
cell 55.45852422726073 38.78455994239384 0.0 1.0 1.0 1 0 0 0.0 1.0 0
cell 5.9138029684352444 5.17204661146177 0.0 1.0 1.0 1 0 0 0.0 1.0 0
cell 20.48656597526838 57.39961747922104 0.0 1.6431676725154984 0.6085806194501846 1 0 0 0.5161610904545955 0.8564915228423005 1.0847254640488784
cell 20.668245221093027 30.678359379950013 0.0 1.0 1.0 1 0 0 0.0 1.0 0
cell 57.05104580340345 24.842847771767918 0.0 1.0 1.0 1 0 0 0.0 1.0 0
cell 30.219075139055615 5.397388582779352 0.0 1.0 1.0 1 0 0 0.0 1.0 0
cell 1.0639915808681197 34.167241944922274 0.0 1.0 1.0 1 0 0 0.0 1.0 0
cell 32.98660022659218 38.91277441360358 0.0 1.0 1.0 1 0 0 0.0 1.0 0
cell 53.623366515994604 23.21620904196707 0.0 1.0 1.0 1 0 0 0.0 1.0 0
cell 3.1193298093046185 40.98379175866557 0.0 1.0 1.0 1 0 0 0.0 1.0 0
cell 51.18882055099439 17.16278576656423 0.0 1.0 1.0 1 0 0 0.0 1.0 0
cell 36.20887903072453 16.952327967396215 0.0 1.0 1.0 1 0 0 0.0 1.0 0
cell 22.581605511061248 52.197932727179804 0.0 1.6431676725154984 0.6085806194501846 1 0 0 0.7146311008811763 0.6995015294145953 1.5921931801210545
cell 11.306298705596012 26.779926078381354 0.0 1.0 1.0 1 0 0 0.0 1.0 0
cell 39.629698273357434 34.95853065437347 0.0 1.0 1.0 1 0 0 0.0 1.0 0
cell 52.27611373482323 37.5690445927133 0.0 1.6431676725154984 0.6085806194501846 1 0 0 0.7997418656088833 -0.6003440250326665 4.4294550725244894
cell 24.285324452511272 43.828169795964484 0.0 1.6431676725154984 0.6085806194501846 1 0 0 0.9596233163340747 0.28128826983717675 2.571320013426829
cell 45.109460541118715 56.114166911684386 0.0 1.0 1.0 1 0 0 0.0 1.0 0
cell 6.370153293602418 13.120199253544833 0.0 1.0 1.0 1 0 0 0.0 1.0 0
cell 28.506609434455427 16.88325693389924 0.0 1.0 1.0 1 0 0 0.0 1.0 0
cell 16.955912186881044 7.814059455314634 0.0 1.0 1.0 1 0 0 0.0 1.0 0
cell 20.08580375170286 39.93016346973376 0.0 1.6431676725154984 0.6085806194501846 1 0 0 0.18700843233645795 -0.9823583084776453 5.9069533735148205
cell 55.922696442351935 13.58113713706751 0.0 1.0 1.0 1 0 0 0.0 1.0 0
cell 9.662877462931936 50.70504837440768 0.0 1.6431676725154984 0.6085806194501846 1 0 0 0.4788723659986984 -0.8778845351655357 5.284445763927817
cell 45.318262875230886 51.29777481729727 0.0 1.0 1.0 1 0 0 0.0 1.0 0
cell 32.240452818835 29.53668587594621 0.0 1.0 1.0 1 0 0 0.0 1.0 0
cell 11.982464528965862 12.056766842994554 0.0 1.0 1.0 1 0 0 0.0 1.0 0
cell 29.463727234677883 34.00256993715736 0.0 1.0 1.0 1 0 0 0.0 1.0 0
cell 34.84673100642279 57.48583392200883 0.0 1.6431676725154984 0.6085806194501846 1 0 0 0.037717917578557365 0.9992884261781165 0.07545373297330854
cell 28.37213756178506 35.582810617369574 0.0 1.0 1.0 1 0 0 0.0 1.0 0
cell 51.497714999008046 27.580153654974644 0.0 1.0 1.0 1 0 0 0.0 1.0 0
cell 20.212531430415268 38.72711422592296 0.0 1.6431676725154984 0.6085806194501846 1 0 0 0.9750498026049836 0.2219862212840754 2.6938905620918803
cell 52.166788943164754 48.58087781691216 0.0 1.0 1.0 1 0 0 0.0 1.0 0
cell 5.6909081091688885 46.27519540944617 0.0 1.0 1.0 1 0 0 0.0 1.0 0
cell 6.964060953686961 34.310325988767964 0.0 1.0 1.0 1 0 0 0.0 1.0 0
cell 8.02848000452664 43.25196978111225 0.0 1.0 1.0 1 0 0 0.0 1.0 0
cell 22.314616401083036 31.282316464444417 0.0 1.0 1.0 1 0 0 0.0 1.0 0
cell 39.35938116617531 29.142381913982536 0.0 1.0 1.0 1 0 0 0.0 1.0 0
cell 9.754737923217846 48.68637770625498 0.0 1.6431676725154984 0.6085806194501846 1 0 0 0.19789372743646735 -0.9802234809681418 5.884767936882035
cell 39.28415701481157 27.29275369476664 0.0 1.0 1.0 1 0 0 0.0 1.0 0
cell 29.13532808232376 21.656313996255633 0.0 1.0 1.0 1 0 0 0.0 1.0 0
cell 2.7916628109723125 28.282229102268786 0.0 1.0 1.0 1 0 0 0.0 1.0 0
cell 14.57834127762782 38.28159249698404 0.0 1.0 1.0 1 0 0 0.0 1.0 0
cell 30.21120790931487 1.729353349385588 0.0 1.0 1.0 1 0 0 0.0 1.0 0
cell 38.27264079503537 48.55946203915643 0.0 1.0 1.0 1 0 0 0.0 1.0 0
cell 36.24604940932769 33.49421932222664 0.0 1.0 1.0 1 0 0 0.0 1.0 0
cell 43.901842879862485 23.595646041950964 0.0 1.0 1.0 1 0 0 0.0 1.0 0
cell 9.490718398789085 3.721545400025337 0.0 1.0 1.0 1 0 0 0.0 1.0 0
cell 18.546935867336956 54.40921262186894 0.0 1.6431676725154984 0.6085806194501846 1 0 0 0.4865590800231396 0.873647675923788 1.0162936929931259
cell 39.65616518175726 12.866595726577275 0.0 1.0 1.0 1 0 0 0.0 1.0 0
cell 43.004089260474245 16.920289135861037 0.0 1.0 1.0 1 0 0 0.0 1.0 0
cell 21.402431029989447 14.573812028398963 0.0 1.0 1.0 1 0 0 0.0 1.0 0
cell 51.59205670269227 58.34410147477207 0.0 1.0 1.0 1 0 0 0.0 1.0 0
cell 18.12259382635915 15.119841115875802 0.0 1.0 1.0 1 0 0 0.0 1.0 0
cell 58.65401302555377 40.21160324586598 0.0 1.0 1.0 1 0 0 0.0 1.0 0
cell 14.267264415618444 5.038149855036403 0.0 1.0 1.0 1 0 0 0.0 1.0 0
cell 4.470849043921351 13.790684227821465 0.0 1.0 1.0 1 0 0 0.0 1.0 0
cell 37.51405133711233 42.71982434951395 0.0 1.6431676725154984 0.6085806194501846 1 0 0 0.6888122667211867 -0.7249397638524326 4.763486535524194
cell 6.902920668816492 19.20069812261734 0.0 1.6431676725154984 0.6085806194501846 1 0 0 0.7754481878578592 0.6314112035337687 1.7748492104751281
cell 13.70926978593183 13.524739985870308 0.0 1.0 1.0 1 0 0 0.0 1.0 0
cell 58.595064492608806 25.32493513102771 0.0 1.6431676725154984 0.6085806194501846 1 0 0 0.4242973533304507 -0.9055229185154701 5.406813731953855
cell 20.883187206757803 23.541617228439655 0.0 1.0 1.0 1 0 0 0.0 1.0 0
cell 21.564442693599993 16.50868428870918 0.0 1.0 1.0 1 0 0 0.0 1.0 0
cell 17.362769972411066 32.36730498794276 0.0 1.0 1.0 1 0 0 0.0 1.0 0
cell 28.377519163624672 11.460267249856798 0.0 1.0 1.0 1 0 0 0.0 1.0 0
cell 42.37567359723562 55.19602992214498 0.0 1.0 1.0 1 0 0 0.0 1.0 0
cell 35.74397381712194 25.832415663624065 0.0 1.0 1.0 1 0 0 0.0 1.0 0
cell 49.691555188266356 20.598377536953627 0.0 1.0 1.0 1 0 0 0.0 1.0 0
cell 23.62121509967814 50.20700619462726 0.0 1.6431676725154984 0.6085806194501846 1 0 0 0.7118099435735675 0.7023721266036933 1.584143514626297
cell 47.55369288229225 14.52874369512443 0.0 1.0 1.0 1 0 0 0.0 1.0 0
cell 11.696665015638953 23.33433353642421 0.0 1.0 1.0 1 0 0 0.0 1.0 0
cell 16.53875300291759 3.1049137195033043 0.0 1.0 1.0 1 0 0 0.0 1.0 0
cell 25.67701493089929 33.101201534142675 0.0 1.0 1.0 1 0 0 0.0 1.0 0
cell 58.33561151222709 28.48142154071032 0.0 1.0 1.0 1 0 0 0.0 1.0 0
cell 55.691198424529 42.73704554036876 0.0 1.6431676725154984 0.6085806194501846 1 0 0 0.9506119107093808 -0.3103820149710036 3.772782390123098
cell 31.17737919071171 24.111266495413645 0.0 1.0 1.0 1 0 0 0.0 1.0 0
cell 45.834030690003885 18.34373844189388 0.0 1.0 1.0 1 0 0 0.0 1.0 0
cell 37.463072192191156 26.572219287652484 0.0 1.0 1.0 1 0 0 0.0 1.0 0
cell 55.077299314348 48.766571438375934 0.0 1.6431676725154984 0.6085806194501846 1 0 0 0.5241409901882915 -0.8516315062305042 5.179773035343316
cell 51.77654479849152 44.929357086077474 0.0 1.0 1.0 1 0 0 0.0 1.0 0
cell 46.77209048372862 46.35121246001166 0.0 1.6431676725154984 0.6085806194501846 1 0 0 0.9777033001062739 0.20999108781398637 2.718460964951491
cell 30.685620646553005 47.69570881666637 0.0 1.0 1.0 1 0 0 0.0 1.0 0
cell 31.343726601842267 25.850247926796737 0.0 1.0 1.0 1 0 0 0.0 1.0 0
cell 2.731766067699425 44.36863140914145 0.0 1.0 1.0 1 0 0 0.0 1.0 0
cell 52.7437784248668 26.493131745345124 0.0 1.0 1.0 1 0 0 0.0 1.0 0
cell 38.144086177366376 50.42234891834182 0.0 1.0 1.0 1 0 0 0.0 1.0 0
cell 44.570946156225524 9.87843005306547 0.0 1.0 1.0 1 0 0 0.0 1.0 0
cell 0.5012878601642754 41.87932119655649 0.0 1.0 1.0 1 0 0 0.0 1.0 0
cell 51.41304241759078 54.88766288017322 0.0 1.6431676725154984 0.6085806194501846 1 0 0 0.679376256597585 -0.7337900939447549 4.789360767041048
cell 48.647719112221445 35.52673506843943 0.0 1.0 1.0 1 0 0 0.0 1.0 0
cell 55.493654625224586 2.558394872200719 0.0 1.0 1.0 1 0 0 0.0 1.0 0
cell 11.822541665584396 35.69029845019492 0.0 1.0 1.0 1 0 0 0.0 1.0 0
cell 5.484211334188218 57.9031605949839 0.0 1.6431676725154984 0.6085806194501846 1 0 0 0.3598630873597951 0.93300512236315 0.7362422911309112
cell 40.14259249178354 50.62032272626397 0.0 1.0 1.0 1 0 0 0.0 1.0 0
cell 17.610471956662614 17.05736708889094 0.0 1.0 1.0 1 0 0 0.0 1.0 0
cell 38.25772748910584 12.25398126703428 0.0 1.0 1.0 1 0 0 0.0 1.0 0
cell 8.87842338984949 55.266008981703386 0.0 1.6431676725154984 0.6085806194501846 1 0 0 0.7900309683743306 0.6130669368099354 1.8217190192367934
cell 53.320384444444414 36.40226437988583 0.0 1.0 1.0 1 0 0 0.0 1.0 0
cell 58.055819036212704 5.491732003147618 0.0 1.0 1.0 1 0 0 0.0 1.0 0
cell 28.78606073528117 6.688501839845154 0.0 1.0 1.0 1 0 0 0.0 1.0 0
cell 2.5492978205890258 5.33509158611044 0.0 1.0 1.0 1 0 0 0.0 1.0 0
cell 1.5838359989184088 11.602663174256428 0.0 1.6431676725154984 0.6085806194501846 1 0 0 0.6743067875232243 -0.7384513229049762 4.803134184853148
cell 27.491358796612804 22.686613358450295 0.0 1.0 1.0 1 0 0 0.0 1.0 0
cell 23.626718711181425 40.73064345440221 0.0 1.6431676725154984 0.6085806194501846 1 0 0 0.9724861199886589 0.23296082595450224 2.671350308265389
cell 22.957759883691022 43.173961355087776 0.0 1.6431676725154984 0.6085806194501846 1 0 0 0.853931416329256 0.5203855649476751 2.0469878414418448
cell 12.223036695878642 33.73353333151398 0.0 1.0 1.0 1 0 0 0.0 1.0 0
cell 30.98530323356564 53.905627579599745 0.0 1.6431676725154984 0.6085806194501846 1 0 0 0.1333467702716821 -0.9910694419959235 6.015695012346387
cell 57.618769425908184 14.600100015795313 0.0 1.0 1.0 1 0 0 0.0 1.0 0
cell 48.03860127521872 36.90873971969804 0.0 1.6431676725154984 0.6085806194501846 1 0 0 0.08100170563134125 -0.99671396282224 6.121004212601254
cell 3.933352243761728 21.41604461665086 0.0 1.0 1.0 1 0 0 0.0 1.0 0
cell 21.26923989497112 12.704333796295721 0.0 1.0 1.0 1 0 0 0.0 1.0 0
cell 21.497914355958304 27.439777282522858 0.0 1.0 1.0 1 0 0 0.0 1.0 0
cell 14.812241013056337 57.47380887073011 0.0 1.6431676725154984 0.6085806194501846 1 0 0 0.3779244356922277 0.925836443928792 0.7751068835838957
cell 41.822960803715645 18.759920192270584 0.0 1.0 1.0 1 0 0 0.0 1.0 0
cell 54.22900719797302 55.619904301109486 0.0 1.6431676725154984 0.6085806194501846 1 0 0 0.9065092373734523 0.42218598100434573 2.269881859606206
cell 7.207186777321276 16.003468403333102 0.0 1.6431676725154984 0.6085806194501846 1 0 0 0.739672283020751 0.6729672456597497 1.6651665095571635
cell 2.4296038230815395 35.94040095629853 0.0 1.0 1.0 1 0 0 0.0 1.0 0
cell 11.854053524740314 53.22998004754934 0.0 1.6431676725154984 0.6085806194501846 1 0 0 0.7334608262149606 -0.6797317238499814 4.636386263818683
cell 36.6714856728498 52.67849262675222 0.0 1.0 1.0 1 0 0 0.0 1.0 0
cell 51.44101220261108 10.667521778879804 0.0 1.0 1.0 1 0 0 0.0 1.0 0
cell 31.781638850456776 57.37988472864333 0.0 1.6431676725154984 0.6085806194501846 1 0 0 0.8352303744540774 0.5499001923888567 1.9771031814635456
cell 57.169226101942805 44.88590724707627 0.0 1.6431676725154984 0.6085806194501846 1 0 0 0.9981671809426432 -0.06051676535487026 3.262700182739898
cell 42.547450640838875 34.78326903733789 0.0 1.0 1.0 1 0 0 0.0 1.0 0
cell 2.2269788240332202 51.76224457173914 0.0 1.0 1.0 1 0 0 0.0 1.0 0
cell 44.98583100462881 44.04273877946892 0.0 1.0 1.0 1 0 0 0.0 1.0 0
cell 30.14159268573151 11.351798659260536 0.0 1.0 1.0 1 0 0 0.0 1.0 0
cell 29.722773951194114 12.960109031326619 0.0 1.0 1.0 1 0 0 0.0 1.0 0
cell 29.282777757173513 23.427184182628505 0.0 1.0 1.0 1 0 0 0.0 1.0 0
cell 36.70242841689542 11.660019327058107 0.0 1.6431676725154984 0.6085806194501846 1 0 0 0.6466460128346562 0.7627902294111021 1.4063583975440859
cell 1.9343656684583383 23.710178553692668 0.0 1.6431676725154984 0.6085806194501846 1 0 0 0.2937009765825514 -0.9558973461384102 5.686992752392809
cell 8.72130143054812 5.5259266820426225 0.0 1.0 1.0 1 0 0 0.0 1.0 0
cell 56.922531236648766 39.64639464133509 0.0 1.0 1.0 1 0 0 0.0 1.0 0
cell 38.92103610077081 2.17164297565183 0.0 1.6431676725154984 0.6085806194501846 1 0 0 0.5639956755257831 0.8257777412768011 1.1984330625544422
cell 19.584016836562444 26.80093606147615 0.0 1.0 1.0 1 0 0 0.0 1.0 0
cell 37.73816511236088 30.332544208533573 0.0 1.0 1.0 1 0 0 0.0 1.0 0
cell 42.22576709625884 22.990710957850354 0.0 1.0 1.0 1 0 0 0.0 1.0 0
cell 23.352036047273852 28.204339426738848 0.0 1.0 1.0 1 0 0 0.0 1.0 0
cell 14.963371205891212 47.677580213389696 0.0 1.6431676725154984 0.6085806194501846 1 0 0 0.575817593513159 -0.8175781913680883 5.055977677096036
cell 23.76239140133453 46.62280754427918 0.0 1.6431676725154984 0.6085806194501846 1 0 0 0.137241687555823 0.9905375910064341 0.2753524233047003
cell 29.054937443479957 19.85261230547674 0.0 1.0 1.0 1 0 0 0.0 1.0 0
cell 8.670122512579908 15.470616761712032 0.0 1.0 1.0 1 0 0 0.0 1.0 0
cell 39.13551932323926 46.90579112723239 0.0 1.0 1.0 1 0 0 0.0 1.0 0
cell 49.59569442634221 26.985591914776094 0.0 1.0 1.0 1 0 0 0.0 1.0 0
cell 33.33956757538337 51.9012472515885 0.0 1.6431676725154984 0.6085806194501846 1 0 0 0.4012355867940127 -0.9159748926089973 5.457454549116919
cell 2.327402964813625 16.40738954121303 0.0 1.0 1.0 1 0 0 0.0 1.0 0
cell 36.64223581160873 38.77732785619274 0.0 1.0 1.0 1 0 0 0.0 1.0 0
cell 11.367729720170406 3.6087016328247326 0.0 1.0 1.0 1 0 0 0.0 1.0 0
cell 0.7627352003610238 22.760576371721623 0.0 1.0 1.0 1 0 0 0.0 1.0 0
cell 19.898723195158276 17.64119459204486 0.0 1.0 1.0 1 0 0 0.0 1.0 0
cell 48.0703024514595 21.26353828793947 0.0 1.0 1.0 1 0 0 0.0 1.0 0
cell 43.12899753819877 36.4255791246901 0.0 1.0 1.0 1 0 0 0.0 1.0 0
cell 54.000143932101075 10.854279870812382 0.0 1.0 1.0 1 0 0 0.0 1.0 0
cell 0.7072243275637873 31.285716673302165 0.0 1.0 1.0 1 0 0 0.0 1.0 0
cell 56.94783645284672 57.96407270806097 0.0 1.0 1.0 1 0 0 0.0 1.0 0
cell 41.911848659735696 21.194896351592163 0.0 1.0 1.0 1 0 0 0.0 1.0 0
cell 35.507107943467425 37.34219906912986 0.0 1.0 1.0 1 0 0 0.0 1.0 0
cell 18.055324344561836 25.330705843468156 0.0 1.6431676725154984 0.6085806194501846 1 0 0 -0.636901075629717 -0.7709455362486441 1.3809438345079812
cell 15.616283190562626 11.593051105152336 0.0 1.0 1.0 1 0 0 0.0 1.0 0
cell 0.2380229432853053 54.26868693886713 0.0 1.6431676725154984 0.6085806194501846 1 0 0 -0.1886791436206715 0.982038787809611 5.903551391533603
cell 16.37362986820609 45.91449822544185 0.0 1.6431676725154984 0.6085806194501846 1 0 0 0.34811547975581103 0.9374516588893432 0.7111201856434893
cell 56.58121725709853 20.995231842255684 0.0 1.0 1.0 1 0 0 0.0 1.0 0
cell 54.78256552200387 46.29838964764436 0.0 1.0 1.0 1 0 0 0.0 1.0 0
cell 0.6638744486082421 17.284584691358027 0.0 1.0 1.0 1 0 0 0.0 1.0 0
cell 38.766889350133475 39.95892798251753 0.0 1.0 1.0 1 0 0 0.0 1.0 0
cell 21.186609599555357 11.035542104353375 0.0 1.6431676725154984 0.6085806194501846 1 0 0 0.9271130281003295 0.3747818473814302 2.3732697332928354
cell 12.024393019529258 15.581314671064145 0.0 1.0 1.0 1 0 0 0.0 1.0 0
cell 8.419610675161614 39.98263436611691 0.0 1.0 1.0 1 0 0 0.0 1.0 0
cell 25.48185964904024 30.986309869376395 0.0 1.0 1.0 1 0 0 0.0 1.0 0
cell 0.6845247470837089 19.161476311040314 0.0 1.0 1.0 1 0 0 0.0 1.0 0
cell 37.324908622110264 24.635663380197006 0.0 1.0 1.0 1 0 0 0.0 1.0 0
cell 47.78682430380241 31.05406837108077 0.0 1.0 1.0 1 0 0 0.0 1.0 0
cell 52.37297660799722 31.718343309075305 0.0 1.0 1.0 1 0 0 0.0 1.0 0
cell 46.06928062729803 31.130638107074798 0.0 1.0 1.0 1 0 0 0.0 1.0 0
cell 3.6600378277995707 46.17195330568147 0.0 1.0 1.0 1 0 0 0.0 1.0 0
cell 16.491782485822796 35.54651207681182 0.0 1.0 1.0 1 0 0 0.0 1.0 0
cell 7.176112463593808 41.401566150312064 0.0 1.0 1.0 1 0 0 0.0 1.0 0
cell 1.6095920550041916 46.11447918455124 0.0 1.0 1.0 1 0 0 0.0 1.0 0
cell 45.558907143989266 23.97462551322833 0.0 1.0 1.0 1 0 0 0.0 1.0 0
cell 16.842512940022058 28.482118115738043 0.0 1.0 1.0 1 0 0 0.0 1.0 0
cell 21.020190004353328 1.9059472459938132 0.0 1.6431676725154984 0.6085806194501846 1 0 0 0.24211521817702494 -0.9702475050867647 5.794094624954319
cell 8.777277804179551 34.02237848440256 0.0 1.0 1.0 1 0 0 0.0 1.0 0
cell 22.97269943299007 26.257100911312897 0.0 1.0 1.0 1 0 0 0.0 1.0 0
cell 25.902873509548222 23.892029874483594 0.0 1.0 1.0 1 0 0 0.0 1.0 0
cell 35.99344963444852 43.360326009834445 0.0 1.6431676725154984 0.6085806194501846 1 0 0 0.5013578241613463 -0.8652400430818031 5.232850573558662
cell 58.64706596398171 46.73571798742421 0.0 1.0 1.0 1 0 0 0.0 1.0 0
cell 35.72697398837958 9.414566386417937 0.0 1.6431676725154984 0.6085806194501846 1 0 0 0.6503996386842925 0.7595921998015394 1.416220881953126
cell 58.641074959416805 3.833196940476137 0.0 1.0 1.0 1 0 0 0.0 1.0 0
cell 43.984290915968515 1.4883359023194798 0.0 1.0 1.0 1 0 0 0.0 1.0 0
cell 13.87081610558444 29.031013331562527 0.0 1.0 1.0 1 0 0 0.0 1.0 0
cell 44.17002882891884 58.6008000636003 0.0 1.0 1.0 1 0 0 0.0 1.0 0
cell 26.811381100181826 10.248018423787444 0.0 1.0 1.0 1 0 0 0.0 1.0 0
cell 12.4460925979324 5.196283448017502 0.0 1.0 1.0 1 0 0 0.0 1.0 0
cell 32.20999422830285 1.6308620814707184 0.0 1.6431676725154984 0.6085806194501846 1 0 0 0.3785141934434506 0.9255954868957897 0.7763810492098777
cell 40.46996739053038 3.0119244087476793 0.0 1.0 1.0 1 0 0 0.0 1.0 0
cell 9.697485713596613 27.08378795220907 0.0 1.0 1.0 1 0 0 0.0 1.0 0
cell 1.8607931166526326 57.478832275226296 0.0 1.0 1.0 1 0 0 0.0 1.0 0
cell 8.847524543566607 22.984133004916448 0.0 1.6431676725154984 0.6085806194501846 1 0 0 0.6565873518571868 -0.7542499913033919 4.850614824851547
cell 51.87635830580994 29.314907108200998 0.0 1.0 1.0 1 0 0 0.0 1.0 0
cell 11.857355687027628 13.787573484257543 0.0 1.0 1.0 1 0 0 0.0 1.0 0
cell 34.51660984856009 3.849786240159108 0.0 1.6431676725154984 0.6085806194501846 1 0 0 0.43865041688222395 0.8986577834576692 0.9081926910372963
cell 34.74746204966287 15.401166627426479 0.0 1.0 1.0 1 0 0 0.0 1.0 0
cell 4.280672228370364 25.394777372875392 0.0 1.0 1.0 1 0 0 0.0 1.0 0
cell 14.784847018749002 21.650282471371696 0.0 1.0 1.0 1 0 0 0.0 1.0 0
cell 54.54711304998214 7.064689388530652 0.0 1.0 1.0 1 0 0 0.0 1.0 0
cell 39.48592559639366 31.085178395358316 0.0 1.0 1.0 1 0 0 0.0 1.0 0
cell 51.62703070655914 20.5467049934372 0.0 1.0 1.0 1 0 0 0.0 1.0 0
cell 27.79709674203232 56.55506553748144 0.0 1.6431676725154984 0.6085806194501846 1 0 0 0.9538031625430354 0.3004322338280365 2.5313010726181524
cell 15.438822192794804 31.767014649669534 0.0 1.0 1.0 1 0 0 0.0 1.0 0
cell 49.12359691893846 25.06086670714353 0.0 1.0 1.0 1 0 0 0.0 1.0 0
cell 7.850771648708668 7.9266497028364995 0.0 1.0 1.0 1 0 0 0.0 1.0 0
cell 46.66805621894362 16.340792161102367 0.0 1.0 1.0 1 0 0 0.0 1.0 0
cell 16.015617868462773 39.53208878945654 0.0 1.0 1.0 1 0 0 0.0 1.0 0
cell 45.39351091207404 8.070623106698571 0.0 1.0 1.0 1 0 0 0.0 1.0 0
cell 38.814113615578066 52.235555967841435 0.0 1.6431676725154984 0.6085806194501846 1 0 0 0.6531290065239338 -0.7572466578579659 4.859766917382615
cell 20.04131393216554 10.09987648491675 0.0 1.0 1.0 1 0 0 0.0 1.0 0
cell 56.11414357168421 8.021886013626816 0.0 1.0 1.0 1 0 0 0.0 1.0 0
cell 16.672121439604187 26.519591816466573 0.0 1.0 1.0 1 0 0 0.0 1.0 0
cell 54.280524840828505 1.026259128892897 0.0 1.0 1.0 1 0 0 0.0 1.0 0
cell 25.12989007577306 29.00445461347772 0.0 1.0 1.0 1 0 0 0.0 1.0 0
cell 48.28290681458596 9.49676751254158 0.0 1.0 1.0 1 0 0 0.0 1.0 0
cell 46.804969351370275 51.07712289564104 0.0 1.6431676725154984 0.6085806194501846 1 0 0 0.9299808577922044 -0.367607948962037 3.8944637697750704
cell 48.451387945974254 0.8362589421738416 0.0 1.0 1.0 1 0 0 0.0 1.0 0
cell 12.950315929775481 38.99032027247429 0.0 1.0 1.0 1 0 0 0.0 1.0 0
cell 19.06417204854408 30.51155177315515 0.0 1.6431676725154984 0.6085806194501846 1 0 0 0.43421826414530273 0.9008076926195957 0.8983405569825157
cell 51.769358438780806 39.32867217505504 0.0 1.6431676725154984 0.6085806194501846 1 0 0 0.7639251444142554 -0.6453048688268662 4.544437249712063
cell 53.29495110323043 52.21880889821686 0.0 1.6431676725154984 0.6085806194501846 1 0 0 0.6182540502870778 0.7859783262301979 1.3330387718049004
cell 37.16729197105073 14.279260304817972 0.0 1.6431676725154984 0.6085806194501846 1 0 0 0.696852331628179 0.7172146316859205 1.5419986908195253
cell 6.877846395321762 44.726042728703256 0.0 1.0 1.0 1 0 0 0.0 1.0 0
cell 17.815621536063592 34.261383985747344 0.0 1.0 1.0 1 0 0 0.0 1.0 0
cell 2.572933365706553 55.71886624046959 0.0 1.0 1.0 1 0 0 0.0 1.0 0
cell 27.335587383420645 0.3510344103175241 0.0 1.6431676725154984 0.6085806194501846 1 0 0 -0.8646672549968704 -0.5023450389286006 2.0889752204018297
cell 41.04860452464124 33.778723944145746 0.0 1.0 1.0 1 0 0 0.0 1.0 0
cell 5.164909765093078 0.40243373608533267 0.0 1.0 1.0 1 0 0 0.0 1.0 0
cell 39.57469958997403 7.756144862511136 0.0 1.0 1.0 1 0 0 0.0 1.0 0
cell 49.37979539249823 17.544224250870197 0.0 1.0 1.0 1 0 0 0.0 1.0 0
cell 24.40686912014583 12.175647371790365 0.0 1.0 1.0 1 0 0 0.0 1.0 0
cell 17.841057938550755 38.727659457227205 0.0 1.0 1.0 1 0 0 0.0 1.0 0
cell 24.601055778681108 34.80969026868332 0.0 1.0 1.0 1 0 0 0.0 1.0 0
cell 52.10314063425706 18.62607007090674 0.0 1.0 1.0 1 0 0 0.0 1.0 0
cell 27.981362131118928 51.522935245356265 0.0 1.6431676725154984 0.6085806194501846 1 0 0 -0.029456389482549892 0.999566066410146 6.224264005323899
cell 36.426134224019364 50.70822509576365 0.0 1.0 1.0 1 0 0 0.0 1.0 0
cell 1.2579824437551161 3.8221690818360097 0.0 1.0 1.0 1 0 0 0.0 1.0 0
cell 8.187846196279365 21.29509345465075 0.0 1.0 1.0 1 0 0 0.0 1.0 0
cell 30.73249221924329 9.996402369036568 0.0 1.0 1.0 1 0 0 0.0 1.0 0
cell 13.451933412673466 18.61729968021282 0.0 1.0 1.0 1 0 0 0.0 1.0 0
cell 31.687715113041826 8.831636786148321 0.0 1.0 1.0 1 0 0 0.0 1.0 0
cell 43.61256866618919 39.61794592066416 0.0 1.6431676725154984 0.6085806194501846 1 0 0 0.3207048485744104 -0.9471791805676815 5.630238208952662
cell 35.27765696501042 49.12508331095157 0.0 1.6431676725154984 0.6085806194501846 1 0 0 0.7706878991486141 0.6372128075501117 1.7598399837024328
cell 16.388179998524134 22.68727620035959 0.0 1.0 1.0 1 0 0 0.0 1.0 0
cell 21.71287944668865 34.963199891958126 0.0 1.0 1.0 1 0 0 0.0 1.0 0
cell 58.83834671561489 26.94051705389522 0.0 1.0 1.0 1 0 0 0.0 1.0 0
cell 28.73851609746397 4.673235424667625 0.0 1.0 1.0 1 0 0 0.0 1.0 0
cell 50.78065209481011 30.591515396688838 0.0 1.0 1.0 1 0 0 0.0 1.0 0
cell 13.200541995051697 22.53067338247554 0.0 1.0 1.0 1 0 0 0.0 1.0 0
cell 21.933877179779323 29.327864020487173 0.0 1.0 1.0 1 0 0 0.0 1.0 0
cell 40.11672875259564 4.668363821122047 0.0 1.0 1.0 1 0 0 0.0 1.0 0
cell 3.9560463116885094 23.431280949058056 0.0 1.0 1.0 1 0 0 0.0 1.0 0
cell 42.50624771225076 0.5720934137695933 0.0 1.0 1.0 1 0 0 0.0 1.0 0
cell 19.132316649583736 36.22367822686203 0.0 1.6431676725154984 0.6085806194501846 1 0 0 0.92532299155997 0.37917985348711203 2.3637730536869253
cell 19.41892978651896 42.80117150943 0.0 1.6431676725154984 0.6085806194501846 1 0 0 0.838245735488492 0.5452926617288711 1.9881162314621996
cell 5.2890590091545 22.39952699828406 0.0 1.0 1.0 1 0 0 0.0 1.0 0
cell 34.66010621515019 9.168966598810071 0.0 1.6431676725154984 0.6085806194501846 1 0 0 0.5834926108144322 0.8121184477186549 1.2460453950420767
cell 45.68331526590308 14.87202830963179 0.0 1.0 1.0 1 0 0 0.0 1.0 0
cell 50.16731575418636 41.29409917124628 0.0 1.0 1.0 1 0 0 0.0 1.0 0
cell 30.533042267407232 30.611850760399243 0.0 1.0 1.0 1 0 0 0.0 1.0 0
cell 36.42935990854701 45.2422572569739 0.0 1.6431676725154984 0.6085806194501846 1 0 0 0.6161026720429191 -0.7876658539644684 4.955615057244861
cell 27.040787702935134 2.8598522639847466 0.0 1.6431676725154984 0.6085806194501846 1 0 0 -0.20221580496959154 -0.9793409866948795 0.4072398828420907
cell 46.9652284450885 41.36672549586754 0.0 1.0 1.0 1 0 0 0.0 1.0 0
cell 29.835862685676176 40.88711459239922 0.0 1.6431676725154984 0.6085806194501846 1 0 0 0.6122651528952268 -0.79065250429641 4.965340627667469
cell 40.644749308151816 24.169232247147498 0.0 1.0 1.0 1 0 0 0.0 1.0 0
cell 56.136257017238556 6.01196038756376 0.0 1.0 1.0 1 0 0 0.0 1.0 0
cell 25.942375765015885 38.96141348244615 0.0 1.6431676725154984 0.6085806194501846 1 0 0 0.9989736030046086 -0.0452961422197387 3.232215945309474
cell 13.132681303807287 57.90903579853697 0.0 1.0 1.0 1 0 0 0.0 1.0 0
cell 20.878221133940347 36.764791668406275 0.0 1.0 1.0 1 0 0 0.0 1.0 0
cell 34.782366854280845 39.33753236896125 0.0 1.0 1.0 1 0 0 0.0 1.0 0
cell 53.401252128648494 19.584340034131582 0.0 1.0 1.0 1 0 0 0.0 1.0 0
cell 55.369180684200636 23.754615733702906 0.0 1.0 1.0 1 0 0 0.0 1.0 0
cell 46.22620316860403 6.254509048661158 0.0 1.0 1.0 1 0 0 0.0 1.0 0
cell 49.26751036865257 37.86647206034109 0.0 1.0 1.0 1 0 0 0.0 1.0 0
cell 50.2618050517724 4.381122300921289 0.0 1.0 1.0 1 0 0 0.0 1.0 0
cell 26.99186337129228 29.712402763382908 0.0 1.0 1.0 1 0 0 0.0 1.0 0
cell 26.74402907850642 49.19091568098041 0.0 1.6431676725154984 0.6085806194501846 1 0 0 0.7532016935288113 0.6577896387640434 1.705831922011243
cell 56.819108317571015 22.873048883712606 0.0 1.0 1.0 1 0 0 0.0 1.0 0
cell 26.556481464910593 54.591100922804145 0.0 1.6431676725154984 0.6085806194501846 1 0 0 -0.05940555528358975 -0.9982339304999848 0.11888110290708909
cell 23.435160908544503 38.73847846559549 0.0 1.0 1.0 1 0 0 0.0 1.0 0
cell 4.778717266333671 44.5424299598454 0.0 1.0 1.0 1 0 0 0.0 1.0 0
cell 7.24985360964926 29.978618008346213 0.0 1.0 1.0 1 0 0 0.0 1.0 0
cell 26.529805876874978 15.50949223997741 0.0 1.0 1.0 1 0 0 0.0 1.0 0
cell 2.982642523165798 31.085189026379325 0.0 1.0 1.0 1 0 0 0.0 1.0 0
cell 8.562619066162549 11.496514283776131 0.0 1.0 1.0 1 0 0 0.0 1.0 0
cell 41.45148991224783 39.85218895988367 0.0 1.6431676725154984 0.6085806194501846 1 0 0 -0.22421146616435836 0.9745405165720042 5.830917653589853
cell 26.592195718597146 27.752892497320737 0.0 1.0 1.0 1 0 0 0.0 1.0 0
cell 8.150617818559349 35.8877297010764 0.0 1.0 1.0 1 0 0 0.0 1.0 0
cell 29.23224973521834 39.05457680899697 0.0 1.0 1.0 1 0 0 0.0 1.0 0
cell 43.884741850611036 15.125184332002876 0.0 1.0 1.0 1 0 0 0.0 1.0 0
cell 3.9175969768837597 32.85227387121193 0.0 1.0 1.0 1 0 0 0.0 1.0 0
cell 56.69544809324299 4.122600426551865 0.0 1.0 1.0 1 0 0 0.0 1.0 0
cell 43.4882366187006 52.06053052946602 0.0 1.0 1.0 1 0 0 0.0 1.0 0
cell 37.55469124561744 28.353139972577594 0.0 1.0 1.0 1 0 0 0.0 1.0 0
cell 30.0720245822228 36.85984265695829 0.0 1.0 1.0 1 0 0 0.0 1.0 0
cell 15.379207455354885 4.124681220654245 0.0 1.6431676725154984 0.6085806194501846 1 0 0 0.470012774772081 0.8826596125070236 0.9786105020062148
cell 7.6205187405466495 46.50717677467189 0.0 1.0 1.0 1 0 0 0.0 1.0 0
cell 30.938668400263982 45.73618401485759 0.0 1.6431676725154984 0.6085806194501846 1 0 0 0.8290083125763974 0.5592362807250923 1.9546641155414808
cell 28.909381614451068 50.33081016750445 0.0 1.6431676725154984 0.6085806194501846 1 0 0 0.05527768251087899 0.9984710200182209 0.11061174515156638
cell 13.673967946793066 6.746160344432532 0.0 1.0 1.0 1 0 0 0.0 1.0 0
cell 50.53470887404762 38.63056173064316 0.0 1.6431676725154984 0.6085806194501846 1 0 0 0.7566172651510213 -0.6538580228730003 4.566937283339071
cell 3.022739066711703 49.92607557522678 0.0 1.0 1.0 1 0 0 0.0 1.0 0
cell 58.04121606099793 18.158402856524706 0.0 1.0 1.0 1 0 0 0.0 1.0 0
cell 56.199330541668644 0.7184532739405499 0.0 1.0 1.0 1 0 0 0.0 1.0 0
cell 13.626166376466111 16.783834205106302 0.0 1.0 1.0 1 0 0 0.0 1.0 0
cell 45.23471560416364 36.484767062744844 0.0 1.0 1.0 1 0 0 0.0 1.0 0
cell 16.016342554503503 33.63765987066694 0.0 1.0 1.0 1 0 0 0.0 1.0 0
cell 41.98074624072984 11.898910041718397 0.0 1.0 1.0 1 0 0 0.0 1.0 0
cell 32.63478107506764 44.19294924181033 0.0 1.6431676725154984 0.6085806194501846 1 0 0 0.8570522325782577 0.5152295319880491 2.059041766926116
cell 37.917221266829706 34.269243509346616 0.0 1.0 1.0 1 0 0 0.0 1.0 0
cell 43.75515051469704 11.678043852568683 0.0 1.0 1.0 1 0 0 0.0 1.0 0
cell 32.96346634980556 26.07269887030105 0.0 1.6431676725154984 0.6085806194501846 1 0 0 0.5781133075118715 0.8159564961918523 1.2328290901108432
cell 48.42245311822803 19.30602001047268 0.0 1.0 1.0 1 0 0 0.0 1.0 0
cell 32.18696960766745 48.61781085721989 0.0 1.0 1.0 1 0 0 0.0 1.0 0
cell 48.24304261057583 3.2821593986896036 0.0 1.6431676725154984 0.6085806194501846 1 0 0 0.7901375878155701 -0.6129295166012094 4.461118425791401
cell 38.286965206922865 3.9598579562344707 0.0 1.0 1.0 1 0 0 0.0 1.0 0
cell 2.4342480128275525 39.25208282701959 0.0 1.0 1.0 1 0 0 0.0 1.0 0
cell 45.58319418820868 11.482909311759215 0.0 1.0 1.0 1 0 0 0.0 1.0 0
cell 19.547175968168094 49.391751925785876 0.0 1.6431676725154984 0.6085806194501846 1 0 0 0.7932063718575686 -0.6089529141440679 4.4510723607611125
cell 53.87932599206605 48.0835184252499 0.0 1.0 1.0 1 0 0 0.0 1.0 0
cell 22.365891433342213 22.336335489305384 0.0 1.0 1.0 1 0 0 0.0 1.0 0
cell 41.362799811221684 43.52155592212362 0.0 1.0 1.0 1 0 0 0.0 1.0 0
cell 44.43117854489599 49.413565571577884 0.0 1.6431676725154984 0.6085806194501846 1 0 0 0.9867847662396898 -0.16203649316521476 3.467100795920202
cell 29.52309030355969 25.22417556564294 0.0 1.0 1.0 1 0 0 0.0 1.0 0
cell 37.07488403859192 20.716322916802252 0.0 1.0 1.0 1 0 0 0.0 1.0 0
cell 17.493681749317876 1.7979575729349089 0.0 1.0 1.0 1 0 0 0.0 1.0 0
cell 34.29350478502625 45.913131465115626 0.0 1.6431676725154984 0.6085806194501846 1 0 0 0.5538858264530794 -0.8325926322364312 5.109136963491446
cell 2.348922206479849 18.3277343999961 0.0 1.0 1.0 1 0 0 0.0 1.0 0
cell 13.221148007198943 20.55535300533575 0.0 1.0 1.0 1 0 0 0.0 1.0 0
cell 45.98487380662376 54.58496897307358 0.0 1.0 1.0 1 0 0 0.0 1.0 0
cell 10.031979738870392 18.430685765545785 0.0 1.0 1.0 1 0 0 0.0 1.0 0
cell 11.477736397104612 25.229973289898677 0.0 1.0 1.0 1 0 0 0.0 1.0 0
cell 42.91452377881884 13.485630784460048 0.0 1.0 1.0 1 0 0 0.0 1.0 0
cell 56.95622021409895 28.406078975717467 0.0 1.6431676725154984 0.6085806194501846 1 0 0 0.519075946584732 -0.8547281214966339 5.191646332496625
cell 32.06910031739531 31.48220789432419 0.0 1.0 1.0 1 0 0 0.0 1.0 0
cell 58.64349925800445 49.18618250281 0.0 1.0 1.0 1 0 0 0.0 1.0 0
cell 49.51446509895918 51.88520548506366 0.0 1.6431676725154984 0.6085806194501846 1 0 0 0.984499190701908 -0.1753891202648795 3.4941946559328283
cell 44.50853785392488 27.40492884444574 0.0 1.0 1.0 1 0 0 0.0 1.0 0
cell 53.34423892814538 21.326896411016627 0.0 1.0 1.0 1 0 0 0.0 1.0 0
cell 28.11453075505123 46.43989291237758 0.0 1.6431676725154984 0.6085806194501846 1 0 0 0.9401777611575153 0.3406842782178862 2.446303414476132
cell 42.639834540674656 38.36266207573574 0.0 1.0 1.0 1 0 0 0.0 1.0 0
cell 2.3126887235760307 1.5466683015069844 0.0 1.0 1.0 1 0 0 0.0 1.0 0
cell 52.18764580317027 24.576263271005732 0.0 1.0 1.0 1 0 0 0.0 1.0 0
cell 46.85151318047681 35.915938239718436 0.0 1.0 1.0 1 0 0 0.0 1.0 0
cell 22.82760152819552 11.444202738861652 0.0 1.0 1.0 1 0 0 0.0 1.0 0
cell 24.86117973665615 14.266489081478447 0.0 1.0 1.0 1 0 0 0.0 1.0 0
cell 38.874215981129936 5.8618824785626895 0.0 1.0 1.0 1 0 0 0.0 1.0 0
cell 56.31182592505801 35.23211492595367 0.0 1.0 1.0 1 0 0 0.0 1.0 0
cell 55.63963871439251 33.33177862009592 0.0 1.0 1.0 1 0 0 0.0 1.0 0
cell 45.64714529022852 21.874727635392116 0.0 1.0 1.0 1 0 0 0.0 1.0 0
cell 1.0733277485344732 0.15682241595449126 0.0 1.0 1.0 1 0 0 0.0 1.0 0
cell 0.5618374422780479 52.279280541208244 0.0 1.6431676725154984 0.6085806194501846 1 0 0 -0.44289308077020345 -0.8965744358422663 0.9176458546865129
cell 51.86406692096995 33.22156936881348 0.0 1.0 1.0 1 0 0 0.0 1.0 0
cell 40.36014867938505 57.67385968615746 0.0 1.0 1.0 1 0 0 0.0 1.0 0
cell 35.784441436016905 6.389414967993137 0.0 1.6431676725154984 0.6085806194501846 1 0 0 0.6756866892993101 0.7371889160206748 1.483791604152475
cell 19.91370607781352 54.57990784732254 0.0 1.6431676725154984 0.6085806194501846 1 0 0 0.5759992868809534 0.8174501951266714 1.227652132132683
cell 12.20504895443349 29.937589632874815 0.0 1.0 1.0 1 0 0 0.0 1.0 0
cell 16.18376355009748 37.51517613826506 0.0 1.0 1.0 1 0 0 0.0 1.0 0
cell 26.413913022742864 40.66557465454536 0.0 1.6431676725154984 0.6085806194501846 1 0 0 0.9992694422085718 0.03821755968360367 3.065138915357612
cell 6.28959597322513 36.119190185920246 0.0 1.0 1.0 1 0 0 0.0 1.0 0
cell 17.006244608517797 58.87205383290205 0.0 1.6431676725154984 0.6085806194501846 1 0 0 0.43247503368384926 0.9016459090131521 0.8944719860160167
cell 50.41393214991589 15.655199956985017 0.0 1.0 1.0 1 0 0 0.0 1.0 0
cell 25.05387109190535 3.4889984413868897 0.0 1.6431676725154984 0.6085806194501846 1 0 0 0.03917459577539955 0.9992323809033783 0.07836924515355863
cell 55.41251488630172 28.291186813872784 0.0 1.0 1.0 1 0 0 0.0 1.0 0
cell 39.47573783990356 32.98686498780459 0.0 1.0 1.0 1 0 0 0.0 1.0 0
cell 19.437773897426755 24.78938794662922 0.0 1.0 1.0 1 0 0 0.0 1.0 0
cell 41.42266087129061 37.45223491895576 0.0 1.0 1.0 1 0 0 0.0 1.0 0
cell 21.95360317487341 40.041172184981086 0.0 1.0 1.0 1 0 0 0.0 1.0 0
cell 8.417257599525609 2.111271841123298 0.0 1.0 1.0 1 0 0 0.0 1.0 0
cell 44.693855221460495 13.32106242400111 0.0 1.0 1.0 1 0 0 0.0 1.0 0
cell 37.7744353264288 7.2517345856101345 0.0 1.0 1.0 1 0 0 0.0 1.0 0
cell 50.51129870241876 12.448769029362644 0.0 1.0 1.0 1 0 0 0.0 1.0 0
cell 42.523382417384376 6.949245994389692 0.0 1.0 1.0 1 0 0 0.0 1.0 0
cell 57.18651840433783 49.21964391479406 0.0 1.6431676725154984 0.6085806194501846 1 0 0 0.6199333181940537 -0.7846544978478809 4.945869871239399
cell 24.506922654528925 10.307383895160557 0.0 1.0 1.0 1 0 0 0.0 1.0 0
cell 8.453350298072694 17.38830172184672 0.0 1.0 1.0 1 0 0 0.0 1.0 0
cell 41.54048921196139 47.96033801443457 0.0 1.6431676725154984 0.6085806194501846 1 0 0 0.9785798165443343 -0.20586777953836494 3.556293451761169
cell 47.05151500547024 22.743109249691177 0.0 1.0 1.0 1 0 0 0.0 1.0 0
cell 33.20903057476932 14.224727427455232 0.0 1.0 1.0 1 0 0 0.0 1.0 0
cell 41.892397802727956 49.63317603507978 0.0 1.0 1.0 1 0 0 0.0 1.0 0
cell 57.56660797605192 30.25392302845678 0.0 1.0 1.0 1 0 0 0.0 1.0 0
cell 1.0542758565688626 25.755204094291038 0.0 1.0 1.0 1 0 0 0.0 1.0 0
cell 48.28348993303195 28.216795963784275 0.0 1.0 1.0 1 0 0 0.0 1.0 0
cell 50.3888390004762 18.98096599344138 0.0 1.0 1.0 1 0 0 0.0 1.0 0
cell 27.523955541127364 12.434935588477124 0.0 1.6431676725154984 0.6085806194501846 1 0 0 0.35659187434910694 0.9342602609274306 0.7292348037251052
cell 16.39557651999914 20.724056749143074 0.0 1.0 1.0 1 0 0 0.0 1.0 0
cell 17.848411560277373 43.75891593718867 0.0 1.6431676725154984 0.6085806194501846 1 0 0 0.7783223072388149 -0.6278649425270119 4.499206679302628
cell 49.08587449416016 53.05564907089598 0.0 1.6431676725154984 0.6085806194501846 1 0 0 0.9862679827517373 -0.1651528570713165 3.473418642853044
cell 47.59234773097955 17.770594294238386 0.0 1.0 1.0 1 0 0 0.0 1.0 0
cell 0.7260146614178807 38.965705488999504 0.0 1.6431676725154984 0.6085806194501846 1 0 0 0.8205917635615684 -0.5715147920875846 4.358293946360317
cell 57.685843067667264 56.088187771133256 0.0 1.0 1.0 1 0 0 0.0 1.0 0
cell 53.403807514904386 28.402091589118424 0.0 1.0 1.0 1 0 0 0.0 1.0 0
cell 4.838297462326356 10.00540060991672 0.0 1.0 1.0 1 0 0 0.0 1.0 0
cell 11.626911947617725 21.39009058605818 0.0 1.0 1.0 1 0 0 0.0 1.0 0
cell 25.87180146365616 0.6301924880453513 0.0 1.6431676725154984 0.6085806194501846 1 0 0 0.805886995199109 0.5920693801987663 1.8743441430922783
cell 31.995192920875805 27.627488893979468 0.0 1.0 1.0 1 0 0 0.0 1.0 0
cell 40.38553872611556 52.61891860470654 0.0 1.0 1.0 1 0 0 0.0 1.0 0
cell 49.848939435607946 54.81346079638395 0.0 1.0 1.0 1 0 0 0.0 1.0 0
cell 27.097344733105796 4.551461413009451 0.0 1.0 1.0 1 0 0 0.0 1.0 0
cell 11.701240804950828 7.0414321876864845 0.0 1.0 1.0 1 0 0 0.0 1.0 0
cell 40.638765535842865 6.642776164995819 0.0 1.0 1.0 1 0 0 0.0 1.0 0
cell 21.259349127905935 6.792921028858983 0.0 1.0 1.0 1 0 0 0.0 1.0 0
cell 18.356063960324594 58.59117193760565 0.0 1.6431676725154984 0.6085806194501846 1 0 0 0.6884631986546791 0.7252712762119894 1.5187359654151344
cell 44.10651578314555 32.42612531673105 0.0 1.0 1.0 1 0 0 0.0 1.0 0
cell 22.2076607356263 55.03089388587251 0.0 1.6431676725154984 0.6085806194501846 1 0 0 0.6102271738848475 0.7922264804034967 1.3126946259604173
cell 5.689304693491462 32.925787587951675 0.0 1.0 1.0 1 0 0 0.0 1.0 0
cell 39.04211777348791 25.371712621342926 0.0 1.0 1.0 1 0 0 0.0 1.0 0
cell 34.26437023736011 11.0451652321569 0.0 1.0 1.0 1 0 0 0.0 1.0 0
cell 56.59655001284845 46.574773775621374 0.0 1.0 1.0 1 0 0 0.0 1.0 0
cell 15.670852881841885 13.572055110989323 0.0 1.0 1.0 1 0 0 0.0 1.0 0
cell 34.293583184285986 48.78051435694365 0.0 1.6431676725154984 0.6085806194501846 1 0 0 0.673532557009824 -0.739157557390715 4.805230085745109
cell 24.158831741517364 23.152135271005793 0.0 1.0 1.0 1 0 0 0.0 1.0 0
cell 3.29375945628605 58.88492089642299 0.0 1.0 1.0 1 0 0 0.0 1.0 0
cell 12.592841096625245 28.044386814751714 0.0 1.0 1.0 1 0 0 0.0 1.0 0
cell 21.280209190920115 55.868705909008156 0.0 1.6431676725154984 0.6085806194501846 1 0 0 0.7802293622811923 -0.6254935189386729 4.493120460142455
cell 24.45068821471261 25.095953413258584 0.0 1.0 1.0 1 0 0 0.0 1.0 0
cell 17.78139210930889 49.55038000658256 0.0 1.6431676725154984 0.6085806194501846 1 0 0 0.3128360395287412 0.9498071448309766 0.6363549619325711
cell 0.7345930036003987 6.1047313694726375 0.0 1.0 1.0 1 0 0 0.0 1.0 0
cell 30.93214031218268 35.13640600517847 0.0 1.0 1.0 1 0 0 0.0 1.0 0
cell 50.20986518175976 9.199480399068706 0.0 1.0 1.0 1 0 0 0.0 1.0 0
cell 48.95795939613153 29.990987742209146 0.0 1.0 1.0 1 0 0 0.0 1.0 0
cell 1.0498471052693104 48.09805518008654 0.0 1.0 1.0 1 0 0 0.0 1.0 0
cell 52.80752049083019 46.615224793430386 0.0 1.0 1.0 1 0 0 0.0 1.0 0
cell 3.9977134629073574 42.76363268109752 0.0 1.0 1.0 1 0 0 0.0 1.0 0
cell 34.28498067318235 28.927262386350627 0.0 1.6431676725154984 0.6085806194501846 1 0 0 -0.5855531420816644 -0.8106340221075662 1.2511244941607131
cell 47.74899961910608 26.413184461230678 0.0 1.0 1.0 1 0 0 0.0 1.0 0
cell 43.07708582586781 44.61053971691614 0.0 1.0 1.0 1 0 0 0.0 1.0 0
cell 33.30376765046775 9.32511455106214 0.0 1.0 1.0 1 0 0 0.0 1.0 0
cell 9.654085886817233 43.97539956006272 0.0 1.6431676725154984 0.6085806194501846 1 0 0 0.5294877116965447 -0.8483176074810406 5.167192179047017
cell 34.61744417222449 52.177605357288975 0.0 1.6431676725154984 0.6085806194501846 1 0 0 0.8349003658244426 0.5504011075081626 1.9759034787284115
cell 47.986304607604495 54.36208908718683 0.0 1.0 1.0 1 0 0 0.0 1.0 0
cell 34.04723436145544 23.227332650034143 0.0 1.0 1.0 1 0 0 0.0 1.0 0
cell 35.59600357442007 27.715842262029906 0.0 1.0 1.0 1 0 0 0.0 1.0 0
cell 29.37910652475409 43.876802820223745 0.0 1.6431676725154984 0.6085806194501846 1 0 0 0.3201299373092672 0.9473736449988276 0.651733278818486
cell 16.951251899481754 30.465627553252148 0.0 1.0 1.0 1 0 0 0.0 1.0 0
cell 57.58783938692058 10.762031132770304 0.0 1.0 1.0 1 0 0 0.0 1.0 0
cell 50.49068126668284 0.9082102863355296 0.0 1.0 1.0 1 0 0 0.0 1.0 0
cell 12.370067656511544 40.883546754200765 0.0 1.0 1.0 1 0 0 0.0 1.0 0
cell 5.741452940505623 16.696951932318157 0.0 1.0 1.0 1 0 0 0.0 1.0 0
cell 10.891028617856357 8.894412846832212 0.0 1.0 1.0 1 0 0 0.0 1.0 0
cell 47.19936988468069 34.21884149477247 0.0 1.0 1.0 1 0 0 0.0 1.0 0
cell 34.33851438710478 43.78152162804966 0.0 1.6431676725154984 0.6085806194501846 1 0 0 0.4278047778373847 -0.9038711589930868 5.399059931590787
cell 54.77305506698759 4.472493250242782 0.0 1.0 1.0 1 0 0 0.0 1.0 0
cell 2.9697913874051713 3.37882030490979 0.0 1.0 1.0 1 0 0 0.0 1.0 0
cell 7.4457657876076695 58.30743265138777 0.0 1.0 1.0 1 0 0 0.0 1.0 0
cell 33.4042384751434 16.281985386003118 0.0 1.0 1.0 1 0 0 0.0 1.0 0
cell 49.02653676379339 56.51495663644971 0.0 1.0 1.0 1 0 0 0.0 1.0 0
cell 2.6017650364531524 26.535155236490862 0.0 1.0 1.0 1 0 0 0.0 1.0 0
cell 35.229976237997434 35.25090684743098 0.0 1.0 1.0 1 0 0 0.0 1.0 0
