1000
 Lattice="61.15546790168123 0.0 0.0 0.0 61.15546790168123 0.0 0.0 0.0 1.0"Properties=species:S:1:pos:R:3:aspherical_shape:R:3:orientation:R:4:Color:R:1
cell 33.763483119461895 49.439114287873245 0.0 1.0 1.0 1 0 0 0.0 1.0 0
cell 32.41109710912189 3.6002779891285366 0.0 1.6431676725154984 0.6085806194501846 1 0 0 0.9276572348026868 -0.3734327981287033 3.9070062129986325
cell 3.492195463049414 38.90289385123916 0.0 1.0 1.0 1 0 0 0.0 1.0 0
cell 7.217323149687462 11.181186173886971 0.0 1.6431676725154984 0.6085806194501846 1 0 0 0.8052275423347725 -0.5929659392119435 4.411067098742463
cell 19.46064713508536 2.9675208097990757 0.0 1.0 1.0 1 0 0 0.0 1.0 0
cell 34.92545425564309 50.76313701577618 0.0 1.6431676725154984 0.6085806194501846 1 0 0 0.6636648008744865 -0.7480301010522424 4.831770411767456
cell 54.76199435962942 60.97970043044954 0.0 1.6431676725154984 0.6085806194501846 1 0 0 0.23980445332041814 -0.9708212112267095 5.798856463101697
cell 24.70702833036498 24.45027484246807 0.0 1.6431676725154984 0.6085806194501846 1 0 0 0.6477993558968405 -0.7618109965730598 4.87380095682235
cell 40.10406611419655 45.39559833182316 0.0 1.0 1.0 1 0 0 0.0 1.0 0
cell 30.951053910784793 3.2906866130967267 0.0 1.6431676725154984 0.6085806194501846 1 0 0 0.5643518194458776 0.8255343868598858 1.1992957557025254
cell 58.026885734491856 36.75113627389352 0.0 1.0 1.0 1 0 0 0.0 1.0 0
cell 7.675045724085878 54.79900241170484 0.0 1.6431676725154984 0.6085806194501846 1 0 0 0.5945613706323061 -0.8040502326048004 5.009745279645778
cell 59.54338549972104 30.964879941025412 0.0 1.6431676725154984 0.6085806194501846 1 0 0 0.3238837534820529 0.9460968841669318 0.6596632913474697
cell 1.1304586014294917 9.204238329942363 0.0 1.6431676725154984 0.6085806194501846 1 0 0 0.7581500976986392 0.6520800789470139 1.7209429840122765
cell 40.078985517482785 30.610547315229866 0.0 1.0 1.0 1 0 0 0.0 1.0 0
cell 33.5974713334414 16.972975746831153 0.0 1.6431676725154984 0.6085806194501846 1 0 0 0.20623200861890986 0.978503121416079 0.4154452307537156
cell 52.108779067373035 53.55258461942801 0.0 1.0 1.0 1 0 0 0.0 1.0 0
cell 28.836371929275625 36.4005180908891 0.0 1.6431676725154984 0.6085806194501846 1 0 0 -0.7091130722707463 0.705094781383853 4.706706251268442
cell 8.230198576932896 52.27682269690175 0.0 1.6431676725154984 0.6085806194501846 1 0 0 0.3464398299021632 -0.9380721956530639 5.575638841814291
cell 48.53354383381118 7.34522667488999 0.0 1.6431676725154984 0.6085806194501846 1 0 0 0.4204738420513438 -0.9073046611533425 5.415250288529665
cell 4.444429553993337 2.7951901786131046 0.0 1.6431676725154984 0.6085806194501846 1 0 0 0.7879452720704659 -0.615745278684132 4.468255589919652
cell 28.849389748146212 56.96616356063898 0.0 1.6431676725154984 0.6085806194501846 1 0 0 0.9909187695556038 -0.13446186129311294 3.4113333975372258
cell 33.84659707660362 45.620362597328295 0.0 1.0 1.0 1 0 0 0.0 1.0 0
cell 11.83987328293444 7.58506121377606 0.0 1.6431676725154984 0.6085806194501846 1 0 0 0.9966591409590093 0.08167347637299109 2.9780635510245075
cell 50.605057394790826 2.888367307862673 0.0 1.0 1.0 1 0 0 0.0 1.0 0
cell 60.40580600476339 34.557793856964544 0.0 1.0 1.0 1 0 0 0.0 1.0 0
cell 17.8798878990732 1.629122699740402 0.0 1.6431676725154984 0.6085806194501846 1 0 0 -0.09076967934906706 -0.9958719121005811 0.18178957539015528
cell 17.778926765366542 35.836103901029944 0.0 1.0 1.0 1 0 0 0.0 1.0 0
cell 4.34653452281775 25.876273013639814 0.0 1.6431676725154984 0.6085806194501846 1 0 0 0.8697387597383119 0.49351240086634396 2.109345448898425
cell 8.299944977270666 10.674289912599086 0.0 1.6431676725154984 0.6085806194501846 1 0 0 0.8393673598110772 -0.5435645640434827 4.290948704747448
cell 20.890019968671016 55.485910500464975 0.0 1.0 1.0 1 0 0 0.0 1.0 0
cell 3.698382915111365 34.02236126073067 0.0 1.0 1.0 1 0 0 0.0 1.0 0
cell 9.811521802621005 11.082888353617228 0.0 1.6431676725154984 0.6085806194501846 1 0 0 0.5465535743659938 0.8374241400555372 1.1564863524665856
cell 10.709579188097292 0.1255371554130021 0.0 1.6431676725154984 0.6085806194501846 1 0 0 0.9912963921807859 0.13164901385638086 2.877528075586346
cell 30.741017776636948 19.174547720120348 0.0 1.0 1.0 1 0 0 0.0 1.0 0
cell 5.123045096768196 35.340461907539414 0.0 1.0 1.0 1 0 0 0.0 1.0 0
cell 21.462191269886354 38.7778741539007 0.0 1.6431676725154984 0.6085806194501846 1 0 0 0.5243516481212895 -0.8515018197939963 5.179278281518222
cell 34.897657078753454 28.300624711089068 0.0 1.0 1.0 1 0 0 0.0 1.0 0
cell 26.20484658789999 60.072254849493646 0.0 1.6431676725154984 0.6085806194501846 1 0 0 0.5773267218148721 0.8165132309267825 1.2309017388759398
cell 6.570090483867558 22.178358032007317 0.0 1.0 1.0 1 0 0 0.0 1.0 0
cell 1.229569712355526 19.853430484899267 0.0 1.0 1.0 1 0 0 0.0 1.0 0
cell 11.689459488573492 29.591371063791172 0.0 1.0 1.0 1 0 0 0.0 1.0 0
cell 23.70405984207906 17.74298506662569 0.0 1.0 1.0 1 0 0 0.0 1.0 0
cell 1.7184227164335049 13.38554586841375 0.0 1.0 1.0 1 0 0 0.0 1.0 0
cell 44.856555904701445 56.79314870289205 0.0 1.0 1.0 1 0 0 0.0 1.0 0
cell 11.465564445265338 19.132568518736303 0.0 1.0 1.0 1 0 0 0.0 1.0 0
cell 34.98205545784625 31.812268097333437 0.0 1.0 1.0 1 0 0 0.0 1.0 0
cell 22.7997636369856 28.34249208709201 0.0 1.0 1.0 1 0 0 0.0 1.0 0
cell 32.44858672934001 24.165002747816544 0.0 1.0 1.0 1 0 0 0.0 1.0 0
cell 28.424632178559843 55.92501653802061 0.0 1.6431676725154984 0.6085806194501846 1 0 0 0.99998463461806 0.0055435122246634706 3.130505572354662
cell 53.15912096683978 22.166578457651568 0.0 1.0 1.0 1 0 0 0.0 1.0 0
cell 38.8511778310855 19.61503889632598 0.0 1.6431676725154984 0.6085806194501846 1 0 0 -0.14020153803241933 -0.9901229866705167 0.2813299205229258
cell 55.707849953268 34.45489894694416 0.0 1.0 1.0 1 0 0 0.0 1.0 0
cell 35.34387752284078 33.67155302770506 0.0 1.0 1.0 1 0 0 0.0 1.0 0
cell 53.368407312413154 36.936206260978786 0.0 1.0 1.0 1 0 0 0.0 1.0 0
cell 27.338378514342793 37.553299527643155 0.0 1.6431676725154984 0.6085806194501846 1 0 0 0.5146274450127157 -0.8574138982076768 5.202039142230198
cell 23.30312991378931 3.101499873763901 0.0 1.0 1.0 1 0 0 0.0 1.0 0
cell 34.148060496939095 29.912954694992 0.0 1.0 1.0 1 0 0 0.0 1.0 0
cell 23.356968689203857 54.56301472410449 0.0 1.0 1.0 1 0 0 0.0 1.0 0
cell 43.90753692675638 44.403363252325235 0.0 1.0 1.0 1 0 0 0.0 1.0 0
cell 7.115484914413423 7.820555448431678 0.0 1.6431676725154984 0.6085806194501846 1 0 0 0.7277038831502441 -0.6858914334266436 4.6532486286120385
cell 47.63804126851301 3.9208744760087217 0.0 1.0 1.0 1 0 0 0.0 1.0 0
cell 7.200118233471819 3.0023645489479827 0.0 1.6431676725154984 0.6085806194501846 1 0 0 0.5533363230612903 0.8329579302587924 1.1727286518475561
cell 24.72230574980402 20.222968354467092 0.0 1.6431676725154984 0.6085806194501846 1 0 0 0.3763273250831375 -0.9264867750787221 5.511527303784472
cell 46.68977692241606 36.8505334269119 0.0 1.0 1.0 1 0 0 0.0 1.0 0
cell 8.165078500646244 44.25704280075105 0.0 1.0 1.0 1 0 0 0.0 1.0 0
cell 42.397720559298506 4.324713015660421 0.0 1.0 1.0 1 0 0 0.0 1.0 0
cell 6.308350799723628 16.251290946856674 0.0 1.0 1.0 1 0 0 0.0 1.0 0
cell 37.97494060777272 6.822596641379014 0.0 1.0 1.0 1 0 0 0.0 1.0 0
cell 47.58601211385106 49.939731748911534 0.0 1.0 1.0 1 0 0 0.0 1.0 0
cell 57.95180162241127 41.477341818328455 0.0 1.0 1.0 1 0 0 0.0 1.0 0
cell 38.774248768911505 23.3842527329963 0.0 1.0 1.0 1 0 0 0.0 1.0 0
cell 42.653015328483605 50.181821613107715 0.0 1.0 1.0 1 0 0 0.0 1.0 0
cell 56.92813521378602 48.753154716240154 0.0 1.0 1.0 1 0 0 0.0 1.0 0
cell 47.67497294731304 26.659977363979195 0.0 1.0 1.0 1 0 0 0.0 1.0 0
cell 29.199323584727548 17.382617152418966 0.0 1.0 1.0 1 0 0 0.0 1.0 0
cell 45.646795323731915 3.8534511735888826 0.0 1.0 1.0 1 0 0 0.0 1.0 0
cell 39.00557677553682 36.07389022228483 0.0 1.6431676725154984 0.6085806194501846 1 0 0 0.6848390208585396 0.7286943910237793 1.5087655228606716
cell 3.2368210053382005 22.620932237907663 0.0 1.0 1.0 1 0 0 0.0 1.0 0
cell 44.6843675019769 13.810845707551076 0.0 1.0 1.0 1 0 0 0.0 1.0 0
cell 47.20203857208555 42.717220804453476 0.0 1.0 1.0 1 0 0 0.0 1.0 0
cell 53.07354019897826 17.214104440314284 0.0 1.6431676725154984 0.6085806194501846 1 0 0 0.984081313311749 0.17771879132670057 2.7842569459814572
cell 39.385088399811934 53.399395615639534 0.0 1.0 1.0 1 0 0 0.0 1.0 0
cell 14.948995281878762 29.758210821440954 0.0 1.0 1.0 1 0 0 0.0 1.0 0
cell 54.30134498631256 29.21770287025806 0.0 1.6431676725154984 0.6085806194501846 1 0 0 0.15402937181126328 0.9880662693460533 0.3092900533042252
cell 46.06925610060577 34.97703505498391 0.0 1.0 1.0 1 0 0 0.0 1.0 0
cell 47.38557411143565 33.671743418643516 0.0 1.0 1.0 1 0 0 0.0 1.0 0
cell 8.3927129693181 22.96496107005026 0.0 1.0 1.0 1 0 0 0.0 1.0 0
cell 13.086312918988973 34.67203054227015 0.0 1.0 1.0 1 0 0 0.0 1.0 0
cell 44.191176622070145 42.45397020069079 0.0 1.0 1.0 1 0 0 0.0 1.0 0
cell 43.4534819893081 37.6460698350201 0.0 1.0 1.0 1 0 0 0.0 1.0 0
cell 52.03050929842244 46.656196306852074 0.0 1.0 1.0 1 0 0 0.0 1.0 0
cell 28.477880131048355 11.741425609339169 0.0 1.0 1.0 1 0 0 0.0 1.0 0
cell 52.562668721686926 51.69512398072557 0.0 1.0 1.0 1 0 0 0.0 1.0 0
cell 9.311603834795319 56.794505516837255 0.0 1.6431676725154984 0.6085806194501846 1 0 0 0.9010896962849873 0.43363274697493664 2.2445518757253637
cell 36.87918589625449 43.30795922628869 0.0 1.0 1.0 1 0 0 0.0 1.0 0
cell 24.386670458531857 44.046459911934456 0.0 1.6431676725154984 0.6085806194501846 1 0 0 0.7539912236325336 0.6568844911284744 1.7082341294962837
cell 27.200163386415817 52.46413318574724 0.0 1.6431676725154984 0.6085806194501846 1 0 0 0.8417073860552371 0.5399339554612768 2.00087536866528
cell 6.224856149753498 44.83570189808748 0.0 1.0 1.0 1 0 0 0.0 1.0 0
cell 50.58639461899554 42.789810364797766 0.0 1.0 1.0 1 0 0 0.0 1.0 0
cell 24.825244056037942 47.95137363871175 0.0 1.6431676725154984 0.6085806194501846 1 0 0 0.2671398237886952 0.9636577787503948 0.5408475272761584
cell 38.49177575357355 46.30454442194903 0.0 1.0 1.0 1 0 0 0.0 1.0 0
cell 7.115609222761259 48.167826289873965 0.0 1.0 1.0 1 0 0 0.0 1.0 0
cell 60.60233897074838 39.39404976952788 0.0 1.0 1.0 1 0 0 0.0 1.0 0
cell 18.20091641805178 29.9509058498594 0.0 1.0 1.0 1 0 0 0.0 1.0 0
cell 42.79770040070131 41.00959359561147 0.0 1.0 1.0 1 0 0 0.0 1.0 0
cell 57.73719377651283 51.94753710443999 0.0 1.0 1.0 1 0 0 0.0 1.0 0
cell 58.15718051560665 12.680442815450306 0.0 1.6431676725154984 0.6085806194501846 1 0 0 0.9094174848631256 0.4158844048834084 2.2837624876056686
cell 30.10716285796751 53.92841884003045 0.0 1.6431676725154984 0.6085806194501846 1 0 0 0.9992722458307168 -0.038144183205772356 3.2178995317825017
cell 21.657667824422536 23.7566069139366 0.0 1.0 1.0 1 0 0 0.0 1.0 0
cell 31.540816223321855 41.6961282780385 0.0 1.0 1.0 1 0 0 0.0 1.0 0
cell 34.00051780034374 1.9978750787841388 0.0 1.6431676725154984 0.6085806194501846 1 0 0 0.9472401600595445 -0.3205246935422737 3.7941593607855877
cell 46.25086457713262 27.910875395392075 0.0 1.0 1.0 1 0 0 0.0 1.0 0
cell 36.085442078776055 50.46397593743997 0.0 1.6431676725154984 0.6085806194501846 1 0 0 0.6711441929955464 -0.7413268322463155 4.811683006043574
cell 38.37225921644588 56.73136063894834 0.0 1.0 1.0 1 0 0 0.0 1.0 0
cell 44.44541182133277 53.10507643013042 0.0 1.0 1.0 1 0 0 0.0 1.0 0
cell 29.761546269182542 26.07223585892062 0.0 1.0 1.0 1 0 0 0.0 1.0 0
cell 14.32906160996884 38.850193478885686 0.0 1.6431676725154984 0.6085806194501846 1 0 0 0.1142836244270162 -0.9934481633119188 6.054117567998322
cell 48.86895999785514 41.730211063175766 0.0 1.0 1.0 1 0 0 0.0 1.0 0
cell 8.014732826003634 59.892617995729566 0.0 1.6431676725154984 0.6085806194501846 1 0 0 -0.8599611225421981 -0.5103595474917292 2.0703869819711436
cell 47.87146009619883 20.467359444694182 0.0 1.0 1.0 1 0 0 0.0 1.0 0
cell 31.184854194580726 39.73236224099329 0.0 1.0 1.0 1 0 0 0.0 1.0 0
cell 33.417733443508155 33.07015768791541 0.0 1.0 1.0 1 0 0 0.0 1.0 0
cell 50.06968732218788 30.709283517705213 0.0 1.0 1.0 1 0 0 0.0 1.0 0
cell 41.597430121641096 31.955095610069147 0.0 1.0 1.0 1 0 0 0.0 1.0 0
cell 48.040681461265436 35.597042926514874 0.0 1.0 1.0 1 0 0 0.0 1.0 0
cell 58.8466874914794 3.459459238927979 0.0 1.6431676725154984 0.6085806194501846 1 0 0 0.5190582285190544 -0.8547388814173958 5.191687791186724
cell 18.572126809518625 60.49563319451022 0.0 1.6431676725154984 0.6085806194501846 1 0 0 0.7169124770318416 0.6971631805223718 1.5987269576423813
cell 54.464016666748016 56.64314115061025 0.0 1.6431676725154984 0.6085806194501846 1 0 0 0.462790898457953 0.8864674750403878 0.9622819154394481
cell 6.527408402790622 12.883970593172187 0.0 1.6431676725154984 0.6085806194501846 1 0 0 0.7639874444986455 -0.6452311094859183 4.544244151385821
cell 19.703996595932814 22.53370215813971 0.0 1.6431676725154984 0.6085806194501846 1 0 0 -0.4561579287560266 -0.8898988392132061 0.947345944583657
cell 38.95232835631124 32.222113178508366 0.0 1.0 1.0 1 0 0 0.0 1.0 0
cell 47.52256657803844 55.263688004439565 0.0 1.6431676725154984 0.6085806194501846 1 0 0 0.9530748478368692 -0.3027347591881854 3.756714169625082
cell 55.82875216127681 52.5556158152781 0.0 1.0 1.0 1 0 0 0.0 1.0 0
cell 40.53942501222448 13.83900828017197 0.0 1.0 1.0 1 0 0 0.0 1.0 0
cell 35.77479846871948 6.542803572052375 0.0 1.0 1.0 1 0 0 0.0 1.0 0
cell 2.597592902332936 40.67954025209553 0.0 1.0 1.0 1 0 0 0.0 1.0 0
cell 16.930543540675796 15.148608024182526 0.0 1.6431676725154984 0.6085806194501846 1 0 0 0.5417259391636041 0.840555177747012 1.1449781727623558
cell 32.0638196500013 1.8368647534689584 0.0 1.0 1.0 1 0 0 0.0 1.0 0
cell 37.363997286584976 35.97377583386412 0.0 1.0 1.0 1 0 0 0.0 1.0 0
cell 56.1493800944912 26.34363644325196 0.0 1.0 1.0 1 0 0 0.0 1.0 0
cell 7.116897913403616 35.673238559744235 0.0 1.0 1.0 1 0 0 0.0 1.0 0
cell 33.986827961066524 36.85672957451774 0.0 1.0 1.0 1 0 0 0.0 1.0 0
cell 3.7024443563667546 13.77560794753251 0.0 1.0 1.0 1 0 0 0.0 1.0 0
cell 2.7204790994275014 50.425186386384254 0.0 1.6431676725154984 0.6085806194501846 1 0 0 0.7715558432450481 0.6361615995597524 1.7625664212911727
cell 52.42649859518647 12.96743605951912 0.0 1.6431676725154984 0.6085806194501846 1 0 0 0.6210787605474324 0.7837481567422441 1.3402367320662225
cell 37.019429701828045 14.588747814964698 0.0 1.0 1.0 1 0 0 0.0 1.0 0
cell 48.83519068176485 43.652445519927944 0.0 1.0 1.0 1 0 0 0.0 1.0 0
cell 20.52802903919399 25.633457889748808 0.0 1.0 1.0 1 0 0 0.0 1.0 0
cell 4.79924312838861 60.39260077599541 0.0 1.6431676725154984 0.6085806194501846 1 0 0 0.8236697478880047 0.5670697897209045 1.9357047053089587
cell 55.04889658567848 54.84903113390723 0.0 1.0 1.0 1 0 0 0.0 1.0 0
cell 21.135405667284953 22.292077583545506 0.0 1.0 1.0 1 0 0 0.0 1.0 0
cell 53.713789648315746 15.36064181397489 0.0 1.0 1.0 1 0 0 0.0 1.0 0
cell 25.403502058926897 55.02110346206504 0.0 1.6431676725154984 0.6085806194501846 1 0 0 0.8690726308731407 0.49468450781001594 2.1066491086916166
cell 34.591922861861406 0.6203484837297114 0.0 1.0 1.0 1 0 0 0.0 1.0 0
cell 48.450315955797755 47.42932726648392 0.0 1.0 1.0 1 0 0 0.0 1.0 0
cell 35.902547086514126 37.39156998545646 0.0 1.0 1.0 1 0 0 0.0 1.0 0
cell 14.718084308056838 25.81944070836604 0.0 1.0 1.0 1 0 0 0.0 1.0 0
cell 1.9389425673042562 42.47075342724017 0.0 1.0 1.0 1 0 0 0.0 1.0 0
cell 48.78756011950013 2.3557109980169133 0.0 1.0 1.0 1 0 0 0.0 1.0 0
cell 13.268309100086238 26.649187933556362 0.0 1.0 1.0 1 0 0 0.0 1.0 0
cell 58.36777289866159 50.17760652454981 0.0 1.0 1.0 1 0 0 0.0 1.0 0
cell 40.267507879985615 46.940132056876806 0.0 1.0 1.0 1 0 0 0.0 1.0 0
cell 47.99267582735457 28.448883749896172 0.0 1.0 1.0 1 0 0 0.0 1.0 0
cell 46.54416138962562 29.835808531031976 0.0 1.0 1.0 1 0 0 0.0 1.0 0
cell 19.51685336485351 36.32630339037743 0.0 1.0 1.0 1 0 0 0.0 1.0 0
cell 0.52684605333311 4.072552642952977 0.0 1.6431676725154984 0.6085806194501846 1 0 0 0.9115752851092405 0.4111331895846005 2.294199002446949
cell 36.294280996200186 39.34484674671905 0.0 1.0 1.0 1 0 0 0.0 1.0 0
cell 28.306373386268113 8.962581073361179 0.0 1.6431676725154984 0.6085806194501846 1 0 0 -0.9786767804749774 -0.20540632745641713 2.727834914338951
cell 47.30397406269559 22.07792778690388 0.0 1.0 1.0 1 0 0 0.0 1.0 0
cell 42.91373709979616 23.563477990933904 0.0 1.6431676725154984 0.6085806194501846 1 0 0 0.1528250311034878 -0.9882532620073753 5.976332796063437
cell 11.712413819251838 15.812851008545993 0.0 1.0 1.0 1 0 0 0.0 1.0 0
cell 42.11693588412379 39.13907876758293 0.0 1.0 1.0 1 0 0 0.0 1.0 0
cell 60.100503604418584 3.7388897938766026 0.0 1.6431676725154984 0.6085806194501846 1 0 0 0.4910067213153265 -0.8711557837856403 5.256695321568683
cell 58.32485548631502 31.782480743327287 0.0 1.0 1.0 1 0 0 0.0 1.0 0
cell 39.856553171663094 11.93991923713302 0.0 1.0 1.0 1 0 0 0.0 1.0 0
cell 54.4761014291362 51.227304222634615 0.0 1.0 1.0 1 0 0 0.0 1.0 0
cell 56.42582731661374 13.031291958722719 0.0 1.0 1.0 1 0 0 0.0 1.0 0
cell 27.91694699222929 30.357201684944428 0.0 1.6431676725154984 0.6085806194501846 1 0 0 0.871250541433443 -0.4908385621076774 4.167696600181684
cell 23.290519826568797 41.58884996246521 0.0 1.6431676725154984 0.6085806194501846 1 0 0 -0.03613788424584638 -0.9993468133347071 0.07229150912713322
cell 54.030021795399016 28.06745825964772 0.0 1.6431676725154984 0.6085806194501846 1 0 0 0.19830619028464383 0.9801401200312079 0.39925897507307323
cell 48.8346316673032 52.697839482328945 0.0 1.0 1.0 1 0 0 0.0 1.0 0
cell 34.87844153312159 40.665342308162465 0.0 1.0 1.0 1 0 0 0.0 1.0 0
cell 17.197880610949444 59.30211953410758 0.0 1.6431676725154984 0.6085806194501846 1 0 0 -0.5722972645029449 -0.8200462432341522 1.21860901977134
cell 37.50477051159996 0.6080290088718068 0.0 1.6431676725154984 0.6085806194501846 1 0 0 0.978190101819016 -0.20771163834340883 3.560062639424992
cell 51.83796815388399 38.076903004278506 0.0 1.0 1.0 1 0 0 0.0 1.0 0
cell 17.029896450806053 20.897745460931578 0.0 1.0 1.0 1 0 0 0.0 1.0 0
cell 14.682533357328492 33.58637283109907 0.0 1.0 1.0 1 0 0 0.0 1.0 0
cell 27.39342995048152 49.576800404798014 0.0 1.6431676725154984 0.6085806194501846 1 0 0 0.422212845917269 0.9064967251691759 0.8717700655215221
cell 9.90052142243399 32.46684822560427 0.0 1.0 1.0 1 0 0 0.0 1.0 0
cell 18.097711602763276 22.200625158816127 0.0 1.0 1.0 1 0 0 0.0 1.0 0
cell 20.132381355688647 18.658867407930146 0.0 1.6431676725154984 0.6085806194501846 1 0 0 0.5835797188672354 0.8120558550536032 1.2462599238708385
cell 28.4970849959829 33.15307703904671 0.0 1.6431676725154984 0.6085806194501846 1 0 0 0.7995164111222421 -0.6006442444127887 4.430205969064376
cell 27.227361385670324 54.170499142610176 0.0 1.6431676725154984 0.6085806194501846 1 0 0 0.9389988199098663 0.3439203631771147 2.4394151171379934
cell 26.912536982704736 31.219447067773253 0.0 1.6431676725154984 0.6085806194501846 1 0 0 0.823692712070747 -0.567036432763837 4.347399607049212
cell 0.5375044977080919 32.21550601043534 0.0 1.6431676725154984 0.6085806194501846 1 0 0 0.37354368473630517 0.9276125891737476 0.7656526332212558
cell 55.445541895160105 39.53118899839536 0.0 1.0 1.0 1 0 0 0.0 1.0 0
cell 29.817782586906347 15.740440073206754 0.0 1.0 1.0 1 0 0 0.0 1.0 0
cell 38.574598160577715 13.348931773911943 0.0 1.0 1.0 1 0 0 0.0 1.0 0
cell 53.58296138261365 47.93861453747842 0.0 1.0 1.0 1 0 0 0.0 1.0 0
cell 6.90868522859015 23.947201002616303 0.0 1.0 1.0 1 0 0 0.0 1.0 0
cell 60.81488298414287 18.86961527074605 0.0 1.0 1.0 1 0 0 0.0 1.0 0
cell 6.385343844899845 20.1912931577902 0.0 1.0 1.0 1 0 0 0.0 1.0 0
cell 53.091290856760814 6.922039232189267 0.0 1.6431676725154984 0.6085806194501846 1 0 0 0.6984526739902562 0.7156562458302596 1.5464662020845192
cell 13.247487447348792 19.540458185094828 0.0 1.6431676725154984 0.6085806194501846 1 0 0 0.9010488274852223 -0.43371766218071656 4.038821907988289
cell 2.37622290727249 15.214595575219718 0.0 1.0 1.0 1 0 0 0.0 1.0 0
cell 13.011521657022584 14.860983191382944 0.0 1.6431676725154984 0.6085806194501846 1 0 0 0.30154608541827055 0.9534516025309921 0.6126276117610228
cell 12.482720370032238 23.8652334638655 0.0 1.0 1.0 1 0 0 0.0 1.0 0
cell 40.345750014049216 24.551575688327073 0.0 1.0 1.0 1 0 0 0.0 1.0 0
cell 59.96463825722936 36.360063125973625 0.0 1.0 1.0 1 0 0 0.0 1.0 0
cell 18.033331748530475 54.7363912675575 0.0 1.6431676725154984 0.6085806194501846 1 0 0 0.9766614028247548 -0.21478478584942226 3.5745355886445402
cell 37.90882869729278 54.6264587812639 0.0 1.0 1.0 1 0 0 0.0 1.0 0
cell 45.56552360434202 41.611365794182376 0.0 1.0 1.0 1 0 0 0.0 1.0 0
cell 17.99682972005509 25.772461178629083 0.0 1.0 1.0 1 0 0 0.0 1.0 0
cell 38.076918981424015 30.407902017159948 0.0 1.0 1.0 1 0 0 0.0 1.0 0
cell 46.76610483753236 2.2068034893016546 0.0 1.0 1.0 1 0 0 0.0 1.0 0
cell 51.47913535609471 56.765848490409475 0.0 1.0 1.0 1 0 0 0.0 1.0 0
cell 46.95393773646224 31.72798301487518 0.0 1.0 1.0 1 0 0 0.0 1.0 0
cell 29.113208568929153 24.17706076719457 0.0 1.0 1.0 1 0 0 0.0 1.0 0
cell 47.137528449262426 44.698212270454526 0.0 1.0 1.0 1 0 0 0.0 1.0 0
cell 20.034362238813802 20.863691603363545 0.0 1.0 1.0 1 0 0 0.0 1.0 0
cell 10.12351647864811 26.496148359044682 0.0 1.0 1.0 1 0 0 0.0 1.0 0
cell 28.147886136432795 48.34237989751793 0.0 1.6431676725154984 0.6085806194501846 1 0 0 0.982411954166527 -0.18672641031923015 3.517250429510719
cell 15.718213242606579 12.25012161607632 0.0 1.6431676725154984 0.6085806194501846 1 0 0 0.6721940150568508 0.7403750442321447 1.4743363986081082
cell 19.799661034259405 10.84977950519299 0.0 1.6431676725154984 0.6085806194501846 1 0 0 0.8210554855197728 0.5708483946705029 1.9265150893781338
cell 57.891433697136556 27.156867625982695 0.0 1.0 1.0 1 0 0 0.0 1.0 0
cell 18.29666752597265 31.97357519826487 0.0 1.0 1.0 1 0 0 0.0 1.0 0
cell 55.46037976830434 22.39001782366309 0.0 1.0 1.0 1 0 0 0.0 1.0 0
cell 61.08149283897255 9.174732310043241 0.0 1.6431676725154984 0.6085806194501846 1 0 0 0.7064026283682646 0.7078102334908754 1.5688056722113524
cell 25.30470046326469 33.17502836289031 0.0 1.6431676725154984 0.6085806194501846 1 0 0 0.7640442003445119 -0.6451639015939402 4.544068218139513
cell 34.89616164098075 56.85608458154116 0.0 1.0 1.0 1 0 0 0.0 1.0 0
cell 33.212572226652355 51.39584740225024 0.0 1.0 1.0 1 0 0 0.0 1.0 0
cell 2.8045093020096306 18.719778459296997 0.0 1.0 1.0 1 0 0 0.0 1.0 0
cell 53.09853894814493 49.825698643388016 0.0 1.0 1.0 1 0 0 0.0 1.0 0
cell 43.58630524967051 32.47912448920525 0.0 1.0 1.0 1 0 0 0.0 1.0 0
cell 48.73463398926141 32.21203284058828 0.0 1.0 1.0 1 0 0 0.0 1.0 0
cell 35.48584743797582 35.50885291134071 0.0 1.0 1.0 1 0 0 0.0 1.0 0
cell 26.965536402308278 18.588456683967664 0.0 1.0 1.0 1 0 0 0.0 1.0 0
cell 36.03428075711899 53.87075552982584 0.0 1.0 1.0 1 0 0 0.0 1.0 0
cell 9.111969417213519 47.00964477792365 0.0 1.6431676725154984 0.6085806194501846 1 0 0 0.938964435442635 0.3440142278654966 2.439215188437501
cell 0.5278899803174375 59.28449899528308 0.0 1.6431676725154984 0.6085806194501846 1 0 0 0.5081693418829428 -0.8612571741183099 5.217069528994947
cell 31.871018533552604 30.50922205598926 0.0 1.6431676725154984 0.6085806194501846 1 0 0 0.9316975346503926 0.3632350532731945 2.398117118648592
cell 4.2318466475534775 56.653874712120945 0.0 1.6431676725154984 0.6085806194501846 1 0 0 0.6158857164349842 0.7878355058585302 1.3270194269088718
cell 35.01873159966097 14.720417608461684 0.0 1.0 1.0 1 0 0 0.0 1.0 0
cell 23.977711147356707 33.90534364556575 0.0 1.0 1.0 1 0 0 0.0 1.0 0
cell 26.74689814809307 1.6881335342685198 0.0 1.6431676725154984 0.6085806194501846 1 0 0 0.5126263239314119 0.8586118168372522 1.0764816190590363
cell 50.34417681669247 35.446326972192786 0.0 1.0 1.0 1 0 0 0.0 1.0 0
cell 55.92476352039652 19.761970542383658 0.0 1.0 1.0 1 0 0 0.0 1.0 0
cell 50.07183443295018 37.11477598972458 0.0 1.0 1.0 1 0 0 0.0 1.0 0
cell 18.37102112930519 14.667011301905431 0.0 1.0 1.0 1 0 0 0.0 1.0 0
cell 52.35233674026884 33.075026599931064 0.0 1.0 1.0 1 0 0 0.0 1.0 0
cell 45.87844790801962 52.07875649818078 0.0 1.0 1.0 1 0 0 0.0 1.0 0
cell 42.844508737677074 7.69167413141343 0.0 1.6431676725154984 0.6085806194501846 1 0 0 0.9774954601282609 -0.21095645386818468 3.56669931478922
cell 57.370916952059666 43.09247318932935 0.0 1.0 1.0 1 0 0 0.0 1.0 0
cell 54.52556350618483 2.251707076719906 0.0 1.6431676725154984 0.6085806194501846 1 0 0 0.7200411505447729 -0.693931366578972 4.675462071766788
cell 17.160146209849074 5.722894924487989 0.0 1.6431676725154984 0.6085806194501846 1 0 0 -0.9524869256846409 0.30457947468570734 3.760586444870927
cell 11.280653211610359 35.619635444597066 0.0 1.0 1.0 1 0 0 0.0 1.0 0
cell 7.0297492994193 30.080627901490615 0.0 1.0 1.0 1 0 0 0.0 1.0 0
cell 8.757566798016944 27.55149945752202 0.0 1.0 1.0 1 0 0 0.0 1.0 0
cell 6.904987678929883 32.09950819599717 0.0 1.0 1.0 1 0 0 0.0 1.0 0
cell 47.806870685922185 0.6410925658233831 0.0 1.0 1.0 1 0 0 0.0 1.0 0
cell 15.516859319294802 21.389614078464504 0.0 1.0 1.0 1 0 0 0.0 1.0 0
cell 45.37986371932006 45.52544760812576 0.0 1.0 1.0 1 0 0 0.0 1.0 0
cell 7.869988696994203 25.13226655620265 0.0 1.6431676725154984 0.6085806194501846 1 0 0 0.9290969927114446 0.36983615038899287 2.383927331805442
cell 46.44099938275778 53.60212136474244 0.0 1.0 1.0 1 0 0 0.0 1.0 0
cell 11.485116028359714 12.256038780081973 0.0 1.6431676725154984 0.6085806194501846 1 0 0 0.5408159447078252 0.8411409596196006 1.1428137047666425
cell 6.330464987570423 51.93591963902837 0.0 1.0 1.0 1 0 0 0.0 1.0 0
cell 11.109849247166895 48.23868100172772 0.0 1.6431676725154984 0.6085806194501846 1 0 0 0.841254846211599 0.5406387737903184 1.999200183627084
cell 4.391479971861884 15.617024910829482 0.0 1.0 1.0 1 0 0 0.0 1.0 0
cell 9.762526087764687 19.913945294307354 0.0 1.0 1.0 1 0 0 0.0 1.0 0
cell 5.04029248075279 23.438843829287286 0.0 1.0 1.0 1 0 0 0.0 1.0 0
cell 22.81613784458136 16.1677303485443 0.0 1.0 1.0 1 0 0 0.0 1.0 0
cell 3.3612510191059104 5.214462061792696 0.0 1.6431676725154984 0.6085806194501846 1 0 0 0.5056984579210697 0.8627103045960748 1.0603827645391475
cell 44.41861412743611 15.493254754189726 0.0 1.0 1.0 1 0 0 0.0 1.0 0
cell 53.860069904931485 46.17506281981522 0.0 1.0 1.0 1 0 0 0.0 1.0 0
cell 1.415746685166235 21.84771349607169 0.0 1.0 1.0 1 0 0 0.0 1.0 0
cell 22.901392229160127 59.34207049117011 0.0 1.6431676725154984 0.6085806194501846 1 0 0 0.2646912871228261 0.9643332009846294 0.5357675546513803
cell 32.75261670279735 53.44818246514279 0.0 1.6431676725154984 0.6085806194501846 1 0 0 0.44833800984126904 0.8938640998113584 0.9298102762561852
cell 61.01674735044666 24.911220578083146 0.0 1.0 1.0 1 0 0 0.0 1.0 0
cell 17.75295643430613 9.781171616887379 0.0 1.6431676725154984 0.6085806194501846 1 0 0 0.6911244362467359 0.7227357841027602 1.5260874063540022
cell 11.543310941043263 33.59087357339893 0.0 1.0 1.0 1 0 0 0.0 1.0 0
cell 16.77481779869652 60.963061696815075 0.0 1.6431676725154984 0.6085806194501846 1 0 0 0.3537357176007074 0.9353454132530467 0.7231240937161553
cell 0.9636596062360031 1.8288396074206112 0.0 1.6431676725154984 0.6085806194501846 1 0 0 0.47114906177484783 -0.8820536047138409 5.3019992323615535
cell 55.02335245951955 49.30744761347559 0.0 1.0 1.0 1 0 0 0.0 1.0 0
cell 50.499039878466235 44.76435451737592 0.0 1.0 1.0 1 0 0 0.0 1.0 0
cell 51.136224006636716 22.041589339720325 0.0 1.0 1.0 1 0 0 0.0 1.0 0
cell 36.61353808058083 55.802453926917686 0.0 1.0 1.0 1 0 0 0.0 1.0 0
cell 25.78511337797526 4.005694577362913 0.0 1.6431676725154984 0.6085806194501846 1 0 0 0.5993299470201651 -0.8005021015617674 4.997857696430546
cell 22.945340754219643 56.20901085789214 0.0 1.0 1.0 1 0 0 0.0 1.0 0
cell 52.29546245070639 20.399105006829593 0.0 1.0 1.0 1 0 0 0.0 1.0 0
cell 30.26801323511694 35.439862358124884 0.0 1.0 1.0 1 0 0 0.0 1.0 0
cell 21.373146535041307 16.412078516053192 0.0 1.6431676725154984 0.6085806194501846 1 0 0 0.5745401138838532 0.818476424546443 1.2240843129100158
cell 4.485238840476568 37.188162750141494 0.0 1.0 1.0 1 0 0 0.0 1.0 0
cell 56.32381445090874 36.40621879285216 0.0 1.0 1.0 1 0 0 0.0 1.0 0
cell 30.85940833270395 0.7031548918954319 0.0 1.0 1.0 1 0 0 0.0 1.0 0
cell 45.90670035991281 50.40660826140564 0.0 1.0 1.0 1 0 0 0.0 1.0 0
cell 48.47211131469622 37.74088861619704 0.0 1.0 1.0 1 0 0 0.0 1.0 0
cell 44.26732787599128 10.97625515896558 0.0 1.0 1.0 1 0 0 0.0 1.0 0
cell 28.774746081360284 27.57107749581014 0.0 1.0 1.0 1 0 0 0.0 1.0 0
cell 55.120258291349735 30.623380068073963 0.0 1.0 1.0 1 0 0 0.0 1.0 0
cell 36.118539403014005 30.321670812588174 0.0 1.0 1.0 1 0 0 0.0 1.0 0
cell 13.831973950409303 50.35191137637262 0.0 1.6431676725154984 0.6085806194501846 1 0 0 0.5530097959658105 0.8331747509171487 1.171944735668518
cell 10.06179652321381 30.50343535835806 0.0 1.0 1.0 1 0 0 0.0 1.0 0
cell 55.652179703129676 59.2005431369557 0.0 1.6431676725154984 0.6085806194501846 1 0 0 0.3718926207993066 0.9282757556863279 0.7620940926312625
cell 2.033499379361214 10.453643350774042 0.0 1.6431676725154984 0.6085806194501846 1 0 0 0.8239762565246078 0.566624327649011 1.936786156202771
cell 51.41685669506311 26.243358961483263 0.0 1.6431676725154984 0.6085806194501846 1 0 0 0.2943891445217461 0.9556856342897253 0.5976325506781651
cell 14.880766000227757 27.777320854247233 0.0 1.0 1.0 1 0 0 0.0 1.0 0
cell 2.4386637404949822 29.192506092945546 0.0 1.6431676725154984 0.6085806194501846 1 0 0 0.22480601394348596 0.97440353863009 0.4534878995154127
cell 37.9626302124824 9.003776644696234 0.0 1.0 1.0 1 0 0 0.0 1.0 0
cell 39.73058502688186 39.24517632287387 0.0 1.6431676725154984 0.6085806194501846 1 0 0 0.5568551730424359 0.8306096052032379 1.181189612182674
cell 7.2135045144479895 28.245968871056142 0.0 1.0 1.0 1 0 0 0.0 1.0 0
cell 1.6153095976979917 48.589763129582245 0.0 1.6431676725154984 0.6085806194501846 1 0 0 0.7258859619982929 0.6878150697489935 1.6246432040546035
cell 0.6812727162019283 40.9288819690771 0.0 1.0 1.0 1 0 0 0.0 1.0 0
cell 21.349291887038763 60.928921494250346 0.0 1.0 1.0 1 0 0 0.0 1.0 0
cell 34.299239804040134 9.760932839884532 0.0 1.0 1.0 1 0 0 0.0 1.0 0
cell 58.09306545533486 16.429952833838204 0.0 1.0 1.0 1 0 0 0.0 1.0 0
cell 57.435983516204516 46.85595559320505 0.0 1.0 1.0 1 0 0 0.0 1.0 0
cell 7.929655334231016 15.256262844176952 0.0 1.6431676725154984 0.6085806194501846 1 0 0 0.7370523129072981 -0.6758356960371377 4.62578855178695
cell 0.22309816448946324 28.958582824624074 0.0 1.0 1.0 1 0 0 0.0 1.0 0
cell 4.040577098167347 32.21693378952026 0.0 1.0 1.0 1 0 0 0.0 1.0 0
cell 3.684511055861453 30.55344432136055 0.0 1.0 1.0 1 0 0 0.0 1.0 0
cell 28.254486076341433 40.24168859648688 0.0 1.6431676725154984 0.6085806194501846 1 0 0 0.659640677565993 -0.7515811177113736 4.842504163553563
cell 0.450445049078061 15.634553146409353 0.0 1.0 1.0 1 0 0 0.0 1.0 0
cell 13.218091085940713 30.636757191660198 0.0 1.0 1.0 1 0 0 0.0 1.0 0
cell 35.859878568618505 18.508456269526032 0.0 1.6431676725154984 0.6085806194501846 1 0 0 0.11607015079110544 0.9932410181297036 0.23266473039503194
cell 21.36942914427057 29.595470209838997 0.0 1.0 1.0 1 0 0 0.0 1.0 0
cell 18.498366236190314 45.6594966502023 0.0 1.6431676725154984 0.6085806194501846 1 0 0 0.9920853030817464 0.12556572545563302 2.889796554900534
cell 17.95893422388423 27.961081506453446 0.0 1.0 1.0 1 0 0 0.0 1.0 0
cell 4.32972123779095 10.354605218604 0.0 1.0 1.0 1 0 0 0.0 1.0 0
cell 20.0756912791152 38.33880104276081 0.0 1.6431676725154984 0.6085806194501846 1 0 0 0.6198473339742718 -0.784722423895856 4.946089026290055
cell 18.579352847321946 57.54074944954653 0.0 1.6431676725154984 0.6085806194501846 1 0 0 0.9891142741679044 0.14714942282353574 2.846221250745044
cell 55.46681768520427 5.406555933105466 0.0 1.6431676725154984 0.6085806194501846 1 0 0 0.6390772301584556 0.769142570589482 1.3865958568066634
cell 26.841328208038075 22.135800940805023 0.0 1.0 1.0 1 0 0 0.0 1.0 0
cell 14.642945468128005 44.80732451352722 0.0 1.6431676725154984 0.6085806194501846 1 0 0 0.8894967357910967 0.45694152472387967 2.192485221165643
cell 3.192436175507105 44.02807469894545 0.0 1.0 1.0 1 0 0 0.0 1.0 0
cell 45.03326887062057 22.530561171029056 0.0 1.6431676725154984 0.6085806194501846 1 0 0 0.1251660696264688 0.9921358047234572 0.2509904307681035
cell 52.10571190110454 39.85829023573811 0.0 1.0 1.0 1 0 0 0.0 1.0 0
cell 60.86030112490768 21.091829489523995 0.0 1.0 1.0 1 0 0 0.0 1.0 0
cell 45.03235485448811 23.99434470068759 0.0 1.0 1.0 1 0 0 0.0 1.0 0
cell 28.94134506136054 5.90615908759368 0.0 1.6431676725154984 0.6085806194501846 1 0 0 0.22050634625582624 0.9753855398051099 0.44466712855996976
cell 30.821344197961952 55.41080079917855 0.0 1.6431676725154984 0.6085806194501846 1 0 0 0.971127153340965 -0.2385624698980831 3.6233632767063852
cell 3.8721088895357947 42.18980290637592 0.0 1.0 1.0 1 0 0 0.0 1.0 0
cell 20.168693557856635 1.0901044553693786 0.0 1.0 1.0 1 0 0 0.0 1.0 0
cell 3.793518031496828 58.78664402185255 0.0 1.6431676725154984 0.6085806194501846 1 0 0 0.7274816803102931 -0.6861271054352193 4.653896441543758
cell 30.824584719740027 12.280737476614366 0.0 1.6431676725154984 0.6085806194501846 1 0 0 0.9190776363614589 0.39407651330704024 2.3314669794225464
cell 42.843069322827674 35.78569335700346 0.0 1.0 1.0 1 0 0 0.0 1.0 0
cell 21.869002863461233 13.357632734337539 0.0 1.6431676725154984 0.6085806194501846 1 0 0 0.7310087054671933 0.6823681356358737 1.6395980497430906
cell 23.49896745664297 19.74812772989481 0.0 1.0 1.0 1 0 0 0.0 1.0 0
cell 38.9758452727533 60.6501592007768 0.0 1.0 1.0 1 0 0 0.0 1.0 0
cell 20.287621710245315 32.85375114114417 0.0 1.0 1.0 1 0 0 0.0 1.0 0
cell 26.14614040730606 28.432671462317433 0.0 1.6431676725154984 0.6085806194501846 1 0 0 0.8209476969090991 -0.5710033966095526 4.3570478100990755
cell 38.15313308053422 11.021790342432357 0.0 1.0 1.0 1 0 0 0.0 1.0 0
cell 45.58647097993592 43.61930914367664 0.0 1.0 1.0 1 0 0 0.0 1.0 0
cell 38.712654150474044 40.97307616358643 0.0 1.0 1.0 1 0 0 0.0 1.0 0
cell 33.40346737293279 42.011065314434575 0.0 1.0 1.0 1 0 0 0.0 1.0 0
cell 6.109029370588323 25.463125562706146 0.0 1.0 1.0 1 0 0 0.0 1.0 0
cell 60.969573192512314 14.031097706171927 0.0 1.0 1.0 1 0 0 0.0 1.0 0
cell 3.1907445243522807 35.806036670459704 0.0 1.0 1.0 1 0 0 0.0 1.0 0
cell 0.0418565601623123 26.907549541607978 0.0 1.0 1.0 1 0 0 0.0 1.0 0
cell 29.439132689753045 20.718898256768526 0.0 1.0 1.0 1 0 0 0.0 1.0 0
cell 5.871311224019147 0.12269930156892839 0.0 1.6431676725154984 0.6085806194501846 1 0 0 0.9280990340002079 0.3723334299896814 2.3785487329722024
cell 7.9349386492435 40.858057591588775 0.0 1.0 1.0 1 0 0 0.0 1.0 0
cell 1.2055174375572084 44.31327486991722 0.0 1.0 1.0 1 0 0 0.0 1.0 0
cell 0.7272666061660573 56.13151055736309 0.0 1.6431676725154984 0.6085806194501846 1 0 0 0.3087266188753589 -0.9511508160106834 5.655477383922553
cell 55.5176491071946 47.39857328743457 0.0 1.0 1.0 1 0 0 0.0 1.0 0
cell 21.455422722853882 18.987615679825385 0.0 1.6431676725154984 0.6085806194501846 1 0 0 0.5722023005958317 0.8201125088625569 1.2183774229045468
cell 58.820543403862594 53.26880477997326 0.0 1.6431676725154984 0.6085806194501846 1 0 0 0.9993697232722196 -0.035498678944534644 3.2126049312344973
cell 46.662395743355404 57.1838781126883 0.0 1.0 1.0 1 0 0 0.0 1.0 0
cell 33.675934025268624 34.916934976133675 0.0 1.0 1.0 1 0 0 0.0 1.0 0
cell 36.95684073400093 22.862816223993764 0.0 1.0 1.0 1 0 0 0.0 1.0 0
cell 27.281916417674893 23.946792017122693 0.0 1.0 1.0 1 0 0 0.0 1.0 0
cell 23.726234018199005 31.992715420448977 0.0 1.0 1.0 1 0 0 0.0 1.0 0
cell 42.65410897990748 59.69634722878883 0.0 1.0 1.0 1 0 0 0.0 1.0 0
cell 43.75695939876384 3.2637520031520366 0.0 1.0 1.0 1 0 0 0.0 1.0 0
cell 58.714077496121234 0.43136105568172906 0.0 1.6431676725154984 0.6085806194501846 1 0 0 0.8615959138643589 0.5075948002218307 2.0768108060666157
cell 58.03245197391428 14.252061066596392 0.0 1.6431676725154984 0.6085806194501846 1 0 0 0.9684201004839738 0.24932410428719098 2.6376281418047927
cell 27.802669548222863 16.38724903720349 0.0 1.6431676725154984 0.6085806194501846 1 0 0 0.351538096073381 -0.9361735773931575 5.5647581906851356
cell 49.698120564045325 11.571667505210424 0.0 1.0 1.0 1 0 0 0.0 1.0 0
cell 57.03418222628771 38.25109636185776 0.0 1.0 1.0 1 0 0 0.0 1.0 0
cell 42.671965772324505 52.32233762734904 0.0 1.0 1.0 1 0 0 0.0 1.0 0
cell 24.17306338168089 23.202511574296373 0.0 1.6431676725154984 0.6085806194501846 1 0 0 0.48153735392158126 -0.8764255683046916 5.278369333386548
cell 29.751477898646247 43.12769822554499 0.0 1.0 1.0 1 0 0 0.0 1.0 0
cell 25.307712269742733 1.3454469153323965 0.0 1.6431676725154984 0.6085806194501846 1 0 0 0.4843686999317012 0.8748639680124412 1.0112828508789002
cell 57.376807505163335 55.69930871595934 0.0 1.6431676725154984 0.6085806194501846 1 0 0 0.11785208818749941 -0.9930311602914814 6.046932071769588
cell 45.87248696748943 21.364144619738962 0.0 1.0 1.0 1 0 0 0.0 1.0 0
cell 9.772171502760848 25.01633485944799 0.0 1.6431676725154984 0.6085806194501846 1 0 0 0.9641576014380202 0.2653302085878721 2.6044998731382867
cell 31.556056319760682 32.369794541017725 0.0 1.0 1.0 1 0 0 0.0 1.0 0
cell 50.421972849632574 32.55702817260376 0.0 1.0 1.0 1 0 0 0.0 1.0 0
cell 33.401433427627666 58.06193929563688 0.0 1.0 1.0 1 0 0 0.0 1.0 0
cell 35.5080851967771 48.39731942886047 0.0 1.0 1.0 1 0 0 0.0 1.0 0
cell 50.572118046328335 16.529730037978396 0.0 1.6431676725154984 0.6085806194501846 1 0 0 0.9993945799779672 -0.034791859833336616 3.2111904191170146
cell 3.167008977828067 7.709465730665525 0.0 1.6431676725154984 0.6085806194501846 1 0 0 0.918732485390615 -0.39488051393805623 3.953468237761797
cell 52.23981538686993 41.646177491278415 0.0 1.0 1.0 1 0 0 0.0 1.0 0
cell 8.110481443124588 20.99919807139539 0.0 1.0 1.0 1 0 0 0.0 1.0 0
cell 8.421167876856051 31.503628854511952 0.0 1.0 1.0 1 0 0 0.0 1.0 0
cell 51.1798215906468 50.24896049078239 0.0 1.0 1.0 1 0 0 0.0 1.0 0
cell 60.44582576600424 44.56735317496374 0.0 1.0 1.0 1 0 0 0.0 1.0 0
cell 31.768229913731926 47.80050136125467 0.0 1.0 1.0 1 0 0 0.0 1.0 0
cell 7.969015876978138 18.997028759334196 0.0 1.0 1.0 1 0 0 0.0 1.0 0
cell 45.786353696139194 10.067511695260599 0.0 1.6431676725154984 0.6085806194501846 1 0 0 0.8720841082409565 -0.4893560137094217 4.1642949628858466
cell 16.581613105663937 22.848116071472816 0.0 1.6431676725154984 0.6085806194501846 1 0 0 0.986457833546226 -0.1640150683177808 3.4711116043016683
cell 2.578628802600684 37.47578810295348 0.0 1.0 1.0 1 0 0 0.0 1.0 0
cell 35.54839088423275 44.55935020175845 0.0 1.0 1.0 1 0 0 0.0 1.0 0
cell 24.190729553879752 21.879198366285415 0.0 1.6431676725154984 0.6085806194501846 1 0 0 0.4326682065041424 -0.9015532280905486 5.388284809823742
cell 23.57871327489517 1.0900942984243893 0.0 1.6431676725154984 0.6085806194501846 1 0 0 0.9278832177571557 -0.37287093504941726 3.9057950013296256
cell 43.0808697837832 48.230132714275385 0.0 1.0 1.0 1 0 0 0.0 1.0 0
cell 39.758554224206826 26.793887388915962 0.0 1.0 1.0 1 0 0 0.0 1.0 0
cell 58.88553966508187 48.23171468100028 0.0 1.0 1.0 1 0 0 0.0 1.0 0
cell 26.472484704652945 57.60521269373601 0.0 1.6431676725154984 0.6085806194501846 1 0 0 0.8000218263465932 0.5999708971017356 1.8546631922563754
cell 9.52641938135327 17.89538500332477 0.0 1.0 1.0 1 0 0 0.0 1.0 0
cell 37.76371585717643 16.838938203246272 0.0 1.6431676725154984 0.6085806194501846 1 0 0 0.24042182414175953 0.9706685049368547 0.4856007968374486
cell 4.9840226677477935 12.25315310426849 0.0 1.0 1.0 1 0 0 0.0 1.0 0
cell 46.04743122987912 55.58441571850874 0.0 1.0 1.0 1 0 0 0.0 1.0 0
cell 6.25548834219271 18.214270407784397 0.0 1.0 1.0 1 0 0 0.0 1.0 0
cell 60.03860375211801 32.69819256033669 0.0 1.0 1.0 1 0 0 0.0 1.0 0
cell 9.69018191130443 48.0573141222565 0.0 1.6431676725154984 0.6085806194501846 1 0 0 0.41654236986552795 -0.9091163039495055 5.4239078984607785
cell 52.3521443769922 43.32878618697732 0.0 1.0 1.0 1 0 0 0.0 1.0 0
cell 4.45419556664115 40.468115914102995 0.0 1.0 1.0 1 0 0 0.0 1.0 0
cell 46.66850226036708 60.16303452511682 0.0 1.0 1.0 1 0 0 0.0 1.0 0
cell 5.967461774581129 41.289632662065415 0.0 1.0 1.0 1 0 0 0.0 1.0 0
cell 57.375930093965785 11.256645613627848 0.0 1.6431676725154984 0.6085806194501846 1 0 0 0.9801881175172242 0.19806881197715157 2.7428180429242417
cell 12.404209946143082 59.327636044804585 0.0 1.6431676725154984 0.6085806194501846 1 0 0 0.45497331668542595 0.890505070790876 0.9446844993034417
cell 57.48780099929702 3.2174779515147263 0.0 1.6431676725154984 0.6085806194501846 1 0 0 0.7022557947282483 0.7119247142574814 1.5571223031319843
cell 14.813808966862595 31.64993271838443 0.0 1.0 1.0 1 0 0 0.0 1.0 0
cell 28.135433249258224 25.703544537041704 0.0 1.0 1.0 1 0 0 0.0 1.0 0
cell 39.22523270618151 51.663448725251264 0.0 1.0 1.0 1 0 0 0.0 1.0 0
cell 52.13500653001149 23.82254108056173 0.0 1.0 1.0 1 0 0 0.0 1.0 0
cell 31.137748799931952 29.24312338996275 0.0 1.0 1.0 1 0 0 0.0 1.0 0
cell 19.14816394615967 4.770686434781796 0.0 1.6431676725154984 0.6085806194501846 1 0 0 0.35883241555176026 0.9334020021133921 0.7340334017846358
cell 57.0927409643304 21.419452286156513 0.0 1.0 1.0 1 0 0 0.0 1.0 0
cell 3.0293851869768464 20.68946664463727 0.0 1.0 1.0 1 0 0 0.0 1.0 0
cell 39.64098842988824 7.937594043511546 0.0 1.0 1.0 1 0 0 0.0 1.0 0
cell 1.755960330062813 27.55030195905146 0.0 1.0 1.0 1 0 0 0.0 1.0 0
cell 23.659528049009232 52.78059642144903 0.0 1.0 1.0 1 0 0 0.0 1.0 0
cell 48.686250264780725 60.23550979216889 0.0 1.0 1.0 1 0 0 0.0 1.0 0
cell 30.7983719219051 24.774329394489815 0.0 1.0 1.0 1 0 0 0.0 1.0 0
cell 25.54575664860335 30.340721202682715 0.0 1.6431676725154984 0.6085806194501846 1 0 0 0.7433941697670563 -0.6688535776658064 4.606923792576803
cell 41.75753216472388 19.90263001173516 0.0 1.6431676725154984 0.6085806194501846 1 0 0 -0.11716418504680888 -0.9931125584455758 0.23486783090639918
cell 16.71939059792773 48.126971673384595 0.0 1.6431676725154984 0.6085806194501846 1 0 0 0.9568877105614552 0.29045810261801425 2.5521815630270637
cell 42.8478964381019 26.555929192984383 0.0 1.0 1.0 1 0 0 0.0 1.0 0
cell 8.267105759411706 33.56407162643895 0.0 1.0 1.0 1 0 0 0.0 1.0 0
cell 2.2271676049209654 57.71315901325703 0.0 1.0 1.0 1 0 0 0.0 1.0 0
cell 11.759027988718604 27.542339063312053 0.0 1.0 1.0 1 0 0 0.0 1.0 0
cell 25.6261310114091 51.028872717696935 0.0 1.6431676725154984 0.6085806194501846 1 0 0 0.35330598787639217 0.9355078187437488 0.7222053049850928
cell 58.64547268453595 39.65361183044334 0.0 1.0 1.0 1 0 0 0.0 1.0 0
cell 53.232851778622184 10.90385717729122 0.0 1.0 1.0 1 0 0 0.0 1.0 0
cell 55.946595334514754 16.27914691242936 0.0 1.6431676725154984 0.6085806194501846 1 0 0 0.9563974108789011 0.2920684722186469 2.5488148526453993
cell 34.143898746859776 7.74835945843991 0.0 1.0 1.0 1 0 0 0.0 1.0 0
cell 30.343283462061777 52.32325595168467 0.0 1.0 1.0 1 0 0 0.0 1.0 0
cell 1.4985458603516484 25.553759940272407 0.0 1.0 1.0 1 0 0 0.0 1.0 0
cell 41.99683724292153 22.69633807491856 0.0 1.6431676725154984 0.6085806194501846 1 0 0 -0.20193673216796296 0.979398568613067 5.876515327158898
cell 59.85142934440399 0.7294906372612633 0.0 1.6431676725154984 0.6085806194501846 1 0 0 0.4764792857160643 -0.8791856972696435 5.289893648158657
cell 41.7029187442208 27.818926715433257 0.0 1.6431676725154984 0.6085806194501846 1 0 0 0.5055236716638807 0.8628127359905329 1.059977585929578
cell 35.022295561291095 22.206235304633577 0.0 1.0 1.0 1 0 0 0.0 1.0 0
cell 57.68630742127823 25.16285264287819 0.0 1.0 1.0 1 0 0 0.0 1.0 0
cell 18.835708944602526 18.60461597421192 0.0 1.0 1.0 1 0 0 0.0 1.0 0
cell 26.815069914660327 25.867451338097574 0.0 1.6431676725154984 0.6085806194501846 1 0 0 0.8496110458458261 -0.5274097750106282 4.25269055683887
cell 55.85779900900494 24.32937334128948 0.0 1.0 1.0 1 0 0 0.0 1.0 0
cell 34.40462589798457 38.730394335414 0.0 1.0 1.0 1 0 0 0.0 1.0 0
cell 12.63959021771777 17.382749026759747 0.0 1.0 1.0 1 0 0 0.0 1.0 0
cell 23.033428063967207 11.301405445632982 0.0 1.0 1.0 1 0 0 0.0 1.0 0
cell 21.39481966613259 3.5275126307358753 0.0 1.0 1.0 1 0 0 0.0 1.0 0
cell 59.91579896777893 41.161566939239094 0.0 1.0 1.0 1 0 0 0.0 1.0 0
cell 5.372919972624831 38.93647548830739 0.0 1.0 1.0 1 0 0 0.0 1.0 0
cell 50.10453114280336 48.53425082173743 0.0 1.0 1.0 1 0 0 0.0 1.0 0
cell 59.67070611090412 27.965321162353884 0.0 1.0 1.0 1 0 0 0.0 1.0 0
cell 54.710478642312054 7.897079675522386 0.0 1.6431676725154984 0.6085806194501846 1 0 0 0.9774338247232465 0.21124184785900255 2.715902044948376
cell 61.14867915782744 0.8802716397765082 0.0 1.6431676725154984 0.6085806194501846 1 0 0 0.5233864293449239 -0.8520954439366349 5.18154458868749
cell 59.31652151447205 42.89804161600122 0.0 1.0 1.0 1 0 0 0.0 1.0 0
cell 11.673633879409335 25.554801382696166 0.0 1.0 1.0 1 0 0 0.0 1.0 0
cell 41.29836694800719 11.344550344273443 0.0 1.6431676725154984 0.6085806194501846 1 0 0 0.7504560600243688 -0.6609203446503223 4.585681613729795
cell 0.45115899792492153 46.16133214143959 0.0 1.0 1.0 1 0 0 0.0 1.0 0
cell 51.28036143408706 27.741703527742175 0.0 1.0 1.0 1 0 0 0.0 1.0 0
cell 35.994993549917304 8.481553381981104 0.0 1.0 1.0 1 0 0 0.0 1.0 0
cell 59.753403356773276 10.279943906251809 0.0 1.6431676725154984 0.6085806194501846 1 0 0 0.7784305167551513 0.6277307787454014 1.7843233551302777
cell 22.814242428117478 22.123876504315074 0.0 1.6431676725154984 0.6085806194501846 1 0 0 0.680144618924386 0.7330779613030266 1.4959197858664093
cell 22.083233289004895 53.6695690434157 0.0 1.6431676725154984 0.6085806194501846 1 0 0 0.7043183907095153 0.7098842190867174 1.562925036497899
cell 31.89454245538221 49.80511381006285 0.0 1.0 1.0 1 0 0 0.0 1.0 0
cell 21.30890789504514 57.37574471603601 0.0 1.0 1.0 1 0 0 0.0 1.0 0
cell 27.57144345462923 20.502954683023248 0.0 1.0 1.0 1 0 0 0.0 1.0 0
cell 29.640662650099124 7.272982442486287 0.0 1.0 1.0 1 0 0 0.0 1.0 0
cell 44.590420199203 54.81565942298839 0.0 1.0 1.0 1 0 0 0.0 1.0 0
cell 17.175181469293495 17.383763719972983 0.0 1.6431676725154984 0.6085806194501846 1 0 0 0.4713183637098024 0.8819631511746476 0.9815699757846641
cell 24.76358407146311 7.972297127343583 0.0 1.0 1.0 1 0 0 0.0 1.0 0
cell 56.828242998513645 57.381048465605176 0.0 1.6431676725154984 0.6085806194501846 1 0 0 0.9485248794417417 0.3167026256285689 2.4970903692640642
cell 49.28265437146096 50.93107700070523 0.0 1.0 1.0 1 0 0 0.0 1.0 0
cell 24.319074648038836 29.24981416883317 0.0 1.6431676725154984 0.6085806194501846 1 0 0 0.7630043213605918 -0.6463933829991321 4.547288760570349
cell 14.243407362118154 22.052058700845937 0.0 1.6431676725154984 0.6085806194501846 1 0 0 0.8840355057585199 -0.46741975199843455 4.114332259401499
cell 43.149177425966705 9.511842025007885 0.0 1.6431676725154984 0.6085806194501846 1 0 0 0.9890901460788581 0.14731151662277794 2.845893491293654
cell 27.093681938130423 15.013033588562035 0.0 1.0 1.0 1 0 0 0.0 1.0 0
cell 9.081440358933358 60.709270962912115 0.0 1.6431676725154984 0.6085806194501846 1 0 0 0.9340255626103482 0.35720617070597 2.4110426413950066
cell 16.51733976705636 28.876093613827013 0.0 1.0 1.0 1 0 0 0.0 1.0 0
cell 1.5095547632348536 23.720768528287458 0.0 1.0 1.0 1 0 0 0.0 1.0 0
cell 60.86076886795286 22.916335279014653 0.0 1.0 1.0 1 0 0 0.0 1.0 0
cell 7.212657889555288 26.778942952158786 0.0 1.6431676725154984 0.6085806194501846 1 0 0 0.9734807806436185 0.22876881281654401 2.6799671180418048
cell 58.85506394246065 35.21081515985645 0.0 1.0 1.0 1 0 0 0.0 1.0 0
cell 23.148567173127578 60.65276127057098 0.0 1.6431676725154984 0.6085806194501846 1 0 0 0.28053738957520147 0.9598430981417388 0.5687078715001531
cell 51.8151457253255 31.356294398292672 0.0 1.0 1.0 1 0 0 0.0 1.0 0
cell 50.33750330712824 53.98700203093429 0.0 1.0 1.0 1 0 0 0.0 1.0 0
cell 46.36845782902279 48.555759543752956 0.0 1.0 1.0 1 0 0 0.0 1.0 0
cell 44.18256108472905 51.21545281953123 0.0 1.0 1.0 1 0 0 0.0 1.0 0
cell 58.945891944292576 18.241940802044805 0.0 1.0 1.0 1 0 0 0.0 1.0 0
cell 15.374774243350574 39.82828731778242 0.0 1.6431676725154984 0.6085806194501846 1 0 0 0.9601923522705508 0.27933966177602954 2.5753800019431203
cell 6.682789587675261 50.0231375451522 0.0 1.0 1.0 1 0 0 0.0 1.0 0
cell 44.468886291178976 49.33617056394658 0.0 1.0 1.0 1 0 0 0.0 1.0 0
cell 42.48321475326748 21.174906798452923 0.0 1.6431676725154984 0.6085806194501846 1 0 0 -0.2540485222724172 0.9671914744926162 5.769457661789656
cell 47.667210573522155 58.71401632293602 0.0 1.0 1.0 1 0 0 0.0 1.0 0
cell 51.71991225354627 15.041893312700227 0.0 1.0 1.0 1 0 0 0.0 1.0 0
cell 52.27146670899143 45.01932611687161 0.0 1.0 1.0 1 0 0 0.0 1.0 0
cell 2.9058914910351943 26.247914562028864 0.0 1.0 1.0 1 0 0 0.0 1.0 0
cell 20.133513591030585 16.463269266973867 0.0 1.6431676725154984 0.6085806194501846 1 0 0 0.5260610853927941 0.8504467851872658 1.1079246245281311
cell 6.257218187146792 37.202213939303995 0.0 1.0 1.0 1 0 0 0.0 1.0 0
cell 46.10858099946996 8.096641252117697 0.0 1.6431676725154984 0.6085806194501846 1 0 0 0.9651356861036758 0.26175008578639847 2.6119225262210986
cell 37.27662222713552 47.54391034200915 0.0 1.0 1.0 1 0 0 0.0 1.0 0
cell 44.828918306154634 7.038233735528104 0.0 1.0 1.0 1 0 0 0.0 1.0 0
cell 19.93485354881745 30.90573653905827 0.0 1.0 1.0 1 0 0 0.0 1.0 0
cell 51.58623702643824 0.4863921399876652 0.0 1.6431676725154984 0.6085806194501846 1 0 0 0.879995329837177 -0.47498233595025197 4.131480571025436
cell 18.362044736477912 20.114184558643547 0.0 1.6431676725154984 0.6085806194501846 1 0 0 -0.1425665549454433 -0.9897852178179809 0.2861079517120926
cell 5.383378346223249 53.3030575870881 0.0 1.6431676725154984 0.6085806194501846 1 0 0 0.263129021735108 0.9647606531781471 0.5325281787282006
cell 39.13766776289715 49.87686538494431 0.0 1.0 1.0 1 0 0 0.0 1.0 0
cell 4.530383656363609 50.73395254648987 0.0 1.0 1.0 1 0 0 0.0 1.0 0
cell 60.11003392587601 29.88174400267657 0.0 1.6431676725154984 0.6085806194501846 1 0 0 0.36486315335564906 0.931061157670844 0.7469716392398111
cell 36.90064371283219 45.78502851075154 0.0 1.0 1.0 1 0 0 0.0 1.0 0
cell 0.923590066962495 53.893601792695655 0.0 1.6431676725154984 0.6085806194501846 1 0 0 0.5888443808259961 0.8082464322034767 1.2592566183113256
cell 42.84911735658819 54.290821126708174 0.0 1.0 1.0 1 0 0 0.0 1.0 0
cell 37.743032503064555 3.4633368987576416 0.0 1.6431676725154984 0.6085806194501846 1 0 0 0.8384858404943131 -0.5449233847895917 4.294188131054333
cell 55.039907227268955 18.015677261884278 0.0 1.0 1.0 1 0 0 0.0 1.0 0
cell 9.168009001077827 1.3862583862937312 0.0 1.6431676725154984 0.6085806194501846 1 0 0 0.9960641503995892 -0.08863525420928563 3.319096098791212
cell 45.04132196914098 19.36470858644392 0.0 1.6431676725154984 0.6085806194501846 1 0 0 -0.2016707441519639 0.9794533735473032 5.877058477988502
cell 21.817835568795967 31.535176274162755 0.0 1.0 1.0 1 0 0 0.0 1.0 0
cell 2.8437386843770063 16.881190041202814 0.0 1.0 1.0 1 0 0 0.0 1.0 0
cell 15.427805641602557 14.580198170646414 0.0 1.6431676725154984 0.6085806194501846 1 0 0 0.49681553454114513 0.8678561658700111 1.039851116621026
cell 29.505481246309397 39.070729649317 0.0 1.0 1.0 1 0 0 0.0 1.0 0
cell 29.711035742891504 10.919980602208238 0.0 1.6431676725154984 0.6085806194501846 1 0 0 -0.7128222049363104 -0.7013447826495444 1.587028031242439
cell 5.6314777667492955 28.58582379667017 0.0 1.0 1.0 1 0 0 0.0 1.0 0
cell 58.65389374198942 44.646239002182526 0.0 1.0 1.0 1 0 0 0.0 1.0 0
cell 25.699001450774848 56.95601264553749 0.0 1.6431676725154984 0.6085806194501846 1 0 0 0.7910819061884675 0.6117102399839491 1.825151276388945
cell 30.49898655747426 14.22050244103328 0.0 1.0 1.0 1 0 0 0.0 1.0 0
cell 32.77987318029987 28.073878668444706 0.0 1.0 1.0 1 0 0 0.0 1.0 0
cell 27.487346299834158 12.491082445124468 0.0 1.6431676725154984 0.6085806194501846 1 0 0 0.8007583402877843 -0.5989875461639859 4.426064936018689
cell 45.62974719253365 12.123216915941088 0.0 1.6431676725154984 0.6085806194501846 1 0 0 0.8042574423729885 -0.5942810499987856 4.414335499520745
cell 10.74633241884418 52.58698836995291 0.0 1.6431676725154984 0.6085806194501846 1 0 0 0.6417675199642016 0.7668992439160428 1.3936016219609102
cell 22.393093135310927 24.992660727015625 0.0 1.0 1.0 1 0 0 0.0 1.0 0
cell 2.8851833990699305 55.83269324547522 0.0 1.6431676725154984 0.6085806194501846 1 0 0 0.6058301574231786 0.7955940047264098 1.301617793879422
cell 35.21337484215762 42.58186026435683 0.0 1.0 1.0 1 0 0 0.0 1.0 0
cell 44.182099492787955 25.321039578858883 0.0 1.0 1.0 1 0 0 0.0 1.0 0
cell 41.04775012184513 2.9070256228503784 0.0 1.0 1.0 1 0 0 0.0 1.0 0
cell 27.021491670453265 7.810801890901138 0.0 1.0 1.0 1 0 0 0.0 1.0 0
cell 33.281051543414044 55.7183962150235 0.0 1.0 1.0 1 0 0 0.0 1.0 0
cell 58.03690986408867 6.591230105544064 0.0 1.6431676725154984 0.6085806194501846 1 0 0 0.6973235616612113 -0.7167564791141569 4.739872140740516
cell 24.881183740782145 14.032753467120935 0.0 1.0 1.0 1 0 0 0.0 1.0 0
cell 38.89313645238695 15.331133135028749 0.0 1.0 1.0 1 0 0 0.0 1.0 0
cell 41.87459114313612 46.63783017495016 0.0 1.0 1.0 1 0 0 0.0 1.0 0
cell 42.18107542146947 33.90320531150434 0.0 1.0 1.0 1 0 0 0.0 1.0 0
cell 9.990329201972282 34.34045008966548 0.0 1.0 1.0 1 0 0 0.0 1.0 0
cell 42.64791022972163 11.085105518580297 0.0 1.0 1.0 1 0 0 0.0 1.0 0
cell 32.233384766779146 7.642565393747606 0.0 1.6431676725154984 0.6085806194501846 1 0 0 0.8491815400338871 0.5281010434241499 2.0288670804742153
cell 60.49357189880919 11.714337584970504 0.0 1.6431676725154984 0.6085806194501846 1 0 0 -0.9511324152932977 -0.30878330359385986 2.5137655373176475
cell 11.580457609550097 31.577744930730127 0.0 1.0 1.0 1 0 0 0.0 1.0 0
cell 53.923633052273374 53.14249145946152 0.0 1.0 1.0 1 0 0 0.0 1.0 0
cell 30.19327851046073 60.048875047807726 0.0 1.0 1.0 1 0 0 0.0 1.0 0
cell 31.987563158233595 13.076281397206879 0.0 1.0 1.0 1 0 0 0.0 1.0 0
cell 6.111087370368594 4.968153441190216 0.0 1.6431676725154984 0.6085806194501846 1 0 0 0.7651790162950368 -0.643817577440815 4.540546629425371
cell 18.699588096456395 39.86758032064333 0.0 1.6431676725154984 0.6085806194501846 1 0 0 0.7056159197555438 0.7085945058970877 1.5665839667624952
cell 42.94615511899891 18.265565123336703 0.0 1.6431676725154984 0.6085806194501846 1 0 0 -0.29266700329521644 -0.9562144242700994 0.5940295574085797
cell 8.920064578373582 35.62021440694022 0.0 1.0 1.0 1 0 0 0.0 1.0 0
cell 14.95304427542685 58.587519946657494 0.0 1.6431676725154984 0.6085806194501846 1 0 0 -0.14510357932603674 0.989416470080609 5.991949989203485
cell 19.31787271800786 26.93310378156439 0.0 1.0 1.0 1 0 0 0.0 1.0 0
cell 17.160155266579203 37.378761728231694 0.0 1.6431676725154984 0.6085806194501846 1 0 0 0.22663134458860237 0.9739806125637009 0.45723527163396
cell 50.600565707511684 8.38901683551511 0.0 1.6431676725154984 0.6085806194501846 1 0 0 0.5520176692815051 -0.8338324128990279 5.113621188916201
cell 54.328137338438516 20.705747306620374 0.0 1.0 1.0 1 0 0 0.0 1.0 0
cell 38.381528181919755 58.77171783392851 0.0 1.0 1.0 1 0 0 0.0 1.0 0
cell 40.9914618463208 51.9481080065202 0.0 1.0 1.0 1 0 0 0.0 1.0 0
cell 40.34799017554598 20.859244862514554 0.0 1.6431676725154984 0.6085806194501846 1 0 0 -0.0027772238337215333 0.9999961435064524 6.277630852371901
cell 51.568470448222506 29.41679898666868 0.0 1.0 1.0 1 0 0 0.0 1.0 0
cell 24.113999822412886 6.062972264457686 0.0 1.6431676725154984 0.6085806194501846 1 0 0 0.5085397057553235 -0.861038540177087 5.216209365752136
cell 59.5906000978034 56.15007037657483 0.0 1.0 1.0 1 0 0 0.0 1.0 0
cell 42.753807695503355 43.050796751963745 0.0 1.0 1.0 1 0 0 0.0 1.0 0
cell 29.20249536799375 29.388938159134266 0.0 1.0 1.0 1 0 0 0.0 1.0 0
cell 46.126571237935295 25.70701124273824 0.0 1.0 1.0 1 0 0 0.0 1.0 0
cell 54.007802768476935 5.0564209399881985 0.0 1.6431676725154984 0.6085806194501846 1 0 0 0.7357030806407967 -0.677304198374439 4.629776999174907
cell 57.76332264295447 9.758173415326763 0.0 1.6431676725154984 0.6085806194501846 1 0 0 0.14632218867534996 -0.9892369873297577 5.989486477079775
cell 36.518589336557184 24.82026401887634 0.0 1.0 1.0 1 0 0 0.0 1.0 0
cell 15.83756130555943 55.88362480693442 0.0 1.6431676725154984 0.6085806194501846 1 0 0 0.84536201672485 0.5341938418578919 2.0144849841180887
cell 5.523495694941733 56.77962753893175 0.0 1.6431676725154984 0.6085806194501846 1 0 0 0.7062691983602307 0.7079433730515436 1.568428685687646
cell 32.10938451657082 36.206223542550106 0.0 1.0 1.0 1 0 0 0.0 1.0 0
cell 33.63373637088467 43.8713080488893 0.0 1.0 1.0 1 0 0 0.0 1.0 0
cell 55.08134345611764 11.557586217491982 0.0 1.0 1.0 1 0 0 0.0 1.0 0
cell 1.5864143728228992 60.08312540957364 0.0 1.6431676725154984 0.6085806194501846 1 0 0 0.6267212775795828 -0.7792435050926093 4.928508338078655
cell 54.06333075609127 23.798962613084935 0.0 1.0 1.0 1 0 0 0.0 1.0 0
cell 35.55315427634495 16.877932082836924 0.0 1.6431676725154984 0.6085806194501846 1 0 0 -0.35412076434526835 -0.9351997028760878 0.7239474830817523
cell 49.692503678773285 28.78191571273335 0.0 1.0 1.0 1 0 0 0.0 1.0 0
cell 29.83671503324908 31.248482089628514 0.0 1.0 1.0 1 0 0 0.0 1.0 0
cell 36.79793549432925 12.459413085549455 0.0 1.0 1.0 1 0 0 0.0 1.0 0
cell 33.729544251501274 19.908037930257883 0.0 1.6431676725154984 0.6085806194501846 1 0 0 0.7546096224233045 -0.6561739995962639 4.5730673354952565
cell 42.54333627243795 14.773510244553526 0.0 1.0 1.0 1 0 0 0.0 1.0 0
cell 31.19192817446671 17.19621632724118 0.0 1.0 1.0 1 0 0 0.0 1.0 0
cell 57.007876094677094 33.08109477925093 0.0 1.0 1.0 1 0 0 0.0 1.0 0
cell 53.63819343366072 58.190744676281184 0.0 1.6431676725154984 0.6085806194501846 1 0 0 0.7598952929295789 -0.6500454936259996 4.556881260539473
cell 45.089522555281036 31.196349716618112 0.0 1.0 1.0 1 0 0 0.0 1.0 0
cell 28.67374082940143 51.98409896873567 0.0 1.6431676725154984 0.6085806194501846 1 0 0 0.7053451054253783 0.708864078827854 1.5658197417479833
cell 41.93267387100803 57.79833391598874 0.0 1.0 1.0 1 0 0 0.0 1.0 0
cell 37.50072155433237 50.944371709193874 0.0 1.0 1.0 1 0 0 0.0 1.0 0
cell 28.77314685049972 59.25822534428601 0.0 1.0 1.0 1 0 0 0.0 1.0 0
cell 38.809966979370024 28.581282873498292 0.0 1.0 1.0 1 0 0 0.0 1.0 0
cell 16.17212162909794 24.981836817911745 0.0 1.0 1.0 1 0 0 0.0 1.0 0
cell 19.52178163830959 24.094543864447665 0.0 1.0 1.0 1 0 0 0.0 1.0 0
cell 36.74125612169062 57.672695385902436 0.0 1.0 1.0 1 0 0 0.0 1.0 0
cell 42.153948875654216 44.94065261681145 0.0 1.0 1.0 1 0 0 0.0 1.0 0
cell 37.33220976752469 34.03404680245182 0.0 1.0 1.0 1 0 0 0.0 1.0 0
cell 50.647784932188834 24.081062641189938 0.0 1.6431676725154984 0.6085806194501846 1 0 0 0.521104797419779 0.8534927006753432 1.096289765341242
cell 48.342148483433064 30.285860029953337 0.0 1.0 1.0 1 0 0 0.0 1.0 0
cell 43.29822682627068 28.4945552588639 0.0 1.0 1.0 1 0 0 0.0 1.0 0
cell 47.85725809714446 9.885258279551893 0.0 1.0 1.0 1 0 0 0.0 1.0 0
cell 25.82232084191096 6.3249482408423665 0.0 1.0 1.0 1 0 0 0.0 1.0 0
cell 31.85276012453526 45.7446904903666 0.0 1.0 1.0 1 0 0 0.0 1.0 0
cell 36.75803600815975 41.27242969610182 0.0 1.0 1.0 1 0 0 0.0 1.0 0
cell 5.423904686384588 31.237304854370134 0.0 1.0 1.0 1 0 0 0.0 1.0 0
cell 1.6274759196771043 52.26253307321821 0.0 1.6431676725154984 0.6085806194501846 1 0 0 0.6061880746248351 0.7953213301443859 1.3025176964393457
cell 23.07814995200563 14.151648390930664 0.0 1.0 1.0 1 0 0 0.0 1.0 0
cell 3.0133462957247312 11.903960080265596 0.0 1.0 1.0 1 0 0 0.0 1.0 0
cell 7.549254127695264 46.16928022520499 0.0 1.0 1.0 1 0 0 0.0 1.0 0
cell 5.640663598234715 46.85179418956788 0.0 1.0 1.0 1 0 0 0.0 1.0 0
cell 9.4516721361434 50.1568489524914 0.0 1.6431676725154984 0.6085806194501846 1 0 0 0.30651633816555607 -0.9518653972267185 5.6601232291876515
cell 32.78971926293043 59.88993415098147 0.0 1.6431676725154984 0.6085806194501846 1 0 0 0.8486017176602505 -0.5290322530659851 4.256512168821915
cell 27.164776168672127 4.211267037585608 0.0 1.6431676725154984 0.6085806194501846 1 0 0 0.5318474983102871 0.8468401493440715 1.1215614242511367
cell 16.396920070164285 32.700699708397906 0.0 1.0 1.0 1 0 0 0.0 1.0 0
cell 53.60060237724585 9.325688115285145 0.0 1.6431676725154984 0.6085806194501846 1 0 0 0.9999993267422184 -0.001160394376932982 3.143913442864489
cell 4.516976792623821 17.592734808001037 0.0 1.0 1.0 1 0 0 0.0 1.0 0
cell 59.59499315773597 46.38434112550245 0.0 1.0 1.0 1 0 0 0.0 1.0 0
cell 2.201662169105911 32.65711242469475 0.0 1.0 1.0 1 0 0 0.0 1.0 0
cell 41.68502338394923 37.19806026561833 0.0 1.0 1.0 1 0 0 0.0 1.0 0
cell 39.54310766522143 21.964089561380867 0.0 1.6431676725154984 0.6085806194501846 1 0 0 0.0919109670373781 0.995767228893507 0.18408173271905404
cell 42.94522103366388 12.919184768929837 0.0 1.0 1.0 1 0 0 0.0 1.0 0
cell 11.294677917047308 21.10349790020207 0.0 1.0 1.0 1 0 0 0.0 1.0 0
cell 22.796111714247274 5.0473167133672625 0.0 1.0 1.0 1 0 0 0.0 1.0 0
cell 54.07827521122574 42.40747084026116 0.0 1.0 1.0 1 0 0 0.0 1.0 0
cell 53.45398226468609 18.875383740757467 0.0 1.0 1.0 1 0 0 0.0 1.0 0
cell 20.7731320635935 13.338992553904049 0.0 1.6431676725154984 0.6085806194501846 1 0 0 0.6416462078847015 0.7670007457018425 1.393285272576809
cell 20.973681899940246 27.648239110856192 0.0 1.0 1.0 1 0 0 0.0 1.0 0
cell 25.621948595549625 25.433221852095052 0.0 1.6431676725154984 0.6085806194501846 1 0 0 0.7519856977831385 -0.6591794219555145 4.581046700178943
cell 19.841928763073476 13.955965329783565 0.0 1.6431676725154984 0.6085806194501846 1 0 0 0.5719261827734529 0.8203050904743838 1.2177041362490446
cell 12.66605855266137 46.749257679947 0.0 1.6431676725154984 0.6085806194501846 1 0 0 0.8734412536678741 -0.48692953945215983 4.158734521892586
cell 17.15454991854439 24.0088034678525 0.0 1.6431676725154984 0.6085806194501846 1 0 0 0.9844862430379279 -0.1754617829302613 3.4943422703622775
cell 23.676494494032546 26.083257701072625 0.0 1.6431676725154984 0.6085806194501846 1 0 0 0.722472044287065 -0.691400133948258 4.668443127214155
cell 55.14487411712008 37.665738770874455 0.0 1.0 1.0 1 0 0 0.0 1.0 0
cell 52.32711618881765 55.28320296260798 0.0 1.0 1.0 1 0 0 0.0 1.0 0
cell 41.454636492283456 8.741409549276655 0.0 1.0 1.0 1 0 0 0.0 1.0 0
cell 49.57536409300146 21.044775942411068 0.0 1.6431676725154984 0.6085806194501846 1 0 0 0.9369996260319818 0.3493303605699428 2.4278799638811535
cell 55.66692316728483 43.58256829740949 0.0 1.0 1.0 1 0 0 0.0 1.0 0
cell 17.914955377308992 52.95228853907859 0.0 1.0 1.0 1 0 0 0.0 1.0 0
cell 10.426813464276185 23.391004651962838 0.0 1.6431676725154984 0.6085806194501846 1 0 0 0.975793361878798 0.2186945699217823 2.7006397427507465
cell 22.246191702723067 26.63027888568784 0.0 1.0 1.0 1 0 0 0.0 1.0 0
cell 45.6910061397448 58.54001234056529 0.0 1.0 1.0 1 0 0 0.0 1.0 0
cell 40.825785269612844 50.17062313344852 0.0 1.0 1.0 1 0 0 0.0 1.0 0
cell 5.092253026843245 29.75041290924552 0.0 1.6431676725154984 0.6085806194501846 1 0 0 0.24386346012410448 0.9698095755437246 0.49269519776519427
cell 48.69337819364676 45.61536019254259 0.0 1.0 1.0 1 0 0 0.0 1.0 0
cell 40.31627063116811 17.365383112094417 0.0 1.6431676725154984 0.6085806194501846 1 0 0 0.2651774544650709 0.9641996254113695 0.5367759218936526
cell 53.69246539170555 31.89617923533888 0.0 1.0 1.0 1 0 0 0.0 1.0 0
cell 31.66591662067895 43.726910654980685 0.0 1.0 1.0 1 0 0 0.0 1.0 0
cell 51.73640947280543 48.35666486931963 0.0 1.0 1.0 1 0 0 0.0 1.0 0
cell 12.513876791815344 50.7372690980194 0.0 1.6431676725154984 0.6085806194501846 1 0 0 0.43149657048569656 0.9021145767911537 0.89230215668473
cell 59.05357260520554 38.09255065564645 0.0 1.0 1.0 1 0 0 0.0 1.0 0
cell 8.623995831206834 29.544751873341152 0.0 1.0 1.0 1 0 0 0.0 1.0 0
cell 30.5259564458424 22.792879647692608 0.0 1.0 1.0 1 0 0 0.0 1.0 0
cell 5.265853579866443 43.28965961684356 0.0 1.0 1.0 1 0 0 0.0 1.0 0
cell 31.33492530490978 21.102129302662615 0.0 1.0 1.0 1 0 0 0.0 1.0 0
cell 44.77738865092852 36.26363844208504 0.0 1.0 1.0 1 0 0 0.0 1.0 0
cell 55.60716746474048 14.640195686970234 0.0 1.0 1.0 1 0 0 0.0 1.0 0
cell 44.80133086389368 1.94618676166499 0.0 1.0 1.0 1 0 0 0.0 1.0 0
cell 59.44833229179858 26.00530476125835 0.0 1.0 1.0 1 0 0 0.0 1.0 0
cell 10.149632209803048 37.24536841706034 0.0 1.0 1.0 1 0 0 0.0 1.0 0
cell 61.034085983755006 12.644519153799878 0.0 1.6431676725154984 0.6085806194501846 1 0 0 0.97830488642439 0.207170338606089 2.724229340098273
cell 45.62103154173401 39.90816938703581 0.0 1.0 1.0 1 0 0 0.0 1.0 0
cell 16.423409961801116 26.8731144137249 0.0 1.0 1.0 1 0 0 0.0 1.0 0
cell 41.21706307551746 40.92480379385524 0.0 1.6431676725154984 0.6085806194501846 1 0 0 0.6290015792263796 0.7774040219414359 1.3605364844404493
cell 27.33376080442902 39.60227292437578 0.0 1.6431676725154984 0.6085806194501846 1 0 0 0.5459165156498609 -0.8378395776881844 5.128220049400786
cell 11.858390990006178 44.03448539155737 0.0 1.6431676725154984 0.6085806194501846 1 0 0 0.5816755206163953 0.8134209173088958 1.2415740436118377
cell 35.89491165812897 26.681472621817566 0.0 1.0 1.0 1 0 0 0.0 1.0 0
cell 51.00140926203539 58.66917780421431 0.0 1.6431676725154984 0.6085806194501846 1 0 0 0.9837772598860443 -0.17939426671749156 3.5023340429046317
cell 55.892903738684026 41.597167843923955 0.0 1.0 1.0 1 0 0 0.0 1.0 0
cell 50.24012788276518 6.8850335644158465 0.0 1.6431676725154984 0.6085806194501846 1 0 0 -0.46194071019397853 0.8869108073901697 5.3228210608742685
cell 30.298911095337367 58.31369413300768 0.0 1.6431676725154984 0.6085806194501846 1 0 0 0.9889548170619029 -0.1482173060410224 3.4391235019634703
cell 24.851105386897924 27.208044295516103 0.0 1.6431676725154984 0.6085806194501846 1 0 0 0.7556677127052714 -0.6549551953949089 4.569839308672845
cell 21.018166433675404 42.79015484270162 0.0 1.6431676725154984 0.6085806194501846 1 0 0 0.17274819984732995 -0.9849660194389992 5.93594703265682
cell 8.821718292626443 13.523509223913235 0.0 1.6431676725154984 0.6085806194501846 1 0 0 0.8364796659907063 -0.5479979638503014 4.301530552365326
cell 60.77167733190811 58.48820935527243 0.0 1.6431676725154984 0.6085806194501846 1 0 0 0.9283689537953566 0.3716599058667952 2.3799999276014954
cell 41.8959950395033 25.296087756682592 0.0 1.6431676725154984 0.6085806194501846 1 0 0 0.9606922580342752 0.27761553514348863 2.5789702772991494
cell 2.3932349696100292 45.9003852975225 0.0 1.0 1.0 1 0 0 0.0 1.0 0
cell 32.18473158283407 26.143554799934726 0.0 1.0 1.0 1 0 0 0.0 1.0 0
cell 24.604122440821293 57.79747245886513 0.0 1.6431676725154984 0.6085806194501846 1 0 0 0.6066956330360275 0.7949342166840059 1.3037943677138961
cell 36.12741484634665 1.6110385001522545 0.0 1.6431676725154984 0.6085806194501846 1 0 0 0.8008623265470491 -0.5988485066505949 4.4257176889684455
cell 47.064743270996125 38.811661612079014 0.0 1.0 1.0 1 0 0 0.0 1.0 0
cell 51.115581655445034 34.05735889971609 0.0 1.0 1.0 1 0 0 0.0 1.0 0
cell 10.550851078372846 5.294089207874291 0.0 1.6431676725154984 0.6085806194501846 1 0 0 0.9930547930016228 0.11765278618249585 2.9057408147135226
cell 34.812984057352736 54.94337753662426 0.0 1.6431676725154984 0.6085806194501846 1 0 0 0.46117311980516246 0.8873101788941528 0.9586337057540356
cell 28.272248146084593 10.217518631948506 0.0 1.0 1.0 1 0 0 0.0 1.0 0
cell 41.53225639103913 61.10577227875729 0.0 1.0 1.0 1 0 0 0.0 1.0 0
cell 56.54418121157822 0.9423888169242423 0.0 1.6431676725154984 0.6085806194501846 1 0 0 0.6866651074608444 0.7269738854978127 1.5137833848938373
cell 4.648903500211205 19.48286067471314 0.0 1.0 1.0 1 0 0 0.0 1.0 0
cell 14.440203436768545 36.88595923518115 0.0 1.6431676725154984 0.6085806194501846 1 0 0 0.9152236487757888 -0.40294624048566546 3.9710600970098953
cell 44.759966027824056 27.140394295287628 0.0 1.0 1.0 1 0 0 0.0 1.0 0
cell 40.11664799120237 43.780394720714234 0.0 1.6431676725154984 0.6085806194501846 1 0 0 0.49742234425859233 0.8675085079884154 1.0412498075171965
cell 19.391289071231167 49.85012329392417 0.0 1.6431676725154984 0.6085806194501846 1 0 0 0.345374801887943 0.9384648348344568 0.7052762668398969
cell 42.853772547806614 16.670798196971237 0.0 1.0 1.0 1 0 0 0.0 1.0 0
cell 26.066283981044272 20.240643212557263 0.0 1.6431676725154984 0.6085806194501846 1 0 0 0.5819791336447842 -0.8132037186351686 5.040864654871055
cell 51.745758721496244 36.34394663886409 0.0 1.0 1.0 1 0 0 0.0 1.0 0
cell 35.61496577737347 58.678715123210246 0.0 1.6431676725154984 0.6085806194501846 1 0 0 0.9821652494989259 -0.1880197401251063 3.5198837281494773
cell 36.29005835883066 10.460930957209802 0.0 1.0 1.0 1 0 0 0.0 1.0 0
cell 24.775214022350493 51.758074894409596 0.0 1.6431676725154984 0.6085806194501846 1 0 0 0.30077889802047636 0.9536938997946814 0.6110185318969511
cell 23.027538652483603 39.39452594202016 0.0 1.0 1.0 1 0 0 0.0 1.0 0
cell 39.298893053793634 18.464621805457806 0.0 1.6431676725154984 0.6085806194501846 1 0 0 -0.15180996709034736 -0.9884096994121555 0.3047984150082632
cell 14.316421526105298 18.398582932651 0.0 1.0 1.0 1 0 0 0.0 1.0 0
cell 44.52257876542531 20.815525599478992 0.0 1.6431676725154984 0.6085806194501846 1 0 0 -0.3111483878113115 0.9503613422074899 5.6503829802584615
cell 39.18756553638265 48.18226697758545 0.0 1.0 1.0 1 0 0 0.0 1.0 0
cell 55.56295283776783 45.56784448989206 0.0 1.0 1.0 1 0 0 0.0 1.0 0
cell 5.308920172422715 33.2395530005209 0.0 1.0 1.0 1 0 0 0.0 1.0 0
cell 16.632114215953152 30.861847123210424 0.0 1.0 1.0 1 0 0 0.0 1.0 0
cell 21.753772141746065 45.27369754857064 0.0 1.6431676725154984 0.6085806194501846 1 0 0 0.9998003278261581 0.01998260440249639 3.1016247845922926
cell 51.23732860636597 18.740420530626082 0.0 1.0 1.0 1 0 0 0.0 1.0 0
cell 17.420111866889666 56.23537846605979 0.0 1.0 1.0 1 0 0 0.0 1.0 0
cell 39.567135314707855 4.397063459764467 0.0 1.6431676725154984 0.6085806194501846 1 0 0 0.903189356059814 -0.429242340758992 4.028900130954097
cell 24.769731224213306 54.216763332082536 0.0 1.6431676725154984 0.6085806194501846 1 0 0 0.8528464021820993 0.5221618659812769 2.042824908521069
cell 46.386068244490836 14.933048974280256 0.0 1.0 1.0 1 0 0 0.0 1.0 0
cell 41.14033397629113 53.873069593213735 0.0 1.0 1.0 1 0 0 0.0 1.0 0
cell 27.818685455662784 55.056424549116116 0.0 1.6431676725154984 0.6085806194501846 1 0 0 0.9910849637388784 0.13323135761038352 2.874335262229369
cell 19.64700932977866 8.570960876315038 0.0 1.6431676725154984 0.6085806194501846 1 0 0 0.4697655631945491 -0.88279120727186 5.305134914972289
cell 43.76069720276641 58.170342940517216 0.0 1.0 1.0 1 0 0 0.0 1.0 0
cell 60.86943579675225 47.92969363729565 0.0 1.0 1.0 1 0 0 0.0 1.0 0
cell 32.604811627104944 9.617087182872016 0.0 1.6431676725154984 0.6085806194501846 1 0 0 0.8085488798626376 0.5884290177012637 1.8833636560601326
cell 42.20110152493793 19.030897077502953 0.0 1.6431676725154984 0.6085806194501846 1 0 0 -0.21030272603545827 -0.977636314496375 0.423769200846424
cell 59.32704817721564 57.87145559850234 0.0 1.6431676725154984 0.6085806194501846 1 0 0 0.13868772165252788 -0.9903361630592064 6.004912891953393
cell 32.48950904190759 19.55648932466529 0.0 1.6431676725154984 0.6085806194501846 1 0 0 0.6950646187050371 0.7189472691542972 1.5370195530252444
cell 38.63383614944232 2.2445113315825944 0.0 1.6431676725154984 0.6085806194501846 1 0 0 0.9603281122575259 -0.2788725816710864 3.7068324854110886
cell 10.685562772074922 13.845899123369117 0.0 1.6431676725154984 0.6085806194501846 1 0 0 0.45284025481581763 0.891591668656872 0.9398967438382326
cell 25.69611626293669 22.82657172583347 0.0 1.6431676725154984 0.6085806194501846 1 0 0 0.784474511024016 -0.6201610609782195 4.47948864799593
cell 49.1927997996537 34.108254790157645 0.0 1.0 1.0 1 0 0 0.0 1.0 0
cell 30.022677276231114 33.40982293024584 0.0 1.0 1.0 1 0 0 0.0 1.0 0
cell 50.039980928398556 59.41682482785121 0.0 1.6431676725154984 0.6085806194501846 1 0 0 0.9632156163150144 -0.2687297461891536 3.6857407029318066
cell 16.73608336135898 3.9933781385014093 0.0 1.6431676725154984 0.6085806194501846 1 0 0 0.9474525102508801 -0.3198964532771598 3.792833044909806
cell 56.370662981990804 50.67940177904069 0.0 1.0 1.0 1 0 0 0.0 1.0 0
cell 24.765230821437562 12.16886053687241 0.0 1.0 1.0 1 0 0 0.0 1.0 0
cell 22.234028615736825 33.39225941765035 0.0 1.0 1.0 1 0 0 0.0 1.0 0
cell 1.9171994823441985 34.598538461441606 0.0 1.0 1.0 1 0 0 0.0 1.0 0
cell 31.812382826180357 34.288435548029646 0.0 1.0 1.0 1 0 0 0.0 1.0 0
cell 19.38651710653404 52.22425026242173 0.0 1.6431676725154984 0.6085806194501846 1 0 0 0.7843187027458468 -0.6203581002316904 4.479991044999449
cell 38.39760244847938 42.58319962198027 0.0 1.0 1.0 1 0 0 0.0 1.0 0
cell 5.0993213283158845 48.7909053395147 0.0 1.0 1.0 1 0 0 0.0 1.0 0
cell 47.44961339174974 51.68864020424927 0.0 1.0 1.0 1 0 0 0.0 1.0 0
cell 29.755077966017854 41.10975182837031 0.0 1.0 1.0 1 0 0 0.0 1.0 0
cell 11.907342382841332 38.067355896153835 0.0 1.0 1.0 1 0 0 0.0 1.0 0
cell 46.78612636415999 46.674811767284346 0.0 1.0 1.0 1 0 0 0.0 1.0 0
cell 48.75317277913805 23.136684351182673 0.0 1.0 1.0 1 0 0 0.0 1.0 0
cell 14.424122144809544 48.08969974684252 0.0 1.6431676725154984 0.6085806194501846 1 0 0 0.6733442606709609 0.7393290922325978 1.4774457915038306
cell 48.487132680553394 5.454622518147486 0.0 1.0 1.0 1 0 0 0.0 1.0 0
cell 52.105010165399904 4.8638794462441 0.0 1.6431676725154984 0.6085806194501846 1 0 0 0.5830810295293747 -0.812414003450805 5.038153326861124
cell 28.566941895082007 22.41544110935788 0.0 1.0 1.0 1 0 0 0.0 1.0 0
cell 2.771738218184287 60.1518413381856 0.0 1.6431676725154984 0.6085806194501846 1 0 0 0.6864460909768539 -0.7271806956889029 4.770004379507747
cell 57.42175157439068 23.201191547616116 0.0 1.0 1.0 1 0 0 0.0 1.0 0
cell 0.5161264846207053 33.74989350313871 0.0 1.0 1.0 1 0 0 0.0 1.0 0
cell 38.488719994235545 44.41541032344108 0.0 1.0 1.0 1 0 0 0.0 1.0 0
cell 4.335925004174361 45.495686338022054 0.0 1.0 1.0 1 0 0 0.0 1.0 0
cell 54.096760688081766 33.84079267483464 0.0 1.0 1.0 1 0 0 0.0 1.0 0
cell 59.145494400262784 54.48378818100476 0.0 1.6431676725154984 0.6085806194501846 1 0 0 0.9997570402609735 -0.022042242368193955 3.185680708924824
cell 33.65113556290843 13.390632305118318 0.0 1.0 1.0 1 0 0 0.0 1.0 0
cell 0.024168562264219595 42.74395834997123 0.0 1.0 1.0 1 0 0 0.0 1.0 0
cell 50.45599634363917 40.845494955456644 0.0 1.0 1.0 1 0 0 0.0 1.0 0
cell 13.111544543425468 32.657024402345975 0.0 1.0 1.0 1 0 0 0.0 1.0 0
cell 57.96555861521088 28.933645260440755 0.0 1.6431676725154984 0.6085806194501846 1 0 0 0.3524620982655841 0.9358260892314457 0.7204014803442701
cell 28.941881133059354 45.303322699710364 0.0 1.6431676725154984 0.6085806194501846 1 0 0 0.9970770384615827 0.07640274453630251 2.988638108706389
cell 21.590086297577777 20.916871270506398 0.0 1.6431676725154984 0.6085806194501846 1 0 0 0.5420521950958782 0.840344820768082 1.1457545566720833
cell 41.87727563394237 5.771071637504462 0.0 1.6431676725154984 0.6085806194501846 1 0 0 0.9395654132582407 -0.3423694411142316 3.8404678345870775
cell 28.46521977299208 18.529410793248726 0.0 1.6431676725154984 0.6085806194501846 1 0 0 0.9319983509094235 -0.3624625137888263 3.8834101080552985
cell 55.78008985053113 2.7674723086019553 0.0 1.6431676725154984 0.6085806194501846 1 0 0 0.6276726337530357 0.7784774016228907 1.3571199126373938
cell 24.495080662800635 9.941235225253951 0.0 1.0 1.0 1 0 0 0.0 1.0 0
cell 33.92785360999124 5.7254345313678705 0.0 1.0 1.0 1 0 0 0.0 1.0 0
cell 31.063139476099604 10.497292746843415 0.0 1.6431676725154984 0.6085806194501846 1 0 0 0.8555883160468322 0.5176568684410032 2.0533725450229103
cell 55.57535723178144 27.732488898159726 0.0 1.6431676725154984 0.6085806194501846 1 0 0 0.3096092548357642 0.9508638752839667 0.6295641358322317
cell 25.56573896859366 16.890150708164335 0.0 1.0 1.0 1 0 0 0.0 1.0 0
cell 11.000250189452592 41.20775992908294 0.0 1.6431676725154984 0.6085806194501846 1 0 0 0.23837567155374173 -0.9711730222835181 5.801799379170599
cell 44.6636764345801 59.96031749584908 0.0 1.0 1.0 1 0 0 0.0 1.0 0
cell 20.517724259080083 59.363927498361356 0.0 1.6431676725154984 0.6085806194501846 1 0 0 0.3881468742606228 -0.9215975282094176 5.485945379826598
cell 2.401407261619231 30.976513776748583 0.0 1.6431676725154984 0.6085806194501846 1 0 0 0.4865380453241676 0.8736593904103236 1.0162455395817966
cell 21.057140511657433 44.10360379803802 0.0 1.6431676725154984 0.6085806194501846 1 0 0 0.9806019146568017 0.1960099103908132 2.7470181883673654
cell 25.074783915087224 18.56132856350173 0.0 1.0 1.0 1 0 0 0.0 1.0 0
cell 45.7799658226073 0.49008736420541643 0.0 1.0 1.0 1 0 0 0.0 1.0 0
cell 33.14191438502473 31.3462480970527 0.0 1.0 1.0 1 0 0 0.0 1.0 0
cell 59.23350669967099 23.993580937643472 0.0 1.0 1.0 1 0 0 0.0 1.0 0
cell 40.84495041756522 15.796246427657543 0.0 1.0 1.0 1 0 0 0.0 1.0 0
cell 43.34098758816998 30.60282472094174 0.0 1.0 1.0 1 0 0 0.0 1.0 0
cell 1.233246878178474 5.786302732704878 0.0 1.6431676725154984 0.6085806194501846 1 0 0 0.9977445135026252 -0.0671258949691535 3.275945469045138
cell 5.7735698513128435 9.245793975941194 0.0 1.6431676725154984 0.6085806194501846 1 0 0 0.7741486440119747 -0.6330038522587527 4.51244722582253
cell 1.0684530141368098 37.70217638830568 0.0 1.6431676725154984 0.6085806194501846 1 0 0 0.8472701670419228 0.5311621824271304 2.0216493431985287
cell 57.07882676780218 44.99238206230681 0.0 1.0 1.0 1 0 0 0.0 1.0 0
cell 44.5431240776891 17.8401375764011 0.0 1.0 1.0 1 0 0 0.0 1.0 0
cell 53.19503997883118 30.244147308884816 0.0 1.0 1.0 1 0 0 0.0 1.0 0
cell 59.47885289311583 20.14044100075982 0.0 1.0 1.0 1 0 0 0.0 1.0 0
cell 33.06103338949041 22.446525457086903 0.0 1.0 1.0 1 0 0 0.0 1.0 0
cell 26.21587752238318 9.26462708333162 0.0 1.0 1.0 1 0 0 0.0 1.0 0
cell 28.83631912454502 13.953322789092223 0.0 1.6431676725154984 0.6085806194501846 1 0 0 0.8010020814873386 0.5986615616965489 1.8579344366316255
cell 50.70822760759902 52.146551954364234 0.0 1.0 1.0 1 0 0 0.0 1.0 0
cell 11.553999409252533 6.33221198601548 0.0 1.6431676725154984 0.6085806194501846 1 0 0 0.990039029578172 0.14079318134025998 2.859067591890782
cell 44.176755383045304 5.202966530489313 0.0 1.0 1.0 1 0 0 0.0 1.0 0
cell 50.331504824958 38.98631865999741 0.0 1.0 1.0 1 0 0 0.0 1.0 0
cell 36.85981311562086 28.702520773653973 0.0 1.0 1.0 1 0 0 0.0 1.0 0
cell 37.359673006899975 20.291126390123292 0.0 1.6431676725154984 0.6085806194501846 1 0 0 0.26113008800631377 0.9653036191467506 0.5283854503377601
cell 32.44974968849821 38.18964904625571 0.0 1.0 1.0 1 0 0 0.0 1.0 0
cell 36.39141459007076 21.052907655468502 0.0 1.6431676725154984 0.6085806194501846 1 0 0 -0.23255151849276318 -0.9725840792685793 0.46940061229933683
cell 60.35948208883318 49.84713284063764 0.0 1.0 1.0 1 0 0 0.0 1.0 0
cell 27.184158135289966 27.968035626173368 0.0 1.6431676725154984 0.6085806194501846 1 0 0 0.8896445417827771 -0.4566536863708785 4.0900529460613875
cell 37.738536650134485 26.923324643142685 0.0 1.0 1.0 1 0 0 0.0 1.0 0
cell 36.32688514396467 60.308014093911176 0.0 1.0 1.0 1 0 0 0.0 1.0 0
cell 15.419111719377318 19.72458592211137 0.0 1.0 1.0 1 0 0 0.0 1.0 0
cell 7.08615432577288 39.049207158845675 0.0 1.0 1.0 1 0 0 0.0 1.0 0
cell 34.054710508494864 3.592761528665772 0.0 1.6431676725154984 0.6085806194501846 1 0 0 0.9325507454364901 -0.3610389275214609 3.8803561021435504
cell 37.450644151312666 49.150923401157144 0.0 1.0 1.0 1 0 0 0.0 1.0 0
cell 14.320479719004304 57.13278969060044 0.0 1.6431676725154984 0.6085806194501846 1 0 0 0.1562857895718302 0.9877118770055919 0.31385821149294196
cell 58.700753857964045 33.56081297941466 0.0 1.0 1.0 1 0 0 0.0 1.0 0
cell 50.297956859892885 46.69936030705802 0.0 1.0 1.0 1 0 0 0.0 1.0 0
cell 20.833447198692802 53.187206415265344 0.0 1.6431676725154984 0.6085806194501846 1 0 0 0.6061631209057046 0.7953403490668987 1.3024549459011145
cell 26.14812404306549 11.057151657448935 0.0 1.0 1.0 1 0 0 0.0 1.0 0
cell 49.75932177195805 57.137378569615784 0.0 1.6431676725154984 0.6085806194501846 1 0 0 0.9660191273016168 -0.25847058959855146 3.6644699686733024
cell 55.37496510051587 32.516164877028544 0.0 1.0 1.0 1 0 0 0.0 1.0 0
cell 33.72239380603078 47.53361828363541 0.0 1.0 1.0 1 0 0 0.0 1.0 0
cell 52.93581072145996 26.082302395026325 0.0 1.6431676725154984 0.6085806194501846 1 0 0 0.3859551427067823 0.9225175487860311 0.7924859278890339
cell 40.39753530272471 37.819448859744305 0.0 1.6431676725154984 0.6085806194501846 1 0 0 0.5818131101176588 0.8133225097679376 1.2419123624853496
cell 26.491143020503365 36.89234839134914 0.0 1.6431676725154984 0.6085806194501846 1 0 0 0.5078970509983606 -0.8614177764518032 5.217701780325297
cell 9.040866334668856 39.153550118567146 0.0 1.0 1.0 1 0 0 0.0 1.0 0
cell 40.44274286847219 59.28069024134186 0.0 1.0 1.0 1 0 0 0.0 1.0 0
cell 41.21117564591324 48.50455284705809 0.0 1.0 1.0 1 0 0 0.0 1.0 0
cell 24.213795040585843 46.4238360217933 0.0 1.6431676725154984 0.6085806194501846 1 0 0 0.9930886906630405 -0.11736631747297795 3.376867557899377
cell 46.92909407241602 23.92339637128276 0.0 1.0 1.0 1 0 0 0.0 1.0 0
cell 50.75057860381792 13.2749163628122 0.0 1.0 1.0 1 0 0 0.0 1.0 0
cell 45.28543785476966 38.099996749836485 0.0 1.0 1.0 1 0 0 0.0 1.0 0
cell 43.701305512883245 0.255283159882876 0.0 1.0 1.0 1 0 0 0.0 1.0 0
cell 40.213611625239515 33.536710646830315 0.0 1.0 1.0 1 0 0 0.0 1.0 0
cell 52.79401641599904 35.00542550576474 0.0 1.0 1.0 1 0 0 0.0 1.0 0
cell 25.052373246660586 40.38220643564027 0.0 1.6431676725154984 0.6085806194501846 1 0 0 0.10288185197654222 -0.9946935832375098 6.077056872955377
cell 14.333009117303622 24.103428465774527 0.0 1.0 1.0 1 0 0 0.0 1.0 0
cell 24.80373660018889 60.05205289084486 0.0 1.0 1.0 1 0 0 0.0 1.0 0
cell 42.53956736666453 1.6716334689140067 0.0 1.0 1.0 1 0 0 0.0 1.0 0
cell 46.46979744890187 5.690933669947766 0.0 1.0 1.0 1 0 0 0.0 1.0 0
cell 22.0688195541253 1.670477212360525 0.0 1.0 1.0 1 0 0 0.0 1.0 0
cell 19.65345074256327 28.92669366997042 0.0 1.0 1.0 1 0 0 0.0 1.0 0
cell 53.28587711145182 2.3538536204362486 0.0 1.6431676725154984 0.6085806194501846 1 0 0 0.6909522331206396 -0.7229004160640672 4.757574377895713
cell 34.86279602776476 24.03990065449987 0.0 1.6431676725154984 0.6085806194501846 1 0 0 0.2708709879748214 -0.9626156594786645 5.734589846623028
cell 30.004236495309314 50.3616364622817 0.0 1.0 1.0 1 0 0 0.0 1.0 0
cell 29.680445966337434 3.357886728047385 0.0 1.6431676725154984 0.6085806194501846 1 0 0 0.5934433808171536 0.8048757380889964 1.2706605593529734
cell 12.036210806672477 54.066918729349695 0.0 1.6431676725154984 0.6085806194501846 1 0 0 0.7028565465906609 0.7113316209157653 1.5588106900005712
cell 59.710464035836 51.73540173514156 0.0 1.0 1.0 1 0 0 0.0 1.0 0
cell 57.28989673207784 34.895195608575264 0.0 1.0 1.0 1 0 0 0.0 1.0 0
cell 27.661252995208233 34.40855661611132 0.0 1.6431676725154984 0.6085806194501846 1 0 0 -0.768153862724306 0.640265291251781 4.531279809721826
cell 59.55538279220292 15.174106921181393 0.0 1.0 1.0 1 0 0 0.0 1.0 0
cell 44.11419296912541 34.398518881631276 0.0 1.0 1.0 1 0 0 0.0 1.0 0
cell 4.821098509018507 21.487527423189974 0.0 1.0 1.0 1 0 0 0.0 1.0 0
cell 28.689300209660317 4.428442810053608 0.0 1.6431676725154984 0.6085806194501846 1 0 0 0.3980749320918519 0.9173529028896499 0.81883477016876
cell 31.693303251257248 6.129679832227412 0.0 1.6431676725154984 0.6085806194501846 1 0 0 0.811719822238973 0.5840470273739351 1.8941815645664442
cell 24.750851633683958 3.460434444521391 0.0 1.6431676725154984 0.6085806194501846 1 0 0 -0.500825596452899 0.8655482204577616 5.234080597364308
cell 54.57287070560774 35.76175588532805 0.0 1.0 1.0 1 0 0 0.0 1.0 0
cell 48.19672448531323 57.144029597621824 0.0 1.6431676725154984 0.6085806194501846 1 0 0 0.9240550786471645 -0.3822593512608717 3.926072860054756
cell 26.35617761375192 13.384590033663644 0.0 1.0 1.0 1 0 0 0.0 1.0 0
cell 43.601763735170614 46.32169198289485 0.0 1.0 1.0 1 0 0 0.0 1.0 0
cell 30.610958395726623 8.726642405691704 0.0 1.6431676725154984 0.6085806194501846 1 0 0 0.7716238920256002 0.6360790589661515 1.7627803706883443
cell 23.136976505698666 30.250203893633703 0.0 1.0 1.0 1 0 0 0.0 1.0 0
cell 21.29005612215593 6.26849388901459 0.0 1.6431676725154984 0.6085806194501846 1 0 0 0.5607925085496847 0.8279563770842954 1.1906853528476098
cell 16.315273654823073 34.686244343442375 0.0 1.0 1.0 1 0 0 0.0 1.0 0
cell 30.568199872771995 37.442190121200575 0.0 1.0 1.0 1 0 0 0.0 1.0 0
cell 14.282760481472325 16.8056613137921 0.0 1.6431676725154984 0.6085806194501846 1 0 0 -0.3082813053749467 -0.9512952416344355 0.6267716265552385
cell 13.276966608660178 44.406549381722094 0.0 1.6431676725154984 0.6085806194501846 1 0 0 0.7168774929589639 0.6971991538211093 1.5986265990138993
cell 15.377698352887784 54.30638977279637 0.0 1.6431676725154984 0.6085806194501846 1 0 0 0.29697586181816726 -0.9548849865284075 5.68013716874409
cell 40.82822389249048 35.39950085148243 0.0 1.0 1.0 1 0 0 0.0 1.0 0
cell 57.80073748080739 19.839712291401653 0.0 1.0 1.0 1 0 0 0.0 1.0 0
cell 21.643708001034618 10.429996750457235 0.0 1.6431676725154984 0.6085806194501846 1 0 0 0.9263637746840528 0.3766300000705113 2.3692812246181365
cell 3.344990161523956 24.49921217905565 0.0 1.0 1.0 1 0 0 0.0 1.0 0
cell 54.078176357410214 13.325542470404585 0.0 1.0 1.0 1 0 0 0.0 1.0 0
cell 49.524357755556466 26.745538700333878 0.0 1.0 1.0 1 0 0 0.0 1.0 0
cell 41.79899347641985 29.974750092294173 0.0 1.0 1.0 1 0 0 0.0 1.0 0
cell 15.809125419927284 46.86094947450783 0.0 1.6431676725154984 0.6085806194501846 1 0 0 0.8120424888266261 0.5835983176297366 1.8952869227330158
cell 47.94816814423601 11.928187595248517 0.0 1.6431676725154984 0.6085806194501846 1 0 0 0.9065321961614995 -0.42213668085420936 4.013194679733413
cell 28.66314375191148 47.07792749171819 0.0 1.6431676725154984 0.6085806194501846 1 0 0 0.999945248966643 0.010464180285063934 3.120663911061511
cell 16.80867351420183 12.07561952708836 0.0 1.6431676725154984 0.6085806194501846 1 0 0 -0.7318390056590725 -0.6814775636775874 1.6420332228413939
cell 32.973272553560385 40.108734050437434 0.0 1.0 1.0 1 0 0 0.0 1.0 0
cell 9.516664177709616 45.16027365358181 0.0 1.6431676725154984 0.6085806194501846 1 0 0 0.9065815180574843 0.42203074664837786 2.2702243341461563
cell 27.4710300262136 42.557317765122974 0.0 1.6431676725154984 0.6085806194501846 1 0 0 0.8731921089799561 -0.487376179983323 4.159757382284422
cell 36.56092242294655 4.726684101572081 0.0 1.0 1.0 1 0 0 0.0 1.0 0
cell 5.2534561509255155 26.94038988848696 0.0 1.0 1.0 1 0 0 0.0 1.0 0
cell 56.965477439375775 40.07611680307313 0.0 1.0 1.0 1 0 0 0.0 1.0 0
cell 33.122639728694075 11.431633533307757 0.0 1.0 1.0 1 0 0 0.0 1.0 0
cell 16.357975451693697 50.753909886886966 0.0 1.6431676725154984 0.6085806194501846 1 0 0 0.9822892289260906 -0.1873709442143749 3.5185626572989843
cell 59.95545475404295 6.0844806243111185 0.0 1.6431676725154984 0.6085806194501846 1 0 0 0.5860742766769892 -0.8102573308631918 5.030774768580637
cell 0.6117418974410403 35.7946085528361 0.0 1.0 1.0 1 0 0 0.0 1.0 0
cell 25.739400541197657 42.81347103510722 0.0 1.6431676725154984 0.6085806194501846 1 0 0 0.8540440248578992 -0.520200733952308 4.23576460004146
cell 23.227001684491096 58.00328707843302 0.0 1.0 1.0 1 0 0 0.0 1.0 0
cell 31.909864345164195 60.54515220441143 0.0 1.6431676725154984 0.6085806194501846 1 0 0 0.855312940846829 -0.5181117381607454 4.2308762243692195
cell 40.31367036372375 42.09286998068031 0.0 1.6431676725154984 0.6085806194501846 1 0 0 0.5886184754374499 0.8084109662626381 1.2586976739430504
cell 49.315318801458695 19.255823299554013 0.0 1.0 1.0 1 0 0 0.0 1.0 0
cell 49.05998448526845 17.613406282587516 0.0 1.6431676725154984 0.6085806194501846 1 0 0 0.9987542843075378 0.04989869314258742 3.0417538069213554
cell 56.98829822778417 29.72839548714356 0.0 1.6431676725154984 0.6085806194501846 1 0 0 0.2894970846253891 0.9571788955014628 0.5874027635613013
cell 60.242252669008934 16.987562316696007 0.0 1.0 1.0 1 0 0 0.0 1.0 0
cell 54.022956528057875 44.29438663115685 0.0 1.0 1.0 1 0 0 0.0 1.0 0
cell 26.43114500387695 33.17266462850964 0.0 1.6431676725154984 0.6085806194501846 1 0 0 0.7484860410451533 -0.6631505457741501 4.591633009655161
cell 24.438212002260045 35.68380922624863 0.0 1.0 1.0 1 0 0 0.0 1.0 0
cell 40.47588382552452 28.624069990479267 0.0 1.0 1.0 1 0 0 0.0 1.0 0
cell 7.191549885713435 42.707565001128465 0.0 1.0 1.0 1 0 0 0.0 1.0 0
cell 56.95125788260321 18.02841753630003 0.0 1.0 1.0 1 0 0 0.0 1.0 0
cell 53.64640093166578 38.80377657305149 0.0 1.0 1.0 1 0 0 0.0 1.0 0
cell 14.887239368995179 41.41876716805282 0.0 1.6431676725154984 0.6085806194501846 1 0 0 0.9809128008378821 0.1944481348647536 2.7502030234006063
cell 4.993750902386627 6.043120009888427 0.0 1.6431676725154984 0.6085806194501846 1 0 0 0.7726048442142693 -0.6348871984034996 4.517317672802858
cell 38.4590514654727 25.229245029834495 0.0 1.0 1.0 1 0 0 0.0 1.0 0
cell 50.658988550998075 4.692490075377904 0.0 1.6431676725154984 0.6085806194501846 1 0 0 0.40164252047937593 -0.9157965307550439 5.456565936763918
cell 56.79108253571613 5.682290058018807 0.0 1.6431676725154984 0.6085806194501846 1 0 0 0.6607633550250106 0.7505942903167409 1.4436706140806477
cell 48.22574576181045 16.14043715829838 0.0 1.6431676725154984 0.6085806194501846 1 0 0 0.8953772610845453 0.44530838789847427 2.2185553462882237
cell 60.89642515163485 37.57653399006243 0.0 1.0 1.0 1 0 0 0.0 1.0 0
cell 53.9762185864817 40.64624086343587 0.0 1.0 1.0 1 0 0 0.0 1.0 0
cell 41.52786868146105 55.841449535117 0.0 1.0 1.0 1 0 0 0.0 1.0 0
cell 39.770031959550806 55.32073584095373 0.0 1.0 1.0 1 0 0 0.0 1.0 0
cell 23.364496586398264 37.392470554840685 0.0 1.0 1.0 1 0 0 0.0 1.0 0
cell 14.901211240009845 35.541290620547 0.0 1.0 1.0 1 0 0 0.0 1.0 0
cell 0.9965715814553434 17.53170879129536 0.0 1.0 1.0 1 0 0 0.0 1.0 0
cell 47.144698468670946 13.039262535191222 0.0 1.6431676725154984 0.6085806194501846 1 0 0 0.8371102901633133 -0.547034150764551 4.299226970234817
cell 8.16976180395813 37.37803874392603 0.0 1.0 1.0 1 0 0 0.0 1.0 0
cell 59.06110121528967 22.032341606928032 0.0 1.0 1.0 1 0 0 0.0 1.0 0
cell 12.791478263188585 36.69297700912224 0.0 1.0 1.0 1 0 0 0.0 1.0 0
cell 46.496800634885126 17.921256135483834 0.0 1.0 1.0 1 0 0 0.0 1.0 0
cell 48.35867073673541 54.21113201152264 0.0 1.0 1.0 1 0 0 0.0 1.0 0
cell 48.608831099393946 25.003823449298874 0.0 1.0 1.0 1 0 0 0.0 1.0 0
cell 15.257857339505888 53.02328587408327 0.0 1.6431676725154984 0.6085806194501846 1 0 0 0.07665466441339593 -0.9970577026550016 6.129725440623461
cell 17.44805757589496 49.970499433378144 0.0 1.6431676725154984 0.6085806194501846 1 0 0 -0.22873998588629657 -0.9734875545464035 0.46156631130746195
cell 22.42541198029227 18.87378616009858 0.0 1.6431676725154984 0.6085806194501846 1 0 0 0.698648649207287 0.715464929231918 1.5470139550469397
cell 0.9351482353322108 30.818339123303495 0.0 1.0 1.0 1 0 0 0.0 1.0 0
cell 40.169530362611525 57.32406534407449 0.0 1.0 1.0 1 0 0 0.0 1.0 0
cell 34.03198774563666 26.462071646928454 0.0 1.0 1.0 1 0 0 0.0 1.0 0
cell 32.318817618779434 15.065221729296377 0.0 1.0 1.0 1 0 0 0.0 1.0 0
cell 27.721916696953866 58.00076678526961 0.0 1.0 1.0 1 0 0 0.0 1.0 0
cell 54.34839114683348 25.62443249527934 0.0 1.0 1.0 1 0 0 0.0 1.0 0
cell 28.338196358963344 2.7299865805851526 0.0 1.6431676725154984 0.6085806194501846 1 0 0 0.4605315961728608 0.887643311768008 0.957187980876754
cell 45.557523120192606 16.580154028209748 0.0 1.6431676725154984 0.6085806194501846 1 0 0 0.9981474723258937 0.060840968840323695 3.0198355204665424
cell 9.300834738501559 8.43688488764054 0.0 1.6431676725154984 0.6085806194501846 1 0 0 0.45394927583892386 0.8910275276136628 0.9423852638369982
cell 34.388751251949635 59.820937996297864 0.0 1.0 1.0 1 0 0 0.0 1.0 0
cell 3.6822762231307298 28.06586810428201 0.0 1.0 1.0 1 0 0 0.0 1.0 0
cell 27.602409981701815 60.22945193641928 0.0 1.6431676725154984 0.6085806194501846 1 0 0 0.48902892995795805 0.8722675654087881 1.0219522684583686
cell 39.84003116790817 6.202631879084589 0.0 1.6431676725154984 0.6085806194501846 1 0 0 0.9661646458241477 -0.25792610794469634 3.66334278471282
cell 6.641402952836012 34.04584981112377 0.0 1.0 1.0 1 0 0 0.0 1.0 0
cell 12.73760894425009 21.951169906799016 0.0 1.0 1.0 1 0 0 0.0 1.0 0
cell 10.228757149052406 28.520458972513065 0.0 1.0 1.0 1 0 0 0.0 1.0 0
cell 31.16878838525876 57.13182184878124 0.0 1.6431676725154984 0.6085806194501846 1 0 0 0.9209960121554186 -0.3895720030929019 3.941926325747346
cell 10.389682323146019 16.642477316352224 0.0 1.6431676725154984 0.6085806194501846 1 0 0 0.9153620263955831 -0.40263179287404993 3.9703729997321493
cell 57.82772957659692 60.76850984204929 0.0 1.6431676725154984 0.6085806194501846 1 0 0 0.805933823385167 0.5920056353817643 1.8745023364007003
cell 36.94742381513486 32.08819077785667 0.0 1.0 1.0 1 0 0 0.0 1.0 0
cell 3.6538160204534686 47.44924903825322 0.0 1.0 1.0 1 0 0 0.0 1.0 0
cell 21.438533103074334 36.68283031765843 0.0 1.0 1.0 1 0 0 0.0 1.0 0
cell 19.204681655164112 34.39329511097862 0.0 1.0 1.0 1 0 0 0.0 1.0 0
cell 49.83156286587332 0.649619910620472 0.0 1.0 1.0 1 0 0 0.0 1.0 0
cell 18.58648735506258 16.637410679508974 0.0 1.0 1.0 1 0 0 0.0 1.0 0
cell 43.943757366221014 39.571142878404466 0.0 1.0 1.0 1 0 0 0.0 1.0 0
cell 8.950711643319098 54.90499646628158 0.0 1.6431676725154984 0.6085806194501846 1 0 0 0.7977384855499533 0.6030035726863208 1.8470708846491135
cell 13.309314920120523 28.643056886715005 0.0 1.0 1.0 1 0 0 0.0 1.0 0
cell 48.94961828836254 49.277074245330354 0.0 1.6431676725154984 0.6085806194501846 1 0 0 0.29625904562614125 0.9551076263357381 0.6015469469574898
cell 13.388457993000982 12.011205316147995 0.0 1.6431676725154984 0.6085806194501846 1 0 0 -0.44873026149775297 -0.8936672492690768 0.9306880267927333
cell 35.413132443328244 46.56557877378079 0.0 1.0 1.0 1 0 0 0.0 1.0 0
cell 37.831709289571066 37.75091539378654 0.0 1.0 1.0 1 0 0 0.0 1.0 0
cell 37.507077040788054 52.697552444707306 0.0 1.0 1.0 1 0 0 0.0 1.0 0
cell 27.87703089566143 6.712549664028484 0.0 1.6431676725154984 0.6085806194501846 1 0 0 0.4316034167193592 0.9020634626655573 0.892539042914805
cell 56.85748116782512 54.12570254797948 0.0 1.0 1.0 1 0 0 0.0 1.0 0
cell 38.141092133092286 39.46453807606416 0.0 1.0 1.0 1 0 0 0.0 1.0 0
cell 25.61301645679253 36.36322097438419 0.0 1.6431676725154984 0.6085806194501846 1 0 0 0.474593622600761 -0.8802050291759792 5.294180728600641
cell 41.449749933727404 43.46370939994231 0.0 1.6431676725154984 0.6085806194501846 1 0 0 0.7562605213499851 0.6542706044500614 1.7151571715046188
cell 13.997817259397996 4.2747747410554755 0.0 1.6431676725154984 0.6085806194501846 1 0 0 0.3470498982252835 0.9378466655812241 0.7088473069192028
cell 40.05720486775285 1.2246107612658816 0.0 1.0 1.0 1 0 0 0.0 1.0 0
cell 43.19605879169353 56.279543240943894 0.0 1.0 1.0 1 0 0 0.0 1.0 0
cell 30.77642926414396 27.52129153534127 0.0 1.0 1.0 1 0 0 0.0 1.0 0
cell 47.291466570624586 40.78831956676143 0.0 1.0 1.0 1 0 0 0.0 1.0 0
cell 39.81200260661606 9.912502655649858 0.0 1.0 1.0 1 0 0 0.0 1.0 0
cell 9.783868804994281 21.88092354342465 0.0 1.0 1.0 1 0 0 0.0 1.0 0
cell 26.167845262202146 49.963864962138516 0.0 1.6431676725154984 0.6085806194501846 1 0 0 0.3230174408902745 0.9463930118511538 0.6578322379123311
cell 13.79276298880912 2.5954920533044525 0.0 1.6431676725154984 0.6085806194501846 1 0 0 -0.9867645215585795 0.16215973295879504 3.467350578976915
cell 49.836154085703704 55.59949304223625 0.0 1.0 1.0 1 0 0 0.0 1.0 0
cell 29.39828986266594 0.7255433549225476 0.0 1.6431676725154984 0.6085806194501846 1 0 0 0.5593714365127873 0.8289171225240921 1.1872546221641216
cell 10.828956330294716 39.474815744718825 0.0 1.0 1.0 1 0 0 0.0 1.0 0
cell 17.753002500788547 33.7581786162336 0.0 1.0 1.0 1 0 0 0.0 1.0 0
cell 13.56800993416005 13.822198845499875 0.0 1.6431676725154984 0.6085806194501846 1 0 0 0.3948470163228189 0.918746882280951 0.8118026633744742
cell 20.871843987170585 34.7780649382633 0.0 1.0 1.0 1 0 0 0.0 1.0 0
cell 34.93741652390428 11.892889213171319 0.0 1.0 1.0 1 0 0 0.0 1.0 0
cell 1.5539629048048458 39.20796613709865 0.0 1.0 1.0 1 0 0 0.0 1.0 0
cell 47.122112458476074 19.325537616063357 0.0 1.6431676725154984 0.6085806194501846 1 0 0 0.3156004247757154 -0.9488921813785737 5.6410066042143026
cell 44.95442690104714 47.43471334415968 0.0 1.0 1.0 1 0 0 0.0 1.0 0
cell 24.483901857064108 15.642788094853168 0.0 1.0 1.0 1 0 0 0.0 1.0 0
cell 51.91993278067416 7.7989402901137455 0.0 1.6431676725154984 0.6085806194501846 1 0 0 0.6468651313581891 -0.762604420281546 4.876252321224377
cell 56.75055234461647 31.185841910968808 0.0 1.0 1.0 1 0 0 0.0 1.0 0
cell 22.682231277356053 35.324879405891195 0.0 1.0 1.0 1 0 0 0.0 1.0 0
cell 14.480787778971754 11.407738918380636 0.0 1.6431676725154984 0.6085806194501846 1 0 0 0.6275245572110882 0.7785967698989174 1.3567395157514668
cell 15.483541650766874 16.481920595094195 0.0 1.6431676725154984 0.6085806194501846 1 0 0 0.44888282226318704 0.8935906287988007 0.9310294677609016
cell 18.113577414546473 12.755173466618032 0.0 1.0 1.0 1 0 0 0.0 1.0 0
cell 44.79082860104135 29.212128480329206 0.0 1.0 1.0 1 0 0 0.0 1.0 0
cell 16.78463251139792 18.70768466442695 0.0 1.6431676725154984 0.6085806194501846 1 0 0 0.24050856041034557 0.9706470173906389 0.485779513316106
cell 48.78498606082221 39.746095816545456 0.0 1.0 1.0 1 0 0 0.0 1.0 0
cell 45.50375667184013 33.08849938468669 0.0 1.0 1.0 1 0 0 0.0 1.0 0
cell 30.536997420475497 5.214284753557565 0.0 1.0 1.0 1 0 0 0.0 1.0 0
cell 27.92740815344596 0.9535796135639496 0.0 1.6431676725154984 0.6085806194501846 1 0 0 0.36086640079172705 0.9326175211626815 0.7383934514176674
cell 15.971302087017873 51.88238913022573 0.0 1.6431676725154984 0.6085806194501846 1 0 0 -0.02596719223015756 -0.9996627956104408 0.05194022274860455
