1000
 Lattice="59.08179503018386 0.0 0.0 0.0 59.08179503018386 0.0 0.0 0.0 1.0"Properties=species:S:1:pos:R:3:aspherical_shape:R:3:orientation:R:4:Color:R:1
cell 21.328359375702863 26.747284179439294 0.0 1.0 1.0 1 0 0 0.0 1.0 0
cell 41.84025702226983 20.749114580062407 0.0 1.6431676725154984 0.6085806194501846 1 0 0 0.4233240221360756 0.9059783508906465 0.8742223499016375
cell 56.78457465647082 55.95106715283204 0.0 1.6431676725154984 0.6085806194501846 1 0 0 0.7085858182745967 0.705624643943308 1.5749840627547922
cell 11.680459223798747 49.11897496639837 0.0 1.0 1.0 1 0 0 0.0 1.0 0
cell 56.72383982038461 13.006801305708303 0.0 1.0 1.0 1 0 0 0.0 1.0 0
cell 19.47947882105773 55.29029779413912 0.0 1.0 1.0 1 0 0 0.0 1.0 0
cell 9.754599470942146 15.580158515659779 0.0 1.0 1.0 1 0 0 0.0 1.0 0
cell 48.59963658850279 2.607339566180343 0.0 1.6431676725154984 0.6085806194501846 1 0 0 0.7030489551497686 0.7111414533430171 1.5593517436385376
cell 54.52144653367889 18.95780916632915 0.0 1.0 1.0 1 0 0 0.0 1.0 0
cell 25.062287989774724 20.960428531555756 0.0 1.0 1.0 1 0 0 0.0 1.0 0
cell 43.33672038762416 52.875856228481815 0.0 1.6431676725154984 0.6085806194501846 1 0 0 0.8693473102949592 0.4942016330233238 2.107760174580447
cell 50.45472271126362 43.73670974956838 0.0 1.6431676725154984 0.6085806194501846 1 0 0 0.9163229441312192 0.4004400854793318 2.317598515521427
cell 1.5509168224934071 25.32702726306401 0.0 1.0 1.0 1 0 0 0.0 1.0 0
cell 50.11689278294992 9.78496332191172 0.0 1.0 1.0 1 0 0 0.0 1.0 0
cell 10.060592874396058 34.7463671663654 0.0 1.0 1.0 1 0 0 0.0 1.0 0
cell 19.89258017967536 21.604788148164204 0.0 1.0 1.0 1 0 0 0.0 1.0 0
cell 43.86220116921296 4.799408793310968 0.0 1.0 1.0 1 0 0 0.0 1.0 0
cell 26.569555870204326 53.57190603306195 0.0 1.0 1.0 1 0 0 0.0 1.0 0
cell 29.411965100639357 39.79069416970195 0.0 1.6431676725154984 0.6085806194501846 1 0 0 -0.033821763568517925 -0.9994278804941932 0.0676564301503495
cell 43.3781406374117 50.51071069127034 0.0 1.0 1.0 1 0 0 0.0 1.0 0
cell 56.24710516891832 11.408035223513416 0.0 1.0 1.0 1 0 0 0.0 1.0 0
cell 46.1846561821663 54.19211040555042 0.0 1.6431676725154984 0.6085806194501846 1 0 0 0.7924263456927849 0.6099676111499519 1.8295532190461954
cell 33.29389929266914 32.16739590154807 0.0 1.6431676725154984 0.6085806194501846 1 0 0 0.056683386588485936 0.9983922043389863 0.11342756914643945
cell 16.163276097626976 48.44114264421678 0.0 1.6431676725154984 0.6085806194501846 1 0 0 0.30714190593347607 0.9516637271744425 0.6243766210422727
cell 48.34118128270099 19.555234134938598 0.0 1.0 1.0 1 0 0 0.0 1.0 0
cell 40.01218256812718 25.40921321685701 0.0 1.0 1.0 1 0 0 0.0 1.0 0
cell 31.242392988305756 3.5967032173433497 0.0 1.0 1.0 1 0 0 0.0 1.0 0
cell 15.62953172725463 40.71000247511613 0.0 1.0 1.0 1 0 0 0.0 1.0 0
cell 32.16562702205296 13.783909662456544 0.0 1.0 1.0 1 0 0 0.0 1.0 0
cell 35.91428573748272 58.88129516397882 0.0 1.0 1.0 1 0 0 0.0 1.0 0
cell 26.56572706753066 17.78428546296588 0.0 1.0 1.0 1 0 0 0.0 1.0 0
cell 29.63911779114222 22.158181303658125 0.0 1.0 1.0 1 0 0 0.0 1.0 0
cell 9.20164296254132 9.970767517228019 0.0 1.0 1.0 1 0 0 0.0 1.0 0
cell 21.18205213940814 5.142239338163891 0.0 1.0 1.0 1 0 0 0.0 1.0 0
cell 33.11099035693495 30.420306274220327 0.0 1.0 1.0 1 0 0 0.0 1.0 0
cell 19.33486073554449 4.585704727649272 0.0 1.0 1.0 1 0 0 0.0 1.0 0
cell 0.5287000261196223 24.001708367762408 0.0 1.0 1.0 1 0 0 0.0 1.0 0
cell 47.99622655903085 0.44406777758541666 0.0 1.6431676725154984 0.6085806194501846 1 0 0 0.9063384022206473 0.4225526010571039 2.2690729222421324
cell 32.6618817811131 0.8481396250264749 0.0 1.0 1.0 1 0 0 0.0 1.0 0
cell 26.6009258665329 33.11896784676914 0.0 1.0 1.0 1 0 0 0.0 1.0 0
cell 43.605321223482534 46.337651551090374 0.0 1.6431676725154984 0.6085806194501846 1 0 0 0.28355753622682023 0.9589552250491029 0.5750037789357104
cell 10.469288093856315 44.04116648719581 0.0 1.0 1.0 1 0 0 0.0 1.0 0
cell 26.057214557816025 0.450887265820252 0.0 1.0 1.0 1 0 0 0.0 1.0 0
cell 45.86011628834382 17.210649999363177 0.0 1.0 1.0 1 0 0 0.0 1.0 0
cell 34.47396573418708 11.541540985252459 0.0 1.0 1.0 1 0 0 0.0 1.0 0
cell 46.44024417170795 51.470786211060805 0.0 1.6431676725154984 0.6085806194501846 1 0 0 0.5402289102730714 0.8415181070572217 1.1414182125423105
cell 52.88571765656789 49.63302163828385 0.0 1.6431676725154984 0.6085806194501846 1 0 0 0.16973232332955585 -0.985490202090894 5.942069217214594
cell 26.61147512619309 22.084666748193822 0.0 1.0 1.0 1 0 0 0.0 1.0 0
cell 44.5271041878947 22.905275373547127 0.0 1.6431676725154984 0.6085806194501846 1 0 0 0.6050263817796948 0.796205424090147 1.2995980027911243
cell 2.366636771632324 33.1431254636009 0.0 1.0 1.0 1 0 0 0.0 1.0 0
cell 7.316904387028866 47.03662583305619 0.0 1.6431676725154984 0.6085806194501846 1 0 0 0.886312231800431 -0.4630881425397752 4.104545253780177
cell 37.7891755733924 30.540143920567562 0.0 1.0 1.0 1 0 0 0.0 1.0 0
cell 2.34096562480083 16.84335215407574 0.0 1.0 1.0 1 0 0 0.0 1.0 0
cell 13.038631506515976 23.62304963184126 0.0 1.0 1.0 1 0 0 0.0 1.0 0
cell 50.93784643615961 11.641494720470602 0.0 1.0 1.0 1 0 0 0.0 1.0 0
cell 48.795237907670774 49.5359525369069 0.0 1.6431676725154984 0.6085806194501846 1 0 0 0.6181000213563228 0.7860994616454798 1.3326468600777581
cell 44.17093916477652 42.632102693816606 0.0 1.0 1.0 1 0 0 0.0 1.0 0
cell 27.789504144433845 58.77042371483886 0.0 1.0 1.0 1 0 0 0.0 1.0 0
cell 10.928206781814051 38.19957641638431 0.0 1.0 1.0 1 0 0 0.0 1.0 0
cell 35.29412748868919 1.667545411053485 0.0 1.0 1.0 1 0 0 0.0 1.0 0
cell 51.714510740105545 13.46597451584578 0.0 1.0 1.0 1 0 0 0.0 1.0 0
cell 43.15759130739214 57.188462754576776 0.0 1.0 1.0 1 0 0 0.0 1.0 0
cell 14.949056257572117 11.814726287585762 0.0 1.0 1.0 1 0 0 0.0 1.0 0
cell 44.112274745918306 11.375489450843009 0.0 1.6431676725154984 0.6085806194501846 1 0 0 0.8644486558901563 0.5027211168527757 2.088105231488126
cell 47.652041631085375 35.72581476185335 0.0 1.6431676725154984 0.6085806194501846 1 0 0 0.8048608059233678 0.5934636324901358 1.8708817712866295
cell 35.266333679883225 26.58912990998616 0.0 1.0 1.0 1 0 0 0.0 1.0 0
cell 5.953790266507548 50.47078631799744 0.0 1.6431676725154984 0.6085806194501846 1 0 0 0.9123847177837994 -0.4093337596077031 3.985040101109184
cell 33.326826649887956 24.086727866462507 0.0 1.0 1.0 1 0 0 0.0 1.0 0
cell 36.488413336138166 31.670490390967508 0.0 1.0 1.0 1 0 0 0.0 1.0 0
cell 46.02499354320031 34.02010353101869 0.0 1.6431676725154984 0.6085806194501846 1 0 0 0.6953360625220391 0.7186847432333228 1.5377748055834437
cell 18.75018334512818 42.565169582973404 0.0 1.0 1.0 1 0 0 0.0 1.0 0
cell 47.85042083944542 28.377070016276086 0.0 1.0 1.0 1 0 0 0.0 1.0 0
cell 47.575014451148974 54.5780432617173 0.0 1.6431676725154984 0.6085806194501846 1 0 0 0.8925353210435278 0.45097749465990716 2.2058722032324747
cell 40.946890196741926 43.06832430384244 0.0 1.6431676725154984 0.6085806194501846 1 0 0 0.2921446937781724 0.9563741307131105 0.5929371959538403
cell 4.934134820247695 10.254053503832855 0.0 1.6431676725154984 0.6085806194501846 1 0 0 0.6006559525638474 0.7995076151292226 1.2886426037175767
cell 38.89323640592931 9.133543703609533 0.0 1.0 1.0 1 0 0 0.0 1.0 0
cell 24.8716084569312 18.574157390154 0.0 1.0 1.0 1 0 0 0.0 1.0 0
cell 44.64205946848622 56.31349608936717 0.0 1.6431676725154984 0.6085806194501846 1 0 0 0.8484959537312424 0.5292018674397411 2.026273363197878
cell 18.593097152360105 10.450857750958784 0.0 1.0 1.0 1 0 0 0.0 1.0 0
cell 33.12504823042026 56.04915110594033 0.0 1.0 1.0 1 0 0 0.0 1.0 0
cell 3.4861251466254406 24.86534808412856 0.0 1.0 1.0 1 0 0 0.0 1.0 0
cell 35.878641452435325 12.960815718078358 0.0 1.0 1.0 1 0 0 0.0 1.0 0
cell 52.29567075047843 15.34410098620467 0.0 1.0 1.0 1 0 0 0.0 1.0 0
cell 52.77043437554656 5.810493616114392 0.0 1.0 1.0 1 0 0 0.0 1.0 0
cell 42.273353994525685 17.802156535177645 0.0 1.6431676725154984 0.6085806194501846 1 0 0 0.6400251096735438 0.7683539932787284 1.3890618900122595
cell 35.99430061356658 44.398840826854084 0.0 1.6431676725154984 0.6085806194501846 1 0 0 0.12108759684004741 -0.9926418255803561 6.0404143705929805
cell 58.741822944569144 15.296289977098114 0.0 1.0 1.0 1 0 0 0.0 1.0 0
cell 24.80653789290859 54.40111972413965 0.0 1.0 1.0 1 0 0 0.0 1.0 0
cell 27.327148602147524 38.973758733552266 0.0 1.6431676725154984 0.6085806194501846 1 0 0 0.952784731494277 0.30364659627826973 2.52455738266847
cell 22.84927659339129 57.2318097260099 0.0 1.0 1.0 1 0 0 0.0 1.0 0
cell 19.03330447296859 40.61074418064488 0.0 1.0 1.0 1 0 0 0.0 1.0 0
cell 20.77175565372446 57.861397990588905 0.0 1.6431676725154984 0.6085806194501846 1 0 0 0.8962253040377911 -0.4435991483336831 4.060813848814947
cell 26.316242606974658 6.166358366212251 0.0 1.0 1.0 1 0 0 0.0 1.0 0
cell 43.74484014492976 37.937914680391884 0.0 1.0 1.0 1 0 0 0.0 1.0 0
cell 52.92135711538388 22.44288375255685 0.0 1.0 1.0 1 0 0 0.0 1.0 0
cell 45.26699264747642 52.46625931904739 0.0 1.0 1.0 1 0 0 0.0 1.0 0
cell 38.50805319390544 4.347816039642592 0.0 1.0 1.0 1 0 0 0.0 1.0 0
cell 18.22264782966007 6.250733687751917 0.0 1.0 1.0 1 0 0 0.0 1.0 0
cell 52.25030294986259 34.872128846831565 0.0 1.0 1.0 1 0 0 0.0 1.0 0
cell 51.92342622952964 10.342007836659478 0.0 1.0 1.0 1 0 0 0.0 1.0 0
cell 20.18849854423286 32.0289429774435 0.0 1.0 1.0 1 0 0 0.0 1.0 0
cell 44.78174542316854 34.23602729002392 0.0 1.6431676725154984 0.6085806194501846 1 0 0 0.47602497022576834 0.8794317641076859 0.992258312110264
cell 47.73078879250353 49.86265712029144 0.0 1.6431676725154984 0.6085806194501846 1 0 0 0.49995578134311414 0.8660509319327566 1.0470954340878666
cell 46.920188546661294 14.341376088172932 0.0 1.0 1.0 1 0 0 0.0 1.0 0
cell 33.341002531557926 17.01300136100697 0.0 1.0 1.0 1 0 0 0.0 1.0 0
cell 53.766600625909504 24.247896347733164 0.0 1.0 1.0 1 0 0 0.0 1.0 0
cell 28.333975088585454 27.13642407159413 0.0 1.0 1.0 1 0 0 0.0 1.0 0
cell 6.605073924913023 30.39617800671397 0.0 1.0 1.0 1 0 0 0.0 1.0 0
cell 22.919990325814123 0.16819962874636069 0.0 1.6431676725154984 0.6085806194501846 1 0 0 0.9075244113935418 -0.41999933657662547 4.008481831678565
cell 45.71065808673984 42.4451365533165 0.0 1.6431676725154984 0.6085806194501846 1 0 0 0.6467070407110046 0.7627384895852674 1.4065184151840189
cell 41.737918987414716 22.01258452409001 0.0 1.6431676725154984 0.6085806194501846 1 0 0 0.4149697891468524 0.9098351906226846 0.8558191959373049
cell 50.29130673685408 49.55624858202846 0.0 1.0 1.0 1 0 0 0.0 1.0 0
cell 2.0612194187037263 37.13651588483564 0.0 1.0 1.0 1 0 0 0.0 1.0 0
cell 50.575553716833795 34.54335593467927 0.0 1.0 1.0 1 0 0 0.0 1.0 0
cell 24.99842482292114 47.4916770253294 0.0 1.6431676725154984 0.6085806194501846 1 0 0 0.6451425582106844 0.7640622223257564 1.4024196957098596
cell 57.61530006525555 21.401065013445415 0.0 1.0 1.0 1 0 0 0.0 1.0 0
cell 29.812358342323506 18.241164575594624 0.0 1.0 1.0 1 0 0 0.0 1.0 0
cell 4.619002790657817 26.018802241521982 0.0 1.0 1.0 1 0 0 0.0 1.0 0
cell 22.546517990713788 37.20298487038349 0.0 1.0 1.0 1 0 0 0.0 1.0 0
cell 19.474756632212266 38.92357969824423 0.0 1.0 1.0 1 0 0 0.0 1.0 0
cell 3.818684038950674 5.352755694541428 0.0 1.6431676725154984 0.6085806194501846 1 0 0 0.705090349936077 -0.7091174785795513 4.718084208026719
cell 37.937825190094216 35.82894131777556 0.0 1.6431676725154984 0.6085806194501846 1 0 0 0.9993677813518422 -0.0355533063989324 3.212714255153737
cell 25.97410838264067 43.429952057506924 0.0 1.6431676725154984 0.6085806194501846 1 0 0 0.06530739026616558 -0.9978651936893194 6.152477501453516
cell 50.05904245937555 2.150494129908451 0.0 1.0 1.0 1 0 0 0.0 1.0 0
cell 8.572354868970965 44.34523071829622 0.0 1.0 1.0 1 0 0 0.0 1.0 0
cell 47.041170024827665 56.51089867500878 0.0 1.6431676725154984 0.6085806194501846 1 0 0 0.9506781884432322 0.31017895160422215 2.5108301288030805
cell 29.916040880432874 6.814204562401657 0.0 1.0 1.0 1 0 0 0.0 1.0 0
cell 54.0597322516481 15.73054295413523 0.0 1.0 1.0 1 0 0 0.0 1.0 0
cell 4.189958957011265 53.32290719818598 0.0 1.6431676725154984 0.6085806194501846 1 0 0 0.7065537138807986 -0.7076594162457324 4.713952679824439
cell 15.682421513294184 7.810899083468023 0.0 1.0 1.0 1 0 0 0.0 1.0 0
cell 31.219538838739375 51.100478929284264 0.0 1.0 1.0 1 0 0 0.0 1.0 0
cell 40.80918744133679 29.262705811845574 0.0 1.0 1.0 1 0 0 0.0 1.0 0
cell 39.37910517485935 50.36276738297683 0.0 1.0 1.0 1 0 0 0.0 1.0 0
cell 23.063072193370118 27.7050689964626 0.0 1.0 1.0 1 0 0 0.0 1.0 0
cell 40.529890929873254 48.8101598086365 0.0 1.0 1.0 1 0 0 0.0 1.0 0
cell 38.205426750582326 10.841416136241248 0.0 1.0 1.0 1 0 0 0.0 1.0 0
cell 12.376940657369957 28.879697280995206 0.0 1.0 1.0 1 0 0 0.0 1.0 0
cell 33.648052440727646 27.824041829810348 0.0 1.0 1.0 1 0 0 0.0 1.0 0
cell 42.84612245477018 41.17573125976454 0.0 1.0 1.0 1 0 0 0.0 1.0 0
cell 39.7738832242128 46.979059361428725 0.0 1.0 1.0 1 0 0 0.0 1.0 0
cell 58.17344296021474 32.334090323092575 0.0 1.0 1.0 1 0 0 0.0 1.0 0
cell 30.38097226724106 31.376517435948166 0.0 1.6431676725154984 0.6085806194501846 1 0 0 -0.19752863913118224 -0.9802971165534372 0.3976724899805042
cell 7.672360107222101 49.20151385238799 0.0 1.6431676725154984 0.6085806194501846 1 0 0 0.4438854205992003 0.8960835526776904 0.9198600856976527
cell 48.15295246583764 6.0844179419887805 0.0 1.6431676725154984 0.6085806194501846 1 0 0 0.7653043130345597 0.6436686324893428 1.7430279533461739
cell 51.01910177197729 16.866623508231477 0.0 1.0 1.0 1 0 0 0.0 1.0 0
cell 18.40458027714876 31.213347895555824 0.0 1.0 1.0 1 0 0 0.0 1.0 0
cell 35.71170175530281 33.171512245376256 0.0 1.0 1.0 1 0 0 0.0 1.0 0
cell 52.01073036683958 20.62634216534507 0.0 1.0 1.0 1 0 0 0.0 1.0 0
cell 57.134886857515184 29.071895035487522 0.0 1.0 1.0 1 0 0 0.0 1.0 0
cell 27.985689033691628 49.54337683295457 0.0 1.0 1.0 1 0 0 0.0 1.0 0
cell 37.425453198360074 14.311158789993142 0.0 1.0 1.0 1 0 0 0.0 1.0 0
cell 45.539973345530996 38.208393763905136 0.0 1.0 1.0 1 0 0 0.0 1.0 0
cell 14.74115688287698 22.565116673461 0.0 1.0 1.0 1 0 0 0.0 1.0 0
cell 18.56521290690883 33.206709762281235 0.0 1.0 1.0 1 0 0 0.0 1.0 0
cell 16.479430803457827 19.527475611806846 0.0 1.0 1.0 1 0 0 0.0 1.0 0
cell 38.75681174362207 2.6961708314559294 0.0 1.0 1.0 1 0 0 0.0 1.0 0
cell 45.988247151649254 31.148438585379022 0.0 1.6431676725154984 0.6085806194501846 1 0 0 -0.6957219359624464 -0.7183112054121568 1.5388489169795028
cell 5.874797525689871 12.611336979932108 0.0 1.6431676725154984 0.6085806194501846 1 0 0 0.7820239026417706 0.6232484381825072 1.7958131575347087
cell 4.054514404277738 15.871854398042638 0.0 1.6431676725154984 0.6085806194501846 1 0 0 0.9770157753648844 0.21316701125679297 2.7119619837156477
cell 16.484203730716864 13.440441884146365 0.0 1.0 1.0 1 0 0 0.0 1.0 0
cell 12.51622975360444 4.234800574365104 0.0 1.6431676725154984 0.6085806194501846 1 0 0 0.9554183206660014 0.29525553768855495 2.5421467151988195
cell 29.628608924657634 20.18148654203409 0.0 1.0 1.0 1 0 0 0.0 1.0 0
cell 38.22845719980529 42.460008655901646 0.0 1.6431676725154984 0.6085806194501846 1 0 0 0.18063189432936655 0.9835507708049364 0.3632577514655359
cell 44.96319800948078 50.81987881053405 0.0 1.0 1.0 1 0 0 0.0 1.0 0
cell 28.718018506596266 42.58402915097865 0.0 1.6431676725154984 0.6085806194501846 1 0 0 0.43617870878384685 -0.8998600635674727 5.380489823848859
cell 51.20304079405311 22.174473333087953 0.0 1.0 1.0 1 0 0 0.0 1.0 0
cell 8.49813255620974 29.805592890533177 0.0 1.0 1.0 1 0 0 0.0 1.0 0
cell 1.5610787762690446 53.13477826966492 0.0 1.6431676725154984 0.6085806194501846 1 0 0 0.7007463874417698 -0.7134104712487118 4.730298938830066
cell 5.885708572543931 37.89614216085255 0.0 1.0 1.0 1 0 0 0.0 1.0 0
cell 56.66217175780738 25.880116607032182 0.0 1.0 1.0 1 0 0 0.0 1.0 0
cell 53.86518209788134 57.518506913302154 0.0 1.0 1.0 1 0 0 0.0 1.0 0
cell 21.6740495889203 47.500041775869875 0.0 1.0 1.0 1 0 0 0.0 1.0 0
cell 14.76281004530982 20.53612295976447 0.0 1.0 1.0 1 0 0 0.0 1.0 0
cell 55.22787581843963 29.227762934533843 0.0 1.0 1.0 1 0 0 0.0 1.0 0
cell 1.1736064205650667 49.67637674151178 0.0 1.6431676725154984 0.6085806194501846 1 0 0 0.6163333231823289 -0.7874853869977696 4.955029332822309
cell 52.93119832963734 9.062216045550125 0.0 1.0 1.0 1 0 0 0.0 1.0 0
cell 45.46774673537314 15.334029245310287 0.0 1.0 1.0 1 0 0 0.0 1.0 0
cell 16.459413035047177 23.57299677594882 0.0 1.0 1.0 1 0 0 0.0 1.0 0
cell 18.103321471607575 38.47647309931569 0.0 1.6431676725154984 0.6085806194501846 1 0 0 0.7161892183485578 0.6979061566724296 1.5966532008786087
cell 28.3574303775786 29.17807553175005 0.0 1.0 1.0 1 0 0 0.0 1.0 0
cell 25.59697567818381 34.831641490950666 0.0 1.0 1.0 1 0 0 0.0 1.0 0
cell 2.288409979127309 56.10961298991215 0.0 1.6431676725154984 0.6085806194501846 1 0 0 0.9214946751639523 -0.388390993258703 3.9393623840556287
cell 40.27870949722221 55.54665990787822 0.0 1.6431676725154984 0.6085806194501846 1 0 0 0.4599313189297068 0.8879544931287754 0.9558356989159864
cell 2.654415313351237 40.77560397836506 0.0 1.0 1.0 1 0 0 0.0 1.0 0
cell 8.10153163334949 24.641138072464003 0.0 1.0 1.0 1 0 0 0.0 1.0 0
cell 1.6986428525525923 43.70314825872038 0.0 1.6431676725154984 0.6085806194501846 1 0 0 0.9696589936063198 -0.24446152277685546 3.6355213080725806
cell 23.289025958726665 53.170631802128774 0.0 1.0 1.0 1 0 0 0.0 1.0 0
cell 20.138656233830773 6.787632375886591 0.0 1.0 1.0 1 0 0 0.0 1.0 0
cell 45.735797599648954 21.09982705910107 0.0 1.6431676725154984 0.6085806194501846 1 0 0 0.6782185112588144 0.7348602935156298 1.490671318353863
cell 27.978181192927096 7.378061974724507 0.0 1.0 1.0 1 0 0 0.0 1.0 0
cell 23.172372640095205 29.601584102379242 0.0 1.0 1.0 1 0 0 0.0 1.0 0
cell 20.127156570168637 11.766127156321001 0.0 1.0 1.0 1 0 0 0.0 1.0 0
cell 18.09665568510301 57.643039906792005 0.0 1.6431676725154984 0.6085806194501846 1 0 0 0.9790295591890212 0.20371824227140456 2.731284021556791
cell 55.63803500943185 24.36654211678786 0.0 1.0 1.0 1 0 0 0.0 1.0 0
cell 14.307023128514896 48.8852597354862 0.0 1.0 1.0 1 0 0 0.0 1.0 0
cell 2.259927862899831 20.428805426330488 0.0 1.0 1.0 1 0 0 0.0 1.0 0
cell 58.084521910648924 40.703779822632235 0.0 1.6431676725154984 0.6085806194501846 1 0 0 0.9913903563415496 -0.13093953319366622 3.4042258796503058
cell 13.100764984252077 21.551276006348875 0.0 1.0 1.0 1 0 0 0.0 1.0 0
cell 48.84215083456655 54.51772550720413 0.0 1.6431676725154984 0.6085806194501846 1 0 0 0.888049070475717 0.45974867963618443 2.1861683036071566
cell 42.643248339557346 3.1238737418344247 0.0 1.0 1.0 1 0 0 0.0 1.0 0
cell 11.038325986318176 27.34823753592503 0.0 1.0 1.0 1 0 0 0.0 1.0 0
cell 14.746671428716265 24.598127383672047 0.0 1.0 1.0 1 0 0 0.0 1.0 0
cell 54.2598793271904 45.27280255345153 0.0 1.6431676725154984 0.6085806194501846 1 0 0 0.9013710671585162 0.4330475716240857 2.2458504900245706
cell 0.7187247002188593 19.13013441642242 0.0 1.0 1.0 1 0 0 0.0 1.0 0
cell 19.89516308695667 23.620710702246825 0.0 1.0 1.0 1 0 0 0.0 1.0 0
cell 11.244062651217199 8.559080095083207 0.0 1.6431676725154984 0.6085806194501846 1 0 0 0.8854081559421879 0.4648143687441841 2.1747427665134778
cell 38.26432879095844 24.477975688181598 0.0 1.0 1.0 1 0 0 0.0 1.0 0
cell 49.52988935017479 47.29576170861929 0.0 1.6431676725154984 0.6085806194501846 1 0 0 0.8743777560012198 0.4852458550160644 2.1283040078597844
cell 53.34893697159227 2.219289459077068 0.0 1.0 1.0 1 0 0 0.0 1.0 0
cell 40.57178926962986 27.29495823722104 0.0 1.0 1.0 1 0 0 0.0 1.0 0
cell 0.5435825255434686 17.095414795450683 0.0 1.0 1.0 1 0 0 0.0 1.0 0
cell 5.820434486004301 27.194488689004967 0.0 1.0 1.0 1 0 0 0.0 1.0 0
cell 45.49029227027357 58.035748738517675 0.0 1.0 1.0 1 0 0 0.0 1.0 0
cell 52.98101911577737 47.21299655115976 0.0 1.6431676725154984 0.6085806194501846 1 0 0 0.9938410669343977 0.1108148621562021 2.919506804503417
cell 31.579461077099207 17.60688758623987 0.0 1.0 1.0 1 0 0 0.0 1.0 0
cell 16.48204172507815 25.548929664802202 0.0 1.0 1.0 1 0 0 0.0 1.0 0
cell 19.73895168042416 48.04348375500219 0.0 1.0 1.0 1 0 0 0.0 1.0 0
cell 14.728095493158749 50.682233529345545 0.0 1.0 1.0 1 0 0 0.0 1.0 0
cell 45.90741708683699 39.78191663855239 0.0 1.0 1.0 1 0 0 0.0 1.0 0
cell 1.9950726070950962 28.40953577565122 0.0 1.0 1.0 1 0 0 0.0 1.0 0
cell 5.26607697262983 34.47682504950686 0.0 1.0 1.0 1 0 0 0.0 1.0 0
cell 57.63963805044121 16.645235663182195 0.0 1.0 1.0 1 0 0 0.0 1.0 0
cell 53.52332139122573 29.465030773944388 0.0 1.6431676725154984 0.6085806194501846 1 0 0 0.865553899810767 -0.5008157810236941 4.190674683219796
cell 54.58971974077632 17.37140497602087 0.0 1.0 1.0 1 0 0 0.0 1.0 0
cell 6.574675279027138 52.952961613328256 0.0 1.6431676725154984 0.6085806194501846 1 0 0 0.8441999597677655 -0.5360283835097756 4.273043557477152
cell 35.61696011276167 21.66401425120556 0.0 1.0 1.0 1 0 0 0.0 1.0 0
cell 43.12041126678259 39.422140198338845 0.0 1.0 1.0 1 0 0 0.0 1.0 0
cell 39.37460552049965 58.2300228900755 0.0 1.0 1.0 1 0 0 0.0 1.0 0
cell 38.50553371207368 41.13032477681967 0.0 1.6431676725154984 0.6085806194501846 1 0 0 0.33672191932544043 0.9416041360602616 0.6868666837849857
cell 36.38735412347448 46.95844414570652 0.0 1.0 1.0 1 0 0 0.0 1.0 0
cell 57.41596190888874 42.55354994524722 0.0 1.6431676725154984 0.6085806194501846 1 0 0 0.9822710367257513 -0.18746629139586043 3.5187567916975624
cell 28.183382921936136 41.31749876644487 0.0 1.6431676725154984 0.6085806194501846 1 0 0 0.24509774949241656 -0.9694983719397122 5.787944275054765
cell 44.597907031515774 3.54525576082977 0.0 1.0 1.0 1 0 0 0.0 1.0 0
cell 13.6704036901105 1.1161665248433765 0.0 1.6431676725154984 0.6085806194501846 1 0 0 0.45016031776004123 -0.892947752286873 5.349295569988949
cell 21.254559804739216 56.219668831960504 0.0 1.0 1.0 1 0 0 0.0 1.0 0
cell 28.930085691694064 51.14157484591652 0.0 1.0 1.0 1 0 0 0.0 1.0 0
cell 57.880469321988535 8.116579236396793 0.0 1.0 1.0 1 0 0 0.0 1.0 0
cell 54.651340527941464 26.029150138356922 0.0 1.0 1.0 1 0 0 0.0 1.0 0
cell 34.80047481296766 3.298829003789698 0.0 1.0 1.0 1 0 0 0.0 1.0 0
cell 46.487283372906646 7.608701370902023 0.0 1.6431676725154984 0.6085806194501846 1 0 0 0.8707863414864996 0.4916616188808694 2.113598834929132
cell 22.212638459685326 18.657814338975633 0.0 1.0 1.0 1 0 0 0.0 1.0 0
cell 4.245958654182746 20.33383248853693 0.0 1.0 1.0 1 0 0 0.0 1.0 0
cell 45.54882922017718 23.34390700182733 0.0 1.6431676725154984 0.6085806194501846 1 0 0 0.6303049580737297 0.7763476410910732 1.363891920376933
cell 9.928059945967458 23.92638703612554 0.0 1.0 1.0 1 0 0 0.0 1.0 0
cell 18.19346519666785 16.52649859712416 0.0 1.0 1.0 1 0 0 0.0 1.0 0
cell 24.19861916500325 48.87492276666688 0.0 1.6431676725154984 0.6085806194501846 1 0 0 0.8347629571360262 -0.5506094853828045 4.307781037772466
cell 50.546193439640014 14.992351385251599 0.0 1.0 1.0 1 0 0 0.0 1.0 0
cell 39.38935658009702 34.573397549995285 0.0 1.0 1.0 1 0 0 0.0 1.0 0
cell 50.835336344772976 52.75970144763271 0.0 1.6431676725154984 0.6085806194501846 1 0 0 -0.8695316737011226 -0.4938771794996448 2.1085065255868134
cell 11.357362954194743 22.56589496953965 0.0 1.0 1.0 1 0 0 0.0 1.0 0
cell 37.19717734726948 27.12539700599513 0.0 1.0 1.0 1 0 0 0.0 1.0 0
cell 33.780182311533046 33.53122762317463 0.0 1.0 1.0 1 0 0 0.0 1.0 0
cell 42.73642799411833 36.41068284818346 0.0 1.0 1.0 1 0 0 0.0 1.0 0
cell 24.597935678584353 56.40875934343546 0.0 1.0 1.0 1 0 0 0.0 1.0 0
cell 41.88690564064911 56.45015289055403 0.0 1.0 1.0 1 0 0 0.0 1.0 0
cell 39.43964194353266 30.086057039566242 0.0 1.0 1.0 1 0 0 0.0 1.0 0
cell 22.40295324570559 34.70588058423759 0.0 1.0 1.0 1 0 0 0.0 1.0 0
cell 16.02370386508085 1.026014251860011 0.0 1.6431676725154984 0.6085806194501846 1 0 0 0.9524786118269633 -0.3046054727219801 3.760641034911029
cell 48.2753405930491 9.654682738262105 0.0 1.0 1.0 1 0 0 0.0 1.0 0
cell 37.549073512531024 39.04543745051763 0.0 1.0 1.0 1 0 0 0.0 1.0 0
cell 43.076296910445095 20.86307213390642 0.0 1.6431676725154984 0.6085806194501846 1 0 0 0.5297143265305243 0.8481761210198699 1.1165274415316102
cell 26.3691278163881 55.58680304319139 0.0 1.0 1.0 1 0 0 0.0 1.0 0
cell 1.541395960780476 35.306908155483605 0.0 1.6431676725154984 0.6085806194501846 1 0 0 0.9551760604445108 -0.29603833122368506 3.7426774400776073
cell 17.92871600712203 48.56109734039839 0.0 1.0 1.0 1 0 0 0.0 1.0 0
cell 19.551534249200383 8.731236789554039 0.0 1.0 1.0 1 0 0 0.0 1.0 0
cell 58.02888713797516 11.475848687657809 0.0 1.0 1.0 1 0 0 0.0 1.0 0
cell 6.639427833511308 17.945134501992648 0.0 1.0 1.0 1 0 0 0.0 1.0 0
cell 31.298359584144325 56.822623194880094 0.0 1.0 1.0 1 0 0 0.0 1.0 0
cell 41.723145567322064 6.522697683738459 0.0 1.0 1.0 1 0 0 0.0 1.0 0
cell 7.353073117913042 39.19706563983991 0.0 1.0 1.0 1 0 0 0.0 1.0 0
cell 31.104149233629315 21.41349338690367 0.0 1.0 1.0 1 0 0 0.0 1.0 0
cell 26.065531563819228 49.600225097084014 0.0 1.0 1.0 1 0 0 0.0 1.0 0
cell 51.53395596067567 3.030342863933127 0.0 1.0 1.0 1 0 0 0.0 1.0 0
cell 32.54894632502238 45.97935728226084 0.0 1.6431676725154984 0.6085806194501846 1 0 0 0.15902699909633164 0.987274234221888 0.31941006372857644
cell 14.079685818863634 28.010701559872494 0.0 1.6431676725154984 0.6085806194501846 1 0 0 -0.22972161557052445 -0.9732563790387753 0.46358327837559354
cell 21.269788360543867 54.37929358054429 0.0 1.0 1.0 1 0 0 0.0 1.0 0
cell 51.5412037134526 54.94404655560162 0.0 1.6431676725154984 0.6085806194501846 1 0 0 0.9533796327365818 0.30177355066847805 2.5284878831900373
cell 33.028187551150964 4.493859004118575 0.0 1.0 1.0 1 0 0 0.0 1.0 0
cell 13.7379287948837 55.152461604964294 0.0 1.0 1.0 1 0 0 0.0 1.0 0
cell 58.13040239937507 47.98780580793363 0.0 1.0 1.0 1 0 0 0.0 1.0 0
cell 52.22151998464989 30.380463680642347 0.0 1.0 1.0 1 0 0 0.0 1.0 0
cell 11.573063485874705 12.541791206927005 0.0 1.0 1.0 1 0 0 0.0 1.0 0
cell 51.05347928435614 36.44231968344067 0.0 1.0 1.0 1 0 0 0.0 1.0 0
cell 41.27006640874616 57.99626176006384 0.0 1.0 1.0 1 0 0 0.0 1.0 0
cell 57.92100826813876 27.389774609243428 0.0 1.0 1.0 1 0 0 0.0 1.0 0
cell 42.28877418278249 30.527086840990826 0.0 1.0 1.0 1 0 0 0.0 1.0 0
cell 3.985104840440212 38.05529210077489 0.0 1.0 1.0 1 0 0 0.0 1.0 0
cell 30.67932157640535 12.441656602594803 0.0 1.0 1.0 1 0 0 0.0 1.0 0
cell 23.340296426173396 17.335625358514992 0.0 1.0 1.0 1 0 0 0.0 1.0 0
cell 44.79975931657325 2.1529950814254617 0.0 1.0 1.0 1 0 0 0.0 1.0 0
cell 40.78116186171513 16.587303998294296 0.0 1.6431676725154984 0.6085806194501846 1 0 0 0.5173244934133127 0.8557893248426621 1.0874432489993153
cell 47.091392474327776 4.830612909048685 0.0 1.6431676725154984 0.6085806194501846 1 0 0 0.6635770914304701 0.748107909147255 1.4511803998152852
cell 19.920284832393254 17.53956923291142 0.0 1.0 1.0 1 0 0 0.0 1.0 0
cell 22.74729281109473 10.199976523723237 0.0 1.0 1.0 1 0 0 0.0 1.0 0
cell 39.743932390169654 56.72150225874608 0.0 1.0 1.0 1 0 0 0.0 1.0 0
cell 52.77877764285926 17.27505777506368 0.0 1.0 1.0 1 0 0 0.0 1.0 0
cell 6.801938473864045 15.946050299431052 0.0 1.0 1.0 1 0 0 0.0 1.0 0
cell 46.6915461823384 0.11240277905124565 0.0 1.6431676725154984 0.6085806194501846 1 0 0 0.9447865519585192 0.32768639159771684 2.473885221780306
cell 31.844947295744927 15.701167222172677 0.0 1.0 1.0 1 0 0 0.0 1.0 0
cell 32.311627222437735 52.74993108179098 0.0 1.0 1.0 1 0 0 0.0 1.0 0
cell 21.102946755992594 38.07608210440071 0.0 1.0 1.0 1 0 0 0.0 1.0 0
cell 22.840238864285364 4.200421797066271 0.0 1.0 1.0 1 0 0 0.0 1.0 0
cell 2.046907125114598 46.95759744412236 0.0 1.6431676725154984 0.6085806194501846 1 0 0 0.7259062476887187 -0.6877936606035887 4.658483116321609
cell 24.94175664029232 24.94960092390006 0.0 1.0 1.0 1 0 0 0.0 1.0 0
cell 10.401562993891321 29.266055821412202 0.0 1.0 1.0 1 0 0 0.0 1.0 0
cell 56.37727002329325 33.17103324396493 0.0 1.6431676725154984 0.6085806194501846 1 0 0 0.2025718235441829 -0.9792674079667844 5.875218339593776
cell 15.236015229121094 33.68896980885203 0.0 1.6431676725154984 0.6085806194501846 1 0 0 0.6064518088294968 0.7951202447224139 1.3031809944979778
cell 20.122893873983738 45.024011529777695 0.0 1.0 1.0 1 0 0 0.0 1.0 0
cell 41.03454236787534 18.456708100626717 0.0 1.6431676725154984 0.6085806194501846 1 0 0 0.41110094782050405 0.9115898259091548 0.8473229131413362
cell 8.25699214076774 16.94111636731823 0.0 1.0 1.0 1 0 0 0.0 1.0 0
cell 24.571364402506862 3.1722261736902335 0.0 1.0 1.0 1 0 0 0.0 1.0 0
cell 9.488408821816785 5.648743934118633 0.0 1.6431676725154984 0.6085806194501846 1 0 0 0.5780958874636517 0.8159688381902908 1.232786391960745
cell 6.386762400786874 14.41633831010568 0.0 1.6431676725154984 0.6085806194501846 1 0 0 0.8909258954390223 0.4541487078437812 2.198759719232467
cell 13.71933827690289 44.682803291255965 0.0 1.6431676725154984 0.6085806194501846 1 0 0 -0.7122379289451451 -0.7019381258857011 1.5853625767461335
cell 47.898245749290766 40.97387096482972 0.0 1.6431676725154984 0.6085806194501846 1 0 0 0.5023196998612698 0.8646819757178265 1.0525588237020855
cell 40.57569637286497 1.9695006181369752 0.0 1.0 1.0 1 0 0 0.0 1.0 0
cell 46.2844295675219 25.853005034974558 0.0 1.6431676725154984 0.6085806194501846 1 0 0 0.6772977786217423 0.735708990752494 1.488166893634511
cell 58.69879833605646 2.536832990784497 0.0 1.6431676725154984 0.6085806194501846 1 0 0 0.40055281387612296 0.9162736727069702 0.8242401898085323
cell 14.800795666790522 39.17898705447901 0.0 1.0 1.0 1 0 0 0.0 1.0 0
cell 57.15618580634064 30.902002297452277 0.0 1.6431676725154984 0.6085806194501846 1 0 0 0.5024356555581087 -0.8646146031752492 5.230358268763887
cell 5.858152592444365 48.66961225404282 0.0 1.6431676725154984 0.6085806194501846 1 0 0 0.8990959922457709 -0.4377515239580473 4.047785309112961
cell 10.897386095693703 3.9994862998478045 0.0 1.6431676725154984 0.6085806194501846 1 0 0 0.8440241175375396 0.5363052200146644 2.009485826105256
cell 3.2461936662513593 8.26180712196021 0.0 1.0 1.0 1 0 0 0.0 1.0 0
cell 24.584174816794903 5.116123588280841 0.0 1.0 1.0 1 0 0 0.0 1.0 0
cell 14.376740976718004 37.414506360455746 0.0 1.0 1.0 1 0 0 0.0 1.0 0
cell 58.20853017613068 18.165834799203484 0.0 1.0 1.0 1 0 0 0.0 1.0 0
cell 49.865312544394754 13.169958988467211 0.0 1.0 1.0 1 0 0 0.0 1.0 0
cell 28.005385668806113 20.982738063956102 0.0 1.0 1.0 1 0 0 0.0 1.0 0
cell 48.28503050323291 21.514698837554253 0.0 1.0 1.0 1 0 0 0.0 1.0 0
cell 48.9198849557155 25.472650444267515 0.0 1.0 1.0 1 0 0 0.0 1.0 0
cell 3.474093839846732 18.460074982821855 0.0 1.6431676725154984 0.6085806194501846 1 0 0 0.7753237028629226 0.6315640551669532 1.7744549509876968
cell 33.61125845200238 15.159239063400777 0.0 1.0 1.0 1 0 0 0.0 1.0 0
cell 36.60488027012454 4.655015501138876 0.0 1.0 1.0 1 0 0 0.0 1.0 0
cell 32.55520751752135 11.972665947201717 0.0 1.0 1.0 1 0 0 0.0 1.0 0
cell 4.543560521964 41.74573860336532 0.0 1.6431676725154984 0.6085806194501846 1 0 0 0.8755062034573895 -0.48320687878757296 4.150220475281285
cell 36.748169926163854 23.34064976525851 0.0 1.0 1.0 1 0 0 0.0 1.0 0
cell 37.56019335096143 28.82035795402049 0.0 1.0 1.0 1 0 0 0.0 1.0 0
cell 17.843094040357567 0.46823632104574303 0.0 1.0 1.0 1 0 0 0.0 1.0 0
cell 45.751843013778306 48.35002918252728 0.0 1.6431676725154984 0.6085806194501846 1 0 0 -0.30248352352245006 -0.9531546138992579 0.6145943273220231
cell 11.318238263554017 36.23890613321017 0.0 1.0 1.0 1 0 0 0.0 1.0 0
cell 31.770398637547647 33.4679564616903 0.0 1.0 1.0 1 0 0 0.0 1.0 0
cell 47.058178081555546 32.0039785185879 0.0 1.6431676725154984 0.6085806194501846 1 0 0 0.7599613991250315 0.6499682083301649 1.726507448174408
cell 52.376665340157416 25.622802969606433 0.0 1.0 1.0 1 0 0 0.0 1.0 0
cell 3.4828218775500064 10.20504578040276 0.0 1.0 1.0 1 0 0 0.0 1.0 0
cell 16.85901898253343 11.498978620492709 0.0 1.0 1.0 1 0 0 0.0 1.0 0
cell 44.869644491298935 8.727762511173765 0.0 1.6431676725154984 0.6085806194501846 1 0 0 -0.6171069616022824 -0.7868792778704997 1.3301215630800094
cell 49.85679985559366 41.704102062091245 0.0 1.6431676725154984 0.6085806194501846 1 0 0 0.8957269288543677 0.44460462089942626 2.2201270403678497
cell 38.594996797736364 17.381288989586743 0.0 1.0 1.0 1 0 0 0.0 1.0 0
cell 37.85364961682498 37.27098724804357 0.0 1.0 1.0 1 0 0 0.0 1.0 0
cell 32.94494683076971 44.88164363387448 0.0 1.6431676725154984 0.6085806194501846 1 0 0 0.11864121775843556 0.9929371890753188 0.2378426454923018
cell 11.444288428410104 47.122594704722765 0.0 1.0 1.0 1 0 0 0.0 1.0 0
cell 54.96655680435483 6.996782709517858 0.0 1.0 1.0 1 0 0 0.0 1.0 0
cell 29.98277916634915 46.19750390684602 0.0 1.6431676725154984 0.6085806194501846 1 0 0 0.051405531534977886 0.9986778616388802 0.10285639719620081
cell 18.14892472564529 20.586745646083713 0.0 1.0 1.0 1 0 0 0.0 1.0 0
cell 48.97843059799743 46.50505562254301 0.0 1.6431676725154984 0.6085806194501846 1 0 0 0.8572785240317056 0.5148529229149043 2.05992049832759
cell 11.484671901798775 14.535819592970478 0.0 1.0 1.0 1 0 0 0.0 1.0 0
cell 38.92478479576628 15.600146408470081 0.0 1.0 1.0 1 0 0 0.0 1.0 0
cell 10.813980888688675 53.13120520432749 0.0 1.6431676725154984 0.6085806194501846 1 0 0 0.9146300727643145 -0.4042917634520209 3.974001365392198
cell 5.050746116827588 16.909089568408717 0.0 1.0 1.0 1 0 0 0.0 1.0 0
cell 17.090844179468604 37.6461573197842 0.0 1.6431676725154984 0.6085806194501846 1 0 0 0.6912846997386671 0.7225824962640742 1.5265309446208364
cell 29.46318722555555 8.763552556411302 0.0 1.0 1.0 1 0 0 0.0 1.0 0
cell 50.01330803783069 29.333081526414883 0.0 1.0 1.0 1 0 0 0.0 1.0 0
cell 11.607341427580929 30.802960971698784 0.0 1.0 1.0 1 0 0 0.0 1.0 0
cell 21.486218661298313 8.277627922133444 0.0 1.0 1.0 1 0 0 0.0 1.0 0
cell 4.714787233823573 31.03755580988282 0.0 1.0 1.0 1 0 0 0.0 1.0 0
cell 41.15873656204578 54.51841533567689 0.0 1.0 1.0 1 0 0 0.0 1.0 0
cell 48.16923444692989 43.62711965313128 0.0 1.6431676725154984 0.6085806194501846 1 0 0 0.7893640354189639 0.6139254185868904 1.8195448153413836
cell 53.09817097336075 4.087565442122845 0.0 1.0 1.0 1 0 0 0.0 1.0 0
cell 46.94054445716069 22.739059978460276 0.0 1.0 1.0 1 0 0 0.0 1.0 0
cell 36.77045421926422 55.237477574142595 0.0 1.0 1.0 1 0 0 0.0 1.0 0
cell 48.47760890559082 37.34526140212318 0.0 1.6431676725154984 0.6085806194501846 1 0 0 0.7095664818841239 0.7046384943973664 1.577765567637959
cell 1.0149602638045478 31.864909521173757 0.0 1.0 1.0 1 0 0 0.0 1.0 0
cell 13.737082078320135 34.0201606951504 0.0 1.0 1.0 1 0 0 0.0 1.0 0
cell 5.945538500816463 32.38188383883137 0.0 1.0 1.0 1 0 0 0.0 1.0 0
cell 16.465547902602232 15.50244645147172 0.0 1.0 1.0 1 0 0 0.0 1.0 0
cell 29.98936258419165 49.56022590523718 0.0 1.0 1.0 1 0 0 0.0 1.0 0
cell 11.376120302996545 20.56343225016366 0.0 1.0 1.0 1 0 0 0.0 1.0 0
cell 43.920358156144644 29.126615124366488 0.0 1.6431676725154984 0.6085806194501846 1 0 0 -0.5714433144877592 -0.8206415407029088 1.2165270881657442
cell 30.05985849488198 26.116997866352808 0.0 1.0 1.0 1 0 0 0.0 1.0 0
cell 14.777762079632662 14.469966553640653 0.0 1.0 1.0 1 0 0 0.0 1.0 0
cell 16.47542398463457 42.21199988176966 0.0 1.0 1.0 1 0 0 0.0 1.0 0
cell 58.211268550867445 44.1492828073071 0.0 1.6431676725154984 0.6085806194501846 1 0 0 0.9445087426517207 -0.32848627833513167 3.8109935987254477
cell 38.429925262232736 22.47525538780078 0.0 1.0 1.0 1 0 0 0.0 1.0 0
cell 16.441189694754257 45.572948859181366 0.0 1.0 1.0 1 0 0 0.0 1.0 0
cell 30.209047666176616 43.22241455540645 0.0 1.0 1.0 1 0 0 0.0 1.0 0
cell 23.434731597515245 15.344660092828498 0.0 1.0 1.0 1 0 0 0.0 1.0 0
cell 42.31703216811264 28.687745724492633 0.0 1.0 1.0 1 0 0 0.0 1.0 0
cell 36.64390902368871 34.73200040700722 0.0 1.0 1.0 1 0 0 0.0 1.0 0
cell 40.635809045686486 45.383452441403016 0.0 1.6431676725154984 0.6085806194501846 1 0 0 0.007057224651626406 -0.9999750974800405 6.269070740713381
cell 0.1310322484854606 36.24299800814473 0.0 1.0 1.0 1 0 0 0.0 1.0 0
cell 35.69669220726582 38.61961975505877 0.0 1.0 1.0 1 0 0 0.0 1.0 0
cell 58.71060319815758 30.583903108695534 0.0 1.0 1.0 1 0 0 0.0 1.0 0
cell 40.09583280507916 41.14437654240093 0.0 1.6431676725154984 0.6085806194501846 1 0 0 0.3642859863595946 0.9312871308796322 0.7457319850223384
cell 53.85969974010095 10.597808843415779 0.0 1.0 1.0 1 0 0 0.0 1.0 0
cell 24.86677287935106 26.885889913517197 0.0 1.0 1.0 1 0 0 0.0 1.0 0
cell 53.76120497316132 33.669176708329324 0.0 1.0 1.0 1 0 0 0.0 1.0 0
cell 40.25913805900882 22.14497153761724 0.0 1.0 1.0 1 0 0 0.0 1.0 0
cell 9.73748223762929 17.646944025682323 0.0 1.0 1.0 1 0 0 0.0 1.0 0
cell 9.69604551117225 31.27798618953036 0.0 1.0 1.0 1 0 0 0.0 1.0 0
cell 2.874392613001763 14.89590844177506 0.0 1.0 1.0 1 0 0 0.0 1.0 0
cell 28.20289129347029 31.88969127732275 0.0 1.0 1.0 1 0 0 0.0 1.0 0
cell 30.070952348936654 16.33211434073258 0.0 1.0 1.0 1 0 0 0.0 1.0 0
cell 47.07343769037787 43.05546363368606 0.0 1.0 1.0 1 0 0 0.0 1.0 0
cell 38.22537200175156 46.27777145904984 0.0 1.0 1.0 1 0 0 0.0 1.0 0
cell 9.67004777004987 21.525595110405213 0.0 1.0 1.0 1 0 0 0.0 1.0 0
cell 43.76168056759739 31.292059491785274 0.0 1.6431676725154984 0.6085806194501846 1 0 0 -0.6048798674829972 -0.7963167371804714 1.2992299971210057
cell 28.59558189542117 15.019345414277005 0.0 1.0 1.0 1 0 0 0.0 1.0 0
cell 55.51575156495552 55.95984165598865 0.0 1.6431676725154984 0.6085806194501846 1 0 0 0.6159494729182146 -0.7877856604507179 4.9560040228787
cell 16.462584735776026 17.523160935105732 0.0 1.0 1.0 1 0 0 0.0 1.0 0
cell 38.39726679462337 51.83446705655418 0.0 1.0 1.0 1 0 0 0.0 1.0 0
cell 8.001483752958336 19.08275725592412 0.0 1.0 1.0 1 0 0 0.0 1.0 0
cell 30.74772215068211 35.21890963226994 0.0 1.0 1.0 1 0 0 0.0 1.0 0
cell 33.80806174239129 6.47755855234427 0.0 1.0 1.0 1 0 0 0.0 1.0 0
cell 12.348912693857821 43.296558246201606 0.0 1.0 1.0 1 0 0 0.0 1.0 0
cell 3.537809862286441 55.64932063326794 0.0 1.6431676725154984 0.6085806194501846 1 0 0 0.5079992220489344 0.8613575276258271 1.0657207511753308
cell 55.28689057497286 10.323869812841526 0.0 1.6431676725154984 0.6085806194501846 1 0 0 0.8306240822450844 0.5568335783647671 1.9604550381317962
cell 39.521302978250944 39.06148533339112 0.0 1.0 1.0 1 0 0 0.0 1.0 0
cell 25.45515362373532 1.881149614037075 0.0 1.6431676725154984 0.6085806194501846 1 0 0 0.9504191380411848 -0.3109718026526703 3.7740233749310663
cell 26.80528841088864 15.770855707047334 0.0 1.0 1.0 1 0 0 0.0 1.0 0
cell 8.36032378971172 12.604264012708246 0.0 1.0 1.0 1 0 0 0.0 1.0 0
cell 51.45897832673005 45.52103421003467 0.0 1.6431676725154984 0.6085806194501846 1 0 0 0.9017460220608535 0.4322662509350304 2.247583756587958
cell 33.63845717343571 22.19291927030019 0.0 1.0 1.0 1 0 0 0.0 1.0 0
cell 26.345044426769743 4.112540839914909 0.0 1.0 1.0 1 0 0 0.0 1.0 0
cell 14.95684601990384 26.647107741144332 0.0 1.0 1.0 1 0 0 0.0 1.0 0
cell 16.403053566893437 35.31848120104913 0.0 1.6431676725154984 0.6085806194501846 1 0 0 0.7440169131161547 0.6681607837916771 1.6781246009600193
cell 42.459008455119964 54.882041318889065 0.0 1.6431676725154984 0.6085806194501846 1 0 0 0.9191549761021127 0.3938960902404651 2.3318595805868876
cell 16.396948950827397 51.17533568714492 0.0 1.0 1.0 1 0 0 0.0 1.0 0
cell 39.542061878812135 32.76320741609763 0.0 1.0 1.0 1 0 0 0.0 1.0 0
cell 46.310060362881835 2.5316327178370233 0.0 1.6431676725154984 0.6085806194501846 1 0 0 0.7041745620388317 0.7100268911649893 1.5625198599508512
cell 45.984697286842724 13.022190659496232 0.0 1.0 1.0 1 0 0 0.0 1.0 0
cell 29.756737484977606 55.91544068336574 0.0 1.0 1.0 1 0 0 0.0 1.0 0
cell 21.900900545306882 20.787714622235665 0.0 1.0 1.0 1 0 0 0.0 1.0 0
cell 16.132440190580013 38.458593641056076 0.0 1.6431676725154984 0.6085806194501846 1 0 0 0.6162505990045921 0.7875501248977625 1.3279458859445759
cell 6.718321654202523 23.162308317255746 0.0 1.0 1.0 1 0 0 0.0 1.0 0
cell 3.254743008979628 45.95250499919191 0.0 1.6431676725154984 0.6085806194501846 1 0 0 0.665706971569829 -0.746213259064275 4.826303646504543
cell 15.605034917409665 55.9816527320733 0.0 1.0 1.0 1 0 0 0.0 1.0 0
cell 45.30278748679528 6.675049938555317 0.0 1.6431676725154984 0.6085806194501846 1 0 0 0.6475355897274587 0.7620352091841375 1.4086919808366087
cell 0.9396291909659252 44.38589593988176 0.0 1.6431676725154984 0.6085806194501846 1 0 0 0.9432079456410499 -0.3322029067897964 3.8188689831523366
cell 42.50062441212547 49.10829714907811 0.0 1.0 1.0 1 0 0 0.0 1.0 0
cell 19.68005210851578 58.923620845212696 0.0 1.0 1.0 1 0 0 0.0 1.0 0
cell 42.06891015640499 46.50988535727532 0.0 1.6431676725154984 0.6085806194501846 1 0 0 -0.1534468821009213 -0.988156897650118 0.3081110575243935
cell 18.11395614718523 26.648870975059516 0.0 1.0 1.0 1 0 0 0.0 1.0 0
cell 37.710656964782785 12.574218678800163 0.0 1.0 1.0 1 0 0 0.0 1.0 0
cell 21.522957238616243 24.73317944740933 0.0 1.0 1.0 1 0 0 0.0 1.0 0
cell 54.239095832740546 36.987582195594214 0.0 1.0 1.0 1 0 0 0.0 1.0 0
cell 2.89467929496568 31.386972250497756 0.0 1.0 1.0 1 0 0 0.0 1.0 0
cell 31.758857633988956 23.087082985869934 0.0 1.0 1.0 1 0 0 0.0 1.0 0
cell 57.28382113023658 36.004511698798034 0.0 1.0 1.0 1 0 0 0.0 1.0 0
cell 29.812250216259205 47.76253178954109 0.0 1.6431676725154984 0.6085806194501846 1 0 0 0.3381919473931215 0.941077152372986 0.6899899479890051
cell 39.744602964319455 18.992017039052808 0.0 1.0 1.0 1 0 0 0.0 1.0 0
cell 5.311168250449337 29.11957179122818 0.0 1.0 1.0 1 0 0 0.0 1.0 0
cell 4.962233976535262 51.311953411603014 0.0 1.6431676725154984 0.6085806194501846 1 0 0 0.8037105356709898 -0.5950204827158899 4.416174920890024
cell 29.57651075979357 57.893351631685405 0.0 1.0 1.0 1 0 0 0.0 1.0 0
cell 46.50167682397669 28.94819600843718 0.0 1.6431676725154984 0.6085806194501846 1 0 0 0.6074431247989494 0.7943631726952655 1.305675681337891
cell 31.357562235281335 30.555688239431518 0.0 1.6431676725154984 0.6085806194501846 1 0 0 0.279078304294971 0.9602683479485532 0.5656682875169301
cell 51.801375169400295 24.002204266946112 0.0 1.0 1.0 1 0 0 0.0 1.0 0
cell 35.508761135845695 45.684528064076275 0.0 1.6431676725154984 0.6085806194501846 1 0 0 -0.05237868014734463 0.9986272947731912 6.1783799868912155
cell 48.55565918475065 45.33271112615935 0.0 1.6431676725154984 0.6085806194501846 1 0 0 0.8153055096573708 0.5790310232814255 1.9065132427592975
cell 19.916542823675808 15.55099443594873 0.0 1.0 1.0 1 0 0 0.0 1.0 0
cell 7.138621647737377 33.79457259331739 0.0 1.0 1.0 1 0 0 0.0 1.0 0
cell 57.08585837600298 9.800029956556015 0.0 1.0 1.0 1 0 0 0.0 1.0 0
cell 13.075590214558455 15.474434898245079 0.0 1.0 1.0 1 0 0 0.0 1.0 0
cell 58.64635177171305 25.72257729500095 0.0 1.0 1.0 1 0 0 0.0 1.0 0
cell 23.93917567092903 33.69946051605841 0.0 1.0 1.0 1 0 0 0.0 1.0 0
cell 9.662832716080203 51.01386787127494 0.0 1.6431676725154984 0.6085806194501846 1 0 0 0.9635747191773472 -0.26743926518425937 3.6830616759756003
cell 31.732778330646518 54.673672320610265 0.0 1.0 1.0 1 0 0 0.0 1.0 0
cell 12.651896380353147 9.210139777033298 0.0 1.0 1.0 1 0 0 0.0 1.0 0
cell 42.10251317165159 14.577860596494157 0.0 1.6431676725154984 0.6085806194501846 1 0 0 0.6425104287502813 0.7662769401118174 1.395539843375189
cell 21.90267262116067 50.85641425643962 0.0 1.0 1.0 1 0 0 0.0 1.0 0
cell 49.0233734284646 52.02829013674195 0.0 1.6431676725154984 0.6085806194501846 1 0 0 0.8060340099590512 0.5918692210187417 1.8748408403332852
cell 12.63661397581256 37.76068014306813 0.0 1.0 1.0 1 0 0 0.0 1.0 0
cell 42.316264916343115 34.428811770122365 0.0 1.0 1.0 1 0 0 0.0 1.0 0
cell 49.327990192694685 27.411411171702976 0.0 1.0 1.0 1 0 0 0.0 1.0 0
cell 18.17878956038545 24.584038471649475 0.0 1.0 1.0 1 0 0 0.0 1.0 0
cell 41.09890045293341 8.068568094539192 0.0 1.0 1.0 1 0 0 0.0 1.0 0
cell 21.125994719146952 40.023262187029815 0.0 1.0 1.0 1 0 0 0.0 1.0 0
cell 47.625726199363335 52.81117910074726 0.0 1.6431676725154984 0.6085806194501846 1 0 0 0.8279984354990588 0.5607304083167873 1.9510573053978573
cell 55.37136181789219 14.384395295862156 0.0 1.0 1.0 1 0 0 0.0 1.0 0
cell 10.744463989780503 42.068699249228516 0.0 1.0 1.0 1 0 0 0.0 1.0 0
cell 25.64804161126038 37.078819804172355 0.0 1.0 1.0 1 0 0 0.0 1.0 0
cell 28.31964789297445 34.17639485147846 0.0 1.0 1.0 1 0 0 0.0 1.0 0
cell 48.504193390587524 23.503852975201468 0.0 1.0 1.0 1 0 0 0.0 1.0 0
cell 24.425414086984677 58.437687285654626 0.0 1.0 1.0 1 0 0 0.0 1.0 0
cell 21.686480002172686 16.280045931552394 0.0 1.0 1.0 1 0 0 0.0 1.0 0
cell 55.66127720964123 37.988276342108854 0.0 1.0 1.0 1 0 0 0.0 1.0 0
cell 40.90638562484505 35.74232296914534 0.0 1.0 1.0 1 0 0 0.0 1.0 0
cell 26.162783448254704 8.140766872327742 0.0 1.0 1.0 1 0 0 0.0 1.0 0
cell 57.6404083688037 37.641847876526796 0.0 1.0 1.0 1 0 0 0.0 1.0 0
cell 0.6774956293707671 11.565754660863021 0.0 1.0 1.0 1 0 0 0.0 1.0 0
cell 12.086571705353087 45.26330827978847 0.0 1.0 1.0 1 0 0 0.0 1.0 0
cell 20.84193862315671 49.39686814946918 0.0 1.0 1.0 1 0 0 0.0 1.0 0
cell 49.66974925664747 18.314432653416176 0.0 1.0 1.0 1 0 0 0.0 1.0 0
cell 50.175085880553844 51.8291774938197 0.0 1.6431676725154984 0.6085806194501846 1 0 0 0.8605977348754849 0.5092853215312462 2.072884370110516
cell 24.145009136807232 11.42230271063053 0.0 1.0 1.0 1 0 0 0.0 1.0 0
cell 52.931384357341926 27.06033853679968 0.0 1.0 1.0 1 0 0 0.0 1.0 0
cell 8.147629655397381 14.526428282379321 0.0 1.0 1.0 1 0 0 0.0 1.0 0
cell 33.4424237927734 8.37992892058198 0.0 1.0 1.0 1 0 0 0.0 1.0 0
cell 27.426728477397596 11.84075659688603 0.0 1.0 1.0 1 0 0 0.0 1.0 0
cell 14.718059756485095 16.522232757344884 0.0 1.0 1.0 1 0 0 0.0 1.0 0
cell 33.88293850336389 38.42429662700221 0.0 1.0 1.0 1 0 0 0.0 1.0 0
cell 54.275589366864494 27.91785142495307 0.0 1.0 1.0 1 0 0 0.0 1.0 0
cell 46.3892260637001 36.75386925452729 0.0 1.6431676725154984 0.6085806194501846 1 0 0 0.6526816069649555 0.7576323118305102 1.4222370424948505
cell 7.333830365854156 41.07895757745137 0.0 1.0 1.0 1 0 0 0.0 1.0 0
cell 42.90863003313423 58.70483139148598 0.0 1.0 1.0 1 0 0 0.0 1.0 0
cell 24.075473370965845 38.42784664597981 0.0 1.0 1.0 1 0 0 0.0 1.0 0
cell 9.832351881677791 11.632357969089075 0.0 1.0 1.0 1 0 0 0.0 1.0 0
cell 21.64975564182184 30.76727314578559 0.0 1.0 1.0 1 0 0 0.0 1.0 0
cell 19.439981005630575 36.98336003841497 0.0 1.0 1.0 1 0 0 0.0 1.0 0
cell 54.78830542461044 12.569584238011737 0.0 1.0 1.0 1 0 0 0.0 1.0 0
cell 49.09801004470505 57.18187290999339 0.0 1.6431676725154984 0.6085806194501846 1 0 0 0.92736884741158 0.3741483941573418 2.3746360517407354
cell 22.837364591369578 2.2127087618127144 0.0 1.0 1.0 1 0 0 0.0 1.0 0
cell 45.21661812389231 29.195445133922885 0.0 1.6431676725154984 0.6085806194501846 1 0 0 0.7244702201066565 0.6893061004942671 1.6205310273675446
cell 19.80258397247436 29.974938957316326 0.0 1.0 1.0 1 0 0 0.0 1.0 0
cell 14.846256249560122 43.35462196458998 0.0 1.6431676725154984 0.6085806194501846 1 0 0 -0.6769480105808053 -0.7360308356113145 1.4872162689980462
cell 53.37615714075573 31.744009415008932 0.0 1.0 1.0 1 0 0 0.0 1.0 0
cell 19.075921075133667 49.820209440222015 0.0 1.0 1.0 1 0 0 0.0 1.0 0
cell 6.388224253128323 35.93799986285347 0.0 1.0 1.0 1 0 0 0.0 1.0 0
cell 16.237378731962494 5.873765375023409 0.0 1.0 1.0 1 0 0 0.0 1.0 0
cell 13.092143354018988 19.519161093836075 0.0 1.0 1.0 1 0 0 0.0 1.0 0
cell 41.00715090869692 9.804843111165049 0.0 1.0 1.0 1 0 0 0.0 1.0 0
cell 56.42024684264259 7.553502628334805 0.0 1.6431676725154984 0.6085806194501846 1 0 0 0.7466359000959312 0.6652329161188122 1.6859811960887905
cell 43.73024422243518 23.453349091118124 0.0 1.6431676725154984 0.6085806194501846 1 0 0 0.47125857621382644 0.8819950988213694 0.9814344000227022
cell 16.94312412903227 31.01179228069988 0.0 1.6431676725154984 0.6085806194501846 1 0 0 0.598363052961067 0.801225097492029 1.2829129824846939
cell 51.19373255343927 4.881362080644171 0.0 1.0 1.0 1 0 0 0.0 1.0 0
cell 56.6173430543986 4.777724214174467 0.0 1.0 1.0 1 0 0 0.0 1.0 0
cell 36.860534257466256 25.385387371209315 0.0 1.0 1.0 1 0 0 0.0 1.0 0
cell 7.778641341980856 31.822434691725945 0.0 1.0 1.0 1 0 0 0.0 1.0 0
cell 19.23971645821983 2.0058885586569106 0.0 1.0 1.0 1 0 0 0.0 1.0 0
cell 34.222955554899514 0.2923051398533112 0.0 1.0 1.0 1 0 0 0.0 1.0 0
cell 8.230115918880156 35.30451590729566 0.0 1.0 1.0 1 0 0 0.0 1.0 0
cell 34.78652810737821 4.993592250293066 0.0 1.0 1.0 1 0 0 0.0 1.0 0
cell 32.038198952530344 39.92298482414325 0.0 1.6431676725154984 0.6085806194501846 1 0 0 -0.3198038290954517 -0.9474837786980246 0.6510448719620809
cell 43.173228079152004 16.712695628738935 0.0 1.6431676725154984 0.6085806194501846 1 0 0 0.6777333344926636 0.7353077772725211 1.4893512604416346
cell 48.7606440547792 14.67774338566078 0.0 1.0 1.0 1 0 0 0.0 1.0 0
cell 52.50094153326031 37.962282501220315 0.0 1.6431676725154984 0.6085806194501846 1 0 0 0.9905445891348102 -0.13719116930673797 3.416843075575052
cell 25.59119583324746 12.612931968308336 0.0 1.0 1.0 1 0 0 0.0 1.0 0
cell 35.013737805870264 23.246332859282276 0.0 1.0 1.0 1 0 0 0.0 1.0 0
cell 12.747339458212773 50.84290091458274 0.0 1.0 1.0 1 0 0 0.0 1.0 0
cell 58.565348075504 34.42588523936858 0.0 1.0 1.0 1 0 0 0.0 1.0 0
cell 21.884612854521453 14.147515806568183 0.0 1.0 1.0 1 0 0 0.0 1.0 0
cell 47.98637912377149 12.883798444738986 0.0 1.0 1.0 1 0 0 0.0 1.0 0
cell 28.92398336664043 13.059470266179028 0.0 1.0 1.0 1 0 0 0.0 1.0 0
cell 57.00785729488735 34.43391535945688 0.0 1.6431676725154984 0.6085806194501846 1 0 0 0.4130509084683039 -0.9107079372738051 5.431582171688317
cell 32.931685749290516 2.5683329891054214 0.0 1.0 1.0 1 0 0 0.0 1.0 0
cell 46.2739943771575 46.85204963372059 0.0 1.6431676725154984 0.6085806194501846 1 0 0 0.5494364213568464 0.835535528201274 1.1633791525551769
cell 44.6294783633411 53.92466290994317 0.0 1.0 1.0 1 0 0 0.0 1.0 0
cell 34.89362107827855 9.718875695068489 0.0 1.0 1.0 1 0 0 0.0 1.0 0
cell 27.614076125502127 1.7871507047587423 0.0 1.0 1.0 1 0 0 0.0 1.0 0
cell 36.782075121143386 2.9978025369081416 0.0 1.0 1.0 1 0 0 0.0 1.0 0
cell 37.05454797490775 16.05461654028189 0.0 1.0 1.0 1 0 0 0.0 1.0 0
cell 54.94120068373366 3.4402962301717737 0.0 1.0 1.0 1 0 0 0.0 1.0 0
cell 16.160904700484753 52.853200817607416 0.0 1.0 1.0 1 0 0 0.0 1.0 0
cell 9.924156180713604 13.603361500075804 0.0 1.0 1.0 1 0 0 0.0 1.0 0
cell 11.89950688891361 34.31937367536524 0.0 1.0 1.0 1 0 0 0.0 1.0 0
cell 56.722617928481796 0.384531391929981 0.0 1.6431676725154984 0.6085806194501846 1 0 0 0.6624500477220525 0.7491060901321324 1.4481693579840418
cell 3.5898002635454134 43.43968542787431 0.0 1.6431676725154984 0.6085806194501846 1 0 0 0.9835964791687818 -0.1803828322395905 3.5043439618524657
cell 9.853902446588531 49.73601925824617 0.0 1.6431676725154984 0.6085806194501846 1 0 0 0.9672024917135006 -0.2540065747637172 3.655233558616744
cell 34.810255941360495 31.35318902334627 0.0 1.0 1.0 1 0 0 0.0 1.0 0
cell 14.762939979909408 18.538477635866737 0.0 1.0 1.0 1 0 0 0.0 1.0 0
cell 18.137957578826736 18.504903923930044 0.0 1.0 1.0 1 0 0 0.0 1.0 0
cell 24.78846847294811 28.818248839797473 0.0 1.0 1.0 1 0 0 0.0 1.0 0
cell 42.95378901586828 13.50277523121679 0.0 1.6431676725154984 0.6085806194501846 1 0 0 0.6232305144619439 0.7820381869470958 1.345733657157302
cell 4.790986231362849 23.559062222229382 0.0 1.0 1.0 1 0 0 0.0 1.0 0
cell 37.38680581744354 50.0969274314461 0.0 1.0 1.0 1 0 0 0.0 1.0 0
cell 15.863384354359377 3.672583994855161 0.0 1.6431676725154984 0.6085806194501846 1 0 0 0.46153827903382516 -0.8871202945409912 5.323728443282192
cell 50.982161839714195 44.605924187684934 0.0 1.6431676725154984 0.6085806194501846 1 0 0 0.9137984453693222 0.40616794708668214 2.305079470745584
cell 33.65597188217727 54.18264330222387 0.0 1.0 1.0 1 0 0 0.0 1.0 0
cell 47.47184976142412 45.74561745167268 0.0 1.6431676725154984 0.6085806194501846 1 0 0 0.6181820345004602 0.786034968828278 1.3328555270784248
cell 44.85737850089502 20.033895127418223 0.0 1.6431676725154984 0.6085806194501846 1 0 0 0.7436729090950285 0.668543644258277 1.6770951915967733
cell 35.163194355538984 24.873194739661137 0.0 1.0 1.0 1 0 0 0.0 1.0 0
cell 44.46233218235766 27.115240829434516 0.0 1.6431676725154984 0.6085806194501846 1 0 0 0.6629512194224597 0.7486625946755145 1.449507806802704
cell 8.04390812080968 8.707512000514347 0.0 1.6431676725154984 0.6085806194501846 1 0 0 0.7650122565727655 0.6440157197564709 1.7421207233832505
cell 39.54404454479685 12.294681761297387 0.0 1.0 1.0 1 0 0 0.0 1.0 0
cell 18.183645150492126 14.501673454066523 0.0 1.0 1.0 1 0 0 0.0 1.0 0
cell 2.479716777847399 23.608690625214123 0.0 1.0 1.0 1 0 0 0.0 1.0 0
cell 14.846151181768334 2.3261094522518246 0.0 1.0 1.0 1 0 0 0.0 1.0 0
cell 2.897744700895884 58.79768784129682 0.0 1.6431676725154984 0.6085806194501846 1 0 0 0.5032530644942191 -0.8641390820216254 5.228466943511033
cell 34.66321865063169 47.35868129043523 0.0 1.0 1.0 1 0 0 0.0 1.0 0
cell 43.46076130718488 10.419115574331821 0.0 1.6431676725154984 0.6085806194501846 1 0 0 0.8363010899889377 0.5482704504925601 1.9810031771610035
cell 49.23814548229956 16.44991853875207 0.0 1.0 1.0 1 0 0 0.0 1.0 0
cell 46.41696613786016 18.911706826040835 0.0 1.0 1.0 1 0 0 0.0 1.0 0
cell 7.181140065104128 28.4668386880747 0.0 1.0 1.0 1 0 0 0.0 1.0 0
cell 36.08210796720991 42.92715058785843 0.0 1.0 1.0 1 0 0 0.0 1.0 0
cell 22.737398749822205 49.1699149016319 0.0 1.0 1.0 1 0 0 0.0 1.0 0
cell 32.75147853814374 35.208095690954 0.0 1.0 1.0 1 0 0 0.0 1.0 0
cell 58.62262771657791 22.67637971449828 0.0 1.0 1.0 1 0 0 0.0 1.0 0
cell 38.89390052403333 48.706917288073946 0.0 1.0 1.0 1 0 0 0.0 1.0 0
cell 34.80202962108018 18.38668713121897 0.0 1.0 1.0 1 0 0 0.0 1.0 0
cell 47.20490487932754 57.6590919158954 0.0 1.6431676725154984 0.6085806194501846 1 0 0 0.9358813109014699 0.3523154437508329 2.4215045865801943
cell 3.197664012203338 39.20949653226885 0.0 1.6431676725154984 0.6085806194501846 1 0 0 0.9388706331879314 -0.3442701470317934 3.844515255360285
cell 57.62681740060302 24.28917651422783 0.0 1.0 1.0 1 0 0 0.0 1.0 0
cell 29.1271899122463 10.767412316050823 0.0 1.0 1.0 1 0 0 0.0 1.0 0
cell 26.203733562300137 57.549003906094526 0.0 1.0 1.0 1 0 0 0.0 1.0 0
cell 30.32573532677525 52.52853117354419 0.0 1.0 1.0 1 0 0 0.0 1.0 0
cell 9.596846285568724 36.751390795464665 0.0 1.0 1.0 1 0 0 0.0 1.0 0
cell 16.48807318444324 9.649928247233413 0.0 1.0 1.0 1 0 0 0.0 1.0 0
cell 51.037365713365006 27.170413060075827 0.0 1.0 1.0 1 0 0 0.0 1.0 0
cell 46.96858564368795 50.46025790876834 0.0 1.6431676725154984 0.6085806194501846 1 0 0 0.3942394140185826 0.9190077716941705 0.8104801750199317
cell 32.99175841408863 39.4092347226972 0.0 1.6431676725154984 0.6085806194501846 1 0 0 0.3657738968252442 0.9307037425525244 0.7489283705045138
cell 5.531251781826759 39.94131557649882 0.0 1.0 1.0 1 0 0 0.0 1.0 0
cell 32.63590999030175 20.84511224172614 0.0 1.0 1.0 1 0 0 0.0 1.0 0
cell 53.09326036172207 55.73425688467542 0.0 1.6431676725154984 0.6085806194501846 1 0 0 0.7867710373498391 0.617244955254766 1.8111203298590979
cell 28.302308313717766 16.993386948029702 0.0 1.0 1.0 1 0 0 0.0 1.0 0
cell 43.66684608354514 6.35973126920508 0.0 1.0 1.0 1 0 0 0.0 1.0 0
cell 36.47358063198613 51.878791167186044 0.0 1.0 1.0 1 0 0 0.0 1.0 0
cell 1.6788488285278935 9.672105818120208 0.0 1.0 1.0 1 0 0 0.0 1.0 0
cell 36.29323808956704 57.06833774126749 0.0 1.0 1.0 1 0 0 0.0 1.0 0
cell 55.39027232751781 20.21911907411948 0.0 1.0 1.0 1 0 0 0.0 1.0 0
cell 8.477624775739407 22.772046672538696 0.0 1.0 1.0 1 0 0 0.0 1.0 0
cell 41.03954037421645 33.46061353913853 0.0 1.0 1.0 1 0 0 0.0 1.0 0
cell 49.60188112300839 5.968608704481881 0.0 1.0 1.0 1 0 0 0.0 1.0 0
cell 23.55495685748219 31.346572038988814 0.0 1.0 1.0 1 0 0 0.0 1.0 0
cell 51.133859892635584 38.68740747509109 0.0 1.6431676725154984 0.6085806194501846 1 0 0 0.8747315937744239 -0.48460771646028933 4.1534219542478805
cell 40.38837756752273 51.816690819181964 0.0 1.0 1.0 1 0 0 0.0 1.0 0
cell 55.440851406892016 34.8147005812163 0.0 1.6431676725154984 0.6085806194501846 1 0 0 0.3627467953593642 -0.9318877413382535 5.5407577691483185
cell 14.561400790595435 46.48738836582878 0.0 1.6431676725154984 0.6085806194501846 1 0 0 0.8469368555192244 0.5316934857257595 2.020394943295478
cell 29.63635366549191 4.783268053527895 0.0 1.0 1.0 1 0 0 0.0 1.0 0
cell 30.40043338820846 14.384805707807264 0.0 1.0 1.0 1 0 0 0.0 1.0 0
cell 18.17927637735359 22.571460437115718 0.0 1.0 1.0 1 0 0 0.0 1.0 0
cell 22.430798717731964 44.21510562260588 0.0 1.0 1.0 1 0 0 0.0 1.0 0
cell 31.377801459487014 47.42803995606245 0.0 1.0 1.0 1 0 0 0.0 1.0 0
cell 40.40220757716045 0.34361587060341114 0.0 1.6431676725154984 0.6085806194501846 1 0 0 0.9999496919132747 -0.010030635201576437 3.1616542604144264
cell 13.439897249945744 13.136556895942029 0.0 1.0 1.0 1 0 0 0.0 1.0 0
cell 39.977769989999935 5.660840349561977 0.0 1.0 1.0 1 0 0 0.0 1.0 0
cell 23.68528162958581 13.325808586730222 0.0 1.0 1.0 1 0 0 0.0 1.0 0
cell 37.53443164237103 48.1199791341146 0.0 1.0 1.0 1 0 0 0.0 1.0 0
cell 18.36900003624256 45.991717724131476 0.0 1.0 1.0 1 0 0 0.0 1.0 0
cell 31.057894397437643 10.657199150921828 0.0 1.0 1.0 1 0 0 0.0 1.0 0
cell 12.870535550936955 32.34957671216914 0.0 1.0 1.0 1 0 0 0.0 1.0 0
cell 47.60342903728703 3.062974897711213 0.0 1.6431676725154984 0.6085806194501846 1 0 0 0.605552647593517 0.7958052468993163 1.300920269794086
cell 4.450410505628052 36.324497785003075 0.0 1.0 1.0 1 0 0 0.0 1.0 0
cell 0.7830345821992051 27.086094819550578 0.0 1.0 1.0 1 0 0 0.0 1.0 0
cell 25.281490763505698 39.61414346279795 0.0 1.6431676725154984 0.6085806194501846 1 0 0 0.8939519390430595 0.4481628394692648 2.2121742976825405
cell 56.877188027768 39.31236163877088 0.0 1.0 1.0 1 0 0 0.0 1.0 0
cell 54.685861890838105 51.58828738645243 0.0 1.6431676725154984 0.6085806194501846 1 0 0 0.5372706754636402 0.8434098773946413 1.134395403740624
cell 44.72155245693744 12.471659726841338 0.0 1.6431676725154984 0.6085806194501846 1 0 0 0.9222165881608965 0.38667371842533527 2.3475486135201096
cell 36.317937976108105 11.159602296216695 0.0 1.0 1.0 1 0 0 0.0 1.0 0
cell 56.45051770800414 45.3439219059174 0.0 1.6431676725154984 0.6085806194501846 1 0 0 0.16985877179059883 -0.9854684153466255 5.94181259394559
cell 17.403385151685836 4.251729902067436 0.0 1.0 1.0 1 0 0 0.0 1.0 0
cell 1.2028497865791734 2.6610003503000934 0.0 1.6431676725154984 0.6085806194501846 1 0 0 0.5848992515892419 0.8111059520742926 1.2495116820764145
cell 41.448550539140385 23.71349917172241 0.0 1.0 1.0 1 0 0 0.0 1.0 0
cell 30.10003551405245 28.153311712135054 0.0 1.0 1.0 1 0 0 0.0 1.0 0
cell 13.022145233321783 47.51536976193976 0.0 1.6431676725154984 0.6085806194501846 1 0 0 0.7245670881307317 0.6892042765376261 1.6208121076569055
cell 55.97817144816196 27.483021534610085 0.0 1.0 1.0 1 0 0 0.0 1.0 0
cell 36.02309266591899 6.375091827682522 0.0 1.0 1.0 1 0 0 0.0 1.0 0
cell 26.671670764901386 24.087760841887427 0.0 1.0 1.0 1 0 0 0.0 1.0 0
cell 2.8617302633096724 49.18087351792595 0.0 1.6431676725154984 0.6085806194501846 1 0 0 0.6114006346188686 -0.7913212141650473 4.967526550683027
cell 2.636609367659342 4.084670419776261 0.0 1.6431676725154984 0.6085806194501846 1 0 0 0.42662830658850076 -0.9044270495830099 5.401662314488285
cell 22.996141176964915 55.216852993975536 0.0 1.0 1.0 1 0 0 0.0 1.0 0
cell 43.777550029153744 34.968840470104816 0.0 1.0 1.0 1 0 0 0.0 1.0 0
cell 46.98542788170778 20.71602279101335 0.0 1.0 1.0 1 0 0 0.0 1.0 0
cell 42.182753809637106 1.441451593627354 0.0 1.0 1.0 1 0 0 0.0 1.0 0
cell 27.976934121503344 56.74278085694893 0.0 1.0 1.0 1 0 0 0.0 1.0 0
cell 56.21544058257445 43.8016761394163 0.0 1.0 1.0 1 0 0 0.0 1.0 0
cell 4.163689207766531 32.94659906301244 0.0 1.0 1.0 1 0 0 0.0 1.0 0
cell 19.542998018325967 27.987189432567103 0.0 1.0 1.0 1 0 0 0.0 1.0 0
cell 34.035898978337165 13.361067332346362 0.0 1.0 1.0 1 0 0 0.0 1.0 0
cell 25.025982164639995 22.962165945036805 0.0 1.0 1.0 1 0 0 0.0 1.0 0
cell 8.761251497719686 57.561870443066404 0.0 1.6431676725154984 0.6085806194501846 1 0 0 0.7408710752920172 0.6716472659035024 1.6687327121924376
cell 3.9377729860233646 27.8838343318037 0.0 1.0 1.0 1 0 0 0.0 1.0 0
cell 48.636240590579256 40.11805230582433 0.0 1.6431676725154984 0.6085806194501846 1 0 0 0.6431807798824459 0.765714362141529 1.3972901172531031
cell 34.38821235694967 20.323515521418432 0.0 1.0 1.0 1 0 0 0.0 1.0 0
cell 36.23102904412164 40.587624481208046 0.0 1.6431676725154984 0.6085806194501846 1 0 0 -0.27557887179973783 -0.9612784640350494 0.558383679919185
cell 28.364330256329506 25.1203068942536 0.0 1.0 1.0 1 0 0 0.0 1.0 0
cell 41.65878227573102 38.03605442124479 0.0 1.0 1.0 1 0 0 0.0 1.0 0
cell 27.96987838335932 5.352512791377641 0.0 1.0 1.0 1 0 0 0.0 1.0 0
cell 13.968327603632314 57.01986325683337 0.0 1.6431676725154984 0.6085806194501846 1 0 0 0.9942369970791791 -0.1072044478507136 3.3564143808052402
cell 42.49661121515038 9.46736733074988 0.0 1.0 1.0 1 0 0 0.0 1.0 0
cell 30.048540243760545 24.104395344128893 0.0 1.0 1.0 1 0 0 0.0 1.0 0
cell 38.00914219055626 56.7839955187616 0.0 1.0 1.0 1 0 0 0.0 1.0 0
cell 39.742958523477604 23.740394882005965 0.0 1.0 1.0 1 0 0 0.0 1.0 0
cell 40.44889120865413 3.7883375336954663 0.0 1.0 1.0 1 0 0 0.0 1.0 0
cell 5.982906404080536 2.4343993173067604 0.0 1.6431676725154984 0.6085806194501846 1 0 0 0.5107137333478099 -0.8597508258617389 5.211155809567516
cell 28.093181376087806 54.807413925434275 0.0 1.0 1.0 1 0 0 0.0 1.0 0
cell 55.169520043458895 32.298000635383715 0.0 1.0 1.0 1 0 0 0.0 1.0 0
cell 10.915137310360139 6.832439566266083 0.0 1.6431676725154984 0.6085806194501846 1 0 0 0.8096226804016725 0.5869506924599469 1.8870179653221086
cell 35.39122750859738 7.991411265003167 0.0 1.0 1.0 1 0 0 0.0 1.0 0
cell 42.35821842182302 51.65443704694837 0.0 1.0 1.0 1 0 0 0.0 1.0 0
cell 44.573112195927045 40.92451953982884 0.0 1.0 1.0 1 0 0 0.0 1.0 0
cell 35.655316711602644 28.164294554133512 0.0 1.0 1.0 1 0 0 0.0 1.0 0
cell 43.662491440678565 19.786220934728362 0.0 1.6431676725154984 0.6085806194501846 1 0 0 0.5936961122569455 0.8046893352660941 1.2712886332144122
cell 41.252856376472984 40.0073951659254 0.0 1.0 1.0 1 0 0 0.0 1.0 0
cell 32.99485077561561 43.73087410888184 0.0 1.6431676725154984 0.6085806194501846 1 0 0 0.22070745844797093 0.9753400523845195 0.44507951294091475
cell 22.507238016373368 42.24533143747741 0.0 1.0 1.0 1 0 0 0.0 1.0 0
cell 17.6828786285834 8.13861681966099 0.0 1.0 1.0 1 0 0 0.0 1.0 0
cell 7.965061618634147 53.08076955997565 0.0 1.6431676725154984 0.6085806194501846 1 0 0 0.710059034345649 0.7041421502396547 1.5791640889573144
cell 18.317883849315614 12.531571635018897 0.0 1.0 1.0 1 0 0 0.0 1.0 0
cell 53.00081779833408 7.4228684800303135 0.0 1.0 1.0 1 0 0 0.0 1.0 0
cell 11.478806284869208 24.93131027745166 0.0 1.0 1.0 1 0 0 0.0 1.0 0
cell 7.31863029735044 11.7569821261004 0.0 1.6431676725154984 0.6085806194501846 1 0 0 0.8668164614017916 0.49862733804202547 2.0975636815888854
cell 51.72257938759054 1.0827391424190917 0.0 1.0 1.0 1 0 0 0.0 1.0 0
cell 10.991815839400383 54.98009307894239 0.0 1.6431676725154984 0.6085806194501846 1 0 0 0.9065875740755595 -0.42201773722415026 4.012932273174639
cell 31.67168390041442 42.07223643137524 0.0 1.6431676725154984 0.6085806194501846 1 0 0 0.9999316897798688 -0.01168827506419179 3.164969736018483
cell 51.25748773488765 8.448627652459036 0.0 1.0 1.0 1 0 0 0.0 1.0 0
cell 23.273749591776962 23.87790349012131 0.0 1.0 1.0 1 0 0 0.0 1.0 0
cell 52.91664762383928 40.21549967171925 0.0 1.6431676725154984 0.6085806194501846 1 0 0 0.8484417426384556 -0.5292887768965261 4.25711680584999
cell 2.0266996082893085 7.016775727199244 0.0 1.6431676725154984 0.6085806194501846 1 0 0 0.7939619590337067 0.6079674395947193 1.834596550466082
cell 35.642000164644045 53.70076412620303 0.0 1.0 1.0 1 0 0 0.0 1.0 0
cell 47.519900631859876 26.67785349931925 0.0 1.0 1.0 1 0 0 0.0 1.0 0
cell 0.45023663469553904 37.92368518572182 0.0 1.0 1.0 1 0 0 0.0 1.0 0
cell 6.044751938994513 54.539154291965644 0.0 1.6431676725154984 0.6085806194501846 1 0 0 0.8422775700424767 -0.5390440566441121 4.280196145915138
cell 28.245993531782517 23.136845825771488 0.0 1.0 1.0 1 0 0 0.0 1.0 0
cell 55.57480438474222 30.72916409812083 0.0 1.0 1.0 1 0 0 0.0 1.0 0
cell 35.907722472721794 48.89192145930121 0.0 1.0 1.0 1 0 0 0.0 1.0 0
cell 46.787120021053504 41.40628773791357 0.0 1.0 1.0 1 0 0 0.0 1.0 0
cell 17.452018349240927 50.229031900216036 0.0 1.6431676725154984 0.6085806194501846 1 0 0 0.25110214382913815 0.9679605949440353 0.5076374239276006
cell 1.2141896896592541 15.221374244114783 0.0 1.0 1.0 1 0 0 0.0 1.0 0
cell 5.523632574084404 21.72904932889264 0.0 1.0 1.0 1 0 0 0.0 1.0 0
cell 44.86823481467929 44.45409943275616 0.0 1.0 1.0 1 0 0 0.0 1.0 0
cell 34.82500766096157 34.987213485149645 0.0 1.0 1.0 1 0 0 0.0 1.0 0
cell 45.30232628506573 26.09603703446068 0.0 1.6431676725154984 0.6085806194501846 1 0 0 0.6310926624404437 0.7757074522098084 1.3659220140314217
cell 50.11075052222917 23.835886506990036 0.0 1.0 1.0 1 0 0 0.0 1.0 0
cell 17.620717474445687 56.02271768862491 0.0 1.0 1.0 1 0 0 0.0 1.0 0
cell 9.819370893161624 45.96310839954401 0.0 1.0 1.0 1 0 0 0.0 1.0 0
cell 13.998743086327305 7.85634653873503 0.0 1.6431676725154984 0.6085806194501846 1 0 0 0.7857839018987136 0.6185011394628411 1.8079250610401114
cell 58.74974651168286 39.41674911816333 0.0 1.0 1.0 1 0 0 0.0 1.0 0
cell 24.52024326739352 6.998405600579867 0.0 1.0 1.0 1 0 0 0.0 1.0 0
cell 46.10632268920734 10.38236346206546 0.0 1.6431676725154984 0.6085806194501846 1 0 0 0.9376482902194648 0.347585505809023 2.4316030187373223
cell 15.291768959441201 30.247760543187788 0.0 1.6431676725154984 0.6085806194501846 1 0 0 0.44667496064599754 0.8946963057551409 0.9260909750554683
cell 55.96459652548311 16.244645580565603 0.0 1.0 1.0 1 0 0 0.0 1.0 0
cell 19.773950033160336 25.61938956276295 0.0 1.0 1.0 1 0 0 0.0 1.0 0
cell 45.28443430042711 46.70300681221365 0.0 1.6431676725154984 0.6085806194501846 1 0 0 0.46034054395384927 0.8877424083551907 0.9567575342056818
cell 41.51563142213165 11.962802040395683 0.0 1.6431676725154984 0.6085806194501846 1 0 0 0.8879542489821084 0.4599317902848419 2.1857558930085896
cell 26.01110620959042 10.641992150987637 0.0 1.0 1.0 1 0 0 0.0 1.0 0
cell 17.952502538054308 29.262603253638673 0.0 1.0 1.0 1 0 0 0.0 1.0 0
cell 43.65427828094363 55.437104597897246 0.0 1.0 1.0 1 0 0 0.0 1.0 0
cell 34.15987531107204 42.762738697676305 0.0 1.0 1.0 1 0 0 0.0 1.0 0
cell 0.4596323106134445 7.507312467299675 0.0 1.0 1.0 1 0 0 0.0 1.0 0
cell 19.978671527050327 13.634114099176207 0.0 1.0 1.0 1 0 0 0.0 1.0 0
cell 36.61381725395977 17.817414624347677 0.0 1.0 1.0 1 0 0 0.0 1.0 0
cell 50.2182954100408 57.94317406800057 0.0 1.0 1.0 1 0 0 0.0 1.0 0
cell 26.427168309213556 19.78509894984828 0.0 1.0 1.0 1 0 0 0.0 1.0 0
cell 47.11483242813946 11.350513080903918 0.0 1.0 1.0 1 0 0 0.0 1.0 0
cell 26.639239119637054 26.06668384327913 0.0 1.0 1.0 1 0 0 0.0 1.0 0
cell 35.17213927727505 50.68836549258983 0.0 1.0 1.0 1 0 0 0.0 1.0 0
cell 23.57556493115927 19.895879706593707 0.0 1.0 1.0 1 0 0 0.0 1.0 0
cell 49.12641144979715 35.10621084124127 0.0 1.6431676725154984 0.6085806194501846 1 0 0 0.5899168971031081 0.8074639648382094 1.2619118370226634
cell 7.370649257897715 3.404340799345078 0.0 1.6431676725154984 0.6085806194501846 1 0 0 0.8088392194248007 0.5880298607386184 1.8843508203770147
cell 0.018761040030442145 28.825517396889662 0.0 1.0 1.0 1 0 0 0.0 1.0 0
cell 54.33682513173872 39.34489607556837 0.0 1.6431676725154984 0.6085806194501846 1 0 0 0.9897118218032267 -0.14307518926403018 3.4287284104406903
cell 21.60150352359239 22.739170014988716 0.0 1.0 1.0 1 0 0 0.0 1.0 0
cell 17.666293110714264 35.25634841280941 0.0 1.6431676725154984 0.6085806194501846 1 0 0 0.6327679596265663 0.7743414681327819 1.370245223478072
cell 51.47445463227253 56.49933207843771 0.0 1.0 1.0 1 0 0 0.0 1.0 0
cell 21.018985461722163 35.93365628882836 0.0 1.0 1.0 1 0 0 0.0 1.0 0
cell 2.7200160598655487 26.645574463041473 0.0 1.0 1.0 1 0 0 0.0 1.0 0
cell 19.643221377635548 53.317733847182474 0.0 1.0 1.0 1 0 0 0.0 1.0 0
cell 34.323941185715846 52.435435336619015 0.0 1.0 1.0 1 0 0 0.0 1.0 0
cell 53.865676418626336 20.880417910078133 0.0 1.0 1.0 1 0 0 0.0 1.0 0
cell 50.51577473274935 47.66740143016292 0.0 1.6431676725154984 0.6085806194501846 1 0 0 0.9305021619755811 0.3662863996366359 2.3915628406340352
cell 25.25707375555228 14.57622078154529 0.0 1.0 1.0 1 0 0 0.0 1.0 0
cell 7.5392725702937415 45.47938929454612 0.0 1.6431676725154984 0.6085806194501846 1 0 0 0.8963359705909836 -0.4433754930357781 4.060314774557548
cell 15.732892826818553 54.399877803167946 0.0 1.6431676725154984 0.6085806194501846 1 0 0 -0.19868219398989254 -0.9800639702546782 0.40002624966963296
cell 40.97551761320424 31.453851520972677 0.0 1.0 1.0 1 0 0 0.0 1.0 0
cell 56.341908801108254 46.69295046319742 0.0 1.6431676725154984 0.6085806194501846 1 0 0 0.3334867055364662 -0.9427548022844722 5.603186127338498
cell 58.67580976852297 4.4067004048525575 0.0 1.0 1.0 1 0 0 0.0 1.0 0
cell 31.838855379550253 27.04507667065473 0.0 1.0 1.0 1 0 0 0.0 1.0 0
cell 30.043106276432955 37.38799981984321 0.0 1.6431676725154984 0.6085806194501846 1 0 0 0.4712901113706826 0.8819782485550364 0.9815059093953347
cell 46.30154416275526 44.91234665618647 0.0 1.6431676725154984 0.6085806194501846 1 0 0 0.5500275877301207 0.8351464857950276 1.1647945418241075
cell 37.64499889692169 53.484068630570995 0.0 1.0 1.0 1 0 0 0.0 1.0 0
cell 5.782407108770563 44.82284393799573 0.0 1.6431676725154984 0.6085806194501846 1 0 0 0.6955607965507342 -0.7184672423303015 4.744785003307525
cell 5.7746503539076235 9.399313778664979 0.0 1.6431676725154984 0.6085806194501846 1 0 0 0.6553264939925921 0.7553457395599562 1.4292295678153062
cell 13.132418719688388 39.56948561987175 0.0 1.0 1.0 1 0 0 0.0 1.0 0
cell 13.083894434573464 35.8861226819212 0.0 1.0 1.0 1 0 0 0.0 1.0 0
cell 1.4664601353992146 30.120796258393042 0.0 1.0 1.0 1 0 0 0.0 1.0 0
cell 31.692189999106528 25.086634020355845 0.0 1.0 1.0 1 0 0 0.0 1.0 0
cell 31.049775838029856 1.756354746744755 0.0 1.0 1.0 1 0 0 0.0 1.0 0
cell 52.873147475562334 12.078469657917418 0.0 1.0 1.0 1 0 0 0.0 1.0 0
cell 40.65981545629732 44.08850077195956 0.0 1.6431676725154984 0.6085806194501846 1 0 0 -0.2529782399620478 -0.9674719686407998 0.5115147908389579
cell 38.70818041713914 26.401578291402075 0.0 1.0 1.0 1 0 0 0.0 1.0 0
cell 34.547252872511734 57.46667838747474 0.0 1.0 1.0 1 0 0 0.0 1.0 0
cell 53.629906568916184 0.31005646829881156 0.0 1.0 1.0 1 0 0 0.0 1.0 0
cell 36.11056658620899 29.873025781410156 0.0 1.0 1.0 1 0 0 0.0 1.0 0
cell 58.682679221961855 13.340024975997327 0.0 1.0 1.0 1 0 0 0.0 1.0 0
cell 56.20047151344692 40.9507818459701 0.0 1.6431676725154984 0.6085806194501846 1 0 0 0.9710292854010913 -0.23896051325155346 3.624183073381786
cell 41.12081601427332 14.915078720411769 0.0 1.6431676725154984 0.6085806194501846 1 0 0 0.5874897480857914 0.8092316083137715 1.2559066317530956
cell 47.39054242917091 33.929857015623156 0.0 1.6431676725154984 0.6085806194501846 1 0 0 0.8492750227790113 0.5279506943680534 2.029221164432547
cell 16.441152803492976 43.83341692296439 0.0 1.0 1.0 1 0 0 0.0 1.0 0
cell 9.310759658990113 40.60842443406812 0.0 1.0 1.0 1 0 0 0.0 1.0 0
cell 9.426040152563951 7.98694053917285 0.0 1.6431676725154984 0.6085806194501846 1 0 0 0.5355537644583751 0.844501134027932 1.130326681156297
cell 6.219741221499852 19.871225716626178 0.0 1.0 1.0 1 0 0 0.0 1.0 0
cell 53.27759735865171 35.85377738095965 0.0 1.6431676725154984 0.6085806194501846 1 0 0 0.4065554814655559 -0.9136260944666095 5.445823860859394
cell 58.1349430737356 19.79425113738552 0.0 1.0 1.0 1 0 0 0.0 1.0 0
cell 13.687824062099393 4.876818344731347 0.0 1.6431676725154984 0.6085806194501846 1 0 0 0.38483066485447187 -0.9229871935122747 5.493136604592405
cell 23.740167777236334 51.07068025868291 0.0 1.0 1.0 1 0 0 0.0 1.0 0
cell 50.56723459562214 25.544876645744466 0.0 1.0 1.0 1 0 0 0.0 1.0 0
cell 33.96263211920072 36.726628341851686 0.0 1.0 1.0 1 0 0 0.0 1.0 0
cell 29.38256932011675 0.8186832971932924 0.0 1.0 1.0 1 0 0 0.0 1.0 0
cell 23.13276207990578 25.803739406451765 0.0 1.0 1.0 1 0 0 0.0 1.0 0
cell 43.25069535619658 26.16907196495842 0.0 1.6431676725154984 0.6085806194501846 1 0 0 -0.5527461882804601 -0.8333496573116367 1.1713120232237433
cell 3.484858945814846 50.99739342002103 0.0 1.6431676725154984 0.6085806194501846 1 0 0 0.6369661397956594 -0.7708917801830659 4.902072676222822
cell 13.076483260554353 17.52827897519405 0.0 1.0 1.0 1 0 0 0.0 1.0 0
cell 42.29133082532189 27.069928113983238 0.0 1.0 1.0 1 0 0 0.0 1.0 0
cell 49.77378574606222 33.00931825879736 0.0 1.0 1.0 1 0 0 0.0 1.0 0
cell 18.104870162866884 52.07791284216511 0.0 1.0 1.0 1 0 0 0.0 1.0 0
cell 28.32744301384967 52.83454052090331 0.0 1.0 1.0 1 0 0 0.0 1.0 0
cell 11.236322666659438 10.535307144121333 0.0 1.0 1.0 1 0 0 0.0 1.0 0
cell 20.839290785532217 19.64572021719379 0.0 1.6431676725154984 0.6085806194501846 1 0 0 0.7389957284510802 0.6737101107531765 1.6631569576491887
cell 51.85648041915036 41.00350024506432 0.0 1.6431676725154984 0.6085806194501846 1 0 0 0.9196113193830149 -0.39282950660894933 3.949005511099272
cell 54.79697407772512 41.38102651954519 0.0 1.6431676725154984 0.6085806194501846 1 0 0 0.8894916242733414 -0.4569514748280968 4.090722458513821
cell 24.636982002139955 9.506408265101053 0.0 1.0 1.0 1 0 0 0.0 1.0 0
cell 57.19054121020095 14.709378634919485 0.0 1.0 1.0 1 0 0 0.0 1.0 0
cell 42.05351383961843 4.849545092113311 0.0 1.0 1.0 1 0 0 0.0 1.0 0
cell 58.96534177640317 9.738113926831574 0.0 1.0 1.0 1 0 0 0.0 1.0 0
cell 2.003700457445412 41.91716373465252 0.0 1.6431676725154984 0.6085806194501846 1 0 0 0.9819228996947083 -0.18928132252056964 3.522453026726997
cell 26.2496341967237 30.187851401482934 0.0 1.0 1.0 1 0 0 0.0 1.0 0
cell 31.982429613722154 49.326696733541574 0.0 1.0 1.0 1 0 0 0.0 1.0 0
cell 31.4165189421025 5.505338629775281 0.0 1.0 1.0 1 0 0 0.0 1.0 0
cell 25.017744662074833 16.54395928013148 0.0 1.0 1.0 1 0 0 0.0 1.0 0
cell 48.22893126547099 29.955367514935414 0.0 1.0 1.0 1 0 0 0.0 1.0 0
cell 47.321152660053016 16.022731849717218 0.0 1.0 1.0 1 0 0 0.0 1.0 0
cell 22.61337889950744 6.474980043704511 0.0 1.0 1.0 1 0 0 0.0 1.0 0
cell 49.06521615014638 11.363166153184405 0.0 1.0 1.0 1 0 0 0.0 1.0 0
cell 54.67854685356171 5.2679905087613355 0.0 1.0 1.0 1 0 0 0.0 1.0 0
cell 1.4991265241278555 22.22711363292547 0.0 1.0 1.0 1 0 0 0.0 1.0 0
cell 44.98721886066163 32.18179759390842 0.0 1.6431676725154984 0.6085806194501846 1 0 0 0.6451013167179902 0.7640970430309983 1.4023117449389702
cell 35.536467861520414 14.725489358614245 0.0 1.0 1.0 1 0 0 0.0 1.0 0
cell 14.565551272131938 9.860482977716497 0.0 1.0 1.0 1 0 0 0.0 1.0 0
cell 37.96411357763243 19.240085994946554 0.0 1.0 1.0 1 0 0 0.0 1.0 0
cell 29.89436703376256 32.935574135069146 0.0 1.0 1.0 1 0 0 0.0 1.0 0
cell 39.33204210646511 20.70882244302645 0.0 1.0 1.0 1 0 0 0.0 1.0 0
cell 49.519144497707984 38.09236448142481 0.0 1.6431676725154984 0.6085806194501846 1 0 0 0.7563121436062102 0.6542109303839085 1.715314979635109
cell 34.40505103147541 29.431553472731384 0.0 1.0 1.0 1 0 0 0.0 1.0 0
cell 16.468972837670282 21.53153063171811 0.0 1.0 1.0 1 0 0 0.0 1.0 0
cell 2.052767897313577 18.43533609075711 0.0 1.0 1.0 1 0 0 0.0 1.0 0
cell 49.52447887813577 55.361351134466496 0.0 1.6431676725154984 0.6085806194501846 1 0 0 0.9279876127522847 0.3726110446273912 2.377950453498288
cell 3.2227489418494093 13.341093421914312 0.0 1.0 1.0 1 0 0 0.0 1.0 0
cell 26.888759514161475 51.42656461618029 0.0 1.0 1.0 1 0 0 0.0 1.0 0
cell 56.68208983001779 20.1560798050423 0.0 1.6431676725154984 0.6085806194501846 1 0 0 0.5636005121867084 -0.8260474941932092 5.085709157797436
cell 9.181365822328559 38.7032893579326 0.0 1.0 1.0 1 0 0 0.0 1.0 0
cell 4.353083224755697 12.027267406655008 0.0 1.0 1.0 1 0 0 0.0 1.0 0
cell 32.984477431005566 10.152764804307553 0.0 1.0 1.0 1 0 0 0.0 1.0 0
cell 37.3881907986958 21.143096546055983 0.0 1.0 1.0 1 0 0 0.0 1.0 0
cell 31.076415953924247 58.84900753099496 0.0 1.0 1.0 1 0 0 0.0 1.0 0
cell 19.95715878968294 51.33244410136304 0.0 1.0 1.0 1 0 0 0.0 1.0 0
cell 31.88104808114554 7.1283410581204185 0.0 1.0 1.0 1 0 0 0.0 1.0 0
cell 39.33697086020438 7.428732622423153 0.0 1.0 1.0 1 0 0 0.0 1.0 0
cell 31.31127467990679 40.95486060961949 0.0 1.6431676725154984 0.6085806194501846 1 0 0 0.07045752082937466 0.9975147807218588 0.14103189275327682
cell 35.121810738250055 41.37229109229933 0.0 1.6431676725154984 0.6085806194501846 1 0 0 0.14329051681423463 0.989680669605661 0.28757089551145
cell 51.41581029697146 18.732862697353347 0.0 1.0 1.0 1 0 0 0.0 1.0 0
cell 41.67282371407971 53.10893929050333 0.0 1.0 1.0 1 0 0 0.0 1.0 0
cell 5.031277519522738 55.7589588525778 0.0 1.6431676725154984 0.6085806194501846 1 0 0 0.7260084657183759 -0.6876857623255334 4.6581858584266085
cell 51.96023158158717 53.106268817208644 0.0 1.6431676725154984 0.6085806194501846 1 0 0 0.9029591282857173 0.42972643931400994 2.253213063832469
cell 56.63599429340161 22.73245295208428 0.0 1.0 1.0 1 0 0 0.0 1.0 0
cell 21.14537794388245 1.1898874801266957 0.0 1.0 1.0 1 0 0 0.0 1.0 0
cell 36.14702498620848 19.73323973222567 0.0 1.0 1.0 1 0 0 0.0 1.0 0
cell 55.24702568827211 1.4317490402354265 0.0 1.0 1.0 1 0 0 0.0 1.0 0
cell 12.912450262114447 41.4437168175806 0.0 1.0 1.0 1 0 0 0.0 1.0 0
cell 20.88620501200826 10.165768906866358 0.0 1.0 1.0 1 0 0 0.0 1.0 0
cell 48.77234149445977 31.566645882732416 0.0 1.0 1.0 1 0 0 0.0 1.0 0
cell 3.2901176412691333 34.74576741400324 0.0 1.0 1.0 1 0 0 0.0 1.0 0
cell 31.284391912539007 19.422401532366596 0.0 1.0 1.0 1 0 0 0.0 1.0 0
cell 20.551630683534253 33.98140029903479 0.0 1.0 1.0 1 0 0 0.0 1.0 0
cell 51.03790236316785 6.827353776253418 0.0 1.0 1.0 1 0 0 0.0 1.0 0
cell 37.9925525858838 6.053982693582491 0.0 1.0 1.0 1 0 0 0.0 1.0 0
cell 23.292867921462722 8.3318831176524 0.0 1.0 1.0 1 0 0 0.0 1.0 0
cell 35.95405758037749 36.649389801847725 0.0 1.0 1.0 1 0 0 0.0 1.0 0
cell 33.469945919197976 25.957267795348887 0.0 1.0 1.0 1 0 0 0.0 1.0 0
cell 54.81944410287765 22.558655872216274 0.0 1.0 1.0 1 0 0 0.0 1.0 0
cell 47.34477011363386 24.660131471310887 0.0 1.0 1.0 1 0 0 0.0 1.0 0
cell 0.11375135800366487 42.13716020941598 0.0 1.6431676725154984 0.6085806194501846 1 0 0 0.9816479294772097 -0.19070223531229835 3.5253475748076637
cell 36.86567423191507 9.359171645051802 0.0 1.0 1.0 1 0 0 0.0 1.0 0
cell 14.776235246059176 35.69365990854936 0.0 1.0 1.0 1 0 0 0.0 1.0 0
cell 49.83603055072737 40.09040722873702 0.0 1.6431676725154984 0.6085806194501846 1 0 0 0.8301912732301832 0.5574786541675362 1.958901401797201
cell 31.484761935058838 8.85753323133482 0.0 1.0 1.0 1 0 0 0.0 1.0 0
cell 7.686998043846685 21.082885178978188 0.0 1.0 1.0 1 0 0 0.0 1.0 0
cell 49.986747197639886 42.88597655078606 0.0 1.6431676725154984 0.6085806194501846 1 0 0 -0.9225084558827589 -0.38597687602343206 2.3490596080631896
cell 52.78115961226138 45.416377631662264 0.0 1.6431676725154984 0.6085806194501846 1 0 0 0.8810622490400695 0.4730003312012102 2.1562065853519714
cell 56.34902062848333 50.735337827904154 0.0 1.6431676725154984 0.6085806194501846 1 0 0 0.5718376088310653 -0.8203668381439913 5.065697116460557
cell 33.193235441446525 50.96577126343625 0.0 1.0 1.0 1 0 0 0.0 1.0 0
cell 19.190189325972547 35.131659185473524 0.0 1.0 1.0 1 0 0 0.0 1.0 0
cell 37.37755196132485 7.803135751557873 0.0 1.0 1.0 1 0 0 0.0 1.0 0
cell 18.263315186607482 44.30833728785194 0.0 1.0 1.0 1 0 0 0.0 1.0 0
cell 39.97642076533571 10.791159497866685 0.0 1.0 1.0 1 0 0 0.0 1.0 0
cell 41.99815844897249 42.51925150758662 0.0 1.6431676725154984 0.6085806194501846 1 0 0 0.5121021206035438 0.8589245706541137 1.0752607929608897
cell 1.46588069425982 39.51117642437153 0.0 1.0 1.0 1 0 0 0.0 1.0 0
cell 46.03660675024801 5.212007355331104 0.0 1.6431676725154984 0.6085806194501846 1 0 0 0.6287537968365033 0.7776044386213862 1.3598991055603642
cell 21.382407492755743 28.743073031431532 0.0 1.0 1.0 1 0 0 0.0 1.0 0
cell 38.7512054501725 31.66863465528182 0.0 1.6431676725154984 0.6085806194501846 1 0 0 0.2304075927797611 -0.9730942098221712 5.818192257748851
cell 43.14472295489391 7.929340288333121 0.0 1.0 1.0 1 0 0 0.0 1.0 0
cell 29.33368813931958 2.794397790184533 0.0 1.0 1.0 1 0 0 0.0 1.0 0
cell 2.4155537426916682 11.590852239885493 0.0 1.0 1.0 1 0 0 0.0 1.0 0
cell 38.58336708387802 55.077523809665685 0.0 1.0 1.0 1 0 0 0.0 1.0 0
cell 10.918711369854478 32.69989525032479 0.0 1.0 1.0 1 0 0 0.0 1.0 0
cell 42.70079591832846 32.49851071804644 0.0 1.0 1.0 1 0 0 0.0 1.0 0
cell 4.667778305034856 14.058470284387333 0.0 1.0 1.0 1 0 0 0.0 1.0 0
cell 47.52474498488902 47.800062655884155 0.0 1.6431676725154984 0.6085806194501846 1 0 0 0.5660772250734519 0.8243522155323781 1.2034788431852221
cell 31.987308093467085 37.03800556226608 0.0 1.0 1.0 1 0 0 0.0 1.0 0
cell 19.526785956739815 19.512070899005952 0.0 1.0 1.0 1 0 0 0.0 1.0 0
cell 9.682881788539198 19.5781873745761 0.0 1.0 1.0 1 0 0 0.0 1.0 0
cell 9.184610502572959 52.92393326260863 0.0 1.6431676725154984 0.6085806194501846 1 0 0 0.7799136402422565 -0.6258871413953734 4.494129655960305
cell 53.00211279846851 19.128173859020787 0.0 1.0 1.0 1 0 0 0.0 1.0 0
cell 49.32852916868456 7.967612709143858 0.0 1.0 1.0 1 0 0 0.0 1.0 0
cell 27.619909885651875 9.454982642131352 0.0 1.0 1.0 1 0 0 0.0 1.0 0
cell 20.570382818296558 41.72722615332526 0.0 1.0 1.0 1 0 0 0.0 1.0 0
cell 6.849489333206748 42.933581497738196 0.0 1.0 1.0 1 0 0 0.0 1.0 0
cell 41.608156727911364 25.431477982016617 0.0 1.0 1.0 1 0 0 0.0 1.0 0
cell 47.78567409496425 17.71273618753454 0.0 1.0 1.0 1 0 0 0.0 1.0 0
cell 22.072473367857853 32.712053300553485 0.0 1.0 1.0 1 0 0 0.0 1.0 0
cell 7.793803627792255 37.2581115644618 0.0 1.0 1.0 1 0 0 0.0 1.0 0
cell 44.79861722871372 0.19244221593101674 0.0 1.6431676725154984 0.6085806194501846 1 0 0 0.4951926463355898 0.8687831967845346 1.0361131206547058
cell 13.557261387581526 30.505991002461766 0.0 1.0 1.0 1 0 0 0.0 1.0 0
cell 39.09151099200768 28.23867832988481 0.0 1.0 1.0 1 0 0 0.0 1.0 0
cell 7.617048549241507 26.489948817407228 0.0 1.0 1.0 1 0 0 0.0 1.0 0
cell 56.851538688862156 2.7911777875539925 0.0 1.0 1.0 1 0 0 0.0 1.0 0
cell 49.652970867902276 4.0580122843388855 0.0 1.0 1.0 1 0 0 0.0 1.0 0
cell 26.65538552806452 40.67561138056929 0.0 1.6431676725154984 0.6085806194501846 1 0 0 0.10824774976223792 -0.994123948344175 6.066264762205361
cell 37.17058642947476 1.3136271309048906 0.0 1.0 1.0 1 0 0 0.0 1.0 0
cell 1.4832115103569674 13.3753177954616 0.0 1.0 1.0 1 0 0 0.0 1.0 0
cell 17.407419211221598 40.843760470716575 0.0 1.6431676725154984 0.6085806194501846 1 0 0 0.6152563837167305 0.7883270782459595 1.3254223005942225
cell 28.097788159253547 18.992448083930842 0.0 1.0 1.0 1 0 0 0.0 1.0 0
cell 3.3763321770896373 29.646741307801893 0.0 1.0 1.0 1 0 0 0.0 1.0 0
cell 44.20778539140414 14.88570049061969 0.0 1.6431676725154984 0.6085806194501846 1 0 0 0.8039225024292198 0.5947340666953097 1.867723026576897
cell 4.8929738096714726 18.632107846689163 0.0 1.0 1.0 1 0 0 0.0 1.0 0
cell 15.166072892236263 58.42091240992229 0.0 1.6431676725154984 0.6085806194501846 1 0 0 0.995555065121739 -0.09418127367184025 3.330234784507806
cell 58.02252030815981 6.227861541222585 0.0 1.0 1.0 1 0 0 0.0 1.0 0
cell 22.698265594114858 46.14762305895133 0.0 1.6431676725154984 0.6085806194501846 1 0 0 0.9341456575061823 -0.3568919872487226 3.8714699577353344
cell 20.98025742490651 3.155904919386206 0.0 1.0 1.0 1 0 0 0.0 1.0 0
cell 49.68756635073613 21.976226127154334 0.0 1.0 1.0 1 0 0 0.0 1.0 0
cell 53.54758090873885 13.908212043754148 0.0 1.0 1.0 1 0 0 0.0 1.0 0
cell 0.40517919933341695 20.93090297046116 0.0 1.0 1.0 1 0 0 0.0 1.0 0
cell 32.76994591278537 57.98748963583198 0.0 1.0 1.0 1 0 0 0.0 1.0 0
cell 39.36198704221425 13.929719469275732 0.0 1.0 1.0 1 0 0 0.0 1.0 0
cell 0.8268429910260529 46.6058842172451 0.0 1.6431676725154984 0.6085806194501846 1 0 0 0.74776101766614 -0.6639679664403235 4.5938182653055355
cell 46.91644401337299 8.679653538302386 0.0 1.6431676725154984 0.6085806194501846 1 0 0 0.9461710603698466 0.3236669963382121 2.482387557697187
cell 9.915279323561426 2.896832849442229 0.0 1.6431676725154984 0.6085806194501846 1 0 0 0.7467766389068552 0.6650749217817346 1.6864043727593003
cell 10.159168662369915 56.04758898404712 0.0 1.6431676725154984 0.6085806194501846 1 0 0 0.8344853123727187 -0.5510301837778091 4.308789152368196
cell 17.80386261218072 54.03542399512639 0.0 1.0 1.0 1 0 0 0.0 1.0 0
cell 23.52331440305371 40.9104183263671 0.0 1.6431676725154984 0.6085806194501846 1 0 0 0.47590098354126104 0.8794988651865677 0.991976352873812
cell 23.386595786743683 21.880290424909614 0.0 1.0 1.0 1 0 0 0.0 1.0 0
cell 32.97977691260281 47.6552851924525 0.0 1.0 1.0 1 0 0 0.0 1.0 0
cell 16.499841900016555 27.838272041078795 0.0 1.0 1.0 1 0 0 0.0 1.0 0
cell 34.97754740297439 55.562372530443746 0.0 1.0 1.0 1 0 0 0.0 1.0 0
cell 57.19459340627781 52.39548611190695 0.0 1.6431676725154984 0.6085806194501846 1 0 0 0.7517304238449323 0.6594705223631444 1.7013642576409298
cell 38.8426495778819 1.0603405142783278 0.0 1.0 1.0 1 0 0 0.0 1.0 0
cell 29.862765355382663 54.12340043826371 0.0 1.0 1.0 1 0 0 0.0 1.0 0
cell 56.383365701652494 48.4257979191586 0.0 1.6431676725154984 0.6085806194501846 1 0 0 0.48159894655134927 -0.876391724447824 5.278228776512772
cell 25.084026395133183 32.09126428779579 0.0 1.6431676725154984 0.6085806194501846 1 0 0 0.9801757108551427 0.19813019923680458 2.742692786053564
cell 25.114805101793817 52.376512454730104 0.0 1.0 1.0 1 0 0 0.0 1.0 0
cell 9.025481369431292 33.16714991576479 0.0 1.0 1.0 1 0 0 0.0 1.0 0
cell 41.35705994690015 50.29549217869132 0.0 1.0 1.0 1 0 0 0.0 1.0 0
cell 43.45952893458602 47.88794457912793 0.0 1.0 1.0 1 0 0 0.0 1.0 0
cell 45.69583372822321 56.36235406121716 0.0 1.6431676725154984 0.6085806194501846 1 0 0 0.90371078447102 0.42814345496664274 2.2567178190311927
cell 37.73890332483375 33.458270556918194 0.0 1.0 1.0 1 0 0 0.0 1.0 0
cell 20.57225744237195 43.4060275745901 0.0 1.0 1.0 1 0 0 0.0 1.0 0
cell 0.8399630679339226 33.54550008415038 0.0 1.6431676725154984 0.6085806194501846 1 0 0 0.9350442129894295 -0.3545311266376739 3.8664178024825957
cell 51.824388516523825 32.93220529093819 0.0 1.0 1.0 1 0 0 0.0 1.0 0
cell 27.624445007644155 47.82402763625574 0.0 1.6431676725154984 0.6085806194501846 1 0 0 0.14129566822181966 0.9899674409503322 0.28354018337310954
cell 43.0997097313184 45.01182435616426 0.0 1.6431676725154984 0.6085806194501846 1 0 0 0.3091505697243484 0.9510131046621338 0.6285994359965239
cell 11.359862751244306 18.56153764222631 0.0 1.0 1.0 1 0 0 0.0 1.0 0
cell 51.7442278896344 28.689163901123553 0.0 1.0 1.0 1 0 0 0.0 1.0 0
cell 9.659060740885195 25.87435540680248 0.0 1.0 1.0 1 0 0 0.0 1.0 0
cell 16.24558602166501 32.481507826407295 0.0 1.6431676725154984 0.6085806194501846 1 0 0 0.34871027208614824 0.9372305725602449 0.71238929098924
cell 6.842947229588353 9.678719190988849 0.0 1.6431676725154984 0.6085806194501846 1 0 0 0.7421517637403414 0.6702318700099992 1.672550308055428
cell 59.06029562718434 49.39279347193825 0.0 1.6431676725154984 0.6085806194501846 1 0 0 0.5656770598128521 -0.824626863497356 5.080677162186557
cell 27.30075507154098 35.878890292963916 0.0 1.0 1.0 1 0 0 0.0 1.0 0
cell 13.079990703762265 11.155689015419448 0.0 1.0 1.0 1 0 0 0.0 1.0 0
cell 44.6686341574935 49.19347769661247 0.0 1.0 1.0 1 0 0 0.0 1.0 0
cell 8.779308336011425 42.495132540800604 0.0 1.0 1.0 1 0 0 0.0 1.0 0
cell 6.152961633741543 25.06242011265316 0.0 1.0 1.0 1 0 0 0.0 1.0 0
cell 11.381306496809312 16.518943510816136 0.0 1.0 1.0 1 0 0 0.0 1.0 0
cell 44.72596523049212 36.39733972362816 0.0 1.0 1.0 1 0 0 0.0 1.0 0
cell 9.070693415083827 27.80392076139722 0.0 1.0 1.0 1 0 0 0.0 1.0 0
cell 47.399825813765304 38.623654055806846 0.0 1.6431676725154984 0.6085806194501846 1 0 0 0.6991370495534229 0.7149876823706368 1.548379677541194
cell 38.660689695850344 43.87738512949092 0.0 1.6431676725154984 0.6085806194501846 1 0 0 -0.22466576065377664 -0.9744358860334834 0.4532000291291878
cell 20.02650066266664 46.58413865477809 0.0 1.6431676725154984 0.6085806194501846 1 0 0 0.9764763181209214 0.21562467425832588 2.706929638382732
cell 26.64554670491195 28.1027635241967 0.0 1.0 1.0 1 0 0 0.0 1.0 0
cell 22.10490944211606 12.122814723589288 0.0 1.0 1.0 1 0 0 0.0 1.0 0
cell 51.999550079734625 58.35168885928826 0.0 1.0 1.0 1 0 0 0.0 1.0 0
cell 39.64835088701137 53.374511915711565 0.0 1.0 1.0 1 0 0 0.0 1.0 0
cell 13.075544189949749 52.686360903008435 0.0 1.6431676725154984 0.6085806194501846 1 0 0 0.9762520612580987 0.2166377457630907 2.704854446718447
cell 27.096902595894456 13.807794786408321 0.0 1.0 1.0 1 0 0 0.0 1.0 0
cell 50.120173293608914 20.257670631856584 0.0 1.0 1.0 1 0 0 0.0 1.0 0
cell 56.32104259149809 18.201579506257108 0.0 1.0 1.0 1 0 0 0.0 1.0 0
cell 11.260995003742572 40.18988638620019 0.0 1.0 1.0 1 0 0 0.0 1.0 0
cell 41.491939903403996 47.6474116846714 0.0 1.0 1.0 1 0 0 0.0 1.0 0
cell 4.237456064504826 48.107688451440175 0.0 1.6431676725154984 0.6085806194501846 1 0 0 0.7509765098043074 -0.6603289193440955 4.584105984460729
cell 4.651687108006688 45.79912988548167 0.0 1.6431676725154984 0.6085806194501846 1 0 0 0.8158317630699594 -0.5782893171814274 4.374853195925824
cell 44.33736632496808 17.66970576337295 0.0 1.6431676725154984 0.6085806194501846 1 0 0 0.7387183520341948 0.6740142404785551 1.6623337138969616
cell 38.069754826450925 44.90790472452431 0.0 1.6431676725154984 0.6085806194501846 1 0 0 0.03673311221215481 -0.9993251114963585 6.209702551122297
cell 58.357977656962085 46.11864387547095 0.0 1.0 1.0 1 0 0 0.0 1.0 0
cell 33.9941671726121 49.220446934567924 0.0 1.0 1.0 1 0 0 0.0 1.0 0
cell 35.13482083705745 16.519027458270074 0.0 1.0 1.0 1 0 0 0.0 1.0 0
cell 21.50599878669462 52.54736283210032 0.0 1.0 1.0 1 0 0 0.0 1.0 0
cell 49.798509173025785 0.49084694704387355 0.0 1.0 1.0 1 0 0 0.0 1.0 0
cell 12.041775503518384 1.0270480182741415 0.0 1.6431676725154984 0.6085806194501846 1 0 0 0.937024730537269 0.3492630160231089 2.4280237070434425
cell 43.43164735083145 24.580200357950996 0.0 1.6431676725154984 0.6085806194501846 1 0 0 0.41978808289535363 0.9076221490571083 0.8664236428313529
cell 31.901872642506657 28.919007994301474 0.0 1.0 1.0 1 0 0 0.0 1.0 0
cell 54.565697993752124 8.732629045736784 0.0 1.0 1.0 1 0 0 0.0 1.0 0
cell 50.74017736997062 31.27493046963327 0.0 1.0 1.0 1 0 0 0.0 1.0 0
cell 37.65048626964664 58.567637765677645 0.0 1.0 1.0 1 0 0 0.0 1.0 0
cell 9.702483914982025 47.930571071633054 0.0 1.0 1.0 1 0 0 0.0 1.0 0
cell 51.98622825556355 48.49887955602125 0.0 1.6431676725154984 0.6085806194501846 1 0 0 0.9992973815421978 0.03747990452105205 3.066615283563646
cell 13.148240932499816 25.85794682794515 0.0 1.0 1.0 1 0 0 0.0 1.0 0
cell 17.06436364057559 47.23434384858337 0.0 1.6431676725154984 0.6085806194501846 1 0 0 0.04934210732445943 0.9987819363829031 0.09872430206502325
cell 43.4435995730149 43.816498544421066 0.0 1.6431676725154984 0.6085806194501846 1 0 0 0.5246828375875755 0.8512977857019539 1.1046850137723336
cell 23.97730055121313 35.96239146171752 0.0 1.0 1.0 1 0 0 0.0 1.0 0
cell 3.5217535429861373 22.025851994319734 0.0 1.0 1.0 1 0 0 0.0 1.0 0
cell 33.06293365385319 18.93757492196434 0.0 1.0 1.0 1 0 0 0.0 1.0 0
cell 43.70484580288912 1.060138797293943 0.0 1.0 1.0 1 0 0 0.0 1.0 0
cell 39.82592890894685 37.2055950337312 0.0 1.0 1.0 1 0 0 0.0 1.0 0
