1000
 Lattice="59.74940712514713 0.0 0.0 0.0 59.74940712514713 0.0 0.0 0.0 1.0"Properties=species:S:1:pos:R:3:aspherical_shape:R:3:orientation:R:4:Color:R:1
cell 7.975003511887205 36.66367707069585 0.0 1.0 1.0 1 0 0 0.0 1.0 0
cell 51.85032403805998 58.149991441309446 0.0 1.6431676725154984 0.6085806194501846 1 0 0 0.7866498887639359 -0.6173993460538221 4.472457474448239
cell 1.0176089433626185 45.273245649755125 0.0 1.0 1.0 1 0 0 0.0 1.0 0
cell 44.301873499675736 33.12707727013005 0.0 1.0 1.0 1 0 0 0.0 1.0 0
cell 38.71641805005215 51.96808602065995 0.0 1.6431676725154984 0.6085806194501846 1 0 0 0.3824155236931229 0.9239904584131345 0.7848182337023821
cell 0.9393193476080841 8.899671806070709 0.0 1.0 1.0 1 0 0 0.0 1.0 0
cell 5.246282153320517 52.96403622796119 0.0 1.0 1.0 1 0 0 0.0 1.0 0
cell 37.98089067107957 46.652739871328166 0.0 1.6431676725154984 0.6085806194501846 1 0 0 0.5701445663039098 0.8215443831675358 1.2133636268445962
cell 28.827052679595194 44.35065885047771 0.0 1.0 1.0 1 0 0 0.0 1.0 0
cell 10.079085501484943 39.18966396199738 0.0 1.0 1.0 1 0 0 0.0 1.0 0
cell 33.28380253758838 54.11252080631346 0.0 1.0 1.0 1 0 0 0.0 1.0 0
cell 11.322794051582196 49.45993136596521 0.0 1.0 1.0 1 0 0 0.0 1.0 0
cell 54.030010571050695 19.002260967589628 0.0 1.0 1.0 1 0 0 0.0 1.0 0
cell 33.03880923292401 49.08619814347369 0.0 1.6431676725154984 0.6085806194501846 1 0 0 0.6008362165609484 0.7993721541739648 1.2890935794564613
cell 50.093107632431696 55.225035080675184 0.0 1.6431676725154984 0.6085806194501846 1 0 0 0.7162272938485261 -0.6978670815752932 4.686422989722681
cell 9.851946692723498 54.831049136032675 0.0 1.0 1.0 1 0 0 0.0 1.0 0
cell 31.41432962839786 14.261362917130757 0.0 1.0 1.0 1 0 0 0.0 1.0 0
cell 30.84446830406227 32.54367191922407 0.0 1.6431676725154984 0.6085806194501846 1 0 0 0.9335899527883532 0.35834313172243215 2.4086075344543505
cell 27.554023655911042 11.535107481789753 0.0 1.6431676725154984 0.6085806194501846 1 0 0 0.8627829952371538 0.5055744288723525 2.0814974104186295
cell 51.92959925020963 32.91628658527318 0.0 1.6431676725154984 0.6085806194501846 1 0 0 0.609178272257746 -0.7930333111597946 4.973137317384715
cell 26.30782242930857 7.499839039337159 0.0 1.0 1.0 1 0 0 0.0 1.0 0
cell 14.581148532010749 47.245266463473676 0.0 1.0 1.0 1 0 0 0.0 1.0 0
cell 16.933147452531696 42.45184967762874 0.0 1.0 1.0 1 0 0 0.0 1.0 0
cell 1.8651003412366094 26.72590406870188 0.0 1.0 1.0 1 0 0 0.0 1.0 0
cell 0.06420861238984102 42.88190262440879 0.0 1.0 1.0 1 0 0 0.0 1.0 0
cell 28.553723968200142 31.275875485370694 0.0 1.6431676725154984 0.6085806194501846 1 0 0 0.6527615264588881 0.7575634558075398 1.422448023796582
cell 7.9481704405141596 19.763790869839717 0.0 1.0 1.0 1 0 0 0.0 1.0 0
cell 33.46606314871047 25.2493945578875 0.0 1.6431676725154984 0.6085806194501846 1 0 0 0.9004628738880096 0.43493288303983924 2.241665174863634
cell 53.722713806741005 20.904161533260048 0.0 1.0 1.0 1 0 0 0.0 1.0 0
cell 11.337888396335407 58.16504128660919 0.0 1.0 1.0 1 0 0 0.0 1.0 0
cell 11.230286311616753 11.910164922483204 0.0 1.6431676725154984 0.6085806194501846 1 0 0 0.7245258654683567 -0.6892476117240659 4.662492819692855
cell 4.068477484377299 13.565690594965872 0.0 1.0 1.0 1 0 0 0.0 1.0 0
cell 45.970367173468574 40.05950165963236 0.0 1.6431676725154984 0.6085806194501846 1 0 0 0.7220498874952933 0.691840993269432 1.6135214042948478
cell 46.96394722125514 52.76352241845973 0.0 1.6431676725154984 0.6085806194501846 1 0 0 0.6991289491577218 0.7149956030981026 1.5483570188268347
cell 7.188265029560173 53.10813816657229 0.0 1.0 1.0 1 0 0 0.0 1.0 0
cell 55.84631108969317 28.702205698358092 0.0 1.0 1.0 1 0 0 0.0 1.0 0
cell 50.61787337677933 24.706050504684203 0.0 1.0 1.0 1 0 0 0.0 1.0 0
cell 2.3221373625181863 14.523628018000084 0.0 1.0 1.0 1 0 0 0.0 1.0 0
cell 14.672093264183964 29.966189203176658 0.0 1.6431676725154984 0.6085806194501846 1 0 0 0.6766600602527959 -0.736295567594076 4.796751338420703
cell 21.67625759775693 38.77720581805405 0.0 1.6431676725154984 0.6085806194501846 1 0 0 -0.1856592386214605 0.9826141903689869 5.909699861832115
cell 27.799659134259258 16.393487187907688 0.0 1.0 1.0 1 0 0 0.0 1.0 0
cell 44.03647728093182 46.11592858363196 0.0 1.0 1.0 1 0 0 0.0 1.0 0
cell 30.457721365413498 49.47326642286085 0.0 1.0 1.0 1 0 0 0.0 1.0 0
cell 48.929895324434895 12.283697917915205 0.0 1.6431676725154984 0.6085806194501846 1 0 0 0.9744350274096574 -0.22466948470395412 3.5948003262219994
cell 14.282713937982802 55.52277042880372 0.0 1.0 1.0 1 0 0 0.0 1.0 0
cell 51.82401301081315 52.35919279607171 0.0 1.6431676725154984 0.6085806194501846 1 0 0 0.9022133896390205 -0.43128992517339065 4.033436699963655
cell 53.327767685482215 59.001140926360534 0.0 1.6431676725154984 0.6085806194501846 1 0 0 0.7005676589058495 -0.7135859831128812 4.730799931062918
cell 33.09117735573542 15.12860047501356 0.0 1.0 1.0 1 0 0 0.0 1.0 0
cell 14.207452915064584 43.35999699686333 0.0 1.0 1.0 1 0 0 0.0 1.0 0
cell 27.33266883571616 9.375543155968273 0.0 1.0 1.0 1 0 0 0.0 1.0 0
cell 41.10683914530462 34.300325225331264 0.0 1.6431676725154984 0.6085806194501846 1 0 0 0.4076916170666733 0.913119677464877 0.8398492264417237
cell 56.294125483470204 16.575452946165903 0.0 1.0 1.0 1 0 0 0.0 1.0 0
cell 45.90094953352287 14.362384240000287 0.0 1.6431676725154984 0.6085806194501846 1 0 0 0.8470049791630756 -0.531584955837689 4.262534086163823
cell 52.31056513987756 23.886851160049886 0.0 1.0 1.0 1 0 0 0.0 1.0 0
cell 31.455952743638015 55.01055402558321 0.0 1.0 1.0 1 0 0 0.0 1.0 0
cell 44.95175960714157 31.215258153870668 0.0 1.0 1.0 1 0 0 0.0 1.0 0
cell 31.676154244726472 26.263283508444243 0.0 1.6431676725154984 0.6085806194501846 1 0 0 0.7857276776561946 0.6185725637021119 1.8077432634888855
cell 56.659718344876346 57.67544551877238 0.0 1.6431676725154984 0.6085806194501846 1 0 0 0.7689518487987086 -0.6393066980949347 4.528785269429931
cell 37.27580761678779 12.226415033503693 0.0 1.0 1.0 1 0 0 0.0 1.0 0
cell 18.096018961842496 20.06915927202401 0.0 1.0 1.0 1 0 0 0.0 1.0 0
cell 17.727515608574326 47.59318726079857 0.0 1.0 1.0 1 0 0 0.0 1.0 0
cell 46.713667103655595 43.54779795322752 0.0 1.6431676725154984 0.6085806194501846 1 0 0 0.857455521258597 -0.5145580910481805 4.222577047704131
cell 53.5923442288968 47.589949680707576 0.0 1.0 1.0 1 0 0 0.0 1.0 0
cell 33.39300555646929 23.613639043572096 0.0 1.6431676725154984 0.6085806194501846 1 0 0 0.9155993690101207 0.40209177493237624 2.313992054715447
cell 34.61599394172853 26.364919914935466 0.0 1.0 1.0 1 0 0 0.0 1.0 0
cell 44.294261259106314 49.31670657601689 0.0 1.6431676725154984 0.6085806194501846 1 0 0 0.6264329364384711 0.779475321062235 1.3539370251598322
cell 11.399901956850005 5.964228666942204 0.0 1.6431676725154984 0.6085806194501846 1 0 0 0.864416660929758 -0.5027761294125326 4.195207355842674
cell 51.44495210882118 49.02819863359334 0.0 1.6431676725154984 0.6085806194501846 1 0 0 0.9908513827803235 -0.13495753866428087 3.4123338715028817
cell 27.191735259295598 47.88337356598981 0.0 1.0 1.0 1 0 0 0.0 1.0 0
cell 55.50256317509196 56.17825494835789 0.0 1.6431676725154984 0.6085806194501846 1 0 0 0.7720316937818074 -0.6355840336229299 4.519122201324658
cell 22.782103562318376 12.121833874981688 0.0 1.0 1.0 1 0 0 0.0 1.0 0
cell 15.926281234391436 54.549118889499184 0.0 1.0 1.0 1 0 0 0.0 1.0 0
cell 9.816849272318326 25.290802746566282 0.0 1.6431676725154984 0.6085806194501846 1 0 0 0.7191870472412114 0.6948165161252772 1.6052631684517276
cell 54.33195140971939 44.660571287487585 0.0 1.0 1.0 1 0 0 0.0 1.0 0
cell 57.52598374749739 6.05467422069441 0.0 1.6431676725154984 0.6085806194501846 1 0 0 0.9945388587944322 0.10436694087625872 2.9324779647833066
cell 41.78362958218367 25.30124774582456 0.0 1.0 1.0 1 0 0 0.0 1.0 0
cell 31.65637677589199 7.245924642191859 0.0 1.0 1.0 1 0 0 0.0 1.0 0
cell 30.974778385932204 9.069112071097818 0.0 1.0 1.0 1 0 0 0.0 1.0 0
cell 9.62899872334735 35.51760309944522 0.0 1.0 1.0 1 0 0 0.0 1.0 0
cell 45.85034778183733 3.52297842031108 0.0 1.6431676725154984 0.6085806194501846 1 0 0 0.33603154680236175 -0.9418507310362997 5.597784806639489
cell 17.224397927740956 44.44672908348524 0.0 1.0 1.0 1 0 0 0.0 1.0 0
cell 36.92825547787732 37.481177700053266 0.0 1.6431676725154984 0.6085806194501846 1 0 0 0.7506701972614466 -0.6606771185257295 4.585033497367074
cell 20.63655083150626 40.87897027410657 0.0 1.0 1.0 1 0 0 0.0 1.0 0
cell 39.4152167253663 43.48230382285392 0.0 1.6431676725154984 0.6085806194501846 1 0 0 0.7336217561552236 0.6795580320294402 1.6472726140291585
cell 0.9016428356074684 35.783970750076186 0.0 1.0 1.0 1 0 0 0.0 1.0 0
cell 29.82120354342743 47.729513057627564 0.0 1.0 1.0 1 0 0 0.0 1.0 0
cell 28.242604513493816 46.905996875314486 0.0 1.0 1.0 1 0 0 0.0 1.0 0
cell 0.009567933771242381 53.48677690611944 0.0 1.0 1.0 1 0 0 0.0 1.0 0
cell 3.4667945318172193 42.09414609007306 0.0 1.0 1.0 1 0 0 0.0 1.0 0
cell 46.02903718149065 23.622814882813483 0.0 1.0 1.0 1 0 0 0.0 1.0 0
cell 54.37213687193096 42.67350398829827 0.0 1.0 1.0 1 0 0 0.0 1.0 0
cell 48.53881456200225 38.47231320461055 0.0 1.6431676725154984 0.6085806194501846 1 0 0 0.6489175590162414 -0.7608587264403313 4.870863476943463
cell 33.145959199453 31.308004820196782 0.0 1.0 1.0 1 0 0 0.0 1.0 0
cell 7.044301351359433 5.353466795626465 0.0 1.0 1.0 1 0 0 0.0 1.0 0
cell 33.91362869416994 28.252741420296097 0.0 1.0 1.0 1 0 0 0.0 1.0 0
cell 20.717694654520862 27.493722355717715 0.0 1.6431676725154984 0.6085806194501846 1 0 0 0.9898356060099236 -0.14221628976656417 3.426992863352502
cell 22.079116743040004 22.116632318329472 0.0 1.0 1.0 1 0 0 0.0 1.0 0
cell 42.344494256524094 33.261617968544144 0.0 1.0 1.0 1 0 0 0.0 1.0 0
cell 5.930969336392133 49.6283053508953 0.0 1.0 1.0 1 0 0 0.0 1.0 0
cell 8.24276630210121 38.46419533910507 0.0 1.0 1.0 1 0 0 0.0 1.0 0
cell 14.5636490336442 57.42747674918796 0.0 1.0 1.0 1 0 0 0.0 1.0 0
cell 6.579911254504492 26.707870077768444 0.0 1.0 1.0 1 0 0 0.0 1.0 0
cell 40.21310898941194 35.720707093836424 0.0 1.6431676725154984 0.6085806194501846 1 0 0 0.9954344817394857 -0.09544732874230426 3.3327783536627784
cell 26.010258701717092 10.40898319371255 0.0 1.0 1.0 1 0 0 0.0 1.0 0
cell 41.35704960673798 23.35177787069141 0.0 1.0 1.0 1 0 0 0.0 1.0 0
cell 29.482855632261902 24.89639026760847 0.0 1.6431676725154984 0.6085806194501846 1 0 0 0.6711639825603308 0.7413089157117672 1.4715556913630066
cell 59.39463474635934 46.393875434868114 0.0 1.0 1.0 1 0 0 0.0 1.0 0
cell 35.58306570000591 35.22035757978385 0.0 1.6431676725154984 0.6085806194501846 1 0 0 0.7997404617019541 -0.6003458952276972 4.4294597495252885
cell 3.893013811423859 31.354016574652523 0.0 1.0 1.0 1 0 0 0.0 1.0 0
cell 52.475916957078205 17.791701022082602 0.0 1.0 1.0 1 0 0 0.0 1.0 0
cell 40.44391463000777 19.526812240811896 0.0 1.0 1.0 1 0 0 0.0 1.0 0
cell 42.4631688891874 59.306413341105475 0.0 1.6431676725154984 0.6085806194501846 1 0 0 0.6222986064525691 0.782779946349669 1.3433515071058075
cell 18.606396972706776 43.30762770057631 0.0 1.0 1.0 1 0 0 0.0 1.0 0
cell 37.019977498477004 18.318344106767345 0.0 1.0 1.0 1 0 0 0.0 1.0 0
cell 5.847481005176225 6.852891771391961 0.0 1.0 1.0 1 0 0 0.0 1.0 0
cell 17.319026432663847 36.54079272340037 0.0 1.0 1.0 1 0 0 0.0 1.0 0
cell 49.03849409366025 25.548553033085344 0.0 1.0 1.0 1 0 0 0.0 1.0 0
cell 56.23420837301168 43.291247339438804 0.0 1.0 1.0 1 0 0 0.0 1.0 0
cell 58.93485359101539 23.186645047821507 0.0 1.6431676725154984 0.6085806194501846 1 0 0 0.8459988930344952 0.5331846518650071 2.016871677265123
cell 6.953312891990575 41.41738260243553 0.0 1.0 1.0 1 0 0 0.0 1.0 0
cell 20.992663350547364 33.91650596837618 0.0 1.6431676725154984 0.6085806194501846 1 0 0 0.5417732152372393 0.8405247071035473 1.145090662535266
cell 51.62372749596274 28.027282895778775 0.0 1.0 1.0 1 0 0 0.0 1.0 0
cell 23.631044921337065 58.50464745327816 0.0 1.0 1.0 1 0 0 0.0 1.0 0
cell 26.504763812204313 20.096059191219084 0.0 1.0 1.0 1 0 0 0.0 1.0 0
cell 10.143622639361759 41.00065540323619 0.0 1.0 1.0 1 0 0 0.0 1.0 0
cell 54.15809046189231 34.91971515412298 0.0 1.0 1.0 1 0 0 0.0 1.0 0
cell 24.207335793982015 56.90148401083684 0.0 1.0 1.0 1 0 0 0.0 1.0 0
cell 39.55592586998926 9.939117071080176 0.0 1.0 1.0 1 0 0 0.0 1.0 0
cell 8.745178866443904 0.25466886633873725 0.0 1.6431676725154984 0.6085806194501846 1 0 0 0.9642098168643013 -0.26514039500330877 3.6782917049580375
cell 6.926398873200383 2.9339591571532706 0.0 1.6431676725154984 0.6085806194501846 1 0 0 0.8523839835738013 -0.5229163838959893 4.2421302893941615
cell 55.06564501710141 13.174762075725829 0.0 1.0 1.0 1 0 0 0.0 1.0 0
cell 22.871772524079237 44.635015565315086 0.0 1.6431676725154984 0.6085806194501846 1 0 0 0.7943228488853641 0.6074958532686778 1.8357842123006145
cell 55.796365736815034 33.75965739022941 0.0 1.0 1.0 1 0 0 0.0 1.0 0
cell 47.345165139136725 26.60797148812132 0.0 1.0 1.0 1 0 0 0.0 1.0 0
cell 55.324047178446165 10.26486799228385 0.0 1.0 1.0 1 0 0 0.0 1.0 0
cell 49.79122417402116 38.87381650658628 0.0 1.6431676725154984 0.6085806194501846 1 0 0 0.5679281625362883 -0.8230781264243118 5.075212345762176
cell 29.555336973843794 2.8117605681069584 0.0 1.6431676725154984 0.6085806194501846 1 0 0 0.8382293910205645 0.5453177862763084 1.9880562853358583
cell 45.71565274409929 5.842126511048386 0.0 1.6431676725154984 0.6085806194501846 1 0 0 0.9941940428634108 0.10760206845087321 2.925971058364096
cell 28.70864879019428 50.458396547974026 0.0 1.0 1.0 1 0 0 0.0 1.0 0
cell 28.856976076825582 37.3380842146755 0.0 1.6431676725154984 0.6085806194501846 1 0 0 -0.7273469121222805 -0.6862699683260106 1.6288960691481185
cell 39.023533412862136 49.98545358424224 0.0 1.6431676725154984 0.6085806194501846 1 0 0 0.6597559287842518 0.7514799494557585 1.4409878542994634
cell 11.393465204321467 33.45503166631397 0.0 1.0 1.0 1 0 0 0.0 1.0 0
cell 20.585715587731315 57.28655473267018 0.0 1.6431676725154984 0.6085806194501846 1 0 0 0.6959451463742132 0.7180949472306395 1.5394704971908084
cell 32.28433071033869 20.21475403418276 0.0 1.0 1.0 1 0 0 0.0 1.0 0
cell 7.850262817086365 54.801067089912614 0.0 1.0 1.0 1 0 0 0.0 1.0 0
cell 56.83359532296144 46.47530811218352 0.0 1.6431676725154984 0.6085806194501846 1 0 0 0.46330325465816297 -0.8861998049103562 5.319747266861572
cell 53.97973241827716 9.288693759641319 0.0 1.6431676725154984 0.6085806194501846 1 0 0 0.8785368065530469 0.4776746586658897 2.14558071815904
cell 48.98699574539918 47.84887292003842 0.0 1.6431676725154984 0.6085806194501846 1 0 0 0.9998762227543425 -0.015733377593781857 3.173060707131069
cell 43.36367648109411 3.7744481672033725 0.0 1.6431676725154984 0.6085806194501846 1 0 0 -0.1361583668944158 0.9906870843634965 6.010020057428517
cell 5.365302206281763 28.16964745237661 0.0 1.0 1.0 1 0 0 0.0 1.0 0
cell 49.51896385479794 59.17601961071068 0.0 1.6431676725154984 0.6085806194501846 1 0 0 0.6080588330423431 -0.7938919671839386 4.975958972682538
cell 53.512993066358504 4.418250847870793 0.0 1.6431676725154984 0.6085806194501846 1 0 0 0.8895575593977945 0.45682310418611644 2.192751476193179
cell 19.918121241232296 20.97819203343392 0.0 1.0 1.0 1 0 0 0.0 1.0 0
cell 5.947345915135368 46.30478055039165 0.0 1.0 1.0 1 0 0 0.0 1.0 0
cell 22.483784445628945 56.912324484406604 0.0 1.0 1.0 1 0 0 0.0 1.0 0
cell 35.54382769840324 49.68919085760754 0.0 1.0 1.0 1 0 0 0.0 1.0 0
cell 55.43483226845856 26.93969453603503 0.0 1.6431676725154984 0.6085806194501846 1 0 0 0.5578628570382189 -0.8299331495591411 5.099568334739676
cell 1.352627533850125 39.72660661072321 0.0 1.0 1.0 1 0 0 0.0 1.0 0
cell 18.315754054677182 7.434155906726684 0.0 1.0 1.0 1 0 0 0.0 1.0 0
cell 7.768666544898786 7.209453492973881 0.0 1.0 1.0 1 0 0 0.0 1.0 0
cell 58.21738864517548 15.950781777454829 0.0 1.0 1.0 1 0 0 0.0 1.0 0
cell 51.54459676510473 5.85358965056926 0.0 1.6431676725154984 0.6085806194501846 1 0 0 0.8509412219708785 0.5252609225429854 2.035549229087637
cell 9.065605717730527 47.99992635808973 0.0 1.0 1.0 1 0 0 0.0 1.0 0
cell 16.89241508582069 8.889466775273927 0.0 1.0 1.0 1 0 0 0.0 1.0 0
cell 19.1338920345139 11.182176598928166 0.0 1.0 1.0 1 0 0 0.0 1.0 0
cell 0.7946601874702174 3.008405584074198 0.0 1.6431676725154984 0.6085806194501846 1 0 0 0.9983839003936719 -0.05682945921543436 3.255312839672787
cell 52.960716906824594 33.12127146506719 0.0 1.6431676725154984 0.6085806194501846 1 0 0 0.6941668664687489 -0.7198141159333832 4.748661656891463
cell 20.577121355991938 9.671451780051868 0.0 1.0 1.0 1 0 0 0.0 1.0 0
cell 2.0829733854970844 22.889958913317106 0.0 1.0 1.0 1 0 0 0.0 1.0 0
cell 10.121317769592213 59.37161408819461 0.0 1.0 1.0 1 0 0 0.0 1.0 0
cell 23.887198609829664 50.756300701020905 0.0 1.0 1.0 1 0 0 0.0 1.0 0
cell 10.511222105916366 44.13519905138198 0.0 1.0 1.0 1 0 0 0.0 1.0 0
cell 26.819420010814003 50.048182673176434 0.0 1.0 1.0 1 0 0 0.0 1.0 0
cell 21.89836991085529 8.163343540083318 0.0 1.0 1.0 1 0 0 0.0 1.0 0
cell 17.671466857665678 55.493585710072 0.0 1.0 1.0 1 0 0 0.0 1.0 0
cell 27.111679833121833 55.95516555517256 0.0 1.0 1.0 1 0 0 0.0 1.0 0
cell 45.24697161800358 1.0643907958576424 0.0 1.6431676725154984 0.6085806194501846 1 0 0 0.9409379511020236 0.33857904863698485 2.450779967807261
cell 34.26324149841529 51.07158677286241 0.0 1.6431676725154984 0.6085806194501846 1 0 0 0.6568645143367919 0.7540086271423494 1.4333055352509152
cell 4.653352018288209 51.18338321703402 0.0 1.0 1.0 1 0 0 0.0 1.0 0
cell 53.10409115575221 8.446647118067279 0.0 1.6431676725154984 0.6085806194501846 1 0 0 0.836901781516336 0.5473530927059636 1.9831962350628318
cell 57.20252894959395 10.709296559461892 0.0 1.0 1.0 1 0 0 0.0 1.0 0
cell 54.067017894629124 38.71780893476453 0.0 1.0 1.0 1 0 0 0.0 1.0 0
cell 13.804231788460982 38.04537118869155 0.0 1.6431676725154984 0.6085806194501846 1 0 0 0.9767001754151491 -0.21460840464440564 3.5741744036872807
cell 59.71622061856049 7.517720663143597 0.0 1.6431676725154984 0.6085806194501846 1 0 0 0.19074964147586584 -0.9816387188150377 5.899333800649328
cell 39.896571623448246 28.53349281085934 0.0 1.6431676725154984 0.6085806194501846 1 0 0 0.5890275665468377 -0.8081129412699134 5.023475359681537
cell 57.565850697637536 53.13134101563939 0.0 1.6431676725154984 0.6085806194501846 1 0 0 0.9329842668598503 -0.35991715406741553 3.8779508440026995
cell 20.188829026728428 22.7627228991775 0.0 1.0 1.0 1 0 0 0.0 1.0 0
cell 55.0508931739097 0.5179889222390721 0.0 1.6431676725154984 0.6085806194501846 1 0 0 0.989324155215533 0.14573165718906778 2.8490876839293664
cell 19.2441600435861 50.96209658063859 0.0 1.0 1.0 1 0 0 0.0 1.0 0
cell 44.99461190021525 52.27470041405094 0.0 1.6431676725154984 0.6085806194501846 1 0 0 0.3509033119178525 0.9364116966831856 0.7170711640793566
cell 24.248197016414736 43.57152849638995 0.0 1.6431676725154984 0.6085806194501846 1 0 0 0.8472709450147142 0.5311609414611291 2.0216522725249226
cell 1.6654957829314971 41.63362897744228 0.0 1.0 1.0 1 0 0 0.0 1.0 0
cell 16.376758913060566 21.07961234841227 0.0 1.0 1.0 1 0 0 0.0 1.0 0
cell 3.5385864900611446 47.415557794112395 0.0 1.0 1.0 1 0 0 0.0 1.0 0
cell 26.07452781058476 36.96698269585779 0.0 1.6431676725154984 0.6085806194501846 1 0 0 0.37368528262281747 0.9275555560456231 0.7659579379163632
cell 23.00608641534631 3.3777720908551565 0.0 1.0 1.0 1 0 0 0.0 1.0 0
cell 23.47320134836723 17.476231073123238 0.0 1.0 1.0 1 0 0 0.0 1.0 0
cell 27.816234956835636 32.79840143594297 0.0 1.6431676725154984 0.6085806194501846 1 0 0 0.6636081187440387 0.7480803865474605 1.4512633501061103
cell 43.024145244600575 8.460934928125269 0.0 1.6431676725154984 0.6085806194501846 1 0 0 0.8709066584375698 -0.4914484635128145 4.169096936225449
cell 48.98621607674153 19.610371741042282 0.0 1.0 1.0 1 0 0 0.0 1.0 0
cell 42.134673154390505 45.94545301027593 0.0 1.6431676725154984 0.6085806194501846 1 0 0 0.8813146753689349 -0.4725298328987799 4.125910849717544
cell 32.21021436736656 50.5050753839098 0.0 1.0 1.0 1 0 0 0.0 1.0 0
cell 17.39176512076827 10.440711106584919 0.0 1.0 1.0 1 0 0 0.0 1.0 0
cell 16.540210554955557 7.160843577887662 0.0 1.0 1.0 1 0 0 0.0 1.0 0
cell 57.772871883170005 1.075662689260934 0.0 1.6431676725154984 0.6085806194501846 1 0 0 0.9099348783567528 -0.41475115087228076 3.996931265134055
cell 31.66554719908563 30.54078609733363 0.0 1.6431676725154984 0.6085806194501846 1 0 0 0.9387632688637026 0.34456280274042295 2.4380465954448938
cell 21.92932555152494 47.08437594036215 0.0 1.6431676725154984 0.6085806194501846 1 0 0 0.866223097700937 0.49965742765358045 2.0951861490395856
cell 11.066494261548065 28.086738522780884 0.0 1.6431676725154984 0.6085806194501846 1 0 0 0.26855808821933375 -0.9632634910822565 5.73939367586195
cell 0.12489123565063948 26.181008872732072 0.0 1.0 1.0 1 0 0 0.0 1.0 0
cell 12.861973942108342 34.325664395109776 0.0 1.6431676725154984 0.6085806194501846 1 0 0 0.32873721734744155 -0.9444214323757487 5.613252973400453
cell 3.950919799673862 6.441077681686995 0.0 1.0 1.0 1 0 0 0.0 1.0 0
cell 1.7939827222564613 19.82505396305311 0.0 1.0 1.0 1 0 0 0.0 1.0 0
cell 36.876257599699464 55.64108200955668 0.0 1.6431676725154984 0.6085806194501846 1 0 0 0.9938712510959439 0.11054382047397861 2.9200522389268695
cell 1.1119273402465863 37.75642740800124 0.0 1.0 1.0 1 0 0 0.0 1.0 0
cell 52.19120897322906 2.886916858582976 0.0 1.6431676725154984 0.6085806194501846 1 0 0 0.8032485281526257 0.5956440229034792 1.8654582866242198
cell 4.033198316572503 17.582468239838743 0.0 1.0 1.0 1 0 0 0.0 1.0 0
cell 51.90655551180637 11.762042337670117 0.0 1.6431676725154984 0.6085806194501846 1 0 0 0.937505244715394 0.34797114267009155 2.430780394139502
cell 12.664299467298767 22.69226100464263 0.0 1.0 1.0 1 0 0 0.0 1.0 0
cell 40.505723011248186 40.8810973849351 0.0 1.6431676725154984 0.6085806194501846 1 0 0 0.6574171236813462 -0.7535268578428678 4.848413513057005
cell 0.6096573814955502 14.376063948357396 0.0 1.6431676725154984 0.6085806194501846 1 0 0 0.6138706667453315 0.789406615445831 1.3219091180574638
cell 5.720988723588057 16.905495215994932 0.0 1.0 1.0 1 0 0 0.0 1.0 0
cell 47.82947127763585 55.30478039326988 0.0 1.6431676725154984 0.6085806194501846 1 0 0 0.4829683052291824 -0.8756378338925582 5.275102440219005
cell 32.99997946327473 1.7079759854095966 0.0 1.0 1.0 1 0 0 0.0 1.0 0
cell 0.33856659414485124 27.9748423961248 0.0 1.0 1.0 1 0 0 0.0 1.0 0
cell 39.18752139739818 11.620195133197042 0.0 1.0 1.0 1 0 0 0.0 1.0 0
cell 15.85637532425456 34.50392869552328 0.0 1.6431676725154984 0.6085806194501846 1 0 0 0.11002267194212921 0.9939290777810631 0.22049172076276033
cell 52.67634594550537 27.047702885106634 0.0 1.0 1.0 1 0 0 0.0 1.0 0
cell 14.414074330109427 2.4836038762658186 0.0 1.0 1.0 1 0 0 0.0 1.0 0
cell 11.749069474093101 20.937220737062 0.0 1.0 1.0 1 0 0 0.0 1.0 0
cell 5.890491670092195 54.7131341909559 0.0 1.0 1.0 1 0 0 0.0 1.0 0
cell 54.76106826830199 51.74025703296402 0.0 1.6431676725154984 0.6085806194501846 1 0 0 0.9779933565207901 -0.20863603380336465 3.561952841261037
cell 40.578145294664246 37.79952806769629 0.0 1.0 1.0 1 0 0 0.0 1.0 0
cell 52.08150787142412 25.600063310829174 0.0 1.0 1.0 1 0 0 0.0 1.0 0
cell 30.57089456217868 22.07446812671027 0.0 1.0 1.0 1 0 0 0.0 1.0 0
cell 57.38073927178652 34.41955734170962 0.0 1.0 1.0 1 0 0 0.0 1.0 0
cell 26.928442381113108 27.396027792991042 0.0 1.0 1.0 1 0 0 0.0 1.0 0
cell 8.391259948780393 9.157715829413945 0.0 1.0 1.0 1 0 0 0.0 1.0 0
cell 14.545434191248713 51.45949356986178 0.0 1.0 1.0 1 0 0 0.0 1.0 0
cell 5.77349938070052 12.111120681364202 0.0 1.0 1.0 1 0 0 0.0 1.0 0
cell 26.10988972336247 25.344908237226253 0.0 1.0 1.0 1 0 0 0.0 1.0 0
cell 4.469205880412728 8.341076202881865 0.0 1.0 1.0 1 0 0 0.0 1.0 0
cell 20.10646533909965 24.809755502320527 0.0 1.6431676725154984 0.6085806194501846 1 0 0 0.8599064842476175 -0.5104516023570715 4.2130124227701184
cell 24.568924892722894 0.534871026843551 0.0 1.0 1.0 1 0 0 0.0 1.0 0
cell 20.761780578956323 50.100337609575504 0.0 1.0 1.0 1 0 0 0.0 1.0 0
cell 6.083432918381717 35.994499206190945 0.0 1.0 1.0 1 0 0 0.0 1.0 0
cell 11.370309973409768 24.27511692398572 0.0 1.0 1.0 1 0 0 0.0 1.0 0
cell 12.520286091525696 43.99824446198282 0.0 1.0 1.0 1 0 0 0.0 1.0 0
cell 44.72519524743356 44.18317633615875 0.0 1.0 1.0 1 0 0 0.0 1.0 0
cell 55.93393814929941 18.486246770963238 0.0 1.0 1.0 1 0 0 0.0 1.0 0
cell 59.30837371939302 39.05689871869547 0.0 1.0 1.0 1 0 0 0.0 1.0 0
cell 52.42032966586712 44.07889424619331 0.0 1.0 1.0 1 0 0 0.0 1.0 0
cell 9.343304354532584 6.655442578427726 0.0 1.6431676725154984 0.6085806194501846 1 0 0 0.7191488128186533 -0.6948560894325684 4.678032191764511
cell 7.787505316452098 12.486156011776067 0.0 1.0 1.0 1 0 0 0.0 1.0 0
cell 37.616599805144 33.75010419773634 0.0 1.6431676725154984 0.6085806194501846 1 0 0 0.462003257588311 0.8868782272543332 0.9605052944076231
cell 45.97538271735412 25.62341357261133 0.0 1.0 1.0 1 0 0 0.0 1.0 0
cell 15.286746762853848 35.81023137117987 0.0 1.6431676725154984 0.6085806194501846 1 0 0 -0.08766202762372152 0.9961502742623213 6.10763592173418
cell 48.471937605096805 33.63164040409096 0.0 1.6431676725154984 0.6085806194501846 1 0 0 0.5990334539549884 -0.8007239980434936 4.998598361504294
cell 4.087741023898915 33.32775936269011 0.0 1.0 1.0 1 0 0 0.0 1.0 0
cell 23.855584486831585 22.446640221188773 0.0 1.6431676725154984 0.6085806194501846 1 0 0 0.9371069052947191 0.3490424731303547 2.428494416544354
cell 47.17662421993744 58.290511380179964 0.0 1.6431676725154984 0.6085806194501846 1 0 0 0.8759708324239626 0.48236407488791094 2.1348896161057924
cell 8.480317064284609 4.472941922094152 0.0 1.6431676725154984 0.6085806194501846 1 0 0 0.7048001279679195 -0.7094059342974263 4.718902585676248
cell 47.74843303096396 36.81600960424908 0.0 1.6431676725154984 0.6085806194501846 1 0 0 0.6380326881220701 -0.7700092784426206 4.899304041208605
cell 26.8228507304127 18.108059968223515 0.0 1.0 1.0 1 0 0 0.0 1.0 0
cell 16.289329349632897 18.967849080606506 0.0 1.0 1.0 1 0 0 0.0 1.0 0
cell 59.27124270430906 55.28411029441494 0.0 1.6431676725154984 0.6085806194501846 1 0 0 0.9986752135805123 0.0514569507444653 3.038633281691495
cell 55.747787206164425 2.921646954618921 0.0 1.6431676725154984 0.6085806194501846 1 0 0 0.9829789015751874 -0.18371847772621577 3.511128633969116
cell 14.142829061733892 45.314281205010516 0.0 1.0 1.0 1 0 0 0.0 1.0 0
cell 21.151938946577562 53.9645686291295 0.0 1.0 1.0 1 0 0 0.0 1.0 0
cell 17.79335320829232 3.656501615588523 0.0 1.0 1.0 1 0 0 0.0 1.0 0
cell 23.973293786296754 41.99427325127746 0.0 1.6431676725154984 0.6085806194501846 1 0 0 0.9320259121372384 0.36239163774119953 2.3999272916672827
cell 38.6241594470837 0.7773614034999684 0.0 1.6431676725154984 0.6085806194501846 1 0 0 0.860980253272339 -0.5086383818343824 4.208797805242652
cell 6.974573224362477 0.5942461706579046 0.0 1.6431676725154984 0.6085806194501846 1 0 0 0.9866180692903097 -0.16304841412863125 3.4691519146406273
cell 4.469686838229756 37.18756448330765 0.0 1.0 1.0 1 0 0 0.0 1.0 0
cell 44.650624731162715 36.519186561983915 0.0 1.0 1.0 1 0 0 0.0 1.0 0
cell 24.638018126610877 2.5221447631623226 0.0 1.0 1.0 1 0 0 0.0 1.0 0
cell 23.67994587966558 52.15354692132465 0.0 1.0 1.0 1 0 0 0.0 1.0 0
cell 53.11788597126697 55.052628063202036 0.0 1.0 1.0 1 0 0 0.0 1.0 0
cell 21.358553082743867 4.231703273727827 0.0 1.0 1.0 1 0 0 0.0 1.0 0
cell 45.23734710522006 34.62936480076467 0.0 1.0 1.0 1 0 0 0.0 1.0 0
cell 40.9841642447707 8.693771216892115 0.0 1.6431676725154984 0.6085806194501846 1 0 0 0.8984031328276381 0.43917173283976885 2.232239587991575
cell 8.455768838842687 21.8197846024988 0.0 1.0 1.0 1 0 0 0.0 1.0 0
cell 37.66791597521773 27.870612254816255 0.0 1.0 1.0 1 0 0 0.0 1.0 0
cell 56.041686689932384 23.916197592224467 0.0 1.0 1.0 1 0 0 0.0 1.0 0
cell 11.98670417952341 40.55202570547916 0.0 1.0 1.0 1 0 0 0.0 1.0 0
cell 33.379253371623584 59.735311364381424 0.0 1.0 1.0 1 0 0 0.0 1.0 0
cell 15.992403121068724 50.38873124256227 0.0 1.0 1.0 1 0 0 0.0 1.0 0
cell 44.42285681086132 24.79886480887528 0.0 1.0 1.0 1 0 0 0.0 1.0 0
cell 56.215734414509626 8.16818119871193 0.0 1.6431676725154984 0.6085806194501846 1 0 0 0.9442389934197726 0.32926087424049455 2.4705512652183526
cell 10.086206576537053 51.66808687054809 0.0 1.0 1.0 1 0 0 0.0 1.0 0
cell 6.4677248099826175 8.696686070444432 0.0 1.0 1.0 1 0 0 0.0 1.0 0
cell 58.71087952656397 48.22336386491538 0.0 1.0 1.0 1 0 0 0.0 1.0 0
cell 7.113393269989378 44.93258505223509 0.0 1.0 1.0 1 0 0 0.0 1.0 0
cell 16.63754771591168 0.34192083352999064 0.0 1.0 1.0 1 0 0 0.0 1.0 0
cell 59.55285987018922 41.01785810277905 0.0 1.0 1.0 1 0 0 0.0 1.0 0
cell 32.083945034531745 12.367921393138271 0.0 1.0 1.0 1 0 0 0.0 1.0 0
cell 16.182955814143973 48.35038938534958 0.0 1.0 1.0 1 0 0 0.0 1.0 0
cell 50.439679441985746 11.063097069651551 0.0 1.6431676725154984 0.6085806194501846 1 0 0 0.7115251679499986 0.7026606117989866 1.5833327844222644
cell 54.03455950053035 31.39373098109784 0.0 1.0 1.0 1 0 0 0.0 1.0 0
cell 12.526958435248835 25.964439618965393 0.0 1.0 1.0 1 0 0 0.0 1.0 0
cell 45.51482801306252 16.582169900156632 0.0 1.6431676725154984 0.6085806194501846 1 0 0 0.5873582800452433 0.809327035791029 1.2555817302347283
cell 47.88965090461616 43.07688327917806 0.0 1.6431676725154984 0.6085806194501846 1 0 0 0.5460355216788876 0.8377620241243124 1.15524934924469
cell 55.354958753687335 20.40278461141981 0.0 1.0 1.0 1 0 0 0.0 1.0 0
cell 22.5436210183812 53.564781674944854 0.0 1.6431676725154984 0.6085806194501846 1 0 0 0.7052410141738936 0.7089676381380028 1.565526078543663
cell 30.55967925380531 52.57487642608197 0.0 1.6431676725154984 0.6085806194501846 1 0 0 0.9420129774480676 0.33557644482208 2.4571584691783603
cell 44.1573504572141 40.352924224384516 0.0 1.0 1.0 1 0 0 0.0 1.0 0
cell 34.877756772949176 45.482766536412626 0.0 1.0 1.0 1 0 0 0.0 1.0 0
cell 2.869181000220403 50.829927100315565 0.0 1.0 1.0 1 0 0 0.0 1.0 0
cell 9.358308336534643 30.143497650794384 0.0 1.0 1.0 1 0 0 0.0 1.0 0
cell 32.882000569466506 8.457744239674527 0.0 1.0 1.0 1 0 0 0.0 1.0 0
cell 31.137370187938046 23.99212210033505 0.0 1.0 1.0 1 0 0 0.0 1.0 0
cell 58.70376332121669 20.493716259361822 0.0 1.6431676725154984 0.6085806194501846 1 0 0 -0.6588940960229123 -0.7522357145377699 1.4386953127303093
cell 35.29478415430013 17.36445585841672 0.0 1.0 1.0 1 0 0 0.0 1.0 0
cell 0.6496586794877368 31.883583624841354 0.0 1.0 1.0 1 0 0 0.0 1.0 0
cell 6.496910170837931 51.36900387432836 0.0 1.0 1.0 1 0 0 0.0 1.0 0
cell 56.501655258994546 51.258770537091266 0.0 1.6431676725154984 0.6085806194501846 1 0 0 0.9895985994030878 -0.14385622009300442 3.4303068001264494
cell 11.977925210921976 38.68091634934108 0.0 1.0 1.0 1 0 0 0.0 1.0 0
cell 47.82819278821407 28.822206009566514 0.0 1.0 1.0 1 0 0 0.0 1.0 0
cell 16.460825069774152 40.53009636726894 0.0 1.6431676725154984 0.6085806194501846 1 0 0 0.9795153998584096 -0.20136926637453867 3.5471038981342247
cell 36.96954724779188 6.991964571870794 0.0 1.0 1.0 1 0 0 0.0 1.0 0
cell 51.368451339298154 14.402412888116299 0.0 1.6431676725154984 0.6085806194501846 1 0 0 -0.33189270957373496 0.9433171414385537 5.606566688909387
cell 50.852889570719995 35.56699338936218 0.0 1.6431676725154984 0.6085806194501846 1 0 0 0.6906537986565588 -0.7231855435510761 4.758399873663401
cell 12.712358508898044 56.73301992797595 0.0 1.0 1.0 1 0 0 0.0 1.0 0
cell 4.07602627143017 45.59188529013916 0.0 1.0 1.0 1 0 0 0.0 1.0 0
cell 10.884334133346746 17.038978111955448 0.0 1.0 1.0 1 0 0 0.0 1.0 0
cell 37.68703926330893 10.30294845013167 0.0 1.0 1.0 1 0 0 0.0 1.0 0
cell 28.547229667636444 48.90471964148262 0.0 1.0 1.0 1 0 0 0.0 1.0 0
cell 58.799677382587625 57.93228513067045 0.0 1.6431676725154984 0.6085806194501846 1 0 0 0.9996854138515731 -0.025081334342677546 3.1917605830973925
cell 49.038736887227174 21.601752271224424 0.0 1.0 1.0 1 0 0 0.0 1.0 0
cell 7.39835244753117 30.978911945431584 0.0 1.0 1.0 1 0 0 0.0 1.0 0
cell 11.178924574557964 53.27483301698829 0.0 1.0 1.0 1 0 0 0.0 1.0 0
cell 49.52054582037803 14.012444378115077 0.0 1.6431676725154984 0.6085806194501846 1 0 0 0.9861210379251811 0.16602800535260134 2.807991865917749
cell 5.00731466751289 26.19367606825104 0.0 1.0 1.0 1 0 0 0.0 1.0 0
cell 29.839533550590044 55.149211753095656 0.0 1.0 1.0 1 0 0 0.0 1.0 0
cell 0.5235526474373347 29.94329136089467 0.0 1.0 1.0 1 0 0 0.0 1.0 0
cell 58.05833242050932 43.797426050550946 0.0 1.0 1.0 1 0 0 0.0 1.0 0
cell 10.558275251321033 3.6749683334587595 0.0 1.6431676725154984 0.6085806194501846 1 0 0 0.9129131614314927 -0.40815384315862735 3.982454405265972
cell 20.555646594031845 35.49007786999803 0.0 1.0 1.0 1 0 0 0.0 1.0 0
cell 49.99610726728715 30.220359840026983 0.0 1.6431676725154984 0.6085806194501846 1 0 0 0.6288593025048 -0.7775191172268219 4.923014825964888
cell 36.95225125151053 1.106271984933938 0.0 1.0 1.0 1 0 0 0.0 1.0 0
cell 50.47254016054571 53.23895234128194 0.0 1.0 1.0 1 0 0 0.0 1.0 0
cell 40.54304059059858 50.609620837862444 0.0 1.0 1.0 1 0 0 0.0 1.0 0
cell 17.78528554887367 57.48804447640692 0.0 1.0 1.0 1 0 0 0.0 1.0 0
cell 33.37943938822932 6.513017843121468 0.0 1.0 1.0 1 0 0 0.0 1.0 0
cell 54.97358030678112 30.01132859509571 0.0 1.0 1.0 1 0 0 0.0 1.0 0
cell 6.5977447965691995 21.064808048917918 0.0 1.0 1.0 1 0 0 0.0 1.0 0
cell 26.99603921067201 43.03435925738966 0.0 1.6431676725154984 0.6085806194501846 1 0 0 -0.7227642191624442 -0.6910946993708622 1.6155875353736047
cell 45.74678774336744 57.408509286665 0.0 1.6431676725154984 0.6085806194501846 1 0 0 0.281357508419789 -0.9596030181568878 5.712768361821684
cell 6.301480022250079 37.80899205527417 0.0 1.0 1.0 1 0 0 0.0 1.0 0
cell 51.156276543321106 38.474894057335206 0.0 1.6431676725154984 0.6085806194501846 1 0 0 0.668395293802966 -0.7438062457535879 4.819086776369798
cell 42.014321428888714 16.635900876201003 0.0 1.6431676725154984 0.6085806194501846 1 0 0 0.989022825936631 0.14776281594609816 2.844980905770229
cell 39.52081120441848 55.26784636279212 0.0 1.6431676725154984 0.6085806194501846 1 0 0 0.8959796653008965 -0.44409507919734204 4.061920710718547
cell 23.804330601064805 35.51534292060546 0.0 1.0 1.0 1 0 0 0.0 1.0 0
cell 32.805743172910496 52.26314109256817 0.0 1.0 1.0 1 0 0 0.0 1.0 0
cell 5.130602693707318 10.204852002695329 0.0 1.0 1.0 1 0 0 0.0 1.0 0
cell 57.031037492504325 20.08599273242499 0.0 1.0 1.0 1 0 0 0.0 1.0 0
cell 19.862514456745615 19.07414051841331 0.0 1.0 1.0 1 0 0 0.0 1.0 0
cell 18.259249995387734 14.768869032933504 0.0 1.0 1.0 1 0 0 0.0 1.0 0
cell 56.267343828053846 45.00828654703989 0.0 1.0 1.0 1 0 0 0.0 1.0 0
cell 35.27449898206687 40.93542669106212 0.0 1.6431676725154984 0.6085806194501846 1 0 0 0.5797603678460769 -0.8147870371299372 5.046316195470034
cell 7.89857511165205 1.9845527792449973 0.0 1.6431676725154984 0.6085806194501846 1 0 0 0.9720147398794264 -0.23491987029012865 3.6158649146899924
cell 20.91313725330511 11.498816976962212 0.0 1.0 1.0 1 0 0 0.0 1.0 0
cell 20.39642450233995 47.97720836937817 0.0 1.0 1.0 1 0 0 0.0 1.0 0
cell 54.77743708787049 15.268614226926651 0.0 1.0 1.0 1 0 0 0.0 1.0 0
cell 37.33752647405965 52.71936799697832 0.0 1.0 1.0 1 0 0 0.0 1.0 0
cell 32.088355435228536 18.24467959464482 0.0 1.0 1.0 1 0 0 0.0 1.0 0
cell 32.527731482162544 22.201484822363078 0.0 1.0 1.0 1 0 0 0.0 1.0 0
cell 12.807445233271546 46.650571372404926 0.0 1.0 1.0 1 0 0 0.0 1.0 0
cell 38.66310881349009 13.47719446092743 0.0 1.0 1.0 1 0 0 0.0 1.0 0
cell 53.969731567542695 54.05671755962855 0.0 1.6431676725154984 0.6085806194501846 1 0 0 0.8721692613266628 -0.48920423096790916 4.16394688790138
cell 57.5611937005878 38.365910861237744 0.0 1.0 1.0 1 0 0 0.0 1.0 0
cell 49.112225868742655 23.580513337085918 0.0 1.0 1.0 1 0 0 0.0 1.0 0
cell 8.645396699770492 56.42386275132715 0.0 1.0 1.0 1 0 0 0.0 1.0 0
cell 48.826782201466045 10.500121898227455 0.0 1.0 1.0 1 0 0 0.0 1.0 0
cell 23.57797605428426 15.540983599417256 0.0 1.0 1.0 1 0 0 0.0 1.0 0
cell 1.9022899652555207 54.27707232906876 0.0 1.0 1.0 1 0 0 0.0 1.0 0
cell 10.376695772161948 22.442226449278337 0.0 1.0 1.0 1 0 0 0.0 1.0 0
cell 53.14249797580404 30.071663339005635 0.0 1.6431676725154984 0.6085806194501846 1 0 0 0.5615549378854738 -0.8274394550276423 5.090657665576408
cell 46.56018129922139 49.56811368801818 0.0 1.6431676725154984 0.6085806194501846 1 0 0 0.5541565336553939 0.8324124796079395 1.1746986893189217
cell 35.56087993586216 22.690001770327857 0.0 1.6431676725154984 0.6085806194501846 1 0 0 0.9293522637000546 0.36919421712099465 2.3853089853324434
cell 4.6410029161404704 56.50722116894816 0.0 1.0 1.0 1 0 0 0.0 1.0 0
cell 23.632856127229466 37.45706684692052 0.0 1.0 1.0 1 0 0 0.0 1.0 0
cell 35.41765754451706 12.867466197006225 0.0 1.0 1.0 1 0 0 0.0 1.0 0
cell 25.544508389903466 33.53889277992836 0.0 1.6431676725154984 0.6085806194501846 1 0 0 -0.5398171386769468 -0.8417823096208626 1.1404397262689603
cell 10.621721442825354 56.60547113408604 0.0 1.0 1.0 1 0 0 0.0 1.0 0
cell 55.955167117127225 21.991567007511826 0.0 1.0 1.0 1 0 0 0.0 1.0 0
cell 27.300551832389022 34.82313402389532 0.0 1.0 1.0 1 0 0 0.0 1.0 0
cell 52.52692698643353 51.55124186929689 0.0 1.6431676725154984 0.6085806194501846 1 0 0 0.9342492523701503 -0.35662071511034693 3.8708891979933
cell 33.623374374187826 44.4303436296767 0.0 1.6431676725154984 0.6085806194501846 1 0 0 -0.7799683840034287 -0.6258189194607974 1.7892305924865628
cell 49.6894958285755 33.122800009769904 0.0 1.6431676725154984 0.6085806194501846 1 0 0 0.8111256846025772 -0.5848718866367236 4.391036860832412
cell 5.529094669674237 30.190000165479063 0.0 1.0 1.0 1 0 0 0.0 1.0 0
cell 13.115877694303286 50.355297921675195 0.0 1.0 1.0 1 0 0 0.0 1.0 0
cell 19.653733809801405 0.8770692893762729 0.0 1.0 1.0 1 0 0 0.0 1.0 0
cell 30.409255276839875 3.963272923927706 0.0 1.0 1.0 1 0 0 0.0 1.0 0
cell 25.392270630573087 52.79731820332646 0.0 1.6431676725154984 0.6085806194501846 1 0 0 0.9995721518031361 0.029249159640036063 3.0830859900815373
cell 55.212046410305014 6.038847444944055 0.0 1.6431676725154984 0.6085806194501846 1 0 0 0.939791766179157 0.3417476206528154 2.444040947332763
cell 35.379002175124924 19.336815020761556 0.0 1.0 1.0 1 0 0 0.0 1.0 0
cell 18.857027858059535 9.199805108593036 0.0 1.0 1.0 1 0 0 0.0 1.0 0
cell 17.453327648554875 13.133824876912975 0.0 1.0 1.0 1 0 0 0.0 1.0 0
cell 4.142212841651243 58.247017724872414 0.0 1.6431676725154984 0.6085806194501846 1 0 0 0.9914142201557214 0.13075872465354946 2.8793241806507104
cell 41.772363992610664 5.057320776568095 0.0 1.6431676725154984 0.6085806194501846 1 0 0 0.9859771519879654 -0.16688036360728747 3.476922276481039
cell 24.99551717285872 15.944331781427392 0.0 1.6431676725154984 0.6085806194501846 1 0 0 0.7930190443898171 0.6091968444066838 1.8314978251168117
cell 31.53678628965194 0.2907835645745766 0.0 1.0 1.0 1 0 0 0.0 1.0 0
cell 27.98539847424323 40.34265051493246 0.0 1.6431676725154984 0.6085806194501846 1 0 0 -0.776236528958109 -0.630441790422452 1.777348205212105
cell 14.209509501266455 15.847694943222773 0.0 1.6431676725154984 0.6085806194501846 1 0 0 0.8641215731182625 -0.5032831279425322 4.1963805980781625
cell 11.268210144709617 29.621485821071488 0.0 1.0 1.0 1 0 0 0.0 1.0 0
cell 26.39221699806043 59.45815518032762 0.0 1.0 1.0 1 0 0 0.0 1.0 0
cell 24.631252732178883 29.765564716378083 0.0 1.6431676725154984 0.6085806194501846 1 0 0 0.284337234671132 -0.9587243279376891 5.706555191038302
cell 22.935410091091534 1.5799367731993514 0.0 1.0 1.0 1 0 0 0.0 1.0 0
cell 57.748452702872434 50.01632206250044 0.0 1.0 1.0 1 0 0 0.0 1.0 0
cell 28.06546170461403 4.567471032983166 0.0 1.0 1.0 1 0 0 0.0 1.0 0
cell 14.215325634129844 5.087886567391194 0.0 1.0 1.0 1 0 0 0.0 1.0 0
cell 43.189807395179194 28.172301254791893 0.0 1.0 1.0 1 0 0 0.0 1.0 0
cell 36.75042850087414 16.177579024532044 0.0 1.0 1.0 1 0 0 0.0 1.0 0
cell 12.911248107876855 54.20903097964492 0.0 1.0 1.0 1 0 0 0.0 1.0 0
cell 9.726097208077706 4.436404672395756 0.0 1.6431676725154984 0.6085806194501846 1 0 0 0.8292397466423578 -0.558893051118475 4.327693258567881
cell 24.156987194611812 47.54161134987158 0.0 1.6431676725154984 0.6085806194501846 1 0 0 -0.8436520474114705 -0.536890326694786 2.0080990513937778
cell 40.177828878462556 48.24261626090977 0.0 1.0 1.0 1 0 0 0.0 1.0 0
cell 25.74980759371672 45.17189107825135 0.0 1.6431676725154984 0.6085806194501846 1 0 0 -0.8692048314842029 -0.4944521826471378 2.1071837187674554
cell 32.3707269588701 33.28734263771353 0.0 1.0 1.0 1 0 0 0.0 1.0 0
cell 9.926747330074154 1.9463165353076823 0.0 1.6431676725154984 0.6085806194501846 1 0 0 0.969658743052767 -0.24446251659779653 3.6355233579088138
cell 1.56918911851245 4.643278066040389 0.0 1.6431676725154984 0.6085806194501846 1 0 0 0.9872013807515669 0.1594786313027539 2.821267648810295
cell 42.47652075380816 9.940936577574954 0.0 1.6431676725154984 0.6085806194501846 1 0 0 0.8403688605207789 -0.5420149243950833 4.287258508179651
cell 5.075968618016915 40.8454640223531 0.0 1.0 1.0 1 0 0 0.0 1.0 0
cell 5.406528470741673 42.5854691135267 0.0 1.0 1.0 1 0 0 0.0 1.0 0
cell 3.709693718236056 2.6901230454451617 0.0 1.6431676725154984 0.6085806194501846 1 0 0 0.9524192555122041 -0.3047910132034388 3.7610306421105606
cell 28.999989975419783 52.079667639660144 0.0 1.0 1.0 1 0 0 0.0 1.0 0
cell 25.50100734140084 56.63317573654137 0.0 1.6431676725154984 0.6085806194501846 1 0 0 0.5022116063978063 0.8647447614176884 1.0523088137745145
cell 42.571933346424565 50.318317591516546 0.0 1.6431676725154984 0.6085806194501846 1 0 0 0.4374862001196614 -0.8992251245960934 5.377582810630755
cell 26.12337667778097 48.601171487671834 0.0 1.6431676725154984 0.6085806194501846 1 0 0 0.2331401703898103 0.9724431402146916 0.4706111904818491
cell 33.879020800938 4.888347465368786 0.0 1.0 1.0 1 0 0 0.0 1.0 0
cell 18.563205350488293 53.68065112435954 0.0 1.6431676725154984 0.6085806194501846 1 0 0 0.7154207361884943 0.6986939031017179 1.5944521925738318
cell 51.42458785674253 54.91226119734793 0.0 1.6431676725154984 0.6085806194501846 1 0 0 0.6066181694085669 -0.7949933311313996 4.979585825396199
cell 13.908960248127057 39.96561199918436 0.0 1.0 1.0 1 0 0 0.0 1.0 0
cell 44.244587199002005 11.3507250146993 0.0 1.6431676725154984 0.6085806194501846 1 0 0 0.8494493359491396 -0.5276701864380494 4.2533036284593315
cell 45.65651566975114 7.537989517817789 0.0 1.0 1.0 1 0 0 0.0 1.0 0
cell 5.466501426270187 2.7929074401689173 0.0 1.6431676725154984 0.6085806194501846 1 0 0 0.882892978219824 -0.4695742635730043 4.119209673572617
cell 47.56063846284599 24.65008993458564 0.0 1.0 1.0 1 0 0 0.0 1.0 0
cell 37.5194247137953 47.973467589130195 0.0 1.6431676725154984 0.6085806194501846 1 0 0 0.4945485949313866 0.8691499797223672 1.0346307820160834
cell 24.917683278805086 49.401344986310455 0.0 1.0 1.0 1 0 0 0.0 1.0 0
cell 43.73051663585121 18.219901853872862 0.0 1.6431676725154984 0.6085806194501846 1 0 0 0.8521985478372323 0.5232185347100317 2.040345985971922
cell 35.68015862161861 31.063845316164326 0.0 1.6431676725154984 0.6085806194501846 1 0 0 0.36965316522085584 0.9291698108753871 0.7572714382640893
cell 18.29202105877276 22.085952801006005 0.0 1.0 1.0 1 0 0 0.0 1.0 0
cell 48.04033075076188 51.34407808133065 0.0 1.6431676725154984 0.6085806194501846 1 0 0 0.7532671592283391 0.6577146697680295 1.7060309808787788
cell 50.55801883419197 20.52940921441145 0.0 1.0 1.0 1 0 0 0.0 1.0 0
cell 0.7808048938629626 33.850728823602545 0.0 1.0 1.0 1 0 0 0.0 1.0 0
cell 36.537592153820945 26.150360498774205 0.0 1.0 1.0 1 0 0 0.0 1.0 0
cell 15.485723660898536 12.865448316070555 0.0 1.0 1.0 1 0 0 0.0 1.0 0
cell 29.201003442389684 39.66775481428193 0.0 1.6431676725154984 0.6085806194501846 1 0 0 -0.7978154860517924 -0.6029016919995682 1.847326296094737
cell 53.25900932922134 6.253350660013921 0.0 1.6431676725154984 0.6085806194501846 1 0 0 0.9287423305593866 0.3707258871823212 2.382011694184552
cell 35.29547976768692 59.72880158533835 0.0 1.0 1.0 1 0 0 0.0 1.0 0
cell 22.568372901545157 29.963901182029367 0.0 1.6431676725154984 0.6085806194501846 1 0 0 0.950547175487434 0.3105802105300039 2.5099859176381414
cell 9.401114213922027 18.41076596339741 0.0 1.0 1.0 1 0 0 0.0 1.0 0
cell 29.310482545859607 45.816714481038694 0.0 1.0 1.0 1 0 0 0.0 1.0 0
cell 21.577778544476008 6.230254430056385 0.0 1.0 1.0 1 0 0 0.0 1.0 0
cell 5.859557278603923 34.08456975571141 0.0 1.0 1.0 1 0 0 0.0 1.0 0
cell 18.89890475126685 32.01983242153084 0.0 1.6431676725154984 0.6085806194501846 1 0 0 0.4135071000995571 0.9105008941056867 0.8526050889495486
cell 15.125972266027942 23.461803247488948 0.0 1.6431676725154984 0.6085806194501846 1 0 0 0.7840955331055699 -0.6206401493328418 4.4807103679733515
cell 29.13299682132871 8.494435984484655 0.0 1.0 1.0 1 0 0 0.0 1.0 0
cell 20.241432770497273 42.823579198864024 0.0 1.0 1.0 1 0 0 0.0 1.0 0
cell 24.74153193796225 44.8860370014817 0.0 1.6431676725154984 0.6085806194501846 1 0 0 0.8491259725606075 0.5281903849210078 2.028656655692807
cell 18.293246455486052 34.56126869755746 0.0 1.6431676725154984 0.6085806194501846 1 0 0 -0.29421122329932853 -0.9557404229625912 0.5972602187823464
cell 59.05414254101175 9.962095013254165 0.0 1.0 1.0 1 0 0 0.0 1.0 0
cell 2.34798236570492 5.6868887670874635 0.0 1.6431676725154984 0.6085806194501846 1 0 0 0.2780600924174052 -0.9605636808691156 5.719637375356271
cell 46.35242065294144 29.23160321160236 0.0 1.0 1.0 1 0 0 0.0 1.0 0
cell 56.146731441325365 1.7934363339912054 0.0 1.6431676725154984 0.6085806194501846 1 0 0 0.9951105067273428 -0.09876780548767419 3.3394508452361267
cell 11.762004904083694 36.63052482550989 0.0 1.0 1.0 1 0 0 0.0 1.0 0
cell 19.371643280688428 13.132197583838588 0.0 1.0 1.0 1 0 0 0.0 1.0 0
cell 45.953237403425554 21.62893669056925 0.0 1.0 1.0 1 0 0 0.0 1.0 0
cell 21.115137659402325 13.193695749954498 0.0 1.0 1.0 1 0 0 0.0 1.0 0
cell 50.75565284389452 8.291882580474818 0.0 1.6431676725154984 0.6085806194501846 1 0 0 0.931934468377457 0.3626267318469872 2.399422787157426
cell 8.38244863482213 25.823163982364512 0.0 1.0 1.0 1 0 0 0.0 1.0 0
cell 19.786446763814055 6.137441203899247 0.0 1.0 1.0 1 0 0 0.0 1.0 0
cell 29.895312874128763 40.635922577733986 0.0 1.6431676725154984 0.6085806194501846 1 0 0 0.8529264189287147 0.5220311522250742 2.0431314294231
cell 45.053968936397034 59.34207047500464 0.0 1.6431676725154984 0.6085806194501846 1 0 0 0.9277334823093114 0.3732433332321405 2.376587557787367
cell 16.41873606242044 2.29844686154246 0.0 1.0 1.0 1 0 0 0.0 1.0 0
cell 9.220337137942463 42.61471236719931 0.0 1.0 1.0 1 0 0 0.0 1.0 0
cell 21.61952632898798 24.157992387142837 0.0 1.0 1.0 1 0 0 0.0 1.0 0
cell 34.59059663794333 48.516081690095085 0.0 1.0 1.0 1 0 0 0.0 1.0 0
cell 25.503342332138857 39.42208967018217 0.0 1.6431676725154984 0.6085806194501846 1 0 0 0.49290453509075693 0.870083397891814 1.030849669321015
cell 18.35433120342672 28.169024277510136 0.0 1.6431676725154984 0.6085806194501846 1 0 0 0.40593585056299397 -0.9139015730524259 5.44718007754455
cell 5.604559362054228 44.32591350773465 0.0 1.0 1.0 1 0 0 0.0 1.0 0
cell 41.516906942074655 27.495099602701227 0.0 1.0 1.0 1 0 0 0.0 1.0 0
cell 5.104587815379155 4.77717300013932 0.0 1.0 1.0 1 0 0 0.0 1.0 0
cell 44.68792852123457 54.84108426342903 0.0 1.6431676725154984 0.6085806194501846 1 0 0 -0.1042553203795553 -0.9945505659203842 0.20889022328935258
cell 33.924828340077134 39.39416196322325 0.0 1.6431676725154984 0.6085806194501846 1 0 0 0.7146439128911675 0.6994884400528728 1.592229812292179
cell 37.63328801465432 22.399335675539138 0.0 1.0 1.0 1 0 0 0.0 1.0 0
cell 20.599098935606044 30.405928895642546 0.0 1.6431676725154984 0.6085806194501846 1 0 0 0.8698318014218464 0.49334839336439074 2.1097225707125764
cell 3.117515615223535 9.765271347017014 0.0 1.0 1.0 1 0 0 0.0 1.0 0
cell 25.06926855723373 24.05392876960746 0.0 1.6431676725154984 0.6085806194501846 1 0 0 0.9008055036369947 0.4342228052708659 2.243242014253146
cell 13.17726340894589 41.87087096527364 0.0 1.0 1.0 1 0 0 0.0 1.0 0
cell 28.866987007058224 1.614292280069636 0.0 1.6431676725154984 0.6085806194501846 1 0 0 0.7287102654941371 0.6848221294346907 1.632873491014229
cell 9.777679392622414 46.13580336179801 0.0 1.0 1.0 1 0 0 0.0 1.0 0
cell 27.71942233090069 37.502223506585544 0.0 1.6431676725154984 0.6085806194501846 1 0 0 -0.6967893449003356 -0.7172758247936153 1.541823055694124
cell 35.80292358700558 10.898194974838201 0.0 1.0 1.0 1 0 0 0.0 1.0 0
cell 41.2149099140912 11.147947390380752 0.0 1.0 1.0 1 0 0 0.0 1.0 0
cell 30.07072782487754 34.57271325938087 0.0 1.6431676725154984 0.6085806194501846 1 0 0 0.9194754528360927 0.3931474171756217 2.333488342978029
cell 0.014310459272788338 0.4833903526930534 0.0 1.6431676725154984 0.6085806194501846 1 0 0 0.9995215669809585 -0.030929551240346485 3.2034616231045163
cell 39.28101188015159 24.316016023916504 0.0 1.0 1.0 1 0 0 0.0 1.0 0
cell 57.27754569779144 23.41532049219925 0.0 1.0 1.0 1 0 0 0.0 1.0 0
cell 24.884424220894278 26.529427839736226 0.0 1.6431676725154984 0.6085806194501846 1 0 0 -0.3489487561121068 -0.9371418065628133 0.7128982272653568
cell 19.57258734871828 4.522995070232804 0.0 1.0 1.0 1 0 0 0.0 1.0 0
cell 48.821433706291636 27.248842934035075 0.0 1.0 1.0 1 0 0 0.0 1.0 0
cell 30.46519643613898 51.01485209993784 0.0 1.0 1.0 1 0 0 0.0 1.0 0
cell 7.049545019552702 47.945493861617905 0.0 1.0 1.0 1 0 0 0.0 1.0 0
cell 57.527785276562255 25.324728819367838 0.0 1.0 1.0 1 0 0 0.0 1.0 0
cell 32.666089816682586 55.956691840387165 0.0 1.0 1.0 1 0 0 0.0 1.0 0
cell 16.362056597221905 58.310453071662614 0.0 1.0 1.0 1 0 0 0.0 1.0 0
cell 9.722899968233897 12.962548255000089 0.0 1.0 1.0 1 0 0 0.0 1.0 0
cell 43.48560395314433 57.77705141926471 0.0 1.6431676725154984 0.6085806194501846 1 0 0 0.7102077305561171 0.7039921728672341 1.5795864810756666
cell 2.8861501824855655 38.42404382684449 0.0 1.0 1.0 1 0 0 0.0 1.0 0
cell 51.98561698943828 45.841925672686635 0.0 1.6431676725154984 0.6085806194501846 1 0 0 0.9957336736589496 -0.0922737836097147 3.326403116218751
cell 34.99360419877807 32.24461701480071 0.0 1.6431676725154984 0.6085806194501846 1 0 0 0.8461339631488642 -0.5329702772256596 4.265806873870061
cell 57.83652944132698 42.0600859098879 0.0 1.0 1.0 1 0 0 0.0 1.0 0
cell 25.237469186567562 58.40245308020918 0.0 1.0 1.0 1 0 0 0.0 1.0 0
cell 58.99092714174698 35.12691944514974 0.0 1.0 1.0 1 0 0 0.0 1.0 0
cell 15.395491891302305 10.31449416017229 0.0 1.0 1.0 1 0 0 0.0 1.0 0
cell 59.13844537522623 37.09446580340568 0.0 1.0 1.0 1 0 0 0.0 1.0 0
cell 46.500801022332226 1.807279160630184 0.0 1.6431676725154984 0.6085806194501846 1 0 0 0.21890895416417797 -0.9757452894002338 5.841792980515713
cell 44.674815335534106 29.284596183000602 0.0 1.0 1.0 1 0 0 0.0 1.0 0
cell 28.302546453344824 54.94990236591249 0.0 1.0 1.0 1 0 0 0.0 1.0 0
cell 39.320995135435425 18.32118474385325 0.0 1.6431676725154984 0.6085806194501846 1 0 0 0.9696432748119181 0.24452386307274593 2.6475354161689375
cell 5.695534626746507 59.14561865306231 0.0 1.6431676725154984 0.6085806194501846 1 0 0 0.9999310595250582 -0.011742069540521692 3.165077332354953
cell 11.678868791669663 55.20058578415396 0.0 1.0 1.0 1 0 0 0.0 1.0 0
cell 30.422956213662367 19.925990523096157 0.0 1.0 1.0 1 0 0 0.0 1.0 0
cell 50.921083397426436 43.201050116540436 0.0 1.6431676725154984 0.6085806194501846 1 0 0 0.5677699373586135 -0.8231872801688546 5.075596792101275
cell 13.140503351668404 28.188226449656675 0.0 1.0 1.0 1 0 0 0.0 1.0 0
cell 52.3812874962155 38.576060771165714 0.0 1.6431676725154984 0.6085806194501846 1 0 0 0.7832563444680876 -0.6216988811719775 4.483412330929483
cell 55.01001591062261 58.58300071818855 0.0 1.0 1.0 1 0 0 0.0 1.0 0
cell 42.39910267988899 13.015559563664452 0.0 1.0 1.0 1 0 0 0.0 1.0 0
cell 36.8087248195998 34.744815637582214 0.0 1.6431676725154984 0.6085806194501846 1 0 0 -0.8728462439312287 0.48799532216522945 4.161175775310952
cell 31.25294016530839 40.492782043253044 0.0 1.6431676725154984 0.6085806194501846 1 0 0 0.8324892182105456 0.5540412453628292 1.9671709494947596
cell 54.206072727997075 28.109383675588173 0.0 1.6431676725154984 0.6085806194501846 1 0 0 0.6558885356635238 -0.754857754007441 4.852467087941139
cell 48.85112350728352 57.791752449571995 0.0 1.6431676725154984 0.6085806194501846 1 0 0 0.48847088247040565 -0.8725801951560573 5.262512342236716
cell 18.103434133014687 18.095683676460038 0.0 1.0 1.0 1 0 0 0.0 1.0 0
cell 6.694525745728514 22.981474775438556 0.0 1.0 1.0 1 0 0 0.0 1.0 0
cell 42.9638565437528 42.648553488085795 0.0 1.0 1.0 1 0 0 0.0 1.0 0
cell 14.51030730216762 53.444681797020344 0.0 1.0 1.0 1 0 0 0.0 1.0 0
cell 29.025820085177177 11.168670471593407 0.0 1.6431676725154984 0.6085806194501846 1 0 0 0.7780589125195978 0.6281913153242576 1.7831398287747369
cell 35.7346160780765 47.2198302498843 0.0 1.0 1.0 1 0 0 0.0 1.0 0
cell 2.178854430134711 18.13931250692478 0.0 1.0 1.0 1 0 0 0.0 1.0 0
cell 35.85798733763256 3.6112552021492053 0.0 1.0 1.0 1 0 0 0.0 1.0 0
cell 10.719630465449114 8.787250224872519 0.0 1.6431676725154984 0.6085806194501846 1 0 0 0.8403209143456358 -0.5420892554859528 4.287435414333142
cell 53.97136061786673 26.21820942193374 0.0 1.0 1.0 1 0 0 0.0 1.0 0
cell 50.665650365210986 22.716138122991637 0.0 1.0 1.0 1 0 0 0.0 1.0 0
cell 34.44102400903546 9.658667158683663 0.0 1.0 1.0 1 0 0 0.0 1.0 0
cell 42.98015997970648 24.01053955602486 0.0 1.0 1.0 1 0 0 0.0 1.0 0
cell 18.870734725137158 25.09832508891256 0.0 1.6431676725154984 0.6085806194501846 1 0 0 0.5254681150813233 0.8508132932864185 1.1065304337281203
cell 22.35667603253369 34.81224964708793 0.0 1.6431676725154984 0.6085806194501846 1 0 0 0.7285813988817739 0.6849592288621839 1.6324971780758102
cell 32.23736534540127 28.123876715193347 0.0 1.6431676725154984 0.6085806194501846 1 0 0 0.826906091290078 0.5623400360879218 1.947166743163014
cell 6.652726956270648 56.37897138604941 0.0 1.0 1.0 1 0 0 0.0 1.0 0
cell 21.641828967108932 37.08457581735754 0.0 1.0 1.0 1 0 0 0.0 1.0 0
cell 12.185508790805224 4.226749174305922 0.0 1.6431676725154984 0.6085806194501846 1 0 0 0.887450749893054 -0.46090255641974504 4.099616556910312
cell 23.019249554640812 5.327020579433608 0.0 1.0 1.0 1 0 0 0.0 1.0 0
cell 2.652289856525095 36.509967956509556 0.0 1.0 1.0 1 0 0 0.0 1.0 0
cell 13.511632343736908 20.98121481167884 0.0 1.6431676725154984 0.6085806194501846 1 0 0 0.8537705655799295 -0.5206494226918217 4.2368155073980365
cell 44.29949703578176 20.68090057900903 0.0 1.0 1.0 1 0 0 0.0 1.0 0
cell 15.011645733853483 8.49007596686184 0.0 1.0 1.0 1 0 0 0.0 1.0 0
cell 2.5884797981275276 7.823701179854792 0.0 1.0 1.0 1 0 0 0.0 1.0 0
cell 35.640598795449726 24.42399080394614 0.0 1.0 1.0 1 0 0 0.0 1.0 0
cell 24.068330219579526 10.220210187041532 0.0 1.0 1.0 1 0 0 0.0 1.0 0
cell 37.2577972186903 49.6823908746288 0.0 1.0 1.0 1 0 0 0.0 1.0 0
cell 11.0779222579203 47.60653648099205 0.0 1.0 1.0 1 0 0 0.0 1.0 0
cell 15.167757768818955 1.051648887065028 0.0 1.0 1.0 1 0 0 0.0 1.0 0
cell 55.8549714469868 35.68577288793463 0.0 1.0 1.0 1 0 0 0.0 1.0 0
cell 47.53000775514685 22.611591078516817 0.0 1.0 1.0 1 0 0 0.0 1.0 0
cell 57.70711264675403 47.015696662762636 0.0 1.6431676725154984 0.6085806194501846 1 0 0 0.5137718114264466 -0.8579268767112893 5.2040343924517645
cell 7.853253464455447 27.595621921753416 0.0 1.0 1.0 1 0 0 0.0 1.0 0
cell 36.607099931463026 54.22204048898281 0.0 1.0 1.0 1 0 0 0.0 1.0 0
cell 39.39441471033185 26.7439150859296 0.0 1.6431676725154984 0.6085806194501846 1 0 0 0.6023411527041428 -0.798238771144978 4.990323762258668
cell 9.82890277811686 20.40229488373422 0.0 1.0 1.0 1 0 0 0.0 1.0 0
cell 3.179689200619024 21.31434040650905 0.0 1.0 1.0 1 0 0 0.0 1.0 0
cell 4.930634685775078 22.21245597472828 0.0 1.0 1.0 1 0 0 0.0 1.0 0
cell 16.19384802737802 5.457329548566806 0.0 1.0 1.0 1 0 0 0.0 1.0 0
cell 31.538576627905307 35.19991031085096 0.0 1.0 1.0 1 0 0 0.0 1.0 0
cell 56.674449650480334 53.81717825201785 0.0 1.6431676725154984 0.6085806194501846 1 0 0 0.9282439578876212 -0.3719719809947037 3.903857733245365
cell 20.17275720043965 17.11191707632076 0.0 1.0 1.0 1 0 0 0.0 1.0 0
cell 48.5776523931408 30.507993489722278 0.0 1.0 1.0 1 0 0 0.0 1.0 0
cell 8.990714292228924 28.399768759429808 0.0 1.6431676725154984 0.6085806194501846 1 0 0 0.8659148386751278 0.5001914555070164 2.093952926614741
cell 16.11109597760035 27.348418283077457 0.0 1.6431676725154984 0.6085806194501846 1 0 0 0.2738427777540756 -0.9617744710023926 5.7284127469386705
cell 12.51272965250196 13.643362229958516 0.0 1.6431676725154984 0.6085806194501846 1 0 0 0.7990467041095938 -0.601268961989221 4.431769166760298
cell 31.133826597883942 46.56487052934835 0.0 1.0 1.0 1 0 0 0.0 1.0 0
cell 44.89003748858125 42.1857515876131 0.0 1.0 1.0 1 0 0 0.0 1.0 0
cell 3.973864194759606 15.618796782213126 0.0 1.0 1.0 1 0 0 0.0 1.0 0
cell 37.1730928786778 5.003562787614532 0.0 1.0 1.0 1 0 0 0.0 1.0 0
cell 40.535054296423574 25.337623514422773 0.0 1.6431676725154984 0.6085806194501846 1 0 0 0.7075240003654043 -0.7066893156875483 4.711208557924428
cell 54.99554028990194 49.96971552742872 0.0 1.6431676725154984 0.6085806194501846 1 0 0 0.9980893127526785 -0.06178773154021608 3.2652468815586704
cell 18.99895441256761 33.55855131679723 0.0 1.6431676725154984 0.6085806194501846 1 0 0 -0.28453227448373797 -0.9586664616941133 0.577037002025973
cell 21.567694392276945 44.26111757029133 0.0 1.0 1.0 1 0 0 0.0 1.0 0
cell 18.098168286868948 1.6770672516838037 0.0 1.0 1.0 1 0 0 0.0 1.0 0
cell 27.43121125502662 29.80619679696864 0.0 1.6431676725154984 0.6085806194501846 1 0 0 0.7724226058030448 0.6351089025076204 1.7652936533705097
cell 15.600098779018543 37.4766889255282 0.0 1.6431676725154984 0.6085806194501846 1 0 0 -0.12675231985258772 -0.9919343977360535 0.25418840206202553
cell 39.484361415091705 22.673179179808873 0.0 1.0 1.0 1 0 0 0.0 1.0 0
cell 18.087096594826253 59.42317259203816 0.0 1.0 1.0 1 0 0 0.0 1.0 0
cell 5.48111311118094 14.942381375502086 0.0 1.0 1.0 1 0 0 0.0 1.0 0
cell 14.668308625154342 6.748458665504774 0.0 1.0 1.0 1 0 0 0.0 1.0 0
cell 36.28814695786352 45.09931586273852 0.0 1.6431676725154984 0.6085806194501846 1 0 0 0.5166910685601392 0.856171910115125 1.0859632509448411
cell 58.85939288976377 11.97936870644076 0.0 1.0 1.0 1 0 0 0.0 1.0 0
cell 38.26353147024437 8.39744965139945 0.0 1.0 1.0 1 0 0 0.0 1.0 0
cell 29.8487629651681 0.12906015951409255 0.0 1.6431676725154984 0.6085806194501846 1 0 0 0.6038371136631354 0.7971077343514951 1.2966123552066575
cell 45.84441861295969 27.635154893936498 0.0 1.0 1.0 1 0 0 0.0 1.0 0
cell 30.452636564851257 17.95343649609581 0.0 1.0 1.0 1 0 0 0.0 1.0 0
cell 24.541272024051228 20.335593609535767 0.0 1.6431676725154984 0.6085806194501846 1 0 0 0.9050392819181754 0.4253279889509194 2.2629441380658424
cell 58.68410801649813 4.586025232977839 0.0 1.6431676725154984 0.6085806194501846 1 0 0 0.9915688420933392 0.129580983904563 2.881699875396524
cell 25.804302775837478 35.44661304759299 0.0 1.6431676725154984 0.6085806194501846 1 0 0 0.3321923400024305 0.9432116672538088 0.6772539235457832
cell 12.124878448771549 10.286036446319438 0.0 1.6431676725154984 0.6085806194501846 1 0 0 0.7309675074168377 -0.6824122676951341 4.643708003749214
cell 26.028172018408274 46.81764551886997 0.0 1.0 1.0 1 0 0 0.0 1.0 0
cell 25.153571299457194 8.585911638918352 0.0 1.0 1.0 1 0 0 0.0 1.0 0
cell 37.49115196793249 24.365632526863024 0.0 1.0 1.0 1 0 0 0.0 1.0 0
cell 58.89766724380725 33.179011314398934 0.0 1.0 1.0 1 0 0 0.0 1.0 0
cell 1.4843224367311354 56.85741358411567 0.0 1.6431676725154984 0.6085806194501846 1 0 0 0.99223078477519 0.12441089077894461 2.8921244794754015
cell 28.052721990139652 25.803700334321302 0.0 1.0 1.0 1 0 0 0.0 1.0 0
cell 19.36755983030688 46.8011312266409 0.0 1.0 1.0 1 0 0 0.0 1.0 0
cell 54.30526352682364 33.08555629446182 0.0 1.0 1.0 1 0 0 0.0 1.0 0
cell 47.96141412095427 6.745851514386864 0.0 1.6431676725154984 0.6085806194501846 1 0 0 0.960996641948598 0.2765600371773153 2.5811672985964913
cell 8.409823496694415 23.828327456653813 0.0 1.0 1.0 1 0 0 0.0 1.0 0
cell 9.17832862621256 31.89832246705246 0.0 1.0 1.0 1 0 0 0.0 1.0 0
cell 16.272352099807353 46.23309505618048 0.0 1.0 1.0 1 0 0 0.0 1.0 0
cell 38.4568420346194 17.03500596946634 0.0 1.0 1.0 1 0 0 0.0 1.0 0
cell 19.19918635594375 56.66478061108625 0.0 1.0 1.0 1 0 0 0.0 1.0 0
cell 50.57822991841801 18.46614264401619 0.0 1.0 1.0 1 0 0 0.0 1.0 0
cell 38.21092702875808 44.272015573952444 0.0 1.6431676725154984 0.6085806194501846 1 0 0 0.6335371465234322 0.7737122746699494 1.3722327173545406
cell 22.68815994139971 59.72462934433977 0.0 1.0 1.0 1 0 0 0.0 1.0 0
cell 7.757889892660589 34.813506225951436 0.0 1.0 1.0 1 0 0 0.0 1.0 0
cell 32.70101457520154 39.26208888131543 0.0 1.6431676725154984 0.6085806194501846 1 0 0 0.7542106281428489 0.6566325672675467 1.7089022731092574
cell 1.1360522737752656 50.547809105199974 0.0 1.0 1.0 1 0 0 0.0 1.0 0
cell 52.99742153333476 36.37462161376877 0.0 1.6431676725154984 0.6085806194501846 1 0 0 0.727458692945381 -0.6861514774874408 4.653963446495073
cell 11.277306720316048 42.41103906394155 0.0 1.0 1.0 1 0 0 0.0 1.0 0
cell 11.30396621181787 19.00134647312844 0.0 1.0 1.0 1 0 0 0.0 1.0 0
cell 19.41285298066287 36.44522405851904 0.0 1.6431676725154984 0.6085806194501846 1 0 0 0.2979762417477011 0.9545732865285491 0.6051437691222136
cell 50.56202024857055 26.695506486388453 0.0 1.0 1.0 1 0 0 0.0 1.0 0
cell 7.51876147438022 17.807134096683363 0.0 1.0 1.0 1 0 0 0.0 1.0 0
cell 31.412965115314453 37.8333081701372 0.0 1.6431676725154984 0.6085806194501846 1 0 0 0.813018645253858 0.5822376511954387 1.898636128711268
cell 10.883487948568977 26.65049399586269 0.0 1.0 1.0 1 0 0 0.0 1.0 0
cell 37.14273881776621 56.72119994080387 0.0 1.6431676725154984 0.6085806194501846 1 0 0 0.9992503286064237 -0.03871409019923077 3.2190401883561126
cell 47.83885367922839 32.22252453646475 0.0 1.0 1.0 1 0 0 0.0 1.0 0
cell 29.776648731140007 16.221780523508137 0.0 1.0 1.0 1 0 0 0.0 1.0 0
cell 33.91193748684076 11.55563028167364 0.0 1.0 1.0 1 0 0 0.0 1.0 0
cell 8.59134598485159 14.488661278670929 0.0 1.0 1.0 1 0 0 0.0 1.0 0
cell 58.443070282943886 27.089426981365108 0.0 1.0 1.0 1 0 0 0.0 1.0 0
cell 15.73591478910294 32.08519385069105 0.0 1.6431676725154984 0.6085806194501846 1 0 0 0.7743909094403949 -0.6327074516520871 4.511681599649443
cell 28.85688909027759 34.26870047556775 0.0 1.6431676725154984 0.6085806194501846 1 0 0 0.8113486870503474 0.5845624928283353 1.8929112166196513
cell 22.14869825755293 26.29664350560132 0.0 1.0 1.0 1 0 0 0.0 1.0 0
cell 7.085042984222371 29.14819405293838 0.0 1.0 1.0 1 0 0 0.0 1.0 0
cell 55.92668961001638 41.43017407398533 0.0 1.0 1.0 1 0 0 0.0 1.0 0
cell 25.735270152789695 55.15449133895216 0.0 1.6431676725154984 0.6085806194501846 1 0 0 0.5620898864477276 0.8270761510001244 1.1938209471281636
cell 5.700130308964684 32.11612917553412 0.0 1.0 1.0 1 0 0 0.0 1.0 0
cell 30.688294956416946 10.914020834772264 0.0 1.0 1.0 1 0 0 0.0 1.0 0
cell 2.5039753836951135 34.5655598296902 0.0 1.0 1.0 1 0 0 0.0 1.0 0
cell 30.116858159019248 37.279552651903686 0.0 1.6431676725154984 0.6085806194501846 1 0 0 0.6657952372455638 0.7461345066816863 1.4571182427309368
cell 27.278088018630957 51.74990315369778 0.0 1.0 1.0 1 0 0 0.0 1.0 0
cell 36.024739753849914 51.37385610969792 0.0 1.0 1.0 1 0 0 0.0 1.0 0
cell 31.62991856952912 16.305610261251395 0.0 1.0 1.0 1 0 0 0.0 1.0 0
cell 42.281451583931656 38.8724688041271 0.0 1.0 1.0 1 0 0 0.0 1.0 0
cell 45.27192853673082 18.958739197760796 0.0 1.0 1.0 1 0 0 0.0 1.0 0
cell 41.22762771887522 31.55934048125045 0.0 1.0 1.0 1 0 0 0.0 1.0 0
cell 3.8516630301939703 54.69732854258323 0.0 1.0 1.0 1 0 0 0.0 1.0 0
cell 14.859160799267515 59.15518110184006 0.0 1.0 1.0 1 0 0 0.0 1.0 0
cell 59.73566239722549 49.50149509765248 0.0 1.0 1.0 1 0 0 0.0 1.0 0
cell 38.43189343899267 29.76510184009552 0.0 1.6431676725154984 0.6085806194501846 1 0 0 0.6175128438902715 -0.7865607971610009 4.952031910004521
cell 42.955828400423115 30.03327136452187 0.0 1.0 1.0 1 0 0 0.0 1.0 0
cell 25.803761557831436 42.3107292653758 0.0 1.6431676725154984 0.6085806194501846 1 0 0 0.661634595878787 0.7498264209377489 1.445993271317574
cell 15.988374897638314 52.40523172539805 0.0 1.0 1.0 1 0 0 0.0 1.0 0
cell 2.343497771975098 32.57398135025132 0.0 1.0 1.0 1 0 0 0.0 1.0 0
cell 13.70063381661938 24.394552588926313 0.0 1.0 1.0 1 0 0 0.0 1.0 0
cell 50.09607756642717 6.523928562816386 0.0 1.6431676725154984 0.6085806194501846 1 0 0 -0.7646259695331467 -0.6444743026029008 1.7409215304633445
cell 54.41487319455655 17.19871033705681 0.0 1.0 1.0 1 0 0 0.0 1.0 0
cell 39.28426279165917 32.153188611387385 0.0 1.6431676725154984 0.6085806194501846 1 0 0 0.5055064245550481 -0.8628228408738212 5.223247699815734
cell 35.78372572545722 28.03465957954122 0.0 1.0 1.0 1 0 0 0.0 1.0 0
cell 11.626698589918897 51.33207664010017 0.0 1.0 1.0 1 0 0 0.0 1.0 0
cell 36.79105063950413 43.532459858855766 0.0 1.6431676725154984 0.6085806194501846 1 0 0 0.5536998215263123 0.8327163428453472 1.1736015679155316
cell 3.81139112456199 43.81748021304755 0.0 1.0 1.0 1 0 0 0.0 1.0 0
cell 30.53216218061633 43.3342900251296 0.0 1.0 1.0 1 0 0 0.0 1.0 0
cell 28.868529935571054 56.87268538861472 0.0 1.0 1.0 1 0 0 0.0 1.0 0
cell 6.7129489479481785 13.867698223383664 0.0 1.0 1.0 1 0 0 0.0 1.0 0
cell 16.0758414988171 29.592211306118664 0.0 1.6431676725154984 0.6085806194501846 1 0 0 0.8381941563573816 0.5453719430336853 1.987927065587203
cell 21.857305798927623 16.26932828587355 0.0 1.0 1.0 1 0 0 0.0 1.0 0
cell 51.97616976211886 35.446825649087515 0.0 1.6431676725154984 0.6085806194501846 1 0 0 0.6555632437494625 -0.7551402740184652 4.853328789487741
cell 27.378606837004597 23.35521767415983 0.0 1.0 1.0 1 0 0 0.0 1.0 0
cell 29.391719814140686 42.66173224900868 0.0 1.6431676725154984 0.6085806194501846 1 0 0 0.9237396254452589 0.38302102342071626 2.3554636230102943
cell 26.091150627731235 1.667377448675804 0.0 1.0 1.0 1 0 0 0.0 1.0 0
cell 44.4852839656159 22.764496692485757 0.0 1.0 1.0 1 0 0 0.0 1.0 0
cell 4.04988821871166 49.32494803136622 0.0 1.0 1.0 1 0 0 0.0 1.0 0
cell 52.83519524428766 15.931679607896458 0.0 1.0 1.0 1 0 0 0.0 1.0 0
cell 51.17830939214919 41.02210017732275 0.0 1.6431676725154984 0.6085806194501846 1 0 0 0.3399751402866264 -0.9404344230126249 5.589404380951737
cell 58.694530713438 31.164045876745114 0.0 1.0 1.0 1 0 0 0.0 1.0 0
cell 45.75502886784874 50.88106504938239 0.0 1.6431676725154984 0.6085806194501846 1 0 0 0.5951448634423977 0.8036184365220411 1.2748918012622539
cell 48.97035903356167 35.268709074524686 0.0 1.6431676725154984 0.6085806194501846 1 0 0 0.6316209990290245 -0.7752773139887282 4.915900709634363
cell 42.37697086936196 20.13377012215747 0.0 1.0 1.0 1 0 0 0.0 1.0 0
cell 3.1592899754244614 40.29255030356851 0.0 1.0 1.0 1 0 0 0.0 1.0 0
cell 34.97302855833195 1.7099233272854297 0.0 1.0 1.0 1 0 0 0.0 1.0 0
cell 21.947951097206207 42.422658645883125 0.0 1.0 1.0 1 0 0 0.0 1.0 0
cell 55.525978183387856 25.201461260784566 0.0 1.0 1.0 1 0 0 0.0 1.0 0
cell 11.14569587658479 31.45636657709476 0.0 1.0 1.0 1 0 0 0.0 1.0 0
cell 30.13555083773595 27.432364709871933 0.0 1.6431676725154984 0.6085806194501846 1 0 0 0.7905561810977175 0.6123895202632005 1.8234333606585469
cell 32.37192021487487 58.070335575514385 0.0 1.0 1.0 1 0 0 0.0 1.0 0
cell 33.523868689987374 16.87331189106986 0.0 1.0 1.0 1 0 0 0.0 1.0 0
cell 2.2541132575831577 46.23467315695352 0.0 1.0 1.0 1 0 0 0.0 1.0 0
cell 57.43990605044291 36.41021742425859 0.0 1.0 1.0 1 0 0 0.0 1.0 0
cell 2.205228794700044 30.61707545035419 0.0 1.0 1.0 1 0 0 0.0 1.0 0
cell 42.77821104248279 44.548463735699215 0.0 1.0 1.0 1 0 0 0.0 1.0 0
cell 32.354699705037085 3.5790540454211515 0.0 1.0 1.0 1 0 0 0.0 1.0 0
cell 11.777409182060106 15.133405874526943 0.0 1.6431676725154984 0.6085806194501846 1 0 0 0.7932871077580614 -0.6088477352054862 4.450807174828037
cell 40.12793368852237 16.129560273678248 0.0 1.0 1.0 1 0 0 0.0 1.0 0
cell 33.66083607585104 47.31154625803214 0.0 1.6431676725154984 0.6085806194501846 1 0 0 0.715112630343269 0.6990092459499596 1.5935704435688478
cell 32.518011702256224 10.356996304249842 0.0 1.0 1.0 1 0 0 0.0 1.0 0
cell 26.94161512496278 13.549708258908884 0.0 1.0 1.0 1 0 0 0.0 1.0 0
cell 5.253579881245554 47.8885178873742 0.0 1.0 1.0 1 0 0 0.0 1.0 0
cell 13.036190771204122 58.68958592495414 0.0 1.0 1.0 1 0 0 0.0 1.0 0
cell 3.4946138494752184 23.439866838667538 0.0 1.0 1.0 1 0 0 0.0 1.0 0
cell 38.501222523714425 15.189497860277221 0.0 1.0 1.0 1 0 0 0.0 1.0 0
cell 20.246742595670256 7.762620114128596 0.0 1.0 1.0 1 0 0 0.0 1.0 0
cell 44.748147271182454 9.462682005444758 0.0 1.6431676725154984 0.6085806194501846 1 0 0 0.863312877310146 -0.5046690756034855 4.199589859913196
cell 4.873498412201206 0.6809102098373415 0.0 1.6431676725154984 0.6085806194501846 1 0 0 0.9578637903866416 -0.28722283869173054 3.724245142118001
cell 51.37650115222795 31.387399159969718 0.0 1.0 1.0 1 0 0 0.0 1.0 0
cell 34.089718778510004 33.59531393692195 0.0 1.6431676725154984 0.6085806194501846 1 0 0 0.7865346182094557 -0.6175461880362519 4.472830836838607
cell 16.09890522078488 56.4163624276944 0.0 1.0 1.0 1 0 0 0.0 1.0 0
cell 12.764766194227047 18.21433994267091 0.0 1.6431676725154984 0.6085806194501846 1 0 0 0.86212986268484 -0.5066873788313844 4.204268780309889
cell 9.00155241660604 16.4829730283637 0.0 1.0 1.0 1 0 0 0.0 1.0 0
cell 34.111741768537534 3.175578484196301 0.0 1.0 1.0 1 0 0 0.0 1.0 0
cell 13.725548705364762 10.750862887987596 0.0 1.6431676725154984 0.6085806194501846 1 0 0 0.8800647129008428 -0.47485376812947083 4.131188381401376
cell 25.07979370854605 18.01875980223286 0.0 1.6431676725154984 0.6085806194501846 1 0 0 0.8786498353143005 0.47746671810939095 2.14605406697828
cell 10.34911570955913 15.11045012600308 0.0 1.0 1.0 1 0 0 0.0 1.0 0
cell 22.195571675191488 14.350843050698789 0.0 1.0 1.0 1 0 0 0.0 1.0 0
cell 6.709745726572288 24.886406516345616 0.0 1.0 1.0 1 0 0 0.0 1.0 0
cell 39.78145634817151 3.7592661914804735 0.0 1.6431676725154984 0.6085806194501846 1 0 0 0.3832436317361739 -0.9236472913042445 5.496574280517162
cell 4.268468518227264 35.26205691332504 0.0 1.0 1.0 1 0 0 0.0 1.0 0
cell 15.694116465317126 44.07298691539364 0.0 1.0 1.0 1 0 0 0.0 1.0 0
cell 46.67283212663225 10.32855774669529 0.0 1.6431676725154984 0.6085806194501846 1 0 0 0.9417804910692802 -0.33622835490378467 3.82741108753086
cell 57.275070719674666 32.39678908639513 0.0 1.0 1.0 1 0 0 0.0 1.0 0
cell 12.909491428201447 48.38398645037342 0.0 1.0 1.0 1 0 0 0.0 1.0 0
cell 26.29928647395551 3.667355461579894 0.0 1.0 1.0 1 0 0 0.0 1.0 0
cell 7.2500296767700565 15.805957683178939 0.0 1.0 1.0 1 0 0 0.0 1.0 0
cell 11.522065530070936 45.647960774883664 0.0 1.0 1.0 1 0 0 0.0 1.0 0
cell 25.844248974939788 30.618213816067513 0.0 1.6431676725154984 0.6085806194501846 1 0 0 0.8562092805481649 0.5166291396187346 2.055774064223146
cell 1.3183028643705426 10.871763097638333 0.0 1.0 1.0 1 0 0 0.0 1.0 0
cell 40.49959658542199 13.069703671361806 0.0 1.0 1.0 1 0 0 0.0 1.0 0
cell 36.78779225219235 14.178942818321858 0.0 1.0 1.0 1 0 0 0.0 1.0 0
cell 24.32178595511486 40.019018621861385 0.0 1.0 1.0 1 0 0 0.0 1.0 0
cell 26.56605372093947 32.579978499448174 0.0 1.6431676725154984 0.6085806194501846 1 0 0 -0.6994131027042213 -0.7147176447840464 1.5491520133285057
cell 15.13099052014045 41.69695544185154 0.0 1.0 1.0 1 0 0 0.0 1.0 0
cell 59.40636022151198 44.59563818163889 0.0 1.6431676725154984 0.6085806194501846 1 0 0 0.2692223661014815 -0.9630780433540783 5.738014319514299
cell 59.34643598151344 24.768395629610126 0.0 1.0 1.0 1 0 0 0.0 1.0 0
cell 2.2372461086849595 48.927664292812175 0.0 1.0 1.0 1 0 0 0.0 1.0 0
cell 59.32466029329684 18.003627371601418 0.0 1.6431676725154984 0.6085806194501846 1 0 0 0.703668809715928 0.7105281178341706 1.5610957621909445
cell 2.193659188697337 16.392227773796282 0.0 1.0 1.0 1 0 0 0.0 1.0 0
cell 51.94881486172421 47.714155243178375 0.0 1.6431676725154984 0.6085806194501846 1 0 0 0.42492184749379236 0.9052300390080205 0.8777510988896019
cell 0.14516598821100496 20.32757346224611 0.0 1.6431676725154984 0.6085806194501846 1 0 0 0.769585307174497 0.638544011780813 1.7563829245423117
cell 16.702671830489237 16.639167255249117 0.0 1.0 1.0 1 0 0 0.0 1.0 0
cell 56.94433637780616 30.400230655776536 0.0 1.0 1.0 1 0 0 0.0 1.0 0
cell 42.21351355004562 40.813599184749265 0.0 1.0 1.0 1 0 0 0.0 1.0 0
cell 45.408275568269836 56.2102246954714 0.0 1.6431676725154984 0.6085806194501846 1 0 0 0.963004249042881 0.26948620804292917 2.5958737309980724
cell 27.089610849408125 57.63156429174957 0.0 1.0 1.0 1 0 0 0.0 1.0 0
cell 15.78513520509929 3.8264599145482574 0.0 1.0 1.0 1 0 0 0.0 1.0 0
cell 55.850508293424596 39.530872622020766 0.0 1.0 1.0 1 0 0 0.0 1.0 0
cell 22.351202487392978 10.143525497926257 0.0 1.0 1.0 1 0 0 0.0 1.0 0
cell 12.329417846985244 2.218093928802286 0.0 1.0 1.0 1 0 0 0.0 1.0 0
cell 13.014767648088975 32.21027428954217 0.0 1.0 1.0 1 0 0 0.0 1.0 0
cell 17.26154860208727 53.54087523689847 0.0 1.0 1.0 1 0 0 0.0 1.0 0
cell 59.13558842380375 51.479838337038274 0.0 1.0 1.0 1 0 0 0.0 1.0 0
cell 46.775123403729054 30.83810203041464 0.0 1.0 1.0 1 0 0 0.0 1.0 0
cell 52.66517461072481 28.99253160019326 0.0 1.6431676725154984 0.6085806194501846 1 0 0 0.5118000291599611 -0.8591046095510505 5.208627858361974
cell 44.24718086329037 38.40468796683415 0.0 1.0 1.0 1 0 0 0.0 1.0 0
cell 24.67348190507758 4.54117415243102 0.0 1.0 1.0 1 0 0 0.0 1.0 0
cell 3.795539653846769 11.629137927916624 0.0 1.0 1.0 1 0 0 0.0 1.0 0
cell 20.251613272964065 15.035892988949366 0.0 1.0 1.0 1 0 0 0.0 1.0 0
cell 36.759351122924734 29.751962370783538 0.0 1.0 1.0 1 0 0 0.0 1.0 0
cell 13.409991509023333 0.7921051252912501 0.0 1.0 1.0 1 0 0 0.0 1.0 0
cell 28.157497751210375 42.556710633746334 0.0 1.6431676725154984 0.6085806194501846 1 0 0 -0.8289828512720961 -0.5592740225477899 1.9545730612017138
cell 58.66337968933134 59.10634459814966 0.0 1.6431676725154984 0.6085806194501846 1 0 0 0.9979250360636532 0.06438650788291213 3.0127304973797346
cell 20.987272620314844 46.07503342826312 0.0 1.0 1.0 1 0 0 0.0 1.0 0
cell 21.534953598792878 20.212006427095314 0.0 1.0 1.0 1 0 0 0.0 1.0 0
cell 40.45815327412691 54.40717800864543 0.0 1.6431676725154984 0.6085806194501846 1 0 0 0.35076270938177606 0.9364643728979526 0.7167708718430555
cell 53.73901541268199 24.71643720860205 0.0 1.0 1.0 1 0 0 0.0 1.0 0
cell 9.297224439955604 58.03563533242876 0.0 1.0 1.0 1 0 0 0.0 1.0 0
cell 14.555129140945775 49.253135844272954 0.0 1.0 1.0 1 0 0 0.0 1.0 0
cell 26.871679686324175 40.24951746883553 0.0 1.6431676725154984 0.6085806194501846 1 0 0 0.7535808386602466 0.6573552461220032 1.7069850881005117
cell 10.970825390434646 7.341627313879306 0.0 1.6431676725154984 0.6085806194501846 1 0 0 0.8830438716874968 -0.4692904438353244 4.11856679727667
cell 26.709297770503433 54.00156447814801 0.0 1.0 1.0 1 0 0 0.0 1.0 0
cell 27.617171063994874 0.8060726253066555 0.0 1.0 1.0 1 0 0 0.0 1.0 0
cell 18.692172878728762 16.287439359524875 0.0 1.0 1.0 1 0 0 0.0 1.0 0
cell 30.852996982065317 44.83857380527624 0.0 1.0 1.0 1 0 0 0.0 1.0 0
cell 5.040247554496201 24.207116154845657 0.0 1.0 1.0 1 0 0 0.0 1.0 0
cell 14.53757743317923 19.867168658771458 0.0 1.6431676725154984 0.6085806194501846 1 0 0 0.7964039314152987 -0.6047650601897039 4.440534320696985
cell 4.922687362504213 20.452895386889793 0.0 1.0 1.0 1 0 0 0.0 1.0 0
cell 37.41437065254545 2.732694882739607 0.0 1.6431676725154984 0.6085806194501846 1 0 0 0.9869795698528577 -0.16084566731207886 3.4646874871236615
cell 7.287585221135822 43.12511780086942 0.0 1.0 1.0 1 0 0 0.0 1.0 0
cell 23.314417728643413 46.642387946549206 0.0 1.6431676725154984 0.6085806194501846 1 0 0 0.8131460781623493 0.582059666674466 1.8990739306576492
cell 15.063025485797409 26.354446709678406 0.0 1.6431676725154984 0.6085806194501846 1 0 0 0.16628433168344406 -0.9860778473511056 5.949064640237124
cell 35.93163925726783 57.549874611348116 0.0 1.6431676725154984 0.6085806194501846 1 0 0 0.9971499840022198 -0.07544474404736726 3.2926256511178544
cell 31.53436347875678 53.52511616046796 0.0 1.0 1.0 1 0 0 0.0 1.0 0
cell 26.583223486539374 15.173128359939431 0.0 1.0 1.0 1 0 0 0.0 1.0 0
cell 45.71907271996662 54.0524543642903 0.0 1.6431676725154984 0.6085806194501846 1 0 0 0.27691347374946246 0.96089485796106 0.5611609564945925
cell 3.710458395256917 19.396482367992398 0.0 1.0 1.0 1 0 0 0.0 1.0 0
cell 21.518951810007625 31.72650716261223 0.0 1.6431676725154984 0.6085806194501846 1 0 0 0.9900488888082651 0.14072383511516262 2.859207679054438
cell 6.61083087722128 39.6325119294341 0.0 1.0 1.0 1 0 0 0.0 1.0 0
cell 17.688555651490873 49.644050212979494 0.0 1.0 1.0 1 0 0 0.0 1.0 0
cell 50.74185556365194 58.04098889549608 0.0 1.6431676725154984 0.6085806194501846 1 0 0 0.7137145641585911 -0.7004366644514779 4.693610918647045
cell 33.69657077754043 13.533309768173291 0.0 1.0 1.0 1 0 0 0.0 1.0 0
cell 35.036634563933625 15.123319850808318 0.0 1.0 1.0 1 0 0 0.0 1.0 0
cell 43.01567080295007 26.210480133191833 0.0 1.0 1.0 1 0 0 0.0 1.0 0
cell 21.662802026346714 18.2444582428441 0.0 1.0 1.0 1 0 0 0.0 1.0 0
cell 45.925912161587696 12.323899382355096 0.0 1.6431676725154984 0.6085806194501846 1 0 0 0.8653796339360387 -0.5011168418330477 4.191370402149375
cell 49.13133509520447 42.64716855225472 0.0 1.6431676725154984 0.6085806194501846 1 0 0 0.7179304470752247 -0.6961148419351278 4.6815358320042
cell 28.441470894599792 19.779832853278332 0.0 1.0 1.0 1 0 0 0.0 1.0 0
cell 46.869148290694206 46.27925611733016 0.0 1.6431676725154984 0.6085806194501846 1 0 0 0.7648298153009209 -0.6442323754878818 4.541631062477883
cell 3.349299397659296 25.352864303923297 0.0 1.0 1.0 1 0 0 0.0 1.0 0
cell 54.96369064513348 46.53943696597955 0.0 1.0 1.0 1 0 0 0.0 1.0 0
cell 11.629409218554152 0.3694042724883797 0.0 1.0 1.0 1 0 0 0.0 1.0 0
cell 2.0371019769269405 28.618502707463062 0.0 1.0 1.0 1 0 0 0.0 1.0 0
cell 29.069842316692302 5.751603432495567 0.0 1.6431676725154984 0.6085806194501846 1 0 0 0.975870083727571 0.21835196286166894 2.7013419274585972
cell 27.713541450969334 2.7320793459007016 0.0 1.0 1.0 1 0 0 0.0 1.0 0
cell 19.535174706399175 58.66007578272588 0.0 1.0 1.0 1 0 0 0.0 1.0 0
cell 43.31083108862536 6.912519000432483 0.0 1.6431676725154984 0.6085806194501846 1 0 0 0.951397195698749 -0.3079665176874855 3.767702507010472
cell 32.092853243147474 41.60568753490003 0.0 1.6431676725154984 0.6085806194501846 1 0 0 0.9733586802560859 0.22928776585359037 2.6789008708546533
cell 8.325450051603951 51.43562464395824 0.0 1.0 1.0 1 0 0 0.0 1.0 0
cell 38.112533468910094 40.11024293861512 0.0 1.6431676725154984 0.6085806194501846 1 0 0 0.9136628855427351 0.40647279316299 2.3044122148790467
cell 24.66172629244862 11.812876839501728 0.0 1.0 1.0 1 0 0 0.0 1.0 0
cell 8.731028408230761 44.53730071431157 0.0 1.0 1.0 1 0 0 0.0 1.0 0
cell 22.911735781491487 39.29285014098289 0.0 1.6431676725154984 0.6085806194501846 1 0 0 0.22239648328400227 -0.9749563088789716 5.834641655254847
cell 19.667345412364803 54.91652029706738 0.0 1.0 1.0 1 0 0 0.0 1.0 0
cell 1.5049050226353795 52.30279596489564 0.0 1.0 1.0 1 0 0 0.0 1.0 0
cell 46.85554359995784 9.117127551611622 0.0 1.6431676725154984 0.6085806194501846 1 0 0 0.9952891868118394 -0.0969506813561798 3.3357990688968213
cell 54.721918220906225 53.204261459602684 0.0 1.6431676725154984 0.6085806194501846 1 0 0 0.9000700704464558 -0.4357451873360303 4.04332471854946
cell 21.701046220965114 58.25400788496323 0.0 1.0 1.0 1 0 0 0.0 1.0 0
cell 27.363357140749493 45.4357757878101 0.0 1.0 1.0 1 0 0 0.0 1.0 0
cell 41.032084211546575 21.41343335918849 0.0 1.0 1.0 1 0 0 0.0 1.0 0
cell 54.07569655224724 40.69207260193462 0.0 1.0 1.0 1 0 0 0.0 1.0 0
cell 30.81132169403472 56.764498172856435 0.0 1.0 1.0 1 0 0 0.0 1.0 0
cell 38.378984599073206 37.79331186230493 0.0 1.6431676725154984 0.6085806194501846 1 0 0 0.8357023048617775 0.5491827179079042 1.978820723877408
cell 43.34370774283281 35.014350883443036 0.0 1.0 1.0 1 0 0 0.0 1.0 0
cell 18.163089667975797 45.67715854706249 0.0 1.0 1.0 1 0 0 0.0 1.0 0
cell 24.560248132321135 6.52110066159654 0.0 1.0 1.0 1 0 0 0.0 1.0 0
cell 38.803745410769515 58.75902239888612 0.0 1.6431676725154984 0.6085806194501846 1 0 0 0.9196912271238589 -0.392642390415771 3.948598582521071
cell 9.981524314411919 9.855847969252974 0.0 1.6431676725154984 0.6085806194501846 1 0 0 0.7993024194728711 -0.6009289826799956 4.430918340619546
cell 37.69351781258163 20.336583768117816 0.0 1.6431676725154984 0.6085806194501846 1 0 0 0.9412364215886734 0.33774842512578673 2.452545210112814
cell 13.108048245611808 8.671212985161185 0.0 1.6431676725154984 0.6085806194501846 1 0 0 0.923741713849042 -0.38301598673584697 3.927710779193394
cell 33.917050736601894 56.74328658463597 0.0 1.6431676725154984 0.6085806194501846 1 0 0 0.9921448328387418 0.1250944869743873 2.890746522273482
cell 30.762891327502164 29.262281229660825 0.0 1.6431676725154984 0.6085806194501846 1 0 0 0.7748321295270528 0.6321670436305363 1.7728990082351783
cell 17.54272838577852 51.58558759390172 0.0 1.0 1.0 1 0 0 0.0 1.0 0
cell 43.21039468240784 31.684123062319358 0.0 1.0 1.0 1 0 0 0.0 1.0 0
cell 19.7638049762319 44.797379182205006 0.0 1.0 1.0 1 0 0 0.0 1.0 0
cell 52.69836949425852 12.570019385627143 0.0 1.6431676725154984 0.6085806194501846 1 0 0 0.9748032627794649 0.22306635531722283 2.691674735798429
cell 41.429166921036 0.7067670056826252 0.0 1.6431676725154984 0.6085806194501846 1 0 0 -0.3670662152078729 -0.9301948148925404 0.7517062074149852
cell 17.767276007496935 39.86595833567195 0.0 1.6431676725154984 0.6085806194501846 1 0 0 -0.20050040584237838 -0.9796936190753932 0.4037373440227334
cell 23.476787963087066 24.29273617433575 0.0 1.6431676725154984 0.6085806194501846 1 0 0 0.9050068616538415 0.4253969679716402 2.2627917021272728
cell 13.01865390485003 30.196045562589575 0.0 1.0 1.0 1 0 0 0.0 1.0 0
cell 3.564438151950076 27.40755501182035 0.0 1.0 1.0 1 0 0 0.0 1.0 0
cell 38.28988233567023 25.998046480140765 0.0 1.0 1.0 1 0 0 0.0 1.0 0
cell 54.36477634600328 36.83211988586655 0.0 1.0 1.0 1 0 0 0.0 1.0 0
cell 49.96589045183213 49.6653934789627 0.0 1.6431676725154984 0.6085806194501846 1 0 0 0.9374345881944973 -0.3481614465396956 3.852810907655187
cell 48.863453369937275 55.64058449285805 0.0 1.6431676725154984 0.6085806194501846 1 0 0 0.802835509239314 0.5962005913318531 1.8640721364773105
cell 9.858771353802116 37.339477667548515 0.0 1.0 1.0 1 0 0 0.0 1.0 0
cell 34.71853698660051 36.80976378706349 0.0 1.6431676725154984 0.6085806194501846 1 0 0 0.7543906681161053 -0.6564257154159457 4.573734574113898
cell 55.74365756101215 31.781063128224122 0.0 1.0 1.0 1 0 0 0.0 1.0 0
cell 27.74542846664463 7.427669746671329 0.0 1.6431676725154984 0.6085806194501846 1 0 0 0.672535933032053 0.7400644693408176 1.4752602268793424
cell 12.981516470429277 6.707354966483628 0.0 1.6431676725154984 0.6085806194501846 1 0 0 0.8763512160307648 -0.48167265457092306 4.14671739607553
cell 30.135032218779454 12.751141539400944 0.0 1.0 1.0 1 0 0 0.0 1.0 0
cell 41.987236504342455 18.20966007367374 0.0 1.0 1.0 1 0 0 0.0 1.0 0
cell 13.382385602018212 16.811015292152334 0.0 1.6431676725154984 0.6085806194501846 1 0 0 0.8354141057675125 -0.549621025693766 4.305413720927835
cell 44.26880573294144 13.526623713515948 0.0 1.6431676725154984 0.6085806194501846 1 0 0 0.4961192203018248 0.8682544092874561 1.0382468082043916
cell 14.60215965408163 14.098553600272886 0.0 1.6431676725154984 0.6085806194501846 1 0 0 0.8101520527441683 -0.586219797886774 4.3943624130396355
cell 16.271141269040186 14.689107664672541 0.0 1.0 1.0 1 0 0 0.0 1.0 0
cell 17.922171075446432 5.600145397429803 0.0 1.0 1.0 1 0 0 0.0 1.0 0
cell 1.9252918354825312 58.00723434374903 0.0 1.6431676725154984 0.6085806194501846 1 0 0 0.979508900745021 0.20140087726045436 2.736016864902845
cell 23.516123183954594 55.3605177387674 0.0 1.0 1.0 1 0 0 0.0 1.0 0
cell 54.62063136302809 48.867403930939076 0.0 1.6431676725154984 0.6085806194501846 1 0 0 0.9981342189773512 0.06105801263121152 3.0194006243474663
cell 47.014350783977804 34.2362550400415 0.0 1.0 1.0 1 0 0 0.0 1.0 0
cell 16.44253464813124 11.67485663067281 0.0 1.6431676725154984 0.6085806194501846 1 0 0 0.9981360258052325 -0.06102846868254264 3.263725484537212
cell 40.73805238794241 5.942914529934685 0.0 1.6431676725154984 0.6085806194501846 1 0 0 0.9457638191701573 -0.3248550420551881 3.803309560166087
cell 17.669746323013857 25.730878694252972 0.0 1.6431676725154984 0.6085806194501846 1 0 0 0.3319589430233419 0.9432938355289011 0.6767590466900232
cell 51.649986538825225 9.73815360254022 0.0 1.6431676725154984 0.6085806194501846 1 0 0 0.7797289206663252 0.6261172496238445 1.7884654949038052
cell 34.0076244011635 20.826045019957245 0.0 1.0 1.0 1 0 0 0.0 1.0 0
cell 46.47544396712881 36.166198262493495 0.0 1.0 1.0 1 0 0 0.0 1.0 0
cell 36.90594590033165 58.999709035330945 0.0 1.0 1.0 1 0 0 0.0 1.0 0
cell 21.054589224870185 0.214285939015548 0.0 1.0 1.0 1 0 0 0.0 1.0 0
cell 28.843751097813392 28.466142855891363 0.0 1.6431676725154984 0.6085806194501846 1 0 0 0.6652009481459503 0.7466643814899226 1.4555258271070326
cell 45.64954251326797 46.50294112826784 0.0 1.6431676725154984 0.6085806194501846 1 0 0 0.7295383605938482 0.683939895328559 1.635293473403268
cell 36.31908898395868 8.892184334500639 0.0 1.0 1.0 1 0 0 0.0 1.0 0
cell 49.768139339555916 36.25308412687069 0.0 1.6431676725154984 0.6085806194501846 1 0 0 0.6369452495032181 -0.7709090407663431 4.902126873346488
cell 40.427199372909996 45.913557545140605 0.0 1.0 1.0 1 0 0 0.0 1.0 0
cell 50.90600504506056 16.484927222453884 0.0 1.0 1.0 1 0 0 0.0 1.0 0
cell 34.77887782054638 55.05254254253814 0.0 1.0 1.0 1 0 0 0.0 1.0 0
cell 28.29541389854317 58.80092035295275 0.0 1.0 1.0 1 0 0 0.0 1.0 0
cell 41.269073233298116 42.96101319994762 0.0 1.6431676725154984 0.6085806194501846 1 0 0 0.6664532742381959 -0.7455468015203257 4.824302513411297
cell 25.125489588255633 28.104514839358032 0.0 1.6431676725154984 0.6085806194501846 1 0 0 -0.2238891745029847 -0.9746146097511427 0.4516062559326999
cell 49.62838390357218 50.968565429803384 0.0 1.6431676725154984 0.6085806194501846 1 0 0 0.9050749399743733 -0.42525210526273083 4.020073480937548
cell 23.21010799310951 19.46369655407891 0.0 1.0 1.0 1 0 0 0.0 1.0 0
cell 56.589685451894596 55.29065093431408 0.0 1.6431676725154984 0.6085806194501846 1 0 0 0.9233995285241429 -0.38384021509137184 3.9294956525575158
cell 47.36453135577838 20.469505207598 0.0 1.0 1.0 1 0 0 0.0 1.0 0
cell 26.378061908942136 5.614690606059599 0.0 1.0 1.0 1 0 0 0.0 1.0 0
cell 28.765076324578924 21.413353121530875 0.0 1.6431676725154984 0.6085806194501846 1 0 0 0.13254213592512137 -0.9911773717172959 6.0173186937099805
cell 0.921480724573935 47.70744979220324 0.0 1.0 1.0 1 0 0 0.0 1.0 0
cell 52.766623405870746 50.333103825324606 0.0 1.6431676725154984 0.6085806194501846 1 0 0 0.9911317507571106 -0.13288285307422007 3.408146782728637
cell 55.89262373231853 37.66184829236228 0.0 1.0 1.0 1 0 0 0.0 1.0 0
cell 54.498597841493726 23.317887773772302 0.0 1.0 1.0 1 0 0 0.0 1.0 0
cell 5.857342218594426 18.913070750045197 0.0 1.0 1.0 1 0 0 0.0 1.0 0
cell 50.535947189762204 32.62732314854499 0.0 1.6431676725154984 0.6085806194501846 1 0 0 0.8087122984687984 -0.588204401807155 4.3992661047533534
cell 32.378103792227776 43.126321662498036 0.0 1.0 1.0 1 0 0 0.0 1.0 0
cell 25.511761581815414 51.2581002087791 0.0 1.0 1.0 1 0 0 0.0 1.0 0
cell 43.4156029842647 14.957780963405288 0.0 1.0 1.0 1 0 0 0.0 1.0 0
cell 56.66746672997035 14.621754969115605 0.0 1.0 1.0 1 0 0 0.0 1.0 0
cell 46.10116345432648 32.72219288091589 0.0 1.0 1.0 1 0 0 0.0 1.0 0
cell 0.7588271986700377 1.7346496225527264 0.0 1.6431676725154984 0.6085806194501846 1 0 0 0.9982382875922131 -0.059332294620770894 3.2603269762669904
cell 2.9436780987959126 0.9944858155399806 0.0 1.6431676725154984 0.6085806194501846 1 0 0 0.9887548763086639 -0.1495452927237724 3.4418094097842458
cell 23.484972114080794 8.369484600713543 0.0 1.0 1.0 1 0 0 0.0 1.0 0
cell 22.669492841050573 40.921126293424166 0.0 1.0 1.0 1 0 0 0.0 1.0 0
cell 19.41232308214762 29.773944956825794 0.0 1.6431676725154984 0.6085806194501846 1 0 0 0.7399911946905939 0.6726165562788263 1.6661145342388286
cell 8.478630467267752 40.39854646432892 0.0 1.0 1.0 1 0 0 0.0 1.0 0
cell 8.94723289708464 11.122480273493107 0.0 1.0 1.0 1 0 0 0.0 1.0 0
cell 35.004876263911086 53.11919740805405 0.0 1.0 1.0 1 0 0 0.0 1.0 0
cell 58.647989811269674 29.32804100201086 0.0 1.0 1.0 1 0 0 0.0 1.0 0
cell 57.71240767786186 40.26458145425062 0.0 1.0 1.0 1 0 0 0.0 1.0 0
cell 32.93933942308417 36.15934831555116 0.0 1.6431676725154984 0.6085806194501846 1 0 0 0.8042085491475479 0.5943472128966334 1.8686852710179445
cell 49.504689638707035 28.619026656968828 0.0 1.0 1.0 1 0 0 0.0 1.0 0
cell 29.553375755224447 14.547172755405665 0.0 1.0 1.0 1 0 0 0.0 1.0 0
cell 3.750622793218476 29.362078117699372 0.0 1.0 1.0 1 0 0 0.0 1.0 0
cell 19.621949587421106 2.8400018503808826 0.0 1.0 1.0 1 0 0 0.0 1.0 0
cell 12.9183738481906 52.338330332009654 0.0 1.0 1.0 1 0 0 0.0 1.0 0
cell 1.5803835385769707 24.80653795194633 0.0 1.0 1.0 1 0 0 0.0 1.0 0
cell 32.48382744484702 45.8394998353965 0.0 1.6431676725154984 0.6085806194501846 1 0 0 -0.6521769565982972 -0.7580667630770939 1.4209052468729757
cell 7.963058299417546 46.388352993170614 0.0 1.0 1.0 1 0 0 0.0 1.0 0
cell 31.227512203065412 2.180540122888791 0.0 1.0 1.0 1 0 0 0.0 1.0 0
cell 56.97365385380856 12.682339942905433 0.0 1.0 1.0 1 0 0 0.0 1.0 0
cell 48.26304065874499 53.499803255944364 0.0 1.6431676725154984 0.6085806194501846 1 0 0 0.9101354314579128 0.414310869281653 2.287221656493535
cell 3.3689986414765376 52.76459258086476 0.0 1.0 1.0 1 0 0 0.0 1.0 0
cell 7.399190916552421 58.02352312569572 0.0 1.0 1.0 1 0 0 0.0 1.0 0
cell 52.210660442197 19.61715373007763 0.0 1.0 1.0 1 0 0 0.0 1.0 0
cell 4.753971537774494 39.016029329937965 0.0 1.0 1.0 1 0 0 0.0 1.0 0
cell 16.759087639538986 23.23139734177848 0.0 1.0 1.0 1 0 0 0.0 1.0 0
cell 24.118111376972145 53.96301071837782 0.0 1.0 1.0 1 0 0 0.0 1.0 0
cell 52.56975533935692 42.0416458648979 0.0 1.0 1.0 1 0 0 0.0 1.0 0
cell 0.5561964295440697 23.292676317064853 0.0 1.0 1.0 1 0 0 0.0 1.0 0
cell 19.80251964886623 52.89096832635419 0.0 1.0 1.0 1 0 0 0.0 1.0 0
cell 33.74764240239443 18.842604104648924 0.0 1.0 1.0 1 0 0 0.0 1.0 0
cell 58.87338017383649 56.591432232527595 0.0 1.6431676725154984 0.6085806194501846 1 0 0 0.9909793996384374 0.13401428838837362 2.872755231324751
cell 28.220725045496582 14.079366241281933 0.0 1.6431676725154984 0.6085806194501846 1 0 0 0.7560720569122069 0.6544883839737299 1.714581161901193
cell 53.35547902766823 14.088840918748684 0.0 1.0 1.0 1 0 0 0.0 1.0 0
cell 57.370306211699244 28.517720483734983 0.0 1.0 1.0 1 0 0 0.0 1.0 0
cell 30.654365187642007 58.38802907690788 0.0 1.0 1.0 1 0 0 0.0 1.0 0
cell 54.11502008981184 56.78538943019141 0.0 1.0 1.0 1 0 0 0.0 1.0 0
cell 24.036222746078582 13.647064547314208 0.0 1.0 1.0 1 0 0 0.0 1.0 0
cell 28.406522923596338 53.43727941625194 0.0 1.6431676725154984 0.6085806194501846 1 0 0 0.9873294863339069 -0.1586836015964582 3.4603070891417653
cell 25.687095673460643 37.91234736195105 0.0 1.6431676725154984 0.6085806194501846 1 0 0 0.37833630088064696 0.9256682145541936 0.7759966791990214
cell 58.567384406857194 13.961721046664175 0.0 1.0 1.0 1 0 0 0.0 1.0 0
cell 56.745925826721965 26.898888777485993 0.0 1.0 1.0 1 0 0 0.0 1.0 0
cell 30.061578598622372 6.8556088846887535 0.0 1.0 1.0 1 0 0 0.0 1.0 0
cell 9.355790912618765 33.663031804656804 0.0 1.0 1.0 1 0 0 0.0 1.0 0
cell 2.019971544065569 43.57963318100488 0.0 1.0 1.0 1 0 0 0.0 1.0 0
cell 13.34062872917581 12.614692447426382 0.0 1.6431676725154984 0.6085806194501846 1 0 0 0.7819668588759424 -0.623320007395633 4.48755519219177
cell 38.516550091280585 41.40054390530894 0.0 1.6431676725154984 0.6085806194501846 1 0 0 0.9297933050346502 0.36808206953442046 2.3877017994780756
cell 21.904922146290975 50.8150681365108 0.0 1.6431676725154984 0.6085806194501846 1 0 0 0.9729466716402525 0.23102981224109295 2.6753206599270936
cell 53.1101429236459 22.51535859591945 0.0 1.6431676725154984 0.6085806194501846 1 0 0 0.9859713020810876 0.16691492285749834 2.806192928967164
cell 28.731964791440962 17.953693368539405 0.0 1.0 1.0 1 0 0 0.0 1.0 0
cell 31.710237689325698 5.3741474172009385 0.0 1.0 1.0 1 0 0 0.0 1.0 0
cell 2.1268213134483376 12.67294449797264 0.0 1.0 1.0 1 0 0 0.0 1.0 0
cell 19.178154433981238 48.97896726897728 0.0 1.0 1.0 1 0 0 0.0 1.0 0
cell 57.78387809239492 17.93538189556748 0.0 1.0 1.0 1 0 0 0.0 1.0 0
cell 48.097138026546936 18.2024357923513 0.0 1.6431676725154984 0.6085806194501846 1 0 0 0.20883310043930683 -0.9779512953930305 5.8624221088503825
cell 0.7163627511361356 17.42599793555216 0.0 1.6431676725154984 0.6085806194501846 1 0 0 0.6510449886371452 0.7590391444256742 1.4179207017716977
cell 7.075713841012975 10.641653466207861 0.0 1.0 1.0 1 0 0 0.0 1.0 0
cell 34.3137062193062 58.27605525491008 0.0 1.0 1.0 1 0 0 0.0 1.0 0
cell 2.085750236648823 59.427130417454435 0.0 1.6431676725154984 0.6085806194501846 1 0 0 0.9996293054063365 -0.02722593933815785 3.1960512616029444
cell 31.598048890016123 48.30202788921452 0.0 1.0 1.0 1 0 0 0.0 1.0 0
cell 21.30212870899022 2.2054210775226957 0.0 1.0 1.0 1 0 0 0.0 1.0 0
cell 7.49220882805389 32.936151505127754 0.0 1.0 1.0 1 0 0 0.0 1.0 0
cell 1.1750023460306387 21.47385460254537 0.0 1.0 1.0 1 0 0 0.0 1.0 0
cell 19.72740105812427 37.87195037259176 0.0 1.6431676725154984 0.6085806194501846 1 0 0 -0.15801993639599646 -0.9874359218204517 0.3173701438751273
cell 25.741123937591677 12.889747047054358 0.0 1.6431676725154984 0.6085806194501846 1 0 0 0.8495423108572298 0.5275204849703545 2.030234126520899
cell 35.5243080738974 6.298511222992585 0.0 1.6431676725154984 0.6085806194501846 1 0 0 0.618636080876291 0.7856776689190187 1.3340110725701266
cell 40.04917440124636 7.502075127685463 0.0 1.0 1.0 1 0 0 0.0 1.0 0
cell 9.60823343134536 49.914233191818 0.0 1.0 1.0 1 0 0 0.0 1.0 0
cell 35.56251623982423 21.127711028328537 0.0 1.6431676725154984 0.6085806194501846 1 0 0 0.9151923384890563 0.4030173489701561 2.311969817111611
cell 57.94178104622527 22.035689124192444 0.0 1.6431676725154984 0.6085806194501846 1 0 0 0.6691005924975572 0.7431718489820628 1.4659957978756484
cell 39.1119635551176 46.70304517391944 0.0 1.6431676725154984 0.6085806194501846 1 0 0 0.7236329913036922 0.6901849707845503 1.618103382223331
cell 29.692731462137996 31.157071380712797 0.0 1.6431676725154984 0.6085806194501846 1 0 0 0.7154182719324629 0.6986964263434934 1.5944451386935248
cell 41.23086814547528 29.543780298249597 0.0 1.0 1.0 1 0 0 0.0 1.0 0
cell 24.00012960486555 31.931781625895006 0.0 1.6431676725154984 0.6085806194501846 1 0 0 0.49346434437855635 -0.8697660264847331 5.251048608623426
cell 51.02491460890393 29.309905553516277 0.0 1.6431676725154984 0.6085806194501846 1 0 0 0.7775790508984743 -0.6287851935310086 4.501572512822538
cell 38.71225503383432 6.262416643823702 0.0 1.0 1.0 1 0 0 0.0 1.0 0
cell 21.733923999641906 48.703229499706374 0.0 1.6431676725154984 0.6085806194501846 1 0 0 0.9469251553785524 0.32145411820554487 2.4870632357876854
cell 41.44063178369628 14.832901180897688 0.0 1.0 1.0 1 0 0 0.0 1.0 0
cell 7.797626966666751 49.589406180268014 0.0 1.0 1.0 1 0 0 0.0 1.0 0
cell 52.38353463853896 56.47483875569782 0.0 1.6431676725154984 0.6085806194501846 1 0 0 0.7759046487463043 -0.6308502009620621 4.506889610685248
cell 44.49752870435162 26.778017472840933 0.0 1.0 1.0 1 0 0 0.0 1.0 0
cell 39.10407326874565 20.98120978959584 0.0 1.0 1.0 1 0 0 0.0 1.0 0
cell 43.01857174971167 2.14586998353784 0.0 1.6431676725154984 0.6085806194501846 1 0 0 -0.890724486363326 -0.4545436056010348 2.1978731305845027
cell 18.87257268651729 39.03410852140671 0.0 1.6431676725154984 0.6085806194501846 1 0 0 0.2848846833785529 0.9585617962219763 0.5777722486287513
cell 48.01495242513401 16.525940185198067 0.0 1.6431676725154984 0.6085806194501846 1 0 0 0.9934895097767056 -0.11392363215611215 3.3699356749868197
cell 51.99210163804076 21.527272215119453 0.0 1.0 1.0 1 0 0 0.0 1.0 0
cell 34.647450418346814 7.77792045884409 0.0 1.0 1.0 1 0 0 0.0 1.0 0
cell 9.144195336545133 53.24116655954834 0.0 1.0 1.0 1 0 0 0.0 1.0 0
cell 13.422422033546322 3.6598808342784546 0.0 1.0 1.0 1 0 0 0.0 1.0 0
cell 47.23022483546127 12.440014333937803 0.0 1.6431676725154984 0.6085806194501846 1 0 0 0.8943998817080309 -0.4472682099151027 4.069009995000562
cell 21.549842708999897 55.55931782834585 0.0 1.0 1.0 1 0 0 0.0 1.0 0
cell 48.09385973184865 8.163415315426471 0.0 1.6431676725154984 0.6085806194501846 1 0 0 0.9999998850633666 0.0004794509919528848 3.14063375156915
cell 41.74312698625429 47.744446637080664 0.0 1.6431676725154984 0.6085806194501846 1 0 0 0.7902806929042462 -0.612744992980591 4.460651401024525
cell 23.06122612468572 49.1796555671822 0.0 1.0 1.0 1 0 0 0.0 1.0 0
cell 42.658489069000694 36.93325052128303 0.0 1.0 1.0 1 0 0 0.0 1.0 0
cell 21.277507460816704 52.16466506768793 0.0 1.0 1.0 1 0 0 0.0 1.0 0
cell 42.818713769285715 22.043244948567246 0.0 1.0 1.0 1 0 0 0.0 1.0 0
