1000
 Lattice="59.08179503018386 0.0 0.0 0.0 59.08179503018386 0.0 0.0 0.0 1.0"Properties=species:S:1:pos:R:3:aspherical_shape:R:3:orientation:R:4:Color:R:1
cell 21.848340068951597 4.5568300018981835 0.0 1.6431676725154984 0.6085806194501846 1 0 0 0.5820248920716282 0.8131709691135127 1.2424331932308088
cell 26.85589697018841 44.22889387438805 0.0 1.0 1.0 1 0 0 0.0 1.0 0
cell 58.78368790051189 36.57955990637468 0.0 1.0 1.0 1 0 0 0.0 1.0 0
cell 32.02531180817901 14.704733773114507 0.0 1.6431676725154984 0.6085806194501846 1 0 0 -0.365416853783618 -0.9308439842266167 0.748161174408251
cell 4.627194428955502 49.80665416956025 0.0 1.0 1.0 1 0 0 0.0 1.0 0
cell 44.71556927070963 28.21260185985197 0.0 1.0 1.0 1 0 0 0.0 1.0 0
cell 52.423269997958656 55.873300366574405 0.0 1.0 1.0 1 0 0 0.0 1.0 0
cell 20.303015764387983 58.96161984967584 0.0 1.0 1.0 1 0 0 0.0 1.0 0
cell 41.04756754474925 17.904526296597062 0.0 1.6431676725154984 0.6085806194501846 1 0 0 0.4351918414706645 0.9003377483574551 0.9005026860552579
cell 30.868107248379207 20.31037377433382 0.0 1.6431676725154984 0.6085806194501846 1 0 0 0.7199327717146461 0.694043805686116 1.6074108989039846
cell 40.33479545420635 33.467226347346326 0.0 1.0 1.0 1 0 0 0.0 1.0 0
cell 11.800476832366638 4.405486767084661 0.0 1.0 1.0 1 0 0 0.0 1.0 0
cell 46.264344941507936 52.51369327250145 0.0 1.6431676725154984 0.6085806194501846 1 0 0 0.967409600002328 0.2532166381250167 2.629585019848973
cell 3.6245620921270683 6.160236847957084 0.0 1.0 1.0 1 0 0 0.0 1.0 0
cell 30.840136259655065 39.06176364121257 0.0 1.0 1.0 1 0 0 0.0 1.0 0
cell 17.252747056857647 18.299406965117935 0.0 1.0 1.0 1 0 0 0.0 1.0 0
cell 34.57939277667251 39.705936848867175 0.0 1.6431676725154984 0.6085806194501846 1 0 0 0.40886138806598543 -0.9125964964587338 5.440773205180428
cell 36.201573544290355 17.74103726518853 0.0 1.6431676725154984 0.6085806194501846 1 0 0 0.4706291328335421 0.8823311279380027 0.9800073547426791
cell 13.22311823074696 53.3669970389122 0.0 1.6431676725154984 0.6085806194501846 1 0 0 0.6491207633207265 -0.7606853716392326 4.87032927145173
cell 50.125310476359196 21.156503911516776 0.0 1.0 1.0 1 0 0 0.0 1.0 0
cell 46.82881140782373 20.273265949375986 0.0 1.6431676725154984 0.6085806194501846 1 0 0 0.46535085600477444 0.8851263078316132 0.9680619216458721
cell 17.188069972081443 9.471004673232844 0.0 1.0 1.0 1 0 0 0.0 1.0 0
cell 40.783625498048515 10.995601189944212 0.0 1.6431676725154984 0.6085806194501846 1 0 0 0.7563390763031733 0.6541797930667551 1.7153973180267732
cell 39.998961795280145 55.566846642970376 0.0 1.0 1.0 1 0 0 0.0 1.0 0
cell 7.576392569004374 56.368295005385406 0.0 1.0 1.0 1 0 0 0.0 1.0 0
cell 47.74024581452318 37.667450419876445 0.0 1.0 1.0 1 0 0 0.0 1.0 0
cell 33.0567475901955 51.00989274191029 0.0 1.0 1.0 1 0 0 0.0 1.0 0
cell 11.74493010179858 36.18991043717874 0.0 1.0 1.0 1 0 0 0.0 1.0 0
cell 58.47716676820249 19.75248575755633 0.0 1.0 1.0 1 0 0 0.0 1.0 0
cell 16.60870759349747 20.175397167322693 0.0 1.0 1.0 1 0 0 0.0 1.0 0
cell 13.104717818255045 49.47571496852082 0.0 1.6431676725154984 0.6085806194501846 1 0 0 0.7270444571034038 -0.6865903854520662 4.6551704784668875
cell 50.484633624064145 56.919410203428015 0.0 1.0 1.0 1 0 0 0.0 1.0 0
cell 22.368237578672506 34.61663751705608 0.0 1.6431676725154984 0.6085806194501846 1 0 0 0.9854723470920775 0.16983595943389543 2.8002662377527296
cell 12.50061683733436 15.511308754654667 0.0 1.0 1.0 1 0 0 0.0 1.0 0
cell 27.40225591620409 56.24005193330855 0.0 1.6431676725154984 0.6085806194501846 1 0 0 0.9849037988539953 -0.1731025909770529 3.4895505515569285
cell 41.0792145135098 20.283758521301333 0.0 1.6431676725154984 0.6085806194501846 1 0 0 0.3533643813163193 0.9354857636634215 0.7223301444082897
cell 17.840084897362683 42.97731931564763 0.0 1.0 1.0 1 0 0 0.0 1.0 0
cell 29.7785887446631 19.8523360885026 0.0 1.6431676725154984 0.6085806194501846 1 0 0 0.6555820819826865 0.7551239194882163 1.4299064115668478
cell 8.780043077233087 33.686440457161964 0.0 1.0 1.0 1 0 0 0.0 1.0 0
cell 46.717372232514926 28.04741451113488 0.0 1.0 1.0 1 0 0 0.0 1.0 0
cell 7.3090940645636815 11.835081494402305 0.0 1.0 1.0 1 0 0 0.0 1.0 0
cell 9.612982878044205 29.75591562662168 0.0 1.0 1.0 1 0 0 0.0 1.0 0
cell 31.510965447045116 5.479216417078313 0.0 1.6431676725154984 0.6085806194501846 1 0 0 0.0137402953384199 -0.9999055976861081 6.2557038517263095
cell 47.499423363511454 16.38603627118826 0.0 1.0 1.0 1 0 0 0.0 1.0 0
cell 55.450675791071895 1.2905961350446018 0.0 1.0 1.0 1 0 0 0.0 1.0 0
cell 49.37702066237073 9.80712889581782 0.0 1.0 1.0 1 0 0 0.0 1.0 0
cell 15.27781553168016 18.70508645838709 0.0 1.0 1.0 1 0 0 0.0 1.0 0
cell 12.66157806409111 45.824065492083456 0.0 1.0 1.0 1 0 0 0.0 1.0 0
cell 10.241273112763379 27.62064580798956 0.0 1.0 1.0 1 0 0 0.0 1.0 0
cell 32.96637454166765 23.995367454114604 0.0 1.6431676725154984 0.6085806194501846 1 0 0 0.5771531002091664 0.8166359647474191 1.230476495167621
cell 50.711312745612936 22.843630896143907 0.0 1.0 1.0 1 0 0 0.0 1.0 0
cell 12.93300053201226 21.5914772155488 0.0 1.0 1.0 1 0 0 0.0 1.0 0
cell 39.817610964467825 35.417083476816494 0.0 1.0 1.0 1 0 0 0.0 1.0 0
cell 0.03513808231283873 4.693784029943509 0.0 1.0 1.0 1 0 0 0.0 1.0 0
cell 36.99142036436434 1.0046583573888626 0.0 1.0 1.0 1 0 0 0.0 1.0 0
cell 14.887016748308652 47.35818449472395 0.0 1.6431676725154984 0.6085806194501846 1 0 0 0.4067725157084907 -0.9135294852735656 5.445348730565465
cell 37.80035951852921 20.632960308747638 0.0 1.0 1.0 1 0 0 0.0 1.0 0
cell 11.25918169043045 20.584390443933355 0.0 1.0 1.0 1 0 0 0.0 1.0 0
cell 8.636083062845344 44.53480010345009 0.0 1.0 1.0 1 0 0 0.0 1.0 0
cell 37.613191688734005 18.189891557987558 0.0 1.6431676725154984 0.6085806194501846 1 0 0 0.5590658489751038 0.8291232577305659 1.1865173963694726
cell 38.8415200382411 48.44716317552114 0.0 1.0 1.0 1 0 0 0.0 1.0 0
cell 0.2858927657641244 56.91436131665844 0.0 1.0 1.0 1 0 0 0.0 1.0 0
cell 22.788473766068353 36.978875667894826 0.0 1.6431676725154984 0.6085806194501846 1 0 0 0.999548766028433 0.03003771514341398 3.0815081856467046
cell 14.491369670897553 51.61793617571603 0.0 1.6431676725154984 0.6085806194501846 1 0 0 0.6299778720942383 -0.7766130829902466 4.920135870375052
cell 28.273609918896305 2.393097195815049 0.0 1.0 1.0 1 0 0 0.0 1.0 0
cell 21.48236045912133 48.70398173454911 0.0 1.0 1.0 1 0 0 0.0 1.0 0
cell 52.96685208154736 52.036424698694724 0.0 1.0 1.0 1 0 0 0.0 1.0 0
cell 18.647923251525658 55.98450164187778 0.0 1.0 1.0 1 0 0 0.0 1.0 0
cell 14.080419419273536 37.87812895184264 0.0 1.6431676725154984 0.6085806194501846 1 0 0 0.9197348939864206 0.392540093218244 2.3348091792518204
cell 37.77759906682639 51.63489261211466 0.0 1.0 1.0 1 0 0 0.0 1.0 0
cell 51.95312253658117 28.814225399483707 0.0 1.0 1.0 1 0 0 0.0 1.0 0
cell 19.350032661324786 26.200409225134102 0.0 1.0 1.0 1 0 0 0.0 1.0 0
cell 10.811053973522009 13.741203504469292 0.0 1.0 1.0 1 0 0 0.0 1.0 0
cell 49.97561018559121 45.49509937185515 0.0 1.0 1.0 1 0 0 0.0 1.0 0
cell 43.802025829142515 41.40640669313274 0.0 1.6431676725154984 0.6085806194501846 1 0 0 0.29363486291291074 -0.9559176571661997 5.68713107889302
cell 38.47384005410504 21.94793693137572 0.0 1.6431676725154984 0.6085806194501846 1 0 0 0.3035465082059684 -0.9528166231526211 5.666360128619848
cell 47.93416013195008 1.639923547333608 0.0 1.0 1.0 1 0 0 0.0 1.0 0
cell 17.413897603392723 30.95016405022567 0.0 1.0 1.0 1 0 0 0.0 1.0 0
cell 6.158089715860056 30.854865334280046 0.0 1.0 1.0 1 0 0 0.0 1.0 0
cell 41.95249699475631 23.195016997134058 0.0 1.0 1.0 1 0 0 0.0 1.0 0
cell 57.16918406853806 0.4372723137206203 0.0 1.0 1.0 1 0 0 0.0 1.0 0
cell 28.64158717301743 44.69355728614602 0.0 1.0 1.0 1 0 0 0.0 1.0 0
cell 42.47348912703579 28.547365852468975 0.0 1.0 1.0 1 0 0 0.0 1.0 0
cell 34.537750454174834 20.6614152726734 0.0 1.6431676725154984 0.6085806194501846 1 0 0 -0.9998328471610224 0.01828326387392418 3.178161218873516
cell 22.08586235523911 30.44843000091557 0.0 1.0 1.0 1 0 0 0.0 1.0 0
cell 15.79811211721231 26.070144456852148 0.0 1.0 1.0 1 0 0 0.0 1.0 0
cell 17.3056122823285 28.971211288997754 0.0 1.0 1.0 1 0 0 0.0 1.0 0
cell 45.56199961755278 50.55966947586848 0.0 1.0 1.0 1 0 0 0.0 1.0 0
cell 44.84430165468446 19.0169100553761 0.0 1.0 1.0 1 0 0 0.0 1.0 0
cell 39.315585354007474 25.99368629555039 0.0 1.6431676725154984 0.6085806194501846 1 0 0 0.9619782918581988 -0.2731259160050216 3.6948746652951328
cell 50.23992182980754 43.49853022607391 0.0 1.0 1.0 1 0 0 0.0 1.0 0
cell 45.316411384756876 33.48338158446664 0.0 1.0 1.0 1 0 0 0.0 1.0 0
cell 14.326684459971517 25.118193799684768 0.0 1.0 1.0 1 0 0 0.0 1.0 0
cell 9.022721501935628 14.69325962143599 0.0 1.0 1.0 1 0 0 0.0 1.0 0
cell 40.88471709352117 16.168867490687372 0.0 1.6431676725154984 0.6085806194501846 1 0 0 0.5304357755678794 0.8477251252603655 1.1182290712589706
cell 54.969781848690225 37.73433100504801 0.0 1.0 1.0 1 0 0 0.0 1.0 0
cell 14.412546557022537 23.132898803405983 0.0 1.0 1.0 1 0 0 0.0 1.0 0
cell 11.793817817299669 47.31878034236575 0.0 1.0 1.0 1 0 0 0.0 1.0 0
cell 7.151080310274372 43.18756362730689 0.0 1.0 1.0 1 0 0 0.0 1.0 0
cell 38.08170409649244 34.40320179232696 0.0 1.0 1.0 1 0 0 0.0 1.0 0
cell 30.038931047617318 56.420882493218265 0.0 1.6431676725154984 0.6085806194501846 1 0 0 0.9805956167178647 -0.19604141520023458 3.5362313750820045
cell 28.133673441419326 57.77110781907253 0.0 1.6431676725154984 0.6085806194501846 1 0 0 -0.9583108297839116 0.2857277611973868 3.7211241798106682
cell 38.727947108535496 44.16474558118699 0.0 1.6431676725154984 0.6085806194501846 1 0 0 0.9963163154684901 0.08575429745086854 2.969873153372504
cell 31.20157123864753 37.75099674973818 0.0 1.6431676725154984 0.6085806194501846 1 0 0 0.9956209390268513 -0.09348232865783077 3.3288306997180213
cell 9.750975328128149 38.78991890787554 0.0 1.0 1.0 1 0 0 0.0 1.0 0
cell 11.497203337641988 37.88659977263884 0.0 1.0 1.0 1 0 0 0.0 1.0 0
cell 58.64628981167027 47.7857069431499 0.0 1.0 1.0 1 0 0 0.0 1.0 0
cell 52.91672950701168 8.82862799736073 0.0 1.0 1.0 1 0 0 0.0 1.0 0
cell 40.63668089128244 24.082265966881632 0.0 1.0 1.0 1 0 0 0.0 1.0 0
cell 19.169122030343676 16.546612221877123 0.0 1.0 1.0 1 0 0 0.0 1.0 0
cell 43.36284150438521 2.1667986459117983 0.0 1.6431676725154984 0.6085806194501846 1 0 0 0.6393274499380529 0.7689345952392223 1.3872465908086988
cell 30.912041360069924 2.541573419429704 0.0 1.6431676725154984 0.6085806194501846 1 0 0 0.7519957665649788 -0.659167935406714 4.581016150470526
cell 45.04245897312779 5.430766099417829 0.0 1.6431676725154984 0.6085806194501846 1 0 0 0.8652105421632937 0.5014087332002698 2.091140241858109
cell 40.58363192495025 27.85902023112151 0.0 1.0 1.0 1 0 0 0.0 1.0 0
cell 31.28895708309845 17.072972985021362 0.0 1.6431676725154984 0.6085806194501846 1 0 0 -0.35854369431779937 -0.933512945419047 0.7334147957103943
cell 4.444330104483221 18.47216147578143 0.0 1.0 1.0 1 0 0 0.0 1.0 0
cell 7.005855147011341 7.773482712447709 0.0 1.0 1.0 1 0 0 0.0 1.0 0
cell 36.0982685475316 51.320654014114375 0.0 1.0 1.0 1 0 0 0.0 1.0 0
cell 23.83246514167837 37.86072264778333 0.0 1.6431676725154984 0.6085806194501846 1 0 0 0.9996309080756661 -0.02716703185515645 3.1959334030418884
cell 42.425466542526706 26.857960274238717 0.0 1.6431676725154984 0.6085806194501846 1 0 0 0.9988499761633947 -0.04794502183111295 3.2375194727816377
cell 47.50083771136256 23.451235059216234 0.0 1.0 1.0 1 0 0 0.0 1.0 0
cell 7.9110935672244675 18.411385586564553 0.0 1.0 1.0 1 0 0 0.0 1.0 0
cell 52.116141504918964 3.3789001473481175 0.0 1.0 1.0 1 0 0 0.0 1.0 0
cell 49.097581896467375 32.29301354942512 0.0 1.0 1.0 1 0 0 0.0 1.0 0
cell 32.653425948868055 16.62456130686701 0.0 1.6431676725154984 0.6085806194501846 1 0 0 -0.32202266411956654 -0.94673195984573 0.6557303657295179
cell 53.31936417981401 4.678592887810472 0.0 1.6431676725154984 0.6085806194501846 1 0 0 0.9928908451416479 0.11902844044136726 2.902970035871595
cell 3.9035636738769224 10.256750381740863 0.0 1.0 1.0 1 0 0 0.0 1.0 0
cell 45.703699758925865 31.507901717670602 0.0 1.0 1.0 1 0 0 0.0 1.0 0
cell 21.960956579906576 28.66440564877269 0.0 1.0 1.0 1 0 0 0.0 1.0 0
cell 46.92898877415151 3.8053335283285965 0.0 1.6431676725154984 0.6085806194501846 1 0 0 0.6473190234291084 0.7622191823267014 1.4081236602253009
cell 10.424208197778608 44.34341618945764 0.0 1.6431676725154984 0.6085806194501846 1 0 0 0.968970609417344 -0.2471759658328067 3.6411220505306776
cell 28.124382310990786 29.843265112144163 0.0 1.0 1.0 1 0 0 0.0 1.0 0
cell 8.352476841941115 2.4546917358686606 0.0 1.0 1.0 1 0 0 0.0 1.0 0
cell 41.243642216936884 50.52860984989655 0.0 1.6431676725154984 0.6085806194501846 1 0 0 0.9779772972121364 0.20871129853854256 2.7210785479955026
cell 8.361182203210094 4.552982252460938 0.0 1.0 1.0 1 0 0 0.0 1.0 0
cell 22.936585533880425 17.51216750279898 0.0 1.0 1.0 1 0 0 0.0 1.0 0
cell 57.83507971353623 33.24094300485336 0.0 1.0 1.0 1 0 0 0.0 1.0 0
cell 14.091647287987989 46.68622042372871 0.0 1.6431676725154984 0.6085806194501846 1 0 0 0.3513051145415319 -0.9362610301069682 5.565255898919567
cell 18.65266161304117 32.501149616654104 0.0 1.0 1.0 1 0 0 0.0 1.0 0
cell 28.74195802144588 25.021953012540944 0.0 1.0 1.0 1 0 0 0.0 1.0 0
cell 58.4398967453947 15.754394894145587 0.0 1.0 1.0 1 0 0 0.0 1.0 0
cell 16.75258867475584 38.93769820444377 0.0 1.6431676725154984 0.6085806194501846 1 0 0 0.9968889349210414 0.07881910575483442 2.9837907641319257
cell 21.89367198648921 21.799169503045384 0.0 1.0 1.0 1 0 0 0.0 1.0 0
cell 40.83387179372116 49.364712547887116 0.0 1.6431676725154984 0.6085806194501846 1 0 0 0.9922956962041563 0.12389209536814236 2.893170160455638
cell 1.3931421522356595 47.08635009395966 0.0 1.0 1.0 1 0 0 0.0 1.0 0
cell 1.845264162411559 58.22325876163957 0.0 1.0 1.0 1 0 0 0.0 1.0 0
cell 36.21811372807089 58.33254045111604 0.0 1.0 1.0 1 0 0 0.0 1.0 0
cell 30.346274797988926 50.43617209383426 0.0 1.0 1.0 1 0 0 0.0 1.0 0
cell 33.24125738140682 52.8778050252873 0.0 1.0 1.0 1 0 0 0.0 1.0 0
cell 58.3634337935251 13.762930248839805 0.0 1.0 1.0 1 0 0 0.0 1.0 0
cell 51.40294749016674 48.77664241582646 0.0 1.0 1.0 1 0 0 0.0 1.0 0
cell 45.50742103910145 20.55362133471217 0.0 1.0 1.0 1 0 0 0.0 1.0 0
cell 34.628809715230915 30.13308439313207 0.0 1.6431676725154984 0.6085806194501846 1 0 0 0.8506659745764079 0.5257065718611192 2.034501632888352
cell 32.733052173727934 54.8194558142871 0.0 1.0 1.0 1 0 0 0.0 1.0 0
cell 25.763131996316755 52.15718179888964 0.0 1.0 1.0 1 0 0 0.0 1.0 0
cell 1.6657907397834455 45.12148028276625 0.0 1.0 1.0 1 0 0 0.0 1.0 0
cell 4.08642285419346 24.193502834763834 0.0 1.0 1.0 1 0 0 0.0 1.0 0
cell 15.647039387710668 31.871116799969005 0.0 1.0 1.0 1 0 0 0.0 1.0 0
cell 58.34797541772186 38.51540840742654 0.0 1.0 1.0 1 0 0 0.0 1.0 0
cell 16.96737891417982 56.8127870089415 0.0 1.6431676725154984 0.6085806194501846 1 0 0 0.6150230664235496 0.7885091171108766 1.3248304387580592
cell 51.20398288392075 19.519488729561473 0.0 1.0 1.0 1 0 0 0.0 1.0 0
cell 51.537566529409425 46.472048859059036 0.0 1.0 1.0 1 0 0 0.0 1.0 0
cell 59.01017597115191 2.946524713582986 0.0 1.6431676725154984 0.6085806194501846 1 0 0 0.9809861260948746 0.19407787202401763 2.750957930457758
cell 42.88058817765255 15.588430685011014 0.0 1.6431676725154984 0.6085806194501846 1 0 0 0.9037656157284089 0.4280276998361788 2.2569739886393667
cell 46.53852442851411 8.777799846930685 0.0 1.6431676725154984 0.6085806194501846 1 0 0 0.9352106883811813 0.35409175129844117 2.4177072168845166
cell 1.8595903133803522 5.46801899691536 0.0 1.0 1.0 1 0 0 0.0 1.0 0
cell 55.071609362880764 30.45762115260277 0.0 1.0 1.0 1 0 0 0.0 1.0 0
cell 17.5390616870388 54.53314082807092 0.0 1.6431676725154984 0.6085806194501846 1 0 0 0.712249637098927 0.7019262457355807 1.5853959365322157
cell 17.10441242108673 45.44734687685671 0.0 1.6431676725154984 0.6085806194501846 1 0 0 0.09104313026697732 -0.9958469503047094 6.100846556057146
cell 44.374063824439595 4.173522834849777 0.0 1.6431676725154984 0.6085806194501846 1 0 0 0.8169933869433811 0.5766470373554198 1.9123552714119951
cell 10.59849606534574 25.187475852650216 0.0 1.0 1.0 1 0 0 0.0 1.0 0
cell 12.00099024596581 51.893313572895806 0.0 1.0 1.0 1 0 0 0.0 1.0 0
cell 53.04698372387879 38.29968222770401 0.0 1.0 1.0 1 0 0 0.0 1.0 0
cell 4.092927374983189 55.78209946624165 0.0 1.0 1.0 1 0 0 0.0 1.0 0
cell 27.374485094374464 55.07215854854717 0.0 1.6431676725154984 0.6085806194501846 1 0 0 0.9945882584582701 -0.10389512085245019 3.3497585442810314
cell 11.966198494983235 17.153816813128447 0.0 1.0 1.0 1 0 0 0.0 1.0 0
cell 41.58582044037384 52.18917534147256 0.0 1.0 1.0 1 0 0 0.0 1.0 0
cell 53.23717892853611 16.565193667468442 0.0 1.0 1.0 1 0 0 0.0 1.0 0
cell 30.141708733466185 36.53597810119077 0.0 1.6431676725154984 0.6085806194501846 1 0 0 0.9973238731628474 -0.07311013622923057 3.2879435004975517
cell 39.61739698912614 17.64778398780091 0.0 1.6431676725154984 0.6085806194501846 1 0 0 0.49417375197865093 0.8693631593616921 1.0337683371176236
cell 49.53108042299511 49.54054882818443 0.0 1.0 1.0 1 0 0 0.0 1.0 0
cell 38.142476858664274 56.438921501646234 0.0 1.0 1.0 1 0 0 0.0 1.0 0
cell 34.924423965101866 52.4474105458523 0.0 1.6431676725154984 0.6085806194501846 1 0 0 0.5247335739476289 0.8512665131274391 1.1048042136406104
cell 2.979330187347647 48.35694307790992 0.0 1.0 1.0 1 0 0 0.0 1.0 0
cell 38.53939424053943 7.6331036253854 0.0 1.0 1.0 1 0 0 0.0 1.0 0
cell 23.13906614005931 45.12095366951896 0.0 1.0 1.0 1 0 0 0.0 1.0 0
cell 31.249482351471382 26.208636862497404 0.0 1.6431676725154984 0.6085806194501846 1 0 0 0.6466522920931836 0.7627849062026804 1.4063748615211944
cell 48.570193711714246 6.8455790305446875 0.0 1.6431676725154984 0.6085806194501846 1 0 0 0.9919307543067973 0.12678082923040096 2.887346769036517
cell 17.823245375012757 23.27481054560026 0.0 1.0 1.0 1 0 0 0.0 1.0 0
cell 7.472579835291982 32.210288790202334 0.0 1.0 1.0 1 0 0 0.0 1.0 0
cell 19.096815371314417 31.08101202516666 0.0 1.0 1.0 1 0 0 0.0 1.0 0
cell 43.26842076859897 44.43450418394945 0.0 1.6431676725154984 0.6085806194501846 1 0 0 0.9961264285720287 -0.08793257815130226 3.3176852377295027
cell 47.98121356616843 13.13134846687252 0.0 1.0 1.0 1 0 0 0.0 1.0 0
cell 57.80352258661099 7.856776228422799 0.0 1.0 1.0 1 0 0 0.0 1.0 0
cell 10.494026328851728 9.49111556041739 0.0 1.0 1.0 1 0 0 0.0 1.0 0
cell 37.502912514955604 5.865280072628134 0.0 1.0 1.0 1 0 0 0.0 1.0 0
cell 48.6781544642657 34.13826484372869 0.0 1.0 1.0 1 0 0 0.0 1.0 0
cell 22.73643783323754 56.212005250611604 0.0 1.6431676725154984 0.6085806194501846 1 0 0 0.9848518934596585 -0.1733976584297647 3.490149747592571
cell 7.488048852717189 41.237581750874206 0.0 1.0 1.0 1 0 0 0.0 1.0 0
cell 49.95842704388728 28.946139609765954 0.0 1.0 1.0 1 0 0 0.0 1.0 0
cell 7.268348885502996 25.103829808908213 0.0 1.0 1.0 1 0 0 0.0 1.0 0
cell 46.32553693663428 17.95750971386599 0.0 1.0 1.0 1 0 0 0.0 1.0 0
cell 3.7178969629424734 26.154680846133168 0.0 1.0 1.0 1 0 0 0.0 1.0 0
cell 23.758158376740234 48.953921557925675 0.0 1.0 1.0 1 0 0 0.0 1.0 0
cell 38.19222515009233 58.47034141973108 0.0 1.0 1.0 1 0 0 0.0 1.0 0
cell 0.5609948281137749 25.295689829790405 0.0 1.0 1.0 1 0 0 0.0 1.0 0
cell 19.46598810112302 12.719526848561344 0.0 1.0 1.0 1 0 0 0.0 1.0 0
cell 5.105973038206137 4.813777751904624 0.0 1.0 1.0 1 0 0 0.0 1.0 0
cell 18.32714365582713 4.430777195292309 0.0 1.0 1.0 1 0 0 0.0 1.0 0
cell 40.747527078929956 38.14984813129371 0.0 1.6431676725154984 0.6085806194501846 1 0 0 0.9834209844307178 0.1813371649202607 2.7769006760174655
cell 30.184418061260054 43.74402724084501 0.0 1.0 1.0 1 0 0 0.0 1.0 0
cell 49.48841562199346 30.625334293138902 0.0 1.0 1.0 1 0 0 0.0 1.0 0
cell 45.95260612398219 57.579247647329176 0.0 1.0 1.0 1 0 0 0.0 1.0 0
cell 12.834311996507903 13.918088258429206 0.0 1.0 1.0 1 0 0 0.0 1.0 0
cell 54.362401361048455 27.177085142584303 0.0 1.0 1.0 1 0 0 0.0 1.0 0
cell 15.873727368096223 27.907971700744934 0.0 1.0 1.0 1 0 0 0.0 1.0 0
cell 17.48483880793698 26.988264295094 0.0 1.0 1.0 1 0 0 0.0 1.0 0
cell 50.885944763742536 5.793159177851273 0.0 1.6431676725154984 0.6085806194501846 1 0 0 0.999768524999183 0.02151502779356909 3.09855927756783
cell 23.5177596064911 30.97162213085018 0.0 1.0 1.0 1 0 0 0.0 1.0 0
cell 29.99222775838017 58.008410204583186 0.0 1.6431676725154984 0.6085806194501846 1 0 0 0.9028844252082084 -0.42988337338915894 4.0303198572352645
cell 41.629787052592995 1.4069736135353128 0.0 1.0 1.0 1 0 0 0.0 1.0 0
cell 8.45055327361972 28.229667987221973 0.0 1.0 1.0 1 0 0 0.0 1.0 0
cell 12.06340719096922 32.671976324227145 0.0 1.0 1.0 1 0 0 0.0 1.0 0
cell 5.433188965315277 8.982637517384552 0.0 1.0 1.0 1 0 0 0.0 1.0 0
cell 6.841165220226367 45.116726545071245 0.0 1.0 1.0 1 0 0 0.0 1.0 0
cell 50.66890036865991 33.59178775005222 0.0 1.0 1.0 1 0 0 0.0 1.0 0
cell 13.993592226641839 11.467974346985221 0.0 1.0 1.0 1 0 0 0.0 1.0 0
cell 55.10346248515114 17.862169105084796 0.0 1.0 1.0 1 0 0 0.0 1.0 0
cell 43.797375727055346 8.366908979072525 0.0 1.6431676725154984 0.6085806194501846 1 0 0 -0.8672467056364993 -0.4978786514429385 2.099290692615467
cell 39.88037261079918 13.160346034761826 0.0 1.6431676725154984 0.6085806194501846 1 0 0 0.6929927180675515 0.7209445836576811 1.531263845182395
cell 14.967773434880662 38.57720469194314 0.0 1.6431676725154984 0.6085806194501846 1 0 0 0.9847437221458127 0.17401092406630805 2.7917900945547705
cell 50.54363246261788 11.049630716307465 0.0 1.0 1.0 1 0 0 0.0 1.0 0
cell 45.67913350814681 2.1045921040665903 0.0 1.6431676725154984 0.6085806194501846 1 0 0 0.6810058074923935 0.7322780142552644 1.4982705824870888
cell 46.64919192235661 42.58715154573387 0.0 1.0 1.0 1 0 0 0.0 1.0 0
cell 23.744916048464823 39.30844857813018 0.0 1.0 1.0 1 0 0 0.0 1.0 0
cell 35.22917306087342 47.066924555424606 0.0 1.6431676725154984 0.6085806194501846 1 0 0 0.9896400012095543 0.14357112525140045 2.85345467778777
cell 2.5802403617066276 21.997598283909785 0.0 1.0 1.0 1 0 0 0.0 1.0 0
cell 41.7166991619424 36.30291745019331 0.0 1.6431676725154984 0.6085806194501846 1 0 0 0.2274766778113632 -0.9737835288460702 5.824214028291537
cell 40.25479100367846 53.672742045534314 0.0 1.0 1.0 1 0 0 0.0 1.0 0
cell 31.65691136071352 40.709426813849795 0.0 1.0 1.0 1 0 0 0.0 1.0 0
cell 35.86550466735791 56.70920475060283 0.0 1.0 1.0 1 0 0 0.0 1.0 0
cell 10.00992176714768 49.14662265594612 0.0 1.6431676725154984 0.6085806194501846 1 0 0 0.9822298208086025 0.18768212252183372 2.763989052960484
cell 1.9647333275988492 43.1442200350618 0.0 1.0 1.0 1 0 0 0.0 1.0 0
cell 15.165193457661006 33.8058542510444 0.0 1.0 1.0 1 0 0 0.0 1.0 0
cell 18.721198079091362 44.44485770794962 0.0 1.0 1.0 1 0 0 0.0 1.0 0
cell 11.425956310858012 50.14031292104147 0.0 1.0 1.0 1 0 0 0.0 1.0 0
cell 27.345329777578296 39.14928421290117 0.0 1.0 1.0 1 0 0 0.0 1.0 0
cell 51.1581247053187 16.030173570664164 0.0 1.0 1.0 1 0 0 0.0 1.0 0
cell 35.5584475133072 40.668644979815355 0.0 1.6431676725154984 0.6085806194501846 1 0 0 0.585125410131903 -0.8109428182171492 5.03311591427391
cell 33.73308167612287 19.737305513012856 0.0 1.6431676725154984 0.6085806194501846 1 0 0 0.990931367167592 0.13436899033395702 2.872039352592495
cell 44.005952708163385 47.651871552223206 0.0 1.6431676725154984 0.6085806194501846 1 0 0 0.9803302292235441 -0.19736423604724723 3.5389297344291286
cell 6.838930797160558 5.7652376120184465 0.0 1.0 1.0 1 0 0 0.0 1.0 0
cell 2.5049358349237476 13.475056597042942 0.0 1.0 1.0 1 0 0 0.0 1.0 0
cell 52.48885747100876 40.44411000150387 0.0 1.0 1.0 1 0 0 0.0 1.0 0
cell 0.30014923304612684 6.663801568090056 0.0 1.0 1.0 1 0 0 0.0 1.0 0
cell 24.417169063146808 55.32003811592111 0.0 1.6431676725154984 0.6085806194501846 1 0 0 0.9999967978153534 0.0025306835122570277 3.136531281162795
cell 10.124659895596032 35.123712548579874 0.0 1.0 1.0 1 0 0 0.0 1.0 0
cell 5.701736555703733 32.80914865569402 0.0 1.0 1.0 1 0 0 0.0 1.0 0
cell 7.023231459979677 26.93887926339466 0.0 1.0 1.0 1 0 0 0.0 1.0 0
cell 1.1504452259391207 30.671014171422243 0.0 1.0 1.0 1 0 0 0.0 1.0 0
cell 53.82007139356389 0.018993340175562756 0.0 1.0 1.0 1 0 0 0.0 1.0 0
cell 34.55794431842929 23.68440636643842 0.0 1.0 1.0 1 0 0 0.0 1.0 0
cell 53.4229234477903 11.393410720868754 0.0 1.0 1.0 1 0 0 0.0 1.0 0
cell 58.87079583500975 45.81196379900296 0.0 1.0 1.0 1 0 0 0.0 1.0 0
cell 12.149080696704653 8.412863322466198 0.0 1.0 1.0 1 0 0 0.0 1.0 0
cell 58.006418313159244 53.71493524985762 0.0 1.0 1.0 1 0 0 0.0 1.0 0
cell 7.684327626088854 54.325925838733184 0.0 1.0 1.0 1 0 0 0.0 1.0 0
cell 53.59882005203684 1.882885223904252 0.0 1.0 1.0 1 0 0 0.0 1.0 0
cell 10.566190425686688 15.790167616722352 0.0 1.0 1.0 1 0 0 0.0 1.0 0
cell 58.41285948314062 17.783722963780708 0.0 1.0 1.0 1 0 0 0.0 1.0 0
cell 48.02142807934672 29.273697863050725 0.0 1.0 1.0 1 0 0 0.0 1.0 0
cell 19.639311657122306 35.749490866918464 0.0 1.6431676725154984 0.6085806194501846 1 0 0 0.9644919959133678 0.264112078139278 2.6070262631850634
cell 46.40812936707383 7.3379823524536025 0.0 1.6431676725154984 0.6085806194501846 1 0 0 0.8906289728773428 0.4547307254534814 2.197452956023889
cell 38.09394356549573 31.541922658287845 0.0 1.6431676725154984 0.6085806194501846 1 0 0 0.8900139836294108 0.45593322860272745 2.194751677899493
cell 40.60335015842237 45.40508909917816 0.0 1.6431676725154984 0.6085806194501846 1 0 0 0.8950525554004839 0.4459606743548849 2.217098072908288
cell 17.600578519679562 11.518252037141611 0.0 1.0 1.0 1 0 0 0.0 1.0 0
cell 13.539610542991005 5.417098268123958 0.0 1.0 1.0 1 0 0 0.0 1.0 0
cell 17.90794573062661 15.504989435920159 0.0 1.6431676725154984 0.6085806194501846 1 0 0 0.923099191377698 0.3845619363351502 2.3521262174005946
cell 0.21984634742199544 27.339948697006438 0.0 1.0 1.0 1 0 0 0.0 1.0 0
cell 56.78109850735061 14.813897050878387 0.0 1.0 1.0 1 0 0 0.0 1.0 0
cell 10.827235080455317 31.26934573195458 0.0 1.0 1.0 1 0 0 0.0 1.0 0
cell 4.479617041018586 51.79061997538632 0.0 1.0 1.0 1 0 0 0.0 1.0 0
cell 0.565367922740688 54.9713431178528 0.0 1.0 1.0 1 0 0 0.0 1.0 0
cell 43.33056394307289 46.01104007179019 0.0 1.6431676725154984 0.6085806194501846 1 0 0 0.9663217658254676 -0.2573368315883877 3.6621230579721984
cell 46.05758789193694 29.684783470468872 0.0 1.0 1.0 1 0 0 0.0 1.0 0
cell 37.95297038286007 15.260555562266534 0.0 1.6431676725154984 0.6085806194501846 1 0 0 0.6770039624102345 0.7359793712332172 1.4873683109584674
cell 51.42739051988984 30.30262000033486 0.0 1.0 1.0 1 0 0 0.0 1.0 0
cell 37.51502687247678 25.689249779093256 0.0 1.6431676725154984 0.6085806194501846 1 0 0 0.8823848634853604 -0.47052837607515435 4.121371627655314
cell 10.765337442890456 0.48643159704166916 0.0 1.0 1.0 1 0 0 0.0 1.0 0
cell 23.171034476802244 40.93736723194711 0.0 1.0 1.0 1 0 0 0.0 1.0 0
cell 15.91493586213811 16.772032730949622 0.0 1.0 1.0 1 0 0 0.0 1.0 0
cell 3.4083066922654734 3.852888497095153 0.0 1.0 1.0 1 0 0 0.0 1.0 0
cell 59.027765249885356 58.82764099125422 0.0 1.0 1.0 1 0 0 0.0 1.0 0
cell 48.28572818733798 35.977491436774955 0.0 1.0 1.0 1 0 0 0.0 1.0 0
cell 23.63851428309551 29.112472382247628 0.0 1.0 1.0 1 0 0 0.0 1.0 0
cell 16.450603195896797 44.165866688818944 0.0 1.0 1.0 1 0 0 0.0 1.0 0
cell 30.180058280231673 33.21295499022461 0.0 1.0 1.0 1 0 0 0.0 1.0 0
cell 28.021765425319796 36.84695052375139 0.0 1.6431676725154984 0.6085806194501846 1 0 0 0.9936756938065372 -0.11228809170208978 3.366643467410398
cell 56.19902724301348 54.44454219722331 0.0 1.0 1.0 1 0 0 0.0 1.0 0
cell 55.5981602122184 28.566308397346244 0.0 1.0 1.0 1 0 0 0.0 1.0 0
cell 5.297377613499905 7.004333363258286 0.0 1.0 1.0 1 0 0 0.0 1.0 0
cell 46.707718018172166 21.901093526301263 0.0 1.0 1.0 1 0 0 0.0 1.0 0
cell 6.589530823597429 28.865846555399735 0.0 1.0 1.0 1 0 0 0.0 1.0 0
cell 44.579598456769105 52.279365007696505 0.0 1.6431676725154984 0.6085806194501846 1 0 0 0.20700031618572318 -0.9783408757171554 5.866169573047044
cell 22.76096580480662 47.191380970247394 0.0 1.0 1.0 1 0 0 0.0 1.0 0
cell 34.743329295578285 49.88326208596834 0.0 1.0 1.0 1 0 0 0.0 1.0 0
cell 12.52673778460139 23.09442659032173 0.0 1.6431676725154984 0.6085806194501846 1 0 0 -0.2679565987207484 0.9634309841405392 5.740642424922644
cell 55.915563157983954 56.36496663566274 0.0 1.0 1.0 1 0 0 0.0 1.0 0
cell 35.18289300518869 27.59136027177271 0.0 1.6431676725154984 0.6085806194501846 1 0 0 0.7849086804699725 0.6196114615812772 1.8050974627030354
cell 18.982651742567327 10.374598397636559 0.0 1.0 1.0 1 0 0 0.0 1.0 0
cell 4.351852072093707 31.442576793231137 0.0 1.0 1.0 1 0 0 0.0 1.0 0
cell 57.65900788270981 42.48799102634431 0.0 1.0 1.0 1 0 0 0.0 1.0 0
cell 53.573597686192976 36.33680447150315 0.0 1.0 1.0 1 0 0 0.0 1.0 0
cell 4.828539989398113 47.79723664597301 0.0 1.0 1.0 1 0 0 0.0 1.0 0
cell 20.482234518618398 9.293659584614955 0.0 1.0 1.0 1 0 0 0.0 1.0 0
cell 7.151079979980489 9.800331756128621 0.0 1.0 1.0 1 0 0 0.0 1.0 0
cell 48.42484080969598 44.43391854905589 0.0 1.0 1.0 1 0 0 0.0 1.0 0
cell 23.28516172381028 4.811728409868595 0.0 1.6431676725154984 0.6085806194501846 1 0 0 0.8331161835659453 0.5530980244771393 1.9694361217471006
cell 44.962042223758054 55.94864599527324 0.0 1.0 1.0 1 0 0 0.0 1.0 0
cell 51.184320538850855 50.74997043960529 0.0 1.0 1.0 1 0 0 0.0 1.0 0
cell 37.1227937104538 49.5879642879747 0.0 1.0 1.0 1 0 0 0.0 1.0 0
cell 32.113265171997234 19.339991389630264 0.0 1.6431676725154984 0.6085806194501846 1 0 0 0.8435237759897424 0.5370918351083053 2.0076213100469276
cell 2.65889271678234 15.566536867521123 0.0 1.0 1.0 1 0 0 0.0 1.0 0
cell 12.517039970473096 30.855866936831745 0.0 1.0 1.0 1 0 0 0.0 1.0 0
cell 0.6434501159949005 10.659142960309849 0.0 1.0 1.0 1 0 0 0.0 1.0 0
cell 13.885184348379717 9.432138124782293 0.0 1.0 1.0 1 0 0 0.0 1.0 0
cell 47.74633738211615 19.338182044507942 0.0 1.0 1.0 1 0 0 0.0 1.0 0
cell 18.3640830302185 2.4091116507956367 0.0 1.0 1.0 1 0 0 0.0 1.0 0
cell 31.162068143214043 30.479580040024686 0.0 1.6431676725154984 0.6085806194501846 1 0 0 0.5326054362719744 0.8463636625313847 1.1233519657222744
cell 29.597626213366773 53.010039744943036 0.0 1.0 1.0 1 0 0 0.0 1.0 0
cell 12.862927772632444 57.231904734686616 0.0 1.6431676725154984 0.6085806194501846 1 0 0 0.16290643268647076 -0.9866415226359412 5.955913857104047
cell 56.450606792483256 52.51970682889238 0.0 1.0 1.0 1 0 0 0.0 1.0 0
cell 19.638163991270915 22.302564985984194 0.0 1.0 1.0 1 0 0 0.0 1.0 0
cell 17.541196977427326 51.69263722573695 0.0 1.6431676725154984 0.6085806194501846 1 0 0 0.525430646581862 0.850836432948523 1.1064423580239904
cell 0.7898269793306303 39.85738060617467 0.0 1.0 1.0 1 0 0 0.0 1.0 0
cell 42.29265913515905 39.00343152560264 0.0 1.6431676725154984 0.6085806194501846 1 0 0 0.9987661769726152 0.04966008191200298 3.0422316217604517
cell 32.85863765567095 39.262052824242815 0.0 1.0 1.0 1 0 0 0.0 1.0 0
cell 44.0319271207084 20.56148787737552 0.0 1.6431676725154984 0.6085806194501846 1 0 0 0.3984329592879635 0.9171974579952977 0.8196154021954405
cell 24.292189658138987 18.99937176521278 0.0 1.0 1.0 1 0 0 0.0 1.0 0
cell 28.087301491610166 32.34230768645445 0.0 1.6431676725154984 0.6085806194501846 1 0 0 0.9963633416995176 0.08520616947950703 2.9709734365124763
cell 27.489445899205094 4.886014565406861 0.0 1.6431676725154984 0.6085806194501846 1 0 0 0.3829246632035934 -0.9237795745254462 5.497264902777368
cell 1.1937030892905809 37.934004230547245 0.0 1.0 1.0 1 0 0 0.0 1.0 0
cell 20.09596310067815 57.31304655270606 0.0 1.0 1.0 1 0 0 0.0 1.0 0
cell 22.908880476925308 15.155703630852011 0.0 1.6431676725154984 0.6085806194501846 1 0 0 0.979022041822252 0.20375436590706097 2.731210226493099
cell 24.08975443205897 51.502276793395396 0.0 1.0 1.0 1 0 0 0.0 1.0 0
cell 36.20529922614088 14.99437443492127 0.0 1.6431676725154984 0.6085806194501846 1 0 0 0.756190731124691 0.6543512651176776 1.7149438471613507
cell 8.759814735722106 0.4771999072194918 0.0 1.0 1.0 1 0 0 0.0 1.0 0
cell 34.03929189696487 56.111396028560485 0.0 1.0 1.0 1 0 0 0.0 1.0 0
cell 16.718149219421786 34.77150844556692 0.0 1.0 1.0 1 0 0 0.0 1.0 0
cell 46.16294545147084 36.56198244150719 0.0 1.0 1.0 1 0 0 0.0 1.0 0
cell 50.94484995784311 9.120852449533853 0.0 1.0 1.0 1 0 0 0.0 1.0 0
cell 29.43157707111699 28.799031533170517 0.0 1.0 1.0 1 0 0 0.0 1.0 0
cell 46.786375686724355 11.51692482297866 0.0 1.0 1.0 1 0 0 0.0 1.0 0
cell 34.3062751317121 16.55131698534363 0.0 1.6431676725154984 0.6085806194501846 1 0 0 0.4757065396630033 0.8796040519016789 0.9915342096073165
cell 55.53540618703356 21.84002794472021 0.0 1.0 1.0 1 0 0 0.0 1.0 0
cell 3.3878997960224457 28.096476054366235 0.0 1.0 1.0 1 0 0 0.0 1.0 0
cell 49.0210716134446 14.613744062556469 0.0 1.0 1.0 1 0 0 0.0 1.0 0
cell 50.22567583612777 35.47506931689265 0.0 1.0 1.0 1 0 0 0.0 1.0 0
cell 56.96190793214539 29.900729235614136 0.0 1.0 1.0 1 0 0 0.0 1.0 0
cell 26.427888642887595 35.099563086377636 0.0 1.6431676725154984 0.6085806194501846 1 0 0 0.9978560886258646 0.06544636271245773 3.010606307072884
cell 43.23400654852321 7.3032217425841965 0.0 1.6431676725154984 0.6085806194501846 1 0 0 0.8418065638065824 0.5397793152133141 2.001242791216285
cell 4.505352076655197 38.63200158636912 0.0 1.0 1.0 1 0 0 0.0 1.0 0
cell 56.4160932532693 39.11591538999619 0.0 1.0 1.0 1 0 0 0.0 1.0 0
cell 28.51686466383684 46.27224248684019 0.0 1.0 1.0 1 0 0 0.0 1.0 0
cell 41.42637465648363 43.19766384218541 0.0 1.6431676725154984 0.6085806194501846 1 0 0 0.9999886930259241 -0.004755399068871198 3.1511034875738138
cell 14.245368167038182 30.57681737212773 0.0 1.0 1.0 1 0 0 0.0 1.0 0
cell 31.52226934143986 23.259436827334362 0.0 1.6431676725154984 0.6085806194501846 1 0 0 0.6716085712205659 0.740906152669196 1.4727554866056434
cell 39.52101942307055 5.841025798017398 0.0 1.0 1.0 1 0 0 0.0 1.0 0
cell 18.34133623240514 41.402439685939996 0.0 1.0 1.0 1 0 0 0.0 1.0 0
cell 38.78993072361349 37.82349099897524 0.0 1.0 1.0 1 0 0 0.0 1.0 0
cell 49.03468533269832 26.00499517433123 0.0 1.6431676725154984 0.6085806194501846 1 0 0 0.9837098893911468 0.17976332638794226 2.7801009474736325
cell 23.553148947341978 11.91023716164099 0.0 1.6431676725154984 0.6085806194501846 1 0 0 0.9082347883960019 0.4184609529541194 2.278092434245315
cell 3.740133013329224 57.72979367316433 0.0 1.0 1.0 1 0 0 0.0 1.0 0
cell 55.08516477226257 49.377328027139676 0.0 1.0 1.0 1 0 0 0.0 1.0 0
cell 19.477311163660918 50.64826253892477 0.0 1.6431676725154984 0.6085806194501846 1 0 0 0.9024025387320177 0.4308940218777807 2.250626141949022
cell 3.5307675672830867 44.461250703728545 0.0 1.0 1.0 1 0 0 0.0 1.0 0
cell 32.42069989780692 28.98374238977517 0.0 1.6431676725154984 0.6085806194501846 1 0 0 0.5837558726011296 0.8119292341107651 1.2466938040446869
cell 50.199772325258095 17.83032543938362 0.0 1.0 1.0 1 0 0 0.0 1.0 0
cell 33.654167792848604 45.21317512224999 0.0 1.6431676725154984 0.6085806194501846 1 0 0 0.9752999484950664 0.22088460893760986 2.6961498742561623
cell 49.027268203090074 22.805571147438773 0.0 1.0 1.0 1 0 0 0.0 1.0 0
cell 47.00349562347571 0.040426785503159715 0.0 1.0 1.0 1 0 0 0.0 1.0 0
cell 21.405877534031244 38.056999338387484 0.0 1.6431676725154984 0.6085806194501846 1 0 0 0.9904933737986106 -0.13756044657184638 3.417588699369731
cell 5.064544640223362 45.84632503985985 0.0 1.0 1.0 1 0 0 0.0 1.0 0
cell 15.855249624956963 49.96017585338444 0.0 1.6431676725154984 0.6085806194501846 1 0 0 0.6281356747160127 -0.7781038324986321 4.924875502388366
cell 37.556290032399275 36.30255990261918 0.0 1.0 1.0 1 0 0 0.0 1.0 0
cell 18.54351342137679 19.770290713052887 0.0 1.0 1.0 1 0 0 0.0 1.0 0
cell 36.348100831302524 27.62348954239795 0.0 1.6431676725154984 0.6085806194501846 1 0 0 0.8346678327879089 0.5507536735321295 1.9750587908168447
cell 25.555233426515684 38.94518569680745 0.0 1.0 1.0 1 0 0 0.0 1.0 0
cell 33.77443795872943 1.6066067468062066 0.0 1.6431676725154984 0.6085806194501846 1 0 0 0.9223212777046585 -0.38642393907889044 3.935095030949179
cell 32.234748697026525 25.871022082202835 0.0 1.6431676725154984 0.6085806194501846 1 0 0 0.6998617380326048 0.7142783404513829 1.550407818994242
cell 2.9915994945569473 30.056431913659694 0.0 1.0 1.0 1 0 0 0.0 1.0 0
cell 7.910263825946516 30.234684457232266 0.0 1.0 1.0 1 0 0 0.0 1.0 0
cell 24.594845481946166 46.44508154398057 0.0 1.0 1.0 1 0 0 0.0 1.0 0
cell 7.347022656308672 15.796200223665451 0.0 1.0 1.0 1 0 0 0.0 1.0 0
cell 41.11662013705228 13.487677672301137 0.0 1.6431676725154984 0.6085806194501846 1 0 0 0.7917102086995909 0.6108968369871056 1.8272068916970745
cell 36.01776264044432 43.902611541430375 0.0 1.6431676725154984 0.6085806194501846 1 0 0 0.8892886117849668 -0.4573464386540761 4.0916106262851555
cell 0.6456208214156871 32.64696557777985 0.0 1.0 1.0 1 0 0 0.0 1.0 0
cell 12.257755079450396 12.342509892224689 0.0 1.0 1.0 1 0 0 0.0 1.0 0
cell 26.604352852783105 3.450121471269091 0.0 1.0 1.0 1 0 0 0.0 1.0 0
cell 48.32901422353508 17.85924492352042 0.0 1.0 1.0 1 0 0 0.0 1.0 0
cell 20.09625829743625 36.98235523771756 0.0 1.6431676725154984 0.6085806194501846 1 0 0 0.9969537798830589 0.07799462017909554 2.985444827459234
cell 55.9550006092886 33.83938777005647 0.0 1.0 1.0 1 0 0 0.0 1.0 0
cell 31.970597340276456 44.53776522236855 0.0 1.0 1.0 1 0 0 0.0 1.0 0
cell 24.55555830334822 41.74165811514974 0.0 1.0 1.0 1 0 0 0.0 1.0 0
cell 26.312374152066145 16.387886994261905 0.0 1.6431676725154984 0.6085806194501846 1 0 0 0.9955101071058823 0.09465530439460211 2.9519982068552664
cell 39.0352056289941 23.415358175614298 0.0 1.0 1.0 1 0 0 0.0 1.0 0
cell 32.70878316182349 49.56017272013465 0.0 1.6431676725154984 0.6085806194501846 1 0 0 0.953581869819905 0.3011338864205982 2.5298296286275432
cell 51.83628431980054 44.53073354814598 0.0 1.0 1.0 1 0 0 0.0 1.0 0
cell 0.7969095282992985 12.647811472956832 0.0 1.0 1.0 1 0 0 0.0 1.0 0
cell 18.399899584736623 46.411838172374644 0.0 1.0 1.0 1 0 0 0.0 1.0 0
cell 39.82918615843159 9.158556657301146 0.0 1.0 1.0 1 0 0 0.0 1.0 0
cell 18.425625225726026 57.929271112544086 0.0 1.0 1.0 1 0 0 0.0 1.0 0
cell 51.92418459757124 1.3851962787230259 0.0 1.0 1.0 1 0 0 0.0 1.0 0
cell 38.617788932832774 28.15569143950688 0.0 1.0 1.0 1 0 0 0.0 1.0 0
cell 53.16574945350619 50.20197306347189 0.0 1.0 1.0 1 0 0 0.0 1.0 0
cell 42.58126523136966 12.054814570469604 0.0 1.6431676725154984 0.6085806194501846 1 0 0 0.8301743517298273 0.5575038526592986 1.9588406959107827
cell 24.065319994852455 21.072681884661083 0.0 1.0 1.0 1 0 0 0.0 1.0 0
cell 48.990953093700966 39.19510675856141 0.0 1.0 1.0 1 0 0 0.0 1.0 0
cell 34.6517535099263 54.29423485491252 0.0 1.0 1.0 1 0 0 0.0 1.0 0
cell 2.643757821101782 39.24411639470971 0.0 1.0 1.0 1 0 0 0.0 1.0 0
cell 6.072186888756811 53.02863024766694 0.0 1.0 1.0 1 0 0 0.0 1.0 0
cell 30.364559560481553 23.170574425431436 0.0 1.6431676725154984 0.6085806194501846 1 0 0 0.6560715568478731 0.7546986897399571 1.4312031860224605
cell 58.29621717142136 51.7772705816194 0.0 1.0 1.0 1 0 0 0.0 1.0 0
cell 20.218244080954545 7.333351946085346 0.0 1.0 1.0 1 0 0 0.0 1.0 0
cell 1.624569085844543 3.6204071028593967 0.0 1.0 1.0 1 0 0 0.0 1.0 0
cell 25.249863628034174 54.10392678453837 0.0 1.6431676725154984 0.6085806194501846 1 0 0 0.990737842235474 0.13578854135234325 2.8691739888499717
cell 29.588957769860823 47.71365712411426 0.0 1.0 1.0 1 0 0 0.0 1.0 0
cell 17.63192135615401 25.218594415580853 0.0 1.0 1.0 1 0 0 0.0 1.0 0
cell 32.382655349864734 31.64395238590149 0.0 1.6431676725154984 0.6085806194501846 1 0 0 0.6465729531403948 0.7628521588534104 1.406166846248009
cell 53.563908661588854 18.435471605092456 0.0 1.0 1.0 1 0 0 0.0 1.0 0
cell 36.331840965230235 19.549301052353105 0.0 1.0 1.0 1 0 0 0.0 1.0 0
cell 10.090242915508448 17.690865202156772 0.0 1.0 1.0 1 0 0 0.0 1.0 0
cell 3.9166013631631316 33.40527564542277 0.0 1.0 1.0 1 0 0 0.0 1.0 0
cell 13.168425528139082 37.15923159018588 0.0 1.0 1.0 1 0 0 0.0 1.0 0
cell 29.198241152521938 10.088451636081546 0.0 1.6431676725154984 0.6085806194501846 1 0 0 -0.0508085755424201 0.9987084102235998 6.181524384255324
cell 25.223848054428956 15.445850545764223 0.0 1.6431676725154984 0.6085806194501846 1 0 0 0.18559891648810942 -0.9826255859677376 5.9098226399970155
cell 28.981251791704192 8.776372972346156 0.0 1.6431676725154984 0.6085806194501846 1 0 0 0.14222514468416428 0.9898343337243706 0.2854181014676287
cell 10.287639993441315 45.8594214024043 0.0 1.0 1.0 1 0 0 0.0 1.0 0
cell 6.613312298746772 3.4996547130746314 0.0 1.0 1.0 1 0 0 0.0 1.0 0
cell 35.046875799660235 0.7465786173808616 0.0 1.0 1.0 1 0 0 0.0 1.0 0
cell 42.19852394209939 30.53804718443817 0.0 1.0 1.0 1 0 0 0.0 1.0 0
cell 1.3949532845985966 1.1167754879966545 0.0 1.0 1.0 1 0 0 0.0 1.0 0
cell 8.860687235576824 26.23139506763615 0.0 1.0 1.0 1 0 0 0.0 1.0 0
cell 45.54607712634188 24.02013940330788 0.0 1.6431676725154984 0.6085806194501846 1 0 0 0.38515270519550854 0.9228528559204775 0.7907465752720177
cell 26.020914473464813 37.40019199762874 0.0 1.6431676725154984 0.6085806194501846 1 0 0 0.992083908726075 -0.12557674166338675 3.393410960481232
cell 55.987058458329116 7.031389022136155 0.0 1.0 1.0 1 0 0 0.0 1.0 0
cell 2.4174442694425853 54.30607558264797 0.0 1.0 1.0 1 0 0 0.0 1.0 0
cell 2.749981706206729 17.566720224117756 0.0 1.0 1.0 1 0 0 0.0 1.0 0
cell 45.001755627216866 14.894049464195405 0.0 1.0 1.0 1 0 0 0.0 1.0 0
cell 57.460173780471784 27.957279761454256 0.0 1.0 1.0 1 0 0 0.0 1.0 0
cell 43.77866842265127 16.530450687485356 0.0 1.0 1.0 1 0 0 0.0 1.0 0
cell 24.3906788881118 34.72058897852607 0.0 1.6431676725154984 0.6085806194501846 1 0 0 0.9895757327817304 0.14401343371193287 2.8525607712861736
cell 11.2272596983706 55.52647715825511 0.0 1.6431676725154984 0.6085806194501846 1 0 0 0.10176385506505006 0.9948085834985038 0.20388064216345697
cell 25.873441557231892 26.263258797433725 0.0 1.0 1.0 1 0 0 0.0 1.0 0
cell 53.716259261059584 29.01634549709672 0.0 1.0 1.0 1 0 0 0.0 1.0 0
cell 9.461096726404309 57.04837300715801 0.0 1.0 1.0 1 0 0 0.0 1.0 0
cell 32.02710615420158 8.285132770475032 0.0 1.6431676725154984 0.6085806194501846 1 0 0 0.13122504532597284 -0.9913526050196249 6.019976086880996
cell 49.18943147543481 24.48681525088276 0.0 1.0 1.0 1 0 0 0.0 1.0 0
cell 40.370031495703216 25.3760458534847 0.0 1.6431676725154984 0.6085806194501846 1 0 0 0.97539239826636 -0.2204760064138467 3.586197571394997
cell 0.5077847986656645 8.625331040643102 0.0 1.0 1.0 1 0 0 0.0 1.0 0
cell 58.53067360061606 1.613281884592148 0.0 1.0 1.0 1 0 0 0.0 1.0 0
cell 36.30107449008986 21.956567534670928 0.0 1.0 1.0 1 0 0 0.0 1.0 0
cell 40.75180133460307 46.91809051949748 0.0 1.6431676725154984 0.6085806194501846 1 0 0 0.9489127798546412 0.31553848612893054 2.499544498595514
cell 58.341099450201256 31.295437296597253 0.0 1.0 1.0 1 0 0 0.0 1.0 0
cell 48.91044049529481 51.75876300929111 0.0 1.6431676725154984 0.6085806194501846 1 0 0 0.9125927948737693 -0.40886965006525283 3.984022862202455
cell 32.39866010154793 48.0295282201595 0.0 1.6431676725154984 0.6085806194501846 1 0 0 0.9999948321161318 -0.003214924731526184 3.148022514129107
cell 2.070279518619941 33.98612534621431 0.0 1.0 1.0 1 0 0 0.0 1.0 0
cell 57.879337534652926 25.98598670791639 0.0 1.0 1.0 1 0 0 0.0 1.0 0
cell 54.131226951756204 41.654751041627385 0.0 1.0 1.0 1 0 0 0.0 1.0 0
cell 49.77809508757621 12.807424506904601 0.0 1.0 1.0 1 0 0 0.0 1.0 0
cell 18.833909222061084 29.55322595068353 0.0 1.0 1.0 1 0 0 0.0 1.0 0
cell 55.82927717478995 43.099020039875846 0.0 1.0 1.0 1 0 0 0.0 1.0 0
cell 41.93560242617759 3.3649423180000273 0.0 1.0 1.0 1 0 0 0.0 1.0 0
cell 8.178075019352935 50.42176014538019 0.0 1.0 1.0 1 0 0 0.0 1.0 0
cell 53.46838350292841 45.43321419426775 0.0 1.0 1.0 1 0 0 0.0 1.0 0
cell 47.56721344775161 31.01382658038212 0.0 1.0 1.0 1 0 0 0.0 1.0 0
cell 11.804767150539302 34.510578186792706 0.0 1.0 1.0 1 0 0 0.0 1.0 0
cell 28.98105830861647 51.39647324650291 0.0 1.0 1.0 1 0 0 0.0 1.0 0
cell 31.808669857444137 34.062223226737586 0.0 1.6431676725154984 0.6085806194501846 1 0 0 0.9251981793972543 0.37948429327181105 2.3631149908952525
cell 24.626913621835776 0.631595228590231 0.0 1.0 1.0 1 0 0 0.0 1.0 0
cell 24.990378737240903 22.832794242397103 0.0 1.0 1.0 1 0 0 0.0 1.0 0
cell 16.751044310030483 5.394028752838061 0.0 1.0 1.0 1 0 0 0.0 1.0 0
cell 11.484863240455727 53.84597682731626 0.0 1.0 1.0 1 0 0 0.0 1.0 0
cell 24.431865983510917 43.5216246906538 0.0 1.0 1.0 1 0 0 0.0 1.0 0
cell 58.516983239364976 49.7770150222428 0.0 1.0 1.0 1 0 0 0.0 1.0 0
cell 16.922997252156947 32.9084094487855 0.0 1.0 1.0 1 0 0 0.0 1.0 0
cell 58.50186889497719 21.863413754786205 0.0 1.0 1.0 1 0 0 0.0 1.0 0
cell 32.26300621329064 35.40797445489399 0.0 1.6431676725154984 0.6085806194501846 1 0 0 0.9948202403431903 0.10164983720359384 2.937941235812242
cell 54.056028307471195 57.088819855132314 0.0 1.0 1.0 1 0 0 0.0 1.0 0
cell 57.585612721877844 5.978703383571281 0.0 1.0 1.0 1 0 0 0.0 1.0 0
cell 33.489540753284835 11.410335899390502 0.0 1.6431676725154984 0.6085806194501846 1 0 0 0.50135901718812 0.8652393517889501 1.05033749130016
cell 26.28434956980295 24.33994827688822 0.0 1.0 1.0 1 0 0 0.0 1.0 0
cell 10.614760256523951 42.919281430670054 0.0 1.0 1.0 1 0 0 0.0 1.0 0
cell 1.0420705295211177 18.685752871921483 0.0 1.0 1.0 1 0 0 0.0 1.0 0
cell 14.787208845702068 20.842478328662956 0.0 1.0 1.0 1 0 0 0.0 1.0 0
cell 14.430730664352623 15.157613493272219 0.0 1.0 1.0 1 0 0 0.0 1.0 0
cell 5.328665516098985 43.809339099619436 0.0 1.0 1.0 1 0 0 0.0 1.0 0
cell 38.85349279142762 32.716046825162124 0.0 1.0 1.0 1 0 0 0.0 1.0 0
cell 28.906472027248494 17.27139954435302 0.0 1.0 1.0 1 0 0 0.0 1.0 0
cell 1.6158855951539575 35.970441469722566 0.0 1.0 1.0 1 0 0 0.0 1.0 0
cell 16.285536468593904 58.38612146604076 0.0 1.0 1.0 1 0 0 0.0 1.0 0
cell 18.256717896233557 35.52924668632979 0.0 1.6431676725154984 0.6085806194501846 1 0 0 0.9553533183684816 0.29546579680621343 2.54170655979246
cell 21.982070793533413 9.976335336936083 0.0 1.6431676725154984 0.6085806194501846 1 0 0 0.7118040183620883 0.7023781313819386 1.5841266426977942
cell 6.6204291678539455 47.09217869890545 0.0 1.0 1.0 1 0 0 0.0 1.0 0
cell 56.88910849024656 37.15168538302249 0.0 1.0 1.0 1 0 0 0.0 1.0 0
cell 36.92881773980184 38.72660877303677 0.0 1.0 1.0 1 0 0 0.0 1.0 0
cell 45.81184516438921 41.180965008439365 0.0 1.6431676725154984 0.6085806194501846 1 0 0 0.9745804568043239 0.22403779416668806 2.6896814109146883
cell 25.67967445605993 36.18933485301026 0.0 1.6431676725154984 0.6085806194501846 1 0 0 0.9978254334201169 0.06591209615811049 3.00967282458672
cell 41.992491316377446 32.525728016681 0.0 1.0 1.0 1 0 0 0.0 1.0 0
cell 1.9432348281699126 26.681976796789048 0.0 1.0 1.0 1 0 0 0.0 1.0 0
cell 18.680653593515306 8.390155116587234 0.0 1.0 1.0 1 0 0 0.0 1.0 0
cell 7.079937884439335 34.18309962023976 0.0 1.0 1.0 1 0 0 0.0 1.0 0
cell 13.310132613089596 3.2963099291670543 0.0 1.0 1.0 1 0 0 0.0 1.0 0
cell 5.778846459220581 14.998133649060522 0.0 1.0 1.0 1 0 0 0.0 1.0 0
cell 52.651095943731654 53.97962789690745 0.0 1.0 1.0 1 0 0 0.0 1.0 0
cell 17.774136107272774 13.547704777279796 0.0 1.0 1.0 1 0 0 0.0 1.0 0
cell 57.95759322164391 9.792629984641607 0.0 1.0 1.0 1 0 0 0.0 1.0 0
cell 31.17257981259034 28.673212249715124 0.0 1.6431676725154984 0.6085806194501846 1 0 0 0.48840571462462784 0.8726166729566921 1.0205235999126245
cell 1.194201713598092 49.05309947283164 0.0 1.0 1.0 1 0 0 0.0 1.0 0
cell 40.42330086156996 22.185596602754718 0.0 1.0 1.0 1 0 0 0.0 1.0 0
cell 21.378259518153573 53.32332889973908 0.0 1.0 1.0 1 0 0 0.0 1.0 0
cell 48.17988807225478 53.774062862246346 0.0 1.0 1.0 1 0 0 0.0 1.0 0
cell 53.016670694644645 19.977869911340324 0.0 1.0 1.0 1 0 0 0.0 1.0 0
cell 55.208542223194875 47.38549984830682 0.0 1.0 1.0 1 0 0 0.0 1.0 0
cell 17.41104208360375 37.079067851757735 0.0 1.6431676725154984 0.6085806194501846 1 0 0 0.978559339449055 0.20596509213220826 2.7266929679893552
cell 45.26316802811028 11.204887845656215 0.0 1.6431676725154984 0.6085806194501846 1 0 0 0.9033388592184988 0.4289276225959588 2.254982022601179
cell 27.68173319381815 47.804645743116964 0.0 1.0 1.0 1 0 0 0.0 1.0 0
cell 5.250507975849668 0.007705354441888801 0.0 1.0 1.0 1 0 0 0.0 1.0 0
cell 21.403400838842785 44.15417240696893 0.0 1.0 1.0 1 0 0 0.0 1.0 0
cell 42.150548320927314 10.451918792165978 0.0 1.6431676725154984 0.6085806194501846 1 0 0 -0.8139342228222737 -0.5809570387891873 1.901784621004822
cell 28.97831632732808 38.33032431427759 0.0 1.0 1.0 1 0 0 0.0 1.0 0
cell 22.728002505026875 50.29504885851007 0.0 1.0 1.0 1 0 0 0.0 1.0 0
cell 54.22849113642534 25.34280872633861 0.0 1.0 1.0 1 0 0 0.0 1.0 0
cell 7.426101813944106 13.787887230132721 0.0 1.0 1.0 1 0 0 0.0 1.0 0
cell 58.8400047354276 29.312844347631273 0.0 1.0 1.0 1 0 0 0.0 1.0 0
cell 4.9496863405187455 36.73843288662909 0.0 1.0 1.0 1 0 0 0.0 1.0 0
cell 26.571225493574584 46.195231096235645 0.0 1.0 1.0 1 0 0 0.0 1.0 0
cell 10.41214457803072 33.22154854261295 0.0 1.0 1.0 1 0 0 0.0 1.0 0
cell 35.47110465500908 7.933246820679813 0.0 1.6431676725154984 0.6085806194501846 1 0 0 0.6228481067971839 0.7823427866729288 1.344755870637032
cell 16.63883201253368 3.2841265697407747 0.0 1.0 1.0 1 0 0 0.0 1.0 0
cell 38.848532934869205 18.355842855887204 0.0 1.6431676725154984 0.6085806194501846 1 0 0 0.5175645045893714 0.8556441921670237 1.088004208387103
cell 46.44655931103789 44.52765202823319 0.0 1.0 1.0 1 0 0 0.0 1.0 0
cell 4.399324614781131 22.34750396199364 0.0 1.0 1.0 1 0 0 0.0 1.0 0
cell 2.814199709671011 50.32944955706255 0.0 1.0 1.0 1 0 0 0.0 1.0 0
cell 54.563566044048315 53.230245937234635 0.0 1.0 1.0 1 0 0 0.0 1.0 0
cell 31.877961677156623 58.29109763777949 0.0 1.6431676725154984 0.6085806194501846 1 0 0 0.9432194113372881 -0.33217035098957826 3.8187999514982005
cell 26.427108405014437 1.4663120334389692 0.0 1.0 1.0 1 0 0 0.0 1.0 0
cell 48.92588211221761 8.21454858126066 0.0 1.0 1.0 1 0 0 0.0 1.0 0
cell 46.20031319879879 13.291644435072703 0.0 1.0 1.0 1 0 0 0.0 1.0 0
cell 5.520386251065452 25.58710985730711 0.0 1.0 1.0 1 0 0 0.0 1.0 0
cell 21.901369267834006 58.98084618394175 0.0 1.6431676725154984 0.6085806194501846 1 0 0 -0.6345639419471301 -0.7728703666078286 1.3748883666433134
cell 37.418150682932705 23.912166891954065 0.0 1.6431676725154984 0.6085806194501846 1 0 0 0.9552236162583271 -0.2958848474362353 3.7423560753098233
cell 15.118295294519756 35.70352435747722 0.0 1.0 1.0 1 0 0 0.0 1.0 0
cell 33.184811737476345 34.020179376179215 0.0 1.6431676725154984 0.6085806194501846 1 0 0 0.9345294206335437 0.3558858833535452 2.4138689690001196
cell 21.44659273693549 41.81658542723987 0.0 1.0 1.0 1 0 0 0.0 1.0 0
cell 14.626864307711962 13.322872935054667 0.0 1.0 1.0 1 0 0 0.0 1.0 0
cell 36.65032265073336 31.985422483944536 0.0 1.6431676725154984 0.6085806194501846 1 0 0 0.8893522219535736 0.4572227305222715 2.191852889129075
cell 24.536603475236056 24.75675182346214 0.0 1.0 1.0 1 0 0 0.0 1.0 0
cell 9.164271654286917 31.742764087688748 0.0 1.0 1.0 1 0 0 0.0 1.0 0
cell 39.01712071138667 52.55470375082112 0.0 1.6431676725154984 0.6085806194501846 1 0 0 0.9426979863766075 0.3336472785465055 2.4612528170945223
cell 47.58109561913472 9.702902215275444 0.0 1.0 1.0 1 0 0 0.0 1.0 0
cell 21.887031029592027 39.832980900815826 0.0 1.0 1.0 1 0 0 0.0 1.0 0
cell 39.2197531118421 41.52390610729187 0.0 1.6431676725154984 0.6085806194501846 1 0 0 0.14784717885146967 -0.9890102182008341 5.986402959772578
cell 53.87388537217175 21.614328262377814 0.0 1.0 1.0 1 0 0 0.0 1.0 0
cell 20.914353542498198 25.156759880986424 0.0 1.0 1.0 1 0 0 0.0 1.0 0
cell 56.77983179279951 16.81857992525078 0.0 1.0 1.0 1 0 0 0.0 1.0 0
cell 3.2469891725685867 46.41961060477789 0.0 1.0 1.0 1 0 0 0.0 1.0 0
cell 15.431668944077474 8.477013802107978 0.0 1.0 1.0 1 0 0 0.0 1.0 0
cell 39.254028662644664 15.172742298833775 0.0 1.6431676725154984 0.6085806194501846 1 0 0 0.5472371567261434 0.8369775948603919 1.158119371133294
cell 40.05505576742268 2.634233570979005 0.0 1.0 1.0 1 0 0 0.0 1.0 0
cell 51.91403907145885 17.844517629842898 0.0 1.0 1.0 1 0 0 0.0 1.0 0
cell 18.02731496877932 47.95251785123978 0.0 1.0 1.0 1 0 0 0.0 1.0 0
cell 20.072649430604756 3.480287236601865 0.0 1.0 1.0 1 0 0 0.0 1.0 0
cell 56.084291822991524 3.181966643903867 0.0 1.6431676725154984 0.6085806194501846 1 0 0 0.9620920651610049 0.2727248763025344 2.5891443737596247
cell 42.352201212338755 40.374339504191106 0.0 1.6431676725154984 0.6085806194501846 1 0 0 -0.028898056939883062 0.9995823639426115 6.225381146041763
cell 42.43045177886251 17.932428886470316 0.0 1.6431676725154984 0.6085806194501846 1 0 0 0.6479479113922855 0.7616846487375041 1.4097743888727552
cell 2.597740199811962 52.29456914367093 0.0 1.0 1.0 1 0 0 0.0 1.0 0
cell 13.006312274282815 1.1637183687475696 0.0 1.0 1.0 1 0 0 0.0 1.0 0
cell 54.55171142774263 9.973922019299895 0.0 1.0 1.0 1 0 0 0.0 1.0 0
cell 22.95405441815888 27.324998479218646 0.0 1.0 1.0 1 0 0 0.0 1.0 0
cell 47.993427902399944 57.38178460016816 0.0 1.0 1.0 1 0 0 0.0 1.0 0
cell 20.91510491368654 17.058971802651456 0.0 1.6431676725154984 0.6085806194501846 1 0 0 0.9524172491381933 0.3047972827044834 2.522141499632456
cell 39.44942522677003 39.52849401057241 0.0 1.6431676725154984 0.6085806194501846 1 0 0 0.9961692656300557 -0.08744595024399635 3.3167082183060415
cell 9.120591067697879 12.724724024167529 0.0 1.0 1.0 1 0 0 0.0 1.0 0
cell 0.11708913220228889 43.807479991089004 0.0 1.0 1.0 1 0 0 0.0 1.0 0
cell 4.8579238816127654 2.463819676778138 0.0 1.0 1.0 1 0 0 0.0 1.0 0
cell 10.623737689651328 11.53194227004121 0.0 1.0 1.0 1 0 0 0.0 1.0 0
cell 33.94767690900371 28.269666782826757 0.0 1.0 1.0 1 0 0 0.0 1.0 0
cell 2.145601780196924 56.261163493862945 0.0 1.0 1.0 1 0 0 0.0 1.0 0
cell 33.653531590780105 43.4096790605561 0.0 1.0 1.0 1 0 0 0.0 1.0 0
cell 36.437868684881494 29.27720391121306 0.0 1.6431676725154984 0.6085806194501846 1 0 0 0.905423894411882 0.4245086235025399 2.2647544270640405
cell 27.54882153821119 52.7536448734211 0.0 1.0 1.0 1 0 0 0.0 1.0 0
cell 51.68220713724549 12.29882393381941 0.0 1.0 1.0 1 0 0 0.0 1.0 0
cell 4.474735998344276 20.460603261278845 0.0 1.0 1.0 1 0 0 0.0 1.0 0
cell 21.17352189605139 23.491830228720556 0.0 1.0 1.0 1 0 0 0.0 1.0 0
cell 25.03747544350676 4.672113063089159 0.0 1.0 1.0 1 0 0 0.0 1.0 0
cell 1.0015985806521293 16.66836230120715 0.0 1.0 1.0 1 0 0 0.0 1.0 0
cell 41.774014582409755 34.5691406619789 0.0 1.0 1.0 1 0 0 0.0 1.0 0
cell 38.68264762803758 11.411929766705105 0.0 1.0 1.0 1 0 0 0.0 1.0 0
cell 52.3520607798455 14.085054048926947 0.0 1.6431676725154984 0.6085806194501846 1 0 0 0.6757919561536161 -0.7370924175421077 4.799108094434692
cell 10.037379059619365 3.495908314145509 0.0 1.0 1.0 1 0 0 0.0 1.0 0
cell 30.01204420591687 41.77695128759536 0.0 1.0 1.0 1 0 0 0.0 1.0 0
cell 35.9734158549199 24.977861712131556 0.0 1.6431676725154984 0.6085806194501846 1 0 0 0.6821382749395788 0.7312232038594342 1.5013658097602505
cell 44.034051225672734 29.835012461321465 0.0 1.0 1.0 1 0 0 0.0 1.0 0
cell 13.568639313659085 42.265964408176934 0.0 1.0 1.0 1 0 0 0.0 1.0 0
cell 3.4794457972261164 35.36591216259544 0.0 1.0 1.0 1 0 0 0.0 1.0 0
cell 5.903288571647718 55.072978826822705 0.0 1.0 1.0 1 0 0 0.0 1.0 0
cell 25.73470175145284 6.726290070011085 0.0 1.6431676725154984 0.6085806194501846 1 0 0 0.9874998451991427 -0.1576199725024379 3.4581527176744387
cell 11.578704206579543 2.3614777542314953 0.0 1.0 1.0 1 0 0 0.0 1.0 0
cell 55.018456417919786 19.88094097706891 0.0 1.0 1.0 1 0 0 0.0 1.0 0
cell 33.09543592313424 26.97418088235224 0.0 1.6431676725154984 0.6085806194501846 1 0 0 0.7270726414968499 0.6865605392001445 1.6280969300838917
cell 28.749834285693776 15.246412668118232 0.0 1.6431676725154984 0.6085806194501846 1 0 0 -0.14262692594582244 -0.9897765202283013 0.28622994033048244
cell 33.26875618902466 2.9634891120954587 0.0 1.6431676725154984 0.6085806194501846 1 0 0 0.8356510917894671 -0.5492606419461271 4.3045510765676305
cell 51.064771283489094 24.48237314590584 0.0 1.0 1.0 1 0 0 0.0 1.0 0
cell 9.374707083209103 40.747980883913506 0.0 1.0 1.0 1 0 0 0.0 1.0 0
cell 29.276355500056663 40.0431527491716 0.0 1.0 1.0 1 0 0 0.0 1.0 0
cell 39.79051720394585 0.6267136903332214 0.0 1.0 1.0 1 0 0 0.0 1.0 0
cell 1.5929766641183214 28.705621629257458 0.0 1.0 1.0 1 0 0 0.0 1.0 0
cell 57.321156622020744 44.46724753868734 0.0 1.0 1.0 1 0 0 0.0 1.0 0
cell 23.58962705956264 13.390843290343017 0.0 1.6431676725154984 0.6085806194501846 1 0 0 0.9459414211501129 0.3243375213454416 2.4809700415913336
cell 35.57215205190392 48.27770162597596 0.0 1.6431676725154984 0.6085806194501846 1 0 0 -0.9992691034309857 -0.03822641662821691 3.0651211885148997
cell 38.97043426799139 50.4438891574785 0.0 1.0 1.0 1 0 0 0.0 1.0 0
cell 17.51038370971152 49.605787978853655 0.0 1.6431676725154984 0.6085806194501846 1 0 0 0.8627338169309929 -0.5056583442638715 4.201882424895047
cell 53.679346944932114 14.899195288044387 0.0 1.0 1.0 1 0 0 0.0 1.0 0
cell 42.846403899240265 22.2378040776712 0.0 1.6431676725154984 0.6085806194501846 1 0 0 0.24105104713950606 0.9705124381855946 0.48689737452730997
cell 25.407900883149743 28.235466520601598 0.0 1.0 1.0 1 0 0 0.0 1.0 0
cell 15.233235318004935 6.428334903787207 0.0 1.0 1.0 1 0 0 0.0 1.0 0
cell 27.673940512315315 19.92594847633179 0.0 1.6431676725154984 0.6085806194501846 1 0 0 0.6803216985056717 0.7329136282962393 1.4964029525685398
cell 5.599312443297348 11.01742445302025 0.0 1.0 1.0 1 0 0 0.0 1.0 0
cell 56.07321608863257 41.09410862196419 0.0 1.0 1.0 1 0 0 0.0 1.0 0
cell 19.346658460028586 48.93353627351776 0.0 1.6431676725154984 0.6085806194501846 1 0 0 0.8686816093491623 0.49537083238574864 2.105069312137739
cell 45.856403755982676 22.899966752714995 0.0 1.6431676725154984 0.6085806194501846 1 0 0 0.43674465409291074 0.8995855196262686 0.9039535270208262
cell 45.21036753536015 26.121236193013043 0.0 1.6431676725154984 0.6085806194501846 1 0 0 0.9061360728435444 0.4229863088702503 2.268115760503669
cell 13.912033235670885 32.265833272086724 0.0 1.0 1.0 1 0 0 0.0 1.0 0
cell 21.025806225645304 34.11398612551255 0.0 1.6431676725154984 0.6085806194501846 1 0 0 0.9645666293798183 0.2638393781960084 2.607591720217582
cell 32.97902590655767 12.832153333384698 0.0 1.6431676725154984 0.6085806194501846 1 0 0 0.4690680301966607 0.8831620366882992 0.9764704342690035
cell 16.61720888748267 41.76599021402315 0.0 1.0 1.0 1 0 0 0.0 1.0 0
cell 31.382335177600304 52.047684962915184 0.0 1.0 1.0 1 0 0 0.0 1.0 0
cell 49.90873238579529 1.3278027348496564 0.0 1.0 1.0 1 0 0 0.0 1.0 0
cell 5.7343911509817325 12.981291123841288 0.0 1.0 1.0 1 0 0 0.0 1.0 0
cell 43.49998370061621 33.70369604589139 0.0 1.0 1.0 1 0 0 0.0 1.0 0
cell 22.139867528284423 2.547404220074804 0.0 1.6431676725154984 0.6085806194501846 1 0 0 0.5289131252212614 0.8486759723054955 1.1146387648393434
cell 43.177086094340495 13.495267785091906 0.0 1.6431676725154984 0.6085806194501846 1 0 0 0.8639079006354117 0.5036498180479327 2.085955903903443
cell 40.42682980434497 29.563363626910505 0.0 1.0 1.0 1 0 0 0.0 1.0 0
cell 34.335751172392804 32.04538151546487 0.0 1.6431676725154984 0.6085806194501846 1 0 0 0.9123605391546257 0.40938764831572627 2.2980270773446474
cell 51.11799923734356 38.845334951098046 0.0 1.0 1.0 1 0 0 0.0 1.0 0
cell 13.15219295094439 19.946919471312732 0.0 1.0 1.0 1 0 0 0.0 1.0 0
cell 45.673132768709614 16.362057546284866 0.0 1.0 1.0 1 0 0 0.0 1.0 0
cell 44.03138694427935 25.545281311197193 0.0 1.0 1.0 1 0 0 0.0 1.0 0
cell 2.5169980879051406 32.03781831197792 0.0 1.0 1.0 1 0 0 0.0 1.0 0
cell 7.673972690839646 23.641981784045274 0.0 1.6431676725154984 0.6085806194501846 1 0 0 0.9313849944723022 -0.3640357016445361 3.8867871640665137
cell 38.68888832916301 46.4370232294083 0.0 1.0 1.0 1 0 0 0.0 1.0 0
cell 27.821557172531822 11.61046918815349 0.0 1.6431676725154984 0.6085806194501846 1 0 0 0.18264786328604857 -0.9831783958351815 5.915827411607138
cell 20.079250218629443 5.351985448772415 0.0 1.0 1.0 1 0 0 0.0 1.0 0
cell 44.191544903447614 54.123480116657795 0.0 1.0 1.0 1 0 0 0.0 1.0 0
cell 43.405139540614336 57.04258956247466 0.0 1.6431676725154984 0.6085806194501846 1 0 0 0.704526312307497 0.709677867251332 1.5635109118139445
cell 44.65105224190769 42.917037852036785 0.0 1.0 1.0 1 0 0 0.0 1.0 0
cell 10.373226323943246 7.521769492276848 0.0 1.0 1.0 1 0 0 0.0 1.0 0
cell 49.73706667988109 37.39377258782455 0.0 1.0 1.0 1 0 0 0.0 1.0 0
cell 38.0407746591879 2.442217252399267 0.0 1.0 1.0 1 0 0 0.0 1.0 0
cell 46.93157891195088 39.234161224749734 0.0 1.0 1.0 1 0 0 0.0 1.0 0
cell 22.51280506513469 19.93320411424312 0.0 1.0 1.0 1 0 0 0.0 1.0 0
cell 52.6206848103802 32.965879946575875 0.0 1.0 1.0 1 0 0 0.0 1.0 0
cell 5.313281222653736 34.776476762762655 0.0 1.0 1.0 1 0 0 0.0 1.0 0
cell 23.26118547660055 58.067438424418576 0.0 1.0 1.0 1 0 0 0.0 1.0 0
cell 2.264683964322938 41.182201121244056 0.0 1.0 1.0 1 0 0 0.0 1.0 0
cell 23.760677861021534 53.601247763607354 0.0 1.6431676725154984 0.6085806194501846 1 0 0 0.9872156696962897 0.1593901549848867 2.821446894259554
cell 38.43684851791452 42.93214634899934 0.0 1.6431676725154984 0.6085806194501846 1 0 0 0.017700114913421106 -0.999843340694957 6.247783228645096
cell 43.687656872164105 48.870103167618716 0.0 1.6431676725154984 0.6085806194501846 1 0 0 0.9798042206259335 -0.19995921895128235 3.544225251556939
cell 16.485075161624696 52.39858838183341 0.0 1.6431676725154984 0.6085806194501846 1 0 0 0.7335128645831915 -0.6796755678196477 4.636233143062235
cell 56.053310363694095 26.57165750475811 0.0 1.0 1.0 1 0 0 0.0 1.0 0
cell 8.936068337820105 42.530788123143545 0.0 1.0 1.0 1 0 0 0.0 1.0 0
cell 6.741211853329643 36.14154769269112 0.0 1.0 1.0 1 0 0 0.0 1.0 0
cell 27.162297850126897 50.825914621252224 0.0 1.0 1.0 1 0 0 0.0 1.0 0
cell 30.17115421706883 14.570875084630485 0.0 1.6431676725154984 0.6085806194501846 1 0 0 0.34772467431738285 0.9375966888118099 0.7102864888841534
cell 13.430552466905322 18.417364492466447 0.0 1.0 1.0 1 0 0 0.0 1.0 0
cell 16.063166059881706 24.116183577829563 0.0 1.0 1.0 1 0 0 0.0 1.0 0
cell 23.506348484845535 10.20394834529668 0.0 1.6431676725154984 0.6085806194501846 1 0 0 0.902181554916957 0.4313565137651473 2.249600992987844
cell 28.874151758502567 22.897112358710025 0.0 1.6431676725154984 0.6085806194501846 1 0 0 0.46504113493595356 0.8852890730250093 0.9673621512552391
cell 56.68901207845066 12.838651254258032 0.0 1.0 1.0 1 0 0 0.0 1.0 0
cell 47.20495012720979 32.84391002374704 0.0 1.0 1.0 1 0 0 0.0 1.0 0
cell 25.408042882394522 33.43664159483801 0.0 1.6431676725154984 0.6085806194501846 1 0 0 0.9842263924508848 0.17691356195361835 2.785893335100503
cell 36.08373535405566 4.428011127879542 0.0 1.6431676725154984 0.6085806194501846 1 0 0 0.961291432811682 0.2755336298945439 2.583303101650579
cell 39.99470388439036 20.604811408454047 0.0 1.6431676725154984 0.6085806194501846 1 0 0 0.29427782765579175 0.95571991720911 0.5973995977797262
cell 52.5917883000572 7.022419111224259 0.0 1.0 1.0 1 0 0 0.0 1.0 0
cell 41.809256372947694 8.161102173033408 0.0 1.6431676725154984 0.6085806194501846 1 0 0 0.7788315396770643 0.6272331566524951 1.7856015525252844
cell 31.28623628437017 32.35860451906375 0.0 1.6431676725154984 0.6085806194501846 1 0 0 0.5317310375462102 0.8469132799230573 1.1212863883176154
cell 20.216757358694423 1.6700842005492504 0.0 1.0 1.0 1 0 0 0.0 1.0 0
cell 57.96298633272144 40.51856359914567 0.0 1.0 1.0 1 0 0 0.0 1.0 0
cell 48.655078057440974 27.50624664855683 0.0 1.0 1.0 1 0 0 0.0 1.0 0
cell 24.808333813754302 2.6450652065290248 0.0 1.0 1.0 1 0 0 0.0 1.0 0
cell 34.45173068498568 25.65764521965916 0.0 1.0 1.0 1 0 0 0.0 1.0 0
cell 19.874167099113208 43.03967958448142 0.0 1.0 1.0 1 0 0 0.0 1.0 0
cell 38.039417462985035 9.393676351571752 0.0 1.6431676725154984 0.6085806194501846 1 0 0 0.35603355094439354 0.9344731727566746 0.728039719657925
cell 5.664161802725676 57.059721971655215 0.0 1.0 1.0 1 0 0 0.0 1.0 0
cell 56.15149076731153 8.94143020386766 0.0 1.0 1.0 1 0 0 0.0 1.0 0
cell 47.38280897548912 25.1696899160056 0.0 1.0 1.0 1 0 0 0.0 1.0 0
cell 24.262652374492667 32.032349518144244 0.0 1.6431676725154984 0.6085806194501846 1 0 0 0.9716338059484344 0.2364904800159199 2.6640881015750604
cell 23.08932846653151 7.040856006409268 0.0 1.6431676725154984 0.6085806194501846 1 0 0 0.8805014542485339 0.4740434463909579 2.1538379737238382
cell 42.37150612637164 25.034527755929073 0.0 1.0 1.0 1 0 0 0.0 1.0 0
cell 32.45524953008971 21.376143533142564 0.0 1.0 1.0 1 0 0 0.0 1.0 0
cell 50.619105322789046 27.42966522160759 0.0 1.0 1.0 1 0 0 0.0 1.0 0
cell 44.37711946535018 0.9398225718895554 0.0 1.6431676725154984 0.6085806194501846 1 0 0 0.6270031425103529 0.7790167259322114 1.3554005066002122
cell 26.471466207343532 58.53108991307192 0.0 1.0 1.0 1 0 0 0.0 1.0 0
cell 22.050627787539216 32.304630532987176 0.0 1.0 1.0 1 0 0 0.0 1.0 0
cell 38.7433491500789 4.1673482790076575 0.0 1.0 1.0 1 0 0 0.0 1.0 0
cell 20.5480403191898 29.978455785989052 0.0 1.0 1.0 1 0 0 0.0 1.0 0
cell 34.72588005199292 33.61839909244962 0.0 1.6431676725154984 0.6085806194501846 1 0 0 0.8526083845925004 0.5225504210337667 2.0419135855149593
cell 55.783496324976234 23.313732031806506 0.0 1.6431676725154984 0.6085806194501846 1 0 0 0.9910110035576676 0.13378038282059382 2.873227293280887
cell 20.06966988513445 33.3224614221861 0.0 1.0 1.0 1 0 0 0.0 1.0 0
cell 16.743200075287255 40.18829239911656 0.0 1.0 1.0 1 0 0 0.0 1.0 0
cell 19.824766807587164 54.24156097524189 0.0 1.0 1.0 1 0 0 0.0 1.0 0
cell 30.19344986089088 25.877020088640194 0.0 1.6431676725154984 0.6085806194501846 1 0 0 0.6230488415654215 0.7821829332221372 1.3452690862769756
cell 52.98189855808588 47.17042514387689 0.0 1.6431676725154984 0.6085806194501846 1 0 0 0.9765667008621102 0.21521495944123814 2.7077687695377453
cell 15.269040237494586 56.797930626194756 0.0 1.6431676725154984 0.6085806194501846 1 0 0 0.4620509427261268 -0.8868533849097592 5.322572476462688
cell 50.50819064474119 41.497882706239345 0.0 1.0 1.0 1 0 0 0.0 1.0 0
cell 26.415991815478804 31.753021250680753 0.0 1.6431676725154984 0.6085806194501846 1 0 0 0.9642173058750902 0.2651131589547803 2.6049500960308416
cell 15.926723209038817 29.946681849147232 0.0 1.0 1.0 1 0 0 0.0 1.0 0
cell 16.187873072530653 22.158729141452966 0.0 1.0 1.0 1 0 0 0.0 1.0 0
cell 49.32054764687922 16.23779423647288 0.0 1.0 1.0 1 0 0 0.0 1.0 0
cell 47.47584694123901 50.04836814215264 0.0 1.0 1.0 1 0 0 0.0 1.0 0
cell 21.034669344377754 56.32598427820134 0.0 1.6431676725154984 0.6085806194501846 1 0 0 0.2987696388473394 0.9543252605391048 0.6068062923719083
cell 44.31902718940578 9.320719496034762 0.0 1.6431676725154984 0.6085806194501846 1 0 0 -0.9040365885064168 -0.42745508143158123 2.2582409820839064
cell 54.282910550102336 55.16315229312351 0.0 1.0 1.0 1 0 0 0.0 1.0 0
cell 31.12622561385212 54.0161696960254 0.0 1.0 1.0 1 0 0 0.0 1.0 0
cell 31.06532003814156 49.0106085079236 0.0 1.0 1.0 1 0 0 0.0 1.0 0
cell 44.22675224245062 10.920166445974766 0.0 1.6431676725154984 0.6085806194501846 1 0 0 0.8904140154508955 0.45515149246005165 2.196507965922023
cell 29.020325180841773 21.095074520486257 0.0 1.6431676725154984 0.6085806194501846 1 0 0 0.5848559553041907 0.8111371718428533 1.2494049254888164
cell 53.93359699268955 43.60870545579723 0.0 1.0 1.0 1 0 0 0.0 1.0 0
cell 41.35936826078897 5.292892993538524 0.0 1.0 1.0 1 0 0 0.0 1.0 0
cell 25.93880221823149 40.589976232269734 0.0 1.0 1.0 1 0 0 0.0 1.0 0
cell 32.64612974131314 36.27605797657634 0.0 1.6431676725154984 0.6085806194501846 1 0 0 0.9975071413367367 0.0705655934731052 3.000344076212794
cell 43.726692092510966 21.689455274288875 0.0 1.6431676725154984 0.6085806194501846 1 0 0 0.3187224514404066 0.9478480885394124 0.648762680528698
cell 14.81500863243779 48.98688150617917 0.0 1.6431676725154984 0.6085806194501846 1 0 0 0.4625188588464588 -0.8866094434481112 5.32151710365872
cell 1.0293001041647944 51.02748331162599 0.0 1.0 1.0 1 0 0 0.0 1.0 0
cell 32.09007007962969 6.845995028897279 0.0 1.6431676725154984 0.6085806194501846 1 0 0 0.9940917661945268 -0.10854289651675196 3.3591069907771827
cell 10.148307071560467 5.523371950098662 0.0 1.0 1.0 1 0 0 0.0 1.0 0
cell 35.2122988290746 12.704835683226257 0.0 1.6431676725154984 0.6085806194501846 1 0 0 0.6217517852638189 0.7832143496650543 1.3419547685150806
cell 52.32860602015177 57.7732917259178 0.0 1.0 1.0 1 0 0 0.0 1.0 0
cell 23.586132654744855 8.343174807427127 0.0 1.6431676725154984 0.6085806194501846 1 0 0 0.879988136726453 0.4749956623177788 2.1516744486707062
cell 41.195091899354324 48.005838568769214 0.0 1.6431676725154984 0.6085806194501846 1 0 0 0.960469137319016 0.2783864872037887 2.577365098221992
cell 45.655607319629596 46.0372429718601 0.0 1.6431676725154984 0.6085806194501846 1 0 0 0.9893520080377785 -0.14554244807483305 3.4337151268778032
cell 41.781201805785855 14.99821366537002 0.0 1.6431676725154984 0.6085806194501846 1 0 0 0.7569356072290339 0.6534894693174587 1.7172220328889816
cell 27.49221261648063 33.666935404424905 0.0 1.6431676725154984 0.6085806194501846 1 0 0 -0.9880291044222727 -0.15426758834739646 2.8318204038528627
cell 51.93098613829229 21.378068687317107 0.0 1.0 1.0 1 0 0 0.0 1.0 0
cell 11.000401373214505 40.47079261633394 0.0 1.0 1.0 1 0 0 0.0 1.0 0
cell 18.07339184598263 37.89448324697655 0.0 1.6431676725154984 0.6085806194501846 1 0 0 0.9974932811874981 0.07076124635560566 2.9999517898159307
cell 22.85959041326874 52.47976405767923 0.0 1.0 1.0 1 0 0 0.0 1.0 0
cell 39.95832066910185 57.535836173127166 0.0 1.0 1.0 1 0 0 0.0 1.0 0
cell 51.62045650883767 36.864084618881556 0.0 1.0 1.0 1 0 0 0.0 1.0 0
cell 9.57148766207309 53.965126005722205 0.0 1.6431676725154984 0.6085806194501846 1 0 0 0.8771017628149047 0.48030458843007795 2.1395887609466353
cell 46.79999022052408 34.72256252697945 0.0 1.0 1.0 1 0 0 0.0 1.0 0
cell 13.983661666510024 16.851343012825996 0.0 1.0 1.0 1 0 0 0.0 1.0 0
cell 27.779494818235722 41.07453286694926 0.0 1.0 1.0 1 0 0 0.0 1.0 0
cell 56.39054574531173 10.843988657642715 0.0 1.0 1.0 1 0 0 0.0 1.0 0
cell 27.713313573818176 23.60456646261971 0.0 1.0 1.0 1 0 0 0.0 1.0 0
cell 19.911287491667572 45.984087812317476 0.0 1.6431676725154984 0.6085806194501846 1 0 0 0.7737226075184013 0.6335245272402055 1.7693925561105617
cell 57.35877090288487 35.16997447806466 0.0 1.0 1.0 1 0 0 0.0 1.0 0
cell 56.31536714648293 24.739658762541502 0.0 1.0 1.0 1 0 0 0.0 1.0 0
cell 50.96748104046929 58.86410105138501 0.0 1.0 1.0 1 0 0 0.0 1.0 0
cell 20.568874233543486 31.74362340212875 0.0 1.0 1.0 1 0 0 0.0 1.0 0
cell 5.675813975632281 41.913680198119415 0.0 1.0 1.0 1 0 0 0.0 1.0 0
cell 41.33402278708826 41.872829474739305 0.0 1.6431676725154984 0.6085806194501846 1 0 0 0.1883549635982447 -0.9821010170486048 5.904211588977148
cell 15.462161304976899 42.73305917317924 0.0 1.0 1.0 1 0 0 0.0 1.0 0
cell 34.744315986856336 14.930937710338139 0.0 1.6431676725154984 0.6085806194501846 1 0 0 0.5920400010630074 0.8059085786497835 1.2671756001700953
cell 54.46464305283451 39.666194286857795 0.0 1.0 1.0 1 0 0 0.0 1.0 0
cell 30.97463791915788 55.64735155462192 0.0 1.6431676725154984 0.6085806194501846 1 0 0 0.9816592603717569 -0.1906438997879956 3.5252287232604638
cell 11.28749197708807 29.330313283561384 0.0 1.0 1.0 1 0 0 0.0 1.0 0
cell 51.09909832621075 52.75939338388931 0.0 1.0 1.0 1 0 0 0.0 1.0 0
cell 29.035252031592435 26.982982326050625 0.0 1.0 1.0 1 0 0 0.0 1.0 0
cell 30.910135361977208 10.948046699767026 0.0 1.6431676725154984 0.6085806194501846 1 0 0 0.144728307013909 -0.9894714332151726 5.992708541129553
cell 23.578866903087675 33.31041668742722 0.0 1.6431676725154984 0.6085806194501846 1 0 0 0.9819419727103572 0.1891823517923701 2.7609338640330208
cell 9.90669527357129 47.604872752930206 0.0 1.0 1.0 1 0 0 0.0 1.0 0
cell 14.684629758966098 0.2313677834049285 0.0 1.0 1.0 1 0 0 0.0 1.0 0
cell 16.029145787843586 36.79044736011145 0.0 1.6431676725154984 0.6085806194501846 1 0 0 0.9287645237710938 0.37067028392393886 2.382131431580376
cell 14.232554046834215 45.04055120434752 0.0 1.6431676725154984 0.6085806194501846 1 0 0 0.9995042037257591 -0.03148565918852804 3.2045743810128635
cell 14.351571739598276 43.79042357307787 0.0 1.0 1.0 1 0 0 0.0 1.0 0
cell 47.90996399499571 48.12653748897632 0.0 1.0 1.0 1 0 0 0.0 1.0 0
cell 12.294354889322856 10.389270684525892 0.0 1.0 1.0 1 0 0 0.0 1.0 0
cell 38.36107499110465 54.451792794393626 0.0 1.0 1.0 1 0 0 0.0 1.0 0
cell 28.424880466119873 54.24989829466466 0.0 1.6431676725154984 0.6085806194501846 1 0 0 0.9946961071108401 -0.10285744746269024 3.3476720184658117
cell 14.917475878354173 40.91365872495636 0.0 1.0 1.0 1 0 0 0.0 1.0 0
cell 46.24122829686149 54.15869855446708 0.0 1.0 1.0 1 0 0 0.0 1.0 0
cell 48.46102285220533 21.17721088258027 0.0 1.0 1.0 1 0 0 0.0 1.0 0
cell 36.99870961933705 11.554126682867428 0.0 1.6431676725154984 0.6085806194501846 1 0 0 0.6688412391139561 -0.7434052709394169 4.817887363125295
cell 33.6613814000393 46.52236078724257 0.0 1.6431676725154984 0.6085806194501846 1 0 0 0.9708298433228697 0.23976950455321105 2.6573358075511426
cell 8.357495964485691 46.38298525130388 0.0 1.0 1.0 1 0 0 0.0 1.0 0
cell 58.14467344103244 23.913768669412722 0.0 1.0 1.0 1 0 0 0.0 1.0 0
cell 11.512213729607474 18.904363352283408 0.0 1.0 1.0 1 0 0 0.0 1.0 0
cell 18.01773588552145 21.456560447865467 0.0 1.0 1.0 1 0 0 0.0 1.0 0
cell 26.76242692339552 21.987241658960638 0.0 1.0 1.0 1 0 0 0.0 1.0 0
cell 18.476655658920166 0.6251580138983341 0.0 1.0 1.0 1 0 0 0.0 1.0 0
cell 58.15091304370964 11.772041430738554 0.0 1.0 1.0 1 0 0 0.0 1.0 0
cell 52.28714044483173 42.468352527601574 0.0 1.0 1.0 1 0 0 0.0 1.0 0
cell 1.081151958581651 20.709816916818653 0.0 1.0 1.0 1 0 0 0.0 1.0 0
cell 53.170541572544636 30.981501080850684 0.0 1.0 1.0 1 0 0 0.0 1.0 0
cell 8.898554445904258 10.669433968151676 0.0 1.0 1.0 1 0 0 0.0 1.0 0
cell 42.89967035759654 5.233512900254308 0.0 1.6431676725154984 0.6085806194501846 1 0 0 0.7879291569552654 0.6157659000137671 1.8148773746893487
cell 13.527008204351485 35.503731716448044 0.0 1.0 1.0 1 0 0 0.0 1.0 0
cell 13.696623681681459 7.424595956528629 0.0 1.0 1.0 1 0 0 0.0 1.0 0
cell 19.366985700521912 18.547400952817174 0.0 1.6431676725154984 0.6085806194501846 1 0 0 0.37109687947474046 0.9285941557236455 0.7603799364139313
cell 57.172133643092465 4.275618348579351 0.0 1.0 1.0 1 0 0 0.0 1.0 0
cell 30.786229336250372 12.623177970588987 0.0 1.6431676725154984 0.6085806194501846 1 0 0 0.9716609197129065 -0.23637905385771554 3.6188678504653167
cell 43.8028846937942 31.757967212609117 0.0 1.0 1.0 1 0 0 0.0 1.0 0
cell 41.95519581890082 19.76123792386195 0.0 1.6431676725154984 0.6085806194501846 1 0 0 0.3417176130584446 0.9398026776540058 0.6974878465356595
cell 2.3069482622470887 24.66596609884931 0.0 1.0 1.0 1 0 0 0.0 1.0 0
cell 28.352808266498823 42.843735384051314 0.0 1.0 1.0 1 0 0 0.0 1.0 0
cell 18.489718398357535 6.381553928158673 0.0 1.0 1.0 1 0 0 0.0 1.0 0
cell 57.00057004983495 46.47667537617352 0.0 1.0 1.0 1 0 0 0.0 1.0 0
cell 27.40481737192795 25.99120872499523 0.0 1.0 1.0 1 0 0 0.0 1.0 0
cell 8.785335946356748 16.660304559634902 0.0 1.0 1.0 1 0 0 0.0 1.0 0
cell 16.10280445162589 12.441355319058223 0.0 1.0 1.0 1 0 0 0.0 1.0 0
cell 50.184540539697984 54.323723002448766 0.0 1.6431676725154984 0.6085806194501846 1 0 0 0.8893165479040491 -0.4572921141065359 4.091488452913
cell 6.41418770281368 38.082488381790775 0.0 1.0 1.0 1 0 0 0.0 1.0 0
cell 8.59371631444668 6.61651966727231 0.0 1.0 1.0 1 0 0 0.0 1.0 0
cell 30.341107077707463 45.70041530067337 0.0 1.0 1.0 1 0 0 0.0 1.0 0
cell 21.606682366289103 6.797243952815133 0.0 1.6431676725154984 0.6085806194501846 1 0 0 0.6438722751847726 0.7651329905633297 1.3990969473177053
cell 6.153255099821641 17.418646315138226 0.0 1.0 1.0 1 0 0 0.0 1.0 0
cell 7.823338888839282 20.372798039897834 0.0 1.0 1.0 1 0 0 0.0 1.0 0
cell 16.33598397884597 14.822586717423935 0.0 1.0 1.0 1 0 0 0.0 1.0 0
cell 4.422719101360169 16.480659483307864 0.0 1.0 1.0 1 0 0 0.0 1.0 0
cell 14.547600423425504 28.845686435383914 0.0 1.0 1.0 1 0 0 0.0 1.0 0
cell 0.9621832790862042 23.19246786541618 0.0 1.0 1.0 1 0 0 0.0 1.0 0
cell 4.0377151971542835 12.235154650001022 0.0 1.0 1.0 1 0 0 0.0 1.0 0
cell 31.789194634453086 1.3960250321743375 0.0 1.6431676725154984 0.6085806194501846 1 0 0 0.7980961046716241 -0.6025301716163101 4.434927830739507
cell 25.045961527686227 30.17887559623052 0.0 1.0 1.0 1 0 0 0.0 1.0 0
cell 42.14839556240068 54.37115208389034 0.0 1.0 1.0 1 0 0 0.0 1.0 0
cell 45.060686452284045 38.18148843074711 0.0 1.0 1.0 1 0 0 0.0 1.0 0
cell 21.28127790720926 18.65665133628352 0.0 1.0 1.0 1 0 0 0.0 1.0 0
cell 29.567155491228796 30.84158983870985 0.0 1.0 1.0 1 0 0 0.0 1.0 0
cell 15.606782075546924 10.472121098948998 0.0 1.0 1.0 1 0 0 0.0 1.0 0
cell 20.445870894123555 20.490655428335003 0.0 1.0 1.0 1 0 0 0.0 1.0 0
cell 36.35755203606272 30.79853202936569 0.0 1.6431676725154984 0.6085806194501846 1 0 0 0.9138284492265843 0.40610043755718367 2.3052272241621425
cell 36.74645115877812 53.25101255645723 0.0 1.0 1.0 1 0 0 0.0 1.0 0
cell 48.656142053592525 42.44451160779621 0.0 1.0 1.0 1 0 0 0.0 1.0 0
cell 12.116369687621564 27.569270551566166 0.0 1.0 1.0 1 0 0 0.0 1.0 0
cell 54.10001081559712 3.2571962862290764 0.0 1.6431676725154984 0.6085806194501846 1 0 0 0.963352026664175 0.2682403264276769 2.598460752842888
cell 29.433650418467565 3.9736410294269446 0.0 1.6431676725154984 0.6085806194501846 1 0 0 -0.6188181986627478 0.7855342366846858 4.948710598138804
cell 16.529533377690225 47.29835561141209 0.0 1.6431676725154984 0.6085806194501846 1 0 0 0.6779561516355558 -0.735102344207599 4.793227910700307
cell 8.14869599342219 48.37599016893176 0.0 1.0 1.0 1 0 0 0.0 1.0 0
cell 55.66457473246524 58.32910182678181 0.0 1.0 1.0 1 0 0 0.0 1.0 0
cell 55.68963881986614 5.1864228522161255 0.0 1.0 1.0 1 0 0 0.0 1.0 0
cell 43.727694653397144 18.219432224525033 0.0 1.0 1.0 1 0 0 0.0 1.0 0
cell 33.40405450854125 30.95652076277378 0.0 1.6431676725154984 0.6085806194501846 1 0 0 0.7551828745317216 0.6555141691939282 1.711866106905978
cell 33.6198559415513 37.17117619192322 0.0 1.6431676725154984 0.6085806194501846 1 0 0 0.9986703479920869 0.051551295244291646 3.0384443419274976
cell 44.97924121267914 39.797709066839424 0.0 1.6431676725154984 0.6085806194501846 1 0 0 -0.06535849722020563 -0.997861847572657 0.13081023847959283
cell 25.276083091379796 50.19549014683295 0.0 1.0 1.0 1 0 0 0.0 1.0 0
cell 20.252567374529214 39.80776135027386 0.0 1.0 1.0 1 0 0 0.0 1.0 0
cell 34.61098963188197 38.048551548845985 0.0 1.6431676725154984 0.6085806194501846 1 0 0 0.9954983668728904 0.09477869778282526 2.951750305573724
cell 53.52460081382689 48.45041458904476 0.0 1.0 1.0 1 0 0 0.0 1.0 0
cell 52.18984056794696 10.40714273674715 0.0 1.0 1.0 1 0 0 0.0 1.0 0
cell 22.8797547271694 42.89931140153365 0.0 1.0 1.0 1 0 0 0.0 1.0 0
cell 3.8255266875742624 42.48823868212187 0.0 1.0 1.0 1 0 0 0.0 1.0 0
cell 54.545215842626305 32.42298094518414 0.0 1.0 1.0 1 0 0 0.0 1.0 0
cell 15.308608199179044 53.22735265633314 0.0 1.6431676725154984 0.6085806194501846 1 0 0 0.663397350339583 -0.7482673022138683 4.83248537800738
cell 11.800473974868506 41.96034383008326 0.0 1.0 1.0 1 0 0 0.0 1.0 0
cell 25.152463163749406 44.89806382562709 0.0 1.0 1.0 1 0 0 0.0 1.0 0
cell 6.602335493503274 1.4420241148615174 0.0 1.0 1.0 1 0 0 0.0 1.0 0
cell 51.05157730191551 31.88578992240485 0.0 1.0 1.0 1 0 0 0.0 1.0 0
cell 8.039188437764942 22.259966690819724 0.0 1.0 1.0 1 0 0 0.0 1.0 0
cell 19.924173133778993 41.242504312106625 0.0 1.0 1.0 1 0 0 0.0 1.0 0
cell 3.057957824997602 37.279902193194815 0.0 1.0 1.0 1 0 0 0.0 1.0 0
cell 31.81289981366686 42.590114327896025 0.0 1.0 1.0 1 0 0 0.0 1.0 0
cell 31.33768827801935 46.94990821828618 0.0 1.6431676725154984 0.6085806194501846 1 0 0 0.9345131192943819 0.3559286864902636 2.4137773645859952
cell 53.616516730061164 13.091148998151269 0.0 1.0 1.0 1 0 0 0.0 1.0 0
cell 50.48417863641375 2.7912923473841533 0.0 1.0 1.0 1 0 0 0.0 1.0 0
cell 43.80853259069662 23.840556860831978 0.0 1.0 1.0 1 0 0 0.0 1.0 0
cell 9.558246932910116 51.83323656326248 0.0 1.6431676725154984 0.6085806194501846 1 0 0 0.8138695992298512 0.5810475672863982 1.9015621654585424
cell 4.1560557565201215 14.251344229578406 0.0 1.0 1.0 1 0 0 0.0 1.0 0
cell 55.21806436183041 13.921048605273985 0.0 1.0 1.0 1 0 0 0.0 1.0 0
cell 26.519208306025817 48.99245777038099 0.0 1.0 1.0 1 0 0 0.0 1.0 0
cell 55.12673692146594 15.941174192854938 0.0 1.0 1.0 1 0 0 0.0 1.0 0
cell 7.13303632241138 58.38910776991124 0.0 1.0 1.0 1 0 0 0.0 1.0 0
cell 18.56837032359746 39.73260859624994 0.0 1.0 1.0 1 0 0 0.0 1.0 0
cell 11.853136135723958 39.16889336763875 0.0 1.6431676725154984 0.6085806194501846 1 0 0 0.991448331895821 0.13049982827955708 2.879846448565354
cell 49.81356119491638 47.506200734151506 0.0 1.0 1.0 1 0 0 0.0 1.0 0
cell 43.430947842634154 37.047219260890756 0.0 1.0 1.0 1 0 0 0.0 1.0 0
cell 20.70174910795301 11.301940580218252 0.0 1.0 1.0 1 0 0 0.0 1.0 0
cell 23.361536380580702 35.94482049267901 0.0 1.6431676725154984 0.6085806194501846 1 0 0 0.9928671542868838 0.11922589457943017 2.9025722952859465
cell 11.12439811757759 22.382704937589654 0.0 1.0 1.0 1 0 0 0.0 1.0 0
cell 46.26236993471093 26.76402871586893 0.0 1.6431676725154984 0.6085806194501846 1 0 0 0.9833791163321132 0.1815640756368732 2.7764391940081494
cell 54.11461986727511 6.085207264787332 0.0 1.0 1.0 1 0 0 0.0 1.0 0
cell 56.81895108714161 20.735425533063765 0.0 1.0 1.0 1 0 0 0.0 1.0 0
cell 34.00624301862934 18.30502988085467 0.0 1.0 1.0 1 0 0 0.0 1.0 0
cell 20.799263438843127 15.055014840638227 0.0 1.6431676725154984 0.6085806194501846 1 0 0 0.9687803742140003 0.24792052464001743 2.6405263021550485
cell 4.789774935451764 29.47309133892759 0.0 1.0 1.0 1 0 0 0.0 1.0 0
cell 52.11971947552829 34.907954732384276 0.0 1.0 1.0 1 0 0 0.0 1.0 0
cell 35.01130056968918 10.166409456167646 0.0 1.6431676725154984 0.6085806194501846 1 0 0 0.999935326329449 -0.011372913365461182 3.164338970685436
cell 21.18845894281222 51.3459019438148 0.0 1.0 1.0 1 0 0 0.0 1.0 0
cell 0.8044997282393992 52.99214677082705 0.0 1.0 1.0 1 0 0 0.0 1.0 0
cell 54.06960894447187 34.36258617297669 0.0 1.0 1.0 1 0 0 0.0 1.0 0
cell 2.3455556384659992 11.442364980872279 0.0 1.0 1.0 1 0 0 0.0 1.0 0
cell 19.18602385500814 52.752351051580675 0.0 1.6431676725154984 0.6085806194501846 1 0 0 0.8851423380799909 0.4653203641989968 2.173599629522478
cell 9.606746412541268 23.474651792911093 0.0 1.0 1.0 1 0 0 0.0 1.0 0
cell 40.54901978607416 7.306057544668754 0.0 1.0 1.0 1 0 0 0.0 1.0 0
cell 25.010296267608027 47.77167978792216 0.0 1.6431676725154984 0.6085806194501846 1 0 0 0.9967463480748413 0.08060221832845114 2.9802131546998396
cell 6.181105089114149 21.50387154895139 0.0 1.0 1.0 1 0 0 0.0 1.0 0
cell 43.268060003397274 51.08453901210251 0.0 1.0 1.0 1 0 0 0.0 1.0 0
cell 0.971036657415902 14.652527737403005 0.0 1.0 1.0 1 0 0 0.0 1.0 0
cell 44.5589543887265 35.372203073667734 0.0 1.0 1.0 1 0 0 0.0 1.0 0
cell 34.07492261514946 58.062472800374685 0.0 1.0 1.0 1 0 0 0.0 1.0 0
cell 24.835912512479293 57.72431507185233 0.0 1.0 1.0 1 0 0 0.0 1.0 0
cell 13.448365808612486 33.87212518594699 0.0 1.0 1.0 1 0 0 0.0 1.0 0
cell 4.144255108241545 40.58549259484902 0.0 1.0 1.0 1 0 0 0.0 1.0 0
cell 41.775347624129154 56.4619270398933 0.0 1.0 1.0 1 0 0 0.0 1.0 0
cell 45.75738557181118 6.4552030791884745 0.0 1.6431676725154984 0.6085806194501846 1 0 0 0.87586211900134 0.4825614453087631 2.134438955739217
cell 12.986800094837017 29.03778198074322 0.0 1.0 1.0 1 0 0 0.0 1.0 0
cell 11.938224306990268 6.413300287157869 0.0 1.0 1.0 1 0 0 0.0 1.0 0
cell 44.525708758380475 13.319520438156127 0.0 1.6431676725154984 0.6085806194501846 1 0 0 0.9056412342154768 0.4240447557613087 2.2657789462240756
cell 50.876001940201675 14.18030783879205 0.0 1.0 1.0 1 0 0 0.0 1.0 0
cell 54.81946929052766 51.286108373326066 0.0 1.0 1.0 1 0 0 0.0 1.0 0
cell 46.99106652874293 14.855282766516925 0.0 1.0 1.0 1 0 0 0.0 1.0 0
cell 0.18372150147516547 34.595124706094566 0.0 1.0 1.0 1 0 0 0.0 1.0 0
cell 21.272438711406554 26.7801064216251 0.0 1.0 1.0 1 0 0 0.0 1.0 0
cell 48.571237800637384 3.3557255331973677 0.0 1.0 1.0 1 0 0 0.0 1.0 0
cell 40.35625139861572 31.42909641221536 0.0 1.0 1.0 1 0 0 0.0 1.0 0
cell 8.20590808327122 37.51032370682309 0.0 1.0 1.0 1 0 0 0.0 1.0 0
cell 16.963652844323345 7.395448369607483 0.0 1.0 1.0 1 0 0 0.0 1.0 0
cell 28.149659076287314 0.48342589622009535 0.0 1.0 1.0 1 0 0 0.0 1.0 0
cell 52.78290990815746 24.722890902615365 0.0 1.0 1.0 1 0 0 0.0 1.0 0
cell 8.443186563349153 35.64867704580208 0.0 1.0 1.0 1 0 0 0.0 1.0 0
cell 56.70325488017933 18.81732037921584 0.0 1.0 1.0 1 0 0 0.0 1.0 0
cell 6.013234897815769 39.910186698935256 0.0 1.0 1.0 1 0 0 0.0 1.0 0
cell 48.99095129841325 58.870178658299466 0.0 1.0 1.0 1 0 0 0.0 1.0 0
cell 28.82698362152001 35.59947539780349 0.0 1.6431676725154984 0.6085806194501846 1 0 0 0.9988662968252772 0.04760379256485114 3.0463490730891625
cell 21.922919690021804 54.8847338750693 0.0 1.6431676725154984 0.6085806194501846 1 0 0 0.9972414569685614 0.07422584794544916 2.9930043034366016
cell 55.08969478570221 11.93240572710526 0.0 1.0 1.0 1 0 0 0.0 1.0 0
cell 19.325500892129313 24.2477146593707 0.0 1.0 1.0 1 0 0 0.0 1.0 0
cell 2.7526350064680263 19.603455892572796 0.0 1.0 1.0 1 0 0 0.0 1.0 0
cell 48.46179700306518 5.214365243799377 0.0 1.0 1.0 1 0 0 0.0 1.0 0
cell 15.081582628263364 4.294088014579764 0.0 1.0 1.0 1 0 0 0.0 1.0 0
cell 12.374055630804476 43.85431040679638 0.0 1.0 1.0 1 0 0 0.0 1.0 0
cell 35.67406492653639 35.73244797852918 0.0 1.6431676725154984 0.6085806194501846 1 0 0 0.9659784194094686 0.25862268507457886 2.6184004406411763
cell 41.742469870278214 58.48759125005858 0.0 1.0 1.0 1 0 0 0.0 1.0 0
cell 48.98522516206561 55.63413966218042 0.0 1.0 1.0 1 0 0 0.0 1.0 0
cell 23.244983044588007 1.739981095324016 0.0 1.6431676725154984 0.6085806194501846 1 0 0 0.6402405397589082 0.7681744927093206 1.389622712895577
cell 49.40936693671094 19.489016720887392 0.0 1.0 1.0 1 0 0 0.0 1.0 0
cell 4.313221006486028 53.779877156850795 0.0 1.0 1.0 1 0 0 0.0 1.0 0
cell 29.09364303886258 34.47705640115037 0.0 1.6431676725154984 0.6085806194501846 1 0 0 0.9995549378451124 -0.029831631357563393 3.201264769167727
cell 18.84888259630458 27.850283745885275 0.0 1.0 1.0 1 0 0 0.0 1.0 0
cell 48.58886391741955 11.396688472649512 0.0 1.0 1.0 1 0 0 0.0 1.0 0
cell 14.068736762912158 39.67042454816244 0.0 1.6431676725154984 0.6085806194501846 1 0 0 0.9999774095949663 0.0067216292475099325 3.128149293864307
cell 36.497996822639486 55.12147505172426 0.0 1.0 1.0 1 0 0 0.0 1.0 0
cell 28.62758159897879 49.47953698908207 0.0 1.0 1.0 1 0 0 0.0 1.0 0
cell 5.1602781154461175 27.504431124724917 0.0 1.0 1.0 1 0 0 0.0 1.0 0
cell 21.4633585532476 12.958796644264396 0.0 1.6431676725154984 0.6085806194501846 1 0 0 0.8883035622312747 0.4592567705839815 2.187275986914112
cell 9.525629441575326 21.45069501764323 0.0 1.0 1.0 1 0 0 0.0 1.0 0
cell 56.86656050584807 48.52315981304883 0.0 1.0 1.0 1 0 0 0.0 1.0 0
cell 18.355605114167812 34.0833584710921 0.0 1.0 1.0 1 0 0 0.0 1.0 0
cell 0.41857395147801946 41.84673621240843 0.0 1.0 1.0 1 0 0 0.0 1.0 0
cell 12.925607522229912 40.662699304000306 0.0 1.0 1.0 1 0 0 0.0 1.0 0
cell 3.349657319372079 0.675837328482125 0.0 1.0 1.0 1 0 0 0.0 1.0 0
cell 50.77039041527102 7.404938500282749 0.0 1.0 1.0 1 0 0 0.0 1.0 0
cell 22.69235813706141 25.351152807765967 0.0 1.0 1.0 1 0 0 0.0 1.0 0
cell 2.1085182998073955 7.473043524776414 0.0 1.0 1.0 1 0 0 0.0 1.0 0
cell 21.38389412039571 46.1341357611078 0.0 1.0 1.0 1 0 0 0.0 1.0 0
cell 12.39044659594643 25.9601171880065 0.0 1.0 1.0 1 0 0 0.0 1.0 0
cell 6.179200605729163 19.431225291127596 0.0 1.0 1.0 1 0 0 0.0 1.0 0
cell 57.470885432054025 57.57185642201379 0.0 1.0 1.0 1 0 0 0.0 1.0 0
cell 26.583536893636943 29.853562021341613 0.0 1.0 1.0 1 0 0 0.0 1.0 0
cell 20.335741707742432 28.219109344094573 0.0 1.0 1.0 1 0 0 0.0 1.0 0
cell 14.047952750871575 27.088599035436463 0.0 1.0 1.0 1 0 0 0.0 1.0 0
cell 16.632556420016943 1.3051564491581245 0.0 1.0 1.0 1 0 0 0.0 1.0 0
cell 56.71961798549397 50.54003012137166 0.0 1.0 1.0 1 0 0 0.0 1.0 0
cell 27.38464160989404 28.021917099772804 0.0 1.0 1.0 1 0 0 0.0 1.0 0
cell 14.939387411729296 2.239727054858884 0.0 1.0 1.0 1 0 0 0.0 1.0 0
cell 57.78254437989701 55.64120594687872 0.0 1.0 1.0 1 0 0 0.0 1.0 0
cell 8.742108058533699 8.663917770397774 0.0 1.0 1.0 1 0 0 0.0 1.0 0
cell 19.921208519775238 38.55023217474743 0.0 1.6431676725154984 0.6085806194501846 1 0 0 0.9984316596834016 -0.05598411329875781 3.2536194516942953
cell 52.67682497419148 23.118140223647284 0.0 1.0 1.0 1 0 0 0.0 1.0 0
cell 26.359525821638133 42.518211360689456 0.0 1.0 1.0 1 0 0 0.0 1.0 0
cell 51.26548834182428 26.107621533814704 0.0 1.6431676725154984 0.6085806194501846 1 0 0 0.9939244310258794 0.11006464196044968 2.921016479886958
cell 54.4169543318614 7.993509243471326 0.0 1.0 1.0 1 0 0 0.0 1.0 0
cell 48.369296645027156 40.91472705206231 0.0 1.6431676725154984 0.6085806194501846 1 0 0 0.9855176852522188 0.16957267484800856 2.800800557216553
cell 52.62796089471773 27.267818739441577 0.0 1.0 1.0 1 0 0 0.0 1.0 0
cell 25.863112277211677 20.24511780613059 0.0 1.0 1.0 1 0 0 0.0 1.0 0
cell 55.43402542269546 45.067437711728914 0.0 1.0 1.0 1 0 0 0.0 1.0 0
cell 34.311902953335675 22.06448250654131 0.0 1.0 1.0 1 0 0 0.0 1.0 0
cell 7.912695284504897 39.380956626202234 0.0 1.0 1.0 1 0 0 0.0 1.0 0
cell 5.929170449184531 23.620174395449933 0.0 1.0 1.0 1 0 0 0.0 1.0 0
cell 23.091475467524745 23.3887377133302 0.0 1.0 1.0 1 0 0 0.0 1.0 0
cell 25.918101442606883 18.320348431115264 0.0 1.6431676725154984 0.6085806194501846 1 0 0 0.39970697047809234 0.9166429718004854 0.8223942938906308
cell 25.52963227685413 56.606965526288604 0.0 1.6431676725154984 0.6085806194501846 1 0 0 0.9790512574193355 -0.20361393701222444 3.55168820910788
cell 55.44480155239177 35.749040212931305 0.0 1.0 1.0 1 0 0 0.0 1.0 0
cell 3.743397306351426 8.221871167998785 0.0 1.0 1.0 1 0 0 0.0 1.0 0
cell 29.71900855139665 1.126726288831249 0.0 1.6431676725154984 0.6085806194501846 1 0 0 -0.7425335555910867 0.6698088673802838 4.6094953566349055
cell 35.78175127960854 34.29977310532383 0.0 1.6431676725154984 0.6085806194501846 1 0 0 0.9360343394532106 0.35190867475012844 2.4223737902630096
cell 21.354783618658328 35.860892256323226 0.0 1.6431676725154984 0.6085806194501846 1 0 0 0.9869968363598454 0.16073968089944904 2.81871258738991
cell 56.436556428495166 31.859767499579295 0.0 1.0 1.0 1 0 0 0.0 1.0 0
cell 2.182322902394023 9.450395884501592 0.0 1.0 1.0 1 0 0 0.0 1.0 0
cell 6.417358494704613 49.05946415666084 0.0 1.0 1.0 1 0 0 0.0 1.0 0
cell 7.830447351144115 52.316755509464755 0.0 1.0 1.0 1 0 0 0.0 1.0 0
cell 12.863826650843649 24.386123069665842 0.0 1.0 1.0 1 0 0 0.0 1.0 0
cell 46.98664179003157 55.83789449055578 0.0 1.0 1.0 1 0 0 0.0 1.0 0
cell 50.294331859854346 4.402177971066702 0.0 1.0 1.0 1 0 0 0.0 1.0 0
cell 38.256749511022335 40.431736522694585 0.0 1.6431676725154984 0.6085806194501846 1 0 0 0.03685283416512623 0.9993207035851893 0.0737223621984571
cell 9.578017981071378 19.4961250997112 0.0 1.0 1.0 1 0 0 0.0 1.0 0
cell 9.974096577867517 36.920743190171194 0.0 1.0 1.0 1 0 0 0.0 1.0 0
cell 24.290921841473494 26.55344194695008 0.0 1.0 1.0 1 0 0 0.0 1.0 0
cell 6.313187957551642 51.05070778488329 0.0 1.0 1.0 1 0 0 0.0 1.0 0
