1000
 Lattice="59.08179503018386 0.0 0.0 0.0 59.08179503018386 0.0 0.0 0.0 1.0"Properties=species:S:1:pos:R:3:aspherical_shape:R:3:orientation:R:4:Color:R:1
cell 44.515719308711724 37.13969021295306 0.0 1.0 1.0 1 0 0 0.0 1.0 0
cell 3.7052462114143485 57.76138389079033 0.0 1.0 1.0 1 0 0 0.0 1.0 0
cell 44.524615405513075 13.25526888081957 0.0 1.0 1.0 1 0 0 0.0 1.0 0
cell 52.1573097921014 28.908468096519957 0.0 1.0 1.0 1 0 0 0.0 1.0 0
cell 33.85621866194954 3.975678893483104 0.0 1.0 1.0 1 0 0 0.0 1.0 0
cell 40.99419158737538 52.79926184970087 0.0 1.0 1.0 1 0 0 0.0 1.0 0
cell 35.68938796473271 54.48690315433862 0.0 1.0 1.0 1 0 0 0.0 1.0 0
cell 34.83162607557683 6.852952160790916 0.0 1.0 1.0 1 0 0 0.0 1.0 0
cell 55.93849627856624 3.9920813872752827 0.0 1.0 1.0 1 0 0 0.0 1.0 0
cell 42.518982881330786 12.14919578759034 0.0 1.0 1.0 1 0 0 0.0 1.0 0
cell 11.694903403588352 17.87390212697581 0.0 1.0 1.0 1 0 0 0.0 1.0 0
cell 30.864884638926288 15.761461006093253 0.0 1.0 1.0 1 0 0 0.0 1.0 0
cell 28.912812035493513 15.796524901225856 0.0 1.0 1.0 1 0 0 0.0 1.0 0
cell 30.04947413770905 45.34888479365467 0.0 1.6431676725154984 0.6085806194501846 1 0 0 0.6370966398707925 -0.7707839330612346 4.901734083420976
cell 20.48221893419299 6.840506424005288 0.0 1.0 1.0 1 0 0 0.0 1.0 0
cell 3.4275753084062552 42.48043532832541 0.0 1.0 1.0 1 0 0 0.0 1.0 0
cell 44.72483812252929 53.75459470328758 0.0 1.6431676725154984 0.6085806194501846 1 0 0 0.8356914038399451 -0.5491993058517298 4.304404281773553
cell 11.704551349630895 22.227569694590343 0.0 1.0 1.0 1 0 0 0.0 1.0 0
cell 26.026194877593102 25.58385297025761 0.0 1.0 1.0 1 0 0 0.0 1.0 0
cell 56.56613295315881 54.374685315966914 0.0 1.0 1.0 1 0 0 0.0 1.0 0
cell 41.09175922408086 56.68866397358106 0.0 1.0 1.0 1 0 0 0.0 1.0 0
cell 53.52184352960341 23.97514449634377 0.0 1.0 1.0 1 0 0 0.0 1.0 0
cell 25.2511675854056 16.729859831825653 0.0 1.0 1.0 1 0 0 0.0 1.0 0
cell 0.4358736759408645 20.457999695547237 0.0 1.0 1.0 1 0 0 0.0 1.0 0
cell 44.34745136950896 0.26704446259164405 0.0 1.0 1.0 1 0 0 0.0 1.0 0
cell 50.59039308898511 44.36968287315945 0.0 1.0 1.0 1 0 0 0.0 1.0 0
cell 34.79811496256432 15.145232088578451 0.0 1.0 1.0 1 0 0 0.0 1.0 0
cell 23.771498303262913 22.41738957995183 0.0 1.0 1.0 1 0 0 0.0 1.0 0
cell 3.627429130678268 39.904125032559364 0.0 1.6431676725154984 0.6085806194501846 1 0 0 -0.028738938289179256 -0.9995869514084359 0.057485791604745984
cell 3.4771216560890483 49.18767996132404 0.0 1.0 1.0 1 0 0 0.0 1.0 0
cell 38.48002080299765 42.484385672011975 0.0 1.6431676725154984 0.6085806194501846 1 0 0 0.6167471464232103 -0.7871613286860751 4.953978117391616
cell 38.231397627847116 34.831372577897184 0.0 1.6431676725154984 0.6085806194501846 1 0 0 0.7879694285709634 -0.6157143653006233 4.468177125308611
cell 33.96142235514226 16.693192536503233 0.0 1.0 1.0 1 0 0 0.0 1.0 0
cell 22.41271328929167 23.4474521468837 0.0 1.0 1.0 1 0 0 0.0 1.0 0
cell 45.57252417506747 21.033912775289554 0.0 1.0 1.0 1 0 0 0.0 1.0 0
cell 53.12137565195479 47.41562047787215 0.0 1.0 1.0 1 0 0 0.0 1.0 0
cell 56.49341530617819 40.03341197356059 0.0 1.6431676725154984 0.6085806194501846 1 0 0 0.32038042229453706 0.9472889659498701 0.6522621011689415
cell 37.870879314222286 51.76231079978845 0.0 1.0 1.0 1 0 0 0.0 1.0 0
cell 12.621539539547092 8.847049757304847 0.0 1.6431676725154984 0.6085806194501846 1 0 0 0.5110170588899655 -0.8595705704149308 5.210450122917735
cell 16.575882585200077 14.482359973492763 0.0 1.0 1.0 1 0 0 0.0 1.0 0
cell 26.059248426783807 11.301590022189513 0.0 1.0 1.0 1 0 0 0.0 1.0 0
cell 54.70115015442288 54.708694526495464 0.0 1.0 1.0 1 0 0 0.0 1.0 0
cell 30.93254279093786 14.225884711365714 0.0 1.0 1.0 1 0 0 0.0 1.0 0
cell 2.7095910446313276 44.36499297070329 0.0 1.0 1.0 1 0 0 0.0 1.0 0
cell 57.100617265005816 2.5423861055338106 0.0 1.0 1.0 1 0 0 0.0 1.0 0
cell 54.34834550295977 52.76477434440387 0.0 1.0 1.0 1 0 0 0.0 1.0 0
cell 36.157495092958904 52.75714979767686 0.0 1.0 1.0 1 0 0 0.0 1.0 0
cell 19.77287601004033 48.04439535227295 0.0 1.6431676725154984 0.6085806194501846 1 0 0 0.42541909063525896 0.9049964626025172 0.8788498412370775
cell 41.67573770942086 15.492322935519727 0.0 1.0 1.0 1 0 0 0.0 1.0 0
cell 40.35514510498991 47.59066717609407 0.0 1.6431676725154984 0.6085806194501846 1 0 0 0.7757896879742898 -0.6309915689078216 4.507254032832118
cell 22.200310739911437 54.61463914487491 0.0 1.0 1.0 1 0 0 0.0 1.0 0
cell 25.91560687168952 27.628211823034494 0.0 1.0 1.0 1 0 0 0.0 1.0 0
cell 28.431420688190276 47.46325057154313 0.0 1.0 1.0 1 0 0 0.0 1.0 0
cell 49.05436740984599 10.139933217461682 0.0 1.0 1.0 1 0 0 0.0 1.0 0
cell 15.955728201764483 8.083316922646809 0.0 1.0 1.0 1 0 0 0.0 1.0 0
cell 23.712860075018174 53.43948680764255 0.0 1.0 1.0 1 0 0 0.0 1.0 0
cell 48.20156480488888 32.06685097637215 0.0 1.0 1.0 1 0 0 0.0 1.0 0
cell 34.877445692189816 0.8292483664813834 0.0 1.0 1.0 1 0 0 0.0 1.0 0
cell 54.726643269692104 35.44370767531556 0.0 1.0 1.0 1 0 0 0.0 1.0 0
cell 43.47921974953283 1.9320578504439219 0.0 1.0 1.0 1 0 0 0.0 1.0 0
cell 21.092164851075538 26.477850359778284 0.0 1.0 1.0 1 0 0 0.0 1.0 0
cell 53.205006917606234 31.315093450258487 0.0 1.0 1.0 1 0 0 0.0 1.0 0
cell 2.354714678633516 21.047668645418582 0.0 1.0 1.0 1 0 0 0.0 1.0 0
cell 58.16370801535089 6.375863355396723 0.0 1.0 1.0 1 0 0 0.0 1.0 0
cell 48.1913606383699 14.864477003015415 0.0 1.0 1.0 1 0 0 0.0 1.0 0
cell 28.546744668230268 7.100032855861227 0.0 1.0 1.0 1 0 0 0.0 1.0 0
cell 21.430583256639302 28.54926431991877 0.0 1.0 1.0 1 0 0 0.0 1.0 0
cell 21.209458892441603 32.732227163175736 0.0 1.6431676725154984 0.6085806194501846 1 0 0 0.3660485186315081 -0.9305957672414368 5.53366676448016
cell 8.521020608196666 18.617906832732608 0.0 1.0 1.0 1 0 0 0.0 1.0 0
cell 38.50020907042083 2.029366969632617 0.0 1.6431676725154984 0.6085806194501846 1 0 0 0.6213762189135595 -0.7835123448731922 4.942189394716107
cell 26.448194116835303 52.16409103014133 0.0 1.6431676725154984 0.6085806194501846 1 0 0 0.18627738519352072 0.9824971937697657 0.37474368761640636
cell 20.613892600535003 22.63018495807342 0.0 1.0 1.0 1 0 0 0.0 1.0 0
cell 14.517212557621102 40.621622069735444 0.0 1.6431676725154984 0.6085806194501846 1 0 0 0.47736849090380873 -0.8787032058051343 5.28787030047076
cell 42.84845803488741 0.014422225557151416 0.0 1.0 1.0 1 0 0 0.0 1.0 0
cell 47.48965254254533 43.08442762064622 0.0 1.0 1.0 1 0 0 0.0 1.0 0
cell 38.502991338997 48.040171920795125 0.0 1.0 1.0 1 0 0 0.0 1.0 0
cell 47.080415189498815 33.502939165370485 0.0 1.0 1.0 1 0 0 0.0 1.0 0
cell 47.397885697626116 27.02808795457537 0.0 1.0 1.0 1 0 0 0.0 1.0 0
cell 19.947385471500613 12.360836612495914 0.0 1.0 1.0 1 0 0 0.0 1.0 0
cell 52.757683002918924 10.953478171580219 0.0 1.0 1.0 1 0 0 0.0 1.0 0
cell 29.467704156463466 10.448428944855749 0.0 1.0 1.0 1 0 0 0.0 1.0 0
cell 2.793204908856836 54.23667593454869 0.0 1.0 1.0 1 0 0 0.0 1.0 0
cell 13.008580016445958 14.880915769916903 0.0 1.6431676725154984 0.6085806194501846 1 0 0 0.7114904023396539 -0.7026958142600235 4.699951474481434
cell 2.0085900572669884 50.39512263399803 0.0 1.0 1.0 1 0 0 0.0 1.0 0
cell 42.77906089689181 55.788616604148004 0.0 1.0 1.0 1 0 0 0.0 1.0 0
cell 49.540454176925444 38.04184881005596 0.0 1.0 1.0 1 0 0 0.0 1.0 0
cell 52.7062292108019 35.16889665793076 0.0 1.0 1.0 1 0 0 0.0 1.0 0
cell 46.41116476270781 28.540616558228244 0.0 1.0 1.0 1 0 0 0.0 1.0 0
cell 35.99328316949277 25.772572647537977 0.0 1.0 1.0 1 0 0 0.0 1.0 0
cell 40.666453226970475 27.7402176374474 0.0 1.6431676725154984 0.6085806194501846 1 0 0 0.6928659287119657 -0.7210664357950003 4.75227316348504
cell 11.468638676481662 15.901024126055233 0.0 1.0 1.0 1 0 0 0.0 1.0 0
cell 0.6757587656317612 9.822039619999408 0.0 1.0 1.0 1 0 0 0.0 1.0 0
cell 49.30600286041427 30.507453654841225 0.0 1.0 1.0 1 0 0 0.0 1.0 0
cell 48.521979140302065 49.86152205107201 0.0 1.0 1.0 1 0 0 0.0 1.0 0
cell 45.28362470177755 30.198327437182446 0.0 1.0 1.0 1 0 0 0.0 1.0 0
cell 55.542699530882985 37.346178161597535 0.0 1.0 1.0 1 0 0 0.0 1.0 0
cell 3.175258501150115 47.46514965872783 0.0 1.0 1.0 1 0 0 0.0 1.0 0
cell 2.938806794318262 12.554633813047468 0.0 1.0 1.0 1 0 0 0.0 1.0 0
cell 42.839198649642526 33.198486880541715 0.0 1.0 1.0 1 0 0 0.0 1.0 0
cell 45.599839644957015 1.3855488158172735 0.0 1.0 1.0 1 0 0 0.0 1.0 0
cell 50.28307145714765 17.572041638114673 0.0 1.0 1.0 1 0 0 0.0 1.0 0
cell 51.285011194482166 57.64184103951067 0.0 1.0 1.0 1 0 0 0.0 1.0 0
cell 27.648795875462316 19.77380897471346 0.0 1.0 1.0 1 0 0 0.0 1.0 0
cell 42.83753176584754 52.07154824558783 0.0 1.0 1.0 1 0 0 0.0 1.0 0
cell 10.068993614671816 49.25921203899684 0.0 1.0 1.0 1 0 0 0.0 1.0 0
cell 39.493199365615915 15.140745288266777 0.0 1.6431676725154984 0.6085806194501846 1 0 0 0.15356936646286204 -0.9881378697753644 5.9748263425842385
cell 47.34629733715235 4.848941974794069 0.0 1.0 1.0 1 0 0 0.0 1.0 0
cell 43.71263656753452 31.489848088299816 0.0 1.0 1.0 1 0 0 0.0 1.0 0
cell 17.31813004023378 6.99691491664604 0.0 1.0 1.0 1 0 0 0.0 1.0 0
cell 1.4865614945684946 8.323469888630928 0.0 1.0 1.0 1 0 0 0.0 1.0 0
cell 35.31167161741342 47.95007153217282 0.0 1.0 1.0 1 0 0 0.0 1.0 0
cell 57.0245431577182 46.883983667655436 0.0 1.0 1.0 1 0 0 0.0 1.0 0
cell 16.959959378120317 3.412774353891819 0.0 1.0 1.0 1 0 0 0.0 1.0 0
cell 57.36395322711883 24.898268885225395 0.0 1.0 1.0 1 0 0 0.0 1.0 0
cell 8.854124723524059 10.437614064404675 0.0 1.0 1.0 1 0 0 0.0 1.0 0
cell 49.42456602734738 55.07066684808443 0.0 1.0 1.0 1 0 0 0.0 1.0 0
cell 46.14567514073034 22.958369986244303 0.0 1.0 1.0 1 0 0 0.0 1.0 0
cell 50.833672242997324 1.8252813319757548 0.0 1.0 1.0 1 0 0 0.0 1.0 0
cell 31.792194702163794 6.317731338376394 0.0 1.0 1.0 1 0 0 0.0 1.0 0
cell 37.74436138551645 26.004297433778504 0.0 1.6431676725154984 0.6085806194501846 1 0 0 0.38996601033787814 -0.9208292516971635 5.481995946381643
cell 32.08352226087933 57.95448281613881 0.0 1.0 1.0 1 0 0 0.0 1.0 0
cell 11.640174341325778 38.733687538438524 0.0 1.6431676725154984 0.6085806194501846 1 0 0 0.4253399773861776 -0.9050336477927912 5.404510298943522
cell 40.785393936394726 58.67574709615511 0.0 1.0 1.0 1 0 0 0.0 1.0 0
cell 29.499760766265304 55.59034693886571 0.0 1.0 1.0 1 0 0 0.0 1.0 0
cell 3.217342914479248 55.98294735222642 0.0 1.0 1.0 1 0 0 0.0 1.0 0
cell 18.179599562530484 1.0137502309856228 0.0 1.0 1.0 1 0 0 0.0 1.0 0
cell 19.845853296380152 19.0541517876051 0.0 1.0 1.0 1 0 0 0.0 1.0 0
cell 28.070990727229415 0.5607891750995169 0.0 1.0 1.0 1 0 0 0.0 1.0 0
cell 37.18568030083744 31.26794009853299 0.0 1.0 1.0 1 0 0 0.0 1.0 0
cell 19.270355892197788 35.255832545580766 0.0 1.0 1.0 1 0 0 0.0 1.0 0
cell 2.319299702250154 0.02775897861340086 0.0 1.0 1.0 1 0 0 0.0 1.0 0
cell 9.970261114327858 17.255479391053576 0.0 1.0 1.0 1 0 0 0.0 1.0 0
cell 43.512137375100565 18.497060604894752 0.0 1.0 1.0 1 0 0 0.0 1.0 0
cell 18.754404405503784 5.991725463707853 0.0 1.0 1.0 1 0 0 0.0 1.0 0
cell 6.68042206134802 1.5941971126152341 0.0 1.0 1.0 1 0 0 0.0 1.0 0
cell 34.58572931660128 44.18668915054235 0.0 1.0 1.0 1 0 0 0.0 1.0 0
cell 31.428815721682756 51.16038176826733 0.0 1.0 1.0 1 0 0 0.0 1.0 0
cell 57.697201740688804 4.450839680331596 0.0 1.0 1.0 1 0 0 0.0 1.0 0
cell 26.752533039813983 6.191217144975899 0.0 1.0 1.0 1 0 0 0.0 1.0 0
cell 28.213677702722034 27.592619756712466 0.0 1.6431676725154984 0.6085806194501846 1 0 0 0.5316193715647076 0.8469833786900103 1.121022698131386
cell 18.726037736114414 27.943268522082448 0.0 1.6431676725154984 0.6085806194501846 1 0 0 0.3288967414364314 -0.9443658896172061 5.612915139517828
cell 12.40884364927136 57.330806382968625 0.0 1.0 1.0 1 0 0 0.0 1.0 0
cell 29.838793972694862 5.672704490135892 0.0 1.0 1.0 1 0 0 0.0 1.0 0
cell 32.339197924134936 3.941491722836583 0.0 1.0 1.0 1 0 0 0.0 1.0 0
cell 51.262583431748176 27.092378507878248 0.0 1.0 1.0 1 0 0 0.0 1.0 0
cell 32.91759054508985 18.092016092470363 0.0 1.0 1.0 1 0 0 0.0 1.0 0
cell 2.0716974076639647 14.097993670629359 0.0 1.0 1.0 1 0 0 0.0 1.0 0
cell 7.653205773904679 6.695674641437567 0.0 1.0 1.0 1 0 0 0.0 1.0 0
cell 7.940008771423443 23.621100741361676 0.0 1.0 1.0 1 0 0 0.0 1.0 0
cell 35.07325355911632 34.011202818246645 0.0 1.0 1.0 1 0 0 0.0 1.0 0
cell 0.4793142773676382 28.167717301171987 0.0 1.0 1.0 1 0 0 0.0 1.0 0
cell 37.58122391333517 12.462100692784773 0.0 1.6431676725154984 0.6085806194501846 1 0 0 0.999899410490878 0.014183402271481328 3.1132248978742445
cell 9.524448149417566 46.21027380794723 0.0 1.6431676725154984 0.6085806194501846 1 0 0 0.3370090531593874 0.9415014063126051 0.6874765993213393
cell 1.9028478393830894 31.947941897589523 0.0 1.0 1.0 1 0 0 0.0 1.0 0
cell 25.686866123583645 20.043095389951645 0.0 1.0 1.0 1 0 0 0.0 1.0 0
cell 6.281290634611569 32.465004182439266 0.0 1.6431676725154984 0.6085806194501846 1 0 0 0.030587443038500254 -0.9995320946964967 6.222000877965236
cell 5.8111409641090335 51.73754692906302 0.0 1.0 1.0 1 0 0 0.0 1.0 0
cell 21.74859093919976 52.98789649688878 0.0 1.0 1.0 1 0 0 0.0 1.0 0
cell 29.789768152802903 23.98083964081835 0.0 1.0 1.0 1 0 0 0.0 1.0 0
cell 52.0493943136806 18.193037475789303 0.0 1.0 1.0 1 0 0 0.0 1.0 0
cell 31.964767369680153 11.388699225834985 0.0 1.0 1.0 1 0 0 0.0 1.0 0
cell 37.92867749424271 14.10930484554922 0.0 1.0 1.0 1 0 0 0.0 1.0 0
cell 10.653678085888725 14.091807983511577 0.0 1.0 1.0 1 0 0 0.0 1.0 0
cell 1.3155257915501404 55.52771063189319 0.0 1.0 1.0 1 0 0 0.0 1.0 0
cell 49.042123551542375 47.919175876729575 0.0 1.0 1.0 1 0 0 0.0 1.0 0
cell 25.608408205962434 35.601963871820836 0.0 1.6431676725154984 0.6085806194501846 1 0 0 0.6793297421385946 0.7338331564094869 1.4936977652078103
cell 29.623114930437353 51.693766870851455 0.0 1.0 1.0 1 0 0 0.0 1.0 0
cell 22.788853781119954 18.47942673801892 0.0 1.0 1.0 1 0 0 0.0 1.0 0
cell 35.97857270552969 42.14116562423439 0.0 1.6431676725154984 0.6085806194501846 1 0 0 0.6751962434923638 -0.7376381448744368 4.800723881464629
cell 39.59489042667094 0.7993882597646893 0.0 1.6431676725154984 0.6085806194501846 1 0 0 0.6339475798183224 -0.7733760185333469 4.909891413712307
cell 36.922935091965535 45.201677412985326 0.0 1.6431676725154984 0.6085806194501846 1 0 0 0.9453613267935065 -0.32602448037412934 3.8057830890541653
cell 28.240782438026063 17.794121392981296 0.0 1.0 1.0 1 0 0 0.0 1.0 0
cell 28.879999707772296 21.335909229676243 0.0 1.0 1.0 1 0 0 0.0 1.0 0
cell 1.7675681749732215 46.12867168514578 0.0 1.0 1.0 1 0 0 0.0 1.0 0
cell 46.8982565837091 17.94229186360064 0.0 1.0 1.0 1 0 0 0.0 1.0 0
cell 12.2076715761098 13.074181041845371 0.0 1.6431676725154984 0.6085806194501846 1 0 0 0.6511058015321604 -0.7589869796058184 4.865104363383012
cell 0.39762015819850843 4.829326152162269 0.0 1.0 1.0 1 0 0 0.0 1.0 0
cell 38.625732554790766 9.061578154758852 0.0 1.0 1.0 1 0 0 0.0 1.0 0
cell 27.35677920094617 14.501749429809795 0.0 1.0 1.0 1 0 0 0.0 1.0 0
cell 56.79265477929741 41.75610601026946 0.0 1.6431676725154984 0.6085806194501846 1 0 0 0.9311762935183318 -0.364569212070166 3.887932920535262
cell 32.76430633290512 15.094746034970077 0.0 1.0 1.0 1 0 0 0.0 1.0 0
cell 16.99238900274038 23.638229009726896 0.0 1.0 1.0 1 0 0 0.0 1.0 0
cell 53.82263167408287 18.775102387791843 0.0 1.0 1.0 1 0 0 0.0 1.0 0
cell 5.592854218807369 14.737679509368139 0.0 1.0 1.0 1 0 0 0.0 1.0 0
cell 56.24031542580351 26.214530924466015 0.0 1.0 1.0 1 0 0 0.0 1.0 0
cell 16.95800443006009 10.666614902739806 0.0 1.0 1.0 1 0 0 0.0 1.0 0
cell 21.350219602274553 3.623644058538456 0.0 1.0 1.0 1 0 0 0.0 1.0 0
cell 33.799544111799555 57.05488897142867 0.0 1.0 1.0 1 0 0 0.0 1.0 0
cell 51.299566083365775 55.76769808356502 0.0 1.0 1.0 1 0 0 0.0 1.0 0
cell 35.700857352832294 36.74298039979738 0.0 1.0 1.0 1 0 0 0.0 1.0 0
cell 24.388664676107044 45.346674767821185 0.0 1.6431676725154984 0.6085806194501846 1 0 0 0.5018040309050656 0.8649813376989286 1.0513662934866939
cell 16.24384313575043 43.547842703741956 0.0 1.6431676725154984 0.6085806194501846 1 0 0 0.18538738992714462 -0.9826655156542337 5.910253164635271
cell 7.983375618749033 16.98881535405489 0.0 1.0 1.0 1 0 0 0.0 1.0 0
cell 2.994328179126612 1.8912489122204579 0.0 1.0 1.0 1 0 0 0.0 1.0 0
cell 8.411720049416715 21.851213455197698 0.0 1.0 1.0 1 0 0 0.0 1.0 0
cell 7.370646829154684 57.40649506643231 0.0 1.0 1.0 1 0 0 0.0 1.0 0
cell 17.753550204985093 41.86973746624099 0.0 1.6431676725154984 0.6085806194501846 1 0 0 0.006839053990167718 0.9999766133967932 0.013678214609494234
cell 27.355768351959558 1.881276857649785 0.0 1.0 1.0 1 0 0 0.0 1.0 0
cell 57.9658017828292 10.384627993751113 0.0 1.0 1.0 1 0 0 0.0 1.0 0
cell 58.39510800217008 26.569229061581783 0.0 1.0 1.0 1 0 0 0.0 1.0 0
cell 5.623771821047154 30.831140186329147 0.0 1.6431676725154984 0.6085806194501846 1 0 0 0.9691292937514197 -0.24655306121172885 3.63983645199448
cell 26.465390330955536 18.214603041781565 0.0 1.0 1.0 1 0 0 0.0 1.0 0
cell 5.533493013684426 20.149585414573703 0.0 1.0 1.0 1 0 0 0.0 1.0 0
cell 36.053897658763574 13.719227727398753 0.0 1.0 1.0 1 0 0 0.0 1.0 0
cell 51.55384652193132 8.855750217788916 0.0 1.6431676725154984 0.6085806194501846 1 0 0 0.9469486531652433 -0.3213848911640553 3.795975858817132
cell 6.86903669778164 55.49925962243682 0.0 1.0 1.0 1 0 0 0.0 1.0 0
cell 37.75702978604846 53.6569303416587 0.0 1.0 1.0 1 0 0 0.0 1.0 0
cell 7.483735770525376 43.7805095512282 0.0 1.6431676725154984 0.6085806194501846 1 0 0 0.391223667939668 -0.9202956273088732 5.479263578967532
cell 27.805057597882954 24.792151951747336 0.0 1.6431676725154984 0.6085806194501846 1 0 0 0.9924709302731858 -0.1224804170579008 3.3871701209091043
cell 56.362105609448946 13.971348756260072 0.0 1.0 1.0 1 0 0 0.0 1.0 0
cell 13.280048835373956 21.08557095791099 0.0 1.6431676725154984 0.6085806194501846 1 0 0 0.6875039662440084 -0.7261806224340865 4.767092852781012
cell 52.0754944360422 0.42344568668672233 0.0 1.0 1.0 1 0 0 0.0 1.0 0
cell 13.026108045734462 17.914212730346236 0.0 1.6431676725154984 0.6085806194501846 1 0 0 0.7168131396952737 -0.697265317336381 4.684743304517837
cell 31.892441571110414 47.31713882786738 0.0 1.6431676725154984 0.6085806194501846 1 0 0 0.45705489461202115 0.8894384876489179 0.9493623487055171
cell 43.74572147770816 46.942531587942526 0.0 1.0 1.0 1 0 0 0.0 1.0 0
cell 47.72658775504068 37.29215264421851 0.0 1.0 1.0 1 0 0 0.0 1.0 0
cell 8.487378097011202 49.75582755499221 0.0 1.0 1.0 1 0 0 0.0 1.0 0
cell 20.636833055865335 42.76489854330344 0.0 1.6431676725154984 0.6085806194501846 1 0 0 -0.36855402587284175 -0.9296063306652557 0.7549061416684637
cell 48.48570626526441 16.807439328844982 0.0 1.0 1.0 1 0 0 0.0 1.0 0
cell 55.06243994022743 32.0151184359355 0.0 1.0 1.0 1 0 0 0.0 1.0 0
cell 39.90444079202019 3.4763415819601597 0.0 1.0 1.0 1 0 0 0.0 1.0 0
cell 39.2548839446214 28.356279823360477 0.0 1.0 1.0 1 0 0 0.0 1.0 0
cell 37.97699868322688 20.944724043821633 0.0 1.6431676725154984 0.6085806194501846 1 0 0 0.777991740591673 -0.6282745033591121 4.500259322432636
cell 32.698999734789844 52.63393814899539 0.0 1.0 1.0 1 0 0 0.0 1.0 0
cell 2.611102473346483 15.966340671879552 0.0 1.0 1.0 1 0 0 0.0 1.0 0
cell 5.332494035580865 49.640684583792435 0.0 1.0 1.0 1 0 0 0.0 1.0 0
cell 41.334844442761444 4.87739098473087 0.0 1.0 1.0 1 0 0 0.0 1.0 0
cell 57.243679265296315 38.69227373933323 0.0 1.0 1.0 1 0 0 0.0 1.0 0
cell 33.703247565485114 48.02947218012967 0.0 1.0 1.0 1 0 0 0.0 1.0 0
cell 47.279183226969884 21.36215434638302 0.0 1.0 1.0 1 0 0 0.0 1.0 0
cell 13.716724065105536 56.4536366680084 0.0 1.6431676725154984 0.6085806194501846 1 0 0 0.9354711848726369 -0.3534029743408857 3.8640053076989953
cell 21.303672370546877 58.733599815369104 0.0 1.0 1.0 1 0 0 0.0 1.0 0
cell 23.917115036081853 15.266949275076739 0.0 1.0 1.0 1 0 0 0.0 1.0 0
cell 51.37454780952767 3.632458215187527 0.0 1.0 1.0 1 0 0 0.0 1.0 0
cell 52.508790028532864 52.43341635020525 0.0 1.0 1.0 1 0 0 0.0 1.0 0
cell 42.91518659441692 43.206034918578446 0.0 1.0 1.0 1 0 0 0.0 1.0 0
cell 5.6318802788801055 4.033942673732941 0.0 1.0 1.0 1 0 0 0.0 1.0 0
cell 30.15554119528091 57.830252465149705 0.0 1.6431676725154984 0.6085806194501846 1 0 0 0.36989768573680826 0.9290724956033052 0.7577977862299894
cell 54.290315101574365 20.668044197870266 0.0 1.0 1.0 1 0 0 0.0 1.0 0
cell 9.921737655126185 27.731486344976773 0.0 1.0 1.0 1 0 0 0.0 1.0 0
cell 54.61248147645095 9.296997172600012 0.0 1.0 1.0 1 0 0 0.0 1.0 0
cell 15.89815049133108 5.7441745134821245 0.0 1.0 1.0 1 0 0 0.0 1.0 0
cell 52.36424078893576 25.480598923710208 0.0 1.0 1.0 1 0 0 0.0 1.0 0
cell 23.271986393435512 46.269403168323436 0.0 1.6431676725154984 0.6085806194501846 1 0 0 -0.6594740492810386 -0.7517273297711546 1.4402377794327315
cell 51.422155849456 5.48189290244518 0.0 1.0 1.0 1 0 0 0.0 1.0 0
cell 9.402492529499625 3.3710253560710757 0.0 1.0 1.0 1 0 0 0.0 1.0 0
cell 20.192661552068625 14.213319573754498 0.0 1.0 1.0 1 0 0 0.0 1.0 0
cell 4.364025315143718 16.272150648169667 0.0 1.0 1.0 1 0 0 0.0 1.0 0
cell 37.16006581552301 3.777442815853274 0.0 1.6431676725154984 0.6085806194501846 1 0 0 0.540896512294539 -0.8410891528177044 5.140180029129226
cell 51.7906241095072 45.91574713800864 0.0 1.0 1.0 1 0 0 0.0 1.0 0
cell 3.8481762046986585 31.493091206470154 0.0 1.0 1.0 1 0 0 0.0 1.0 0
cell 44.49067770374295 39.13722864210651 0.0 1.0 1.0 1 0 0 0.0 1.0 0
cell 16.404583364665797 0.2670060336000118 0.0 1.0 1.0 1 0 0 0.0 1.0 0
cell 28.734485798596243 50.46837125564696 0.0 1.0 1.0 1 0 0 0.0 1.0 0
cell 52.736261967027914 2.2925156057729286 0.0 1.0 1.0 1 0 0 0.0 1.0 0
cell 45.134319511506824 15.208099900551431 0.0 1.0 1.0 1 0 0 0.0 1.0 0
cell 57.01721428599072 27.78980025507862 0.0 1.0 1.0 1 0 0 0.0 1.0 0
cell 18.891795444379895 7.984470561141385 0.0 1.0 1.0 1 0 0 0.0 1.0 0
cell 54.44357231862764 43.99957198354993 0.0 1.6431676725154984 0.6085806194501846 1 0 0 0.5777863309883011 0.8161880639430334 1.2320277480552866
cell 3.915241062656908 51.104612691945434 0.0 1.0 1.0 1 0 0 0.0 1.0 0
cell 49.82904984124475 8.7875943660575 0.0 1.0 1.0 1 0 0 0.0 1.0 0
cell 19.336185876171317 25.122298132870057 0.0 1.6431676725154984 0.6085806194501846 1 0 0 0.7486616544684457 -0.6629522811851315 4.591103296819337
cell 12.615008047101835 6.651996212532299 0.0 1.0 1.0 1 0 0 0.0 1.0 0
cell 36.41960166574095 38.86037757846042 0.0 1.6431676725154984 0.6085806194501846 1 0 0 0.6161202399642192 -0.7876521122338421 4.955570449307476
cell 47.346346145375826 0.38405721135417276 0.0 1.0 1.0 1 0 0 0.0 1.0 0
cell 7.780655539284003 8.420647773538414 0.0 1.6431676725154984 0.6085806194501846 1 0 0 0.9540582381718967 -0.2996212245091066 3.750183881968156
cell 51.82984173651502 50.66886086635362 0.0 1.0 1.0 1 0 0 0.0 1.0 0
cell 49.76315911096601 13.614557210014421 0.0 1.0 1.0 1 0 0 0.0 1.0 0
cell 1.3021826751607022 33.81705784138347 0.0 1.0 1.0 1 0 0 0.0 1.0 0
cell 20.755670324253703 24.527907011104283 0.0 1.0 1.0 1 0 0 0.0 1.0 0
cell 30.522539784961168 20.635625158958668 0.0 1.0 1.0 1 0 0 0.0 1.0 0
cell 52.555612248511274 43.98315316996159 0.0 1.0 1.0 1 0 0 0.0 1.0 0
cell 58.931974526752676 2.9472709571024223 0.0 1.0 1.0 1 0 0 0.0 1.0 0
cell 9.160952394556944 35.23398659227122 0.0 1.0 1.0 1 0 0 0.0 1.0 0
cell 25.15518326143203 21.687410652597396 0.0 1.0 1.0 1 0 0 0.0 1.0 0
cell 50.19054273451032 32.28709568861928 0.0 1.0 1.0 1 0 0 0.0 1.0 0
cell 22.99892144306362 0.6930667641588893 0.0 1.0 1.0 1 0 0 0.0 1.0 0
cell 33.73719932154093 11.646687246866046 0.0 1.0 1.0 1 0 0 0.0 1.0 0
cell 49.02483958191608 33.88721886105232 0.0 1.0 1.0 1 0 0 0.0 1.0 0
cell 7.3062001904093306 36.02299284426662 0.0 1.0 1.0 1 0 0 0.0 1.0 0
cell 28.195231011297892 32.759324902094534 0.0 1.6431676725154984 0.6085806194501846 1 0 0 0.854541860864521 0.5193825257266571 2.0493362284354584
cell 9.956782592678413 36.69679488011204 0.0 1.6431676725154984 0.6085806194501846 1 0 0 -0.04791106491016635 0.9988516055246514 6.187326479966633
cell 46.55166055417148 25.381920255520022 0.0 1.0 1.0 1 0 0 0.0 1.0 0
cell 8.846891646642622 12.382615671036529 0.0 1.0 1.0 1 0 0 0.0 1.0 0
cell 16.780530318779697 12.59816801658132 0.0 1.0 1.0 1 0 0 0.0 1.0 0
cell 24.431927164546472 10.32994047378637 0.0 1.0 1.0 1 0 0 0.0 1.0 0
cell 18.01665812777624 58.10589717514434 0.0 1.0 1.0 1 0 0 0.0 1.0 0
cell 12.816532698899094 47.69364665847709 0.0 1.6431676725154984 0.6085806194501846 1 0 0 0.2600420534116037 0.9655972920723611 0.5261315087227715
cell 58.572465088876015 23.422428758352424 0.0 1.0 1.0 1 0 0 0.0 1.0 0
cell 19.022683387146145 17.22293172980069 0.0 1.0 1.0 1 0 0 0.0 1.0 0
cell 16.31636047825871 40.473277835875216 0.0 1.0 1.0 1 0 0 0.0 1.0 0
cell 38.63673145307707 56.086799005476344 0.0 1.6431676725154984 0.6085806194501846 1 0 0 0.45984753775852216 -0.8879978840162991 5.327538309654923
cell 37.44971519005083 36.83332013105782 0.0 1.6431676725154984 0.6085806194501846 1 0 0 0.6770540809067985 -0.7359332656752583 4.7956807965709825
cell 35.811748449678454 20.86774146603599 0.0 1.0 1.0 1 0 0 0.0 1.0 0
cell 4.907383077646893 18.251323911635453 0.0 1.0 1.0 1 0 0 0.0 1.0 0
cell 11.78664781701623 52.78578895323647 0.0 1.0 1.0 1 0 0 0.0 1.0 0
cell 45.50192646557189 52.267394176758366 0.0 1.0 1.0 1 0 0 0.0 1.0 0
cell 29.478547703960604 59.03700379287491 0.0 1.0 1.0 1 0 0 0.0 1.0 0
cell 8.275870145072082 54.11744316510791 0.0 1.0 1.0 1 0 0 0.0 1.0 0
cell 57.98133638971785 29.450898517711906 0.0 1.0 1.0 1 0 0 0.0 1.0 0
cell 39.82350995943245 44.44424349388227 0.0 1.6431676725154984 0.6085806194501846 1 0 0 -0.844322615518304 0.5358351620828277 4.272585828504066
cell 51.75418209165073 16.253120264112432 0.0 1.0 1.0 1 0 0 0.0 1.0 0
cell 14.92267670033857 45.208735070023934 0.0 1.6431676725154984 0.6085806194501846 1 0 0 0.9994806731829983 0.03222396520697934 3.0771335643449134
cell 52.36792213225353 20.149749278274403 0.0 1.0 1.0 1 0 0 0.0 1.0 0
cell 47.59123109923087 52.44368696325496 0.0 1.6431676725154984 0.6085806194501846 1 0 0 -0.3124430810545108 0.949936482666691 5.64765773787608
cell 36.0125537293717 3.307180200100034 0.0 1.0 1.0 1 0 0 0.0 1.0 0
cell 43.0582834952463 23.706525496999767 0.0 1.0 1.0 1 0 0 0.0 1.0 0
cell 18.280822004080925 33.41423456864404 0.0 1.6431676725154984 0.6085806194501846 1 0 0 -0.1361443608458392 -0.990689009230383 0.2731369743547498
cell 28.921961666335932 11.911601952139852 0.0 1.0 1.0 1 0 0 0.0 1.0 0
cell 53.169256763555644 27.30396824075151 0.0 1.0 1.0 1 0 0 0.0 1.0 0
cell 27.735348744526867 54.88211846188997 0.0 1.0 1.0 1 0 0 0.0 1.0 0
cell 13.831755055652101 25.88203332132746 0.0 1.0 1.0 1 0 0 0.0 1.0 0
cell 18.32403297632448 13.508776528674547 0.0 1.0 1.0 1 0 0 0.0 1.0 0
cell 54.601090867440696 11.283406107547085 0.0 1.0 1.0 1 0 0 0.0 1.0 0
cell 1.7690331751073654 19.161055998664025 0.0 1.0 1.0 1 0 0 0.0 1.0 0
cell 48.17485399677506 41.201022435374405 0.0 1.0 1.0 1 0 0 0.0 1.0 0
cell 47.12980247082247 19.73858452537607 0.0 1.0 1.0 1 0 0 0.0 1.0 0
cell 50.3217296501489 41.60235873779039 0.0 1.0 1.0 1 0 0 0.0 1.0 0
cell 25.83603702500439 54.21297623209235 0.0 1.0 1.0 1 0 0 0.0 1.0 0
cell 1.259984965387967 17.261742846726357 0.0 1.0 1.0 1 0 0 0.0 1.0 0
cell 50.6442727397137 52.09854073633805 0.0 1.0 1.0 1 0 0 0.0 1.0 0
cell 56.67417174633999 23.020626235661496 0.0 1.0 1.0 1 0 0 0.0 1.0 0
cell 46.67926883274271 16.014333203252836 0.0 1.0 1.0 1 0 0 0.0 1.0 0
cell 20.244058254735464 54.08820809480806 0.0 1.0 1.0 1 0 0 0.0 1.0 0
cell 24.354476024702212 50.551102341913335 0.0 1.6431676725154984 0.6085806194501846 1 0 0 0.2964473809042607 0.9550491874008397 0.6019413340070865
cell 10.161462546883298 8.94763938064408 0.0 1.0 1.0 1 0 0 0.0 1.0 0
cell 14.425607595292464 27.806569812975773 0.0 1.0 1.0 1 0 0 0.0 1.0 0
cell 24.674769286864564 1.5362957484560424 0.0 1.0 1.0 1 0 0 0.0 1.0 0
cell 22.13963191272322 37.29309780788305 0.0 1.0 1.0 1 0 0 0.0 1.0 0
cell 33.5702125291585 58.911607667356925 0.0 1.0 1.0 1 0 0 0.0 1.0 0
cell 49.19783435713727 53.11810434442756 0.0 1.0 1.0 1 0 0 0.0 1.0 0
cell 16.110849646200407 26.782191640064955 0.0 1.0 1.0 1 0 0 0.0 1.0 0
cell 23.253550313328287 31.873392365310824 0.0 1.6431676725154984 0.6085806194501846 1 0 0 0.9023708623865995 0.4309603539951961 2.250479127110828
cell 43.787773154025736 54.1057952621473 0.0 1.6431676725154984 0.6085806194501846 1 0 0 0.7859536434780572 -0.618285427859631 4.4747112700015945
cell 36.80004099083995 15.437270341017207 0.0 1.0 1.0 1 0 0 0.0 1.0 0
cell 27.06760892073588 16.31285397591005 0.0 1.0 1.0 1 0 0 0.0 1.0 0
cell 20.928228362546367 17.90151712391573 0.0 1.0 1.0 1 0 0 0.0 1.0 0
cell 40.00950799458026 23.559753742535793 0.0 1.6431676725154984 0.6085806194501846 1 0 0 0.596677425458683 -0.8024811835476255 5.004476652885328
cell 58.11310686475578 21.650061231655236 0.0 1.0 1.0 1 0 0 0.0 1.0 0
cell 26.110679304624664 29.86677462897419 0.0 1.6431676725154984 0.6085806194501846 1 0 0 0.8810744558359462 0.47297759278150925 2.156258200915365
cell 13.984879528755389 23.892889762125936 0.0 1.0 1.0 1 0 0 0.0 1.0 0
cell 54.91108418687016 15.34947818614001 0.0 1.0 1.0 1 0 0 0.0 1.0 0
cell 52.98123134526167 12.919753604867811 0.0 1.0 1.0 1 0 0 0.0 1.0 0
cell 5.583473058115979 40.86641155134341 0.0 1.6431676725154984 0.6085806194501846 1 0 0 0.0920100221583846 -0.9957580809726897 6.098904621185002
cell 53.39458045674541 38.83427139022576 0.0 1.0 1.0 1 0 0 0.0 1.0 0
cell 20.903124674488623 39.669840740445764 0.0 1.6431676725154984 0.6085806194501846 1 0 0 0.9703411433119755 0.24173966492077414 2.6532760730823157
cell 16.041399067281095 53.00206278824408 0.0 1.0 1.0 1 0 0 0.0 1.0 0
cell 13.399954258448426 3.2605427823478883 0.0 1.0 1.0 1 0 0 0.0 1.0 0
cell 11.18828581486833 26.13069990807431 0.0 1.0 1.0 1 0 0 0.0 1.0 0
cell 56.660721100209535 15.981167564857902 0.0 1.0 1.0 1 0 0 0.0 1.0 0
cell 12.2520109167238 4.890242974192903 0.0 1.0 1.0 1 0 0 0.0 1.0 0
cell 22.97924243668252 11.717888897221178 0.0 1.0 1.0 1 0 0 0.0 1.0 0
cell 6.574792849076789 46.07260075868199 0.0 1.6431676725154984 0.6085806194501846 1 0 0 0.9765008378837584 -0.21551360423954155 3.5760281801786222
cell 21.308279277288932 1.6314858431746022 0.0 1.0 1.0 1 0 0 0.0 1.0 0
cell 56.728764332333526 7.970686230675733 0.0 1.0 1.0 1 0 0 0.0 1.0 0
cell 41.73851709851993 6.91857548505772 0.0 1.0 1.0 1 0 0 0.0 1.0 0
cell 16.626638802521928 31.932962122749867 0.0 1.6431676725154984 0.6085806194501846 1 0 0 0.9914892986067582 -0.13018821278548504 3.4027102649828174
cell 17.297935393886757 46.28954186162522 0.0 1.6431676725154984 0.6085806194501846 1 0 0 0.4402734405559117 -0.8978637410771526 5.3713789144193465
cell 17.884081881326615 48.09399575801321 0.0 1.0 1.0 1 0 0 0.0 1.0 0
cell 27.837860478585863 3.4411590520195805 0.0 1.0 1.0 1 0 0 0.0 1.0 0
cell 38.86474812845401 39.529369066092116 0.0 1.6431676725154984 0.6085806194501846 1 0 0 0.5874147601495158 -0.8092860431012553 5.027464000402481
cell 2.4974225538897907 30.03266910806017 0.0 1.0 1.0 1 0 0 0.0 1.0 0
cell 58.07486632508998 36.968894571857916 0.0 1.0 1.0 1 0 0 0.0 1.0 0
cell 0.31675075196830893 35.51048505251029 0.0 1.0 1.0 1 0 0 0.0 1.0 0
cell 56.39761020444604 5.967808722236875 0.0 1.0 1.0 1 0 0 0.0 1.0 0
cell 39.51786998590145 35.99141299830758 0.0 1.6431676725154984 0.6085806194501846 1 0 0 0.7196159433801919 -0.6943723021787638 4.6766871845741775
cell 24.31053499776988 47.99954775847984 0.0 1.6431676725154984 0.6085806194501846 1 0 0 0.6801131122005988 0.7331071917617612 1.4958338302182663
cell 24.327107162371817 24.36106844103679 0.0 1.0 1.0 1 0 0 0.0 1.0 0
cell 37.84522715414941 55.749503916067006 0.0 1.6431676725154984 0.6085806194501846 1 0 0 -0.4535960201025677 0.8912074116316083 5.341592880973478
cell 10.644843894066758 56.646291598327586 0.0 1.0 1.0 1 0 0 0.0 1.0 0
cell 48.10060923811645 22.70585787207255 0.0 1.0 1.0 1 0 0 0.0 1.0 0
cell 38.67408899199252 33.10063639183575 0.0 1.6431676725154984 0.6085806194501846 1 0 0 0.8681486458991081 -0.496304270204826 4.180265745085378
cell 43.25430328885177 25.704323230103334 0.0 1.0 1.0 1 0 0 0.0 1.0 0
cell 32.759633997560684 2.28543011671395 0.0 1.0 1.0 1 0 0 0.0 1.0 0
cell 41.19425523680688 42.14854742943037 0.0 1.0 1.0 1 0 0 0.0 1.0 0
cell 41.91646484218428 8.89938000397174 0.0 1.0 1.0 1 0 0 0.0 1.0 0
cell 49.42647648470191 27.082439938256922 0.0 1.0 1.0 1 0 0 0.0 1.0 0
cell 22.79879607551575 10.00606013838484 0.0 1.0 1.0 1 0 0 0.0 1.0 0
cell 38.41760421466914 37.868736452426546 0.0 1.6431676725154984 0.6085806194501846 1 0 0 0.6239538383024817 -0.7814612003596855 4.9356011247331635
cell 44.84761195479083 24.51289192533706 0.0 1.0 1.0 1 0 0 0.0 1.0 0
cell 25.55693599510331 50.25140848825772 0.0 1.6431676725154984 0.6085806194501846 1 0 0 -0.366349466663549 -0.9304773335634422 0.7501653695850283
cell 32.406249289060135 13.157754640939153 0.0 1.0 1.0 1 0 0 0.0 1.0 0
cell 1.8970231274542981 24.582913564208404 0.0 1.0 1.0 1 0 0 0.0 1.0 0
cell 43.747954613630526 20.390270704501333 0.0 1.0 1.0 1 0 0 0.0 1.0 0
cell 56.04962928996833 43.25617626014864 0.0 1.0 1.0 1 0 0 0.0 1.0 0
cell 29.232369149107225 1.9738875772110067 0.0 1.0 1.0 1 0 0 0.0 1.0 0
cell 35.76558602975047 56.45756932793172 0.0 1.0 1.0 1 0 0 0.0 1.0 0
cell 53.204672763685416 6.333821484826991 0.0 1.0 1.0 1 0 0 0.0 1.0 0
cell 0.20614561432541334 24.983533238886597 0.0 1.0 1.0 1 0 0 0.0 1.0 0
cell 18.215490657414435 22.81353478427707 0.0 1.6431676725154984 0.6085806194501846 1 0 0 0.7739765033006196 -0.6332143178565579 4.512991020610372
cell 32.85460155183589 19.49597247523451 0.0 1.6431676725154984 0.6085806194501846 1 0 0 0.9851665670168116 0.17160080195707136 2.796683963925264
cell 39.67224303666852 41.380980552586394 0.0 1.6431676725154984 0.6085806194501846 1 0 0 0.7199293337152755 -0.6940473719107937 4.67578431540397
cell 39.14773754581246 58.309584996364194 0.0 1.6431676725154984 0.6085806194501846 1 0 0 0.5689348960416585 -0.8223825655168446 5.072765047240408
cell 18.831222040338066 55.54625335594771 0.0 1.0 1.0 1 0 0 0.0 1.0 0
cell 28.018081324468813 42.27448670846976 0.0 1.6431676725154984 0.6085806194501846 1 0 0 0.7448169014086617 -0.6672688988526289 4.6026645090787985
cell 18.89427533322755 50.37711922836909 0.0 1.0 1.0 1 0 0 0.0 1.0 0
cell 18.548115912237193 53.38155587287605 0.0 1.0 1.0 1 0 0 0.0 1.0 0
cell 26.06519232625989 23.41689327020032 0.0 1.0 1.0 1 0 0 0.0 1.0 0
cell 42.85087020319893 36.07628081755728 0.0 1.0 1.0 1 0 0 0.0 1.0 0
cell 53.508136885140395 16.792680145826882 0.0 1.0 1.0 1 0 0 0.0 1.0 0
cell 58.46766816007445 16.649989042588434 0.0 1.0 1.0 1 0 0 0.0 1.0 0
cell 31.175488910999118 36.56002443086837 0.0 1.6431676725154984 0.6085806194501846 1 0 0 0.23483460335039014 -0.972035343528858 5.809088487937417
cell 42.163857887986495 41.0411132767694 0.0 1.6431676725154984 0.6085806194501846 1 0 0 0.9401473466798842 -0.3407682005862251 3.8370604200611615
cell 14.893774721709658 51.37811425320334 0.0 1.0 1.0 1 0 0 0.0 1.0 0
cell 46.023526610960424 5.959720859931881 0.0 1.0 1.0 1 0 0 0.0 1.0 0
cell 2.3635538257429967 52.337855789518535 0.0 1.0 1.0 1 0 0 0.0 1.0 0
cell 5.4624241369678765 56.91552240330532 0.0 1.0 1.0 1 0 0 0.0 1.0 0
cell 17.151091204303075 54.58724245103604 0.0 1.0 1.0 1 0 0 0.0 1.0 0
cell 33.093588116718905 50.87489958627963 0.0 1.0 1.0 1 0 0 0.0 1.0 0
cell 2.8757072390880376 6.977035800768803 0.0 1.0 1.0 1 0 0 0.0 1.0 0
cell 3.2332167309148634 26.082680133877634 0.0 1.0 1.0 1 0 0 0.0 1.0 0
cell 9.231140444855564 5.943475259327634 0.0 1.0 1.0 1 0 0 0.0 1.0 0
cell 23.689660238483555 20.286893612437993 0.0 1.0 1.0 1 0 0 0.0 1.0 0
cell 43.35197936175109 29.614374489191494 0.0 1.0 1.0 1 0 0 0.0 1.0 0
cell 17.105823895603493 2.065789290464066 0.0 1.6431676725154984 0.6085806194501846 1 0 0 -0.16686809707403136 -0.9859792280666422 0.3353047409346672
cell 46.07907064184224 3.976733358246785 0.0 1.0 1.0 1 0 0 0.0 1.0 0
cell 8.965029066479563 20.178392897861844 0.0 1.0 1.0 1 0 0 0.0 1.0 0
cell 55.08383843226047 47.08875036278927 0.0 1.0 1.0 1 0 0 0.0 1.0 0
cell 19.83015834622023 57.40895703937056 0.0 1.0 1.0 1 0 0 0.0 1.0 0
cell 5.615838134943305 23.681248293762913 0.0 1.0 1.0 1 0 0 0.0 1.0 0
cell 38.534485996263186 10.996503036008178 0.0 1.0 1.0 1 0 0 0.0 1.0 0
cell 5.977753885085063 7.684702352797994 0.0 1.0 1.0 1 0 0 0.0 1.0 0
cell 26.353922605243863 4.381853281272848 0.0 1.0 1.0 1 0 0 0.0 1.0 0
cell 22.3643008952721 43.119603381075414 0.0 1.6431676725154984 0.6085806194501846 1 0 0 -0.45916506113488775 -0.8883509704125925 0.9541101899581719
cell 7.000937817072673 9.699065753912596 0.0 1.0 1.0 1 0 0 0.0 1.0 0
cell 28.076391361429753 9.039888087918674 0.0 1.0 1.0 1 0 0 0.0 1.0 0
cell 31.984398767902015 16.908869459865926 0.0 1.0 1.0 1 0 0 0.0 1.0 0
cell 46.2094270004053 44.642050073839926 0.0 1.0 1.0 1 0 0 0.0 1.0 0
cell 6.502478463049161 27.13723252776874 0.0 1.0 1.0 1 0 0 0.0 1.0 0
cell 6.920695314210789 13.276711839803971 0.0 1.0 1.0 1 0 0 0.0 1.0 0
cell 5.1376242986558855 47.629734411271926 0.0 1.0 1.0 1 0 0 0.0 1.0 0
cell 16.172174438212558 34.435627452074655 0.0 1.6431676725154984 0.6085806194501846 1 0 0 0.1696144070198856 -0.9855105037143402 5.942308519634288
cell 13.942467013153896 7.807127187042034 0.0 1.6431676725154984 0.6085806194501846 1 0 0 0.7871576846005102 -0.6167517973823536 4.470811660446869
cell 30.55406470768295 47.94177630633004 0.0 1.0 1.0 1 0 0 0.0 1.0 0
cell 39.53571284299048 13.57667616466126 0.0 1.0 1.0 1 0 0 0.0 1.0 0
cell 39.30145538514794 49.71313029897605 0.0 1.6431676725154984 0.6085806194501846 1 0 0 0.6214776060186022 -0.7834319276219135 4.941930579883491
cell 2.3955176470903807 35.38179317425138 0.0 1.0 1.0 1 0 0 0.0 1.0 0
cell 55.25454575909839 58.281079296425276 0.0 1.0 1.0 1 0 0 0.0 1.0 0
cell 18.352981317758964 29.908635598028944 0.0 1.6431676725154984 0.6085806194501846 1 0 0 -0.4799167487803721 0.8773140339924338 5.282065673887248
cell 44.22527137817952 22.307988148159897 0.0 1.0 1.0 1 0 0 0.0 1.0 0
cell 53.23381544768115 14.873710780599598 0.0 1.0 1.0 1 0 0 0.0 1.0 0
cell 24.10161664861398 28.509420835559524 0.0 1.0 1.0 1 0 0 0.0 1.0 0
cell 22.552821819808518 25.16480107694452 0.0 1.0 1.0 1 0 0 0.0 1.0 0
cell 15.35910094657253 22.94855316154974 0.0 1.0 1.0 1 0 0 0.0 1.0 0
cell 4.075212514626914 45.918825371147264 0.0 1.0 1.0 1 0 0 0.0 1.0 0
cell 27.496812380029226 10.586153790582841 0.0 1.0 1.0 1 0 0 0.0 1.0 0
cell 28.777247625699395 38.326778879877025 0.0 1.6431676725154984 0.6085806194501846 1 0 0 0.999790401302508 -0.02047323773539737 3.1825419900764307
cell 42.391682480714685 21.612579790486368 0.0 1.0 1.0 1 0 0 0.0 1.0 0
cell 13.99385892239296 5.184652666208027 0.0 1.0 1.0 1 0 0 0.0 1.0 0
cell 24.583007159238672 12.109379914983082 0.0 1.0 1.0 1 0 0 0.0 1.0 0
cell 44.25485097480073 11.294549487673425 0.0 1.0 1.0 1 0 0 0.0 1.0 0
cell 6.112894138725695 16.635880145894497 0.0 1.0 1.0 1 0 0 0.0 1.0 0
cell 47.06334297980297 2.4143270178388163 0.0 1.0 1.0 1 0 0 0.0 1.0 0
cell 0.378179518382305 40.204161776653294 0.0 1.6431676725154984 0.6085806194501846 1 0 0 -0.04379534859081507 0.9990405234232538 6.19556658550136
cell 56.34534621596137 30.726738743645395 0.0 1.6431676725154984 0.6085806194501846 1 0 0 0.05603223791848748 0.998428960073698 0.1121231986629471
cell 40.65314466467362 25.005073376712428 0.0 1.6431676725154984 0.6085806194501846 1 0 0 0.6065663135670496 -0.7950328969581572 4.979716278191462
cell 4.577595438096988 27.52214446326197 0.0 1.0 1.0 1 0 0 0.0 1.0 0
cell 32.12932742578417 30.918160352769075 0.0 1.6431676725154984 0.6085806194501846 1 0 0 0.935191501246382 0.35414242332222545 2.4175988508356467
cell 55.88648164612013 33.879297321105156 0.0 1.0 1.0 1 0 0 0.0 1.0 0
cell 47.70815105664092 54.256638350073366 0.0 1.0 1.0 1 0 0 0.0 1.0 0
cell 1.3281385750465395 26.507105743098755 0.0 1.0 1.0 1 0 0 0.0 1.0 0
cell 17.84359669138441 39.77833342607916 0.0 1.6431676725154984 0.6085806194501846 1 0 0 0.9273850368077073 -0.37410826441708983 3.9084627108237684
cell 0.34311272927338754 42.37253604500393 0.0 1.6431676725154984 0.6085806194501846 1 0 0 0.98314276984859 -0.18283953099492062 3.509340450286453
cell 42.24570382694808 57.70327383479199 0.0 1.0 1.0 1 0 0 0.0 1.0 0
cell 49.30359156784956 43.128697178377365 0.0 1.0 1.0 1 0 0 0.0 1.0 0
cell 57.08379359427437 17.904644934493025 0.0 1.0 1.0 1 0 0 0.0 1.0 0
cell 23.877029235178746 37.42576496083281 0.0 1.6431676725154984 0.6085806194501846 1 0 0 0.8746312034014341 -0.48478887986066593 4.153836192849551
cell 41.796322474482075 3.01833721349148 0.0 1.0 1.0 1 0 0 0.0 1.0 0
cell 51.697743990025394 7.3178566433179935 0.0 1.0 1.0 1 0 0 0.0 1.0 0
cell 27.74542737687318 53.430525364255026 0.0 1.0 1.0 1 0 0 0.0 1.0 0
cell 55.46437584278711 24.372465891211323 0.0 1.0 1.0 1 0 0 0.0 1.0 0
cell 16.72329958355543 21.719548907343718 0.0 1.0 1.0 1 0 0 0.0 1.0 0
cell 8.734225922617732 32.016892341571975 0.0 1.6431676725154984 0.6085806194501846 1 0 0 0.46229082419968015 0.8867283653187037 0.961153840956905
cell 20.568031055944843 37.79647412267055 0.0 1.6431676725154984 0.6085806194501846 1 0 0 -0.2995027525976305 -0.9540954360997869 0.608342879594046
cell 0.8665633540164192 22.390709496589512 0.0 1.0 1.0 1 0 0 0.0 1.0 0
cell 24.459034001636773 32.43667592819098 0.0 1.6431676725154984 0.6085806194501846 1 0 0 0.947603782745963 0.31944807234594746 2.491298684652065
cell 49.056659615822916 20.815971365448362 0.0 1.0 1.0 1 0 0 0.0 1.0 0
cell 26.15196192944617 57.51351681086167 0.0 1.0 1.0 1 0 0 0.0 1.0 0
cell 50.113821795511264 0.15631237292596767 0.0 1.0 1.0 1 0 0 0.0 1.0 0
cell 22.51764755239836 56.303752176287745 0.0 1.0 1.0 1 0 0 0.0 1.0 0
cell 58.11209727569289 14.627854936644427 0.0 1.0 1.0 1 0 0 0.0 1.0 0
cell 54.66648360364001 5.329500986453252 0.0 1.0 1.0 1 0 0 0.0 1.0 0
cell 24.59032397869891 3.4983942204075764 0.0 1.0 1.0 1 0 0 0.0 1.0 0
cell 10.439915791211575 19.14303998668816 0.0 1.0 1.0 1 0 0 0.0 1.0 0
cell 0.3809566041417255 58.72525322905486 0.0 1.0 1.0 1 0 0 0.0 1.0 0
cell 58.2221406708865 1.0399920147684742 0.0 1.0 1.0 1 0 0 0.0 1.0 0
cell 14.419309275307407 17.220377024362808 0.0 1.0 1.0 1 0 0 0.0 1.0 0
cell 45.73619910307705 49.66548508704688 0.0 1.0 1.0 1 0 0 0.0 1.0 0
cell 0.44955520453396713 11.626603956297227 0.0 1.0 1.0 1 0 0 0.0 1.0 0
cell 23.86270558993207 43.006163733710515 0.0 1.6431676725154984 0.6085806194501846 1 0 0 -0.42147547247436834 -0.9068398017855789 0.8701435094106253
cell 8.367886993017484 29.390230243231457 0.0 1.6431676725154984 0.6085806194501846 1 0 0 0.5889266018867221 0.8081865240092526 1.2594600812767127
cell 58.95742804546584 18.562840426766485 0.0 1.0 1.0 1 0 0 0.0 1.0 0
cell 19.710571128562623 2.2608779791445235 0.0 1.0 1.0 1 0 0 0.0 1.0 0
cell 21.191037245508888 11.149952160744373 0.0 1.0 1.0 1 0 0 0.0 1.0 0
cell 30.85455522157591 39.60750435495599 0.0 1.6431676725154984 0.6085806194501846 1 0 0 0.34734377400964095 -0.9377378645744979 5.573711260644594
cell 6.224012616873702 5.72427557168965 0.0 1.0 1.0 1 0 0 0.0 1.0 0
cell 33.97799976076318 38.77982881657037 0.0 1.6431676725154984 0.6085806194501846 1 0 0 -0.3587488301153527 0.9334341309866839 5.549331000784995
cell 32.2280452128059 49.35910443722011 0.0 1.0 1.0 1 0 0 0.0 1.0 0
cell 34.010192653279965 21.167967142441327 0.0 1.0 1.0 1 0 0 0.0 1.0 0
cell 55.02033692054109 27.715297853893393 0.0 1.0 1.0 1 0 0 0.0 1.0 0
cell 51.40700937239954 38.77252155787451 0.0 1.0 1.0 1 0 0 0.0 1.0 0
cell 45.509193145039404 47.66568229639532 0.0 1.0 1.0 1 0 0 0.0 1.0 0
cell 4.957485993270762 2.2041589624191205 0.0 1.0 1.0 1 0 0 0.0 1.0 0
cell 6.030414777749957 58.83841925950871 0.0 1.0 1.0 1 0 0 0.0 1.0 0
cell 8.020499117146814 33.61626494734363 0.0 1.0 1.0 1 0 0 0.0 1.0 0
cell 57.611624969020234 19.826043540813632 0.0 1.0 1.0 1 0 0 0.0 1.0 0
cell 43.906700661278926 48.92600539372252 0.0 1.0 1.0 1 0 0 0.0 1.0 0
cell 19.99374466594088 28.49008079758717 0.0 1.6431676725154984 0.6085806194501846 1 0 0 0.6017833830837144 -0.7986593515663105 4.991720894836666
cell 9.317078496710742 57.949859308579114 0.0 1.0 1.0 1 0 0 0.0 1.0 0
cell 26.038141891032105 2.6043124054314095 0.0 1.0 1.0 1 0 0 0.0 1.0 0
cell 14.96206736865561 13.39268994969507 0.0 1.0 1.0 1 0 0 0.0 1.0 0
cell 19.706025493877554 0.2518021311910812 0.0 1.0 1.0 1 0 0 0.0 1.0 0
cell 29.034920331357448 13.812741258244143 0.0 1.0 1.0 1 0 0 0.0 1.0 0
cell 46.41245849688404 14.016332982270809 0.0 1.0 1.0 1 0 0 0.0 1.0 0
cell 44.873005433710674 33.07110853203365 0.0 1.0 1.0 1 0 0 0.0 1.0 0
cell 23.66010130293654 13.577383916807419 0.0 1.0 1.0 1 0 0 0.0 1.0 0
cell 5.668152661026526 11.192237105416611 0.0 1.0 1.0 1 0 0 0.0 1.0 0
cell 30.467422475849432 49.883533714364894 0.0 1.0 1.0 1 0 0 0.0 1.0 0
cell 47.15197747183397 57.4790178403973 0.0 1.0 1.0 1 0 0 0.0 1.0 0
cell 22.1194798283752 45.36939905185498 0.0 1.6431676725154984 0.6085806194501846 1 0 0 -0.638181233185946 -0.7698861692544329 1.3842671235008215
cell 49.44756518568567 11.78244971251852 0.0 1.0 1.0 1 0 0 0.0 1.0 0
cell 40.353985399613016 10.064237188383498 0.0 1.0 1.0 1 0 0 0.0 1.0 0
cell 10.30102141001036 21.145166232344717 0.0 1.0 1.0 1 0 0 0.0 1.0 0
cell 11.62939290586027 37.200304796954384 0.0 1.6431676725154984 0.6085806194501846 1 0 0 0.32463498890620446 -0.9458393753581358 5.621933726837944
cell 26.939849139384496 50.17324316446258 0.0 1.6431676725154984 0.6085806194501846 1 0 0 0.37220657651638145 0.9281499148294714 0.7627705661773204
cell 0.5446626166102835 13.37582497979493 0.0 1.0 1.0 1 0 0 0.0 1.0 0
cell 19.25624643345966 9.960386715797094 0.0 1.0 1.0 1 0 0 0.0 1.0 0
cell 4.175359293616202 29.244349635827913 0.0 1.0 1.0 1 0 0 0.0 1.0 0
cell 15.654549848473748 56.45084313479893 0.0 1.6431676725154984 0.6085806194501846 1 0 0 0.9879115511470324 -0.1550186024652021 3.452885220406136
cell 9.414975534903801 24.9511757492238 0.0 1.0 1.0 1 0 0 0.0 1.0 0
cell 25.278149577905364 7.405552727539698 0.0 1.0 1.0 1 0 0 0.0 1.0 0
cell 48.36809534715835 28.734174844470065 0.0 1.0 1.0 1 0 0 0.0 1.0 0
cell 52.04824241949492 32.94014971419429 0.0 1.0 1.0 1 0 0 0.0 1.0 0
cell 0.4604752805508203 51.739198315698275 0.0 1.0 1.0 1 0 0 0.0 1.0 0
cell 6.672636135550846 18.502448506499206 0.0 1.0 1.0 1 0 0 0.0 1.0 0
cell 19.209138611778233 31.074636152655383 0.0 1.6431676725154984 0.6085806194501846 1 0 0 0.9684694580796752 0.24913231176798442 2.638024225345502
cell 11.192767442011608 24.187630298785074 0.0 1.0 1.0 1 0 0 0.0 1.0 0
cell 41.59101057168 34.57875374059746 0.0 1.0 1.0 1 0 0 0.0 1.0 0
cell 24.543546058618777 58.672585943011484 0.0 1.0 1.0 1 0 0 0.0 1.0 0
cell 8.022013245025564 4.756304760142651 0.0 1.0 1.0 1 0 0 0.0 1.0 0
cell 0.6950615857357823 44.41882329832652 0.0 1.0 1.0 1 0 0 0.0 1.0 0
cell 2.1962136682360223 10.744758030772342 0.0 1.0 1.0 1 0 0 0.0 1.0 0
cell 46.93147658855116 51.06361359945638 0.0 1.0 1.0 1 0 0 0.0 1.0 0
cell 55.678427152890265 50.599399367702716 0.0 1.0 1.0 1 0 0 0.0 1.0 0
cell 36.43995031449603 9.327230864258109 0.0 1.6431676725154984 0.6085806194501846 1 0 0 0.8068228808771416 -0.5907933978076514 4.405676349029654
cell 50.59017498509386 19.518657614984004 0.0 1.0 1.0 1 0 0 0.0 1.0 0
cell 41.93342016895629 48.96140291538376 0.0 1.0 1.0 1 0 0 0.0 1.0 0
cell 54.771521239603885 22.512734265433462 0.0 1.0 1.0 1 0 0 0.0 1.0 0
cell 8.73405610067313 14.009347619176896 0.0 1.0 1.0 1 0 0 0.0 1.0 0
cell 41.81783738678099 17.60229036068556 0.0 1.0 1.0 1 0 0 0.0 1.0 0
cell 36.14422828363833 1.6318156531159234 0.0 1.0 1.0 1 0 0 0.0 1.0 0
cell 7.299286800723858 41.83526390341172 0.0 1.0 1.0 1 0 0 0.0 1.0 0
cell 56.1769058699213 21.152639714479506 0.0 1.0 1.0 1 0 0 0.0 1.0 0
cell 48.55380619394177 3.5738705446138024 0.0 1.0 1.0 1 0 0 0.0 1.0 0
cell 44.21670084336608 50.843231988911626 0.0 1.0 1.0 1 0 0 0.0 1.0 0
cell 56.55889555298847 48.81872362427295 0.0 1.0 1.0 1 0 0 0.0 1.0 0
cell 30.42905020980812 7.182194385674335 0.0 1.0 1.0 1 0 0 0.0 1.0 0
cell 32.373910873377454 42.003895939251294 0.0 1.6431676725154984 0.6085806194501846 1 0 0 0.15990909691260569 -0.9871317443606983 5.9619881788510165
cell 26.84247627210876 44.77365381694991 0.0 1.6431676725154984 0.6085806194501846 1 0 0 0.6379617982258672 0.7700680125835756 1.3836971456113967
cell 53.75208048687878 50.84153154979068 0.0 1.0 1.0 1 0 0 0.0 1.0 0
cell 53.19290627310805 56.10336691900139 0.0 1.0 1.0 1 0 0 0.0 1.0 0
cell 6.9667985093961375 48.46885261573132 0.0 1.0 1.0 1 0 0 0.0 1.0 0
cell 25.98980386660492 55.79818642294664 0.0 1.0 1.0 1 0 0 0.0 1.0 0
cell 37.36508128995633 42.219449019015876 0.0 1.6431676725154984 0.6085806194501846 1 0 0 0.5577458487283561 -0.8300117880044149 5.099850291826375
cell 51.505983720452384 14.285451419448997 0.0 1.0 1.0 1 0 0 0.0 1.0 0
cell 13.070164895753383 38.693488409068436 0.0 1.6431676725154984 0.6085806194501846 1 0 0 0.44037388270373873 -0.8978144816343929 5.371155172444973
cell 13.61327743422744 39.866718238587175 0.0 1.6431676725154984 0.6085806194501846 1 0 0 0.4114076284857511 -0.911451459609194 5.43518949504295
cell 54.221577492429425 3.38199348780319 0.0 1.0 1.0 1 0 0 0.0 1.0 0
cell 33.196155493666836 7.630564515441492 0.0 1.0 1.0 1 0 0 0.0 1.0 0
cell 30.106943547764008 29.162910319755035 0.0 1.6431676725154984 0.6085806194501846 1 0 0 0.9849339312726877 0.17293105859772115 2.7939830734079756
cell 54.284416995013025 25.810501081942487 0.0 1.0 1.0 1 0 0 0.0 1.0 0
cell 38.34794127851354 18.098000731012657 0.0 1.6431676725154984 0.6085806194501846 1 0 0 0.9641523434934808 -0.2653493141804386 3.678725065828951
cell 55.67507452579686 19.282914377926883 0.0 1.0 1.0 1 0 0 0.0 1.0 0
cell 21.871044029649884 49.251876070308384 0.0 1.0 1.0 1 0 0 0.0 1.0 0
cell 35.007614169336 10.266130004255828 0.0 1.0 1.0 1 0 0 0.0 1.0 0
cell 19.10267137637437 44.9767823395979 0.0 1.6431676725154984 0.6085806194501846 1 0 0 -0.39126046718751994 -0.9202799828401157 0.8040017015587493
cell 38.60167293706392 7.021569527665299 0.0 1.0 1.0 1 0 0 0.0 1.0 0
cell 41.75477770014337 29.36272318894111 0.0 1.6431676725154984 0.6085806194501846 1 0 0 0.738788131411522 -0.6739377544591724 4.6206445254418504
cell 22.77169877434936 35.02295066390392 0.0 1.6431676725154984 0.6085806194501846 1 0 0 0.904155993191515 0.42720245782985056 2.2587998243281318
cell 31.035556374989245 54.597656672587746 0.0 1.0 1.0 1 0 0 0.0 1.0 0
cell 5.184168972722318 25.649304536410735 0.0 1.0 1.0 1 0 0 0.0 1.0 0
cell 28.185839641146767 5.205041026346545 0.0 1.0 1.0 1 0 0 0.0 1.0 0
cell 22.987842102928465 48.3218001363132 0.0 1.6431676725154984 0.6085806194501846 1 0 0 -0.44387902546185565 -0.8960867205550104 0.9198458121937563
cell 2.3040937495015883 41.1201956405975 0.0 1.6431676725154984 0.6085806194501846 1 0 0 0.04353356847545947 -0.9990519648225474 6.196090645554431
cell 31.099819462448927 4.668100327898056 0.0 1.0 1.0 1 0 0 0.0 1.0 0
cell 4.289540930090528 0.435249304153248 0.0 1.0 1.0 1 0 0 0.0 1.0 0
cell 3.5893604275170987 38.7262252248547 0.0 1.6431676725154984 0.6085806194501846 1 0 0 -0.001618877273066163 -0.9999986896173289 0.0032377559603657957
cell 27.433021750165306 12.595818799641636 0.0 1.0 1.0 1 0 0 0.0 1.0 0
cell 14.640505385634858 15.236380872291603 0.0 1.0 1.0 1 0 0 0.0 1.0 0
cell 41.879256570316315 19.653660808962325 0.0 1.0 1.0 1 0 0 0.0 1.0 0
cell 10.299946559810936 1.0828146056899053 0.0 1.0 1.0 1 0 0 0.0 1.0 0
cell 13.43266784496347 50.34626681122977 0.0 1.6431676725154984 0.6085806194501846 1 0 0 -0.7420271158411842 -0.670369867577902 1.672178391787373
cell 45.062904241703905 17.17515861031973 0.0 1.0 1.0 1 0 0 0.0 1.0 0
cell 52.267099956037605 42.02974700027028 0.0 1.0 1.0 1 0 0 0.0 1.0 0
cell 33.7730529152868 26.104971662387104 0.0 1.6431676725154984 0.6085806194501846 1 0 0 -0.07486756218938843 -0.9971934858049455 0.14987535973777621
cell 33.73309483159795 24.41752789620809 0.0 1.0 1.0 1 0 0 0.0 1.0 0
cell 34.61285559298272 2.8228495035266956 0.0 1.6431676725154984 0.6085806194501846 1 0 0 0.5308555935745164 0.8474622934211574 1.1192196826649492
cell 30.88377127346778 56.58288651825253 0.0 1.0 1.0 1 0 0 0.0 1.0 0
cell 32.36925696581141 43.29034818813377 0.0 1.6431676725154984 0.6085806194501846 1 0 0 -0.21589020020592578 0.976417647042005 5.847978430501907
cell 43.29319060034269 7.826139855323095 0.0 1.0 1.0 1 0 0 0.0 1.0 0
cell 33.35918046754245 5.643390901546674 0.0 1.0 1.0 1 0 0 0.0 1.0 0
cell 41.457581920337326 22.976417428650826 0.0 1.6431676725154984 0.6085806194501846 1 0 0 0.8229108794846045 -0.5681704712723767 4.350154461551059
cell 41.32480518277377 43.985985690721 0.0 1.0 1.0 1 0 0 0.0 1.0 0
cell 56.25901111623899 9.942099135280849 0.0 1.0 1.0 1 0 0 0.0 1.0 0
cell 0.1489505791228181 31.031186074609494 0.0 1.6431676725154984 0.6085806194501846 1 0 0 0.05022252397564211 0.9987380527873743 0.10048732140689637
cell 55.2272426114854 17.323474206163144 0.0 1.0 1.0 1 0 0 0.0 1.0 0
cell 32.11274636304242 45.056277877418886 0.0 1.0 1.0 1 0 0 0.0 1.0 0
cell 43.131117048952206 3.8989046711334887 0.0 1.0 1.0 1 0 0 0.0 1.0 0
cell 53.773070262653334 40.38115876434281 0.0 1.6431676725154984 0.6085806194501846 1 0 0 0.12353476828546085 -0.9923402445858263 6.03548300069826
cell 58.058678952773775 53.016919332698606 0.0 1.0 1.0 1 0 0 0.0 1.0 0
cell 6.194558432788865 29.110466872378836 0.0 1.0 1.0 1 0 0 0.0 1.0 0
cell 41.86783581628457 1.1513786955744034 0.0 1.0 1.0 1 0 0 0.0 1.0 0
cell 50.41630689069717 25.24815330485313 0.0 1.0 1.0 1 0 0 0.0 1.0 0
cell 32.23198297092656 20.982303146051787 0.0 1.0 1.0 1 0 0 0.0 1.0 0
cell 57.62046192000446 51.07496361081353 0.0 1.0 1.0 1 0 0 0.0 1.0 0
cell 44.34168091252691 41.02705650779744 0.0 1.0 1.0 1 0 0 0.0 1.0 0
cell 45.70007225350951 58.38015366517073 0.0 1.0 1.0 1 0 0 0.0 1.0 0
cell 21.858917657232347 5.560496151160813 0.0 1.0 1.0 1 0 0 0.0 1.0 0
cell 58.462501148906746 48.199323803879665 0.0 1.0 1.0 1 0 0 0.0 1.0 0
cell 19.196138521254202 3.8099444238740108 0.0 1.0 1.0 1 0 0 0.0 1.0 0
cell 36.87629377260764 22.463314229466057 0.0 1.0 1.0 1 0 0 0.0 1.0 0
cell 4.409480709706675 7.500603644239723 0.0 1.0 1.0 1 0 0 0.0 1.0 0
cell 10.722752484168037 40.82411440443158 0.0 1.6431676725154984 0.6085806194501846 1 0 0 0.21394187989873317 -0.9768463912127617 5.851968305138164
cell 48.74851507347858 1.5855346908711283 0.0 1.0 1.0 1 0 0 0.0 1.0 0
cell 25.946683446077355 9.285356967327694 0.0 1.0 1.0 1 0 0 0.0 1.0 0
cell 20.741639219600515 35.99236513555157 0.0 1.0 1.0 1 0 0 0.0 1.0 0
cell 8.372182356382526 26.58151516522439 0.0 1.0 1.0 1 0 0 0.0 1.0 0
cell 41.16217322039608 13.564337087151758 0.0 1.0 1.0 1 0 0 0.0 1.0 0
cell 53.253299158012986 8.304003026989207 0.0 1.0 1.0 1 0 0 0.0 1.0 0
cell 24.94557694881423 5.434275692565736 0.0 1.0 1.0 1 0 0 0.0 1.0 0
cell 53.98345616964812 0.7337674766801586 0.0 1.0 1.0 1 0 0 0.0 1.0 0
cell 55.9553885834904 45.26278139604754 0.0 1.0 1.0 1 0 0 0.0 1.0 0
cell 55.092259761925156 56.52947887437497 0.0 1.0 1.0 1 0 0 0.0 1.0 0
cell 47.284449732519946 7.011750403966805 0.0 1.0 1.0 1 0 0 0.0 1.0 0
cell 15.019151538583392 58.43232558161374 0.0 1.6431676725154984 0.6085806194501846 1 0 0 0.30640212805551387 -0.9519021672015735 5.660363195687847
cell 46.08481251125568 38.39738769944204 0.0 1.0 1.0 1 0 0 0.0 1.0 0
cell 39.44577254703011 31.810140852180567 0.0 1.0 1.0 1 0 0 0.0 1.0 0
cell 46.24964966640946 54.687371350195924 0.0 1.6431676725154984 0.6085806194501846 1 0 0 0.8458462244900943 -0.5334268127080349 4.266886166581953
cell 32.721299043833156 0.8502132125445282 0.0 1.6431676725154984 0.6085806194501846 1 0 0 -0.3038430910097574 -0.9527220875185146 0.6174477485442438
cell 36.53183224807378 58.78823508761908 0.0 1.0 1.0 1 0 0 0.0 1.0 0
cell 54.7821190168921 41.737947874813926 0.0 1.0 1.0 1 0 0 0.0 1.0 0
cell 30.937611566880886 22.487024886249827 0.0 1.0 1.0 1 0 0 0.0 1.0 0
cell 3.6869210328287387 19.805063384898528 0.0 1.0 1.0 1 0 0 0.0 1.0 0
cell 12.42857196969787 27.93798524533433 0.0 1.0 1.0 1 0 0 0.0 1.0 0
cell 42.91959499862971 37.92183370861467 0.0 1.0 1.0 1 0 0 0.0 1.0 0
cell 53.90833816167602 33.59102041504915 0.0 1.0 1.0 1 0 0 0.0 1.0 0
cell 48.81454333531083 58.137011629338694 0.0 1.0 1.0 1 0 0 0.0 1.0 0
cell 23.1730217458099 4.55766210560002 0.0 1.0 1.0 1 0 0 0.0 1.0 0
cell 36.122885072212554 50.95196556221497 0.0 1.0 1.0 1 0 0 0.0 1.0 0
cell 10.694340823940616 12.253417431491437 0.0 1.0 1.0 1 0 0 0.0 1.0 0
cell 14.447926083901137 19.214912750013085 0.0 1.0 1.0 1 0 0 0.0 1.0 0
cell 27.85962074036504 56.492737397120294 0.0 1.0 1.0 1 0 0 0.0 1.0 0
cell 45.81757621571838 34.73515368325242 0.0 1.0 1.0 1 0 0 0.0 1.0 0
cell 49.7925934841953 46.200218174075424 0.0 1.0 1.0 1 0 0 0.0 1.0 0
cell 50.94332223302042 10.432087481756394 0.0 1.0 1.0 1 0 0 0.0 1.0 0
cell 8.659859190023253 1.768908912604471 0.0 1.0 1.0 1 0 0 0.0 1.0 0
cell 18.12201835123215 37.36729086155227 0.0 1.6431676725154984 0.6085806194501846 1 0 0 0.39596871904255276 -0.9182639999149481 5.468940192121898
cell 45.91959897435718 10.136451405871698 0.0 1.0 1.0 1 0 0 0.0 1.0 0
cell 12.080396630962131 1.7237946711447907 0.0 1.6431676725154984 0.6085806194501846 1 0 0 0.9944904844238464 0.10482688772649555 2.931552997349102
cell 22.196225099376232 7.530547949180772 0.0 1.0 1.0 1 0 0 0.0 1.0 0
cell 42.38985123084113 10.490280428883073 0.0 1.0 1.0 1 0 0 0.0 1.0 0
cell 39.256032294784475 53.0787443947567 0.0 1.6431676725154984 0.6085806194501846 1 0 0 0.737505693675275 -0.6753409152395192 4.624446371209881
cell 43.053692458334176 5.853307039606158 0.0 1.0 1.0 1 0 0 0.0 1.0 0
cell 0.05961654995856791 49.83239840282239 0.0 1.0 1.0 1 0 0 0.0 1.0 0
cell 4.457020862830308 21.852447445895734 0.0 1.0 1.0 1 0 0 0.0 1.0 0
cell 34.71525096189294 8.613323400795705 0.0 1.0 1.0 1 0 0 0.0 1.0 0
cell 56.65721514502982 35.67679658506403 0.0 1.0 1.0 1 0 0 0.0 1.0 0
cell 10.86513149208284 6.664634941234342 0.0 1.0 1.0 1 0 0 0.0 1.0 0
cell 42.75588367267725 13.80553115099235 0.0 1.0 1.0 1 0 0 0.0 1.0 0
cell 19.867290723776502 32.08411051530242 0.0 1.6431676725154984 0.6085806194501846 1 0 0 0.9788933693313971 0.20437165037995084 2.729949121035895
cell 41.528820460593806 50.87751458731514 0.0 1.0 1.0 1 0 0 0.0 1.0 0
cell 6.97466136258049 50.470781151556615 0.0 1.0 1.0 1 0 0 0.0 1.0 0
cell 29.0257042397377 48.88654601204939 0.0 1.0 1.0 1 0 0 0.0 1.0 0
cell 0.7334010447577111 15.355795565202177 0.0 1.0 1.0 1 0 0 0.0 1.0 0
cell 52.91118676737136 4.406313891843797 0.0 1.0 1.0 1 0 0 0.0 1.0 0
cell 45.04385939960818 26.489719465738094 0.0 1.0 1.0 1 0 0 0.0 1.0 0
cell 8.620264948057143 37.73345203069435 0.0 1.6431676725154984 0.6085806194501846 1 0 0 0.0790348816526002 0.996871851083257 0.15823479173669264
cell 21.753466258781035 13.044002413154644 0.0 1.0 1.0 1 0 0 0.0 1.0 0
cell 52.809812453824094 22.09618980016366 0.0 1.0 1.0 1 0 0 0.0 1.0 0
cell 20.859731525470004 50.27811192058455 0.0 1.6431676725154984 0.6085806194501846 1 0 0 -0.29293864044438994 -0.9561312425261463 0.5945977332401
cell 40.136508141960284 16.569055337161426 0.0 1.0 1.0 1 0 0 0.0 1.0 0
cell 48.743751357589844 18.779493025553432 0.0 1.0 1.0 1 0 0 0.0 1.0 0
cell 10.462679032350843 4.824076104940978 0.0 1.0 1.0 1 0 0 0.0 1.0 0
cell 43.584855842681186 15.073839948019721 0.0 1.0 1.0 1 0 0 0.0 1.0 0
cell 27.77719081983389 51.80561288375521 0.0 1.6431676725154984 0.6085806194501846 1 0 0 0.2581201070133766 0.9661128352089123 0.5221517278293648
cell 11.205605324867895 35.34046305099415 0.0 1.0 1.0 1 0 0 0.0 1.0 0
cell 9.847031430956761 23.00162712680549 0.0 1.0 1.0 1 0 0 0.0 1.0 0
cell 50.939324255128895 21.54459801427955 0.0 1.0 1.0 1 0 0 0.0 1.0 0
cell 50.39852855479899 49.22014878743769 0.0 1.0 1.0 1 0 0 0.0 1.0 0
cell 11.875230255719785 55.13100064730572 0.0 1.0 1.0 1 0 0 0.0 1.0 0
cell 34.83205448640924 41.46480068548972 0.0 1.6431676725154984 0.6085806194501846 1 0 0 0.5066598346603506 -0.8621460502385581 5.2205730778226105
cell 1.791585122024674 57.330467155087334 0.0 1.0 1.0 1 0 0 0.0 1.0 0
cell 23.569305189358847 6.488462865177288 0.0 1.0 1.0 1 0 0 0.0 1.0 0
cell 48.67645255582982 56.45802037182655 0.0 1.6431676725154984 0.6085806194501846 1 0 0 0.9910506621884012 -0.13348627261232293 3.4093644698910732
cell 3.5067471024887436 37.06085505498225 0.0 1.0 1.0 1 0 0 0.0 1.0 0
cell 17.503415787776557 9.018759307109026 0.0 1.0 1.0 1 0 0 0.0 1.0 0
cell 7.959958746074513 0.14045379886726833 0.0 1.0 1.0 1 0 0 0.0 1.0 0
cell 27.788674888003914 30.864174261602518 0.0 1.6431676725154984 0.6085806194501846 1 0 0 0.7841465395916208 0.6205757040414058 1.8026393150829485
cell 49.93023396401093 50.82193656297783 0.0 1.6431676725154984 0.6085806194501846 1 0 0 0.32336149179754725 -0.946275512534518 5.624625945845377
cell 57.001394840699696 56.34204293295465 0.0 1.0 1.0 1 0 0 0.0 1.0 0
cell 34.00533043652787 35.472556044939424 0.0 1.6431676725154984 0.6085806194501846 1 0 0 0.7923548486496916 -0.6100604837401978 4.453866499269695
cell 17.86637102351041 35.46296728268075 0.0 1.6431676725154984 0.6085806194501846 1 0 0 0.5653183553393866 -0.8248728126907633 5.081547012536913
cell 39.348369207502586 5.178745370453981 0.0 1.0 1.0 1 0 0 0.0 1.0 0
cell 24.329068210107398 26.38075930731616 0.0 1.0 1.0 1 0 0 0.0 1.0 0
cell 44.4528070791259 43.40282862466823 0.0 1.6431676725154984 0.6085806194501846 1 0 0 0.8026171474849488 -0.5964945218215536 4.419845501201554
cell 11.231748970647113 31.605473703057818 0.0 1.6431676725154984 0.6085806194501846 1 0 0 0.8185573658353604 -0.5744247895387836 4.36539517794894
cell 25.769196744958734 13.274430377376781 0.0 1.0 1.0 1 0 0 0.0 1.0 0
cell 35.35312605871035 32.05609379473586 0.0 1.0 1.0 1 0 0 0.0 1.0 0
cell 44.560666556666135 4.971059306515253 0.0 1.0 1.0 1 0 0 0.0 1.0 0
cell 29.36147222065892 19.3121599350395 0.0 1.0 1.0 1 0 0 0.0 1.0 0
cell 51.60572829982356 23.613277846877484 0.0 1.0 1.0 1 0 0 0.0 1.0 0
cell 48.309952952954355 44.86858434208842 0.0 1.0 1.0 1 0 0 0.0 1.0 0
cell 37.832339787155554 49.90113673350522 0.0 1.0 1.0 1 0 0 0.0 1.0 0
cell 3.809858403915673 14.399560335955872 0.0 1.0 1.0 1 0 0 0.0 1.0 0
cell 34.47727961578737 51.792877370742254 0.0 1.0 1.0 1 0 0 0.0 1.0 0
cell 52.873760076636515 54.25958639854467 0.0 1.0 1.0 1 0 0 0.0 1.0 0
cell 9.895027960517067 31.371355638654233 0.0 1.6431676725154984 0.6085806194501846 1 0 0 0.5813537100986941 0.813650947123202 1.2407829033542013
cell 18.910286371247643 21.633871848488422 0.0 1.6431676725154984 0.6085806194501846 1 0 0 0.8159946120492929 -0.578059506544546 4.374289874634132
cell 3.820640173817608 24.2130109670953 0.0 1.0 1.0 1 0 0 0.0 1.0 0
cell 2.755864389667455 22.825767833364914 0.0 1.0 1.0 1 0 0 0.0 1.0 0
cell 0.8895859222842092 53.63911034453191 0.0 1.0 1.0 1 0 0 0.0 1.0 0
cell 16.12403834777362 18.169567797423323 0.0 1.0 1.0 1 0 0 0.0 1.0 0
cell 53.47982042521086 37.0108842280351 0.0 1.0 1.0 1 0 0 0.0 1.0 0
cell 23.53716236186004 51.16606512320227 0.0 1.6431676725154984 0.6085806194501846 1 0 0 -0.275758213992775 -0.9612270321914147 0.5587568225559556
cell 35.24944421864923 38.95788242598789 0.0 1.6431676725154984 0.6085806194501846 1 0 0 0.5005043441142657 -0.8657340246997046 5.234822827201978
cell 6.196266886075357 34.321259100950705 0.0 1.0 1.0 1 0 0 0.0 1.0 0
cell 20.806565969188203 47.37242318683702 0.0 1.6431676725154984 0.6085806194501846 1 0 0 -0.3490126793467003 -0.9371180019908044 0.7130346506881438
cell 42.34608292690089 53.99324796914911 0.0 1.0 1.0 1 0 0 0.0 1.0 0
cell 49.561609706825806 36.07283529110611 0.0 1.0 1.0 1 0 0 0.0 1.0 0
cell 40.32981492524208 33.40638018446181 0.0 1.6431676725154984 0.6085806194501846 1 0 0 0.6767696710327725 -0.7361948195757647 4.796453582236406
cell 18.470696163291596 11.526863718446387 0.0 1.0 1.0 1 0 0 0.0 1.0 0
cell 17.423439396157566 4.961183073567608 0.0 1.0 1.0 1 0 0 0.0 1.0 0
cell 22.835512996344004 27.08811113123991 0.0 1.6431676725154984 0.6085806194501846 1 0 0 0.6515861220495411 -0.7585746670911443 4.863838331120304
cell 24.58689453789062 18.55797426773451 0.0 1.0 1.0 1 0 0 0.0 1.0 0
cell 4.686862572464622 44.170979104046005 0.0 1.0 1.0 1 0 0 0.0 1.0 0
cell 22.095830823938808 21.473558205013443 0.0 1.0 1.0 1 0 0 0.0 1.0 0
cell 36.920276096279665 47.137956719928475 0.0 1.0 1.0 1 0 0 0.0 1.0 0
cell 33.20265342523838 46.34960353364315 0.0 1.0 1.0 1 0 0 0.0 1.0 0
cell 34.591670099013 19.686892811349292 0.0 1.6431676725154984 0.6085806194501846 1 0 0 0.9755384371287121 0.2198289282248123 2.698314442305531
cell 17.446737110101317 16.37798849161149 0.0 1.6431676725154984 0.6085806194501846 1 0 0 0.6909826272814164 -0.7228713639336333 4.757490286723945
cell 36.89715073634203 33.244439757814064 0.0 1.0 1.0 1 0 0 0.0 1.0 0
cell 3.1860647306686123 9.062998130164612 0.0 1.0 1.0 1 0 0 0.0 1.0 0
cell 15.2721245440967 11.586359326661595 0.0 1.0 1.0 1 0 0 0.0 1.0 0
cell 2.3430446436556083 5.185970075261859 0.0 1.0 1.0 1 0 0 0.0 1.0 0
cell 35.14233502263522 30.203068986695293 0.0 1.6431676725154984 0.6085806194501846 1 0 0 0.3043939148272181 -0.952546242770481 5.664581136112893
cell 10.82899731908365 10.4743219808959 0.0 1.0 1.0 1 0 0 0.0 1.0 0
cell 11.59542492723015 8.17751851736515 0.0 1.0 1.0 1 0 0 0.0 1.0 0
cell 29.910055621824615 32.112837996840156 0.0 1.6431676725154984 0.6085806194501846 1 0 0 0.8800348781814782 0.4749090578038187 2.1518712745375423
cell 16.051364765757334 37.986948655608614 0.0 1.6431676725154984 0.6085806194501846 1 0 0 0.3730815975823014 -0.9277985349985404 5.518528867499331
cell 25.605791639580836 14.97412133194549 0.0 1.0 1.0 1 0 0 0.0 1.0 0
cell 14.991296314051333 36.94472370157309 0.0 1.6431676725154984 0.6085806194501846 1 0 0 0.578030865531521 -0.8160149009012523 5.05055828428739
cell 12.64182074360825 24.141219861224567 0.0 1.6431676725154984 0.6085806194501846 1 0 0 0.679742650863188 -0.7334506995003046 4.788361900980006
cell 55.99778615712977 29.302299565462086 0.0 1.0 1.0 1 0 0 0.0 1.0 0
cell 11.418730058720033 3.198500897669705 0.0 1.0 1.0 1 0 0 0.0 1.0 0
cell 18.609483061877174 15.309026828390383 0.0 1.0 1.0 1 0 0 0.0 1.0 0
cell 33.34636623747036 37.01328387238906 0.0 1.6431676725154984 0.6085806194501846 1 0 0 0.5629047194144975 0.8265217945468141 1.1957920015867463
cell 54.746402803564685 13.282135222596448 0.0 1.0 1.0 1 0 0 0.0 1.0 0
cell 39.49845864939251 21.1883512685424 0.0 1.6431676725154984 0.6085806194501846 1 0 0 0.8922051321311226 -0.45163038228056135 4.07877637013883
cell 16.028944870651557 16.34226731042226 0.0 1.0 1.0 1 0 0 0.0 1.0 0
cell 34.33961385110353 53.48060898829091 0.0 1.0 1.0 1 0 0 0.0 1.0 0
cell 33.130846580504254 9.748201331497464 0.0 1.0 1.0 1 0 0 0.0 1.0 0
cell 9.825362633665039 52.8994947130256 0.0 1.0 1.0 1 0 0 0.0 1.0 0
cell 32.98217245589561 40.651535256548605 0.0 1.6431676725154984 0.6085806194501846 1 0 0 0.06586695813212178 -0.9978284140203773 6.151355950832458
cell 1.3887664650922356 48.318379220734464 0.0 1.0 1.0 1 0 0 0.0 1.0 0
cell 48.884760304727116 7.499661539910914 0.0 1.0 1.0 1 0 0 0.0 1.0 0
cell 6.974911551637158 25.1558901519062 0.0 1.0 1.0 1 0 0 0.0 1.0 0
cell 38.151319827560194 4.573253680491475 0.0 1.6431676725154984 0.6085806194501846 1 0 0 0.5671518274698142 -0.823613261547949 5.077098151480544
cell 23.022787118169585 2.5883628480397647 0.0 1.0 1.0 1 0 0 0.0 1.0 0
cell 54.939974712242815 7.2997994373329105 0.0 1.0 1.0 1 0 0 0.0 1.0 0
cell 55.277724519070574 2.1108837696585554 0.0 1.0 1.0 1 0 0 0.0 1.0 0
cell 48.2007981734344 24.179927439271818 0.0 1.6431676725154984 0.6085806194501846 1 0 0 -0.057078387138378754 -0.998369699921668 0.114218851359702
cell 26.93676231156394 7.894662705384658 0.0 1.0 1.0 1 0 0 0.0 1.0 0
cell 21.735673929189833 19.701031886407726 0.0 1.0 1.0 1 0 0 0.0 1.0 0
cell 3.6891239739808244 3.7060137005088705 0.0 1.0 1.0 1 0 0 0.0 1.0 0
cell 35.67084779876382 24.0505392715836 0.0 1.0 1.0 1 0 0 0.0 1.0 0
cell 39.03304565882193 26.227739110138305 0.0 1.6431676725154984 0.6085806194501846 1 0 0 0.48546061304635524 -0.8742585390950762 5.269405403136312
cell 58.58225697882289 8.33129754570226 0.0 1.0 1.0 1 0 0 0.0 1.0 0
cell 41.33388018197372 38.46000140558458 0.0 1.0 1.0 1 0 0 0.0 1.0 0
cell 45.29694439242428 19.136590054415233 0.0 1.0 1.0 1 0 0 0.0 1.0 0
cell 9.203373795258406 7.685631702231077 0.0 1.0 1.0 1 0 0 0.0 1.0 0
cell 13.748468579670698 52.61761391059835 0.0 1.6431676725154984 0.6085806194501846 1 0 0 0.9422911908927353 -0.33479443180248775 3.824366781227306
cell 17.501924434382882 19.603314898677667 0.0 1.6431676725154984 0.6085806194501846 1 0 0 0.7854535617004686 -0.6189205945935617 4.476328079946837
cell 51.010220314388974 53.8623879545701 0.0 1.0 1.0 1 0 0 0.0 1.0 0
cell 16.974445354191076 49.84358422430712 0.0 1.0 1.0 1 0 0 0.0 1.0 0
cell 6.365388724218879 39.5375330613045 0.0 1.6431676725154984 0.6085806194501846 1 0 0 -0.06994949870552716 -0.9975505338732698 0.14001333539748373
cell 30.38412458338878 33.47595558148635 0.0 1.6431676725154984 0.6085806194501846 1 0 0 0.9396352810841733 0.3421776417913169 2.443125729832571
cell 13.941899766078858 10.26710708910425 0.0 1.6431676725154984 0.6085806194501846 1 0 0 -0.770498160508794 0.6374422206385177 4.523940743050992
cell 34.84620796772025 22.622692771039524 0.0 1.0 1.0 1 0 0 0.0 1.0 0
cell 22.46267738954541 51.87144614186188 0.0 1.6431676725154984 0.6085806194501846 1 0 0 -0.16643229244419175 -0.9860528850075796 0.3344207702937112
cell 3.9606451342933022 10.910856658437112 0.0 1.0 1.0 1 0 0 0.0 1.0 0
cell 37.642217689542406 1.073142517871128 0.0 1.6431676725154984 0.6085806194501846 1 0 0 0.5568254427513933 -0.8306295361379312 5.102067280815714
cell 7.473853270004082 15.200155622956697 0.0 1.0 1.0 1 0 0 0.0 1.0 0
cell 20.181577410591782 5.095148668215 0.0 1.0 1.0 1 0 0 0.0 1.0 0
cell 22.08491230967617 14.85378479988028 0.0 1.0 1.0 1 0 0 0.0 1.0 0
cell 48.67037958857252 5.58533868016138 0.0 1.0 1.0 1 0 0 0.0 1.0 0
cell 36.83905663025486 19.478850363369876 0.0 1.6431676725154984 0.6085806194501846 1 0 0 0.7562172179491597 -0.6543206547842068 4.568160502143119
cell 46.09405924406635 12.093530400250032 0.0 1.0 1.0 1 0 0 0.0 1.0 0
cell 40.80187746279262 54.75038010280218 0.0 1.0 1.0 1 0 0 0.0 1.0 0
cell 20.411543552506156 15.958595923260368 0.0 1.0 1.0 1 0 0 0.0 1.0 0
cell 31.717845461016452 8.352670560473626 0.0 1.0 1.0 1 0 0 0.0 1.0 0
cell 57.86729638451824 12.669902727080483 0.0 1.0 1.0 1 0 0 0.0 1.0 0
cell 40.40214748974854 18.330964109440526 0.0 1.0 1.0 1 0 0 0.0 1.0 0
cell 8.801272962556595 47.74263964479497 0.0 1.0 1.0 1 0 0 0.0 1.0 0
cell 38.217955044693106 57.83915970303768 0.0 1.6431676725154984 0.6085806194501846 1 0 0 0.4657470771943042 -0.8849178832439555 5.314227992786099
cell 33.44684369383888 32.772439195526246 0.0 1.6431676725154984 0.6085806194501846 1 0 0 0.5290563246931704 -0.8485867105382658 5.168209058995993
cell 44.7844902815683 3.0184124923393774 0.0 1.0 1.0 1 0 0 0.0 1.0 0
cell 50.03294558428549 15.57818823931876 0.0 1.0 1.0 1 0 0 0.0 1.0 0
cell 26.256867038192652 0.3164061110531336 0.0 1.0 1.0 1 0 0 0.0 1.0 0
cell 46.02859019875082 36.44587714254063 0.0 1.0 1.0 1 0 0 0.0 1.0 0
cell 47.119181085472974 46.4344777397903 0.0 1.0 1.0 1 0 0 0.0 1.0 0
cell 21.68668290817929 9.238043147321035 0.0 1.6431676725154984 0.6085806194501846 1 0 0 0.31748428643033266 -0.9482635329220578 5.6370346349737535
cell 41.76604212758644 46.387758304824814 0.0 1.6431676725154984 0.6085806194501846 1 0 0 0.850853935958087 -0.5254023026830313 4.247968386334953
cell 6.420174911869906 21.98485240286158 0.0 1.0 1.0 1 0 0 0.0 1.0 0
cell 4.942287382945645 12.828296971599814 0.0 1.0 1.0 1 0 0 0.0 1.0 0
cell 54.034186759041866 29.484067116427667 0.0 1.0 1.0 1 0 0 0.0 1.0 0
cell 47.74310358308599 35.37294358236347 0.0 1.0 1.0 1 0 0 0.0 1.0 0
cell 12.008388593453356 20.11424191557802 0.0 1.0 1.0 1 0 0 0.0 1.0 0
cell 30.523977617871658 12.466986245861282 0.0 1.0 1.0 1 0 0 0.0 1.0 0
cell 36.5169236137401 6.262131905701907 0.0 1.6431676725154984 0.6085806194501846 1 0 0 0.5516700447985373 -0.8340624447078168 5.1144548733090724
cell 5.42204340842702 42.486571244729525 0.0 1.0 1.0 1 0 0 0.0 1.0 0
cell 37.28356262611845 7.616812479276363 0.0 1.6431676725154984 0.6085806194501846 1 0 0 0.698840952919193 -0.7152770949240541 4.735633718631984
cell 27.789209740117464 58.09316686921526 0.0 1.0 1.0 1 0 0 0.0 1.0 0
cell 47.91247786077375 39.241516012427795 0.0 1.0 1.0 1 0 0 0.0 1.0 0
cell 16.475816900870438 28.467267891063994 0.0 1.6431676725154984 0.6085806194501846 1 0 0 0.292329427408663 -0.9563176804132208 5.689861778981646
cell 15.422984692005617 9.659200241441757 0.0 1.0 1.0 1 0 0 0.0 1.0 0
cell 32.72753697936047 54.3234359628221 0.0 1.0 1.0 1 0 0 0.0 1.0 0
cell 45.823618879489274 42.3732776211119 0.0 1.0 1.0 1 0 0 0.0 1.0 0
cell 12.591568008801328 10.522869111476648 0.0 1.6431676725154984 0.6085806194501846 1 0 0 0.5034297343672743 -0.8640361697029214 5.228058026944814
cell 20.753812690671996 55.97141360648487 0.0 1.0 1.0 1 0 0 0.0 1.0 0
cell 42.92830612050925 27.677643047606917 0.0 1.0 1.0 1 0 0 0.0 1.0 0
cell 13.80478548371218 36.3181943961264 0.0 1.6431676725154984 0.6085806194501846 1 0 0 0.41792700086451906 -0.9084806117625122 5.420860730589452
cell 37.24008747340344 39.99316931365213 0.0 1.6431676725154984 0.6085806194501846 1 0 0 0.6168211114182778 -0.7871033709168832 4.953790182046228
cell 49.74131476167591 39.92644654857084 0.0 1.0 1.0 1 0 0 0.0 1.0 0
cell 40.343708197659986 20.24262117570147 0.0 1.6431676725154984 0.6085806194501846 1 0 0 0.8985656064023302 -0.4388392085842064 4.050205529902561
cell 9.273230693440913 38.95084652170877 0.0 1.6431676725154984 0.6085806194501846 1 0 0 0.08190307016341854 -0.9966402997560384 6.1191954734572604
cell 30.108297765329684 26.647090251714502 0.0 1.6431676725154984 0.6085806194501846 1 0 0 0.9988903145665146 -0.047097127993218496 3.2358217670469807
cell 5.450641824806063 36.65707745248834 0.0 1.0 1.0 1 0 0 0.0 1.0 0
cell 19.278481576282875 43.423006205145825 0.0 1.6431676725154984 0.6085806194501846 1 0 0 -0.21225024518166324 -0.9772153464924319 0.4277541958018123
cell 40.19728786972959 8.185213596226104 0.0 1.0 1.0 1 0 0 0.0 1.0 0
cell 43.272611879432446 16.640672306598944 0.0 1.0 1.0 1 0 0 0.0 1.0 0
cell 35.132115014612275 58.038944734053935 0.0 1.0 1.0 1 0 0 0.0 1.0 0
cell 12.581485150908549 45.88461607122825 0.0 1.0 1.0 1 0 0 0.0 1.0 0
cell 17.48200543836341 51.735393033022056 0.0 1.0 1.0 1 0 0 0.0 1.0 0
cell 42.797784054645845 39.80048975577781 0.0 1.0 1.0 1 0 0 0.0 1.0 0
cell 15.371253696389536 46.91924631323985 0.0 1.6431676725154984 0.6085806194501846 1 0 0 0.3944292272808144 -0.9189263216747356 5.472292030814526
cell 47.56348302610585 8.999803706416857 0.0 1.0 1.0 1 0 0 0.0 1.0 0
cell 15.288785001736155 3.8497153304525584 0.0 1.0 1.0 1 0 0 0.0 1.0 0
cell 11.142058342326743 48.01276102089645 0.0 1.6431676725154984 0.6085806194501846 1 0 0 0.9656362811370676 -0.2598972345981663 3.667424211410354
cell 0.8293251057531481 29.785605412657485 0.0 1.0 1.0 1 0 0 0.0 1.0 0
cell 0.14959556770057525 38.62150612926843 0.0 1.0 1.0 1 0 0 0.0 1.0 0
cell 23.564025814709847 16.86640736574545 0.0 1.0 1.0 1 0 0 0.0 1.0 0
cell 6.332802878628038 53.57981869382479 0.0 1.0 1.0 1 0 0 0.0 1.0 0
cell 31.24649148266397 18.77981822796248 0.0 1.0 1.0 1 0 0 0.0 1.0 0
cell 50.88714997624754 34.58506562846319 0.0 1.0 1.0 1 0 0 0.0 1.0 0
cell 3.1411666371822555 17.8964043103764 0.0 1.0 1.0 1 0 0 0.0 1.0 0
cell 30.86243464139758 0.9618914115417853 0.0 1.0 1.0 1 0 0 0.0 1.0 0
cell 21.558517736332146 34.095138831129916 0.0 1.6431676725154984 0.6085806194501846 1 0 0 0.9749379025741993 0.22247715865728995 2.692883504741646
cell 15.32375503394729 55.18879897946977 0.0 1.6431676725154984 0.6085806194501846 1 0 0 -0.010065045936413587 -0.9999493461422423 0.020130431768651036
cell 35.722547096782215 11.75895058838377 0.0 1.0 1.0 1 0 0 0.0 1.0 0
cell 29.359433285487754 53.68449771092338 0.0 1.0 1.0 1 0 0 0.0 1.0 0
cell 0.939881812113455 6.631760182883035 0.0 1.0 1.0 1 0 0 0.0 1.0 0
cell 10.540363651033628 51.193347343382776 0.0 1.0 1.0 1 0 0 0.0 1.0 0
cell 25.469529216580156 47.91842632282817 0.0 1.6431676725154984 0.6085806194501846 1 0 0 0.6812291765571704 0.7320702213635243 1.4988807353390166
cell 18.099663871648907 26.706826834815757 0.0 1.0 1.0 1 0 0 0.0 1.0 0
cell 57.90446816328392 34.12820945527978 0.0 1.0 1.0 1 0 0 0.0 1.0 0
cell 18.354497482220072 18.860227001516932 0.0 1.6431676725154984 0.6085806194501846 1 0 0 0.8365552747972111 -0.5478825350464847 4.301254577725898
cell 11.786093099772954 50.058283809102306 0.0 1.6431676725154984 0.6085806194501846 1 0 0 0.8644465413641614 -0.5027247528454702 4.195088487983195
cell 26.778666618953498 47.14826721834178 0.0 1.6431676725154984 0.6085806194501846 1 0 0 0.4628396203935129 0.8864420374700135 0.9623918408139894
cell 25.574362726724043 44.53568635670952 0.0 1.6431676725154984 0.6085806194501846 1 0 0 0.6837376149284907 0.7297279451493542 1.5057447086744329
cell 15.164134164653138 33.28370642778804 0.0 1.6431676725154984 0.6085806194501846 1 0 0 -0.025602535104316523 -0.999672201372146 0.05121066592626544
cell 8.912071191849185 40.30903637959743 0.0 1.6431676725154984 0.6085806194501846 1 0 0 0.10909400906020213 -0.9940314367197712 6.064562160380144
cell 28.34809909628566 45.66981561818773 0.0 1.0 1.0 1 0 0 0.0 1.0 0
cell 25.570115766507893 52.85952270678774 0.0 1.6431676725154984 0.6085806194501846 1 0 0 -0.1867947376714992 -0.9823989647685077 0.37579687806369844
cell 35.94017381340066 16.826866532950916 0.0 1.0 1.0 1 0 0 0.0 1.0 0
cell 52.53671725793331 49.11873323662569 0.0 1.0 1.0 1 0 0 0.0 1.0 0
cell 35.296073405092464 5.13755552379828 0.0 1.0 1.0 1 0 0 0.0 1.0 0
cell 53.685423772786 45.628438282026174 0.0 1.0 1.0 1 0 0 0.0 1.0 0
cell 11.29212323359452 58.84506091389111 0.0 1.6431676725154984 0.6085806194501846 1 0 0 0.9999937677290499 0.0035305103114239666 3.1345316182981775
cell 13.609615600192823 29.719804085229715 0.0 1.6431676725154984 0.6085806194501846 1 0 0 0.21233068326705823 -0.9771978719498647 5.855266482762719
cell 48.511268795749835 25.573420470580103 0.0 1.0 1.0 1 0 0 0.0 1.0 0
cell 47.874905483341 12.908751041202281 0.0 1.0 1.0 1 0 0 0.0 1.0 0
cell 27.52448027719556 35.240977786593064 0.0 1.6431676725154984 0.6085806194501846 1 0 0 0.9285812015696158 0.3711292929580317 2.3811429047412727
cell 5.137407546681071 9.359439584779938 0.0 1.0 1.0 1 0 0 0.0 1.0 0
cell 38.9309511589646 23.192984172659894 0.0 1.6431676725154984 0.6085806194501846 1 0 0 -0.6944706598362839 0.7195210230608668 4.747817396636034
cell 26.41528200215829 32.82302624199901 0.0 1.0 1.0 1 0 0 0.0 1.0 0
cell 36.56328560103346 28.1133100598756 0.0 1.6431676725154984 0.6085806194501846 1 0 0 -0.28874612971942243 0.9574056990492873 5.6973514580858815
cell 1.7123509845791771 3.368561847803414 0.0 1.0 1.0 1 0 0 0.0 1.0 0
cell 2.5870857398563873 28.01934235510054 0.0 1.0 1.0 1 0 0 0.0 1.0 0
cell 35.12138358920198 46.08911952186131 0.0 1.0 1.0 1 0 0 0.0 1.0 0
cell 39.89102150538366 56.102381860464405 0.0 1.6431676725154984 0.6085806194501846 1 0 0 0.7301498358776545 -0.6832870679061871 4.646102883559625
cell 59.01182056679695 32.52412329449314 0.0 1.0 1.0 1 0 0 0.0 1.0 0
cell 32.858637981746995 22.716225538886054 0.0 1.0 1.0 1 0 0 0.0 1.0 0
cell 14.771450968383803 21.21627898954897 0.0 1.0 1.0 1 0 0 0.0 1.0 0
cell 11.610181482573092 42.62623345941954 0.0 1.6431676725154984 0.6085806194501846 1 0 0 0.7217102324848381 -0.6921953050452457 4.670645538999485
cell 9.453689319918352 15.615710125761257 0.0 1.0 1.0 1 0 0 0.0 1.0 0
cell 22.037318309327876 30.416422769557922 0.0 1.6431676725154984 0.6085806194501846 1 0 0 0.9815265116459084 0.19132617943244054 2.756566436075346
cell 37.42430856185639 24.319631489149835 0.0 1.0 1.0 1 0 0 0.0 1.0 0
cell 57.4849031212639 58.26206176187154 0.0 1.0 1.0 1 0 0 0.0 1.0 0
cell 26.94145058625668 21.569301186519503 0.0 1.0 1.0 1 0 0 0.0 1.0 0
cell 56.26176850760323 11.948835664151899 0.0 1.0 1.0 1 0 0 0.0 1.0 0
cell 43.97193182042544 57.39893842126101 0.0 1.0 1.0 1 0 0 0.0 1.0 0
cell 7.427444170237502 3.249044111495048 0.0 1.0 1.0 1 0 0 0.0 1.0 0
cell 34.32733971559552 28.57453912729763 0.0 1.6431676725154984 0.6085806194501846 1 0 0 0.7866258716018016 0.6174299459264232 1.81065003359818
cell 29.562956538866942 3.784014622216627 0.0 1.0 1.0 1 0 0 0.0 1.0 0
cell 29.74144679087259 8.66272491876175 0.0 1.0 1.0 1 0 0 0.0 1.0 0
cell 35.07445309155944 18.17457218104268 0.0 1.6431676725154984 0.6085806194501846 1 0 0 0.9996689338564184 0.025729801444466776 3.090127371104631
cell 23.974168575787182 8.445691353700214 0.0 1.0 1.0 1 0 0 0.0 1.0 0
cell 27.22738576367267 48.98884620060803 0.0 1.6431676725154984 0.6085806194501846 1 0 0 0.4145817975537405 0.9100120510944398 0.8549663955959595
cell 53.28534884945045 57.95802756474129 0.0 1.0 1.0 1 0 0 0.0 1.0 0
cell 11.038898524490126 29.349692262098202 0.0 1.0 1.0 1 0 0 0.0 1.0 0
cell 30.04264448025296 17.43951024362489 0.0 1.0 1.0 1 0 0 0.0 1.0 0
cell 44.67792215408198 28.28887264795714 0.0 1.0 1.0 1 0 0 0.0 1.0 0
cell 44.65559773877936 6.979848194469712 0.0 1.0 1.0 1 0 0 0.0 1.0 0
cell 40.100885730341965 50.880599404253076 0.0 1.6431676725154984 0.6085806194501846 1 0 0 0.6527618459743141 -0.7575631804940138 4.860736439848429
cell 6.437513030414558 38.37953480449201 0.0 1.6431676725154984 0.6085806194501846 1 0 0 -0.09873427917965535 -0.9951138337471115 0.19779080967871554
cell 21.018067683397597 45.78979858804046 0.0 1.6431676725154984 0.6085806194501846 1 0 0 -0.5005821361041575 -0.8656890463748509 1.0485421980168077
cell 58.43089574231967 54.976573877536346 0.0 1.0 1.0 1 0 0 0.0 1.0 0
cell 51.47398919705022 36.77394839676263 0.0 1.0 1.0 1 0 0 0.0 1.0 0
cell 1.483673675460631 37.13915256620534 0.0 1.0 1.0 1 0 0 0.0 1.0 0
cell 40.53503257793297 1.8844065391879663 0.0 1.0 1.0 1 0 0 0.0 1.0 0
cell 10.796690290513501 45.37572925605455 0.0 1.6431676725154984 0.6085806194501846 1 0 0 0.608311383453667 0.7936984696726369 1.3078626457353384
cell 15.033909632692318 49.40518807867021 0.0 1.0 1.0 1 0 0 0.0 1.0 0
cell 13.297449980012477 54.10503209611695 0.0 1.0 1.0 1 0 0 0.0 1.0 0
cell 31.12564770484059 10.026504187829497 0.0 1.0 1.0 1 0 0 0.0 1.0 0
cell 16.622579676956377 35.73065381950598 0.0 1.6431676725154984 0.6085806194501846 1 0 0 0.4905278628487991 -0.8714255078714357 5.257794514947532
cell 30.95747132983305 2.659006194012348 0.0 1.0 1.0 1 0 0 0.0 1.0 0
cell 21.08029116506172 40.84545133144314 0.0 1.6431676725154984 0.6085806194501846 1 0 0 0.9816081020200146 0.19090713461959616 2.757420264037143
cell 4.306982007680819 5.556092111855777 0.0 1.0 1.0 1 0 0 0.0 1.0 0
cell 20.009610655575745 52.038302089775314 0.0 1.0 1.0 1 0 0 0.0 1.0 0
cell 24.12259345804877 55.12447178826255 0.0 1.0 1.0 1 0 0 0.0 1.0 0
cell 20.465998613600714 8.510007027995195 0.0 1.0 1.0 1 0 0 0.0 1.0 0
cell 15.622936717308122 24.934757838512866 0.0 1.0 1.0 1 0 0 0.0 1.0 0
cell 22.72854719418781 57.94287656213295 0.0 1.0 1.0 1 0 0 0.0 1.0 0
cell 38.07322741681803 19.029894838769643 0.0 1.6431676725154984 0.6085806194501846 1 0 0 0.9332225154516928 -0.3592989516461396 3.876625798129921
cell 50.31880223523889 28.842356313201197 0.0 1.0 1.0 1 0 0 0.0 1.0 0
cell 51.26125100880999 12.324021337913099 0.0 1.0 1.0 1 0 0 0.0 1.0 0
cell 56.18479856404713 52.4719609849475 0.0 1.0 1.0 1 0 0 0.0 1.0 0
cell 36.56877333310975 35.21229901928354 0.0 1.0 1.0 1 0 0 0.0 1.0 0
cell 37.46915797186039 29.0380969830957 0.0 1.6431676725154984 0.6085806194501846 1 0 0 0.448466451578211 -0.8937996653662654 5.353087635185516
cell 7.97297772740037 52.16491082617898 0.0 1.0 1.0 1 0 0 0.0 1.0 0
cell 46.22995060698395 31.813555030601837 0.0 1.0 1.0 1 0 0 0.0 1.0 0
cell 43.99447173938461 34.85699880279665 0.0 1.0 1.0 1 0 0 0.0 1.0 0
cell 24.376600754493705 56.871409049067175 0.0 1.0 1.0 1 0 0 0.0 1.0 0
cell 23.69858018153114 41.04340101842071 0.0 1.6431676725154984 0.6085806194501846 1 0 0 0.9990932970787333 0.04257444928999067 3.0564180107542516
cell 36.41064187734011 49.116866057168394 0.0 1.0 1.0 1 0 0 0.0 1.0 0
cell 1.0576238469066321 1.4699034505077866 0.0 1.0 1.0 1 0 0 0.0 1.0 0
cell 16.563541195849485 30.05250809240817 0.0 1.6431676725154984 0.6085806194501846 1 0 0 0.30862887754613305 -0.9511825355548819 5.655682902748282
cell 44.08445588264736 9.397528291740267 0.0 1.0 1.0 1 0 0 0.0 1.0 0
cell 31.72234665809069 24.34878145627113 0.0 1.0 1.0 1 0 0 0.0 1.0 0
cell 14.880658776607016 6.951172538144695 0.0 1.0 1.0 1 0 0 0.0 1.0 0
cell 16.078227434450167 20.04280322671115 0.0 1.0 1.0 1 0 0 0.0 1.0 0
cell 47.27640521976878 30.306549470307285 0.0 1.0 1.0 1 0 0 0.0 1.0 0
cell 20.23963229630243 20.80757341262739 0.0 1.0 1.0 1 0 0 0.0 1.0 0
cell 28.04319636205182 23.184259786798897 0.0 1.0 1.0 1 0 0 0.0 1.0 0
cell 32.34891903612055 55.996708061524856 0.0 1.0 1.0 1 0 0 0.0 1.0 0
cell 49.86172343959024 23.18208970450104 0.0 1.0 1.0 1 0 0 0.0 1.0 0
cell 51.2917113802822 30.660765991259932 0.0 1.0 1.0 1 0 0 0.0 1.0 0
cell 41.066255311234265 36.50208941455956 0.0 1.0 1.0 1 0 0 0.0 1.0 0
cell 40.48919683779581 11.851230977417107 0.0 1.0 1.0 1 0 0 0.0 1.0 0
cell 56.28029218495127 0.7053106468841118 0.0 1.0 1.0 1 0 0 0.0 1.0 0
cell 58.8682552840498 46.19517208759528 0.0 1.0 1.0 1 0 0 0.0 1.0 0
cell 40.26639879473101 6.385777850762993 0.0 1.0 1.0 1 0 0 0.0 1.0 0
cell 40.88857716059546 30.888527225093398 0.0 1.6431676725154984 0.6085806194501846 1 0 0 0.8079642558631571 -0.5892315005560164 4.401807364123811
cell 4.927663723038245 54.99773437579572 0.0 1.0 1.0 1 0 0 0.0 1.0 0
cell 41.711334836765154 26.048959785815175 0.0 1.6431676725154984 0.6085806194501846 1 0 0 0.6921061019962464 -0.7217957769200103 4.754379606189785
cell 45.75051477120635 8.293306193660683 0.0 1.0 1.0 1 0 0 0.0 1.0 0
cell 47.251220606779654 48.43049232133641 0.0 1.0 1.0 1 0 0 0.0 1.0 0
cell 49.909865519852026 3.1933075214288413 0.0 1.6431676725154984 0.6085806194501846 1 0 0 0.783907403993852 -0.6208777512229117 4.481316494103933
cell 34.49746138628151 49.79498393298999 0.0 1.0 1.0 1 0 0 0.0 1.0 0
cell 13.468177474438168 12.359884701872035 0.0 1.6431676725154984 0.6085806194501846 1 0 0 0.7576235488619179 -0.6526917788741277 4.563856548075614
cell 21.997045191674733 16.641159741506893 0.0 1.0 1.0 1 0 0 0.0 1.0 0
cell 38.876390340990774 30.188607225635238 0.0 1.0 1.0 1 0 0 0.0 1.0 0
cell 34.198654456309725 13.446635700330264 0.0 1.0 1.0 1 0 0 0.0 1.0 0
cell 57.04908485313463 32.327172802694214 0.0 1.0 1.0 1 0 0 0.0 1.0 0
cell 57.78921851876209 44.520510734692834 0.0 1.0 1.0 1 0 0 0.0 1.0 0
cell 30.95414026739546 52.82929845203417 0.0 1.0 1.0 1 0 0 0.0 1.0 0
cell 4.367037781289358 35.0228073450718 0.0 1.0 1.0 1 0 0 0.0 1.0 0
cell 3.2933569882604528 33.398689343314025 0.0 1.0 1.0 1 0 0 0.0 1.0 0
cell 42.98536063671901 45.20614154621268 0.0 1.0 1.0 1 0 0 0.0 1.0 0
cell 10.151500472302395 54.73313680076481 0.0 1.0 1.0 1 0 0 0.0 1.0 0
cell 46.24583739632434 40.420334536092795 0.0 1.0 1.0 1 0 0 0.0 1.0 0
cell 17.618031709152334 25.19604288424757 0.0 1.0 1.0 1 0 0 0.0 1.0 0
cell 40.158645044006974 39.10718853940157 0.0 1.6431676725154984 0.6085806194501846 1 0 0 0.7939847225177372 -0.6079377109609436 4.448513870990658
cell 7.261123898549294 20.220090661752415 0.0 1.0 1.0 1 0 0 0.0 1.0 0
cell 38.73762826525551 45.136646818702324 0.0 1.6431676725154984 0.6085806194501846 1 0 0 0.8728918468931222 -0.48791374609403465 4.160988860511845
cell 8.760782316767672 56.04085615813576 0.0 1.0 1.0 1 0 0 0.0 1.0 0
cell 36.99318542310993 55.025654337864395 0.0 1.0 1.0 1 0 0 0.0 1.0 0
cell 4.396104776829385 53.06664243896669 0.0 1.0 1.0 1 0 0 0.0 1.0 0
cell 38.228706950915615 16.76405960928105 0.0 1.0 1.0 1 0 0 0.0 1.0 0
cell 13.57684449203526 34.967632339871194 0.0 1.6431676725154984 0.6085806194501846 1 0 0 0.2964613849924393 -0.9550448404176448 5.681214646682863
cell 19.248837112370374 38.90067413181435 0.0 1.0 1.0 1 0 0 0.0 1.0 0
cell 47.60658836608349 11.0166173922403 0.0 1.0 1.0 1 0 0 0.0 1.0 0
cell 45.45033772229803 56.37157223481071 0.0 1.0 1.0 1 0 0 0.0 1.0 0
cell 7.335962470575877 11.535761838222369 0.0 1.0 1.0 1 0 0 0.0 1.0 0
cell 58.90734601462446 56.88985397365592 0.0 1.0 1.0 1 0 0 0.0 1.0 0
cell 54.51167262028694 48.96036672675824 0.0 1.0 1.0 1 0 0 0.0 1.0 0
cell 34.19525586963263 55.39973737495314 0.0 1.0 1.0 1 0 0 0.0 1.0 0
cell 50.05634680977223 6.007404405555724 0.0 1.6431676725154984 0.6085806194501846 1 0 0 0.7804042257511544 -0.6252753348963489 4.492561241008443
cell 10.411327939991997 33.70959538563303 0.0 1.0 1.0 1 0 0 0.0 1.0 0
cell 51.159847054425505 47.656222600255845 0.0 1.0 1.0 1 0 0 0.0 1.0 0
