1000
 Lattice="59.08179503018386 0.0 0.0 0.0 59.08179503018386 0.0 0.0 0.0 1.0"Properties=species:S:1:pos:R:3:aspherical_shape:R:3:orientation:R:4:Color:R:1
cell 30.43755236108778 28.935302989831808 0.0 1.0 1.0 1 0 0 0.0 1.0 0
cell 14.53318761044788 43.55274809619031 0.0 1.6431676725154984 0.6085806194501846 1 0 0 0.9969314792585717 -0.07827915216273018 3.2983112888587396
cell 39.50691267612135 50.212040557899115 0.0 1.0 1.0 1 0 0 0.0 1.0 0
cell 57.5403567417436 52.225705595396164 0.0 1.0 1.0 1 0 0 0.0 1.0 0
cell 56.840490308453134 34.864332439639995 0.0 1.0 1.0 1 0 0 0.0 1.0 0
cell 4.546994976562452 36.686223349070005 0.0 1.0 1.0 1 0 0 0.0 1.0 0
cell 8.181430104590406 33.17322717345484 0.0 1.0 1.0 1 0 0 0.0 1.0 0
cell 28.45078958723412 17.76393535083116 0.0 1.6431676725154984 0.6085806194501846 1 0 0 0.401483309502393 0.9158663396975596 0.8262716842139107
cell 1.7158073008951014 45.517728145632084 0.0 1.0 1.0 1 0 0 0.0 1.0 0
cell 1.3874945695624241 31.96183338140828 0.0 1.0 1.0 1 0 0 0.0 1.0 0
cell 27.611492482007925 1.6386519541605706 0.0 1.0 1.0 1 0 0 0.0 1.0 0
cell 37.14297542802048 36.340899101596584 0.0 1.0 1.0 1 0 0 0.0 1.0 0
cell 34.25520829629132 55.16118125392199 0.0 1.0 1.0 1 0 0 0.0 1.0 0
cell 22.734898946497754 55.93137899830706 0.0 1.0 1.0 1 0 0 0.0 1.0 0
cell 11.299703479413765 44.892182708282284 0.0 1.0 1.0 1 0 0 0.0 1.0 0
cell 19.945716844814758 30.69410854417559 0.0 1.6431676725154984 0.6085806194501846 1 0 0 0.8543242764077009 0.5197403493480742 2.0484986587548777
cell 31.8302835001157 23.28733123873489 0.0 1.0 1.0 1 0 0 0.0 1.0 0
cell 55.19343492672449 3.4155979635632123 0.0 1.6431676725154984 0.6085806194501846 1 0 0 0.6715700155393078 -0.7409411003774414 4.8105338952177235
cell 7.071934660397025 11.886119019636206 0.0 1.6431676725154984 0.6085806194501846 1 0 0 0.5722628830805014 0.8200702364117309 1.2185251685989014
cell 21.53784857180297 47.61823924628876 0.0 1.0 1.0 1 0 0 0.0 1.0 0
cell 58.23602864302282 0.47061508763588566 0.0 1.6431676725154984 0.6085806194501846 1 0 0 0.890340364886703 -0.4552955464897638 4.087000921041477
cell 51.7011020580408 36.54962975589079 0.0 1.0 1.0 1 0 0 0.0 1.0 0
cell 17.132385048729713 30.806789070971014 0.0 1.0 1.0 1 0 0 0.0 1.0 0
cell 12.814808841067657 36.97099818756196 0.0 1.0 1.0 1 0 0 0.0 1.0 0
cell 16.491151121503957 39.67231941582102 0.0 1.0 1.0 1 0 0 0.0 1.0 0
cell 47.062954872970884 57.34689706222912 0.0 1.6431676725154984 0.6085806194501846 1 0 0 0.9187520058498873 0.394835094370813 2.329815942779607
cell 26.14683385456699 29.22650252992745 0.0 1.0 1.0 1 0 0 0.0 1.0 0
cell 2.4313113359218415 33.62823089780769 0.0 1.0 1.0 1 0 0 0.0 1.0 0
cell 41.392369316520295 38.04038643984209 0.0 1.0 1.0 1 0 0 0.0 1.0 0
cell 50.75547534332681 17.481912376933728 0.0 1.0 1.0 1 0 0 0.0 1.0 0
cell 51.424386342080766 47.87477475537739 0.0 1.6431676725154984 0.6085806194501846 1 0 0 0.2965968879718726 0.9550027675590267 0.602254429296287
cell 24.496545878356002 56.22827095875082 0.0 1.0 1.0 1 0 0 0.0 1.0 0
cell 22.64174482398405 43.651139785648205 0.0 1.6431676725154984 0.6085806194501846 1 0 0 0.965394685556454 0.26079321520958937 2.6139051326850993
cell 38.39486543040036 42.05409249598856 0.0 1.0 1.0 1 0 0 0.0 1.0 0
cell 52.69010777718695 21.42583051970982 0.0 1.0 1.0 1 0 0 0.0 1.0 0
cell 40.5364391658508 30.243010869144573 0.0 1.6431676725154984 0.6085806194501846 1 0 0 0.9731922156276509 0.2299932856449159 2.6774510864962306
cell 55.63204067339919 27.31079104011898 0.0 1.0 1.0 1 0 0 0.0 1.0 0
cell 28.93157877338088 40.7332591132752 0.0 1.0 1.0 1 0 0 0.0 1.0 0
cell 52.6963574804126 39.74519187469836 0.0 1.0 1.0 1 0 0 0.0 1.0 0
cell 7.967895490934555 48.15844941927654 0.0 1.0 1.0 1 0 0 0.0 1.0 0
cell 55.670783019316865 47.750195885278686 0.0 1.0 1.0 1 0 0 0.0 1.0 0
cell 23.093662484518205 27.589765502973606 0.0 1.0 1.0 1 0 0 0.0 1.0 0
cell 58.92785168562527 56.93587666469147 0.0 1.0 1.0 1 0 0 0.0 1.0 0
cell 43.214535472600005 27.42222017515276 0.0 1.6431676725154984 0.6085806194501846 1 0 0 0.8764931776615852 0.4814142805450384 2.137057521967275
cell 33.94797822377415 5.552700270484829 0.0 1.0 1.0 1 0 0 0.0 1.0 0
cell 15.398443402767471 30.17877395459051 0.0 1.0 1.0 1 0 0 0.0 1.0 0
cell 26.13930419177751 25.878810948243576 0.0 1.0 1.0 1 0 0 0.0 1.0 0
cell 53.47578226394304 19.852167268929616 0.0 1.0 1.0 1 0 0 0.0 1.0 0
cell 27.619995579420262 24.563388009269975 0.0 1.0 1.0 1 0 0 0.0 1.0 0
cell 19.322680776276474 38.02019433838564 0.0 1.0 1.0 1 0 0 0.0 1.0 0
cell 26.474171073956054 32.55110772662147 0.0 1.0 1.0 1 0 0 0.0 1.0 0
cell 8.385607636359367 4.507639772230717 0.0 1.6431676725154984 0.6085806194501846 1 0 0 0.9997614462233514 0.021841489083685793 3.097906201511128
cell 3.4265343042052887 35.061393619294684 0.0 1.0 1.0 1 0 0 0.0 1.0 0
cell 6.679133281420697 36.429989019243536 0.0 1.0 1.0 1 0 0 0.0 1.0 0
cell 25.437430635990186 35.903997077463345 0.0 1.0 1.0 1 0 0 0.0 1.0 0
cell 50.62772959480076 56.479653312588006 0.0 1.0 1.0 1 0 0 0.0 1.0 0
cell 53.116575985557596 37.80504945589934 0.0 1.0 1.0 1 0 0 0.0 1.0 0
cell 10.015159973589764 42.56046478134419 0.0 1.0 1.0 1 0 0 0.0 1.0 0
cell 30.68487279674067 5.57928868121604 0.0 1.0 1.0 1 0 0 0.0 1.0 0
cell 9.471902518920478 26.261050292824265 0.0 1.0 1.0 1 0 0 0.0 1.0 0
cell 1.6718169486964405 17.97529763973587 0.0 1.6431676725154984 0.6085806194501846 1 0 0 0.9766021336551917 0.21505411537593785 2.7080981707898935
cell 21.758012821161763 34.70349961988218 0.0 1.0 1.0 1 0 0 0.0 1.0 0
cell 45.7673001855364 7.691157490994006 0.0 1.0 1.0 1 0 0 0.0 1.0 0
cell 22.65881839260884 45.36794843823597 0.0 1.0 1.0 1 0 0 0.0 1.0 0
cell 23.2239154910062 40.21893500783139 0.0 1.6431676725154984 0.6085806194501846 1 0 0 0.9112579882438703 0.41183598538949256 2.292656797177071
cell 14.814650829851496 13.436390476090848 0.0 1.6431676725154984 0.6085806194501846 1 0 0 0.9485142893364046 -0.3167343412461861 3.78616181184862
cell 13.17333450138138 53.037705415005135 0.0 1.0 1.0 1 0 0 0.0 1.0 0
cell 40.7184820797452 12.13229667762628 0.0 1.0 1.0 1 0 0 0.0 1.0 0
cell 29.737144775134148 26.531928137958605 0.0 1.6431676725154984 0.6085806194501846 1 0 0 0.5777810271743493 0.816191818531253 1.2320147515365012
cell 45.93649063942874 25.15162627930964 0.0 1.6431676725154984 0.6085806194501846 1 0 0 0.9540802520962242 0.2995511184422542 2.533148387430742
cell 4.396829891161039 51.81905750300484 0.0 1.0 1.0 1 0 0 0.0 1.0 0
cell 58.65621228389069 9.07012423905374 0.0 1.6431676725154984 0.6085806194501846 1 0 0 0.3182496984854984 0.9480069247710637 0.6477652351717685
cell 44.62897196361876 29.46162191237695 0.0 1.0 1.0 1 0 0 0.0 1.0 0
cell 30.19522014485542 52.289375291698114 0.0 1.0 1.0 1 0 0 0.0 1.0 0
cell 16.015059626628368 54.26384903408179 0.0 1.6431676725154984 0.6085806194501846 1 0 0 0.8818523031808552 0.471525731402456 2.159552407083357
cell 44.93718623073576 44.144799800511585 0.0 1.0 1.0 1 0 0 0.0 1.0 0
cell 2.5813642153285494 15.999934274341715 0.0 1.0 1.0 1 0 0 0.0 1.0 0
cell 38.602250437508985 24.046627795441243 0.0 1.0 1.0 1 0 0 0.0 1.0 0
cell 30.94493025079321 0.9239322626717322 0.0 1.0 1.0 1 0 0 0.0 1.0 0
cell 11.362939548722782 1.3320569932136348 0.0 1.6431676725154984 0.6085806194501846 1 0 0 -0.35122614360624094 -0.9362906578875431 0.7177607166596749
cell 12.12665641204374 51.37154075630202 0.0 1.0 1.0 1 0 0 0.0 1.0 0
cell 47.72036674282921 39.78804921816559 0.0 1.0 1.0 1 0 0 0.0 1.0 0
cell 23.422605202308898 58.72102214120631 0.0 1.6431676725154984 0.6085806194501846 1 0 0 0.04425028017833407 -0.9990204766190426 6.194655839373693
cell 49.98299012469605 53.29918011973912 0.0 1.0 1.0 1 0 0 0.0 1.0 0
cell 43.38937084591005 49.53281034323799 0.0 1.0 1.0 1 0 0 0.0 1.0 0
cell 11.631031750751323 9.365345243148159 0.0 1.6431676725154984 0.6085806194501846 1 0 0 -0.34791945240561434 -0.937524428821872 0.7107019886312349
cell 58.238740130736176 50.562695012804795 0.0 1.0 1.0 1 0 0 0.0 1.0 0
cell 52.94338980870453 12.822621207372162 0.0 1.6431676725154984 0.6085806194501846 1 0 0 0.26503680116777184 0.9642382973242428 0.5364841763406506
cell 49.491956011119136 39.254424681875214 0.0 1.0 1.0 1 0 0 0.0 1.0 0
cell 11.558624040184604 19.977736431516824 0.0 1.6431676725154984 0.6085806194501846 1 0 0 0.8738128330649427 0.4862624114313367 2.125978045674531
cell 52.32234295117599 14.383185472639983 0.0 1.0 1.0 1 0 0 0.0 1.0 0
cell 50.9455811011729 40.48738538545651 0.0 1.0 1.0 1 0 0 0.0 1.0 0
cell 28.181436380054755 29.560176356095116 0.0 1.0 1.0 1 0 0 0.0 1.0 0
cell 52.36771689167381 43.495630319371664 0.0 1.0 1.0 1 0 0 0.0 1.0 0
cell 26.149400260564484 44.94440581959454 0.0 1.0 1.0 1 0 0 0.0 1.0 0
cell 37.999812604888 21.37840278100283 0.0 1.0 1.0 1 0 0 0.0 1.0 0
cell 15.243309720314725 21.127852908708075 0.0 1.0 1.0 1 0 0 0.0 1.0 0
cell 58.97307827350524 25.471699696489335 0.0 1.0 1.0 1 0 0 0.0 1.0 0
cell 36.403110250117976 49.184330658430234 0.0 1.0 1.0 1 0 0 0.0 1.0 0
cell 51.06859733452556 44.247544933893614 0.0 1.0 1.0 1 0 0 0.0 1.0 0
cell 58.61132606663125 40.15863925352236 0.0 1.0 1.0 1 0 0 0.0 1.0 0
cell 40.28372335764922 1.3652341067888585 0.0 1.0 1.0 1 0 0 0.0 1.0 0
cell 30.478305218630805 54.29323121748817 0.0 1.0 1.0 1 0 0 0.0 1.0 0
cell 33.56997882978291 10.976126412807002 0.0 1.0 1.0 1 0 0 0.0 1.0 0
cell 19.881659572148966 26.270602475515588 0.0 1.0 1.0 1 0 0 0.0 1.0 0
cell 52.84114002168693 58.861235706289754 0.0 1.0 1.0 1 0 0 0.0 1.0 0
cell 18.04556470244009 18.5022766352904 0.0 1.0 1.0 1 0 0 0.0 1.0 0
cell 29.741795555785004 46.338159641635194 0.0 1.0 1.0 1 0 0 0.0 1.0 0
cell 10.322477552929287 35.63783156804587 0.0 1.0 1.0 1 0 0 0.0 1.0 0
cell 21.73941734024793 4.295789276740796 0.0 1.6431676725154984 0.6085806194501846 1 0 0 0.8072527379690969 0.5902059107137073 1.8789648678016024
cell 42.011905384075554 2.3232677135687405 0.0 1.0 1.0 1 0 0 0.0 1.0 0
cell 46.54402314518232 30.854633877937818 0.0 1.0 1.0 1 0 0 0.0 1.0 0
cell 34.084743126425245 26.4599914974309 0.0 1.0 1.0 1 0 0 0.0 1.0 0
cell 0.3924337115251382 30.290154608440318 0.0 1.0 1.0 1 0 0 0.0 1.0 0
cell 2.557192787348276 56.91574314514272 0.0 1.6431676725154984 0.6085806194501846 1 0 0 0.17279384455095315 0.9849580129555274 0.34733095769808575
cell 16.178190226015516 17.800276278920276 0.0 1.0 1.0 1 0 0 0.0 1.0 0
cell 6.255139364789466 32.66498442168556 0.0 1.0 1.0 1 0 0 0.0 1.0 0
cell 49.11003822695105 17.20421172305145 0.0 1.0 1.0 1 0 0 0.0 1.0 0
cell 11.443426049150156 56.401883628831165 0.0 1.0 1.0 1 0 0 0.0 1.0 0
cell 42.604250274326596 24.29487455384925 0.0 1.6431676725154984 0.6085806194501846 1 0 0 0.8298924332556348 0.5579234259511262 1.9578297166256398
cell 12.781814851676016 25.57018126006686 0.0 1.0 1.0 1 0 0 0.0 1.0 0
cell 56.814432965053506 9.92491861725664 0.0 1.0 1.0 1 0 0 0.0 1.0 0
cell 9.17748485677082 24.33860412367827 0.0 1.0 1.0 1 0 0 0.0 1.0 0
cell 49.25732295975373 51.71524995106861 0.0 1.0 1.0 1 0 0 0.0 1.0 0
cell 34.82898882707204 34.59768301675643 0.0 1.6431676725154984 0.6085806194501846 1 0 0 0.8749416425670906 0.484228378042842 2.1306305740873475
cell 34.93287715441553 51.97020765200398 0.0 1.0 1.0 1 0 0 0.0 1.0 0
cell 33.399641927173874 8.50304684899452 0.0 1.6431676725154984 0.6085806194501846 1 0 0 0.8053253362751615 0.5928331154324108 1.8724480921211568
cell 40.19474299752305 48.46057896579389 0.0 1.0 1.0 1 0 0 0.0 1.0 0
cell 47.386182645053054 55.172434286826935 0.0 1.0 1.0 1 0 0 0.0 1.0 0
cell 24.00064807719798 50.09565139163146 0.0 1.0 1.0 1 0 0 0.0 1.0 0
cell 56.8849060832347 54.07751715194596 0.0 1.0 1.0 1 0 0 0.0 1.0 0
cell 9.919569137153449 16.318428578746442 0.0 1.6431676725154984 0.6085806194501846 1 0 0 0.623121280323719 -0.7821252265511764 4.937730992032472
cell 32.38481047450631 31.133916305784027 0.0 1.0 1.0 1 0 0 0.0 1.0 0
cell 18.067364287647568 32.16056871265686 0.0 1.6431676725154984 0.6085806194501846 1 0 0 0.8751136064012082 0.48391753005183785 2.1313410613429205
cell 21.393704477767894 31.212879547254218 0.0 1.0 1.0 1 0 0 0.0 1.0 0
cell 3.3686048405682443 31.88821666782547 0.0 1.0 1.0 1 0 0 0.0 1.0 0
cell 28.409112179842218 49.55710301148639 0.0 1.0 1.0 1 0 0 0.0 1.0 0
cell 14.173883981683668 35.57091337961054 0.0 1.0 1.0 1 0 0 0.0 1.0 0
cell 55.9241752259629 0.4211038251469045 0.0 1.6431676725154984 0.6085806194501846 1 0 0 0.7995124905577579 -0.6006494630332497 4.430219023538765
cell 13.551911789117677 41.27936433567609 0.0 1.0 1.0 1 0 0 0.0 1.0 0
cell 40.671350791790644 26.650054629965606 0.0 1.6431676725154984 0.6085806194501846 1 0 0 0.9605587288609854 0.27807719864988567 2.5780091046035247
cell 18.548315759445522 1.7049626958120778 0.0 1.6431676725154984 0.6085806194501846 1 0 0 0.5949730869231035 -0.8037456225928656 5.0087209797498256
cell 8.987410003012606 37.09914610777185 0.0 1.0 1.0 1 0 0 0.0 1.0 0
cell 11.384549511729043 32.32520762590262 0.0 1.0 1.0 1 0 0 0.0 1.0 0
cell 0.15015228887390367 21.861110885070698 0.0 1.0 1.0 1 0 0 0.0 1.0 0
cell 32.4745807220183 25.876887585021894 0.0 1.0 1.0 1 0 0 0.0 1.0 0
cell 23.723348412800924 34.413979220205896 0.0 1.0 1.0 1 0 0 0.0 1.0 0
cell 9.99697914833445 33.73952979279379 0.0 1.0 1.0 1 0 0 0.0 1.0 0
cell 25.591664914762323 21.135569613835717 0.0 1.0 1.0 1 0 0 0.0 1.0 0
cell 10.896599039375612 18.695545119024896 0.0 1.6431676725154984 0.6085806194501846 1 0 0 0.9020144799903794 0.43170577699132706 2.248826657571826
cell 56.691573569469085 40.66435824143241 0.0 1.6431676725154984 0.6085806194501846 1 0 0 0.9001653916644065 0.43554823802842524 2.240298196511905
cell 19.076164614124743 22.384796382107467 0.0 1.0 1.0 1 0 0 0.0 1.0 0
cell 15.036174994463288 53.05754214228952 0.0 1.0 1.0 1 0 0 0.0 1.0 0
cell 29.98671195239551 39.32942032911538 0.0 1.0 1.0 1 0 0 0.0 1.0 0
cell 57.61569508080454 47.39723521898534 0.0 1.0 1.0 1 0 0 0.0 1.0 0
cell 11.796840826440558 28.76366271374771 0.0 1.0 1.0 1 0 0 0.0 1.0 0
cell 54.0628722829246 22.729369557886297 0.0 1.0 1.0 1 0 0 0.0 1.0 0
cell 19.438770285470987 43.04780321976804 0.0 1.6431676725154984 0.6085806194501846 1 0 0 0.9782949125012914 0.2072174321192369 2.7241330638681216
cell 43.75475526493842 42.5475761356561 0.0 1.0 1.0 1 0 0 0.0 1.0 0
cell 34.89872110895365 48.19103994183766 0.0 1.0 1.0 1 0 0 0.0 1.0 0
cell 10.967776880104005 30.418871169923072 0.0 1.0 1.0 1 0 0 0.0 1.0 0
cell 35.9326099726804 14.128704943256876 0.0 1.0 1.0 1 0 0 0.0 1.0 0
cell 52.739122618276824 41.54871726573409 0.0 1.0 1.0 1 0 0 0.0 1.0 0
cell 7.161333256420921 49.930762259162655 0.0 1.0 1.0 1 0 0 0.0 1.0 0
cell 20.183450567456717 15.410839284457008 0.0 1.0 1.0 1 0 0 0.0 1.0 0
cell 27.987584526436944 45.63967808379507 0.0 1.0 1.0 1 0 0 0.0 1.0 0
cell 27.67239315853584 21.382962422685384 0.0 1.0 1.0 1 0 0 0.0 1.0 0
cell 1.1197933179840542 50.344167786057795 0.0 1.0 1.0 1 0 0 0.0 1.0 0
cell 39.21516495057186 45.30681108786487 0.0 1.0 1.0 1 0 0 0.0 1.0 0
cell 46.19871231119013 53.364644276276614 0.0 1.0 1.0 1 0 0 0.0 1.0 0
cell 33.05147175933765 56.738246157496945 0.0 1.0 1.0 1 0 0 0.0 1.0 0
cell 20.621692329487978 43.694607270692174 0.0 1.6431676725154984 0.6085806194501846 1 0 0 0.9832820800054107 0.18208885506870823 2.775371843067668
cell 17.31331590781663 43.05046838507321 0.0 1.6431676725154984 0.6085806194501846 1 0 0 0.9607238752349668 0.27750610002936504 2.579198099085613
cell 6.238673069760201 15.409574484723224 0.0 1.6431676725154984 0.6085806194501846 1 0 0 -0.11437169970724366 0.993438027410908 6.05394025481233
cell 8.346628979936828 22.216943625681346 0.0 1.6431676725154984 0.6085806194501846 1 0 0 0.11106381142505928 -0.9938132771259091 6.06059846702643
cell 26.988822020311282 27.711857560092373 0.0 1.0 1.0 1 0 0 0.0 1.0 0
cell 40.66707953726067 46.668746303631494 0.0 1.0 1.0 1 0 0 0.0 1.0 0
cell 54.42192019051198 40.55801676112815 0.0 1.0 1.0 1 0 0 0.0 1.0 0
cell 41.78562863268702 42.966588669221885 0.0 1.0 1.0 1 0 0 0.0 1.0 0
cell 8.276335053367488 51.544842937552175 0.0 1.0 1.0 1 0 0 0.0 1.0 0
cell 32.85380001185758 27.92434133941603 0.0 1.0 1.0 1 0 0 0.0 1.0 0
cell 7.763656442448409 56.72591623053321 0.0 1.0 1.0 1 0 0 0.0 1.0 0
cell 3.6634627401088222 25.299279816456437 0.0 1.6431676725154984 0.6085806194501846 1 0 0 0.37077251536217226 -0.9287237166412882 5.523503935322852
cell 19.654916069771094 7.0373443641281765 0.0 1.6431676725154984 0.6085806194501846 1 0 0 0.7159599424842824 -0.6981413615865364 4.6871890348344705
cell 25.25635349078477 7.263918116974473 0.0 1.0 1.0 1 0 0 0.0 1.0 0
cell 49.15534699601154 2.535584802763435 0.0 1.0 1.0 1 0 0 0.0 1.0 0
cell 19.231497541198507 3.8373068342579453 0.0 1.6431676725154984 0.6085806194501846 1 0 0 0.7060774928973055 -0.708134573385494 4.715298132535839
cell 47.61400190701888 42.62534919496442 0.0 1.0 1.0 1 0 0 0.0 1.0 0
cell 42.57309344294252 34.248735460084056 0.0 1.0 1.0 1 0 0 0.0 1.0 0
cell 38.826610598305784 7.346635796677133 0.0 1.0 1.0 1 0 0 0.0 1.0 0
cell 8.790605413513392 13.918293115703012 0.0 1.6431676725154984 0.6085806194501846 1 0 0 0.4123422309255033 -0.9110290251113731 5.433138219617705
cell 36.54891563771453 51.86812932482148 0.0 1.0 1.0 1 0 0 0.0 1.0 0
cell 28.561078371904454 51.59167162547041 0.0 1.0 1.0 1 0 0 0.0 1.0 0
cell 55.10767430607746 12.67966246442698 0.0 1.0 1.0 1 0 0 0.0 1.0 0
cell 24.77202048682419 48.0497517775498 0.0 1.0 1.0 1 0 0 0.0 1.0 0
cell 19.561357647593812 24.32100678191044 0.0 1.0 1.0 1 0 0 0.0 1.0 0
cell 54.30407324726374 16.539717791166616 0.0 1.0 1.0 1 0 0 0.0 1.0 0
cell 38.73529508954262 12.368077773816182 0.0 1.0 1.0 1 0 0 0.0 1.0 0
cell 40.90770979610311 18.89385323840302 0.0 1.6431676725154984 0.6085806194501846 1 0 0 0.8115046861917149 0.5843459115018145 1.8934450450697282
cell 7.673443286768321 25.249956838863174 0.0 1.0 1.0 1 0 0 0.0 1.0 0
cell 33.886854686435676 38.33937355495648 0.0 1.0 1.0 1 0 0 0.0 1.0 0
cell 38.62166174886576 2.486092875649495 0.0 1.0 1.0 1 0 0 0.0 1.0 0
cell 38.42608628904449 51.886934342661064 0.0 1.0 1.0 1 0 0 0.0 1.0 0
cell 43.82043953727923 8.017845491640117 0.0 1.0 1.0 1 0 0 0.0 1.0 0
cell 22.50684770035007 32.91054581843251 0.0 1.0 1.0 1 0 0 0.0 1.0 0
cell 51.06785401894637 6.422231976266284 0.0 1.6431676725154984 0.6085806194501846 1 0 0 0.7985750594482022 0.6018952354249868 1.8498481262172484
cell 32.36468096082157 54.846872910243064 0.0 1.0 1.0 1 0 0 0.0 1.0 0
cell 30.67757250103787 41.44003200069031 0.0 1.0 1.0 1 0 0 0.0 1.0 0
cell 57.674139602568474 23.16320464334315 0.0 1.0 1.0 1 0 0 0.0 1.0 0
cell 40.31166725395019 41.60943556350941 0.0 1.0 1.0 1 0 0 0.0 1.0 0
cell 23.25823087491728 31.011665463722473 0.0 1.0 1.0 1 0 0 0.0 1.0 0
cell 4.181021986256866 3.323696650975226 0.0 1.6431676725154984 0.6085806194501846 1 0 0 0.968584805899165 -0.24868348111862407 3.644234250511546
cell 19.695651386962133 54.194470258650526 0.0 1.0 1.0 1 0 0 0.0 1.0 0
cell 5.399435881656466 2.537317153231827 0.0 1.6431676725154984 0.6085806194501846 1 0 0 0.9984007632636016 -0.05653243241412655 3.2547178294956294
cell 2.2481085440008646 43.57861310871476 0.0 1.0 1.0 1 0 0 0.0 1.0 0
cell 43.08131923687495 56.91040431201849 0.0 1.0 1.0 1 0 0 0.0 1.0 0
cell 23.377998978523618 14.06662698749377 0.0 1.6431676725154984 0.6085806194501846 1 0 0 0.5073727992741193 0.8617266634825362 1.0642665616459968
cell 19.00345875307484 57.707900630445444 0.0 1.0 1.0 1 0 0 0.0 1.0 0
cell 47.81626538789729 58.63509451052799 0.0 1.0 1.0 1 0 0 0.0 1.0 0
cell 4.9754311487616025 41.930470189853814 0.0 1.0 1.0 1 0 0 0.0 1.0 0
cell 7.8336246603698445 23.500246255678 0.0 1.6431676725154984 0.6085806194501846 1 0 0 -0.1909259464624884 0.9816044432292486 5.898974588933617
cell 47.7911064835051 3.993366556586167 0.0 1.0 1.0 1 0 0 0.0 1.0 0
cell 23.251707880140795 6.125160224875449 0.0 1.6431676725154984 0.6085806194501846 1 0 0 0.6515416163790175 0.7586128934616239 1.4192296387658114
cell 56.825440994981854 21.384250769965714 0.0 1.0 1.0 1 0 0 0.0 1.0 0
cell 34.041501930813936 14.163788570589745 0.0 1.0 1.0 1 0 0 0.0 1.0 0
cell 49.856518462146475 48.66890303745472 0.0 1.0 1.0 1 0 0 0.0 1.0 0
cell 8.573502130795081 55.03378599803163 0.0 1.0 1.0 1 0 0 0.0 1.0 0
cell 34.55987462664564 42.921644242617695 0.0 1.0 1.0 1 0 0 0.0 1.0 0
cell 35.476095872244606 29.731446393313902 0.0 1.6431676725154984 0.6085806194501846 1 0 0 0.7695861952776818 0.6385429414205609 1.7563857061952994
cell 45.62010522685819 34.817819527112796 0.0 1.0 1.0 1 0 0 0.0 1.0 0
cell 25.810048683463503 43.06078343828055 0.0 1.0 1.0 1 0 0 0.0 1.0 0
cell 15.086073509202045 49.86467353415509 0.0 1.0 1.0 1 0 0 0.0 1.0 0
cell 17.711475786281262 50.89862903746107 0.0 1.0 1.0 1 0 0 0.0 1.0 0
cell 33.56142774632366 31.750169948249418 0.0 1.6431676725154984 0.6085806194501846 1 0 0 -0.9236679032545861 -0.38319395154056973 2.3550891996810357
cell 40.54456622126139 25.260904704246883 0.0 1.6431676725154984 0.6085806194501846 1 0 0 -0.9356618137056176 -0.3528979602847177 2.4202595893211623
cell 20.81976472153858 46.1513265756542 0.0 1.0 1.0 1 0 0 0.0 1.0 0
cell 56.8199871802546 11.813554227326636 0.0 1.6431676725154984 0.6085806194501846 1 0 0 0.17493489020445013 0.9845800039555734 0.3516792765255979
cell 37.38439116692961 53.493454994758224 0.0 1.0 1.0 1 0 0 0.0 1.0 0
cell 12.974477950184736 5.027466268008947 0.0 1.6431676725154984 0.6085806194501846 1 0 0 0.6584031084833474 -0.7526654945853871 4.845795030339121
cell 25.598504474921963 5.470335153760611 0.0 1.6431676725154984 0.6085806194501846 1 0 0 0.1887150104533038 -0.9820318960347517 5.903478345623548
cell 9.475272396156825 44.67584829584401 0.0 1.0 1.0 1 0 0 0.0 1.0 0
cell 14.661784925228371 17.06158765740834 0.0 1.6431676725154984 0.6085806194501846 1 0 0 0.815166963500082 0.5792260539876086 1.9060347784896734
cell 47.88406141222951 48.8252819478978 0.0 1.0 1.0 1 0 0 0.0 1.0 0
cell 38.051234174093345 54.68554812358534 0.0 1.6431676725154984 0.6085806194501846 1 0 0 -0.4594725169517845 0.8881919872223528 5.328382860808462
cell 22.20999770489796 42.2822070843515 0.0 1.6431676725154984 0.6085806194501846 1 0 0 0.9854602946744828 0.16990587870960078 2.8001243368593265
cell 9.332500333526005 53.185799040348144 0.0 1.0 1.0 1 0 0 0.0 1.0 0
cell 52.12898130838722 55.12827876808855 0.0 1.0 1.0 1 0 0 0.0 1.0 0
cell 31.606366182430772 49.000546871279965 0.0 1.0 1.0 1 0 0 0.0 1.0 0
cell 43.56898690333175 17.001747448968672 0.0 1.6431676725154984 0.6085806194501846 1 0 0 0.7888586826041054 0.6145746324736445 1.817899385091974
cell 20.57179252501956 58.720646796062134 0.0 1.6431676725154984 0.6085806194501846 1 0 0 0.21475332752460674 -0.9766683205249922 5.8503067920216685
cell 55.13674306774429 49.28357657900328 0.0 1.0 1.0 1 0 0 0.0 1.0 0
cell 20.00316973551027 28.281378116941067 0.0 1.0 1.0 1 0 0 0.0 1.0 0
cell 38.267546608083165 37.40708908269454 0.0 1.0 1.0 1 0 0 0.0 1.0 0
cell 41.49589718071533 22.445781847693375 0.0 1.0 1.0 1 0 0 0.0 1.0 0
cell 25.290644238115224 11.688650168541718 0.0 1.6431676725154984 0.6085806194501846 1 0 0 0.5775560889013043 0.8163510054952029 1.2314636155581706
cell 46.88793648083158 36.300776146095295 0.0 1.0 1.0 1 0 0 0.0 1.0 0
cell 16.11577471562661 51.60731778368477 0.0 1.0 1.0 1 0 0 0.0 1.0 0
cell 22.6800052581671 49.02369016899769 0.0 1.0 1.0 1 0 0 0.0 1.0 0
cell 41.28575728205483 51.992099138954416 0.0 1.0 1.0 1 0 0 0.0 1.0 0
cell 58.53457851802612 35.51857054194815 0.0 1.0 1.0 1 0 0 0.0 1.0 0
cell 44.628990408561386 31.437712052506267 0.0 1.0 1.0 1 0 0 0.0 1.0 0
cell 49.55752178863614 43.17121187785018 0.0 1.0 1.0 1 0 0 0.0 1.0 0
cell 39.153299745757685 54.80915945766394 0.0 1.6431676725154984 0.6085806194501846 1 0 0 -0.5416770119342819 0.8405867086398332 5.138323548694228
cell 9.796162562488632 20.70959583836636 0.0 1.0 1.0 1 0 0 0.0 1.0 0
cell 33.726106240953456 22.646943942769912 0.0 1.0 1.0 1 0 0 0.0 1.0 0
cell 29.849203305380712 57.63984440549471 0.0 1.0 1.0 1 0 0 0.0 1.0 0
cell 48.95192892340797 55.62633699405987 0.0 1.6431676725154984 0.6085806194501846 1 0 0 0.754127899812472 0.6567275772528746 1.7086503137952407
cell 21.792987912112842 14.317906261780085 0.0 1.0 1.0 1 0 0 0.0 1.0 0
cell 58.732727425151765 53.63786326518444 0.0 1.0 1.0 1 0 0 0.0 1.0 0
cell 6.460267485991973 16.824671848840982 0.0 1.6431676725154984 0.6085806194501846 1 0 0 0.32926089571807976 -0.9442389859304305 5.612143873316304
cell 27.26620512960802 55.93529790233163 0.0 1.0 1.0 1 0 0 0.0 1.0 0
cell 56.05172595610871 7.720550482386717 0.0 1.6431676725154984 0.6085806194501846 1 0 0 0.3921909813843543 0.9198838155554087 0.806024378275538
cell 33.37662649376707 49.5686599608049 0.0 1.0 1.0 1 0 0 0.0 1.0 0
cell 54.80688268124761 43.9216781265303 0.0 1.0 1.0 1 0 0 0.0 1.0 0
cell 42.32093497403333 41.218261096539294 0.0 1.0 1.0 1 0 0 0.0 1.0 0
cell 11.073477934826432 49.753626932479335 0.0 1.0 1.0 1 0 0 0.0 1.0 0
cell 35.75080157292381 4.769257604597304 0.0 1.0 1.0 1 0 0 0.0 1.0 0
cell 18.86262471704417 41.05367038007349 0.0 1.0 1.0 1 0 0 0.0 1.0 0
cell 19.940497215482655 19.203381990488584 0.0 1.0 1.0 1 0 0 0.0 1.0 0
cell 17.83139751243719 44.146276008524595 0.0 1.6431676725154984 0.6085806194501846 1 0 0 0.9998418676756524 -0.0177831280393299 3.177160784511957
cell 29.69875453874565 10.99445247627827 0.0 1.0 1.0 1 0 0 0.0 1.0 0
cell 4.350133768696439 11.738929437235667 0.0 1.6431676725154984 0.6085806194501846 1 0 0 0.7949420096537193 -0.6066854220168028 4.445361331205164
cell 2.483815209915514 20.15485533579985 0.0 1.6431676725154984 0.6085806194501846 1 0 0 0.5606061518521092 -0.8280825698597755 5.0929500806943615
cell 57.67494123294574 45.09445064483674 0.0 1.0 1.0 1 0 0 0.0 1.0 0
cell 20.168854861587192 56.53694557496385 0.0 1.6431676725154984 0.6085806194501846 1 0 0 0.8808274061108711 -0.47343751503656173 4.127971255781375
cell 28.65280679502681 16.47017308366113 0.0 1.6431676725154984 0.6085806194501846 1 0 0 0.43261150220913214 0.9015804390936829 0.8947747068034888
cell 0.500989275047664 23.72727449004846 0.0 1.0 1.0 1 0 0 0.0 1.0 0
cell 4.939572235687098 58.33866524912536 0.0 1.0 1.0 1 0 0 0.0 1.0 0
cell 35.62874368596137 35.73723186846029 0.0 1.0 1.0 1 0 0 0.0 1.0 0
cell 14.759388005300428 5.681891988968485 0.0 1.6431676725154984 0.6085806194501846 1 0 0 0.4698162145797077 0.8827642519483863 0.9781651467676944
cell 51.4588982734876 49.501259758384066 0.0 1.0 1.0 1 0 0 0.0 1.0 0
cell 0.4322245611379807 52.04636866276504 0.0 1.0 1.0 1 0 0 0.0 1.0 0
cell 32.44188065833329 6.931407618763396 0.0 1.0 1.0 1 0 0 0.0 1.0 0
cell 32.33433324662274 5.16209618311715 0.0 1.0 1.0 1 0 0 0.0 1.0 0
cell 0.15710032944803762 19.37570284783105 0.0 1.6431676725154984 0.6085806194501846 1 0 0 0.9986187044408321 -0.05254220342652136 3.2467254714000027
cell 30.309107346542156 16.476821810996018 0.0 1.0 1.0 1 0 0 0.0 1.0 0
cell 26.949211574479143 34.960150730474176 0.0 1.6431676725154984 0.6085806194501846 1 0 0 0.779907582100118 0.6258946903295696 1.7890362927592531
cell 7.481405211502245 53.35363613852145 0.0 1.0 1.0 1 0 0 0.0 1.0 0
cell 8.731994894038671 18.492417949048097 0.0 1.6431676725154984 0.6085806194501846 1 0 0 0.6985827781215436 -0.7155292461611797 4.736355478907806
cell 8.573214438909758 35.149555037134306 0.0 1.0 1.0 1 0 0 0.0 1.0 0
cell 26.157664991682626 15.927498352208413 0.0 1.6431676725154984 0.6085806194501846 1 0 0 0.16346563662770847 0.986549028503854 0.32840505357053623
cell 10.202606960047463 51.44721165909707 0.0 1.0 1.0 1 0 0 0.0 1.0 0
cell 5.559889264454141 38.052801936435436 0.0 1.0 1.0 1 0 0 0.0 1.0 0
cell 9.91029316492764 11.940578462030476 0.0 1.6431676725154984 0.6085806194501846 1 0 0 0.14919952221988494 -0.9888071109014933 5.983667938417943
cell 46.479279976928595 28.903911165566896 0.0 1.0 1.0 1 0 0 0.0 1.0 0
cell 14.6310847022005 26.25567061872651 0.0 1.0 1.0 1 0 0 0.0 1.0 0
cell 28.078785377052387 18.96966275026103 0.0 1.6431676725154984 0.6085806194501846 1 0 0 0.19614512742338833 0.9805748767881333 0.39485025276580626
cell 52.242869699354685 25.558920630071956 0.0 1.0 1.0 1 0 0 0.0 1.0 0
cell 47.78563699082759 18.831557902496805 0.0 1.0 1.0 1 0 0 0.0 1.0 0
cell 1.0024596450941854 47.38635754088016 0.0 1.0 1.0 1 0 0 0.0 1.0 0
cell 4.241297750285069 43.48328091367951 0.0 1.0 1.0 1 0 0 0.0 1.0 0
cell 57.859049480854004 43.266958395326824 0.0 1.0 1.0 1 0 0 0.0 1.0 0
cell 32.847034819265296 19.23193439882602 0.0 1.0 1.0 1 0 0 0.0 1.0 0
cell 35.55302911735838 10.958723278740122 0.0 1.0 1.0 1 0 0 0.0 1.0 0
cell 36.47947350617282 42.50365319017731 0.0 1.0 1.0 1 0 0 0.0 1.0 0
cell 41.25206357723017 20.500816342941842 0.0 1.6431676725154984 0.6085806194501846 1 0 0 0.8785310701521768 0.4776852088742868 2.145556700399597
cell 15.51578837571723 38.36305241792771 0.0 1.0 1.0 1 0 0 0.0 1.0 0
cell 17.825589749776107 8.538033331461536 0.0 1.6431676725154984 0.6085806194501846 1 0 0 0.6743071805792378 -0.7384509639910284 4.803133120311459
cell 53.230110605491156 54.10480718774706 0.0 1.6431676725154984 0.6085806194501846 1 0 0 0.8790135312287839 -0.4767968245665063 4.135606730962051
cell 1.5965308858245366 14.250507303958628 0.0 1.0 1.0 1 0 0 0.0 1.0 0
cell 32.482397703425804 33.315368197783684 0.0 1.6431676725154984 0.6085806194501846 1 0 0 0.996154899934889 0.087609447753717 2.96614883403996
cell 6.239899394581293 25.962554640722107 0.0 1.6431676725154984 0.6085806194501846 1 0 0 0.2490062158394583 0.9685018866648186 0.5033080301156558
cell 16.11830836883093 24.962678305059285 0.0 1.0 1.0 1 0 0 0.0 1.0 0
cell 5.467463846339258 9.483137970802003 0.0 1.6431676725154984 0.6085806194501846 1 0 0 0.09246480104080189 -0.9957159537581413 6.097991169406911
cell 26.346217427039022 46.813649062185874 0.0 1.0 1.0 1 0 0 0.0 1.0 0
cell 42.29713339321518 4.967132242063913 0.0 1.6431676725154984 0.6085806194501846 1 0 0 0.9860759032462277 0.16629585995188237 2.8074486045587186
cell 56.33661216416885 42.35633853168878 0.0 1.6431676725154984 0.6085806194501846 1 0 0 0.9595726983067994 0.28146089722057 2.570960222385975
cell 57.32486537750758 16.791027500881547 0.0 1.6431676725154984 0.6085806194501846 1 0 0 -0.15928522105807005 0.9872326060014842 5.9632521316440394
cell 50.95666421923656 58.59304610155302 0.0 1.0 1.0 1 0 0 0.0 1.0 0
cell 18.9913927438689 9.786225038193328 0.0 1.6431676725154984 0.6085806194501846 1 0 0 0.7017547706870773 -0.7124185860980381 4.727470035682129
cell 50.82564628813503 50.984756647333185 0.0 1.6431676725154984 0.6085806194501846 1 0 0 0.9801718480116294 -0.19814930826391342 3.540531512226395
cell 1.6883937267051794 5.170968731871836 0.0 1.0 1.0 1 0 0 0.0 1.0 0
cell 52.12860574136923 23.138260457120314 0.0 1.0 1.0 1 0 0 0.0 1.0 0
cell 32.31541414457797 3.680729571358508 0.0 1.6431676725154984 0.6085806194501846 1 0 0 0.9663855447190015 0.25709721693973797 2.62155816423004
cell 6.866691844196941 3.6463128524857336 0.0 1.6431676725154984 0.6085806194501846 1 0 0 0.9989119425990222 0.046636154784113225 3.0482865007494957
cell 43.295616737375084 37.386494495182475 0.0 1.0 1.0 1 0 0 0.0 1.0 0
cell 3.197565156705346 0.6786300695198446 0.0 1.0 1.0 1 0 0 0.0 1.0 0
cell 22.918889416049552 24.383181471782322 0.0 1.6431676725154984 0.6085806194501846 1 0 0 0.7499528145677185 0.6614913271706269 1.695981488396461
cell 9.547326091462384 31.78080966752909 0.0 1.0 1.0 1 0 0 0.0 1.0 0
cell 33.56434177574002 17.342359429092916 0.0 1.0 1.0 1 0 0 0.0 1.0 0
cell 20.712287245950012 49.29513881940201 0.0 1.0 1.0 1 0 0 0.0 1.0 0
cell 52.88775232155981 5.04340062595167 0.0 1.0 1.0 1 0 0 0.0 1.0 0
cell 2.396782641096994 51.86187728706708 0.0 1.0 1.0 1 0 0 0.0 1.0 0
cell 17.181817597921036 58.01215560007932 0.0 1.0 1.0 1 0 0 0.0 1.0 0
cell 16.9221856639265 28.851336630326372 0.0 1.0 1.0 1 0 0 0.0 1.0 0
cell 10.438438403308158 40.124090415874456 0.0 1.0 1.0 1 0 0 0.0 1.0 0
cell 31.703194695286644 50.975136291219464 0.0 1.0 1.0 1 0 0 0.0 1.0 0
cell 1.6888350787499025 53.54136267795031 0.0 1.0 1.0 1 0 0 0.0 1.0 0
cell 40.690388330323344 7.166560726473358 0.0 1.0 1.0 1 0 0 0.0 1.0 0
cell 37.95996666758242 17.470336385854957 0.0 1.0 1.0 1 0 0 0.0 1.0 0
cell 15.779333638633329 0.5177888386558118 0.0 1.6431676725154984 0.6085806194501846 1 0 0 0.18708019964040884 -0.9823446436472817 5.906807260223055
cell 26.466728894804582 22.946258536701414 0.0 1.0 1.0 1 0 0 0.0 1.0 0
cell 35.88818140057711 31.989642569944067 0.0 1.6431676725154984 0.6085806194501846 1 0 0 0.8209035451509532 0.571066869603374 1.9259828594564343
cell 55.57377478748714 33.654676501948735 0.0 1.0 1.0 1 0 0 0.0 1.0 0
cell 12.07363023704322 3.3670663491874837 0.0 1.6431676725154984 0.6085806194501846 1 0 0 0.7046534542980044 -0.7095516255677878 4.719316054474868
cell 21.162022761244778 0.9986526804926308 0.0 1.6431676725154984 0.6085806194501846 1 0 0 0.4646197107503593 -0.8855103186198636 5.316775097018582
cell 48.191442897215225 37.801422330946345 0.0 1.0 1.0 1 0 0 0.0 1.0 0
cell 26.53861919929125 17.352987762358538 0.0 1.6431676725154984 0.6085806194501846 1 0 0 0.26565991390356924 0.9640668079260629 0.5377767367604979
cell 21.4542312564047 27.517709055114455 0.0 1.6431676725154984 0.6085806194501846 1 0 0 0.8122058662808285 0.5833709204091415 1.895846928765084
cell 0.6985700818659263 27.03392981774453 0.0 1.0 1.0 1 0 0 0.0 1.0 0
cell 40.094913600885945 8.843272952823742 0.0 1.0 1.0 1 0 0 0.0 1.0 0
cell 30.0548848742622 50.31808556288286 0.0 1.0 1.0 1 0 0 0.0 1.0 0
cell 30.301987449967537 37.630658127345356 0.0 1.0 1.0 1 0 0 0.0 1.0 0
cell 26.045345081961212 3.913507101284848 0.0 1.0 1.0 1 0 0 0.0 1.0 0
cell 54.99619189200727 54.11347518284355 0.0 1.6431676725154984 0.6085806194501846 1 0 0 0.9548018278158885 -0.297243115310411 3.745200576987916
cell 40.12898749958343 55.87594599472798 0.0 1.0 1.0 1 0 0 0.0 1.0 0
cell 23.72200700491722 54.26091210777101 0.0 1.0 1.0 1 0 0 0.0 1.0 0
cell 11.695006585688544 21.805399502491948 0.0 1.0 1.0 1 0 0 0.0 1.0 0
cell 11.35443574114584 26.8317209011386 0.0 1.0 1.0 1 0 0 0.0 1.0 0
cell 10.42996300174823 46.410237677393035 0.0 1.0 1.0 1 0 0 0.0 1.0 0
cell 16.190413685336214 10.836650043547666 0.0 1.6431676725154984 0.6085806194501846 1 0 0 0.4714247213484255 0.8819063057386308 0.9818111674172474
cell 18.59005166689375 20.45276763827253 0.0 1.0 1.0 1 0 0 0.0 1.0 0
cell 29.164226840554967 42.58224465261424 0.0 1.0 1.0 1 0 0 0.0 1.0 0
cell 13.21208951486247 27.482580722301517 0.0 1.0 1.0 1 0 0 0.0 1.0 0
cell 4.670538870972626 55.023454345528904 0.0 1.0 1.0 1 0 0 0.0 1.0 0
cell 5.5333989466329205 11.436476190465333 0.0 1.6431676725154984 0.6085806194501846 1 0 0 0.8587105610679634 -0.5124608983233194 4.217688962098617
cell 41.19323890743229 57.29755273385001 0.0 1.0 1.0 1 0 0 0.0 1.0 0
cell 40.87614510424339 39.87907606719681 0.0 1.0 1.0 1 0 0 0.0 1.0 0
cell 36.49214782362872 20.057479068597246 0.0 1.0 1.0 1 0 0 0.0 1.0 0
cell 9.067039856372844 38.8650246137853 0.0 1.6431676725154984 0.6085806194501846 1 0 0 0.9671567688359122 0.25418061392418945 2.6275918585185223
cell 41.30293177862929 33.236720210207956 0.0 1.0 1.0 1 0 0 0.0 1.0 0
cell 23.587464353573843 1.9562400640735493 0.0 1.0 1.0 1 0 0 0.0 1.0 0
cell 12.778070557197063 16.08887393311977 0.0 1.6431676725154984 0.6085806194501846 1 0 0 0.8495138883684641 0.5275662550515269 2.030126372389677
cell 45.01111227224766 27.520768178197873 0.0 1.0 1.0 1 0 0 0.0 1.0 0
cell 39.53938397334476 5.929511162135518 0.0 1.6431676725154984 0.6085806194501846 1 0 0 0.9981250342659722 0.061207973104422705 3.019100141386277
cell 48.65845725308182 35.82372538107317 0.0 1.0 1.0 1 0 0 0.0 1.0 0
cell 32.205962445464515 37.260763915462476 0.0 1.0 1.0 1 0 0 0.0 1.0 0
cell 40.55868501672474 28.9402137819074 0.0 1.6431676725154984 0.6085806194501846 1 0 0 0.9942947558128218 0.10666742034530106 2.9278511756418286
cell 52.92961681814385 3.0813682119577384 0.0 1.6431676725154984 0.6085806194501846 1 0 0 0.4735484976422583 0.8807677448571559 0.9866306069850529
cell 10.907329393471189 24.908545794887416 0.0 1.0 1.0 1 0 0 0.0 1.0 0
cell 53.68711233859487 26.952285359316832 0.0 1.0 1.0 1 0 0 0.0 1.0 0
cell 48.07712592885154 13.436380716381912 0.0 1.0 1.0 1 0 0 0.0 1.0 0
cell 12.13405893118484 46.508237279544744 0.0 1.0 1.0 1 0 0 0.0 1.0 0
cell 50.306197977843226 29.64872855523144 0.0 1.0 1.0 1 0 0 0.0 1.0 0
cell 58.280031271314726 4.934042126976626 0.0 1.6431676725154984 0.6085806194501846 1 0 0 0.9333685287055058 -0.35891947512237254 3.875812601217342
cell 44.65088895414177 38.76183800276517 0.0 1.0 1.0 1 0 0 0.0 1.0 0
cell 22.500281872023727 52.641214455791825 0.0 1.0 1.0 1 0 0 0.0 1.0 0
cell 39.61062553579391 21.557720729997193 0.0 1.6431676725154984 0.6085806194501846 1 0 0 0.7810359927290436 0.624486011101736 1.792646106382575
cell 27.49300289800787 5.663859718953416 0.0 1.0 1.0 1 0 0 0.0 1.0 0
cell 1.802322358192624 41.2614018504735 0.0 1.6431676725154984 0.6085806194501846 1 0 0 0.9776031522079076 -0.21045682881095268 3.565677115615831
cell 24.83095048615748 41.95986913856792 0.0 1.6431676725154984 0.6085806194501846 1 0 0 0.9768152245191675 0.21408413567466503 2.710084391742609
cell 5.52655365672887 22.182352936521767 0.0 1.6431676725154984 0.6085806194501846 1 0 0 0.07334273500660084 -0.9973067949341123 6.136368010457261
cell 8.459884942754703 2.373063191629036 0.0 1.0 1.0 1 0 0 0.0 1.0 0
cell 44.2052088575008 40.68039710541499 0.0 1.0 1.0 1 0 0 0.0 1.0 0
cell 3.5860899842512413 38.42184048788594 0.0 1.0 1.0 1 0 0 0.0 1.0 0
cell 13.100507885153146 32.84291736943661 0.0 1.0 1.0 1 0 0 0.0 1.0 0
cell 19.63293129906237 47.74181155868028 0.0 1.0 1.0 1 0 0 0.0 1.0 0
cell 39.99645595080459 17.055613753688952 0.0 1.0 1.0 1 0 0 0.0 1.0 0
cell 26.708488255915306 48.6505159245656 0.0 1.0 1.0 1 0 0 0.0 1.0 0
cell 21.62522876865051 6.595465491955585 0.0 1.0 1.0 1 0 0 0.0 1.0 0
cell 55.14319083634785 25.551099628322753 0.0 1.0 1.0 1 0 0 0.0 1.0 0
cell 57.848892303970935 33.61183308062829 0.0 1.0 1.0 1 0 0 0.0 1.0 0
cell 53.541563122825416 36.03038822762228 0.0 1.0 1.0 1 0 0 0.0 1.0 0
cell 27.665588955925035 43.721790646609755 0.0 1.0 1.0 1 0 0 0.0 1.0 0
cell 0.4817547110954887 33.77209115439118 0.0 1.0 1.0 1 0 0 0.0 1.0 0
cell 37.229792595002664 58.62584807569106 0.0 1.0 1.0 1 0 0 0.0 1.0 0
cell 11.252842669920877 36.64394481660726 0.0 1.6431676725154984 0.6085806194501846 1 0 0 0.9193031036921607 0.3935502554210331 2.332612025952172
cell 56.99970191488301 36.8447761427173 0.0 1.0 1.0 1 0 0 0.0 1.0 0
cell 5.297067484369815 5.258531656990356 0.0 1.6431676725154984 0.6085806194501846 1 0 0 0.9390274263062354 -0.3438422496504577 3.8436038163782444
cell 45.82748555114915 18.065663326540363 0.0 1.6431676725154984 0.6085806194501846 1 0 0 -0.030822163357076344 0.9995248842555096 6.221531215879625
cell 4.403422541989703 33.323750126926214 0.0 1.0 1.0 1 0 0 0.0 1.0 0
cell 31.117935837102124 32.35590016433273 0.0 1.0 1.0 1 0 0 0.0 1.0 0
cell 49.81591468388 27.790837618468263 0.0 1.0 1.0 1 0 0 0.0 1.0 0
cell 58.91397678912077 46.16355623527463 0.0 1.0 1.0 1 0 0 0.0 1.0 0
cell 21.421471657079874 38.43897821796219 0.0 1.0 1.0 1 0 0 0.0 1.0 0
cell 38.17910579577201 19.591768332217796 0.0 1.6431676725154984 0.6085806194501846 1 0 0 0.3827744227188744 0.9238418378230293 0.7855951419141705
cell 24.06140324605292 3.889820513043797 0.0 1.0 1.0 1 0 0 0.0 1.0 0
cell 3.8978974120077576 40.68651339120071 0.0 1.6431676725154984 0.6085806194501846 1 0 0 0.9998645932824027 0.016455853068603088 3.108679461883425
cell 49.09323611040439 41.21177666462669 0.0 1.0 1.0 1 0 0 0.0 1.0 0
cell 18.8271372475972 46.200342668896674 0.0 1.0 1.0 1 0 0 0.0 1.0 0
cell 32.03466012756585 16.034012911861318 0.0 1.0 1.0 1 0 0 0.0 1.0 0
cell 3.85243733660293 23.693976711556573 0.0 1.6431676725154984 0.6085806194501846 1 0 0 0.20730697631768838 -0.9782759414245131 5.865542653914452
cell 1.5765747028901598 38.536672790739786 0.0 1.0 1.0 1 0 0 0.0 1.0 0
cell 24.881548642444706 0.4288702801326433 0.0 1.0 1.0 1 0 0 0.0 1.0 0
cell 42.96856730440744 32.251580542417976 0.0 1.0 1.0 1 0 0 0.0 1.0 0
cell 51.4805700923792 46.09410806144854 0.0 1.0 1.0 1 0 0 0.0 1.0 0
cell 43.8696275746238 35.452240502615034 0.0 1.0 1.0 1 0 0 0.0 1.0 0
cell 13.27131679107972 20.91601309993132 0.0 1.0 1.0 1 0 0 0.0 1.0 0
cell 36.97159712613641 7.400305114818851 0.0 1.0 1.0 1 0 0 0.0 1.0 0
cell 48.72679917628566 15.237016510874904 0.0 1.0 1.0 1 0 0 0.0 1.0 0
cell 48.540709142682495 5.7193287620877475 0.0 1.6431676725154984 0.6085806194501846 1 0 0 0.9798829613743933 -0.19957299919615673 3.54343692216708
cell 21.385301603105496 25.014491473126913 0.0 1.0 1.0 1 0 0 0.0 1.0 0
cell 16.523686239859412 36.11018120744989 0.0 1.0 1.0 1 0 0 0.0 1.0 0
cell 50.737830802992626 24.202443402685244 0.0 1.0 1.0 1 0 0 0.0 1.0 0
cell 39.47050283786892 10.564794277438372 0.0 1.0 1.0 1 0 0 0.0 1.0 0
cell 18.571987009930634 55.865016729492474 0.0 1.0 1.0 1 0 0 0.0 1.0 0
cell 25.613400113064575 54.94866204835129 0.0 1.0 1.0 1 0 0 0.0 1.0 0
cell 32.02007099585018 8.836830576405399 0.0 1.0 1.0 1 0 0 0.0 1.0 0
cell 54.6678516130533 56.919893681698746 0.0 1.6431676725154984 0.6085806194501846 1 0 0 0.8245850638777259 -0.5657379892050441 4.344248576781981
cell 34.961671953737365 56.98449676913993 0.0 1.0 1.0 1 0 0 0.0 1.0 0
cell 43.64214148451915 58.697350934373894 0.0 1.0 1.0 1 0 0 0.0 1.0 0
cell 44.719244916637344 11.529627521211212 0.0 1.0 1.0 1 0 0 0.0 1.0 0
cell 54.2814583214118 28.8629950818781 0.0 1.0 1.0 1 0 0 0.0 1.0 0
cell 35.95629553605356 44.35527363397794 0.0 1.0 1.0 1 0 0 0.0 1.0 0
cell 53.505560486516174 56.65135599101809 0.0 1.6431676725154984 0.6085806194501846 1 0 0 0.7789778271280987 -0.6270514690540051 4.497117233906545
cell 37.11073668296637 22.918102626424627 0.0 1.0 1.0 1 0 0 0.0 1.0 0
cell 37.92798999666015 14.089905021285372 0.0 1.0 1.0 1 0 0 0.0 1.0 0
cell 44.230367425061736 53.08879037860566 0.0 1.0 1.0 1 0 0 0.0 1.0 0
cell 58.338184337373455 38.338124036473666 0.0 1.0 1.0 1 0 0 0.0 1.0 0
cell 40.387369773916916 3.079099209244613 0.0 1.0 1.0 1 0 0 0.0 1.0 0
cell 31.699886998802246 10.850044367751963 0.0 1.0 1.0 1 0 0 0.0 1.0 0
cell 13.170525972860636 45.23015254233187 0.0 1.0 1.0 1 0 0 0.0 1.0 0
cell 56.638558158668104 13.677440586780968 0.0 1.0 1.0 1 0 0 0.0 1.0 0
cell 20.508979591620054 52.57401252992726 0.0 1.0 1.0 1 0 0 0.0 1.0 0
cell 7.492190713214798 44.938386651586754 0.0 1.0 1.0 1 0 0 0.0 1.0 0
cell 21.451253550255895 50.963208845359624 0.0 1.0 1.0 1 0 0 0.0 1.0 0
cell 2.54367469193969 36.85407338171369 0.0 1.0 1.0 1 0 0 0.0 1.0 0
cell 56.07195248803113 15.625314679836567 0.0 1.0 1.0 1 0 0 0.0 1.0 0
cell 22.05783977245071 36.5632674235346 0.0 1.0 1.0 1 0 0 0.0 1.0 0
cell 28.43881410414818 23.008272586614687 0.0 1.0 1.0 1 0 0 0.0 1.0 0
cell 13.63217483114469 29.428906776631923 0.0 1.0 1.0 1 0 0 0.0 1.0 0
cell 43.77478156735395 3.2857317025109136 0.0 1.0 1.0 1 0 0 0.0 1.0 0
cell 15.655772987031638 47.79022225516745 0.0 1.0 1.0 1 0 0 0.0 1.0 0
cell 56.40620317666193 38.76673699349013 0.0 1.0 1.0 1 0 0 0.0 1.0 0
cell 17.311171979187456 37.85024146655189 0.0 1.0 1.0 1 0 0 0.0 1.0 0
cell 8.198816340385765 43.15229024771157 0.0 1.0 1.0 1 0 0 0.0 1.0 0
cell 27.331265752425914 37.24570927633879 0.0 1.6431676725154984 0.6085806194501846 1 0 0 0.7923607790252537 0.6100527812103581 1.8293382499591913
cell 42.446606499900106 53.47753838468665 0.0 1.0 1.0 1 0 0 0.0 1.0 0
cell 43.44178993806354 25.40469111595123 0.0 1.6431676725154984 0.6085806194501846 1 0 0 0.9079161785223829 0.41915177773368983 2.2765709203208977
cell 45.144930574737664 14.356566453715518 0.0 1.6431676725154984 0.6085806194501846 1 0 0 0.8781432769395211 0.47839772696566973 2.1439342754954276
cell 42.72327293280605 11.844220783022568 0.0 1.0 1.0 1 0 0 0.0 1.0 0
cell 27.304971867147238 40.08584608765349 0.0 1.6431676725154984 0.6085806194501846 1 0 0 0.9549460823989118 0.2967793451555732 2.5389561047762226
cell 49.94515925060642 37.27502082807691 0.0 1.0 1.0 1 0 0 0.0 1.0 0
cell 27.13487566173129 30.92338995873789 0.0 1.0 1.0 1 0 0 0.0 1.0 0
cell 50.07137505634016 21.57206046368419 0.0 1.0 1.0 1 0 0 0.0 1.0 0
cell 25.21524571764541 51.68833834304226 0.0 1.0 1.0 1 0 0 0.0 1.0 0
cell 4.494443535710264 26.82232868859455 0.0 1.0 1.0 1 0 0 0.0 1.0 0
cell 54.298480639850254 2.6729535310178165 0.0 1.6431676725154984 0.6085806194501846 1 0 0 0.6728382922102956 -0.7397895866633518 4.807107812751979
cell 47.48114484181455 1.4165885080581755 0.0 1.0 1.0 1 0 0 0.0 1.0 0
cell 35.53111115495315 21.72430137988402 0.0 1.0 1.0 1 0 0 0.0 1.0 0
cell 13.516123933648934 38.51253022458012 0.0 1.0 1.0 1 0 0 0.0 1.0 0
cell 17.24658894891753 13.547234822367058 0.0 1.6431676725154984 0.6085806194501846 1 0 0 0.9878357129901378 -0.15550113871372798 3.4538621393627063
cell 14.2379285601697 24.31931686029388 0.0 1.0 1.0 1 0 0 0.0 1.0 0
cell 38.292319741873364 27.37008067183474 0.0 1.6431676725154984 0.6085806194501846 1 0 0 0.9402897693034303 0.34037501339449383 2.446961261135209
cell 48.20224731461311 46.108193986294715 0.0 1.6431676725154984 0.6085806194501846 1 0 0 0.08553286217550857 0.9963353499139059 0.1712749964873192
cell 43.453169166526216 1.2916379719435147 0.0 1.0 1.0 1 0 0 0.0 1.0 0
cell 20.49180490091225 21.14955561311756 0.0 1.0 1.0 1 0 0 0.0 1.0 0
cell 33.88893694661937 29.62842179966573 0.0 1.0 1.0 1 0 0 0.0 1.0 0
cell 1.2793283468158487 3.2113164360862605 0.0 1.0 1.0 1 0 0 0.0 1.0 0
cell 1.954562855338289 39.8672820008378 0.0 1.6431676725154984 0.6085806194501846 1 0 0 0.9987874877701627 0.04922960769462973 3.0430936245557856
cell 52.84684828680842 46.45612367411508 0.0 1.6431676725154984 0.6085806194501846 1 0 0 0.810550252090874 0.5856690949976964 1.8901820650777357
cell 20.692176031291094 33.04025570153785 0.0 1.0 1.0 1 0 0 0.0 1.0 0
cell 41.20800514069658 27.611935664529422 0.0 1.6431676725154984 0.6085806194501846 1 0 0 0.9698754984149499 0.24360114444384787 2.6494384007072074
cell 56.23776637139663 57.467541108742886 0.0 1.6431676725154984 0.6085806194501846 1 0 0 0.8765663783263944 -0.48128098278214604 4.1458236363608245
cell 41.80756836235381 0.13301918001990512 0.0 1.0 1.0 1 0 0 0.0 1.0 0
cell 58.5909962737429 32.01443842276233 0.0 1.0 1.0 1 0 0 0.0 1.0 0
cell 54.38664613753976 51.60550568177323 0.0 1.0 1.0 1 0 0 0.0 1.0 0
cell 6.81081722088224 8.037333250828356 0.0 1.0 1.0 1 0 0 0.0 1.0 0
cell 29.168484815164124 55.80307305049336 0.0 1.0 1.0 1 0 0 0.0 1.0 0
cell 24.14840503154281 29.285024572319585 0.0 1.0 1.0 1 0 0 0.0 1.0 0
cell 8.847752520704384 58.369800345105254 0.0 1.0 1.0 1 0 0 0.0 1.0 0
cell 29.070397843695552 0.3271459457970015 0.0 1.0 1.0 1 0 0 0.0 1.0 0
cell 34.61670315559285 32.59111116657576 0.0 1.6431676725154984 0.6085806194501846 1 0 0 0.810940797782245 0.5851282103029182 1.891516354711364
cell 1.469410267608288 58.12511811319092 0.0 1.0 1.0 1 0 0 0.0 1.0 0
cell 38.52699641502971 31.63978246667425 0.0 1.0 1.0 1 0 0 0.0 1.0 0
cell 58.375415644899334 10.85721610759998 0.0 1.0 1.0 1 0 0 0.0 1.0 0
cell 38.96038214255695 15.6707512707968 0.0 1.0 1.0 1 0 0 0.0 1.0 0
cell 36.1596087047282 55.38139358081011 0.0 1.0 1.0 1 0 0 0.0 1.0 0
cell 37.16379597668481 34.55501414067797 0.0 1.0 1.0 1 0 0 0.0 1.0 0
cell 23.659175418508614 36.20584174304593 0.0 1.0 1.0 1 0 0 0.0 1.0 0
cell 1.170193784572762 0.8978597888010357 0.0 1.0 1.0 1 0 0 0.0 1.0 0
cell 28.3319141021458 32.08312565350834 0.0 1.6431676725154984 0.6085806194501846 1 0 0 0.867047663301415 0.49822519964726397 2.098491409158356
cell 2.0765336816974775 48.7984409406722 0.0 1.0 1.0 1 0 0 0.0 1.0 0
cell 21.609810302154095 40.76232884685092 0.0 1.6431676725154984 0.6085806194501846 1 0 0 0.8591265571787858 0.5117631862005378 2.067120974277777
cell 15.107458729935521 45.89425812766687 0.0 1.0 1.0 1 0 0 0.0 1.0 0
cell 45.97911150712466 56.59659394839684 0.0 1.0 1.0 1 0 0 0.0 1.0 0
cell 49.73322994344569 4.450544718843648 0.0 1.0 1.0 1 0 0 0.0 1.0 0
cell 52.78658696860441 32.68141144687107 0.0 1.0 1.0 1 0 0 0.0 1.0 0
cell 18.503211412754947 36.27096676010679 0.0 1.0 1.0 1 0 0 0.0 1.0 0
cell 37.418002594761965 29.798185391829055 0.0 1.6431676725154984 0.6085806194501846 1 0 0 0.9775275198995188 0.21080784577215284 2.7167900463012695
cell 33.70870459752827 24.525499968018412 0.0 1.0 1.0 1 0 0 0.0 1.0 0
cell 4.348762430585042 8.50702293375595 0.0 1.6431676725154984 0.6085806194501846 1 0 0 0.1904430488499914 -0.9816982454627897 5.8999584364178395
cell 49.288444747238245 57.68302337004831 0.0 1.0 1.0 1 0 0 0.0 1.0 0
cell 14.183587663495128 54.757031014070435 0.0 1.0 1.0 1 0 0 0.0 1.0 0
cell 19.94073754943044 44.91477929352398 0.0 1.6431676725154984 0.6085806194501846 1 0 0 -0.9981656395769192 -0.06054218337655115 3.0204341950126548
cell 1.4293238735914906 28.594605064254143 0.0 1.0 1.0 1 0 0 0.0 1.0 0
cell 40.614903448993495 53.85140331230416 0.0 1.0 1.0 1 0 0 0.0 1.0 0
cell 41.938278547151974 13.682848061232415 0.0 1.0 1.0 1 0 0 0.0 1.0 0
cell 56.312752598312514 46.12907188979398 0.0 1.0 1.0 1 0 0 0.0 1.0 0
cell 31.977957455699773 29.595861145234625 0.0 1.0 1.0 1 0 0 0.0 1.0 0
cell 41.469973393966114 31.316441138873667 0.0 1.0 1.0 1 0 0 0.0 1.0 0
cell 46.61820683247485 44.614482597874805 0.0 1.0 1.0 1 0 0 0.0 1.0 0
cell 39.9451155645773 13.969518087600346 0.0 1.0 1.0 1 0 0 0.0 1.0 0
cell 14.812789759804565 37.01037979731347 0.0 1.0 1.0 1 0 0 0.0 1.0 0
cell 13.929522295713312 48.50647979082328 0.0 1.0 1.0 1 0 0 0.0 1.0 0
cell 30.859726419400655 25.0792711451562 0.0 1.0 1.0 1 0 0 0.0 1.0 0
cell 6.899420404557453 1.2559342727390272 0.0 1.0 1.0 1 0 0 0.0 1.0 0
cell 50.404451162012165 26.039260552641114 0.0 1.0 1.0 1 0 0 0.0 1.0 0
cell 53.34269070002573 1.3050676825091272 0.0 1.0 1.0 1 0 0 0.0 1.0 0
cell 10.366234933205794 54.85639766723668 0.0 1.0 1.0 1 0 0 0.0 1.0 0
cell 9.973955354827481 28.201164649624648 0.0 1.0 1.0 1 0 0 0.0 1.0 0
cell 18.71217968479669 29.631660142698184 0.0 1.0 1.0 1 0 0 0.0 1.0 0
cell 3.2051897421318536 50.245347618429975 0.0 1.0 1.0 1 0 0 0.0 1.0 0
cell 26.56200818463635 12.400541494925182 0.0 1.6431676725154984 0.6085806194501846 1 0 0 0.6311309322845895 0.7756763154264702 1.3660206868290528
cell 23.18541608843336 47.17906523147302 0.0 1.0 1.0 1 0 0 0.0 1.0 0
cell 56.23019075193659 50.883478845360614 0.0 1.0 1.0 1 0 0 0.0 1.0 0
cell 33.52793918746341 40.014050805906884 0.0 1.0 1.0 1 0 0 0.0 1.0 0
cell 11.321410396777631 14.754175858634897 0.0 1.6431676725154984 0.6085806194501846 1 0 0 0.6241511716520928 -0.7813035997135299 4.935096036959103
cell 6.89336057390598 58.4527898868264 0.0 1.0 1.0 1 0 0 0.0 1.0 0
cell 18.358509757308163 27.555252955047855 0.0 1.0 1.0 1 0 0 0.0 1.0 0
cell 37.5452901803286 50.39197488304305 0.0 1.0 1.0 1 0 0 0.0 1.0 0
cell 48.48933361586923 26.030985518308427 0.0 1.0 1.0 1 0 0 0.0 1.0 0
cell 56.29358814744055 3.416797921566952 0.0 1.6431676725154984 0.6085806194501846 1 0 0 0.8012023096788392 -0.5983935652773126 4.424581801312564
cell 29.07453955087625 14.90691006670001 0.0 1.0 1.0 1 0 0 0.0 1.0 0
cell 18.7472769471407 49.285819408147454 0.0 1.0 1.0 1 0 0 0.0 1.0 0
cell 25.90065863489629 37.92452337188046 0.0 1.6431676725154984 0.6085806194501846 1 0 0 0.864481384560999 0.5026648344050917 2.0882354448486375
cell 45.535218579942146 23.42317815821307 0.0 1.0 1.0 1 0 0 0.0 1.0 0
cell 57.05883878974577 56.553912332763225 0.0 1.6431676725154984 0.6085806194501846 1 0 0 0.8391646462682252 -0.5438774645575275 4.291694357518529
cell 47.324727167273146 16.721377526601852 0.0 1.0 1.0 1 0 0 0.0 1.0 0
cell 6.328978200411281 27.549759323798106 0.0 1.0 1.0 1 0 0 0.0 1.0 0
cell 5.270916865953659 28.87317106786295 0.0 1.0 1.0 1 0 0 0.0 1.0 0
cell 59.02139757509362 3.298539705034385 0.0 1.6431676725154984 0.6085806194501846 1 0 0 0.8062501646058745 -0.5915747392113699 4.407613871561071
cell 11.52127856788438 38.47368747808905 0.0 1.0 1.0 1 0 0 0.0 1.0 0
cell 36.748267921000505 47.44938340212652 0.0 1.0 1.0 1 0 0 0.0 1.0 0
cell 1.447525454367297 35.34430668820661 0.0 1.0 1.0 1 0 0 0.0 1.0 0
cell 19.424746427859866 17.215168007847517 0.0 1.0 1.0 1 0 0 0.0 1.0 0
cell 7.67409640755161 31.28480742182037 0.0 1.0 1.0 1 0 0 0.0 1.0 0
cell 33.6678453748733 53.35393712756245 0.0 1.0 1.0 1 0 0 0.0 1.0 0
cell 5.152179035625191 50.112382404470566 0.0 1.0 1.0 1 0 0 0.0 1.0 0
cell 34.23479975357249 44.68359534600458 0.0 1.0 1.0 1 0 0 0.0 1.0 0
cell 34.78617909988631 12.499366147317959 0.0 1.0 1.0 1 0 0 0.0 1.0 0
cell 45.835760994634605 51.111501279672325 0.0 1.6431676725154984 0.6085806194501846 1 0 0 0.8857130633602606 -0.4642330981231122 4.107129766376315
cell 56.62545585447747 32.077876969818284 0.0 1.0 1.0 1 0 0 0.0 1.0 0
cell 58.759845620826596 42.30824352404044 0.0 1.6431676725154984 0.6085806194501846 1 0 0 0.9618421345708889 -0.27360502218365107 3.6958708209906286
cell 39.97085607171442 32.195637259484045 0.0 1.0 1.0 1 0 0 0.0 1.0 0
cell 44.74163943489901 57.64246836965426 0.0 1.6431676725154984 0.6085806194501846 1 0 0 0.641674307822159 0.7669772373942745 1.393358545955603
cell 30.62772402395899 7.495025228911851 0.0 1.0 1.0 1 0 0 0.0 1.0 0
cell 29.75718117366554 21.613500720391507 0.0 1.0 1.0 1 0 0 0.0 1.0 0
cell 2.5230663144411585 1.914936375635533 0.0 1.6431676725154984 0.6085806194501846 1 0 0 0.9999705896126064 0.007669413916090598 3.12625367538222
cell 14.515552659102205 39.87194291081747 0.0 1.0 1.0 1 0 0 0.0 1.0 0
cell 18.294762187917748 39.46006157816957 0.0 1.0 1.0 1 0 0 0.0 1.0 0
cell 36.99058059067699 56.95186136556805 0.0 1.6431676725154984 0.6085806194501846 1 0 0 0.3325350772210432 -0.9430908876760473 5.60520459202989
cell 37.13303099250743 3.5960211364627845 0.0 1.0 1.0 1 0 0 0.0 1.0 0
cell 46.45066569309416 38.25377497475053 0.0 1.0 1.0 1 0 0 0.0 1.0 0
cell 51.76468627592415 18.486462997797847 0.0 1.6431676725154984 0.6085806194501846 1 0 0 0.9499814501290436 0.31230633104488864 2.5063529914785407
cell 27.76285223656801 3.3928436274302594 0.0 1.0 1.0 1 0 0 0.0 1.0 0
cell 5.220070090842052 7.0557809944381695 0.0 1.6431676725154984 0.6085806194501846 1 0 0 -0.09925833894231426 0.9950616976602067 6.084341203975198
cell 21.08081486421146 55.64279764503985 0.0 1.0 1.0 1 0 0 0.0 1.0 0
cell 46.05263112767631 32.849564703147095 0.0 1.0 1.0 1 0 0 0.0 1.0 0
cell 16.307586389193876 32.628741729548196 0.0 1.0 1.0 1 0 0 0.0 1.0 0
cell 8.578817359164852 15.925755348004659 0.0 1.6431676725154984 0.6085806194501846 1 0 0 0.45142166176574966 -0.8923107548879197 5.346469438555868
cell 5.20635494505894 39.543472210392544 0.0 1.6431676725154984 0.6085806194501846 1 0 0 0.9977720427717556 0.06671544546113718 3.0080625815006963
cell 54.890551201278186 21.22285253525316 0.0 1.0 1.0 1 0 0 0.0 1.0 0
cell 2.735199238435176 11.932540328649585 0.0 1.0 1.0 1 0 0 0.0 1.0 0
cell 42.94552419003313 30.182288021264032 0.0 1.0 1.0 1 0 0 0.0 1.0 0
cell 46.56059056310583 47.3208809391776 0.0 1.0 1.0 1 0 0 0.0 1.0 0
cell 15.903367920443516 42.608856881819776 0.0 1.6431676725154984 0.6085806194501846 1 0 0 0.993354158983707 0.1150978489363383 2.910885648227687
cell 36.7835844191189 12.457219483920122 0.0 1.0 1.0 1 0 0 0.0 1.0 0
cell 52.13068271729001 34.582234635491865 0.0 1.0 1.0 1 0 0 0.0 1.0 0
cell 36.40543344306239 9.223353810177645 0.0 1.0 1.0 1 0 0 0.0 1.0 0
cell 2.9066614145735947 3.684206038131859 0.0 1.6431676725154984 0.6085806194501846 1 0 0 0.9273189630694453 -0.37427201435828555 3.9088158667791792
cell 44.01931153269979 47.347372586817094 0.0 1.0 1.0 1 0 0 0.0 1.0 0
cell 37.405052852479635 38.946036992483094 0.0 1.0 1.0 1 0 0 0.0 1.0 0
cell 16.7099132233009 44.83602467331678 0.0 1.6431676725154984 0.6085806194501846 1 0 0 0.9912069815194824 -0.13232051914588475 3.407012094889277
cell 13.145758470695991 42.584423202644174 0.0 1.6431676725154984 0.6085806194501846 1 0 0 0.996261439806926 0.08638948751920374 2.9685980411814987
cell 15.25577705508318 58.03582846202065 0.0 1.0 1.0 1 0 0 0.0 1.0 0
cell 25.22747864527348 30.92398538441258 0.0 1.0 1.0 1 0 0 0.0 1.0 0
cell 22.060561141117145 16.274294043317845 0.0 1.0 1.0 1 0 0 0.0 1.0 0
cell 38.922664884500456 40.289164243830065 0.0 1.0 1.0 1 0 0 0.0 1.0 0
cell 17.658705716063867 47.78925904873902 0.0 1.0 1.0 1 0 0 0.0 1.0 0
cell 52.07919780330177 10.466304035723262 0.0 1.0 1.0 1 0 0 0.0 1.0 0
cell 24.428714765679526 22.65695144152546 0.0 1.0 1.0 1 0 0 0.0 1.0 0
cell 37.075777110690375 25.0946624666932 0.0 1.0 1.0 1 0 0 0.0 1.0 0
cell 25.016084023016354 53.25572682800337 0.0 1.6431676725154984 0.6085806194501846 1 0 0 0.9787573554773096 -0.20502204539771704 3.5545651157338254
cell 14.147131840006011 51.38440822095469 0.0 1.0 1.0 1 0 0 0.0 1.0 0
cell 30.242486351158462 33.93742281533925 0.0 1.0 1.0 1 0 0 0.0 1.0 0
cell 6.210979993324941 43.41760329037317 0.0 1.0 1.0 1 0 0 0.0 1.0 0
cell 45.994373517224474 40.259734195967724 0.0 1.0 1.0 1 0 0 0.0 1.0 0
cell 31.658363925024563 17.91118067202194 0.0 1.0 1.0 1 0 0 0.0 1.0 0
cell 30.732522210074904 3.2963064187666427 0.0 1.0 1.0 1 0 0 0.0 1.0 0
cell 16.51574947445215 26.892759987515312 0.0 1.0 1.0 1 0 0 0.0 1.0 0
cell 40.763621934231125 35.02903198096579 0.0 1.0 1.0 1 0 0 0.0 1.0 0
cell 12.80833427016176 30.979952764468795 0.0 1.0 1.0 1 0 0 0.0 1.0 0
cell 49.133962589273416 33.881528346890455 0.0 1.0 1.0 1 0 0 0.0 1.0 0
cell 9.052846353110093 29.85394956939985 0.0 1.0 1.0 1 0 0 0.0 1.0 0
cell 35.874639395844184 37.72518647851797 0.0 1.0 1.0 1 0 0 0.0 1.0 0
cell 55.67326133734981 52.71178648939733 0.0 1.0 1.0 1 0 0 0.0 1.0 0
cell 39.872977406815046 58.70449728150599 0.0 1.0 1.0 1 0 0 0.0 1.0 0
cell 51.46591755358163 20.171043737966585 0.0 1.0 1.0 1 0 0 0.0 1.0 0
cell 5.891558826808795 56.70931722967105 0.0 1.0 1.0 1 0 0 0.0 1.0 0
cell 20.422330282601887 36.673154091301285 0.0 1.0 1.0 1 0 0 0.0 1.0 0
cell 11.227107589080275 53.06462491537691 0.0 1.0 1.0 1 0 0 0.0 1.0 0
cell 56.541536254446335 28.747046343600672 0.0 1.0 1.0 1 0 0 0.0 1.0 0
cell 31.469944804986497 47.04260261970734 0.0 1.0 1.0 1 0 0 0.0 1.0 0
cell 12.415048611393388 40.03838590793197 0.0 1.0 1.0 1 0 0 0.0 1.0 0
cell 48.743287537107506 24.041788748306978 0.0 1.0 1.0 1 0 0 0.0 1.0 0
cell 42.50517530490392 46.20400581216451 0.0 1.0 1.0 1 0 0 0.0 1.0 0
cell 6.6557791660062176 55.04281632620344 0.0 1.0 1.0 1 0 0 0.0 1.0 0
cell 25.774020120999417 39.57374937175394 0.0 1.6431676725154984 0.6085806194501846 1 0 0 0.9846477436530198 0.1745532036916454 2.790688678973258
cell 28.96431468661085 6.562666720054627 0.0 1.0 1.0 1 0 0 0.0 1.0 0
cell 48.647847033566656 47.42080263803809 0.0 1.0 1.0 1 0 0 0.0 1.0 0
cell 21.126256554684144 23.036164296753466 0.0 1.0 1.0 1 0 0 0.0 1.0 0
cell 3.550918488239816 53.4570515824553 0.0 1.0 1.0 1 0 0 0.0 1.0 0
cell 7.381687120513738 38.29452884057252 0.0 1.0 1.0 1 0 0 0.0 1.0 0
cell 24.306445428982308 44.247717125414404 0.0 1.0 1.0 1 0 0 0.0 1.0 0
cell 29.50305638894879 44.40721855137974 0.0 1.0 1.0 1 0 0 0.0 1.0 0
cell 47.2854211864608 20.888827001506417 0.0 1.6431676725154984 0.6085806194501846 1 0 0 0.998169264037909 0.06048239686073337 3.0205539875698886
cell 10.860705533444806 58.34599991646149 0.0 1.0 1.0 1 0 0 0.0 1.0 0
cell 54.9082645098039 45.28826985985917 0.0 1.0 1.0 1 0 0 0.0 1.0 0
cell 39.44915859804572 33.974340480793394 0.0 1.0 1.0 1 0 0 0.0 1.0 0
cell 42.41054231614253 6.610218060156823 0.0 1.0 1.0 1 0 0 0.0 1.0 0
cell 42.672614124143976 20.971850814399005 0.0 1.0 1.0 1 0 0 0.0 1.0 0
cell 18.50568402679934 52.605955487439154 0.0 1.0 1.0 1 0 0 0.0 1.0 0
cell 11.822098969944786 34.35435167227272 0.0 1.0 1.0 1 0 0 0.0 1.0 0
cell 3.324141528124341 28.45897714785907 0.0 1.0 1.0 1 0 0 0.0 1.0 0
cell 30.37954061274157 9.439629301081927 0.0 1.0 1.0 1 0 0 0.0 1.0 0
cell 41.489669142926736 49.97841715379417 0.0 1.0 1.0 1 0 0 0.0 1.0 0
cell 36.47038552765661 1.7102882343048351 0.0 1.0 1.0 1 0 0 0.0 1.0 0
cell 45.14685375688639 48.7305066647986 0.0 1.0 1.0 1 0 0 0.0 1.0 0
cell 30.186991769877952 35.90413276869089 0.0 1.0 1.0 1 0 0 0.0 1.0 0
cell 55.07184195073248 37.303167233000835 0.0 1.0 1.0 1 0 0 0.0 1.0 0
cell 49.59747251052829 19.20855266228351 0.0 1.0 1.0 1 0 0 0.0 1.0 0
cell 38.97275709083172 4.398109829891707 0.0 1.0 1.0 1 0 0 0.0 1.0 0
cell 6.054413375395843 20.871676389313187 0.0 1.6431676725154984 0.6085806194501846 1 0 0 0.141600059193277 0.9899239482083765 0.28415514835699884
cell 5.030625397823557 1.0389001022571709 0.0 1.0 1.0 1 0 0 0.0 1.0 0
cell 33.3361938749676 51.46743715455898 0.0 1.0 1.0 1 0 0 0.0 1.0 0
cell 54.348513816766555 46.59171510052836 0.0 1.0 1.0 1 0 0 0.0 1.0 0
cell 10.626361330735941 4.998802467484648 0.0 1.6431676725154984 0.6085806194501846 1 0 0 0.5590346519864431 -0.8291442925561247 5.096743162813089
cell 41.83288382285592 55.39477249604061 0.0 1.0 1.0 1 0 0 0.0 1.0 0
cell 29.835081770188584 23.754974855770264 0.0 1.6431676725154984 0.6085806194501846 1 0 0 0.8774871453339794 0.47960015614428614 2.1411946807029314
cell 55.4804480794134 30.4142453108366 0.0 1.0 1.0 1 0 0 0.0 1.0 0
cell 21.293821704578946 17.9170513358982 0.0 1.0 1.0 1 0 0 0.0 1.0 0
cell 45.72527864289138 42.221236835065234 0.0 1.0 1.0 1 0 0 0.0 1.0 0
cell 35.449706051080696 23.715659076535115 0.0 1.0 1.0 1 0 0 0.0 1.0 0
cell 31.08331593659686 56.20988667523581 0.0 1.0 1.0 1 0 0 0.0 1.0 0
cell 45.13472550257742 1.7786759757444943 0.0 1.0 1.0 1 0 0 0.0 1.0 0
cell 54.37745273124437 14.586521073086855 0.0 1.0 1.0 1 0 0 0.0 1.0 0
cell 16.829489448471353 56.11985923953341 0.0 1.0 1.0 1 0 0 0.0 1.0 0
cell 25.1718611925473 18.17942043911434 0.0 1.0 1.0 1 0 0 0.0 1.0 0
cell 2.6002803319319328 55.23171887844005 0.0 1.0 1.0 1 0 0 0.0 1.0 0
cell 32.81175858590083 12.55042651298133 0.0 1.0 1.0 1 0 0 0.0 1.0 0
cell 24.893098033521433 14.196032870112674 0.0 1.6431676725154984 0.6085806194501846 1 0 0 0.37921024405063686 0.9253105374991989 0.7778852867350687
cell 38.46268850983184 28.483910547137057 0.0 1.6431676725154984 0.6085806194501846 1 0 0 0.9789895998208025 0.20391018474491424 2.7308919059393078
cell 25.465845190681314 49.71458568475934 0.0 1.0 1.0 1 0 0 0.0 1.0 0
cell 51.297744638048385 38.524390976469945 0.0 1.0 1.0 1 0 0 0.0 1.0 0
cell 2.8992822068040303 47.050076581847435 0.0 1.0 1.0 1 0 0 0.0 1.0 0
cell 17.723699786295956 34.536085814921265 0.0 1.0 1.0 1 0 0 0.0 1.0 0
cell 32.849885994505456 41.86829477288388 0.0 1.0 1.0 1 0 0 0.0 1.0 0
cell 25.436881657703616 9.254164070608798 0.0 1.0 1.0 1 0 0 0.0 1.0 0
cell 17.526170856222723 0.7805131465401939 0.0 1.6431676725154984 0.6085806194501846 1 0 0 0.41547285236982157 -0.9096055787777934 5.426260137981464
cell 47.596156793446504 51.45601395384725 0.0 1.0 1.0 1 0 0 0.0 1.0 0
cell 54.693257732650345 0.1920835544649039 0.0 1.6431676725154984 0.6085806194501846 1 0 0 0.8283224323312415 -0.5602516828148363 4.330971884032039
cell 4.785355900496491 46.740982159539776 0.0 1.0 1.0 1 0 0 0.0 1.0 0
cell 34.80541697917769 15.660475841386642 0.0 1.6431676725154984 0.6085806194501846 1 0 0 -0.10568289262084335 0.9943998824453326 6.071424078235337
cell 20.267903645653984 39.690101233313676 0.0 1.0 1.0 1 0 0 0.0 1.0 0
cell 23.05153114639391 51.07740937282433 0.0 1.6431676725154984 0.6085806194501846 1 0 0 0.9117112069260137 -0.410831687148778 3.988324856442659
cell 21.84521237834316 19.83862408536121 0.0 1.0 1.0 1 0 0 0.0 1.0 0
cell 0.9300728411628999 11.506454396124289 0.0 1.0 1.0 1 0 0 0.0 1.0 0
cell 45.68332621005209 6.173434234783317 0.0 1.6431676725154984 0.6085806194501846 1 0 0 0.9543124419451585 0.2988105807173975 2.5347005578828705
cell 24.21791638026896 12.23690929147384 0.0 1.6431676725154984 0.6085806194501846 1 0 0 0.4033936829908433 0.9150265223058198 0.8304453261234257
cell 55.4187304322428 19.41576172183809 0.0 1.0 1.0 1 0 0 0.0 1.0 0
cell 34.129472703110885 36.78180907011569 0.0 1.0 1.0 1 0 0 0.0 1.0 0
cell 53.10517178283149 52.46109070033068 0.0 1.6431676725154984 0.6085806194501846 1 0 0 0.978636987121916 -0.20559583516437951 3.555737674043083
cell 6.917700526275955 5.305108750033049 0.0 1.6431676725154984 0.6085806194501846 1 0 0 0.9523545108911113 -0.3049932549833719 3.761455347202032
cell 25.675308724670458 2.1146629614598953 0.0 1.0 1.0 1 0 0 0.0 1.0 0
cell 53.662565855670465 24.413839759239156 0.0 1.0 1.0 1 0 0 0.0 1.0 0
cell 28.53148520832615 33.773745162468174 0.0 1.6431676725154984 0.6085806194501846 1 0 0 0.8685466263128185 0.4956074635441048 2.1045244645419308
cell 26.604599383259163 14.637297494763347 0.0 1.6431676725154984 0.6085806194501846 1 0 0 0.42736958278994897 0.9040770098315436 0.8831625271033514
cell 14.766635409781205 56.568877668318365 0.0 1.6431676725154984 0.6085806194501846 1 0 0 0.9224643598932849 0.38608225124534307 2.348831148931661
cell 37.54471733032706 10.792333327350715 0.0 1.0 1.0 1 0 0 0.0 1.0 0
cell 40.121636774889474 36.75760234886641 0.0 1.0 1.0 1 0 0 0.0 1.0 0
cell 12.804280840013488 13.37666669603047 0.0 1.6431676725154984 0.6085806194501846 1 0 0 0.5950943901493612 -0.8036558136495747 5.008419118066011
cell 3.539662268264195 45.18606570483466 0.0 1.0 1.0 1 0 0 0.0 1.0 0
cell 6.9888192049937 34.49701093846555 0.0 1.0 1.0 1 0 0 0.0 1.0 0
cell 57.29408901342046 0.9643499297091065 0.0 1.6431676725154984 0.6085806194501846 1 0 0 0.8729918037351481 -0.4877348773783281 4.160579053787287
cell 13.042019058018216 49.85257581976955 0.0 1.0 1.0 1 0 0 0.0 1.0 0
cell 28.214328801033755 47.60079082764526 0.0 1.0 1.0 1 0 0 0.0 1.0 0
cell 19.76565762151819 34.81824162634061 0.0 1.0 1.0 1 0 0 0.0 1.0 0
cell 7.838134009201005 20.474340588028156 0.0 1.6431676725154984 0.6085806194501846 1 0 0 0.3243303111924328 0.9459438932842792 0.6606073676219559
cell 45.20448893864849 9.495078344645918 0.0 1.0 1.0 1 0 0 0.0 1.0 0
cell 34.8303398336427 27.898788342294527 0.0 1.0 1.0 1 0 0 0.0 1.0 0
cell 28.49998902820414 53.86560184388168 0.0 1.0 1.0 1 0 0 0.0 1.0 0
cell 17.644254305801955 23.669631685524656 0.0 1.0 1.0 1 0 0 0.0 1.0 0
cell 47.357675454713714 34.28198215485296 0.0 1.0 1.0 1 0 0 0.0 1.0 0
cell 11.614705233760878 6.366585946421999 0.0 1.6431676725154984 0.6085806194501846 1 0 0 0.6976644872460742 -0.7164246389088474 4.73892061947319
cell 13.95843497493917 22.53172450649844 0.0 1.0 1.0 1 0 0 0.0 1.0 0
cell 23.080809290211047 21.39497252425976 0.0 1.0 1.0 1 0 0 0.0 1.0 0
cell 0.8561689069380676 55.485951311062024 0.0 1.6431676725154984 0.6085806194501846 1 0 0 0.6675473140238726 0.7445673801205055 1.461819587747103
cell 55.69098657015563 23.59009714740645 0.0 1.0 1.0 1 0 0 0.0 1.0 0
cell 29.413825017871112 12.928009132883165 0.0 1.0 1.0 1 0 0 0.0 1.0 0
cell 39.489520025524165 38.59994507995027 0.0 1.0 1.0 1 0 0 0.0 1.0 0
cell 17.179870324182893 21.717059919164083 0.0 1.0 1.0 1 0 0 0.0 1.0 0
cell 14.762116722098616 19.224906687331476 0.0 1.0 1.0 1 0 0 0.0 1.0 0
cell 52.43769364085309 16.40251142642932 0.0 1.0 1.0 1 0 0 0.0 1.0 0
cell 21.729402014011242 54.14959841349898 0.0 1.0 1.0 1 0 0 0.0 1.0 0
cell 7.205431089125401 29.349578796946457 0.0 1.0 1.0 1 0 0 0.0 1.0 0
cell 44.33404599046087 22.07927358631022 0.0 1.6431676725154984 0.6085806194501846 1 0 0 0.9934771608552874 0.11403127140796693 2.9130329415892646
cell 13.680428538946497 10.073588378248088 0.0 1.6431676725154984 0.6085806194501846 1 0 0 0.6851436313489977 -0.7284079931068225 4.773583575444815
cell 9.66732089776796 56.70259677712942 0.0 1.0 1.0 1 0 0 0.0 1.0 0
cell 37.44970443192754 5.552017705380816 0.0 1.0 1.0 1 0 0 0.0 1.0 0
cell 35.064202184561125 50.24767359476243 0.0 1.0 1.0 1 0 0 0.0 1.0 0
cell 50.39158433416515 35.27922029177152 0.0 1.0 1.0 1 0 0 0.0 1.0 0
cell 24.45996705406091 32.575367956728506 0.0 1.0 1.0 1 0 0 0.0 1.0 0
cell 52.72548887809848 50.71949054438794 0.0 1.0 1.0 1 0 0 0.0 1.0 0
cell 5.839582101499686 30.784978244051228 0.0 1.0 1.0 1 0 0 0.0 1.0 0
cell 6.950603728372029 41.6904609103027 0.0 1.0 1.0 1 0 0 0.0 1.0 0
cell 53.59270898483964 43.35205496961386 0.0 1.6431676725154984 0.6085806194501846 1 0 0 0.7826097100918962 0.6225126839429685 1.7976941197723066
cell 2.4002108941355114 10.01499361725727 0.0 1.6431676725154984 0.6085806194501846 1 0 0 0.1809866402692788 0.983485554568057 0.36397913303127594
cell 44.683499552509495 20.430427801076497 0.0 1.6431676725154984 0.6085806194501846 1 0 0 0.9381218051024623 0.34630547034561504 2.4343326395323355
cell 54.5135496356581 38.95922472594038 0.0 1.0 1.0 1 0 0 0.0 1.0 0
cell 48.30815878174495 30.010298679518073 0.0 1.0 1.0 1 0 0 0.0 1.0 0
cell 32.48725960558122 1.9769357921625705 0.0 1.0 1.0 1 0 0 0.0 1.0 0
cell 52.192636913959255 57.10502480660812 0.0 1.0 1.0 1 0 0 0.0 1.0 0
cell 31.713746859234774 58.19648250335306 0.0 1.0 1.0 1 0 0 0.0 1.0 0
cell 21.596710178522954 8.283699868054821 0.0 1.6431676725154984 0.6085806194501846 1 0 0 0.9906545074010386 0.13639518674060927 2.867949303856267
cell 10.371493317798569 2.8596206536232067 0.0 1.0 1.0 1 0 0 0.0 1.0 0
cell 46.71597943821216 14.879737867310185 0.0 1.0 1.0 1 0 0 0.0 1.0 0
cell 48.33455422654841 44.497560673996915 0.0 1.0 1.0 1 0 0 0.0 1.0 0
cell 50.84461156382069 8.974941547127054 0.0 1.0 1.0 1 0 0 0.0 1.0 0
cell 38.76011365517396 57.35586652981923 0.0 1.0 1.0 1 0 0 0.0 1.0 0
cell 44.459025295400856 51.15908281177781 0.0 1.0 1.0 1 0 0 0.0 1.0 0
cell 27.326382208812415 41.781672905705925 0.0 1.0 1.0 1 0 0 0.0 1.0 0
cell 43.42049343096642 9.982346656736471 0.0 1.0 1.0 1 0 0 0.0 1.0 0
cell 15.74567337164498 34.422565748667004 0.0 1.0 1.0 1 0 0 0.0 1.0 0
cell 33.36162710931462 0.18766424140811566 0.0 1.0 1.0 1 0 0 0.0 1.0 0
cell 48.09212461364133 27.993268134889792 0.0 1.0 1.0 1 0 0 0.0 1.0 0
cell 24.62686812637883 37.72780050010736 0.0 1.0 1.0 1 0 0 0.0 1.0 0
cell 57.98464907772434 15.02894606981523 0.0 1.0 1.0 1 0 0 0.0 1.0 0
cell 53.510227150765886 30.757101995544847 0.0 1.0 1.0 1 0 0 0.0 1.0 0
cell 37.87873159103579 43.84984710637064 0.0 1.0 1.0 1 0 0 0.0 1.0 0
cell 32.38416819862762 14.355034145533553 0.0 1.0 1.0 1 0 0 0.0 1.0 0
cell 50.57396796608504 54.73107429722657 0.0 1.0 1.0 1 0 0 0.0 1.0 0
cell 10.248972659413845 10.388176847744074 0.0 1.0 1.0 1 0 0 0.0 1.0 0
cell 30.192142502133617 18.517480339823404 0.0 1.0 1.0 1 0 0 0.0 1.0 0
cell 58.51258882714425 28.612848611330804 0.0 1.0 1.0 1 0 0 0.0 1.0 0
cell 0.08008826726028134 13.051275436960585 0.0 1.6431676725154984 0.6085806194501846 1 0 0 -0.008670796152771665 0.9999624079404571 6.265843497568718
cell 31.617740071867026 35.41793288281962 0.0 1.0 1.0 1 0 0 0.0 1.0 0
cell 36.919288697778846 40.73683301931135 0.0 1.0 1.0 1 0 0 0.0 1.0 0
cell 42.2570962271973 17.453456957639162 0.0 1.6431676725154984 0.6085806194501846 1 0 0 0.7484476449488812 0.6631938802269466 1.691436502273935
cell 58.85088463127117 17.7290439660051 0.0 1.0 1.0 1 0 0 0.0 1.0 0
cell 33.15829970110394 47.7692619824192 0.0 1.0 1.0 1 0 0 0.0 1.0 0
cell 24.996293071103697 24.32305778501272 0.0 1.0 1.0 1 0 0 0.0 1.0 0
cell 4.029996102875882 48.56760873035269 0.0 1.0 1.0 1 0 0 0.0 1.0 0
cell 24.033710074835355 16.545891513308213 0.0 1.0 1.0 1 0 0 0.0 1.0 0
cell 43.89148727752816 13.390569927781241 0.0 1.0 1.0 1 0 0 0.0 1.0 0
cell 55.3868017926375 35.6137724492404 0.0 1.0 1.0 1 0 0 0.0 1.0 0
cell 56.28933184996205 5.918157466648604 0.0 1.6431676725154984 0.6085806194501846 1 0 0 0.8355520424707027 -0.5494113070578699 4.304911691284647
cell 23.698395884826084 57.60578370739768 0.0 1.6431676725154984 0.6085806194501846 1 0 0 -0.1164685122968153 -0.9931943846213421 0.2334668939082638
cell 37.23917509852786 45.72127973562982 0.0 1.0 1.0 1 0 0 0.0 1.0 0
cell 26.919642564571674 50.65784466953891 0.0 1.0 1.0 1 0 0 0.0 1.0 0
cell 10.575196955737963 13.381521319698766 0.0 1.6431676725154984 0.6085806194501846 1 0 0 0.4886435591005929 -0.8724835082392706 5.262116536331665
cell 20.41510025635182 4.876451065479841 0.0 1.6431676725154984 0.6085806194501846 1 0 0 0.7157776345640638 0.6983282737064808 1.5954740757585941
cell 35.396593615290364 6.400992890296633 0.0 1.0 1.0 1 0 0 0.0 1.0 0
cell 24.0605358959316 25.885775453177175 0.0 1.0 1.0 1 0 0 0.0 1.0 0
cell 38.200590523372 9.028487334037694 0.0 1.0 1.0 1 0 0 0.0 1.0 0
cell 51.00108830290452 42.23412119372267 0.0 1.0 1.0 1 0 0 0.0 1.0 0
cell 30.69238455680754 14.489524028461732 0.0 1.0 1.0 1 0 0 0.0 1.0 0
cell 8.185721219318943 27.667300095467876 0.0 1.0 1.0 1 0 0 0.0 1.0 0
cell 46.5027186518601 49.763573218158726 0.0 1.0 1.0 1 0 0 0.0 1.0 0
cell 31.90421551366941 21.249601065735458 0.0 1.0 1.0 1 0 0 0.0 1.0 0
cell 57.01670827489021 18.469122810694774 0.0 1.0 1.0 1 0 0 0.0 1.0 0
cell 33.85666551127949 20.739374099903415 0.0 1.0 1.0 1 0 0 0.0 1.0 0
cell 12.749762880050975 57.982028046932534 0.0 1.6431676725154984 0.6085806194501846 1 0 0 0.9803402270368822 -0.1973145692879124 3.538828408356375
cell 28.922126869444874 8.5407262129233 0.0 1.0 1.0 1 0 0 0.0 1.0 0
cell 9.228632576517953 1.0476731236971175 0.0 1.6431676725154984 0.6085806194501846 1 0 0 0.21995084666258147 0.975510955885383 0.44352816587392446
cell 41.074641890378246 4.341109413292007 0.0 1.6431676725154984 0.6085806194501846 1 0 0 0.9660003151886766 0.2585408885560996 2.6185697934750674
cell 56.400247971849446 43.974853957098254 0.0 1.0 1.0 1 0 0 0.0 1.0 0
cell 46.54892985302407 10.747220762366815 0.0 1.0 1.0 1 0 0 0.0 1.0 0
cell 38.28056965215326 48.72660615233465 0.0 1.0 1.0 1 0 0 0.0 1.0 0
cell 13.643358169430646 2.3989595615590282 0.0 1.0 1.0 1 0 0 0.0 1.0 0
cell 43.027538908548195 44.26868560463465 0.0 1.0 1.0 1 0 0 0.0 1.0 0
cell 50.17793935939107 13.559176186586852 0.0 1.0 1.0 1 0 0 0.0 1.0 0
cell 53.098803487142455 8.702079480511914 0.0 1.0 1.0 1 0 0 0.0 1.0 0
cell 43.97699169037579 5.91992494851188 0.0 1.0 1.0 1 0 0 0.0 1.0 0
cell 23.111267889818787 38.24650870716009 0.0 1.0 1.0 1 0 0 0.0 1.0 0
cell 0.38717404967277735 44.26023128887987 0.0 1.0 1.0 1 0 0 0.0 1.0 0
cell 41.127107203125874 44.78733400649483 0.0 1.0 1.0 1 0 0 0.0 1.0 0
cell 53.963667948245494 34.227172225305296 0.0 1.0 1.0 1 0 0 0.0 1.0 0
cell 42.058407278736304 8.553875720575812 0.0 1.0 1.0 1 0 0 0.0 1.0 0
cell 57.6097111509282 26.927901106390998 0.0 1.0 1.0 1 0 0 0.0 1.0 0
cell 19.025865365805156 33.15787550947912 0.0 1.0 1.0 1 0 0 0.0 1.0 0
cell 47.89486802904373 32.355089764392616 0.0 1.0 1.0 1 0 0 0.0 1.0 0
cell 6.743927450962187 46.56446516950508 0.0 1.0 1.0 1 0 0 0.0 1.0 0
cell 46.64896357517559 26.605911808520172 0.0 1.0 1.0 1 0 0 0.0 1.0 0
cell 12.219208215018927 11.63053585570378 0.0 1.6431676725154984 0.6085806194501846 1 0 0 0.5829066612900694 -0.8125391216573293 5.038582553368503
cell 32.744116138489304 43.773506115967606 0.0 1.0 1.0 1 0 0 0.0 1.0 0
cell 38.79889987992256 35.49854346749391 0.0 1.0 1.0 1 0 0 0.0 1.0 0
cell 29.902021978667204 20.145633680529656 0.0 1.6431676725154984 0.6085806194501846 1 0 0 0.9996992043207479 0.02452551488681924 3.0925367051117334
cell 33.11737123908158 35.577969016855846 0.0 1.6431676725154984 0.6085806194501846 1 0 0 0.9077491026811566 0.4195134879614183 2.275774054892698
cell 9.961279642855567 48.07469976696353 0.0 1.0 1.0 1 0 0 0.0 1.0 0
cell 4.13999449939569 30.277218277086504 0.0 1.0 1.0 1 0 0 0.0 1.0 0
cell 5.999004344258762 48.33756143162042 0.0 1.0 1.0 1 0 0 0.0 1.0 0
cell 57.06658132039503 25.02595647728954 0.0 1.0 1.0 1 0 0 0.0 1.0 0
cell 49.62285430147943 31.527345385164107 0.0 1.0 1.0 1 0 0 0.0 1.0 0
cell 28.695992152613826 35.65060261549237 0.0 1.6431676725154984 0.6085806194501846 1 0 0 0.828762868860458 0.5595999528218201 1.9537866190691904
cell 11.96754113901119 48.15357008076729 0.0 1.0 1.0 1 0 0 0.0 1.0 0
cell 2.3094102368576794 30.2392893526098 0.0 1.0 1.0 1 0 0 0.0 1.0 0
cell 24.498451815646458 40.891107510242264 0.0 1.6431676725154984 0.6085806194501846 1 0 0 0.9859092495536312 0.1672810558449333 2.8054502207277143
cell 38.72716042721094 47.094881311919906 0.0 1.0 1.0 1 0 0 0.0 1.0 0
cell 50.650218227033584 15.531541906980944 0.0 1.0 1.0 1 0 0 0.0 1.0 0
cell 43.583032897820246 19.215822185908856 0.0 1.0 1.0 1 0 0 0.0 1.0 0
cell 49.32747021703264 7.652603839651613 0.0 1.0 1.0 1 0 0 0.0 1.0 0
cell 46.44636158061534 2.9115927657585465 0.0 1.0 1.0 1 0 0 0.0 1.0 0
cell 22.11640556005989 29.37477902050999 0.0 1.0 1.0 1 0 0 0.0 1.0 0
cell 25.989480064128735 57.455139985199324 0.0 1.0 1.0 1 0 0 0.0 1.0 0
cell 50.95293727170532 1.5460999647265259 0.0 1.0 1.0 1 0 0 0.0 1.0 0
cell 16.705263561366696 19.770548011575794 0.0 1.0 1.0 1 0 0 0.0 1.0 0
cell 34.989828173125154 41.19950025084136 0.0 1.0 1.0 1 0 0 0.0 1.0 0
cell 0.4888285186131486 41.70928283968708 0.0 1.6431676725154984 0.6085806194501846 1 0 0 0.9739883376875178 -0.2265981422004729 3.5987597467486867
cell 36.619963727326336 32.976620411315906 0.0 1.6431676725154984 0.6085806194501846 1 0 0 0.8521010470131656 0.523377307187718 2.0399733461433223
cell 13.21120703401694 18.320538826842245 0.0 1.6431676725154984 0.6085806194501846 1 0 0 0.7473191375886415 0.6644652786969151 1.6880365119047995
cell 35.33874821047296 0.0743870954694491 0.0 1.0 1.0 1 0 0 0.0 1.0 0
cell 26.662400552321934 0.23478252165328312 0.0 1.0 1.0 1 0 0 0.0 1.0 0
cell 24.1752734590436 19.81433915194503 0.0 1.6431676725154984 0.6085806194501846 1 0 0 0.9971791650383072 0.07505806294799094 2.991335217296881
cell 3.6784241938810958 5.519425004140125 0.0 1.6431676725154984 0.6085806194501846 1 0 0 0.9600751998830251 -0.2797420429066202 3.7086434824461993
cell 27.934324577016532 57.792498009653066 0.0 1.0 1.0 1 0 0 0.0 1.0 0
cell 4.111383187404212 56.51433098202299 0.0 1.0 1.0 1 0 0 0.0 1.0 0
cell 41.233680264893394 15.523444339428845 0.0 1.0 1.0 1 0 0 0.0 1.0 0
cell 44.44059971209551 45.77548457430221 0.0 1.6431676725154984 0.6085806194501846 1 0 0 0.9836649070420206 -0.1800093071316397 3.5035844794449313
cell 8.876288134862921 41.26057628788153 0.0 1.0 1.0 1 0 0 0.0 1.0 0
cell 25.0648732091178 27.574703519224386 0.0 1.0 1.0 1 0 0 0.0 1.0 0
cell 45.383224792739256 55.005117494266244 0.0 1.0 1.0 1 0 0 0.0 1.0 0
cell 47.576721055498545 11.968767143818173 0.0 1.6431676725154984 0.6085806194501846 1 0 0 0.9981544407683954 0.060726537644853 3.0200648068176594
cell 0.5752952434858059 37.035950509926366 0.0 1.0 1.0 1 0 0 0.0 1.0 0
cell 50.850595870571404 33.05300604244728 0.0 1.0 1.0 1 0 0 0.0 1.0 0
cell 11.607585498754775 41.73353895583132 0.0 1.0 1.0 1 0 0 0.0 1.0 0
cell 55.10330954359285 55.333244699356655 0.0 1.6431676725154984 0.6085806194501846 1 0 0 0.9273475737000166 -0.3742011191227147 3.908662965469686
cell 31.71269540044057 40.323810954207715 0.0 1.0 1.0 1 0 0 0.0 1.0 0
cell 13.854605096112042 46.934244760387905 0.0 1.0 1.0 1 0 0 0.0 1.0 0
cell 34.80670877273885 18.990442384166258 0.0 1.0 1.0 1 0 0 0.0 1.0 0
cell 39.41136041371032 18.815890859340367 0.0 1.0 1.0 1 0 0 0.0 1.0 0
cell 53.803050639073895 11.337505876562695 0.0 1.0 1.0 1 0 0 0.0 1.0 0
cell 16.870423664202075 46.29189242571159 0.0 1.0 1.0 1 0 0 0.0 1.0 0
cell 51.28912945005922 52.71331083268558 0.0 1.6431676725154984 0.6085806194501846 1 0 0 0.9036617698201087 -0.42824689813889943 4.0266964241735606
cell 34.51745510226198 9.551554789483342 0.0 1.0 1.0 1 0 0 0.0 1.0 0
cell 57.44981530499821 2.8336540763302027 0.0 1.6431676725154984 0.6085806194501846 1 0 0 0.9017198543188493 -0.43232083494459683 4.035722615282155
cell 48.97118689457398 9.66200914914709 0.0 1.0 1.0 1 0 0 0.0 1.0 0
cell 31.32370955539758 45.13314713573 0.0 1.0 1.0 1 0 0 0.0 1.0 0
cell 57.533687001419494 30.34931063820747 0.0 1.0 1.0 1 0 0 0.0 1.0 0
cell 47.481654716730574 6.8934034923287175 0.0 1.0 1.0 1 0 0 0.0 1.0 0
cell 27.931155804546414 11.599994601352654 0.0 1.0 1.0 1 0 0 0.0 1.0 0
cell 38.14700926738199 30.48270277571276 0.0 1.6431676725154984 0.6085806194501846 1 0 0 0.9707884731729707 0.23993695079018657 2.656990845340727
cell 51.58852178154972 31.169755971001468 0.0 1.0 1.0 1 0 0 0.0 1.0 0
cell 23.212014749480677 18.319125054396963 0.0 1.0 1.0 1 0 0 0.0 1.0 0
cell 5.52322117991863 45.05314208578562 0.0 1.0 1.0 1 0 0 0.0 1.0 0
cell 27.210867036938275 7.654707436098874 0.0 1.0 1.0 1 0 0 0.0 1.0 0
cell 17.64066496766301 16.316568815738805 0.0 1.0 1.0 1 0 0 0.0 1.0 0
cell 11.287999023031173 43.57649459843719 0.0 1.6431676725154984 0.6085806194501846 1 0 0 0.9999115157100915 0.013302659521593997 3.1149865498012423
cell 53.89176308231547 49.9170757158558 0.0 1.6431676725154984 0.6085806194501846 1 0 0 0.30371692516288473 0.9527623152547557 0.6171829007260097
cell 35.54910858363591 25.70898853838215 0.0 1.0 1.0 1 0 0 0.0 1.0 0
cell 27.877516360314605 13.569201603362513 0.0 1.0 1.0 1 0 0 0.0 1.0 0
cell 41.43618605199544 10.320044783807566 0.0 1.0 1.0 1 0 0 0.0 1.0 0
cell 35.57306103439501 53.59828742106149 0.0 1.0 1.0 1 0 0 0.0 1.0 0
cell 31.07036165270341 43.16689986461474 0.0 1.0 1.0 1 0 0 0.0 1.0 0
cell 26.84325572368713 19.802098881048416 0.0 1.0 1.0 1 0 0 0.0 1.0 0
cell 33.14991767677427 45.96053130475346 0.0 1.0 1.0 1 0 0 0.0 1.0 0
cell 45.12630033293996 36.789272400338184 0.0 1.0 1.0 1 0 0 0.0 1.0 0
cell 31.015916833185013 12.527485837468307 0.0 1.0 1.0 1 0 0 0.0 1.0 0
cell 55.019136234314146 9.603336541066056 0.0 1.6431676725154984 0.6085806194501846 1 0 0 0.5299241614770914 0.8480450359991512 1.1170222707456627
cell 48.13888721384422 53.366146334658794 0.0 1.0 1.0 1 0 0 0.0 1.0 0
cell 42.018595873157984 36.147211307259184 0.0 1.0 1.0 1 0 0 0.0 1.0 0
cell 52.28290586134671 29.305518979775705 0.0 1.0 1.0 1 0 0 0.0 1.0 0
cell 5.526680157243484 53.40627311950602 0.0 1.0 1.0 1 0 0 0.0 1.0 0
cell 36.51539988399496 28.0662631198894 0.0 1.6431676725154984 0.6085806194501846 1 0 0 0.7569255576043317 0.6535011095976591 1.7171912763560297
cell 15.76303702590072 23.032892459114095 0.0 1.0 1.0 1 0 0 0.0 1.0 0
cell 34.42699914997469 3.651921597195484 0.0 1.6431676725154984 0.6085806194501846 1 0 0 0.9727178082208464 0.23199152047010832 2.673343529418417
cell 29.134927909115756 4.54510613795383 0.0 1.0 1.0 1 0 0 0.0 1.0 0
cell 57.00914554306588 49.14227019415783 0.0 1.0 1.0 1 0 0 0.0 1.0 0
cell 24.54357180958358 46.05066558791018 0.0 1.0 1.0 1 0 0 0.0 1.0 0
cell 27.387260949621353 9.652645609865314 0.0 1.0 1.0 1 0 0 0.0 1.0 0
cell 28.408418785291822 37.95483767200395 0.0 1.6431676725154984 0.6085806194501846 1 0 0 0.8830141954067109 0.4693462801708766 2.1644920444450158
cell 58.95946048183267 48.795576461496886 0.0 1.0 1.0 1 0 0 0.0 1.0 0
cell 57.92268578009858 20.23455448744735 0.0 1.6431676725154984 0.6085806194501846 1 0 0 0.9924353462647021 -0.12276841403415162 3.38775049485952
cell 28.082561919907292 26.26800973449861 0.0 1.0 1.0 1 0 0 0.0 1.0 0
cell 7.09624858252075 40.237831871771945 0.0 1.6431676725154984 0.6085806194501846 1 0 0 0.9955683763328185 0.0940404596226299 2.953233406286214
cell 9.117975882343453 49.74629213779275 0.0 1.0 1.0 1 0 0 0.0 1.0 0
cell 14.013137856019837 44.34063578185974 0.0 1.6431676725154984 0.6085806194501846 1 0 0 0.9861339142450583 -0.16595150850691306 3.4750382953045347
cell 43.7069360276602 55.01197711257972 0.0 1.0 1.0 1 0 0 0.0 1.0 0
cell 19.974620596948636 41.61148626198284 0.0 1.6431676725154984 0.6085806194501846 1 0 0 0.9234426817753595 0.3837363853943644 2.3539145351155293
cell 53.68274495806794 48.11982940429933 0.0 1.0 1.0 1 0 0 0.0 1.0 0
cell 25.591086380381313 34.10522775496241 0.0 1.0 1.0 1 0 0 0.0 1.0 0
cell 39.87353979842895 52.03074028114675 0.0 1.6431676725154984 0.6085806194501846 1 0 0 0.5188995761495852 -0.8548352062659685 5.192059000297009
cell 53.96963165444095 18.27448615467325 0.0 1.6431676725154984 0.6085806194501846 1 0 0 0.9835304744134933 0.1807423743895408 2.77811024427583
cell 0.5887110510648085 15.9078787017734 0.0 1.0 1.0 1 0 0 0.0 1.0 0
cell 22.412176732282695 9.338691058187896 0.0 1.6431676725154984 0.6085806194501846 1 0 0 0.309752296667739 -0.9508172877630386 5.653320296869583
cell 6.34982631902525 51.68952026730659 0.0 1.0 1.0 1 0 0 0.0 1.0 0
cell 51.79400909819177 27.487801754465423 0.0 1.0 1.0 1 0 0 0.0 1.0 0
cell 51.34647998664784 3.492370776813549 0.0 1.0 1.0 1 0 0 0.0 1.0 0
cell 8.712598921725387 46.48933086883147 0.0 1.0 1.0 1 0 0 0.0 1.0 0
cell 47.16797059385328 8.890997617983539 0.0 1.0 1.0 1 0 0 0.0 1.0 0
cell 58.30116684554269 55.39393917997321 0.0 1.0 1.0 1 0 0 0.0 1.0 0
cell 10.392135341807036 22.97594441402048 0.0 1.0 1.0 1 0 0 0.0 1.0 0
cell 49.860112025821934 45.39200954043965 0.0 1.0 1.0 1 0 0 0.0 1.0 0
cell 58.937823205002935 58.52648719684612 0.0 1.0 1.0 1 0 0 0.0 1.0 0
cell 15.463998261019713 41.35062054683321 0.0 1.0 1.0 1 0 0 0.0 1.0 0
cell 15.071564509752529 28.201098791936495 0.0 1.0 1.0 1 0 0 0.0 1.0 0
cell 35.082114624951274 7.944316890766414 0.0 1.0 1.0 1 0 0 0.0 1.0 0
cell 1.5712426437021134 6.968348450493358 0.0 1.6431676725154984 0.6085806194501846 1 0 0 0.9923287285061702 0.12362724045018403 2.893703974134616
cell 54.9957132011778 41.91313553989768 0.0 1.6431676725154984 0.6085806194501846 1 0 0 0.863713102051607 0.503983806629132 2.0851826125935573
cell 34.49744378256222 1.888179783830635 0.0 1.0 1.0 1 0 0 0.0 1.0 0
cell 57.89024292428948 6.2140651278390635 0.0 1.6431676725154984 0.6085806194501846 1 0 0 0.9030061116198888 -0.42962770205973566 4.029753551974783
cell 30.30527808088334 30.81001372173179 0.0 1.0 1.0 1 0 0 0.0 1.0 0
cell 9.523953598965782 8.207587297727873 0.0 1.6431676725154984 0.6085806194501846 1 0 0 0.625617704354604 -0.7801297892005377 4.931339149776607
cell 5.35286145711881 34.92397136078891 0.0 1.0 1.0 1 0 0 0.0 1.0 0
cell 40.43552329150763 23.52855157693017 0.0 1.6431676725154984 0.6085806194501846 1 0 0 0.18016825578530868 0.9836358063873435 0.362315007059187
cell 12.28053038010775 54.673130379855714 0.0 1.0 1.0 1 0 0 0.0 1.0 0
cell 38.14815384521572 33.14866678218842 0.0 1.0 1.0 1 0 0 0.0 1.0 0
cell 42.78583286273335 39.29417629704228 0.0 1.0 1.0 1 0 0 0.0 1.0 0
cell 42.84913557120235 51.494039755623604 0.0 1.0 1.0 1 0 0 0.0 1.0 0
cell 35.539712688706125 17.185716866444164 0.0 1.0 1.0 1 0 0 0.0 1.0 0
cell 19.587452679482887 50.96086366658719 0.0 1.0 1.0 1 0 0 0.0 1.0 0
cell 13.19423754298155 56.36754487126781 0.0 1.0 1.0 1 0 0 0.0 1.0 0
cell 50.217522097838966 11.223686959393293 0.0 1.0 1.0 1 0 0 0.0 1.0 0
cell 16.277653794032947 8.747548105444645 0.0 1.6431676725154984 0.6085806194501846 1 0 0 0.5295875497124821 0.8482552842096117 1.1162285156394927
cell 29.929929828527612 48.313273476146904 0.0 1.0 1.0 1 0 0 0.0 1.0 0
cell 38.458385117050945 25.906085689951485 0.0 1.6431676725154984 0.6085806194501846 1 0 0 0.9399648508456107 0.34127126919034495 2.445054592286497
cell 31.907192564856587 38.78213125663901 0.0 1.0 1.0 1 0 0 0.0 1.0 0
cell 18.02415630468391 25.62181531571003 0.0 1.0 1.0 1 0 0 0.0 1.0 0
cell 32.50786694277569 34.295752204140996 0.0 1.6431676725154984 0.6085806194501846 1 0 0 0.997937132471237 0.06419875103991313 3.013106789581481
cell 4.672068369959747 14.220861377860635 0.0 1.6431676725154984 0.6085806194501846 1 0 0 0.10101932138478746 0.9948844639991907 0.20238386124752913
cell 42.099031179149186 48.061926955473226 0.0 1.0 1.0 1 0 0 0.0 1.0 0
cell 45.355048052438 4.459801943962524 0.0 1.0 1.0 1 0 0 0.0 1.0 0
cell 3.180193887020661 58.28384672450531 0.0 1.0 1.0 1 0 0 0.0 1.0 0
cell 44.30352153748798 33.48510520582913 0.0 1.0 1.0 1 0 0 0.0 1.0 0
cell 17.722146397822577 54.32898170791862 0.0 1.0 1.0 1 0 0 0.0 1.0 0
cell 35.484632253312036 39.43160199225975 0.0 1.0 1.0 1 0 0 0.0 1.0 0
cell 17.32433774534999 41.22171778683385 0.0 1.0 1.0 1 0 0 0.0 1.0 0
cell 16.741698486613576 49.34767266171177 0.0 1.0 1.0 1 0 0 0.0 1.0 0
cell 31.919685966551366 52.91219388075611 0.0 1.0 1.0 1 0 0 0.0 1.0 0
cell 54.61122498981788 32.194038635088624 0.0 1.0 1.0 1 0 0 0.0 1.0 0
cell 35.23094463280523 46.23606681303927 0.0 1.0 1.0 1 0 0 0.0 1.0 0
cell 53.411580850372275 6.643738611369004 0.0 1.6431676725154984 0.6085806194501846 1 0 0 0.1593938314210377 -0.9872150761130636 5.9630320997559485
cell 39.81266419060912 43.41806078860685 0.0 1.0 1.0 1 0 0 0.0 1.0 0
cell 14.656908117996126 31.83144667793174 0.0 1.0 1.0 1 0 0 0.0 1.0 0
cell 13.829478528537866 34.1376338986936 0.0 1.6431676725154984 0.6085806194501846 1 0 0 0.9345369730729193 0.3558660505860397 2.413911413222693
cell 49.29197600443583 0.5514470781441362 0.0 1.0 1.0 1 0 0 0.0 1.0 0
cell 31.19661544333798 27.102161982376895 0.0 1.0 1.0 1 0 0 0.0 1.0 0
cell 45.96965851442816 0.1798037975029975 0.0 1.0 1.0 1 0 0 0.0 1.0 0
cell 45.35086549938914 16.40980452219125 0.0 1.0 1.0 1 0 0 0.0 1.0 0
cell 48.78016643129873 50.101921150379646 0.0 1.6431676725154984 0.6085806194501846 1 0 0 0.999340313885888 0.036317172831250834 3.068942331755095
cell 26.949886987171332 52.68067168944063 0.0 1.0 1.0 1 0 0 0.0 1.0 0
cell 47.374892401814584 22.357018370908598 0.0 1.6431676725154984 0.6085806194501846 1 0 0 0.9971121432186115 -0.07594322778225354 3.293625487032503
cell 28.86901766577028 27.984692284455193 0.0 1.0 1.0 1 0 0 0.0 1.0 0
cell 12.803977528847277 0.5660519291757256 0.0 1.0 1.0 1 0 0 0.0 1.0 0
cell 19.627735330907548 12.651222312621387 0.0 1.6431676725154984 0.6085806194501846 1 0 0 0.9995457074375902 -0.030139322206833685 3.201880427709115
cell 36.988924571036186 15.828212478480216 0.0 1.0 1.0 1 0 0 0.0 1.0 0
cell 12.343065142987651 23.632000835642884 0.0 1.0 1.0 1 0 0 0.0 1.0 0
cell 38.30751850743829 0.8154774860914598 0.0 1.0 1.0 1 0 0 0.0 1.0 0
cell 8.410439968356275 7.63768098917726 0.0 1.6431676725154984 0.6085806194501846 1 0 0 0.6348403108252714 -0.7726433716477952 4.907581660255407
cell 29.436977858495972 2.2512785595861935 0.0 1.0 1.0 1 0 0 0.0 1.0 0
