1000
 Lattice="59.08179503018386 0.0 0.0 0.0 59.08179503018386 0.0 0.0 0.0 1.0"Properties=species:S:1:pos:R:3:aspherical_shape:R:3:orientation:R:4:Color:R:1
cell 50.04278574970359 48.08375521568238 0.0 1.0 1.0 1 0 0 0.0 1.0 0
cell 36.45920747477085 20.073926880016998 0.0 1.6431676725154984 0.6085806194501846 1 0 0 0.9999117710243673 -0.013283454630217944 3.1681603442015343
cell 56.738108773220304 53.60665364380395 0.0 1.0 1.0 1 0 0 0.0 1.0 0
cell 8.046982395004031 30.85952010263554 0.0 1.0 1.0 1 0 0 0.0 1.0 0
cell 8.124785398164391 0.6700408833715408 0.0 1.0 1.0 1 0 0 0.0 1.0 0
cell 21.3604333233847 44.934508925967734 0.0 1.6431676725154984 0.6085806194501846 1 0 0 0.10784710048940428 0.9941674923854774 0.21611452778941248
cell 50.6096543003635 19.660931020248437 0.0 1.0 1.0 1 0 0 0.0 1.0 0
cell 26.52218069788733 2.7310708954281795 0.0 1.0 1.0 1 0 0 0.0 1.0 0
cell 36.30358360981113 1.3744170678804308 0.0 1.6431676725154984 0.6085806194501846 1 0 0 0.9997913425397535 -0.020427221606403215 3.1824499385679035
cell 26.072302266905233 50.649800147649735 0.0 1.0 1.0 1 0 0 0.0 1.0 0
cell 48.207828412842055 13.390837277433816 0.0 1.0 1.0 1 0 0 0.0 1.0 0
cell 2.449648801042472 36.063602427675065 0.0 1.0 1.0 1 0 0 0.0 1.0 0
cell 9.483731701003045 58.30016767517606 0.0 1.0 1.0 1 0 0 0.0 1.0 0
cell 54.424289023510546 23.941419125905963 0.0 1.0 1.0 1 0 0 0.0 1.0 0
cell 14.175346114362506 50.631806608825656 0.0 1.0 1.0 1 0 0 0.0 1.0 0
cell 48.51264013361643 36.05158358534662 0.0 1.0 1.0 1 0 0 0.0 1.0 0
cell 51.921527843766036 48.727619269622025 0.0 1.0 1.0 1 0 0 0.0 1.0 0
cell 21.71912926979249 43.85059708513288 0.0 1.6431676725154984 0.6085806194501846 1 0 0 0.9999324094320119 -0.011626545810833123 3.164846269122181
cell 47.947497138249 38.10801751259587 0.0 1.0 1.0 1 0 0 0.0 1.0 0
cell 33.96964721836429 0.48309365275384447 0.0 1.0 1.0 1 0 0 0.0 1.0 0
cell 53.821144507508535 49.374054321235874 0.0 1.0 1.0 1 0 0 0.0 1.0 0
cell 30.63496029830233 35.05953045828002 0.0 1.6431676725154984 0.6085806194501846 1 0 0 0.6874562964499324 -0.7262257503499464 4.767224137784857
cell 22.396990977649548 49.30227979164509 0.0 1.6431676725154984 0.6085806194501846 1 0 0 -0.436417370264158 -0.8997443408722929 0.9032259587581564
cell 46.20190454303153 6.087986587323084 0.0 1.0 1.0 1 0 0 0.0 1.0 0
cell 57.17905402680986 7.160652700440787 0.0 1.0 1.0 1 0 0 0.0 1.0 0
cell 23.842627213419874 17.57485858018842 0.0 1.6431676725154984 0.6085806194501846 1 0 0 0.6771076986859788 -0.7358839340413525 4.795535077988085
cell 12.29051535988804 10.8965044419386 0.0 1.0 1.0 1 0 0 0.0 1.0 0
cell 10.158147616583031 0.7357202910151907 0.0 1.0 1.0 1 0 0 0.0 1.0 0
cell 5.889383803185885 23.03915402011052 0.0 1.0 1.0 1 0 0 0.0 1.0 0
cell 13.053817989016691 2.2058874423802415 0.0 1.0 1.0 1 0 0 0.0 1.0 0
cell 24.232152363751364 4.22401484101232 0.0 1.0 1.0 1 0 0 0.0 1.0 0
cell 17.519327824130052 13.474494794880236 0.0 1.0 1.0 1 0 0 0.0 1.0 0
cell 27.309660514241195 25.34563467907892 0.0 1.0 1.0 1 0 0 0.0 1.0 0
cell 1.0383569198136997 24.167613129475612 0.0 1.0 1.0 1 0 0 0.0 1.0 0
cell 3.9725857270017393 50.11940824415999 0.0 1.0 1.0 1 0 0 0.0 1.0 0
cell 55.824259047474264 10.217897263832313 0.0 1.6431676725154984 0.6085806194501846 1 0 0 0.7748003565448378 -0.6322059850222808 4.510386816691903
cell 54.98440281829891 46.29611485383542 0.0 1.0 1.0 1 0 0 0.0 1.0 0
cell 54.344072344933714 31.954661384409757 0.0 1.0 1.0 1 0 0 0.0 1.0 0
cell 13.142680508812886 33.61839221814971 0.0 1.0 1.0 1 0 0 0.0 1.0 0
cell 44.75655513648533 47.7423730551733 0.0 1.0 1.0 1 0 0 0.0 1.0 0
cell 55.21873234671166 30.649869642346747 0.0 1.0 1.0 1 0 0 0.0 1.0 0
cell 18.381211016047228 20.665804869847715 0.0 1.0 1.0 1 0 0 0.0 1.0 0
cell 33.509945540941125 14.86963146089932 0.0 1.0 1.0 1 0 0 0.0 1.0 0
cell 25.991538401781057 56.597691010269166 0.0 1.0 1.0 1 0 0 0.0 1.0 0
cell 38.44944309432841 17.56036758702027 0.0 1.0 1.0 1 0 0 0.0 1.0 0
cell 3.8709685849908855 34.84860509824166 0.0 1.0 1.0 1 0 0 0.0 1.0 0
cell 58.77244677569499 23.118198472884295 0.0 1.0 1.0 1 0 0 0.0 1.0 0
cell 50.608525186153265 39.353377817405196 0.0 1.6431676725154984 0.6085806194501846 1 0 0 -0.39491622970288554 0.9187171335711867 5.4712319722720935
cell 23.90445398133711 0.9189598992366587 0.0 1.0 1.0 1 0 0 0.0 1.0 0
cell 2.894836055924567 37.94945886826403 0.0 1.0 1.0 1 0 0 0.0 1.0 0
cell 33.938338782041065 57.79838323230911 0.0 1.0 1.0 1 0 0 0.0 1.0 0
cell 17.71525915269066 24.60614706810815 0.0 1.0 1.0 1 0 0 0.0 1.0 0
cell 37.670104799239716 44.95163730171236 0.0 1.6431676725154984 0.6085806194501846 1 0 0 0.9450537228682105 0.3269150667878976 2.4755177931193004
cell 57.89390392139168 14.43967395071574 0.0 1.0 1.0 1 0 0 0.0 1.0 0
cell 43.70101383167829 11.03375916792947 0.0 1.0 1.0 1 0 0 0.0 1.0 0
cell 49.56316478917822 11.953677211668296 0.0 1.0 1.0 1 0 0 0.0 1.0 0
cell 26.820737030679446 58.25353304418531 0.0 1.0 1.0 1 0 0 0.0 1.0 0
cell 25.8155618349939 0.8761507730961674 0.0 1.0 1.0 1 0 0 0.0 1.0 0
cell 48.82400156097111 51.144120228125914 0.0 1.0 1.0 1 0 0 0.0 1.0 0
cell 57.02717559368349 30.305218888496704 0.0 1.0 1.0 1 0 0 0.0 1.0 0
cell 23.86076384902114 12.24686725574498 0.0 1.0 1.0 1 0 0 0.0 1.0 0
cell 50.4104973407949 56.73125196122947 0.0 1.0 1.0 1 0 0 0.0 1.0 0
cell 43.75404760915852 50.85916115599217 0.0 1.0 1.0 1 0 0 0.0 1.0 0
cell 52.20733803462701 7.284708382936522 0.0 1.0 1.0 1 0 0 0.0 1.0 0
cell 18.314549873657143 9.441625163526195 0.0 1.0 1.0 1 0 0 0.0 1.0 0
cell 36.02348901268455 57.700050186988335 0.0 1.0 1.0 1 0 0 0.0 1.0 0
cell 46.52745527621114 39.45400549696696 0.0 1.0 1.0 1 0 0 0.0 1.0 0
cell 31.068270827804383 24.846746229936315 0.0 1.0 1.0 1 0 0 0.0 1.0 0
cell 11.23184850337754 33.07417321143499 0.0 1.0 1.0 1 0 0 0.0 1.0 0
cell 52.26964841271671 52.50450316622017 0.0 1.0 1.0 1 0 0 0.0 1.0 0
cell 49.154575947893086 5.360678860978734 0.0 1.0 1.0 1 0 0 0.0 1.0 0
cell 49.08113378574678 21.672391198190443 0.0 1.0 1.0 1 0 0 0.0 1.0 0
cell 22.163385729050287 12.318202547286779 0.0 1.0 1.0 1 0 0 0.0 1.0 0
cell 41.859153932055044 18.98288846622544 0.0 1.6431676725154984 0.6085806194501846 1 0 0 0.7577973672103686 -0.6524899617994393 4.56332384571852
cell 25.775724441208723 15.485781422760516 0.0 1.6431676725154984 0.6085806194501846 1 0 0 0.7199896182952799 -0.6939848338018758 4.6756105886569435
cell 42.28182050925998 51.82646563038052 0.0 1.0 1.0 1 0 0 0.0 1.0 0
cell 5.297279957403937 40.182339052404735 0.0 1.0 1.0 1 0 0 0.0 1.0 0
cell 2.496858764257852 5.553220730268138 0.0 1.0 1.0 1 0 0 0.0 1.0 0
cell 57.71891546691392 12.456338278758272 0.0 1.0 1.0 1 0 0 0.0 1.0 0
cell 24.040996962051445 23.97142436150032 0.0 1.6431676725154984 0.6085806194501846 1 0 0 0.7703483634129319 -0.6376232421948068 4.524410670594445
cell 36.36319582358986 29.753059893169045 0.0 1.0 1.0 1 0 0 0.0 1.0 0
cell 2.4839393790089854 51.44392369320964 0.0 1.0 1.0 1 0 0 0.0 1.0 0
cell 54.68884373469677 44.449419328039944 0.0 1.0 1.0 1 0 0 0.0 1.0 0
cell 43.736457656924074 9.042904614452315 0.0 1.0 1.0 1 0 0 0.0 1.0 0
cell 22.359824289550584 50.95756470197773 0.0 1.0 1.0 1 0 0 0.0 1.0 0
cell 5.159299449472801 11.378565642135339 0.0 1.6431676725154984 0.6085806194501846 1 0 0 0.9673636153669811 0.2533922565196567 2.6292219418556195
cell 53.87953509286766 39.1163814403665 0.0 1.0 1.0 1 0 0 0.0 1.0 0
cell 11.225024645824494 14.215447916515572 0.0 1.0 1.0 1 0 0 0.0 1.0 0
cell 57.35588747001568 10.639625173007149 0.0 1.0 1.0 1 0 0 0.0 1.0 0
cell 31.07260601851364 13.644553001084471 0.0 1.0 1.0 1 0 0 0.0 1.0 0
cell 18.805814694953757 49.657110007616645 0.0 1.0 1.0 1 0 0 0.0 1.0 0
cell 23.182965911264482 52.42545364598643 0.0 1.0 1.0 1 0 0 0.0 1.0 0
cell 29.998514639852907 33.13810703269747 0.0 1.6431676725154984 0.6085806194501846 1 0 0 0.5066041470644035 -0.8621787739077947 5.220702259042176
cell 59.05525392298143 11.120458178441492 0.0 1.0 1.0 1 0 0 0.0 1.0 0
cell 53.31419969757817 15.092722837869147 0.0 1.0 1.0 1 0 0 0.0 1.0 0
cell 14.09747311782786 3.9590340629407277 0.0 1.0 1.0 1 0 0 0.0 1.0 0
cell 20.00161292665567 19.969158871267368 0.0 1.0 1.0 1 0 0 0.0 1.0 0
cell 20.82324568913511 14.023646545730772 0.0 1.0 1.0 1 0 0 0.0 1.0 0
cell 6.775882004784714 38.85749212720312 0.0 1.0 1.0 1 0 0 0.0 1.0 0
cell 24.8145128011866 2.5739071599124275 0.0 1.0 1.0 1 0 0 0.0 1.0 0
cell 9.91961853662086 31.540755774299573 0.0 1.0 1.0 1 0 0 0.0 1.0 0
cell 58.60178825531258 54.10837954527403 0.0 1.0 1.0 1 0 0 0.0 1.0 0
cell 0.2878967085565351 33.232552264493584 0.0 1.0 1.0 1 0 0 0.0 1.0 0
cell 9.10609787309659 56.59733641284698 0.0 1.0 1.0 1 0 0 0.0 1.0 0
cell 31.36452536274778 28.957156582872866 0.0 1.6431676725154984 0.6085806194501846 1 0 0 0.8888484193704658 0.45820136117500193 2.1896514940082232
cell 11.913478671294866 36.96885063927269 0.0 1.0 1.0 1 0 0 0.0 1.0 0
cell 58.83838030855759 47.34643813316934 0.0 1.0 1.0 1 0 0 0.0 1.0 0
cell 15.880943376416388 7.364143555304688 0.0 1.0 1.0 1 0 0 0.0 1.0 0
cell 38.81765965850161 4.445294586307171 0.0 1.0 1.0 1 0 0 0.0 1.0 0
cell 1.161010634794531 20.192761191741578 0.0 1.0 1.0 1 0 0 0.0 1.0 0
cell 6.074999601044049 21.065037266956594 0.0 1.0 1.0 1 0 0 0.0 1.0 0
cell 6.869979819218168 33.70372764463312 0.0 1.0 1.0 1 0 0 0.0 1.0 0
cell 39.379439700162706 28.142676681646016 0.0 1.6431676725154984 0.6085806194501846 1 0 0 0.8851950141360749 -0.46522014890655167 4.109359245576889
cell 16.98294283924661 58.11402927167129 0.0 1.0 1.0 1 0 0 0.0 1.0 0
cell 5.636588390022112 4.954034394222202 0.0 1.0 1.0 1 0 0 0.0 1.0 0
cell 48.04863199656094 17.342853512635077 0.0 1.0 1.0 1 0 0 0.0 1.0 0
cell 34.6215525597928 54.34878690343923 0.0 1.0 1.0 1 0 0 0.0 1.0 0
cell 51.277420900246966 12.520760565892573 0.0 1.0 1.0 1 0 0 0.0 1.0 0
cell 54.85361158561026 27.377319885514797 0.0 1.0 1.0 1 0 0 0.0 1.0 0
cell 5.557515248329139 12.779332306924953 0.0 1.0 1.0 1 0 0 0.0 1.0 0
cell 53.44126281320177 47.52108989237205 0.0 1.0 1.0 1 0 0 0.0 1.0 0
cell 6.544200012232203 45.57297223719911 0.0 1.0 1.0 1 0 0 0.0 1.0 0
cell 10.908392323140099 12.275869729420641 0.0 1.0 1.0 1 0 0 0.0 1.0 0
cell 1.986939215059533 34.20709716033107 0.0 1.0 1.0 1 0 0 0.0 1.0 0
cell 29.77965498493194 17.135539819104302 0.0 1.6431676725154984 0.6085806194501846 1 0 0 0.7445961850196854 -0.6675151842873167 4.60332593856317
cell 49.37161351692056 57.89964565268075 0.0 1.6431676725154984 0.6085806194501846 1 0 0 0.2735945873036648 0.9618451028092503 0.5542564697365095
cell 21.785302343168286 7.306370646755526 0.0 1.0 1.0 1 0 0 0.0 1.0 0
cell 1.0338495841618531 52.80551012989783 0.0 1.0 1.0 1 0 0 0.0 1.0 0
cell 21.111774022674055 34.12110016414157 0.0 1.6431676725154984 0.6085806194501846 1 0 0 0.46500717424390103 -0.88530691169882 5.315899877417769
cell 57.4909453992954 57.19628574042928 0.0 1.0 1.0 1 0 0 0.0 1.0 0
cell 24.940791733624444 58.26294544771082 0.0 1.0 1.0 1 0 0 0.0 1.0 0
cell 58.279295226265006 25.329641193107108 0.0 1.0 1.0 1 0 0 0.0 1.0 0
cell 34.407964515609166 4.5713879515248905 0.0 1.0 1.0 1 0 0 0.0 1.0 0
cell 34.208712556072285 21.46726192489554 0.0 1.6431676725154984 0.6085806194501846 1 0 0 0.9766067265773035 0.2150332569719484 2.7081408869671817
cell 8.94498679472055 22.64176975076399 0.0 1.0 1.0 1 0 0 0.0 1.0 0
cell 57.90548523138737 32.15982423176208 0.0 1.0 1.0 1 0 0 0.0 1.0 0
cell 35.15064174373958 15.525661684872205 0.0 1.0 1.0 1 0 0 0.0 1.0 0
cell 9.946357741575191 44.73530256433164 0.0 1.0 1.0 1 0 0 0.0 1.0 0
cell 39.531087290421205 6.086527544903081 0.0 1.0 1.0 1 0 0 0.0 1.0 0
cell 14.257448540244532 56.16478431497852 0.0 1.0 1.0 1 0 0 0.0 1.0 0
cell 17.91625886597111 22.57936792009478 0.0 1.0 1.0 1 0 0 0.0 1.0 0
cell 17.87860621456758 56.47263552003885 0.0 1.0 1.0 1 0 0 0.0 1.0 0
cell 22.956441224749753 2.5976209087258195 0.0 1.0 1.0 1 0 0 0.0 1.0 0
cell 11.803349478693224 9.193152432994847 0.0 1.6431676725154984 0.6085806194501846 1 0 0 0.9951704436272074 -0.09816205035973566 3.3382334189041782
cell 1.3445795983015527 16.453189724471947 0.0 1.0 1.0 1 0 0 0.0 1.0 0
cell 52.750350408802035 32.318701960979084 0.0 1.0 1.0 1 0 0 0.0 1.0 0
cell 42.75388014407352 0.44124793281375074 0.0 1.0 1.0 1 0 0 0.0 1.0 0
cell 40.982288322646376 28.000987463391272 0.0 1.6431676725154984 0.6085806194501846 1 0 0 0.3351100204415294 0.9421790032683162 0.6834440000230121
cell 12.864687531202298 48.51941401987893 0.0 1.0 1.0 1 0 0 0.0 1.0 0
cell 51.92574212627745 18.175277676131905 0.0 1.0 1.0 1 0 0 0.0 1.0 0
cell 53.06396209534106 45.671619214921535 0.0 1.0 1.0 1 0 0 0.0 1.0 0
cell 4.120424990947532 14.160566735538819 0.0 1.0 1.0 1 0 0 0.0 1.0 0
cell 58.24392137185258 52.29778987612221 0.0 1.0 1.0 1 0 0 0.0 1.0 0
cell 20.562372234246823 12.286096606731093 0.0 1.0 1.0 1 0 0 0.0 1.0 0
cell 58.71793781198265 38.568806349258296 0.0 1.0 1.0 1 0 0 0.0 1.0 0
cell 8.295212502954245 37.42288997805876 0.0 1.0 1.0 1 0 0 0.0 1.0 0
cell 43.6976910112793 34.21596800191241 0.0 1.0 1.0 1 0 0 0.0 1.0 0
cell 30.8482948669589 20.071201835280974 0.0 1.0 1.0 1 0 0 0.0 1.0 0
cell 1.2406608291530434 2.0621043163769195 0.0 1.0 1.0 1 0 0 0.0 1.0 0
cell 31.715761095443344 52.070128488832424 0.0 1.6431676725154984 0.6085806194501846 1 0 0 0.7881454701013286 0.6154890071794585 1.815580115096957
cell 2.0754766926372668 49.62246605851325 0.0 1.0 1.0 1 0 0 0.0 1.0 0
cell 58.12270048105346 43.871680514315926 0.0 1.0 1.0 1 0 0 0.0 1.0 0
cell 38.41644396625296 33.67159319750776 0.0 1.6431676725154984 0.6085806194501846 1 0 0 0.3039754569017467 0.9526798631236908 0.6177256235442807
cell 7.605350623731321 57.88945298621388 0.0 1.0 1.0 1 0 0 0.0 1.0 0
cell 44.05983056896055 54.416255754528066 0.0 1.0 1.0 1 0 0 0.0 1.0 0
cell 17.61512095690945 51.11390594988421 0.0 1.0 1.0 1 0 0 0.0 1.0 0
cell 54.9067124930766 53.04800687179247 0.0 1.0 1.0 1 0 0 0.0 1.0 0
cell 5.709687760346857 30.102305755077555 0.0 1.6431676725154984 0.6085806194501846 1 0 0 0.04880718635018074 0.9988082191094438 0.09765316951058624
cell 17.976566591199184 0.7108465695446885 0.0 1.0 1.0 1 0 0 0.0 1.0 0
cell 51.08079908139104 33.07420262264521 0.0 1.0 1.0 1 0 0 0.0 1.0 0
cell 34.40921455523026 29.324539294997376 0.0 1.0 1.0 1 0 0 0.0 1.0 0
cell 27.106784924568622 38.4259724583157 0.0 1.6431676725154984 0.6085806194501846 1 0 0 0.49511268084999094 -0.8688287709678674 5.247256267866461
cell 27.11385328273794 43.60890142843956 0.0 1.6431676725154984 0.6085806194501846 1 0 0 0.7535930424707588 0.6573412556196859 1.7070222185271786
cell 47.48104077394284 4.685068663166755 0.0 1.0 1.0 1 0 0 0.0 1.0 0
cell 14.387595580820078 23.723311720685683 0.0 1.0 1.0 1 0 0 0.0 1.0 0
cell 7.432592513376012 5.5246120546134705 0.0 1.0 1.0 1 0 0 0.0 1.0 0
cell 16.452129605088494 31.981897601715943 0.0 1.0 1.0 1 0 0 0.0 1.0 0
cell 9.064696883427384 11.924250005673569 0.0 1.0 1.0 1 0 0 0.0 1.0 0
cell 19.05221850910227 12.825529024320142 0.0 1.0 1.0 1 0 0 0.0 1.0 0
cell 52.969124566086194 13.119546582935499 0.0 1.0 1.0 1 0 0 0.0 1.0 0
cell 55.17692955586587 54.83191047093477 0.0 1.0 1.0 1 0 0 0.0 1.0 0
cell 24.786957040494816 17.100074522781537 0.0 1.6431676725154984 0.6085806194501846 1 0 0 0.7064736715509169 -0.7077393244729073 4.71417888415116
cell 56.20528830704657 24.833946600628238 0.0 1.0 1.0 1 0 0 0.0 1.0 0
cell 47.67230972555044 29.225423841140078 0.0 1.0 1.0 1 0 0 0.0 1.0 0
cell 49.02745169200208 3.4335064899727303 0.0 1.0 1.0 1 0 0 0.0 1.0 0
cell 41.79467336131889 3.397512482554402 0.0 1.0 1.0 1 0 0 0.0 1.0 0
cell 35.466958446124764 36.00343399522379 0.0 1.0 1.0 1 0 0 0.0 1.0 0
cell 11.880164369596558 53.90038109627094 0.0 1.0 1.0 1 0 0 0.0 1.0 0
cell 49.774769355436455 54.86429811632101 0.0 1.0 1.0 1 0 0 0.0 1.0 0
cell 55.48783092765532 39.30265444966637 0.0 1.0 1.0 1 0 0 0.0 1.0 0
cell 35.64570702972775 25.36533673888514 0.0 1.6431676725154984 0.6085806194501846 1 0 0 0.8467703981642802 -0.5319585442426001 4.263416348130442
cell 40.623376501927964 37.45399497506793 0.0 1.6431676725154984 0.6085806194501846 1 0 0 0.941998405327373 0.33561734812236144 2.4570716261780494
cell 58.43967192867538 45.591460876854036 0.0 1.0 1.0 1 0 0 0.0 1.0 0
cell 45.499149383239995 42.892669401275626 0.0 1.0 1.0 1 0 0 0.0 1.0 0
cell 37.84290230423614 39.349219454682476 0.0 1.6431676725154984 0.6085806194501846 1 0 0 0.9813271392355286 0.19234616138569902 2.754487866720993
cell 5.715469103721306 41.99682294090434 0.0 1.0 1.0 1 0 0 0.0 1.0 0
cell 38.12073127683755 24.43275840432084 0.0 1.6431676725154984 0.6085806194501846 1 0 0 0.9373420744127798 -0.34841044119765796 3.8533421595348685
cell 58.983079506426456 55.91363064965608 0.0 1.0 1.0 1 0 0 0.0 1.0 0
cell 51.5697280120463 46.86925715806644 0.0 1.0 1.0 1 0 0 0.0 1.0 0
cell 52.14256122698171 50.528632153823544 0.0 1.0 1.0 1 0 0 0.0 1.0 0
cell 48.53553153892087 1.6488438018977036 0.0 1.0 1.0 1 0 0 0.0 1.0 0
cell 50.08467062151738 0.39809693910205574 0.0 1.0 1.0 1 0 0 0.0 1.0 0
cell 23.022237266727558 5.76585996302636 0.0 1.0 1.0 1 0 0 0.0 1.0 0
cell 45.4691389530294 55.41674946560037 0.0 1.0 1.0 1 0 0 0.0 1.0 0
cell 27.994103160047043 56.62731102217116 0.0 1.0 1.0 1 0 0 0.0 1.0 0
cell 25.75088776176577 12.121657335265853 0.0 1.6431676725154984 0.6085806194501846 1 0 0 0.4813354447304677 -0.8765364736541902 5.278830060282825
cell 9.22086883115248 2.3526506850873754 0.0 1.0 1.0 1 0 0 0.0 1.0 0
cell 47.559845776406135 9.504880702925814 0.0 1.0 1.0 1 0 0 0.0 1.0 0
cell 42.58197128570194 5.207328139010305 0.0 1.0 1.0 1 0 0 0.0 1.0 0
cell 2.3574033737488103 42.887639802848796 0.0 1.0 1.0 1 0 0 0.0 1.0 0
cell 30.180633026087243 15.134473766376567 0.0 1.0 1.0 1 0 0 0.0 1.0 0
cell 55.06390939337888 14.50278037431937 0.0 1.6431676725154984 0.6085806194501846 1 0 0 0.9885730558830438 -0.1507425393910439 3.4442313581145565
cell 2.9197694791032527 53.297069781710235 0.0 1.0 1.0 1 0 0 0.0 1.0 0
cell 19.176982418610944 29.009897760909936 0.0 1.0 1.0 1 0 0 0.0 1.0 0
cell 12.897646833326782 22.599233211201966 0.0 1.6431676725154984 0.6085806194501846 1 0 0 0.7349528115547522 -0.6781182528053384 4.631991125136196
cell 27.77578157515071 10.699491227223781 0.0 1.0 1.0 1 0 0 0.0 1.0 0
cell 38.58360762009019 40.9067916317617 0.0 1.6431676725154984 0.6085806194501846 1 0 0 0.5654101133500614 -0.824809919752103 5.081324526094458
cell 39.75947069099792 30.356918392154913 0.0 1.6431676725154984 0.6085806194501846 1 0 0 0.9310861413695743 -0.36479939329653077 3.888427332538383
cell 0.857891377139824 44.26320463054719 0.0 1.0 1.0 1 0 0 0.0 1.0 0
cell 2.7442123420430042 7.306455327764591 0.0 1.0 1.0 1 0 0 0.0 1.0 0
cell 51.25598301195765 29.086284632177897 0.0 1.0 1.0 1 0 0 0.0 1.0 0
cell 14.76084229131233 52.53277189697276 0.0 1.0 1.0 1 0 0 0.0 1.0 0
cell 58.729872176696176 19.274497450537357 0.0 1.0 1.0 1 0 0 0.0 1.0 0
cell 14.571209251160589 9.326477488524034 0.0 1.0 1.0 1 0 0 0.0 1.0 0
cell 15.00967489784948 19.86216082502317 0.0 1.0 1.0 1 0 0 0.0 1.0 0
cell 17.04965862656005 5.713707271934232 0.0 1.0 1.0 1 0 0 0.0 1.0 0
cell 25.36090879847986 24.97183811310074 0.0 1.6431676725154984 0.6085806194501846 1 0 0 0.7753535204693006 -0.6315274485688345 4.50863592880865
cell 22.52089481463996 28.460312114723443 0.0 1.6431676725154984 0.6085806194501846 1 0 0 0.9083861492608053 -0.4181322803026884 4.0043691718229795
cell 23.486295660817124 42.17061839042617 0.0 1.6431676725154984 0.6085806194501846 1 0 0 0.9524775963477814 0.3046086480314584 2.522537604798797
cell 54.54772826772151 0.7739685181551346 0.0 1.0 1.0 1 0 0 0.0 1.0 0
cell 41.960218528021436 45.46634023174303 0.0 1.6431676725154984 0.6085806194501846 1 0 0 0.9086383424814433 -0.41758395871079074 4.003162096018013
cell 51.98952219564706 3.6182860024469092 0.0 1.0 1.0 1 0 0 0.0 1.0 0
cell 47.823573255401065 45.36415627223825 0.0 1.0 1.0 1 0 0 0.0 1.0 0
cell 25.60970777214637 20.082542614634363 0.0 1.6431676725154984 0.6085806194501846 1 0 0 0.8321369214169757 -0.5545702336175986 4.317285485716209
cell 21.115097312444462 29.3104158579202 0.0 1.0 1.0 1 0 0 0.0 1.0 0
cell 20.965790962054044 58.22006604015928 0.0 1.0 1.0 1 0 0 0.0 1.0 0
cell 0.7949663402530689 14.764860425324429 0.0 1.0 1.0 1 0 0 0.0 1.0 0
cell 36.110615616402285 12.454058959249707 0.0 1.0 1.0 1 0 0 0.0 1.0 0
cell 37.889848638619995 9.38140161079536 0.0 1.0 1.0 1 0 0 0.0 1.0 0
cell 33.644605025956906 48.22234915484926 0.0 1.6431676725154984 0.6085806194501846 1 0 0 0.801383895375439 0.5981503592182215 1.8592105398136698
cell 49.65692817517963 46.121141571243754 0.0 1.0 1.0 1 0 0 0.0 1.0 0
cell 12.420328523751179 55.88704310673545 0.0 1.0 1.0 1 0 0 0.0 1.0 0
cell 43.42481753495429 23.531188249681946 0.0 1.6431676725154984 0.6085806194501846 1 0 0 0.7599988186548529 -0.6499244537969225 4.556562712483004
cell 55.84245686971192 49.82299741633929 0.0 1.0 1.0 1 0 0 0.0 1.0 0
cell 3.3350435058297814 39.76417458195608 0.0 1.0 1.0 1 0 0 0.0 1.0 0
cell 53.03278639766925 37.30371228632512 0.0 1.6431676725154984 0.6085806194501846 1 0 0 -0.2085543977706857 0.9780107684327952 5.862992064008285
cell 46.653622682753344 36.886278552169834 0.0 1.0 1.0 1 0 0 0.0 1.0 0
cell 34.79371795463254 8.166158906572054 0.0 1.0 1.0 1 0 0 0.0 1.0 0
cell 43.17838022099027 20.313638591714177 0.0 1.6431676725154984 0.6085806194501846 1 0 0 0.7508386069527726 -0.660485719988873 4.584523614147521
cell 31.19036218010848 18.414256958640856 0.0 1.0 1.0 1 0 0 0.0 1.0 0
cell 34.34936136159233 11.351137764335435 0.0 1.0 1.0 1 0 0 0.0 1.0 0
cell 3.463527694098326 33.08898756240689 0.0 1.0 1.0 1 0 0 0.0 1.0 0
cell 11.94807990128779 26.726416032703693 0.0 1.0 1.0 1 0 0 0.0 1.0 0
cell 49.26677880756176 26.167896768713415 0.0 1.0 1.0 1 0 0 0.0 1.0 0
cell 19.01242819950562 2.443514240434712 0.0 1.0 1.0 1 0 0 0.0 1.0 0
cell 25.831025243711153 43.930688069737805 0.0 1.6431676725154984 0.6085806194501846 1 0 0 0.6516873176905608 -0.7584877322417827 4.863571511137384
cell 39.64692769478688 43.2083385097035 0.0 1.6431676725154984 0.6085806194501846 1 0 0 0.8281702842071923 -0.5604765653942887 4.331514917094184
cell 31.050265954533007 4.507901298488367 0.0 1.0 1.0 1 0 0 0.0 1.0 0
cell 18.35719879645211 35.95235341450754 0.0 1.0 1.0 1 0 0 0.0 1.0 0
cell 2.7580360146031158 21.150170270824916 0.0 1.0 1.0 1 0 0 0.0 1.0 0
cell 43.802896292618094 30.514288086797116 0.0 1.6431676725154984 0.6085806194501846 1 0 0 0.21700099307380907 0.9761713830086296 0.43748240466838406
cell 45.56569344440451 51.665660546157405 0.0 1.0 1.0 1 0 0 0.0 1.0 0
cell 53.10552807903895 28.352667818399002 0.0 1.0 1.0 1 0 0 0.0 1.0 0
cell 5.837842118986341 50.57093906524123 0.0 1.0 1.0 1 0 0 0.0 1.0 0
cell 29.287662683399247 1.025705178381268 0.0 1.0 1.0 1 0 0 0.0 1.0 0
cell 43.19551369242935 13.000910749858555 0.0 1.0 1.0 1 0 0 0.0 1.0 0
cell 6.7289513771676415 9.684142864573806 0.0 1.6431676725154984 0.6085806194501846 1 0 0 0.9442573611168942 0.3292081954881429 2.470662843410625
cell 36.151107867405706 9.286215485497097 0.0 1.0 1.0 1 0 0 0.0 1.0 0
cell 8.73025336152265 26.73577704970087 0.0 1.6431676725154984 0.6085806194501846 1 0 0 0.33317174366950675 -0.942866156578027 5.60385426132916
cell 46.99684229290341 50.46969133466938 0.0 1.0 1.0 1 0 0 0.0 1.0 0
cell 11.628126082078548 42.74641908758188 0.0 1.0 1.0 1 0 0 0.0 1.0 0
cell 27.16119846873559 15.92205172552815 0.0 1.0 1.0 1 0 0 0.0 1.0 0
cell 50.01559176209226 15.853391905389838 0.0 1.0 1.0 1 0 0 0.0 1.0 0
cell 27.44687655958796 23.346433884875946 0.0 1.0 1.0 1 0 0 0.0 1.0 0
cell 49.308018940075215 9.988677715667807 0.0 1.0 1.0 1 0 0 0.0 1.0 0
cell 57.22825056000476 22.357104750254294 0.0 1.0 1.0 1 0 0 0.0 1.0 0
cell 22.09185085413262 4.152274157038307 0.0 1.0 1.0 1 0 0 0.0 1.0 0
cell 56.91298904376311 19.560115845552026 0.0 1.0 1.0 1 0 0 0.0 1.0 0
cell 42.15677853277422 47.42654048872104 0.0 1.6431676725154984 0.6085806194501846 1 0 0 0.13463996113846452 0.9908945861516414 0.2701002123996139
cell 35.82742948989531 3.2554574862355956 0.0 1.0 1.0 1 0 0 0.0 1.0 0
cell 41.64230213676664 55.96225495225094 0.0 1.6431676725154984 0.6085806194501846 1 0 0 0.187392252137664 0.9822851642159593 0.3770133880134204
cell 57.17083478118331 39.75236924400818 0.0 1.0 1.0 1 0 0 0.0 1.0 0
cell 21.214782094536353 24.860412226360406 0.0 1.0 1.0 1 0 0 0.0 1.0 0
cell 22.942139818831777 10.572507316120934 0.0 1.0 1.0 1 0 0 0.0 1.0 0
cell 45.760043785631034 31.92880790063462 0.0 1.0 1.0 1 0 0 0.0 1.0 0
cell 31.220289807770392 11.363631958053242 0.0 1.6431676725154984 0.6085806194501846 1 0 0 -0.06898290266340057 -0.9976178422322507 0.1380754619265936
cell 2.694789841849044 23.096716350067222 0.0 1.0 1.0 1 0 0 0.0 1.0 0
cell 50.70499740414869 8.613152569488568 0.0 1.0 1.0 1 0 0 0.0 1.0 0
cell 12.008338818195769 38.98484465792363 0.0 1.0 1.0 1 0 0 0.0 1.0 0
cell 37.61893747702813 57.06570938293618 0.0 1.0 1.0 1 0 0 0.0 1.0 0
cell 58.51086376421463 28.93919467491907 0.0 1.0 1.0 1 0 0 0.0 1.0 0
cell 29.768057420815264 48.46853162792879 0.0 1.6431676725154984 0.6085806194501846 1 0 0 0.9079809981683792 0.4190113446735706 2.2768802617563972
cell 11.306794994448296 52.044096532183225 0.0 1.0 1.0 1 0 0 0.0 1.0 0
cell 31.144056669903453 21.652142127700696 0.0 1.6431676725154984 0.6085806194501846 1 0 0 0.9843530290860893 -0.1762075881709995 3.4958574884212124
cell 47.7336204121765 27.43473792802719 0.0 1.0 1.0 1 0 0 0.0 1.0 0
cell 41.51926980480411 24.81995387271938 0.0 1.6431676725154984 0.6085806194501846 1 0 0 0.8976242456879923 -0.44076151550817466 4.054486382926694
cell 33.47148734282203 26.894403442622494 0.0 1.6431676725154984 0.6085806194501846 1 0 0 0.8798313155919106 0.47528607817167107 2.1510143449291017
cell 2.749101662696556 0.8109644624384404 0.0 1.0 1.0 1 0 0 0.0 1.0 0
cell 36.820873589469315 7.840662749152149 0.0 1.0 1.0 1 0 0 0.0 1.0 0
cell 5.691743237234663 57.388226383107494 0.0 1.0 1.0 1 0 0 0.0 1.0 0
cell 16.71854022158102 47.0118545033273 0.0 1.0 1.0 1 0 0 0.0 1.0 0
cell 52.46924932489393 42.11041691958385 0.0 1.0 1.0 1 0 0 0.0 1.0 0
cell 35.018248244535286 33.811768347167394 0.0 1.0 1.0 1 0 0 0.0 1.0 0
cell 43.36188534878741 41.28474416002424 0.0 1.0 1.0 1 0 0 0.0 1.0 0
cell 28.968584003830458 46.198387365040055 0.0 1.6431676725154984 0.6085806194501846 1 0 0 0.38109855404480314 0.9245344191023719 0.7819684599362443
cell 13.137995600367255 40.60048175908193 0.0 1.6431676725154984 0.6085806194501846 1 0 0 0.7910329911928832 0.6117734930874661 1.824991356009994
cell 28.700430812987545 15.301629050676379 0.0 1.6431676725154984 0.6085806194501846 1 0 0 0.6974996963671622 -0.7165850776898138 4.7393806048488
cell 54.86521838851238 29.143899428552146 0.0 1.0 1.0 1 0 0 0.0 1.0 0
cell 45.19728807626078 49.67572403533459 0.0 1.0 1.0 1 0 0 0.0 1.0 0
cell 8.152825677301024 52.9486364929524 0.0 1.0 1.0 1 0 0 0.0 1.0 0
cell 14.317655733469973 13.632110616700219 0.0 1.0 1.0 1 0 0 0.0 1.0 0
cell 36.78864626708742 14.368070182483638 0.0 1.0 1.0 1 0 0 0.0 1.0 0
cell 4.221407701802237 43.32176459195739 0.0 1.0 1.0 1 0 0 0.0 1.0 0
cell 13.620700720244526 54.20720983723639 0.0 1.0 1.0 1 0 0 0.0 1.0 0
cell 6.08107333047162 8.472005210497683 0.0 1.0 1.0 1 0 0 0.0 1.0 0
cell 6.338183220573374 15.967755818078292 0.0 1.0 1.0 1 0 0 0.0 1.0 0
cell 57.24255788444226 23.82296971529816 0.0 1.6431676725154984 0.6085806194501846 1 0 0 -0.1924412259887625 -0.9813085012063953 0.38729853572575657
cell 55.495578169988455 6.320360252381725 0.0 1.0 1.0 1 0 0 0.0 1.0 0
cell 6.956606079680782 47.43732864335105 0.0 1.0 1.0 1 0 0 0.0 1.0 0
cell 14.2895845942811 29.16107030773659 0.0 1.0 1.0 1 0 0 0.0 1.0 0
cell 50.771899477252546 22.815298982628327 0.0 1.0 1.0 1 0 0 0.0 1.0 0
cell 7.383199942355539 23.868305651297447 0.0 1.0 1.0 1 0 0 0.0 1.0 0
cell 15.381404957137157 54.458464379204806 0.0 1.0 1.0 1 0 0 0.0 1.0 0
cell 28.77341078739268 52.05326812638695 0.0 1.6431676725154984 0.6085806194501846 1 0 0 0.9307943142558343 0.36554335522480963 2.3931596724807456
cell 22.87564211356876 55.16587677275496 0.0 1.0 1.0 1 0 0 0.0 1.0 0
cell 51.12710082262673 27.01862335358149 0.0 1.0 1.0 1 0 0 0.0 1.0 0
cell 19.521241109890237 51.50286411721867 0.0 1.0 1.0 1 0 0 0.0 1.0 0
cell 9.72411103179924 21.0804156080148 0.0 1.0 1.0 1 0 0 0.0 1.0 0
cell 47.322842345743524 41.36830695159263 0.0 1.0 1.0 1 0 0 0.0 1.0 0
cell 6.650658201573711 1.8466116223580764 0.0 1.0 1.0 1 0 0 0.0 1.0 0
cell 46.67141367345043 18.831545440646078 0.0 1.0 1.0 1 0 0 0.0 1.0 0
cell 39.978438337936225 21.90371712942308 0.0 1.6431676725154984 0.6085806194501846 1 0 0 0.8308433989840295 -0.5565062860064249 4.321942309348774
cell 34.732559827530594 22.36303034371613 0.0 1.6431676725154984 0.6085806194501846 1 0 0 0.9865387617023594 0.16352758684324548 2.8130620096307823
cell 19.02029624687248 5.787142154868785 0.0 1.0 1.0 1 0 0 0.0 1.0 0
cell 20.305276329082535 48.45882029753922 0.0 1.0 1.0 1 0 0 0.0 1.0 0
cell 41.46699754205879 39.51399540019356 0.0 1.6431676725154984 0.6085806194501846 1 0 0 0.9833788983518044 -0.1815652562479715 3.5067485143028208
cell 59.052652083872665 40.506292939910175 0.0 1.0 1.0 1 0 0 0.0 1.0 0
cell 43.276471186999146 14.866920334406814 0.0 1.0 1.0 1 0 0 0.0 1.0 0
cell 46.85699820714074 7.944413110607732 0.0 1.0 1.0 1 0 0 0.0 1.0 0
cell 25.099853940914308 52.704888015313806 0.0 1.0 1.0 1 0 0 0.0 1.0 0
cell 0.730749699319826 5.021647570898652 0.0 1.0 1.0 1 0 0 0.0 1.0 0
cell 19.62777853577417 56.71674841023971 0.0 1.0 1.0 1 0 0 0.0 1.0 0
cell 40.75067032018618 10.114828383712917 0.0 1.0 1.0 1 0 0 0.0 1.0 0
cell 5.9475387942813605 25.04857298163897 0.0 1.0 1.0 1 0 0 0.0 1.0 0
cell 56.44114088675459 1.2797725274789447 0.0 1.0 1.0 1 0 0 0.0 1.0 0
cell 34.68288487118015 41.77978967223581 0.0 1.6431676725154984 0.6085806194501846 1 0 0 0.971769489878069 0.23593231771446135 2.6652369362761434
cell 20.48055445031176 15.98210821463223 0.0 1.0 1.0 1 0 0 0.0 1.0 0
cell 25.671801940589333 7.695562472167251 0.0 1.0 1.0 1 0 0 0.0 1.0 0
cell 10.450896496995007 23.005190154667297 0.0 1.0 1.0 1 0 0 0.0 1.0 0
cell 11.882291601033348 44.739072285887495 0.0 1.0 1.0 1 0 0 0.0 1.0 0
cell 45.932409826627506 53.63682201277646 0.0 1.0 1.0 1 0 0 0.0 1.0 0
cell 44.177765441714456 26.515301940860752 0.0 1.0 1.0 1 0 0 0.0 1.0 0
cell 15.118471327204803 21.89807842630008 0.0 1.0 1.0 1 0 0 0.0 1.0 0
cell 3.329925768669325 55.123652543465575 0.0 1.0 1.0 1 0 0 0.0 1.0 0
cell 40.876837901783546 57.252549926769454 0.0 1.0 1.0 1 0 0 0.0 1.0 0
cell 39.51352618871933 56.418073042802455 0.0 1.0 1.0 1 0 0 0.0 1.0 0
cell 33.409022385410694 36.476544267901126 0.0 1.6431676725154984 0.6085806194501846 1 0 0 0.9140539257306812 -0.40559267850434655 3.976846941410668
cell 18.92367999313961 16.679517415626158 0.0 1.0 1.0 1 0 0 0.0 1.0 0
cell 15.894094788808175 30.035807935529448 0.0 1.0 1.0 1 0 0 0.0 1.0 0
cell 51.537409819572765 21.240111980956208 0.0 1.0 1.0 1 0 0 0.0 1.0 0
cell 27.228085747691043 51.76893926865657 0.0 1.0 1.0 1 0 0 0.0 1.0 0
cell 53.86028404670699 7.767271404812796 0.0 1.0 1.0 1 0 0 0.0 1.0 0
cell 37.55536982784928 6.023029233659569 0.0 1.0 1.0 1 0 0 0.0 1.0 0
cell 4.625474046548298 45.113188806246846 0.0 1.0 1.0 1 0 0 0.0 1.0 0
cell 56.01409428502684 58.53378565150011 0.0 1.0 1.0 1 0 0 0.0 1.0 0
cell 55.02167690863517 19.675031944767543 0.0 1.0 1.0 1 0 0 0.0 1.0 0
cell 28.767682227344952 7.092015773568658 0.0 1.0 1.0 1 0 0 0.0 1.0 0
cell 8.097601638866152 16.66657393116417 0.0 1.0 1.0 1 0 0 0.0 1.0 0
cell 15.96543828792981 16.406257750754147 0.0 1.0 1.0 1 0 0 0.0 1.0 0
cell 13.08665729364601 30.352115342513375 0.0 1.0 1.0 1 0 0 0.0 1.0 0
cell 11.960160578055188 24.005685770956458 0.0 1.6431676725154984 0.6085806194501846 1 0 0 0.660973599504382 -0.7504091555666288 4.838954415962806
cell 24.98328457602391 5.982635919276645 0.0 1.0 1.0 1 0 0 0.0 1.0 0
cell 22.97813961288559 58.431572189539466 0.0 1.0 1.0 1 0 0 0.0 1.0 0
cell 12.923393283180182 20.373652258729425 0.0 1.0 1.0 1 0 0 0.0 1.0 0
cell 8.271574829495522 28.62570824658086 0.0 1.6431676725154984 0.6085806194501846 1 0 0 0.4046845681984841 -0.9144563413646419 5.449917576935209
cell 9.127958785328271 49.6995199493394 0.0 1.0 1.0 1 0 0 0.0 1.0 0
cell 29.201007762614978 50.34105816457308 0.0 1.6431676725154984 0.6085806194501846 1 0 0 0.953148208963889 0.3025037053474399 2.5269559786937186
cell 4.586510753438877 18.103726860395632 0.0 1.0 1.0 1 0 0 0.0 1.0 0
cell 51.02465441669797 10.559248724335843 0.0 1.0 1.0 1 0 0 0.0 1.0 0
cell 18.090192851061108 4.053180622294377 0.0 1.0 1.0 1 0 0 0.0 1.0 0
cell 25.689258030752626 48.83951180298617 0.0 1.0 1.0 1 0 0 0.0 1.0 0
cell 6.229533441728441 0.09459586106182558 0.0 1.0 1.0 1 0 0 0.0 1.0 0
cell 1.427464641911084 54.60049921201713 0.0 1.0 1.0 1 0 0 0.0 1.0 0
cell 22.260365049329568 8.883749934524971 0.0 1.0 1.0 1 0 0 0.0 1.0 0
cell 49.834293173470115 13.912150052237855 0.0 1.0 1.0 1 0 0 0.0 1.0 0
cell 41.80223067222936 22.40945190500602 0.0 1.6431676725154984 0.6085806194501846 1 0 0 0.8206633999000146 -0.5714119215281991 4.358043234438025
cell 5.425789268079515 48.72798408377021 0.0 1.0 1.0 1 0 0 0.0 1.0 0
cell 18.94986206170335 58.21401514420263 0.0 1.0 1.0 1 0 0 0.0 1.0 0
cell 4.33945634407918 36.67849683707287 0.0 1.0 1.0 1 0 0 0.0 1.0 0
cell 3.8152580149201243 4.330860165396394 0.0 1.0 1.0 1 0 0 0.0 1.0 0
cell 10.581749791573817 55.44281174566207 0.0 1.0 1.0 1 0 0 0.0 1.0 0
cell 17.410243594589865 17.444358962762198 0.0 1.0 1.0 1 0 0 0.0 1.0 0
cell 38.504895927492434 7.555302787900718 0.0 1.0 1.0 1 0 0 0.0 1.0 0
cell 15.857401781379783 18.348807119504908 0.0 1.0 1.0 1 0 0 0.0 1.0 0
cell 37.135180352747426 11.04980547327313 0.0 1.0 1.0 1 0 0 0.0 1.0 0
cell 2.7930349770437974 27.069176165210955 0.0 1.0 1.0 1 0 0 0.0 1.0 0
cell 57.789068013486734 17.818253514075753 0.0 1.0 1.0 1 0 0 0.0 1.0 0
cell 44.19095235242933 58.46206574610968 0.0 1.0 1.0 1 0 0 0.0 1.0 0
cell 18.516102710818465 27.27512408852239 0.0 1.0 1.0 1 0 0 0.0 1.0 0
cell 28.521273914848003 29.93028546543045 0.0 1.6431676725154984 0.6085806194501846 1 0 0 0.9938386745735763 0.11083631589798104 2.9194636310659057
cell 28.732566460700536 58.23629036440667 0.0 1.0 1.0 1 0 0 0.0 1.0 0
cell 12.495140924749936 50.41550555810334 0.0 1.0 1.0 1 0 0 0.0 1.0 0
cell 29.180200248361515 24.240987485314474 0.0 1.0 1.0 1 0 0 0.0 1.0 0
cell 47.88607220276439 11.458533346676324 0.0 1.0 1.0 1 0 0 0.0 1.0 0
cell 47.08816124537371 2.9450469761137255 0.0 1.0 1.0 1 0 0 0.0 1.0 0
cell 53.20145244983011 30.328570336773613 0.0 1.0 1.0 1 0 0 0.0 1.0 0
cell 1.4416843126662084 39.196552225791656 0.0 1.0 1.0 1 0 0 0.0 1.0 0
cell 47.41069628124087 52.40024010115236 0.0 1.0 1.0 1 0 0 0.0 1.0 0
cell 4.800270598097574 38.448885818153784 0.0 1.0 1.0 1 0 0 0.0 1.0 0
cell 37.87813244070801 2.6651429187892064 0.0 1.0 1.0 1 0 0 0.0 1.0 0
cell 28.601769704854473 18.134964589270137 0.0 1.0 1.0 1 0 0 0.0 1.0 0
cell 18.00369506845013 38.06145374969461 0.0 1.6431676725154984 0.6085806194501846 1 0 0 0.9348453690887828 0.3550551166977564 2.41564660418738
cell 22.653955492594363 13.847653832537588 0.0 1.0 1.0 1 0 0 0.0 1.0 0
cell 12.17851995836655 3.997847673392652 0.0 1.0 1.0 1 0 0 0.0 1.0 0
cell 3.566287489134875 48.27521375063958 0.0 1.0 1.0 1 0 0 0.0 1.0 0
cell 28.85894864454454 9.787745088416521 0.0 1.0 1.0 1 0 0 0.0 1.0 0
cell 22.704737688950413 36.46491435343189 0.0 1.6431676725154984 0.6085806194501846 1 0 0 0.3358421010827096 -0.9419182996100836 5.598187076166021
cell 20.575398136715492 54.91431309649139 0.0 1.6431676725154984 0.6085806194501846 1 0 0 0.9492026975982671 0.3146652806907249 2.501384650866496
cell 27.387799489934093 21.371401210217694 0.0 1.0 1.0 1 0 0 0.0 1.0 0
cell 44.262064424556364 45.806772038759874 0.0 1.0 1.0 1 0 0 0.0 1.0 0
cell 16.325240937430546 23.13777861213984 0.0 1.0 1.0 1 0 0 0.0 1.0 0
cell 42.38330705025649 53.67827289745244 0.0 1.0 1.0 1 0 0 0.0 1.0 0
cell 40.42518697698471 33.611622436811615 0.0 1.0 1.0 1 0 0 0.0 1.0 0
cell 38.035809680741444 53.929364851584324 0.0 1.0 1.0 1 0 0 0.0 1.0 0
cell 29.53364143314287 26.176658319736088 0.0 1.0 1.0 1 0 0 0.0 1.0 0
cell 5.159063309857263 33.325020565306346 0.0 1.0 1.0 1 0 0 0.0 1.0 0
cell 58.357989958912626 1.732367817785343 0.0 1.0 1.0 1 0 0 0.0 1.0 0
cell 9.423723689437251 13.641081545804264 0.0 1.0 1.0 1 0 0 0.0 1.0 0
cell 27.577147652473034 8.39262293016499 0.0 1.0 1.0 1 0 0 0.0 1.0 0
cell 27.7571561685247 31.76170688957328 0.0 1.6431676725154984 0.6085806194501846 1 0 0 0.3539879195922774 -0.9352499948049887 5.559521915678447
cell 58.50081505756825 6.7756857364680885 0.0 1.6431676725154984 0.6085806194501846 1 0 0 0.8631195045689088 -0.5049997235966782 4.200355943757824
cell 54.09094381793162 58.017842298089114 0.0 1.0 1.0 1 0 0 0.0 1.0 0
cell 30.731084217442483 9.971795538436474 0.0 1.0 1.0 1 0 0 0.0 1.0 0
cell 21.001145413395584 2.4979936864374133 0.0 1.0 1.0 1 0 0 0.0 1.0 0
cell 19.656590339206296 21.942450026626513 0.0 1.0 1.0 1 0 0 0.0 1.0 0
cell 49.49962625733466 30.09788332130371 0.0 1.0 1.0 1 0 0 0.0 1.0 0
cell 34.983929888693964 48.01389353623997 0.0 1.6431676725154984 0.6085806194501846 1 0 0 0.8437852572475631 0.5366809477256145 2.008595375535762
cell 1.8315769155190864 8.562770229504569 0.0 1.6431676725154984 0.6085806194501846 1 0 0 0.9874217759363665 -0.1581083059382778 3.459141786649453
cell 13.34713211149006 43.52829511057847 0.0 1.6431676725154984 0.6085806194501846 1 0 0 0.730929031573514 0.6824534788562551 1.6393645426158796
cell 47.06810652887039 34.94003170044136 0.0 1.0 1.0 1 0 0 0.0 1.0 0
cell 13.925885272313945 7.5155961458222125 0.0 1.0 1.0 1 0 0 0.0 1.0 0
cell 16.956059970947393 26.42789658080958 0.0 1.0 1.0 1 0 0 0.0 1.0 0
cell 38.84788344576322 10.918525786151672 0.0 1.0 1.0 1 0 0 0.0 1.0 0
cell 54.88007573006574 22.45470215794926 0.0 1.0 1.0 1 0 0 0.0 1.0 0
cell 23.376595358794425 40.597473661107905 0.0 1.6431676725154984 0.6085806194501846 1 0 0 0.8997497379635045 0.4364062431205642 2.2383914287693023
cell 52.712841342746906 38.54796021793037 0.0 1.6431676725154984 0.6085806194501846 1 0 0 0.29862145119625283 -0.9543716408640001 5.676689567312227
cell 35.47902266880332 10.568778617226991 0.0 1.0 1.0 1 0 0 0.0 1.0 0
cell 11.127306046672516 57.349535439265324 0.0 1.0 1.0 1 0 0 0.0 1.0 0
cell 29.104964245383137 22.203830644442554 0.0 1.0 1.0 1 0 0 0.0 1.0 0
cell 3.0154339103596013 10.314920415374068 0.0 1.0 1.0 1 0 0 0.0 1.0 0
cell 6.21189215179329 19.272626583011732 0.0 1.0 1.0 1 0 0 0.0 1.0 0
cell 21.93108917209425 0.8950186163238121 0.0 1.0 1.0 1 0 0 0.0 1.0 0
cell 17.017195979351975 19.450205390159 0.0 1.0 1.0 1 0 0 0.0 1.0 0
cell 39.158618825467634 1.1401681011601694 0.0 1.0 1.0 1 0 0 0.0 1.0 0
cell 46.59024340561369 1.2578643583388234 0.0 1.0 1.0 1 0 0 0.0 1.0 0
cell 22.153009565352242 15.478872362184532 0.0 1.0 1.0 1 0 0 0.0 1.0 0
cell 37.32101612738012 21.397584116495658 0.0 1.6431676725154984 0.6085806194501846 1 0 0 0.9966141648995954 -0.08222047385829159 3.3062194430000527
cell 44.52037872938706 16.044603503706135 0.0 1.0 1.0 1 0 0 0.0 1.0 0
cell 57.95252415203173 34.639002091592765 0.0 1.0 1.0 1 0 0 0.0 1.0 0
cell 58.3523317592325 36.58019862513562 0.0 1.0 1.0 1 0 0 0.0 1.0 0
cell 40.287973002991336 40.512775933222834 0.0 1.6431676725154984 0.6085806194501846 1 0 0 0.8688728747077251 -0.49503527914395534 4.177343522602679
cell 53.50124130514418 2.345740291571204 0.0 1.0 1.0 1 0 0 0.0 1.0 0
cell 1.0037137847899564 26.122256523507073 0.0 1.0 1.0 1 0 0 0.0 1.0 0
cell 53.89458437216005 18.503504253290544 0.0 1.0 1.0 1 0 0 0.0 1.0 0
cell 35.050565961141636 17.26345244644982 0.0 1.0 1.0 1 0 0 0.0 1.0 0
cell 14.393127851570434 15.631913629781225 0.0 1.0 1.0 1 0 0 0.0 1.0 0
cell 10.356662837371022 10.377263700136998 0.0 1.0 1.0 1 0 0 0.0 1.0 0
cell 12.71505978344719 12.856919316577788 0.0 1.0 1.0 1 0 0 0.0 1.0 0
cell 4.256097839373652 8.17798882589326 0.0 1.0 1.0 1 0 0 0.0 1.0 0
cell 42.422489478942396 57.783531960665066 0.0 1.0 1.0 1 0 0 0.0 1.0 0
cell 3.191806834244365 2.520917014684646 0.0 1.0 1.0 1 0 0 0.0 1.0 0
cell 47.49099448986199 43.37641545332279 0.0 1.0 1.0 1 0 0 0.0 1.0 0
cell 48.90251934146887 8.040734900583548 0.0 1.0 1.0 1 0 0 0.0 1.0 0
cell 25.033798071558742 54.879744827805084 0.0 1.0 1.0 1 0 0 0.0 1.0 0
cell 21.219033144751933 10.593741763893666 0.0 1.0 1.0 1 0 0 0.0 1.0 0
cell 53.45673794297442 51.66007645110917 0.0 1.6431676725154984 0.6085806194501846 1 0 0 0.7754793317592307 -0.6313729531855614 4.508237445161519
cell 17.832043616571543 30.470746986883604 0.0 1.0 1.0 1 0 0 0.0 1.0 0
cell 19.19911449088713 34.145054496111264 0.0 1.0 1.0 1 0 0 0.0 1.0 0
cell 27.827905032139924 13.943759774359652 0.0 1.6431676725154984 0.6085806194501846 1 0 0 0.6901165286527176 -0.7236982636985685 4.7598851898344865
cell 7.67191412178362 25.742502654323857 0.0 1.0 1.0 1 0 0 0.0 1.0 0
cell 29.066901671995947 55.104423526112726 0.0 1.0 1.0 1 0 0 0.0 1.0 0
cell 34.8252803103524 13.836805449067572 0.0 1.0 1.0 1 0 0 0.0 1.0 0
cell 28.582769530354454 43.50813141459252 0.0 1.6431676725154984 0.6085806194501846 1 0 0 0.8926708352229284 0.4507091966472387 2.2064733618375056
cell 10.470130806989559 26.371745330184172 0.0 1.6431676725154984 0.6085806194501846 1 0 0 0.4578810475466644 -0.8890134680068515 5.331964819157817
cell 26.29745260007356 10.423693836036225 0.0 1.6431676725154984 0.6085806194501846 1 0 0 -0.37771915863055444 0.9259202110351766 5.508521844841743
cell 36.660949487329276 49.06408590285715 0.0 1.6431676725154984 0.6085806194501846 1 0 0 0.9999530282083114 0.009692335994372775 3.12220767808442
cell 17.63318892155242 11.441954537865477 0.0 1.0 1.0 1 0 0 0.0 1.0 0
cell 48.25554573014121 15.38213659687596 0.0 1.0 1.0 1 0 0 0.0 1.0 0
cell 21.18498736796441 21.134677212817813 0.0 1.0 1.0 1 0 0 0.0 1.0 0
cell 4.524016590750438 16.123691529044805 0.0 1.0 1.0 1 0 0 0.0 1.0 0
cell 10.006155167784783 36.052597507922066 0.0 1.0 1.0 1 0 0 0.0 1.0 0
cell 36.855016875856606 16.393215962441683 0.0 1.0 1.0 1 0 0 0.0 1.0 0
cell 14.989122043344944 46.75270914879571 0.0 1.0 1.0 1 0 0 0.0 1.0 0
cell 31.46138230402201 26.75432312572605 0.0 1.0 1.0 1 0 0 0.0 1.0 0
cell 6.953034113753741 3.5922287726296847 0.0 1.0 1.0 1 0 0 0.0 1.0 0
cell 9.53198935468916 51.631159376707465 0.0 1.0 1.0 1 0 0 0.0 1.0 0
cell 34.9941621830016 56.31224547126958 0.0 1.0 1.0 1 0 0 0.0 1.0 0
cell 50.73161185406516 24.791821380379194 0.0 1.0 1.0 1 0 0 0.0 1.0 0
cell 36.03573144357761 51.13365519412555 0.0 1.0 1.0 1 0 0 0.0 1.0 0
cell 4.321272310441547 24.086937115648343 0.0 1.0 1.0 1 0 0 0.0 1.0 0
cell 9.661777973842833 19.253411312449167 0.0 1.0 1.0 1 0 0 0.0 1.0 0
cell 7.930130986967103 20.226185823401735 0.0 1.0 1.0 1 0 0 0.0 1.0 0
cell 28.900907612006982 11.663088455568133 0.0 1.6431676725154984 0.6085806194501846 1 0 0 0.4628508422651263 -0.8864361780830379 5.320768147375235
cell 15.964480317951628 10.590364247383931 0.0 1.0 1.0 1 0 0 0.0 1.0 0
cell 13.543198725627255 35.67117503950784 0.0 1.0 1.0 1 0 0 0.0 1.0 0
cell 25.793469920610754 22.77293950851705 0.0 1.6431676725154984 0.6085806194501846 1 0 0 0.8005889901164865 -0.5992138757607873 4.426630283937899
cell 6.272705842900672 52.46701177295122 0.0 1.0 1.0 1 0 0 0.0 1.0 0
cell 49.40751251474888 39.032744686820514 0.0 1.6431676725154984 0.6085806194501846 1 0 0 0.31808455102864897 -0.9480623494248165 5.635768471633674
cell 49.51547393126252 28.155519474169413 0.0 1.0 1.0 1 0 0 0.0 1.0 0
cell 24.311336806534566 21.89674305515285 0.0 1.6431676725154984 0.6085806194501846 1 0 0 0.8255241207641508 -0.5643668364074697 4.340924790708295
cell 41.10599748779584 43.09484241269239 0.0 1.6431676725154984 0.6085806194501846 1 0 0 0.9078532322056709 -0.41928809758174174 4.0069146889719205
cell 35.30747062927756 31.69483256552608 0.0 1.0 1.0 1 0 0 0.0 1.0 0
cell 47.338595460087795 22.669252817777256 0.0 1.0 1.0 1 0 0 0.0 1.0 0
cell 58.70311854852578 16.274287889644132 0.0 1.0 1.0 1 0 0 0.0 1.0 0
cell 18.843868721454367 54.84377862807666 0.0 1.0 1.0 1 0 0 0.0 1.0 0
cell 33.56104215496446 32.3638084387983 0.0 1.6431676725154984 0.6085806194501846 1 0 0 0.6766871776934275 0.7362706455817071 1.4865076291223658
cell 19.407802195870175 23.922506439092537 0.0 1.0 1.0 1 0 0 0.0 1.0 0
cell 41.46999642807352 6.514994562156175 0.0 1.0 1.0 1 0 0 0.0 1.0 0
cell 14.51367943000265 31.511634523487793 0.0 1.0 1.0 1 0 0 0.0 1.0 0
cell 39.52192731904035 9.063634377545824 0.0 1.0 1.0 1 0 0 0.0 1.0 0
cell 33.345270554649815 16.427589074710696 0.0 1.0 1.0 1 0 0 0.0 1.0 0
cell 17.87391663450798 41.253082875800594 0.0 1.6431676725154984 0.6085806194501846 1 0 0 0.7595994101413756 0.6503912177396574 1.725393943809236
cell 35.60419028510506 0.09557866268402072 0.0 1.0 1.0 1 0 0 0.0 1.0 0
cell 7.522486462720508 21.962944960595426 0.0 1.0 1.0 1 0 0 0.0 1.0 0
cell 52.08852950164621 5.52180448653713 0.0 1.0 1.0 1 0 0 0.0 1.0 0
cell 17.2284174902958 28.610715209911586 0.0 1.0 1.0 1 0 0 0.0 1.0 0
cell 11.153309835367839 40.7655335251307 0.0 1.0 1.0 1 0 0 0.0 1.0 0
cell 19.920663732519067 7.388729637790023 0.0 1.0 1.0 1 0 0 0.0 1.0 0
cell 27.568513397292968 0.8150652464776209 0.0 1.0 1.0 1 0 0 0.0 1.0 0
cell 40.70165781795808 52.67342349748226 0.0 1.0 1.0 1 0 0 0.0 1.0 0
cell 55.123561619464915 35.883529942643754 0.0 1.6431676725154984 0.6085806194501846 1 0 0 0.1712565120585968 -0.9852264750185734 5.938975543846253
cell 7.690990174626782 42.450115164882995 0.0 1.0 1.0 1 0 0 0.0 1.0 0
cell 21.631316602542853 46.130602619659804 0.0 1.6431676725154984 0.6085806194501846 1 0 0 0.13322009134134946 0.9910864781960262 0.2672346561543857
cell 19.08774535294649 14.702410346651805 0.0 1.0 1.0 1 0 0 0.0 1.0 0
cell 25.999931572697683 31.60846215998367 0.0 1.6431676725154984 0.6085806194501846 1 0 0 0.8576450623611169 0.514242109329444 2.0613451998466017
cell 10.061654419127294 53.549302610515674 0.0 1.0 1.0 1 0 0 0.0 1.0 0
cell 31.509389470914705 31.418830397901896 0.0 1.6431676725154984 0.6085806194501846 1 0 0 0.904308687820131 -0.4268791364461761 4.023670353861379
cell 56.82555378523443 16.12485227251447 0.0 1.0 1.0 1 0 0 0.0 1.0 0
cell 55.116998393232265 37.58318092333878 0.0 1.0 1.0 1 0 0 0.0 1.0 0
cell 52.54348229796538 0.4581018153089731 0.0 1.0 1.0 1 0 0 0.0 1.0 0
cell 49.995258743315595 17.750488087479674 0.0 1.0 1.0 1 0 0 0.0 1.0 0
cell 41.80485458730454 49.93153914042122 0.0 1.0 1.0 1 0 0 0.0 1.0 0
cell 15.506596665869955 35.27132429437076 0.0 1.0 1.0 1 0 0 0.0 1.0 0
cell 10.5563974296921 24.585259549261 0.0 1.6431676725154984 0.6085806194501846 1 0 0 0.4289320685233016 -0.9033367481688773 5.396564832858114
cell 51.25298342013077 31.07490816180977 0.0 1.0 1.0 1 0 0 0.0 1.0 0
cell 56.718791802965015 36.32353333751443 0.0 1.0 1.0 1 0 0 0.0 1.0 0
cell 41.8964500230874 8.477321858083187 0.0 1.0 1.0 1 0 0 0.0 1.0 0
cell 24.612537004200586 30.63101405897599 0.0 1.6431676725154984 0.6085806194501846 1 0 0 0.32986022297026324 -0.9440297841180691 5.610874292965107
cell 8.69850620226286 39.344557442502605 0.0 1.0 1.0 1 0 0 0.0 1.0 0
cell 4.242227790745035 58.67234942231552 0.0 1.0 1.0 1 0 0 0.0 1.0 0
cell 40.70663771062515 20.054390153308027 0.0 1.6431676725154984 0.6085806194501846 1 0 0 0.7028102644527945 0.711377348655264 1.5586805660220484
cell 3.1643556707574176 46.48229782013412 0.0 1.0 1.0 1 0 0 0.0 1.0 0
cell 15.109493489080254 33.379119126537326 0.0 1.0 1.0 1 0 0 0.0 1.0 0
cell 54.66594798620434 12.960254015313213 0.0 1.0 1.0 1 0 0 0.0 1.0 0
cell 34.12214094498017 24.165136242502786 0.0 1.0 1.0 1 0 0 0.0 1.0 0
cell 25.251645382418033 46.84722881365464 0.0 1.0 1.0 1 0 0 0.0 1.0 0
cell 50.64482353133725 51.81942971660153 0.0 1.0 1.0 1 0 0 0.0 1.0 0
cell 59.047711195097826 3.2866666850328103 0.0 1.0 1.0 1 0 0 0.0 1.0 0
cell 1.6467363933396855 47.81670277418664 0.0 1.0 1.0 1 0 0 0.0 1.0 0
cell 33.60838308769672 34.95905851943448 0.0 1.6431676725154984 0.6085806194501846 1 0 0 0.449715954604029 0.89317162974122 0.9328945894948777
cell 42.57315991715652 42.761288654281834 0.0 1.6431676725154984 0.6085806194501846 1 0 0 0.9575694444158664 -0.2882026355207197 3.7262912520543408
cell 29.680389566606657 44.44266594727517 0.0 1.6431676725154984 0.6085806194501846 1 0 0 0.986718089153023 0.16244202823840578 2.815262551328848
cell 9.39536245792793 29.65127089284437 0.0 1.0 1.0 1 0 0 0.0 1.0 0
cell 33.907878648222955 12.425079374823406 0.0 1.6431676725154984 0.6085806194501846 1 0 0 -0.18686485044997334 -0.9823856308325714 0.3759396169239304
cell 31.758224661230788 33.68479983495201 0.0 1.6431676725154984 0.6085806194501846 1 0 0 -0.8301867191803779 0.5574854359501424 4.324300243306972
cell 24.654035993786234 36.07373919649575 0.0 1.6431676725154984 0.6085806194501846 1 0 0 0.7411000822798642 0.6713945695675371 1.6694147668524766
cell 25.925654993435494 9.20497343376454 0.0 1.0 1.0 1 0 0 0.0 1.0 0
cell 9.04886263283312 8.972341063560517 0.0 1.6431676725154984 0.6085806194501846 1 0 0 0.9918587723416816 0.12734274902346115 2.8862137460610784
cell 32.312431828644144 58.91513327611864 0.0 1.0 1.0 1 0 0 0.0 1.0 0
cell 3.009746943219146 29.009668700646536 0.0 1.0 1.0 1 0 0 0.0 1.0 0
cell 15.89178915208606 24.78330585996509 0.0 1.0 1.0 1 0 0 0.0 1.0 0
cell 14.62239502775639 37.6311084720816 0.0 1.6431676725154984 0.6085806194501846 1 0 0 0.6865706659441176 -0.7270630788762766 4.7696617272808295
cell 7.202101256654652 56.106647214504605 0.0 1.0 1.0 1 0 0 0.0 1.0 0
cell 48.01712858330226 6.578820412907311 0.0 1.0 1.0 1 0 0 0.0 1.0 0
cell 29.887966365054236 2.8876588983249514 0.0 1.0 1.0 1 0 0 0.0 1.0 0
cell 4.38074985342143 51.95324685976007 0.0 1.0 1.0 1 0 0 0.0 1.0 0
cell 53.90785626585677 40.82882345468879 0.0 1.0 1.0 1 0 0 0.0 1.0 0
cell 27.08570857315112 55.04769904420992 0.0 1.0 1.0 1 0 0 0.0 1.0 0
cell 8.093661255933519 7.452779512631876 0.0 1.0 1.0 1 0 0 0.0 1.0 0
cell 35.491639955490314 39.51368080991274 0.0 1.6431676725154984 0.6085806194501846 1 0 0 0.9482504349046964 0.3175234049689158 2.4953594751873465
cell 46.61021360171483 48.515380931003996 0.0 1.0 1.0 1 0 0 0.0 1.0 0
cell 8.429375921002247 46.04143851029976 0.0 1.0 1.0 1 0 0 0.0 1.0 0
cell 10.846793835216578 50.110850707331196 0.0 1.0 1.0 1 0 0 0.0 1.0 0
cell 42.64004352335204 32.93386734313265 0.0 1.6431676725154984 0.6085806194501846 1 0 0 0.9478946972147286 0.3185838084275437 2.4931225085541118
cell 7.295521872983346 49.19705269499082 0.0 1.0 1.0 1 0 0 0.0 1.0 0
cell 36.12531762897537 53.598293694839185 0.0 1.6431676725154984 0.6085806194501846 1 0 0 -0.35307977168040905 -0.9355932208123946 0.721721704815784
cell 36.44339310061354 55.44634113147706 0.0 1.0 1.0 1 0 0 0.0 1.0 0
cell 55.77216369462348 17.842287025344223 0.0 1.0 1.0 1 0 0 0.0 1.0 0
cell 21.76483267775212 19.278170741170765 0.0 1.0 1.0 1 0 0 0.0 1.0 0
cell 56.40337710279404 51.75615887700444 0.0 1.0 1.0 1 0 0 0.0 1.0 0
cell 19.395879275855357 10.847424804268764 0.0 1.0 1.0 1 0 0 0.0 1.0 0
cell 37.1482895306595 4.3044128849493815 0.0 1.0 1.0 1 0 0 0.0 1.0 0
cell 20.06551286866853 4.142323954382207 0.0 1.0 1.0 1 0 0 0.0 1.0 0
cell 42.58253905722618 27.55533539885721 0.0 1.6431676725154984 0.6085806194501846 1 0 0 0.8873539157430121 -0.4610889591126026 4.100036665547124
cell 4.641593294994864 9.861674901307902 0.0 1.0 1.0 1 0 0 0.0 1.0 0
cell 8.029525313580168 18.439017792701797 0.0 1.0 1.0 1 0 0 0.0 1.0 0
cell 1.1075929650360323 22.153538892090136 0.0 1.0 1.0 1 0 0 0.0 1.0 0
cell 41.24641346104626 54.64837131376294 0.0 1.6431676725154984 0.6085806194501846 1 0 0 -0.16686389256305237 -0.985979939633006 0.33529621233823814
cell 30.06059299917805 5.938808491115699 0.0 1.0 1.0 1 0 0 0.0 1.0 0
cell 19.810747355342578 41.727949462641085 0.0 1.6431676725154984 0.6085806194501846 1 0 0 0.9928216772061592 0.11960400189604484 2.9018106305053464
cell 47.608162791108 33.041227924250684 0.0 1.0 1.0 1 0 0 0.0 1.0 0
cell 5.6333688317816435 35.262150828842096 0.0 1.0 1.0 1 0 0 0.0 1.0 0
cell 57.056634531850584 41.25017650270835 0.0 1.6431676725154984 0.6085806194501846 1 0 0 0.3356648624313355 -0.9419814754701669 5.598563399053673
cell 47.578133847492246 31.13258918850212 0.0 1.0 1.0 1 0 0 0.0 1.0 0
cell 10.861744068578155 48.34580544226724 0.0 1.0 1.0 1 0 0 0.0 1.0 0
cell 29.98998084743884 56.69900459176536 0.0 1.0 1.0 1 0 0 0.0 1.0 0
cell 54.365670325861885 34.78013663072171 0.0 1.0 1.0 1 0 0 0.0 1.0 0
cell 57.3142504652619 48.61256873261862 0.0 1.0 1.0 1 0 0 0.0 1.0 0
cell 37.398631592171625 22.633574460757814 0.0 1.6431676725154984 0.6085806194501846 1 0 0 0.9999976188554015 -0.0021822656866488464 3.1459571884272877
cell 1.2465989078941042 46.05657210165665 0.0 1.0 1.0 1 0 0 0.0 1.0 0
cell 49.298542450198404 53.0292797693434 0.0 1.0 1.0 1 0 0 0.0 1.0 0
cell 2.700363802557517 44.690062020518454 0.0 1.0 1.0 1 0 0 0.0 1.0 0
cell 37.173612939838776 36.884031179524285 0.0 1.0 1.0 1 0 0 0.0 1.0 0
cell 26.343322430045106 4.591815359201745 0.0 1.0 1.0 1 0 0 0.0 1.0 0
cell 14.87790736991233 48.77830139257946 0.0 1.0 1.0 1 0 0 0.0 1.0 0
cell 56.5990987519574 26.469614978094814 0.0 1.0 1.0 1 0 0 0.0 1.0 0
cell 6.317259566040636 17.546562842087212 0.0 1.0 1.0 1 0 0 0.0 1.0 0
cell 58.41836743651789 27.166141777256815 0.0 1.0 1.0 1 0 0 0.0 1.0 0
cell 26.009932483201336 28.283444818443108 0.0 1.6431676725154984 0.6085806194501846 1 0 0 0.9065789170244346 0.42203633398891527 2.2702120079549837
cell 40.547409979466835 12.80679528598543 0.0 1.6431676725154984 0.6085806194501846 1 0 0 0.6226202362494945 -0.7825241474949024 4.939011902798575
cell 23.163683789468344 19.794132740309617 0.0 1.6431676725154984 0.6085806194501846 1 0 0 0.7482933069072981 -0.6633680176476253 4.592214182483988
cell 52.309271044240006 57.14636591848472 0.0 1.0 1.0 1 0 0 0.0 1.0 0
cell 1.882466836432851 41.04804572036534 0.0 1.0 1.0 1 0 0 0.0 1.0 0
cell 39.72748376676773 12.071174308737945 0.0 1.6431676725154984 0.6085806194501846 1 0 0 0.5883324113350743 -0.8086191772229105 5.025195261602139
cell 36.87138257970234 34.531736858516076 0.0 1.0 1.0 1 0 0 0.0 1.0 0
cell 29.982131372439095 28.112623421352872 0.0 1.0 1.0 1 0 0 0.0 1.0 0
cell 28.200257885702154 47.39270494372192 0.0 1.6431676725154984 0.6085806194501846 1 0 0 0.5456855763549704 0.837990006956016 1.1544140339657234
cell 11.316052633747125 16.162034905556723 0.0 1.0 1.0 1 0 0 0.0 1.0 0
cell 32.50231498008294 1.5985496262437957 0.0 1.0 1.0 1 0 0 0.0 1.0 0
cell 4.825901930898618 53.814997640178476 0.0 1.0 1.0 1 0 0 0.0 1.0 0
cell 50.891812694744665 43.15916037220355 0.0 1.0 1.0 1 0 0 0.0 1.0 0
cell 6.157012273842444 6.829605189849753 0.0 1.0 1.0 1 0 0 0.0 1.0 0
cell 52.79088380362173 22.798702294311916 0.0 1.0 1.0 1 0 0 0.0 1.0 0
cell 3.7453139053759754 56.8878605889736 0.0 1.0 1.0 1 0 0 0.0 1.0 0
cell 29.64040803419757 8.510781802341317 0.0 1.0 1.0 1 0 0 0.0 1.0 0
cell 44.99125027553264 7.54777693000931 0.0 1.0 1.0 1 0 0 0.0 1.0 0
cell 20.396856719759636 32.55807692114368 0.0 1.0 1.0 1 0 0 0.0 1.0 0
cell 2.616910548986166 30.689299009608476 0.0 1.6431676725154984 0.6085806194501846 1 0 0 0.16098519768286915 -0.9869568208017043 5.959807728221461
cell 17.942665515825368 7.490818619861906 0.0 1.0 1.0 1 0 0 0.0 1.0 0
cell 9.187252399073229 41.132373482627735 0.0 1.0 1.0 1 0 0 0.0 1.0 0
cell 24.80861393570881 14.596924433097023 0.0 1.6431676725154984 0.6085806194501846 1 0 0 0.5000892489773135 -0.8659738697312446 5.235781638166199
cell 31.986965785144413 6.219146543429265 0.0 1.0 1.0 1 0 0 0.0 1.0 0
cell 22.87088800220324 23.231913849826736 0.0 1.6431676725154984 0.6085806194501846 1 0 0 0.5819256928436418 -0.8132419615393979 5.040996084532124
cell 46.59570094775318 12.98943617261173 0.0 1.0 1.0 1 0 0 0.0 1.0 0
cell 45.877994899097395 30.02724850838004 0.0 1.0 1.0 1 0 0 0.0 1.0 0
cell 2.718698056991432 25.124025995674724 0.0 1.0 1.0 1 0 0 0.0 1.0 0
cell 31.952745154118773 57.195279372965324 0.0 1.0 1.0 1 0 0 0.0 1.0 0
cell 11.374321116346644 18.128321551488927 0.0 1.0 1.0 1 0 0 0.0 1.0 0
cell 55.55107757072877 56.706145357987616 0.0 1.0 1.0 1 0 0 0.0 1.0 0
cell 11.219217111167234 2.25388018188131 0.0 1.0 1.0 1 0 0 0.0 1.0 0
cell 12.038617963346034 7.563725052701957 0.0 1.0 1.0 1 0 0 0.0 1.0 0
cell 1.9114289230463424 3.727171694373861 0.0 1.0 1.0 1 0 0 0.0 1.0 0
cell 27.66587482147329 49.385497306511134 0.0 1.0 1.0 1 0 0 0.0 1.0 0
cell 47.30806580297174 24.636360904488786 0.0 1.0 1.0 1 0 0 0.0 1.0 0
cell 39.2347848324736 32.052005685435304 0.0 1.0 1.0 1 0 0 0.0 1.0 0
cell 28.521995948955933 53.64834637172877 0.0 1.0 1.0 1 0 0 0.0 1.0 0
cell 44.123677447318514 56.05492013527462 0.0 1.6431676725154984 0.6085806194501846 1 0 0 0.20444589008881361 0.9788778667565187 0.41179521464516344
cell 1.865259781721321 56.40386747784925 0.0 1.0 1.0 1 0 0 0.0 1.0 0
cell 43.19742860372062 7.134098892507443 0.0 1.0 1.0 1 0 0 0.0 1.0 0
cell 4.359824103544199 31.48731482131767 0.0 1.0 1.0 1 0 0 0.0 1.0 0
cell 43.28734507312883 36.20782648608883 0.0 1.0 1.0 1 0 0 0.0 1.0 0
cell 33.7999205879335 3.1403131185113824 0.0 1.0 1.0 1 0 0 0.0 1.0 0
cell 24.369312881200006 51.10358105573655 0.0 1.0 1.0 1 0 0 0.0 1.0 0
cell 50.352630396462104 49.93036822949394 0.0 1.0 1.0 1 0 0 0.0 1.0 0
cell 31.373228181214255 16.757647875869182 0.0 1.0 1.0 1 0 0 0.0 1.0 0
cell 56.863141417736955 46.8372336582169 0.0 1.0 1.0 1 0 0 0.0 1.0 0
cell 6.747791219586221 54.30130942419593 0.0 1.0 1.0 1 0 0 0.0 1.0 0
cell 57.07362628000791 8.881604699994757 0.0 1.0 1.0 1 0 0 0.0 1.0 0
cell 13.191937943665751 18.852788747341485 0.0 1.0 1.0 1 0 0 0.0 1.0 0
cell 39.16897377321193 58.269590119897956 0.0 1.0 1.0 1 0 0 0.0 1.0 0
cell 30.69090238542641 22.986648393884124 0.0 1.0 1.0 1 0 0 0.0 1.0 0
cell 12.024129072393738 46.707493596858704 0.0 1.0 1.0 1 0 0 0.0 1.0 0
cell 55.56532717963168 40.99885650727089 0.0 1.0 1.0 1 0 0 0.0 1.0 0
cell 2.936032490523878 17.298621086286417 0.0 1.0 1.0 1 0 0 0.0 1.0 0
cell 43.309680411826484 48.99640018911315 0.0 1.0 1.0 1 0 0 0.0 1.0 0
cell 7.302312341107552 35.714424860628554 0.0 1.0 1.0 1 0 0 0.0 1.0 0
cell 37.40185426528038 26.322863750122504 0.0 1.6431676725154984 0.6085806194501846 1 0 0 0.8603478955186358 -0.5097072676317796 4.21128166785946
cell 7.675993956579788 51.07030025714155 0.0 1.0 1.0 1 0 0 0.0 1.0 0
cell 16.57938685195614 40.66118650787866 0.0 1.6431676725154984 0.6085806194501846 1 0 0 0.6388098655750735 0.769364644134338 1.3859007295348977
cell 38.413507745126445 55.36085986171496 0.0 1.0 1.0 1 0 0 0.0 1.0 0
cell 1.9473098473102564 32.26964478749903 0.0 1.0 1.0 1 0 0 0.0 1.0 0
cell 26.879919416369457 6.5035119626745885 0.0 1.0 1.0 1 0 0 0.0 1.0 0
cell 14.001541918825007 0.5215619143507382 0.0 1.0 1.0 1 0 0 0.0 1.0 0
cell 20.756639901669725 50.19329102201973 0.0 1.0 1.0 1 0 0 0.0 1.0 0
cell 46.40923508078392 15.043299358749268 0.0 1.0 1.0 1 0 0 0.0 1.0 0
cell 2.8759006437760894 19.12624646695298 0.0 1.0 1.0 1 0 0 0.0 1.0 0
cell 46.29969661650554 46.5961152982437 0.0 1.0 1.0 1 0 0 0.0 1.0 0
cell 45.9284855300086 44.71706274670157 0.0 1.0 1.0 1 0 0 0.0 1.0 0
cell 56.983244084259674 38.0182939247544 0.0 1.0 1.0 1 0 0 0.0 1.0 0
cell 32.10339255765991 36.74084165612451 0.0 1.6431676725154984 0.6085806194501846 1 0 0 0.8345589682477141 -0.5509186224092545 4.308521786499756
cell 4.334603660278156 6.242301918851879 0.0 1.0 1.0 1 0 0 0.0 1.0 0
cell 46.09821223035327 17.002280147099153 0.0 1.0 1.0 1 0 0 0.0 1.0 0
cell 42.30086640978176 10.174268572362399 0.0 1.0 1.0 1 0 0 0.0 1.0 0
cell 33.54932817813928 50.76401152112529 0.0 1.6431676725154984 0.6085806194501846 1 0 0 0.9247251949559981 0.380635407987212 2.360625991441997
cell 8.047191988812664 44.261455388944235 0.0 1.0 1.0 1 0 0 0.0 1.0 0
cell 51.81837824753388 58.37977388294314 0.0 1.6431676725154984 0.6085806194501846 1 0 0 0.11426758894025371 0.9934500078603761 0.2290354567281529
cell 42.56675613258321 17.299996335132896 0.0 1.6431676725154984 0.6085806194501846 1 0 0 0.8725540535272492 -0.48851757765014586 4.162372647959802
cell 57.750832623999635 50.41064959641264 0.0 1.0 1.0 1 0 0 0.0 1.0 0
cell 3.51016237960104 12.278405674315785 0.0 1.0 1.0 1 0 0 0.0 1.0 0
cell 50.37792144340874 2.072930624488901 0.0 1.0 1.0 1 0 0 0.0 1.0 0
cell 56.24437842786155 43.25797603229891 0.0 1.0 1.0 1 0 0 0.0 1.0 0
cell 8.377094642820667 10.379284272227375 0.0 1.0 1.0 1 0 0 0.0 1.0 0
cell 37.52597532033854 59.07197783330133 0.0 1.0 1.0 1 0 0 0.0 1.0 0
cell 44.39642021552673 5.678722695168604 0.0 1.0 1.0 1 0 0 0.0 1.0 0
cell 57.947838509183995 42.204469378911426 0.0 1.0 1.0 1 0 0 0.0 1.0 0
cell 11.196049357552535 30.13335992137916 0.0 1.0 1.0 1 0 0 0.0 1.0 0
cell 24.153112570024845 56.626881607113745 0.0 1.0 1.0 1 0 0 0.0 1.0 0
cell 51.14778594241871 53.74173241457404 0.0 1.0 1.0 1 0 0 0.0 1.0 0
cell 54.249444652117894 9.615216058735822 0.0 1.0 1.0 1 0 0 0.0 1.0 0
cell 54.534714337708365 25.628052461800852 0.0 1.0 1.0 1 0 0 0.0 1.0 0
cell 16.790969554315907 43.15577955216798 0.0 1.6431676725154984 0.6085806194501846 1 0 0 0.3378732673813568 0.9411916144914627 0.6893127226865834
cell 53.65198565285277 4.164099972026806 0.0 1.0 1.0 1 0 0 0.0 1.0 0
cell 56.28042902648061 34.37330200665015 0.0 1.0 1.0 1 0 0 0.0 1.0 0
cell 34.518204440961576 1.9947178680844508 0.0 1.6431676725154984 0.6085806194501846 1 0 0 0.9973845804277794 -0.07227723517749185 3.286273279464832
cell 28.632994104521924 41.13847373959548 0.0 1.6431676725154984 0.6085806194501846 1 0 0 0.8075668069566222 0.5897761035358127 1.880029524639812
cell 17.484260551488077 15.476755189545026 0.0 1.0 1.0 1 0 0 0.0 1.0 0
cell 9.70677426160202 17.4044162005964 0.0 1.0 1.0 1 0 0 0.0 1.0 0
cell 23.11252042869148 16.644027314460995 0.0 1.6431676725154984 0.6085806194501846 1 0 0 -0.5983406474332787 0.8012418296801066 5.000328252283555
cell 24.191754766336288 9.040447004096661 0.0 1.0 1.0 1 0 0 0.0 1.0 0
cell 48.16957013913273 47.2970399348446 0.0 1.0 1.0 1 0 0 0.0 1.0 0
cell 0.6143751918875872 35.289634013552345 0.0 1.0 1.0 1 0 0 0.0 1.0 0
cell 41.905865119017456 11.914872021795897 0.0 1.0 1.0 1 0 0 0.0 1.0 0
cell 31.865172562140135 15.198900515337021 0.0 1.0 1.0 1 0 0 0.0 1.0 0
cell 6.351003717857861 31.779514842273013 0.0 1.0 1.0 1 0 0 0.0 1.0 0
cell 9.693103461952044 15.465440710158038 0.0 1.0 1.0 1 0 0 0.0 1.0 0
cell 54.569841583342004 11.381717307294162 0.0 1.0 1.0 1 0 0 0.0 1.0 0
cell 30.906434497522117 7.529521048447578 0.0 1.0 1.0 1 0 0 0.0 1.0 0
cell 25.882185853057344 41.298630000487 0.0 1.6431676725154984 0.6085806194501846 1 0 0 0.47847592880277173 -0.8781006693747163 5.285348817525686
cell 53.64213206794671 56.06847853652361 0.0 1.0 1.0 1 0 0 0.0 1.0 0
cell 20.45695993268082 42.80819196188132 0.0 1.6431676725154984 0.6085806194501846 1 0 0 0.9882115641802369 0.15309442974990808 2.8341949293412214
cell 24.1423617542145 13.796139372306738 0.0 1.6431676725154984 0.6085806194501846 1 0 0 -0.504887283616804 0.8631852818729272 5.224682550332434
cell 16.582823698110897 21.171673884131028 0.0 1.0 1.0 1 0 0 0.0 1.0 0
cell 0.2862735576417292 13.066068882139596 0.0 1.0 1.0 1 0 0 0.0 1.0 0
cell 31.2647117853539 12.336154496180013 0.0 1.6431676725154984 0.6085806194501846 1 0 0 -0.07482516392387228 -0.9971966680869755 0.14979032468999076
cell 57.06404103848817 55.414234579270826 0.0 1.0 1.0 1 0 0 0.0 1.0 0
cell 8.665033367387437 54.80223363058481 0.0 1.0 1.0 1 0 0 0.0 1.0 0
cell 47.11222324850027 57.38278828809587 0.0 1.6431676725154984 0.6085806194501846 1 0 0 0.25527156715823135 0.9668693950066786 0.5162571308721559
cell 50.39315054943196 6.634082240263413 0.0 1.0 1.0 1 0 0 0.0 1.0 0
cell 3.7900741054428857 41.549005557112814 0.0 1.0 1.0 1 0 0 0.0 1.0 0
cell 58.46880525411432 21.101691484962863 0.0 1.0 1.0 1 0 0 0.0 1.0 0
cell 20.228413420241377 17.986868402026587 0.0 1.0 1.0 1 0 0 0.0 1.0 0
cell 27.209171658652583 12.18785328412495 0.0 1.6431676725154984 0.6085806194501846 1 0 0 -0.7117325386410234 0.7024505629861821 4.699262190281884
cell 58.986081529176815 30.869863027401564 0.0 1.0 1.0 1 0 0 0.0 1.0 0
cell 1.1450111444900504 27.980687504339638 0.0 1.0 1.0 1 0 0 0.0 1.0 0
cell 15.922269940823808 14.43750809528965 0.0 1.0 1.0 1 0 0 0.0 1.0 0
cell 12.286376587640763 31.831493182576434 0.0 1.0 1.0 1 0 0 0.0 1.0 0
cell 54.71345404617479 51.120636109622176 0.0 1.0 1.0 1 0 0 0.0 1.0 0
cell 5.978867130733262 14.408804148237063 0.0 1.0 1.0 1 0 0 0.0 1.0 0
cell 32.61581801893434 10.592433334627074 0.0 1.0 1.0 1 0 0 0.0 1.0 0
cell 12.41889004952867 28.581739225361165 0.0 1.0 1.0 1 0 0 0.0 1.0 0
cell 53.53175501718704 16.929427675103845 0.0 1.0 1.0 1 0 0 0.0 1.0 0
cell 51.36290792379999 36.82654380912512 0.0 1.0 1.0 1 0 0 0.0 1.0 0
cell 0.7862681713955153 0.4296050935802328 0.0 1.0 1.0 1 0 0 0.0 1.0 0
cell 36.63898490065607 18.442051992430304 0.0 1.0 1.0 1 0 0 0.0 1.0 0
cell 2.2079815318071385 13.55787159233495 0.0 1.0 1.0 1 0 0 0.0 1.0 0
cell 55.088804870620415 2.679456440214868 0.0 1.0 1.0 1 0 0 0.0 1.0 0
cell 46.53119678987144 26.48929176090309 0.0 1.6431676725154984 0.6085806194501846 1 0 0 0.9753481703800226 0.22067158071745957 2.6965867100283183
cell 55.3643894103645 48.10027610589786 0.0 1.0 1.0 1 0 0 0.0 1.0 0
cell 24.159739429981325 49.46852758760938 0.0 1.0 1.0 1 0 0 0.0 1.0 0
cell 33.29782618888595 55.86343780474641 0.0 1.0 1.0 1 0 0 0.0 1.0 0
cell 53.001499829085354 26.61499804191467 0.0 1.0 1.0 1 0 0 0.0 1.0 0
cell 5.0402288660662204 46.927906975762404 0.0 1.0 1.0 1 0 0 0.0 1.0 0
cell 21.1906344126027 56.1784174562909 0.0 1.0 1.0 1 0 0 0.0 1.0 0
cell 6.139126941500983 43.80081160767065 0.0 1.0 1.0 1 0 0 0.0 1.0 0
cell 10.639196873467426 28.219456874568003 0.0 1.0 1.0 1 0 0 0.0 1.0 0
cell 33.3020827187881 20.76549856626017 0.0 1.6431676725154984 0.6085806194501846 1 0 0 0.9871802001237245 0.15960968793805444 2.8210021345117875
cell 48.68641398085826 19.28700035471022 0.0 1.0 1.0 1 0 0 0.0 1.0 0
cell 4.553064549863059 28.050402918556202 0.0 1.0 1.0 1 0 0 0.0 1.0 0
cell 22.906712938300497 53.72903232391401 0.0 1.6431676725154984 0.6085806194501846 1 0 0 0.9997822768631278 -0.020866213609086297 3.183328109776746
cell 46.97674287216881 55.73282508688897 0.0 1.0 1.0 1 0 0 0.0 1.0 0
cell 2.6786173852787183 15.301672333119274 0.0 1.0 1.0 1 0 0 0.0 1.0 0
cell 54.37924550342257 42.63050756029199 0.0 1.0 1.0 1 0 0 0.0 1.0 0
cell 20.250896474153304 9.074484161044722 0.0 1.0 1.0 1 0 0 0.0 1.0 0
cell 1.0179825381967897 6.818232213312914 0.0 1.0 1.0 1 0 0 0.0 1.0 0
cell 7.505489034523084 13.171849222207547 0.0 1.0 1.0 1 0 0 0.0 1.0 0
cell 19.968011092127714 0.8198556539488171 0.0 1.0 1.0 1 0 0 0.0 1.0 0
cell 19.820138846210327 30.816934741407913 0.0 1.0 1.0 1 0 0 0.0 1.0 0
cell 52.697794602492436 19.917304922854427 0.0 1.0 1.0 1 0 0 0.0 1.0 0
cell 56.31214144915097 32.169960886179695 0.0 1.0 1.0 1 0 0 0.0 1.0 0
cell 19.383014975386047 25.741790377777253 0.0 1.0 1.0 1 0 0 0.0 1.0 0
cell 32.684364719179165 19.597207052866963 0.0 1.0 1.0 1 0 0 0.0 1.0 0
cell 28.929662870036847 4.203674844761899 0.0 1.6431676725154984 0.6085806194501846 1 0 0 0.14608210758734783 0.9892724689603156 0.2932134524109446
cell 0.34017365698916696 57.717427743043935 0.0 1.0 1.0 1 0 0 0.0 1.0 0
cell 7.250488530171036 40.665537659955255 0.0 1.0 1.0 1 0 0 0.0 1.0 0
cell 41.20791386203313 1.6753144718979085 0.0 1.0 1.0 1 0 0 0.0 1.0 0
cell 44.590595839851495 57.226471185676274 0.0 1.6431676725154984 0.6085806194501846 1 0 0 0.13719408683043033 0.9905441850512093 0.27525631273327655
cell 55.48773505166631 8.025380822851991 0.0 1.0 1.0 1 0 0 0.0 1.0 0
cell 22.377033239956177 21.650685866282558 0.0 1.6431676725154984 0.6085806194501846 1 0 0 0.6574784776841438 -0.753473324930711 4.8482506623726715
cell 53.25115065708622 54.203287225733455 0.0 1.0 1.0 1 0 0 0.0 1.0 0
cell 24.64601743019899 10.680453192969436 0.0 1.0 1.0 1 0 0 0.0 1.0 0
cell 44.326154715406844 39.442380098713386 0.0 1.0 1.0 1 0 0 0.0 1.0 0
cell 27.390458290952754 19.4955919787788 0.0 1.0 1.0 1 0 0 0.0 1.0 0
cell 35.7197463577437 6.769571179907745 0.0 1.0 1.0 1 0 0 0.0 1.0 0
cell 5.2608103236067425 55.60285332261267 0.0 1.0 1.0 1 0 0 0.0 1.0 0
cell 34.0045516389177 6.320743213651214 0.0 1.0 1.0 1 0 0 0.0 1.0 0
cell 52.212811653000585 1.867626635641833 0.0 1.6431676725154984 0.6085806194501846 1 0 0 0.3257074952813211 -0.9454705852206975 5.619665444467503
cell 37.15921430383136 28.210853010025957 0.0 1.6431676725154984 0.6085806194501846 1 0 0 0.8933733569848991 -0.449315084355658 4.073589711268519
cell 11.26731033709351 5.743606222190331 0.0 1.0 1.0 1 0 0 0.0 1.0 0
cell 44.906627331412956 12.144576768310733 0.0 1.0 1.0 1 0 0 0.0 1.0 0
cell 47.27960634992513 20.719495176597928 0.0 1.0 1.0 1 0 0 0.0 1.0 0
cell 55.1736230580149 33.275880579068456 0.0 1.6431676725154984 0.6085806194501846 1 0 0 0.03907223213871012 0.9992363887868069 0.0781643610179596
cell 23.69304755928361 7.506619524992409 0.0 1.0 1.0 1 0 0 0.0 1.0 0
cell 1.2146904206731088 9.863389491848624 0.0 1.0 1.0 1 0 0 0.0 1.0 0
cell 16.02770958518083 0.6418408008859549 0.0 1.0 1.0 1 0 0 0.0 1.0 0
cell 51.78159498225715 16.340861349775835 0.0 1.0 1.0 1 0 0 0.0 1.0 0
cell 0.14054989817853294 49.125663449131885 0.0 1.0 1.0 1 0 0 0.0 1.0 0
cell 17.047211171864284 44.681362353216144 0.0 1.6431676725154984 0.6085806194501846 1 0 0 0.17513914142104967 0.9845436918401832 0.35209418436770673
cell 11.43259044288483 21.66757902402258 0.0 1.0 1.0 1 0 0 0.0 1.0 0
cell 4.7165150467505645 1.3043894797473503 0.0 1.0 1.0 1 0 0 0.0 1.0 0
cell 23.512450585968676 25.90809155231441 0.0 1.6431676725154984 0.6085806194501846 1 0 0 0.8146827443563427 -0.5799069115366862 4.3788214987338145
cell 49.37288632163659 32.03353174314408 0.0 1.0 1.0 1 0 0 0.0 1.0 0
cell 32.76441100545908 4.766427236221825 0.0 1.0 1.0 1 0 0 0.0 1.0 0
cell 33.27882331709321 44.89298645282907 0.0 1.6431676725154984 0.6085806194501846 1 0 0 0.6584523704670079 0.7526223992324292 1.4375211806598482
cell 15.039977561873547 57.96076489434318 0.0 1.0 1.0 1 0 0 0.0 1.0 0
cell 52.769488465553614 11.181167678069514 0.0 1.0 1.0 1 0 0 0.0 1.0 0
cell 39.99429023013325 50.73163709178842 0.0 1.0 1.0 1 0 0 0.0 1.0 0
cell 1.038900414015331 37.24097206520116 0.0 1.0 1.0 1 0 0 0.0 1.0 0
cell 28.08970546001178 27.577451873754278 0.0 1.6431676725154984 0.6085806194501846 1 0 0 0.6821154317702653 -0.7312445129646201 4.7818819758427535
cell 6.253234929051968 37.129980451895086 0.0 1.0 1.0 1 0 0 0.0 1.0 0
cell 16.46102050446556 52.71386115155947 0.0 1.0 1.0 1 0 0 0.0 1.0 0
cell 4.365981394747168 22.05856499940721 0.0 1.0 1.0 1 0 0 0.0 1.0 0
cell 16.598752291815913 36.45525195810114 0.0 1.6431676725154984 0.6085806194501846 1 0 0 0.5553206526351556 -0.8316363224131476 5.105688337453403
cell 15.050491310405778 2.236384438077475 0.0 1.0 1.0 1 0 0 0.0 1.0 0
cell 35.12840239283383 27.445541272155292 0.0 1.0 1.0 1 0 0 0.0 1.0 0
cell 44.37418575542251 19.725392976380224 0.0 1.6431676725154984 0.6085806194501846 1 0 0 0.6600420350336568 0.7512286682419868 1.4417494290787076
cell 24.014956142083786 33.386076681294014 0.0 1.6431676725154984 0.6085806194501846 1 0 0 0.6543398844966606 -0.756200578918647 4.856566600424268
cell 28.15571199410367 2.5858881654943415 0.0 1.0 1.0 1 0 0 0.0 1.0 0
cell 58.72892162409067 9.129406767316002 0.0 1.0 1.0 1 0 0 0.0 1.0 0
cell 33.838200469576144 9.480759983115679 0.0 1.0 1.0 1 0 0 0.0 1.0 0
cell 22.743213552170157 33.09701885160374 0.0 1.6431676725154984 0.6085806194501846 1 0 0 0.6522159878748435 -0.7580331820972233 4.862177082197122
cell 56.65006276464195 28.315406779923418 0.0 1.0 1.0 1 0 0 0.0 1.0 0
cell 49.35991896106058 44.18637075063523 0.0 1.0 1.0 1 0 0 0.0 1.0 0
cell 51.732830465721655 55.45760142393185 0.0 1.0 1.0 1 0 0 0.0 1.0 0
cell 56.31479266726067 13.23227015739053 0.0 1.0 1.0 1 0 0 0.0 1.0 0
cell 17.135315884176602 54.610154738886806 0.0 1.0 1.0 1 0 0 0.0 1.0 0
cell 41.651645481578306 14.31395333392495 0.0 1.0 1.0 1 0 0 0.0 1.0 0
cell 29.216829994050915 32.12198289006399 0.0 1.6431676725154984 0.6085806194501846 1 0 0 0.8740461837264405 0.4858428436369579 2.1269382324682926
cell 52.52267722572418 9.219746360833986 0.0 1.0 1.0 1 0 0 0.0 1.0 0
cell 9.014389556405908 24.46243921908289 0.0 1.0 1.0 1 0 0 0.0 1.0 0
cell 22.480709782570354 56.96406959202942 0.0 1.0 1.0 1 0 0 0.0 1.0 0
cell 39.845656935786266 47.65484355459887 0.0 1.6431676725154984 0.6085806194501846 1 0 0 0.8679385497141506 -0.4966715956445434 4.181112074544322
cell 44.68189317606835 0.9283073835297095 0.0 1.0 1.0 1 0 0 0.0 1.0 0
cell 18.760006816881926 44.02143736392517 0.0 1.6431676725154984 0.6085806194501846 1 0 0 0.5896461620392531 0.8076616888229743 1.2612413379547907
cell 40.69950800341136 4.706097249815705 0.0 1.0 1.0 1 0 0 0.0 1.0 0
cell 45.598078033990255 24.97269232224719 0.0 1.6431676725154984 0.6085806194501846 1 0 0 0.7504895745465223 0.6608822879280242 1.6976051141046464
cell 15.869439613268378 50.803643334661835 0.0 1.0 1.0 1 0 0 0.0 1.0 0
cell 49.31786652676924 34.02598458209764 0.0 1.0 1.0 1 0 0 0.0 1.0 0
cell 0.48549341464779716 42.4355797041452 0.0 1.0 1.0 1 0 0 0.0 1.0 0
cell 20.008084921820338 53.443736262872335 0.0 1.0 1.0 1 0 0 0.0 1.0 0
cell 18.661916036686236 18.688400568923907 0.0 1.0 1.0 1 0 0 0.0 1.0 0
cell 46.18125603409634 58.658137262473645 0.0 1.0 1.0 1 0 0 0.0 1.0 0
cell 39.91382002316913 24.568286196429167 0.0 1.6431676725154984 0.6085806194501846 1 0 0 0.8868292053351564 -0.46209734966196786 4.102310140993487
cell 0.5681035798689026 50.93372457559614 0.0 1.0 1.0 1 0 0 0.0 1.0 0
cell 49.03199035714354 23.706806996082125 0.0 1.0 1.0 1 0 0 0.0 1.0 0
cell 33.00366239242482 17.90245035265003 0.0 1.0 1.0 1 0 0 0.0 1.0 0
cell 10.233692239589104 46.480241018144646 0.0 1.0 1.0 1 0 0 0.0 1.0 0
cell 29.448837284183096 13.273883336663808 0.0 1.0 1.0 1 0 0 0.0 1.0 0
cell 52.22241781893405 40.288352954932975 0.0 1.0 1.0 1 0 0 0.0 1.0 0
cell 44.9194356456664 14.019576687231472 0.0 1.0 1.0 1 0 0 0.0 1.0 0
cell 8.903609959069865 47.940537806785734 0.0 1.0 1.0 1 0 0 0.0 1.0 0
cell 28.152519582002373 5.390204338803016 0.0 1.0 1.0 1 0 0 0.0 1.0 0
cell 11.709815152510766 34.98461070746906 0.0 1.0 1.0 1 0 0 0.0 1.0 0
cell 13.88885835809359 21.45007242860456 0.0 1.6431676725154984 0.6085806194501846 1 0 0 0.6536148936011446 -0.7568273058385014 4.858483262628141
cell 32.92168017549948 7.722067241301585 0.0 1.0 1.0 1 0 0 0.0 1.0 0
cell 46.239508954843345 11.020520224472794 0.0 1.0 1.0 1 0 0 0.0 1.0 0
cell 21.01061539471921 5.712885933913573 0.0 1.0 1.0 1 0 0 0.0 1.0 0
cell 16.877484881436974 49.028848908639524 0.0 1.0 1.0 1 0 0 0.0 1.0 0
cell 51.49291824008182 14.494578654866832 0.0 1.0 1.0 1 0 0 0.0 1.0 0
cell 45.63034360999676 33.66577772405722 0.0 1.0 1.0 1 0 0 0.0 1.0 0
cell 39.8389200844169 2.90849795739653 0.0 1.0 1.0 1 0 0 0.0 1.0 0
cell 45.63402360053509 4.267243413207459 0.0 1.0 1.0 1 0 0 0.0 1.0 0
cell 25.882973866761358 18.391379492262633 0.0 1.6431676725154984 0.6085806194501846 1 0 0 0.8047092062313768 -0.5936691784204967 4.4128143454326265
cell 39.03135987128195 19.477631617714806 0.0 1.0 1.0 1 0 0 0.0 1.0 0
cell 45.14873580389219 2.589745159521711 0.0 1.0 1.0 1 0 0 0.0 1.0 0
cell 38.69863470343466 37.55473712722712 0.0 1.6431676725154984 0.6085806194501846 1 0 0 0.9449322598737191 0.32726598394875406 2.474775105797747
cell 20.427338395214658 27.45592053433596 0.0 1.0 1.0 1 0 0 0.0 1.0 0
cell 32.50202398695273 23.441344359682926 0.0 1.0 1.0 1 0 0 0.0 1.0 0
cell 9.297933474523505 5.726079788425705 0.0 1.0 1.0 1 0 0 0.0 1.0 0
cell 21.722871809903822 38.77493442592563 0.0 1.6431676725154984 0.6085806194501846 1 0 0 0.43518895916768097 -0.9003391415564196 5.382689023834331
cell 15.634735584195475 27.962739526362654 0.0 1.0 1.0 1 0 0 0.0 1.0 0
cell 56.141435776224235 21.176184873228124 0.0 1.0 1.0 1 0 0 0.0 1.0 0
cell 1.7133714410071863 11.747374288883048 0.0 1.0 1.0 1 0 0 0.0 1.0 0
cell 5.099356304987468 3.0636217905781984 0.0 1.0 1.0 1 0 0 0.0 1.0 0
cell 7.097821571350011 11.485737655115313 0.0 1.0 1.0 1 0 0 0.0 1.0 0
cell 49.755556922510756 37.28537250632507 0.0 1.0 1.0 1 0 0 0.0 1.0 0
cell 47.851153857295095 54.21315851847046 0.0 1.0 1.0 1 0 0 0.0 1.0 0
cell 52.798748646029416 43.822593244008154 0.0 1.0 1.0 1 0 0 0.0 1.0 0
cell 1.115074478716579 18.18162965668784 0.0 1.0 1.0 1 0 0 0.0 1.0 0
cell 22.317702229427905 39.975633541214954 0.0 1.6431676725154984 0.6085806194501846 1 0 0 0.8888555547923103 0.4581875191609373 2.1896826398328724
cell 38.01663849400925 12.810799642119296 0.0 1.0 1.0 1 0 0 0.0 1.0 0
cell 29.028730292049865 20.2382899977317 0.0 1.0 1.0 1 0 0 0.0 1.0 0
cell 30.915204500004187 1.2960906732141215 0.0 1.0 1.0 1 0 0 0.0 1.0 0
cell 43.70645580581358 3.8310885761626308 0.0 1.0 1.0 1 0 0 0.0 1.0 0
cell 13.75165640055499 27.244247902679923 0.0 1.0 1.0 1 0 0 0.0 1.0 0
cell 32.70910149111762 53.807002480771146 0.0 1.0 1.0 1 0 0 0.0 1.0 0
cell 21.30325003648911 35.82000603256985 0.0 1.6431676725154984 0.6085806194501846 1 0 0 0.4810961924673282 -0.8766678125683864 5.279375923109044
cell 6.2171645410631555 27.021929025638535 0.0 1.0 1.0 1 0 0 0.0 1.0 0
cell 37.33464871704344 31.56322321718356 0.0 1.0 1.0 1 0 0 0.0 1.0 0
cell 55.37405003879771 4.4709405058760066 0.0 1.0 1.0 1 0 0 0.0 1.0 0
cell 32.52164335767315 29.668343659202797 0.0 1.6431676725154984 0.6085806194501846 1 0 0 0.8589574594372654 0.5120469537816611 2.066460313737784
cell 30.525955949484725 53.82368614327784 0.0 1.0 1.0 1 0 0 0.0 1.0 0
cell 48.10153894637556 59.05104929886213 0.0 1.0 1.0 1 0 0 0.0 1.0 0
cell 11.309307443321732 19.902227840570156 0.0 1.0 1.0 1 0 0 0.0 1.0 0
cell 9.979274389397895 34.068068822743975 0.0 1.0 1.0 1 0 0 0.0 1.0 0
cell 13.145280344781744 5.721440468580053 0.0 1.0 1.0 1 0 0 0.0 1.0 0
cell 52.68731375192182 24.765653802628904 0.0 1.0 1.0 1 0 0 0.0 1.0 0
cell 35.77295415606736 5.248997595521618 0.0 1.0 1.0 1 0 0 0.0 1.0 0
cell 38.71033821495914 35.60865274612038 0.0 1.0 1.0 1 0 0 0.0 1.0 0
cell 44.617922105862405 23.12704433872628 0.0 1.6431676725154984 0.6085806194501846 1 0 0 0.6709327845779302 0.7415181714418769 1.4709320232832144
cell 45.82167068435405 28.178718757075824 0.0 1.0 1.0 1 0 0 0.0 1.0 0
cell 12.050340959827787 0.407754883869235 0.0 1.0 1.0 1 0 0 0.0 1.0 0
cell 18.424887282330534 32.326295085232445 0.0 1.0 1.0 1 0 0 0.0 1.0 0
cell 13.078021493270581 57.78294191799128 0.0 1.0 1.0 1 0 0 0.0 1.0 0
cell 21.859649004246855 31.164749342344585 0.0 1.0 1.0 1 0 0 0.0 1.0 0
cell 40.75940947905359 15.968360315303563 0.0 1.6431676725154984 0.6085806194501846 1 0 0 0.09563237636627261 -0.9954167210724058 6.091627811116677
cell 45.52666572787004 9.463207798147165 0.0 1.0 1.0 1 0 0 0.0 1.0 0
cell 31.901277089271087 8.977642523677963 0.0 1.0 1.0 1 0 0 0.0 1.0 0
cell 14.98239647939435 26.07806587876583 0.0 1.0 1.0 1 0 0 0.0 1.0 0
cell 52.729320869720596 34.059586065375996 0.0 1.6431676725154984 0.6085806194501846 1 0 0 -0.1413680965290899 0.9899571007289871 5.999498798417376
cell 50.57629930196491 4.562051207570046 0.0 1.0 1.0 1 0 0 0.0 1.0 0
cell 37.05516443400049 46.90085171702211 0.0 1.6431676725154984 0.6085806194501846 1 0 0 0.9573483544968914 -0.28893620081619137 3.7278235690237786
cell 38.76835504557037 14.68065858855245 0.0 1.0 1.0 1 0 0 0.0 1.0 0
cell 43.17026795888767 2.1190009193701678 0.0 1.0 1.0 1 0 0 0.0 1.0 0
cell 31.80938935386208 3.0778514894335545 0.0 1.0 1.0 1 0 0 0.0 1.0 0
cell 37.44230682743195 52.44494520447347 0.0 1.0 1.0 1 0 0 0.0 1.0 0
cell 37.94211779941457 50.526246580103695 0.0 1.0 1.0 1 0 0 0.0 1.0 0
cell 30.519140745909596 58.521612975431076 0.0 1.0 1.0 1 0 0 0.0 1.0 0
cell 52.7194620259376 35.714718186211854 0.0 1.0 1.0 1 0 0 0.0 1.0 0
cell 45.17821154441195 35.58418966296512 0.0 1.0 1.0 1 0 0 0.0 1.0 0
cell 56.87421653202503 3.169318651806657 0.0 1.0 1.0 1 0 0 0.0 1.0 0
cell 16.117620507654227 56.30054825102893 0.0 1.0 1.0 1 0 0 0.0 1.0 0
cell 50.397724787832765 35.362817108502 0.0 1.0 1.0 1 0 0 0.0 1.0 0
cell 56.92283837129132 5.1652850618622 0.0 1.0 1.0 1 0 0 0.0 1.0 0
cell 1.2533322395393616 29.701745894997746 0.0 1.0 1.0 1 0 0 0.0 1.0 0
cell 50.66180568695867 41.26177447395937 0.0 1.0 1.0 1 0 0 0.0 1.0 0
cell 14.188130139466345 11.467171179135548 0.0 1.0 1.0 1 0 0 0.0 1.0 0
cell 21.366570376551607 47.19962451332627 0.0 1.6431676725154984 0.6085806194501846 1 0 0 -0.05711220896380048 -0.9983677656992312 0.11428660553570325
cell 34.60495600820996 18.986443194853752 0.0 1.0 1.0 1 0 0 0.0 1.0 0
cell 24.49520053748044 19.943137623938647 0.0 1.6431676725154984 0.6085806194501846 1 0 0 0.8043639308292608 -0.5941369091218791 4.4139770786296095
cell 49.06103326279247 42.22016650588263 0.0 1.0 1.0 1 0 0 0.0 1.0 0
cell 21.307830365156487 52.38020203413053 0.0 1.0 1.0 1 0 0 0.0 1.0 0
cell 39.14952990815641 52.7833642521568 0.0 1.6431676725154984 0.6085806194501846 1 0 0 0.6296585324677698 0.7768720180895528 1.3622271833519626
cell 26.766602732807385 47.5714825901948 0.0 1.0 1.0 1 0 0 0.0 1.0 0
cell 26.472237146162716 13.460331701092828 0.0 1.6431676725154984 0.6085806194501846 1 0 0 0.7101002502292942 -0.7041005855872395 4.703904147826424
cell 55.0475533873299 16.064114464334498 0.0 1.0 1.0 1 0 0 0.0 1.0 0
cell 53.842895531452555 5.927314123475775 0.0 1.0 1.0 1 0 0 0.0 1.0 0
cell 16.069634682280206 3.9779533453680487 0.0 1.0 1.0 1 0 0 0.0 1.0 0
cell 12.876138605253976 16.911486904517073 0.0 1.0 1.0 1 0 0 0.0 1.0 0
cell 8.561156219455544 3.953711781485855 0.0 1.0 1.0 1 0 0 0.0 1.0 0
cell 42.8361019776249 38.15125684477204 0.0 1.0 1.0 1 0 0 0.0 1.0 0
cell 18.48245153328157 47.71043615134104 0.0 1.0 1.0 1 0 0 0.0 1.0 0
cell 14.432344227726276 17.627744317087785 0.0 1.0 1.0 1 0 0 0.0 1.0 0
cell 13.655123359491725 46.16462526819697 0.0 1.6431676725154984 0.6085806194501846 1 0 0 0.8027373509314705 0.5963327472305419 1.863742893497017
cell 8.542502875342679 34.75897073705573 0.0 1.0 1.0 1 0 0 0.0 1.0 0
cell 40.82812191865408 59.07798276426253 0.0 1.0 1.0 1 0 0 0.0 1.0 0
cell 36.02703773772855 23.834857279847583 0.0 1.6431676725154984 0.6085806194501846 1 0 0 0.9385670286184318 -0.3450969904104755 3.846276897500622
cell 15.939633668485005 12.442170326407746 0.0 1.0 1.0 1 0 0 0.0 1.0 0
cell 45.64462304161882 21.762812021183638 0.0 1.6431676725154984 0.6085806194501846 1 0 0 0.6435424110844599 0.7654104553346525 1.3982348637327158
cell 34.09214155454485 51.97849244091533 0.0 1.6431676725154984 0.6085806194501846 1 0 0 -0.20084788497760428 0.9796224410965804 5.878738574531615
cell 48.60725478505297 56.081331907907455 0.0 1.0 1.0 1 0 0 0.0 1.0 0
cell 54.02138727792056 21.067866525214214 0.0 1.0 1.0 1 0 0 0.0 1.0 0
cell 15.044545959329875 5.706730072696191 0.0 1.0 1.0 1 0 0 0.0 1.0 0
cell 31.461422857483374 55.34509439684382 0.0 1.0 1.0 1 0 0 0.0 1.0 0
cell 58.25908689176728 4.526161123295477 0.0 1.6431676725154984 0.6085806194501846 1 0 0 0.8362724574771128 -0.5483141224382158 4.302286572530452
cell 41.8182520538986 35.04298088538167 0.0 1.0 1.0 1 0 0 0.0 1.0 0
cell 51.18938962453619 45.004835670188584 0.0 1.0 1.0 1 0 0 0.0 1.0 0
cell 9.623473505416175 42.934758206458795 0.0 1.0 1.0 1 0 0 0.0 1.0 0
cell 2.2811519936934315 58.219601113987174 0.0 1.0 1.0 1 0 0 0.0 1.0 0
cell 8.433955532931359 32.76498642453559 0.0 1.0 1.0 1 0 0 0.0 1.0 0
cell 21.063558893334324 23.115007058426777 0.0 1.0 1.0 1 0 0 0.0 1.0 0
cell 10.220464923453644 38.04884401389128 0.0 1.0 1.0 1 0 0 0.0 1.0 0
cell 32.86429072789132 13.502878680537416 0.0 1.0 1.0 1 0 0 0.0 1.0 0
cell 18.242096946155517 52.96163249200071 0.0 1.0 1.0 1 0 0 0.0 1.0 0
cell 4.460533234823566 26.074180293945126 0.0 1.0 1.0 1 0 0 0.0 1.0 0
cell 21.918247701315572 26.555350271818543 0.0 1.6431676725154984 0.6085806194501846 1 0 0 0.9640688348651473 -0.2656525581314009 3.6793541304857773
cell 57.91437084570847 59.03377786129967 0.0 1.0 1.0 1 0 0 0.0 1.0 0
cell 12.814114028502297 14.90056783253004 0.0 1.0 1.0 1 0 0 0.0 1.0 0
cell 7.884033453216726 14.844625324202728 0.0 1.0 1.0 1 0 0 0.0 1.0 0
cell 23.810190761349865 46.01087551521198 0.0 1.6431676725154984 0.6085806194501846 1 0 0 0.5747004020550297 0.8183638847589666 1.2244760143356295
cell 18.816059705601337 46.147908133367906 0.0 1.6431676725154984 0.6085806194501846 1 0 0 -0.0894017022974194 -0.9959956504053236 0.1790424513095772
cell 16.53634120056856 8.924382890717947 0.0 1.0 1.0 1 0 0 0.0 1.0 0
cell 44.7711397948131 37.5398932036782 0.0 1.0 1.0 1 0 0 0.0 1.0 0
cell 56.53188256441628 45.06167397699925 0.0 1.0 1.0 1 0 0 0.0 1.0 0
cell 45.320377639025324 41.056852073042045 0.0 1.0 1.0 1 0 0 0.0 1.0 0
cell 30.575341362288263 51.51108814331229 0.0 1.6431676725154984 0.6085806194501846 1 0 0 0.8389318677099354 0.5442364571955093 1.9906352357506476
cell 6.543279099731287 28.602646843395924 0.0 1.6431676725154984 0.6085806194501846 1 0 0 0.21999419607520979 -0.975501180774899 5.839568265564078
cell 17.03583179540427 2.349134922536879 0.0 1.0 1.0 1 0 0 0.0 1.0 0
cell 4.463202901602521 20.09946831109875 0.0 1.0 1.0 1 0 0 0.0 1.0 0
cell 10.05690339536425 7.3733888848390485 0.0 1.0 1.0 1 0 0 0.0 1.0 0
cell 10.343806641570499 4.046491100787367 0.0 1.0 1.0 1 0 0 0.0 1.0 0
cell 21.692441119256635 17.383782072601704 0.0 1.0 1.0 1 0 0 0.0 1.0 0
cell 44.107346859835936 52.729403606975865 0.0 1.0 1.0 1 0 0 0.0 1.0 0
cell 26.539548728782886 53.518270409777635 0.0 1.0 1.0 1 0 0 0.0 1.0 0
cell 23.373965278991957 47.9246488796728 0.0 1.0 1.0 1 0 0 0.0 1.0 0
cell 13.27288765734577 25.307812866846053 0.0 1.0 1.0 1 0 0 0.0 1.0 0
cell 26.98303708848921 17.530489724120073 0.0 1.0 1.0 1 0 0 0.0 1.0 0
cell 48.47964227307051 49.25382133249654 0.0 1.0 1.0 1 0 0 0.0 1.0 0
cell 17.064821684191408 33.904396567764365 0.0 1.0 1.0 1 0 0 0.0 1.0 0
cell 40.418941228030825 7.723411008752629 0.0 1.0 1.0 1 0 0 0.0 1.0 0
cell 13.060456395459779 52.321761853255694 0.0 1.0 1.0 1 0 0 0.0 1.0 0
