1000
 Lattice="59.08179503018386 0.0 0.0 0.0 59.08179503018386 0.0 0.0 0.0 1.0"Properties=species:S:1:pos:R:3:aspherical_shape:R:3:orientation:R:4:Color:R:1
cell 46.58220814782314 32.29238073354456 0.0 1.0 1.0 1 0 0 0.0 1.0 0
cell 19.704508498867376 1.582203260948505 0.0 1.6431676725154984 0.6085806194501846 1 0 0 0.525022719378779 0.8510882117243265 1.1054836147645912
cell 3.6397850626807076 44.622707772495076 0.0 1.0 1.0 1 0 0 0.0 1.0 0
cell 36.976374945350024 3.580425423625255 0.0 1.6431676725154984 0.6085806194501846 1 0 0 0.4988599493973102 0.8666826125447038 1.0445657161097097
cell 15.485419802653093 48.08924408688131 0.0 1.6431676725154984 0.6085806194501846 1 0 0 0.9384381461634637 -0.3454473126618321 3.8470234532416407
cell 4.751154703138297 16.981711080342397 0.0 1.0 1.0 1 0 0 0.0 1.0 0
cell 46.0542709264536 7.088913321174442 0.0 1.6431676725154984 0.6085806194501846 1 0 0 0.7333114551400888 -0.6798928663843485 4.636825711811442
cell 41.43841572520948 32.505963232093926 0.0 1.0 1.0 1 0 0 0.0 1.0 0
cell 9.062957272349133 47.35623270776897 0.0 1.6431676725154984 0.6085806194501846 1 0 0 0.9960493596106693 -0.08880131316132352 3.319429531501384
cell 54.614384245418556 50.301248887785796 0.0 1.6431676725154984 0.6085806194501846 1 0 0 -0.9882500660567926 -0.15284569650057234 2.834698320338987
cell 45.32688553586604 4.659718521887814 0.0 1.6431676725154984 0.6085806194501846 1 0 0 0.9865865270354045 0.16323916402695457 2.8136467121144673
cell 8.42390693787584 31.725375737800494 0.0 1.0 1.0 1 0 0 0.0 1.0 0
cell 56.35641595052531 51.34865631460883 0.0 1.0 1.0 1 0 0 0.0 1.0 0
cell 40.9660172176327 56.13459655914008 0.0 1.6431676725154984 0.6085806194501846 1 0 0 0.5247497497182291 -0.8512565419253211 5.178343089306254
cell 3.247178796179905 32.2005499339827 0.0 1.0 1.0 1 0 0 0.0 1.0 0
cell 37.876388637179076 2.468646942436407 0.0 1.6431676725154984 0.6085806194501846 1 0 0 0.6083164829305873 0.793694561273391 1.3078754956768988
cell 48.56609123013475 55.88891624510822 0.0 1.6431676725154984 0.6085806194501846 1 0 0 0.5052880941496154 -0.8629507181239549 5.223753746285457
cell 34.964432316927514 33.618127120572524 0.0 1.0 1.0 1 0 0 0.0 1.0 0
cell 36.47892006714009 15.719230920858468 0.0 1.6431676725154984 0.6085806194501846 1 0 0 0.9969458437760373 -0.07809599591326624 3.2979438515107486
cell 31.610300887607618 52.098714120961375 0.0 1.0 1.0 1 0 0 0.0 1.0 0
cell 2.044895257595385 45.768402833126814 0.0 1.0 1.0 1 0 0 0.0 1.0 0
cell 20.088302725218934 29.519088268010364 0.0 1.0 1.0 1 0 0 0.0 1.0 0
cell 21.982725608266307 24.59173277802046 0.0 1.0 1.0 1 0 0 0.0 1.0 0
cell 4.630086168880448 27.707242683499842 0.0 1.0 1.0 1 0 0 0.0 1.0 0
cell 32.655992552741814 42.810234471230125 0.0 1.0 1.0 1 0 0 0.0 1.0 0
cell 19.629908993670035 48.88485438785891 0.0 1.6431676725154984 0.6085806194501846 1 0 0 0.9781681906424634 -0.2078147993172032 3.560273563925062
cell 41.82692510590141 34.358066559946046 0.0 1.0 1.0 1 0 0 0.0 1.0 0
cell 2.9011162985330734 58.25042957392185 0.0 1.6431676725154984 0.6085806194501846 1 0 0 0.988900752659357 0.14857759383486266 2.8433331619413074
cell 14.792549699980517 33.73888953279193 0.0 1.0 1.0 1 0 0 0.0 1.0 0
cell 33.723421644840165 12.282365341046184 0.0 1.6431676725154984 0.6085806194501846 1 0 0 0.6083164344088152 -0.7936945984622458 4.9753099337708075
cell 37.93809529644977 23.54606154125086 0.0 1.0 1.0 1 0 0 0.0 1.0 0
cell 9.768466202354233 5.378506338363541 0.0 1.6431676725154984 0.6085806194501846 1 0 0 0.6949244575731855 -0.7190827478577232 4.746555623989463
cell 7.487614952572307 40.86981599613711 0.0 1.0 1.0 1 0 0 0.0 1.0 0
cell 1.4011369322807918 31.579401827909447 0.0 1.0 1.0 1 0 0 0.0 1.0 0
cell 40.25567976054407 1.9333099193920062 0.0 1.6431676725154984 0.6085806194501846 1 0 0 0.6329978073893521 0.7741535867257044 1.3708389554641744
cell 7.418441502662055 30.24457010598952 0.0 1.0 1.0 1 0 0 0.0 1.0 0
cell 32.3896869560199 14.306417101005822 0.0 1.6431676725154984 0.6085806194501846 1 0 0 0.6234464747092111 -0.7818660327528348 4.936899288200699
cell 17.50200617742292 27.475753123904582 0.0 1.0 1.0 1 0 0 0.0 1.0 0
cell 8.294489451492547 11.202073527947727 0.0 1.6431676725154984 0.6085806194501846 1 0 0 -0.04554892566808741 -0.9989621090764569 0.09112938097064394
cell 14.707366852206379 57.66495724329501 0.0 1.0 1.0 1 0 0 0.0 1.0 0
cell 4.9619617633122575 51.297335276241725 0.0 1.0 1.0 1 0 0 0.0 1.0 0
cell 57.19822833964436 57.90888527884348 0.0 1.6431676725154984 0.6085806194501846 1 0 0 0.9675118658236781 -0.25282561082767135 3.65279192937102
cell 42.51481466835662 7.59394143461183 0.0 1.6431676725154984 0.6085806194501846 1 0 0 0.6230603758901113 -0.782173745401668 4.937886728076973
cell 57.04303243921831 49.93700080544382 0.0 1.6431676725154984 0.6085806194501846 1 0 0 0.9832445707494081 0.18229128912762735 2.774960083464763
cell 49.74389954631284 25.537270974774472 0.0 1.6431676725154984 0.6085806194501846 1 0 0 0.8967678425015656 0.4425013408511743 2.224820563867234
cell 56.06791755711616 54.90111669313717 0.0 1.0 1.0 1 0 0 0.0 1.0 0
cell 48.96106348919067 5.5813969446566185 0.0 1.0 1.0 1 0 0 0.0 1.0 0
cell 21.749807834756076 3.1521990529036965 0.0 1.6431676725154984 0.6085806194501846 1 0 0 0.4259063807599657 0.9047672379280469 0.879926866072503
cell 15.20375857958264 49.81924807174491 0.0 1.0 1.0 1 0 0 0.0 1.0 0
cell 55.87122850642743 16.149256276482557 0.0 1.6431676725154984 0.6085806194501846 1 0 0 0.7819602023151428 0.62332835808686 1.7956087567251864
cell 13.2078508549657 39.64143490057699 0.0 1.0 1.0 1 0 0 0.0 1.0 0
cell 28.31736565038494 4.632005013941738 0.0 1.6431676725154984 0.6085806194501846 1 0 0 0.7958931434812033 -0.605437118253918 4.44222259365786
cell 51.18255709378263 49.18178345887523 0.0 1.6431676725154984 0.6085806194501846 1 0 0 0.6988615708526587 -0.7152569501831872 4.735576067621063
cell 29.62800744287173 22.874596170614538 0.0 1.6431676725154984 0.6085806194501846 1 0 0 0.545196367192103 0.8383083688002486 1.1532466781869335
cell 37.78657200161498 6.651244652448985 0.0 1.6431676725154984 0.6085806194501846 1 0 0 0.6374816463099741 0.7704655414863959 1.3824504297600562
cell 1.4937163464249044 53.28299286212011 0.0 1.6431676725154984 0.6085806194501846 1 0 0 0.12641882940306004 -0.9919769551619433 6.0296692949315505
cell 17.985402020690273 40.85370981308123 0.0 1.0 1.0 1 0 0 0.0 1.0 0
cell 25.852424639967055 44.70490002885656 0.0 1.0 1.0 1 0 0 0.0 1.0 0
cell 33.59212006767296 32.641505369456425 0.0 1.0 1.0 1 0 0 0.0 1.0 0
cell 19.98540302138209 24.373158728162228 0.0 1.0 1.0 1 0 0 0.0 1.0 0
cell 47.72043486519478 20.758280140630117 0.0 1.0 1.0 1 0 0 0.0 1.0 0
cell 38.851393223692874 17.202156454450215 0.0 1.0 1.0 1 0 0 0.0 1.0 0
cell 34.949728356149734 47.55965637009611 0.0 1.0 1.0 1 0 0 0.0 1.0 0
cell 3.7936212760726065 0.08766597176534949 0.0 1.6431676725154984 0.6085806194501846 1 0 0 0.9860918019754331 0.1662015585872862 2.807639868951244
cell 50.406922935554995 35.958585843807995 0.0 1.0 1.0 1 0 0 0.0 1.0 0
cell 31.828261061308652 29.393980774324167 0.0 1.6431676725154984 0.6085806194501846 1 0 0 0.9889754271949607 -0.1480797231377243 3.438845265855851
cell 7.509088137034949 15.362484656686615 0.0 1.6431676725154984 0.6085806194501846 1 0 0 0.5302928886451025 0.8478145152404699 1.117891982301507
cell 21.122532941436305 54.171787357877015 0.0 1.6431676725154984 0.6085806194501846 1 0 0 0.7424418434917217 -0.6699105231541104 4.609769181436935
cell 11.215197088479966 30.25639272577304 0.0 1.0 1.0 1 0 0 0.0 1.0 0
cell 23.26960956734666 28.38683643183405 0.0 1.0 1.0 1 0 0 0.0 1.0 0
cell 38.47527783205838 9.388856347920564 0.0 1.6431676725154984 0.6085806194501846 1 0 0 0.7772804896781328 0.6291542262162133 1.7806634284017455
cell 51.098226909771135 56.456531421695125 0.0 1.0 1.0 1 0 0 0.0 1.0 0
cell 21.010430375667134 39.547648556709305 0.0 1.0 1.0 1 0 0 0.0 1.0 0
cell 45.995821497550786 20.647613566121613 0.0 1.0 1.0 1 0 0 0.0 1.0 0
cell 50.25081979864875 34.47673227029484 0.0 1.0 1.0 1 0 0 0.0 1.0 0
cell 51.234550501642794 10.324699998139481 0.0 1.0 1.0 1 0 0 0.0 1.0 0
cell 19.12640834437124 16.006390628358307 0.0 1.0 1.0 1 0 0 0.0 1.0 0
cell 50.223870981864835 28.57859816562377 0.0 1.0 1.0 1 0 0 0.0 1.0 0
cell 8.960770629295803 40.324095600193154 0.0 1.6431676725154984 0.6085806194501846 1 0 0 0.9659892585641993 -0.25858219648419084 3.6647010378266907
cell 46.815583484661246 30.700296116717936 0.0 1.0 1.0 1 0 0 0.0 1.0 0
cell 5.07572783561751 32.95496706547096 0.0 1.0 1.0 1 0 0 0.0 1.0 0
cell 26.822312662616323 31.99778219064972 0.0 1.0 1.0 1 0 0 0.0 1.0 0
cell 49.539276943437976 44.20203729768338 0.0 1.6431676725154984 0.6085806194501846 1 0 0 0.9204931578260377 -0.3907586805119615 3.944503972739012
cell 10.117499340247889 9.23937512540605 0.0 1.6431676725154984 0.6085806194501846 1 0 0 0.24925637919658614 0.9684375340876703 0.5038246458715366
cell 24.735368526449417 39.5302814250934 0.0 1.0 1.0 1 0 0 0.0 1.0 0
cell 6.763928212429136 33.964604314590694 0.0 1.0 1.0 1 0 0 0.0 1.0 0
cell 46.20182868837889 27.414319805434552 0.0 1.0 1.0 1 0 0 0.0 1.0 0
cell 49.86632536911487 17.974316411234103 0.0 1.0 1.0 1 0 0 0.0 1.0 0
cell 41.8452255122832 0.8123295445911691 0.0 1.6431676725154984 0.6085806194501846 1 0 0 0.5249587292282458 -0.8511276829049008 5.177852061473832
cell 28.114356458698815 23.505087302327272 0.0 1.0 1.0 1 0 0 0.0 1.0 0
cell 23.654565844273097 30.313318802810322 0.0 1.0 1.0 1 0 0 0.0 1.0 0
cell 11.124576706301735 15.28393041829439 0.0 1.6431676725154984 0.6085806194501846 1 0 0 0.18015336440509308 -0.9836385338596316 5.9209005783178235
cell 26.606131343571906 53.779836892094934 0.0 1.0 1.0 1 0 0 0.0 1.0 0
cell 24.46273101844378 20.240125893709777 0.0 1.6431676725154984 0.6085806194501846 1 0 0 -0.2839449956597784 0.9588405703972733 5.707373393345246
cell 53.97771898931059 52.184991535396065 0.0 1.6431676725154984 0.6085806194501846 1 0 0 0.9307942159351738 0.36554360558163934 2.39315913453839
cell 11.810720459338967 44.52244348345745 0.0 1.6431676725154984 0.6085806194501846 1 0 0 0.8927814134767232 -0.45049011948155326 4.076221140472344
cell 34.67390387931598 29.056851441791867 0.0 1.0 1.0 1 0 0 0.0 1.0 0
cell 3.4477968072924403 8.199106732942361 0.0 1.6431676725154984 0.6085806194501846 1 0 0 0.10289901244950873 -0.9946918081681964 6.0770223688858485
cell 22.6793660448567 26.50031316259901 0.0 1.0 1.0 1 0 0 0.0 1.0 0
cell 11.598818506783262 51.25743266458178 0.0 1.0 1.0 1 0 0 0.0 1.0 0
cell 58.08031733525702 20.472442296765347 0.0 1.0 1.0 1 0 0 0.0 1.0 0
cell 57.107345360456286 31.355933307536958 0.0 1.0 1.0 1 0 0 0.0 1.0 0
cell 20.687809725117674 26.14570588915057 0.0 1.0 1.0 1 0 0 0.0 1.0 0
cell 47.42880393206325 45.952898682263495 0.0 1.0 1.0 1 0 0 0.0 1.0 0
cell 49.65856299071499 14.252696357556658 0.0 1.0 1.0 1 0 0 0.0 1.0 0
cell 55.743408895476776 19.426552265800392 0.0 1.6431676725154984 0.6085806194501846 1 0 0 0.6896540196116449 0.7241390289395407 1.5220223245221305
cell 45.2425610211602 50.720322615099285 0.0 1.0 1.0 1 0 0 0.0 1.0 0
cell 23.69292371187292 3.8678387730613197 0.0 1.0 1.0 1 0 0 0.0 1.0 0
cell 46.18991699953973 17.03494765362255 0.0 1.0 1.0 1 0 0 0.0 1.0 0
cell 32.98333566497505 24.71310008511848 0.0 1.6431676725154984 0.6085806194501846 1 0 0 0.5680273814348422 -0.8230096560431575 5.074971243435822
cell 6.690104010440847 42.8854738248553 0.0 1.0 1.0 1 0 0 0.0 1.0 0
cell 2.0102220523219057 25.374800863756768 0.0 1.0 1.0 1 0 0 0.0 1.0 0
cell 13.689737367840111 35.18455702095051 0.0 1.0 1.0 1 0 0 0.0 1.0 0
cell 34.31398019631671 43.63426153372699 0.0 1.0 1.0 1 0 0 0.0 1.0 0
cell 27.700438688907262 16.770600137548673 0.0 1.6431676725154984 0.6085806194501846 1 0 0 0.15507488533285865 -0.9879027178518139 5.971778796722843
cell 47.32419137972393 23.95505607006604 0.0 1.0 1.0 1 0 0 0.0 1.0 0
cell 33.6380933023787 17.17525320182711 0.0 1.6431676725154984 0.6085806194501846 1 0 0 0.9133198686091331 0.4072429466593571 2.302726039245482
cell 46.1954568555368 52.235436558406775 0.0 1.6431676725154984 0.6085806194501846 1 0 0 0.10344545979362724 -0.994635127495548 6.075923610666517
cell 22.9326301024269 36.174475395228825 0.0 1.0 1.0 1 0 0 0.0 1.0 0
cell 8.635049805868976 1.7522378863016321 0.0 1.6431676725154984 0.6085806194501846 1 0 0 0.5701123895287734 -0.8215667126325117 5.069900011679023
cell 42.85630209779269 30.867506533351744 0.0 1.0 1.0 1 0 0 0.0 1.0 0
cell 20.464846100675928 57.648554546609745 0.0 1.0 1.0 1 0 0 0.0 1.0 0
cell 29.594600608034007 43.468254614216306 0.0 1.0 1.0 1 0 0 0.0 1.0 0
cell 37.260416415495946 43.07195127269281 0.0 1.0 1.0 1 0 0 0.0 1.0 0
cell 47.718450850944734 11.155020080773653 0.0 1.6431676725154984 0.6085806194501846 1 0 0 0.6266252002686186 0.7793207673277504 1.3544303900857633
cell 17.846331627659232 32.56574258892556 0.0 1.0 1.0 1 0 0 0.0 1.0 0
cell 36.01997305232472 23.61669220123422 0.0 1.0 1.0 1 0 0 0.0 1.0 0
cell 12.963409100108379 37.99179956342643 0.0 1.0 1.0 1 0 0 0.0 1.0 0
cell 26.82694212744041 45.74390601247921 0.0 1.6431676725154984 0.6085806194501846 1 0 0 0.18865789219759405 -0.982042870607776 5.9035946716548455
cell 28.01059720540992 48.89702869109195 0.0 1.0 1.0 1 0 0 0.0 1.0 0
cell 10.053077795714803 31.849316520625628 0.0 1.0 1.0 1 0 0 0.0 1.0 0
cell 54.78871890210674 39.70235905147283 0.0 1.0 1.0 1 0 0 0.0 1.0 0
cell 57.92174214094246 12.073074986260997 0.0 1.6431676725154984 0.6085806194501846 1 0 0 0.9860985707796622 -0.16616139354948692 3.475463975427695
cell 15.632079675192651 35.31598108647852 0.0 1.0 1.0 1 0 0 0.0 1.0 0
cell 14.96502146519641 16.02475126683856 0.0 1.0 1.0 1 0 0 0.0 1.0 0
cell 40.48975477823048 9.92425107438418 0.0 1.6431676725154984 0.6085806194501846 1 0 0 -0.5742952457208212 0.8186482582540939 5.059699282631547
cell 44.0023178112483 7.906706483749835 0.0 1.6431676725154984 0.6085806194501846 1 0 0 0.8646740474739412 -0.5023333471162674 4.194183043388887
cell 43.45797816392013 14.7214708779164 0.0 1.0 1.0 1 0 0 0.0 1.0 0
cell 24.61898837641709 50.25588452289771 0.0 1.0 1.0 1 0 0 0.0 1.0 0
cell 13.56682985989627 43.4779389037095 0.0 1.6431676725154984 0.6085806194501846 1 0 0 0.968542608778124 -0.24884777471632266 3.644573502531955
cell 55.07032593465175 45.83053730905547 0.0 1.6431676725154984 0.6085806194501846 1 0 0 0.5079894105594057 -0.8613633140316039 5.217487337384248
cell 43.9505707932128 38.88098950409392 0.0 1.0 1.0 1 0 0 0.0 1.0 0
cell 32.591817497834874 57.623740542606164 0.0 1.6431676725154984 0.6085806194501846 1 0 0 0.6344954813664109 -0.7729265709791627 4.908474093379599
cell 7.556331377501308 13.260646892718382 0.0 1.6431676725154984 0.6085806194501846 1 0 0 0.8631358427447988 -0.5049717981919642 4.200291236286232
cell 17.97835751060348 24.117110085949445 0.0 1.0 1.0 1 0 0 0.0 1.0 0
cell 24.930794358318906 5.406290309432285 0.0 1.0 1.0 1 0 0 0.0 1.0 0
cell 45.86461711472672 38.49829669299292 0.0 1.0 1.0 1 0 0 0.0 1.0 0
cell 55.435863029901796 8.37611770201719 0.0 1.6431676725154984 0.6085806194501846 1 0 0 0.8768987133889345 0.4806751985039702 2.138743584281281
cell 55.21837414665043 34.812613379143805 0.0 1.0 1.0 1 0 0 0.0 1.0 0
cell 47.31609587418083 58.80509651285529 0.0 1.6431676725154984 0.6085806194501846 1 0 0 0.5126226219727378 -0.8586140270469588 5.20671231123483
cell 41.44412169209095 44.924114496975925 0.0 1.0 1.0 1 0 0 0.0 1.0 0
cell 50.29167633743506 50.90900513350896 0.0 1.6431676725154984 0.6085806194501846 1 0 0 0.6164248520545208 -0.7874137424312343 4.954796863655545
cell 47.19339919230536 51.01667518459626 0.0 1.6431676725154984 0.6085806194501846 1 0 0 0.18108320201422168 -0.9834677798221335 5.919009806002352
cell 46.16008790113195 13.554170218102767 0.0 1.0 1.0 1 0 0 0.0 1.0 0
cell 29.8833867245792 26.014114433372892 0.0 1.6431676725154984 0.6085806194501846 1 0 0 0.36820991875119113 -0.9297426825381533 5.529019439908836
cell 12.0019293597949 53.189005124218184 0.0 1.0 1.0 1 0 0 0.0 1.0 0
cell 13.797076176651695 2.302266217727455 0.0 1.0 1.0 1 0 0 0.0 1.0 0
cell 47.00185246695756 18.90054565208861 0.0 1.0 1.0 1 0 0 0.0 1.0 0
cell 47.85491659135658 13.60724802969223 0.0 1.6431676725154984 0.6085806194501846 1 0 0 0.5113870776333552 0.8593504854421254 1.0735962330841078
cell 1.2402035824711934 44.77530437534807 0.0 1.6431676725154984 0.6085806194501846 1 0 0 0.9467617911097701 0.32193494823429797 2.486047587410721
cell 43.76101135990888 32.24962311726319 0.0 1.0 1.0 1 0 0 0.0 1.0 0
cell 8.224546638823165 42.41676789684286 0.0 1.0 1.0 1 0 0 0.0 1.0 0
cell 48.79621676003126 36.63762543316801 0.0 1.6431676725154984 0.6085806194501846 1 0 0 0.9241014107834854 -0.38214733099679243 3.9258304124815493
cell 29.371775333954044 41.46858025790986 0.0 1.0 1.0 1 0 0 0.0 1.0 0
cell 33.40641563738553 8.653014488845143 0.0 1.6431676725154984 0.6085806194501846 1 0 0 0.757182982736899 -0.6532028250502695 4.565206017188911
cell 3.6540209620044766 48.04336107204062 0.0 1.6431676725154984 0.6085806194501846 1 0 0 0.9888536155920589 0.14889099009178733 2.842699319317911
cell 48.83790924948404 54.18887075772431 0.0 1.6431676725154984 0.6085806194501846 1 0 0 0.35383510269234847 -0.9353078210421931 5.559848699268442
cell 17.138687823447484 15.991502585143525 0.0 1.0 1.0 1 0 0 0.0 1.0 0
cell 55.66127640615422 22.113493278226578 0.0 1.6431676725154984 0.6085806194501846 1 0 0 0.5185100687011454 0.8550715225380469 1.0902151286641608
cell 58.93632657850331 21.66235961624473 0.0 1.0 1.0 1 0 0 0.0 1.0 0
cell 47.546995434810945 2.7228061854823298 0.0 1.6431676725154984 0.6085806194501846 1 0 0 0.9291573515917302 0.3696844816638126 2.384253807511652
cell 13.26186827053383 44.4957092571278 0.0 1.6431676725154984 0.6085806194501846 1 0 0 0.957146393047528 -0.28960452737501724 3.729219919747718
cell 42.535689637309275 37.48358569987481 0.0 1.0 1.0 1 0 0 0.0 1.0 0
cell 28.917018140599655 10.179943201002155 0.0 1.6431676725154984 0.6085806194501846 1 0 0 0.6484208161339645 -0.7612821061893964 4.872168856456302
cell 52.945785782391845 24.993761054723766 0.0 1.0 1.0 1 0 0 0.0 1.0 0
cell 14.350462308634196 0.4186386555830127 0.0 1.0 1.0 1 0 0 0.0 1.0 0
cell 0.3097276783973847 41.54377539824223 0.0 1.0 1.0 1 0 0 0.0 1.0 0
cell 30.55418866639994 53.740969853629814 0.0 1.0 1.0 1 0 0 0.0 1.0 0
cell 44.0029990491616 10.205406630078587 0.0 1.6431676725154984 0.6085806194501846 1 0 0 0.1677571085018138 -0.9858283585630465 5.946077121783964
cell 37.18568744140426 21.882246250394683 0.0 1.0 1.0 1 0 0 0.0 1.0 0
cell 6.15493313000724 35.85343200254851 0.0 1.0 1.0 1 0 0 0.0 1.0 0
cell 31.74847987581549 8.243236893164212 0.0 1.6431676725154984 0.6085806194501846 1 0 0 0.44888554652769475 -0.89358926029722 5.352149742070512
cell 34.092191462334355 41.61912597851296 0.0 1.0 1.0 1 0 0 0.0 1.0 0
cell 35.06990899969373 56.909915557192164 0.0 1.6431676725154984 0.6085806194501846 1 0 0 0.8725908941217428 0.4884517698768399 2.1209634954545935
cell 55.319708354506 33.31041037657755 0.0 1.0 1.0 1 0 0 0.0 1.0 0
cell 55.28869171600453 30.516642547215195 0.0 1.0 1.0 1 0 0 0.0 1.0 0
cell 12.996131231735655 25.226821733574052 0.0 1.0 1.0 1 0 0 0.0 1.0 0
cell 29.603584236980186 38.16513874825968 0.0 1.0 1.0 1 0 0 0.0 1.0 0
cell 48.64502059110264 35.08994439147767 0.0 1.0 1.0 1 0 0 0.0 1.0 0
cell 55.2648251544445 36.3574729107712 0.0 1.0 1.0 1 0 0 0.0 1.0 0
cell 51.3791427572771 54.29418540377053 0.0 1.0 1.0 1 0 0 0.0 1.0 0
cell 39.78438984780525 50.32800204386167 0.0 1.0 1.0 1 0 0 0.0 1.0 0
cell 58.878246950360904 44.24777631803979 0.0 1.0 1.0 1 0 0 0.0 1.0 0
cell 35.72510268050967 30.958417490249545 0.0 1.6431676725154984 0.6085806194501846 1 0 0 0.971507967715261 0.23700689581901038 2.663025048332252
cell 49.88592976279194 6.992304244508512 0.0 1.6431676725154984 0.6085806194501846 1 0 0 0.9392472548587046 0.3432413061395546 2.4408612684535123
cell 44.40968504165881 37.31994388941464 0.0 1.0 1.0 1 0 0 0.0 1.0 0
cell 53.748884011437475 31.81254630712522 0.0 1.0 1.0 1 0 0 0.0 1.0 0
cell 30.25889101991942 27.81481997891411 0.0 1.0 1.0 1 0 0 0.0 1.0 0
cell 26.662651511148788 6.945985076975876 0.0 1.6431676725154984 0.6085806194501846 1 0 0 0.18592875675802603 -0.9825632281998012 5.909151273939075
cell 31.077078519052762 56.94422626498644 0.0 1.0 1.0 1 0 0 0.0 1.0 0
cell 46.65181229835845 22.366349955685916 0.0 1.0 1.0 1 0 0 0.0 1.0 0
cell 48.65972140317488 41.108704502750456 0.0 1.0 1.0 1 0 0 0.0 1.0 0
cell 7.078832167376599 53.72381975114141 0.0 1.0 1.0 1 0 0 0.0 1.0 0
cell 21.228519437971087 15.948434289301627 0.0 1.0 1.0 1 0 0 0.0 1.0 0
cell 9.320320441216275 29.95796955510027 0.0 1.0 1.0 1 0 0 0.0 1.0 0
cell 4.656853120851518 25.846306675233716 0.0 1.0 1.0 1 0 0 0.0 1.0 0
cell 9.870273605690118 38.03540488880876 0.0 1.0 1.0 1 0 0 0.0 1.0 0
cell 13.32352402739332 41.256895605731565 0.0 1.0 1.0 1 0 0 0.0 1.0 0
cell 28.696951922729625 29.077619853293417 0.0 1.0 1.0 1 0 0 0.0 1.0 0
cell 0.7299236448415264 0.07889662679158733 0.0 1.6431676725154984 0.6085806194501846 1 0 0 0.9981425608470543 -0.060921492313340375 3.26351113295359
cell 51.06600455495816 21.83531725870679 0.0 1.0 1.0 1 0 0 0.0 1.0 0
cell 53.62720074196933 14.10781317399789 0.0 1.6431676725154984 0.6085806194501846 1 0 0 0.6174824387687452 0.7865846666521048 1.3310760867871274
cell 30.271336707467395 30.294139287847734 0.0 1.0 1.0 1 0 0 0.0 1.0 0
cell 0.24315599738145738 23.24915015460674 0.0 1.0 1.0 1 0 0 0.0 1.0 0
cell 0.7170196760824685 11.583397896025083 0.0 1.6431676725154984 0.6085806194501846 1 0 0 0.9796686840785277 -0.2006222057396587 3.5455786497314885
cell 34.61694470478199 51.051919846411394 0.0 1.0 1.0 1 0 0 0.0 1.0 0
cell 53.60136969524422 18.752137262001337 0.0 1.6431676725154984 0.6085806194501846 1 0 0 0.7024889598390978 0.7116946404913996 1.5577774364244246
cell 17.871428158829364 11.07022866480762 0.0 1.0 1.0 1 0 0 0.0 1.0 0
cell 55.59387008795842 0.5102517095397184 0.0 1.0 1.0 1 0 0 0.0 1.0 0
cell 45.60990527973299 29.2119821061758 0.0 1.0 1.0 1 0 0 0.0 1.0 0
cell 14.422079302836098 46.190397596025406 0.0 1.6431676725154984 0.6085806194501846 1 0 0 0.9801085962155879 -0.19846193495053305 3.5411694345907994
cell 31.577060749467318 45.866122035645134 0.0 1.0 1.0 1 0 0 0.0 1.0 0
cell 39.07854307602353 12.267675688056954 0.0 1.6431676725154984 0.6085806194501846 1 0 0 0.6463655988322166 0.7630278583684019 1.4056232797694876
cell 22.98335879244684 12.081292430857598 0.0 1.6431676725154984 0.6085806194501846 1 0 0 0.9941667291501681 0.10785413599327678 2.9254639722364653
cell 14.947549423283196 8.233275553339457 0.0 1.6431676725154984 0.6085806194501846 1 0 0 0.9628532299981566 -0.2700252904490927 3.688431248634851
cell 22.420581799785634 50.458235578771436 0.0 1.6431676725154984 0.6085806194501846 1 0 0 0.9698370888992883 -0.2437540173932606 3.6340621551336416
cell 18.559905753117523 54.49361603906262 0.0 1.0 1.0 1 0 0 0.0 1.0 0
cell 6.620937774744648 39.204374711995335 0.0 1.0 1.0 1 0 0 0.0 1.0 0
cell 36.09457217938021 49.83460466263044 0.0 1.0 1.0 1 0 0 0.0 1.0 0
cell 16.02071808967536 14.322496046225796 0.0 1.0 1.0 1 0 0 0.0 1.0 0
cell 48.48099212958919 22.63029812738692 0.0 1.0 1.0 1 0 0 0.0 1.0 0
cell 50.26188451708832 26.827625755604476 0.0 1.0 1.0 1 0 0 0.0 1.0 0
cell 25.653469615785326 3.536497672574717 0.0 1.0 1.0 1 0 0 0.0 1.0 0
cell 56.93326568035131 44.29448124093161 0.0 1.0 1.0 1 0 0 0.0 1.0 0
cell 58.35655963887393 27.526543168523016 0.0 1.6431676725154984 0.6085806194501846 1 0 0 0.5607914855864522 0.8279570699581832 1.1906828817927748
cell 48.540267428169045 33.50528597423475 0.0 1.0 1.0 1 0 0 0.0 1.0 0
cell 22.459983001712168 44.646424256995395 0.0 1.0 1.0 1 0 0 0.0 1.0 0
cell 30.047059863166236 34.24332373744294 0.0 1.0 1.0 1 0 0 0.0 1.0 0
cell 18.285013910340517 6.771916226370642 0.0 1.0 1.0 1 0 0 0.0 1.0 0
cell 54.675868473540234 19.571880010862134 0.0 1.6431676725154984 0.6085806194501846 1 0 0 0.6573426629084846 0.7535918149239562 1.4345741699430226
cell 53.409556568325804 38.367651813317906 0.0 1.0 1.0 1 0 0 0.0 1.0 0
cell 43.639923142725635 40.56989048481136 0.0 1.0 1.0 1 0 0 0.0 1.0 0
cell 10.142589197898351 52.681137816105704 0.0 1.0 1.0 1 0 0 0.0 1.0 0
cell 4.879434484141155 34.670176804887085 0.0 1.0 1.0 1 0 0 0.0 1.0 0
cell 42.87381154155814 33.32626974755151 0.0 1.6431676725154984 0.6085806194501846 1 0 0 0.8363792709381109 -0.5481511790966376 4.301896907812341
cell 2.502378336274094 49.770467505172064 0.0 1.0 1.0 1 0 0 0.0 1.0 0
cell 11.422298799195316 1.5297102417348034 0.0 1.6431676725154984 0.6085806194501846 1 0 0 0.9326496708767564 -0.3607833025702243 3.8798079037893136
cell 46.00027334587841 36.67338163000111 0.0 1.6431676725154984 0.6085806194501846 1 0 0 -0.8601440739962384 0.5100511464247028 4.212081157294893
cell 44.1065364567594 53.45264654020458 0.0 1.6431676725154984 0.6085806194501846 1 0 0 0.16739648596100265 -0.9858896573592341 5.946808712272823
cell 48.21036428297666 42.594832294207 0.0 1.0 1.0 1 0 0 0.0 1.0 0
cell 32.075509665420086 10.040296091438417 0.0 1.6431676725154984 0.6085806194501846 1 0 0 0.5629362674749858 -0.8265003077805423 5.087316965269404
cell 14.788060504249348 25.469394884487766 0.0 1.0 1.0 1 0 0 0.0 1.0 0
cell 10.553916919274268 12.3216214873884 0.0 1.6431676725154984 0.6085806194501846 1 0 0 0.07716811954493855 0.9970180947835892 0.1544898276455778
cell 28.59671052672705 53.81978947002251 0.0 1.0 1.0 1 0 0 0.0 1.0 0
cell 32.01311025003685 27.569894222397206 0.0 1.6431676725154984 0.6085806194501846 1 0 0 0.4938810097710976 0.8695294981698326 1.033094937978189
cell 12.449233461615117 8.834029180384048 0.0 1.6431676725154984 0.6085806194501846 1 0 0 0.6732528354032149 -0.7394123474905809 4.805986821297073
cell 50.60138478438281 58.388019430294165 0.0 1.0 1.0 1 0 0 0.0 1.0 0
cell 13.49733750179337 47.3025913939987 0.0 1.6431676725154984 0.6085806194501846 1 0 0 0.8840339434685812 -0.46742270676058234 4.114338944121149
cell 42.10735133596977 18.281921217366303 0.0 1.0 1.0 1 0 0 0.0 1.0 0
cell 4.367062502565953 41.5733114667843 0.0 1.0 1.0 1 0 0 0.0 1.0 0
cell 4.3978285933752534 36.49586267905367 0.0 1.0 1.0 1 0 0 0.0 1.0 0
cell 7.336305274856218 48.34093980851982 0.0 1.0 1.0 1 0 0 0.0 1.0 0
cell 5.915847459710458 57.577214227562955 0.0 1.6431676725154984 0.6085806194501846 1 0 0 0.9780902202189001 0.2081814619800321 2.722162020914164
cell 21.9916410741386 29.887370565249665 0.0 1.0 1.0 1 0 0 0.0 1.0 0
cell 25.29425789753516 0.6663679733705592 0.0 1.6431676725154984 0.6085806194501846 1 0 0 0.8456896414176182 -0.5336750232106993 4.267473113642043
cell 13.625843088172415 8.927939973668167 0.0 1.6431676725154984 0.6085806194501846 1 0 0 0.7680550987521347 -0.6403837640671792 4.531588290711416
cell 55.491623973105725 47.59998195412555 0.0 1.6431676725154984 0.6085806194501846 1 0 0 0.9971716803658512 0.07515743393932932 2.9911359123621746
cell 9.590833706895195 19.164336372804964 0.0 1.0 1.0 1 0 0 0.0 1.0 0
cell 1.0811511067647337 26.599525623807725 0.0 1.0 1.0 1 0 0 0.0 1.0 0
cell 46.57261979955539 43.11810546588105 0.0 1.0 1.0 1 0 0 0.0 1.0 0
cell 30.221489253545432 2.194392052580169 0.0 1.6431676725154984 0.6085806194501846 1 0 0 0.9306300139020802 -0.3659614422649112 3.8909240586137894
cell 18.04445319532189 38.44208387304083 0.0 1.0 1.0 1 0 0 0.0 1.0 0
cell 8.69377166948348 33.5324216677691 0.0 1.0 1.0 1 0 0 0.0 1.0 0
cell 45.41831195454671 15.212619413350746 0.0 1.0 1.0 1 0 0 0.0 1.0 0
cell 48.830535944209245 0.10088982112902808 0.0 1.0 1.0 1 0 0 0.0 1.0 0
cell 16.01032850738125 23.869150055761963 0.0 1.0 1.0 1 0 0 0.0 1.0 0
cell 47.10780170865948 56.858446784998236 0.0 1.6431676725154984 0.6085806194501846 1 0 0 0.5379221632306839 -0.842994511432442 5.147244632947613
cell 33.15251200780779 5.409506279929389 0.0 1.6431676725154984 0.6085806194501846 1 0 0 0.679440135773635 -0.7337309465327904 4.789186652532982
cell 26.793395300455206 50.479340659602826 0.0 1.0 1.0 1 0 0 0.0 1.0 0
cell 22.2066245932601 58.59843210989547 0.0 1.0 1.0 1 0 0 0.0 1.0 0
cell 14.320952598421835 28.876371461435394 0.0 1.0 1.0 1 0 0 0.0 1.0 0
cell 41.75123717686862 58.06511739791716 0.0 1.6431676725154984 0.6085806194501846 1 0 0 0.3518725683692957 -0.9360479131055179 5.564043590849478
cell 41.039481799052005 53.98766036006882 0.0 1.0 1.0 1 0 0 0.0 1.0 0
cell 59.017797742555665 47.81199331785667 0.0 1.6431676725154984 0.6085806194501846 1 0 0 0.9137704258989069 0.4062309795578501 2.3049415115755982
cell 20.764871744952035 0.5136362370112426 0.0 1.0 1.0 1 0 0 0.0 1.0 0
cell 56.92910635012806 10.664849438063094 0.0 1.6431676725154984 0.6085806194501846 1 0 0 0.9974348865192867 0.07157965600823818 2.9983108092132853
cell 17.22523343839261 22.308448128319043 0.0 1.0 1.0 1 0 0 0.0 1.0 0
cell 11.688443922286059 35.02996517785238 0.0 1.0 1.0 1 0 0 0.0 1.0 0
cell 45.14329591422883 41.87149191224534 0.0 1.0 1.0 1 0 0 0.0 1.0 0
cell 29.303578193972214 47.379945395219366 0.0 1.0 1.0 1 0 0 0.0 1.0 0
cell 48.66500509985435 30.216037162143774 0.0 1.0 1.0 1 0 0 0.0 1.0 0
cell 23.611407389002387 58.374991658338864 0.0 1.6431676725154984 0.6085806194501846 1 0 0 0.8362292518552085 -0.5483800127116947 4.302444157477785
cell 0.8643101762949522 13.726326277993005 0.0 1.0 1.0 1 0 0 0.0 1.0 0
cell 17.598710504562327 35.72455139786527 0.0 1.0 1.0 1 0 0 0.0 1.0 0
cell 18.074030925371254 14.163763834579868 0.0 1.0 1.0 1 0 0 0.0 1.0 0
cell 1.6159025635643949 33.053722186867425 0.0 1.0 1.0 1 0 0 0.0 1.0 0
cell 31.13967011945373 47.46794283564691 0.0 1.0 1.0 1 0 0 0.0 1.0 0
cell 34.65245559885793 36.279054357337806 0.0 1.0 1.0 1 0 0 0.0 1.0 0
cell 58.725582007509914 35.350150707953595 0.0 1.0 1.0 1 0 0 0.0 1.0 0
cell 48.123203684462005 17.368011938331335 0.0 1.0 1.0 1 0 0 0.0 1.0 0
cell 32.565406832800164 20.50521444624776 0.0 1.6431676725154984 0.6085806194501846 1 0 0 0.7145797658776392 0.6995539708973557 1.5920464096648355
cell 47.427309222797625 4.775715423442092 0.0 1.6431676725154984 0.6085806194501846 1 0 0 0.5287426390646225 -0.8487821991741923 5.168948286922655
cell 26.646669082527783 15.746071302176029 0.0 1.6431676725154984 0.6085806194501846 1 0 0 0.16379169218373463 -0.9864949475651604 5.954119233262798
cell 30.604674931397845 39.88483850470051 0.0 1.0 1.0 1 0 0 0.0 1.0 0
cell 28.40628193762385 33.07422861899102 0.0 1.0 1.0 1 0 0 0.0 1.0 0
cell 43.61043459717618 49.65313423993154 0.0 1.0 1.0 1 0 0 0.0 1.0 0
cell 3.4331029828631605 22.211499858856296 0.0 1.0 1.0 1 0 0 0.0 1.0 0
cell 51.9527670793205 32.419981287366866 0.0 1.0 1.0 1 0 0 0.0 1.0 0
cell 37.860760658886846 50.82299260328981 0.0 1.0 1.0 1 0 0 0.0 1.0 0
cell 48.80115914505 28.019218587008144 0.0 1.0 1.0 1 0 0 0.0 1.0 0
cell 45.23651819503389 33.02790892541605 0.0 1.0 1.0 1 0 0 0.0 1.0 0
cell 35.99770990880076 17.564728190143196 0.0 1.6431676725154984 0.6085806194501846 1 0 0 0.6914549249128656 -0.7224196057789014 4.756183151691526
cell 37.1804533916093 41.086964913808266 0.0 1.0 1.0 1 0 0 0.0 1.0 0
cell 3.0702016439199724 26.721762706803567 0.0 1.0 1.0 1 0 0 0.0 1.0 0
cell 6.283402062660687 25.38812901537976 0.0 1.0 1.0 1 0 0 0.0 1.0 0
cell 9.785932027182607 35.16901296674958 0.0 1.0 1.0 1 0 0 0.0 1.0 0
cell 3.64780590766165 46.594206892955846 0.0 1.6431676725154984 0.6085806194501846 1 0 0 0.920297519073944 0.391219217813164 2.337680596448204
cell 31.807098531126798 5.720312885250683 0.0 1.6431676725154984 0.6085806194501846 1 0 0 0.6106796450974411 -0.7918777500748859 4.9693481523588
cell 45.04056606424495 25.809881853581818 0.0 1.0 1.0 1 0 0 0.0 1.0 0
cell 55.772295834698696 26.37383796919191 0.0 1.6431676725154984 0.6085806194501846 1 0 0 0.43466393813305265 0.9005927275337425 0.899330173668891
cell 43.07118411260424 44.23391471439962 0.0 1.0 1.0 1 0 0 0.0 1.0 0
cell 1.0767130155275029 15.697366133570913 0.0 1.0 1.0 1 0 0 0.0 1.0 0
cell 47.43851095937465 15.490834387013333 0.0 1.0 1.0 1 0 0 0.0 1.0 0
cell 18.186409296827737 29.231009063335605 0.0 1.0 1.0 1 0 0 0.0 1.0 0
cell 38.569912619335064 14.221379543892397 0.0 1.6431676725154984 0.6085806194501846 1 0 0 0.4551751072395538 0.8904019439272697 0.9451377302730467
cell 46.690469599932094 55.58536199502246 0.0 1.6431676725154984 0.6085806194501846 1 0 0 0.5059215729345278 -0.8625794815780475 5.222285261395277
cell 49.64513069202971 16.047764185682585 0.0 1.0 1.0 1 0 0 0.0 1.0 0
cell 53.375942911729126 8.720914240536416 0.0 1.6431676725154984 0.6085806194501846 1 0 0 0.9609878662816448 0.2765905292294941 2.581103839079423
cell 0.4878083030171537 52.13006427578269 0.0 1.0 1.0 1 0 0 0.0 1.0 0
cell 30.830511461507786 50.5218403783786 0.0 1.0 1.0 1 0 0 0.0 1.0 0
cell 52.37890958357833 57.52105300410214 0.0 1.0 1.0 1 0 0 0.0 1.0 0
cell 4.646303554301114 48.77765554224106 0.0 1.6431676725154984 0.6085806194501846 1 0 0 0.9933589874928367 0.11505616874903493 2.9109695661045505
cell 6.147388459319371 23.696714024198062 0.0 1.0 1.0 1 0 0 0.0 1.0 0
cell 42.10977205106498 23.546828373297686 0.0 1.6431676725154984 0.6085806194501846 1 0 0 0.7539732089710625 -0.6569051683111335 4.575006025615285
cell 25.604231708620514 52.02020688792437 0.0 1.0 1.0 1 0 0 0.0 1.0 0
cell 42.99103491259465 56.13727715665557 0.0 1.6431676725154984 0.6085806194501846 1 0 0 0.2221740031258091 -0.9750070319413358 5.835098033387852
cell 58.30596606012167 0.8624325718845853 0.0 1.6431676725154984 0.6085806194501846 1 0 0 0.9283357483476966 -0.37174283898916205 3.9033640469175253
cell 13.110620385403095 30.435654201362404 0.0 1.0 1.0 1 0 0 0.0 1.0 0
cell 56.6602328505056 42.48103119978991 0.0 1.0 1.0 1 0 0 0.0 1.0 0
cell 26.343279877418194 42.98029633333297 0.0 1.0 1.0 1 0 0 0.0 1.0 0
cell 52.07981566163197 20.963119503493665 0.0 1.6431676725154984 0.6085806194501846 1 0 0 -0.6534419723978515 -0.7569766104106556 1.4242451261865643
cell 14.088675541601118 17.810690912630946 0.0 1.0 1.0 1 0 0 0.0 1.0 0
cell 58.618143087703956 30.822292987960143 0.0 1.0 1.0 1 0 0 0.0 1.0 0
cell 39.74264180425238 32.129776204252956 0.0 1.0 1.0 1 0 0 0.0 1.0 0
cell 25.635238171105936 10.889841839569955 0.0 1.6431676725154984 0.6085806194501846 1 0 0 0.6204461755754442 0.7842490313757519 1.3386229920864265
cell 27.009322259234356 47.415700712183764 0.0 1.0 1.0 1 0 0 0.0 1.0 0
cell 50.04135580934028 55.31146682945128 0.0 1.0 1.0 1 0 0 0.0 1.0 0
cell 10.602045571776145 28.451559419739404 0.0 1.0 1.0 1 0 0 0.0 1.0 0
cell 31.797767266681785 31.299930078722255 0.0 1.0 1.0 1 0 0 0.0 1.0 0
cell 24.25466634678134 44.06184730515762 0.0 1.0 1.0 1 0 0 0.0 1.0 0
cell 26.79969436830598 5.152845905812235 0.0 1.0 1.0 1 0 0 0.0 1.0 0
cell 21.912815142042067 37.91291700177456 0.0 1.0 1.0 1 0 0 0.0 1.0 0
cell 53.640735168485136 5.889697430280148 0.0 1.6431676725154984 0.6085806194501846 1 0 0 0.9252040535396694 0.37946997155738776 2.36314595003304
cell 52.00355611449895 35.4879276098928 0.0 1.0 1.0 1 0 0 0.0 1.0 0
cell 36.22635366505441 6.845312053554511 0.0 1.6431676725154984 0.6085806194501846 1 0 0 0.5713943304075296 -0.8206756479743571 5.0667775965005415
cell 3.301744393626162 24.684544539069055 0.0 1.0 1.0 1 0 0 0.0 1.0 0
cell 44.32513235695449 20.528291680705387 0.0 1.0 1.0 1 0 0 0.0 1.0 0
cell 27.519585273638693 9.970892535649515 0.0 1.6431676725154984 0.6085806194501846 1 0 0 0.6067619535375129 0.7948835963456164 1.303961230862374
cell 28.500240194748176 13.833170023046973 0.0 1.6431676725154984 0.6085806194501846 1 0 0 0.3125070422715515 -0.9499154428319853 5.647523072187332
cell 39.01136865153016 26.937406986689687 0.0 1.6431676725154984 0.6085806194501846 1 0 0 0.3839252110179361 -0.9233641926915042 5.495098211187371
cell 37.7385744701771 53.09338621671121 0.0 1.0 1.0 1 0 0 0.0 1.0 0
cell 45.14552577326435 57.14958922117471 0.0 1.6431676725154984 0.6085806194501846 1 0 0 0.6109113966736331 -0.791698973988391 4.968762764682874
cell 55.61654340096306 52.58473624470842 0.0 1.0 1.0 1 0 0 0.0 1.0 0
cell 55.162709336919946 38.03258688144917 0.0 1.0 1.0 1 0 0 0.0 1.0 0
cell 38.813918049371786 44.07807391484047 0.0 1.0 1.0 1 0 0 0.0 1.0 0
cell 5.917816714519477 49.88994235246025 0.0 1.0 1.0 1 0 0 0.0 1.0 0
cell 17.07282513694522 3.344434800710121 0.0 1.0 1.0 1 0 0 0.0 1.0 0
cell 13.916404828205215 14.244074624729523 0.0 1.6431676725154984 0.6085806194501846 1 0 0 0.4575687955875082 -0.8891742221323092 5.332667224101184
cell 36.77144704087361 34.13535726766288 0.0 1.0 1.0 1 0 0 0.0 1.0 0
cell 48.58435499326563 49.73225262397356 0.0 1.0 1.0 1 0 0 0.0 1.0 0
cell 24.359658498289768 15.191025482571252 0.0 1.6431676725154984 0.6085806194501846 1 0 0 -0.037738247593453185 0.9992876586191662 6.207690885207645
cell 20.738962640022454 45.19105787997435 0.0 1.0 1.0 1 0 0 0.0 1.0 0
cell 6.479062706294245 20.545981109673605 0.0 1.0 1.0 1 0 0 0.0 1.0 0
cell 44.45667708038811 35.553909503000554 0.0 1.6431676725154984 0.6085806194501846 1 0 0 0.8756346683600258 -0.4829740444020027 4.149688629127853
cell 4.545080263040497 23.84291270420242 0.0 1.0 1.0 1 0 0 0.0 1.0 0
cell 37.0625574607096 39.10440244119412 0.0 1.0 1.0 1 0 0 0.0 1.0 0
cell 33.11229032280435 47.13273476911931 0.0 1.0 1.0 1 0 0 0.0 1.0 0
cell 36.23294726245844 51.829094458007106 0.0 1.0 1.0 1 0 0 0.0 1.0 0
cell 16.024302673620014 43.718450443308875 0.0 1.0 1.0 1 0 0 0.0 1.0 0
cell 0.7887215020062789 19.91796885135397 0.0 1.0 1.0 1 0 0 0.0 1.0 0
cell 40.42789655172277 39.59750435015153 0.0 1.0 1.0 1 0 0 0.0 1.0 0
cell 22.887099503250774 34.26737006833943 0.0 1.0 1.0 1 0 0 0.0 1.0 0
cell 46.03803536200819 2.515346751076233 0.0 1.6431676725154984 0.6085806194501846 1 0 0 -0.4419290131841408 0.8970500249741323 5.367689439882927
cell 56.74586520183479 17.176218392482227 0.0 1.6431676725154984 0.6085806194501846 1 0 0 0.7822176924357832 0.6230052019369008 1.7964351490337493
cell 38.782715582568926 42.13092821665195 0.0 1.0 1.0 1 0 0 0.0 1.0 0
cell 28.076781985709207 42.699438573026676 0.0 1.0 1.0 1 0 0 0.0 1.0 0
cell 29.084862385624714 57.25109583754568 0.0 1.0 1.0 1 0 0 0.0 1.0 0
cell 28.1566530523095 36.835685023065395 0.0 1.0 1.0 1 0 0 0.0 1.0 0
cell 26.924531603618586 30.00095409750195 0.0 1.0 1.0 1 0 0 0.0 1.0 0
cell 8.787452893904204 4.049410315075825 0.0 1.6431676725154984 0.6085806194501846 1 0 0 0.6077873183968152 -0.794099852409008 4.976642892182707
cell 43.775946686888766 24.239452271445636 0.0 1.0 1.0 1 0 0 0.0 1.0 0
cell 40.50397669071751 17.268497896285535 0.0 1.6431676725154984 0.6085806194501846 1 0 0 0.824707125951265 -0.5655600378432022 4.343816994404404
cell 11.510915229349933 7.521722173914152 0.0 1.6431676725154984 0.6085806194501846 1 0 0 0.6509996627334678 -0.7590780191264342 4.865384032036484
cell 58.184222335331526 38.824808721529905 0.0 1.0 1.0 1 0 0 0.0 1.0 0
cell 28.92518931950597 3.0342249367358214 0.0 1.6431676725154984 0.6085806194501846 1 0 0 0.9352182616722184 -0.3540717484279055 3.865435313218647
cell 33.78100391901052 39.73362715432762 0.0 1.0 1.0 1 0 0 0.0 1.0 0
cell 56.665539404428635 22.045835305554267 0.0 1.6431676725154984 0.6085806194501846 1 0 0 0.6218867702543904 0.7831071733693691 1.3422994869863578
cell 40.58579004614043 15.148330269246081 0.0 1.0 1.0 1 0 0 0.0 1.0 0
cell 10.770437834991686 17.57079135385766 0.0 1.0 1.0 1 0 0 0.0 1.0 0
cell 56.91028433918138 35.89361871986034 0.0 1.0 1.0 1 0 0 0.0 1.0 0
cell 32.604457782292044 16.563917339071434 0.0 1.6431676725154984 0.6085806194501846 1 0 0 0.8498618398301238 0.5270055532919526 2.0314461552485787
cell 39.71610969505351 45.68166860952849 0.0 1.0 1.0 1 0 0 0.0 1.0 0
cell 25.57837205068054 58.1398754473819 0.0 1.6431676725154984 0.6085806194501846 1 0 0 0.8656443297376387 -0.5006594595062338 4.1903134963508
cell 51.50353403861985 25.56778238014181 0.0 1.0 1.0 1 0 0 0.0 1.0 0
cell 7.254743456778422 22.367835716151475 0.0 1.0 1.0 1 0 0 0.0 1.0 0
cell 56.71563471720584 28.079119274059714 0.0 1.0 1.0 1 0 0 0.0 1.0 0
cell 17.00693996603502 30.8001390541807 0.0 1.0 1.0 1 0 0 0.0 1.0 0
cell 27.62884558930042 38.3201535508347 0.0 1.0 1.0 1 0 0 0.0 1.0 0
cell 13.573573284217229 20.50380165148011 0.0 1.6431676725154984 0.6085806194501846 1 0 0 0.759678178221365 -0.6502992123125078 4.557549128698446
cell 42.440906348028975 5.329857104766049 0.0 1.6431676725154984 0.6085806194501846 1 0 0 -0.4555495612008993 0.8902104230403439 5.337206396731062
cell 50.57808134970612 4.662192157929251 0.0 1.6431676725154984 0.6085806194501846 1 0 0 0.8347342729392118 0.5506529701914314 1.9753000828105
cell 48.464864862899944 52.2247976058727 0.0 1.6431676725154984 0.6085806194501846 1 0 0 0.20268617825860652 -0.9792437455214714 5.874984785214287
cell 5.353451735439587 53.35096806446349 0.0 1.0 1.0 1 0 0 0.0 1.0 0
cell 58.86763362873881 32.30083769845044 0.0 1.0 1.0 1 0 0 0.0 1.0 0
cell 35.371484237706916 5.618907285947441 0.0 1.6431676725154984 0.6085806194501846 1 0 0 0.7606589189671252 0.6491517611435437 1.728655116723755
cell 30.003819847259408 49.0059750154186 0.0 1.0 1.0 1 0 0 0.0 1.0 0
cell 38.2979592266227 25.44943439764106 0.0 1.0 1.0 1 0 0 0.0 1.0 0
cell 50.77237804148005 52.36831280905694 0.0 1.6431676725154984 0.6085806194501846 1 0 0 0.5558623916970271 -0.8312743238527586 5.104385227045341
cell 24.321955623539225 2.00989975567717 0.0 1.0 1.0 1 0 0 0.0 1.0 0
cell 26.1863130818628 26.30951674826841 0.0 1.0 1.0 1 0 0 0.0 1.0 0
cell 18.478543292302145 56.49398856754758 0.0 1.0 1.0 1 0 0 0.0 1.0 0
cell 23.19845181114187 8.282510873264146 0.0 1.6431676725154984 0.6085806194501846 1 0 0 0.8942620124521115 -0.44754380018619366 4.069626299892638
cell 15.67149647620129 51.76797966798452 0.0 1.0 1.0 1 0 0 0.0 1.0 0
cell 39.956979698941616 34.46018571570257 0.0 1.0 1.0 1 0 0 0.0 1.0 0
cell 0.9465428731413639 57.820590639441086 0.0 1.6431676725154984 0.6085806194501846 1 0 0 0.9876358899103175 0.15676526707486987 2.8267635194033316
cell 52.91269871900498 51.22209372798653 0.0 1.0 1.0 1 0 0 0.0 1.0 0
cell 3.6922249351057954 51.016024764919976 0.0 1.6431676725154984 0.6085806194501846 1 0 0 0.8063784563559514 0.5913998521516496 1.8760052293804803
cell 50.14365329781552 32.98943766130184 0.0 1.0 1.0 1 0 0 0.0 1.0 0
cell 23.823956112202783 37.96636218287632 0.0 1.0 1.0 1 0 0 0.0 1.0 0
cell 55.808146722739224 23.76889349221024 0.0 1.6431676725154984 0.6085806194501846 1 0 0 0.47284902797126716 0.8811434597990431 0.9850426276762295
cell 18.951397573802268 31.062350848120932 0.0 1.0 1.0 1 0 0 0.0 1.0 0
cell 52.30987939278012 49.811982548650434 0.0 1.0 1.0 1 0 0 0.0 1.0 0
cell 6.009849071838614 29.064340277667277 0.0 1.0 1.0 1 0 0 0.0 1.0 0
cell 34.536173430439085 19.317890387854852 0.0 1.6431676725154984 0.6085806194501846 1 0 0 0.4012734855606013 -0.915958290418317 5.457371797700144
cell 58.83493292549894 29.189042156153366 0.0 1.6431676725154984 0.6085806194501846 1 0 0 0.15739408360725157 0.9875358740042984 0.31610257586404256
cell 2.326804122230517 56.035953192223765 0.0 1.0 1.0 1 0 0 0.0 1.0 0
cell 21.43268376233003 19.25825030604163 0.0 1.0 1.0 1 0 0 0.0 1.0 0
cell 58.815438981661444 3.9503065927707257 0.0 1.6431676725154984 0.6085806194501846 1 0 0 0.9588248940019617 -0.2839979271792788 3.7175149756688866
cell 4.280475702740535 31.154262211180573 0.0 1.6431676725154984 0.6085806194501846 1 0 0 0.41721922433402225 0.9088058752264516 0.8607667011538118
cell 3.679040390243509 3.882178998325032 0.0 1.6431676725154984 0.6085806194501846 1 0 0 0.9914521659545528 -0.130470696418874 3.4032800924568534
cell 56.808672134456714 37.61711289929833 0.0 1.0 1.0 1 0 0 0.0 1.0 0
cell 13.626174587743693 27.078755237594432 0.0 1.0 1.0 1 0 0 0.0 1.0 0
cell 51.88470856965887 8.30972039331609 0.0 1.6431676725154984 0.6085806194501846 1 0 0 0.9335900572247408 0.35834285963460377 2.4086081173394005
cell 54.564711025498475 43.33471913344806 0.0 1.6431676725154984 0.6085806194501846 1 0 0 0.9033818649016845 -0.4288370391731045 4.028002736875447
cell 38.95581039773982 1.9111228692858084 0.0 1.6431676725154984 0.6085806194501846 1 0 0 0.7776590344761499 -0.6286862700088353 4.501318086126149
cell 18.1300714021265 17.72526908347742 0.0 1.0 1.0 1 0 0 0.0 1.0 0
cell 13.753142935258815 52.22439912954393 0.0 1.0 1.0 1 0 0 0.0 1.0 0
cell 34.03441965252022 18.32711739167737 0.0 1.6431676725154984 0.6085806194501846 1 0 0 0.925402263281829 0.37898634686868155 2.364191282415839
cell 58.5569272481392 2.5373090757379146 0.0 1.6431676725154984 0.6085806194501846 1 0 0 0.9850965887775747 -0.17200206620499078 3.4873159841639727
cell 20.124030976968022 55.71637718770369 0.0 1.0 1.0 1 0 0 0.0 1.0 0
cell 41.70873480404876 42.92056186627162 0.0 1.0 1.0 1 0 0 0.0 1.0 0
cell 28.898666912262943 18.578126487976494 0.0 1.6431676725154984 0.6085806194501846 1 0 0 -0.3333440811242411 0.9428052415952276 5.603488688717895
cell 44.77913976740691 34.40056395265954 0.0 1.6431676725154984 0.6085806194501846 1 0 0 0.9181046775643497 -0.39633798838171125 3.9566421154841707
cell 51.939064637754385 23.6053403327972 0.0 1.0 1.0 1 0 0 0.0 1.0 0
cell 24.574643296902213 17.881506139877157 0.0 1.6431676725154984 0.6085806194501846 1 0 0 0.4391229380241618 -0.8984269838451137 5.373940865797185
cell 1.228754372346843 42.97328962274991 0.0 1.0 1.0 1 0 0 0.0 1.0 0
cell 4.986487973071439 39.661476338020556 0.0 1.0 1.0 1 0 0 0.0 1.0 0
cell 14.735730227283934 38.85905205881351 0.0 1.0 1.0 1 0 0 0.0 1.0 0
cell 8.315711284869332 52.174909043910006 0.0 1.0 1.0 1 0 0 0.0 1.0 0
cell 42.456201836051726 28.019738987637222 0.0 1.0 1.0 1 0 0 0.0 1.0 0
cell 26.87883087176704 2.0714334195330317 0.0 1.6431676725154984 0.6085806194501846 1 0 0 0.8026547621086181 -0.5964439058824875 4.419719376926291
cell 26.369325132283958 24.409181571069496 0.0 1.0 1.0 1 0 0 0.0 1.0 0
cell 42.21727345585987 16.30572824780533 0.0 1.0 1.0 1 0 0 0.0 1.0 0
cell 36.59879206149803 28.772242835524818 0.0 1.6431676725154984 0.6085806194501846 1 0 0 -0.8792257763969699 -0.4764053254521255 2.148469237929426
cell 54.44881867277736 16.969335893587424 0.0 1.6431676725154984 0.6085806194501846 1 0 0 0.5289735064285611 0.848638338455595 1.1147810630734216
cell 29.919718045211738 19.62435810764183 0.0 1.6431676725154984 0.6085806194501846 1 0 0 0.1692931969360516 -0.985565732699332 5.942960366731943
cell 42.68280511592071 20.233874374134313 0.0 1.0 1.0 1 0 0 0.0 1.0 0
cell 50.36747320310867 47.42044610537899 0.0 1.0 1.0 1 0 0 0.0 1.0 0
cell 47.74683874961312 27.04316562727554 0.0 1.6431676725154984 0.6085806194501846 1 0 0 0.8841278343304853 0.4672450883231261 2.169248177958157
cell 49.40302491742188 45.799154952369115 0.0 1.0 1.0 1 0 0 0.0 1.0 0
cell 23.538825733165137 41.107096194117695 0.0 1.0 1.0 1 0 0 0.0 1.0 0
cell 27.356837833653902 41.28606150012598 0.0 1.0 1.0 1 0 0 0.0 1.0 0
cell 30.837816435843887 4.915006520814081 0.0 1.6431676725154984 0.6085806194501846 1 0 0 0.563490523702014 -0.8261225270491236 5.085975446334615
cell 31.194420848869846 44.02939615516581 0.0 1.0 1.0 1 0 0 0.0 1.0 0
cell 15.80169167514432 45.58446583082504 0.0 1.6431676725154984 0.6085806194501846 1 0 0 0.9457201487178889 -0.3249821538315822 3.8035783687383207
cell 52.592854591615904 18.92106501598255 0.0 1.6431676725154984 0.6085806194501846 1 0 0 -0.6617626678904398 -0.7497133928285711 1.446334901490153
cell 47.45314729891379 29.0304082415084 0.0 1.0 1.0 1 0 0 0.0 1.0 0
cell 39.447987617800116 36.369727928349924 0.0 1.0 1.0 1 0 0 0.0 1.0 0
cell 9.390936925372197 48.918347851616936 0.0 1.0 1.0 1 0 0 0.0 1.0 0
cell 19.477619678519602 10.190774192584623 0.0 1.0 1.0 1 0 0 0.0 1.0 0
cell 58.320010553955555 18.668345814260338 0.0 1.0 1.0 1 0 0 0.0 1.0 0
cell 52.53242162260189 45.296450247763445 0.0 1.0 1.0 1 0 0 0.0 1.0 0
cell 47.00177039755388 25.587133924240824 0.0 1.0 1.0 1 0 0 0.0 1.0 0
cell 53.240201247965665 4.526884039830605 0.0 1.6431676725154984 0.6085806194501846 1 0 0 0.8876376406323181 0.46054252673633916 2.184380044355565
cell 50.05220443784929 42.693840411421945 0.0 1.0 1.0 1 0 0 0.0 1.0 0
cell 5.271568530891846 11.942053452273282 0.0 1.6431676725154984 0.6085806194501846 1 0 0 0.6028233621716811 -0.7978746731285749 4.989115303161735
cell 34.62519932838723 38.17637650558359 0.0 1.0 1.0 1 0 0 0.0 1.0 0
cell 14.518556425411985 37.00951970207138 0.0 1.0 1.0 1 0 0 0.0 1.0 0
cell 24.068449366585497 47.20463781217407 0.0 1.6431676725154984 0.6085806194501846 1 0 0 0.2501991811391298 -0.9681943863487894 5.7774133591736305
cell 5.640905945868823 44.621688128274535 0.0 1.0 1.0 1 0 0 0.0 1.0 0
cell 37.61695384132385 45.06296195208127 0.0 1.0 1.0 1 0 0 0.0 1.0 0
cell 1.4784979853787048 34.57646200949091 0.0 1.0 1.0 1 0 0 0.0 1.0 0
cell 47.585397554965844 7.0293222130012065 0.0 1.6431676725154984 0.6085806194501846 1 0 0 0.6055534304771152 -0.7958046511785399 4.9822630698591635
cell 44.30419446371878 12.892879584093304 0.0 1.0 1.0 1 0 0 0.0 1.0 0
cell 40.540394738380556 52.0461134438544 0.0 1.0 1.0 1 0 0 0.0 1.0 0
cell 58.88452650571448 33.82051844521179 0.0 1.0 1.0 1 0 0 0.0 1.0 0
cell 7.016715204476909 0.04043434805958893 0.0 1.6431676725154984 0.6085806194501846 1 0 0 0.9963418465087884 -0.08545715239497434 3.312715674070896
cell 54.228184515092565 26.142942534942133 0.0 1.0 1.0 1 0 0 0.0 1.0 0
cell 22.289134527866974 46.504364793851295 0.0 1.0 1.0 1 0 0 0.0 1.0 0
cell 57.17957799792281 32.87229079590544 0.0 1.0 1.0 1 0 0 0.0 1.0 0
cell 16.121689259479115 10.234455168010658 0.0 1.0 1.0 1 0 0 0.0 1.0 0
cell 9.164218902858101 13.295738544041637 0.0 1.6431676725154984 0.6085806194501846 1 0 0 0.9351777431172504 -0.35417875257858994 3.8656641506419387
cell 57.32102717951886 24.82412892825208 0.0 1.6431676725154984 0.6085806194501846 1 0 0 0.548793530713593 0.8359579299503705 1.1618406706462792
cell 27.1935344274299 18.50847956765597 0.0 1.6431676725154984 0.6085806194501846 1 0 0 0.32567381813352136 -0.9454821860735051 5.619736682942218
cell 27.882509588205302 55.6008439772829 0.0 1.0 1.0 1 0 0 0.0 1.0 0
cell 0.09485232824364537 55.683474060549635 0.0 1.0 1.0 1 0 0 0.0 1.0 0
cell 52.0033424568691 52.43050782372891 0.0 1.0 1.0 1 0 0 0.0 1.0 0
cell 3.794874105023728 18.67304047498027 0.0 1.0 1.0 1 0 0 0.0 1.0 0
cell 53.60016492384813 35.101317589525834 0.0 1.0 1.0 1 0 0 0.0 1.0 0
cell 35.61433139414597 53.73122494382072 0.0 1.0 1.0 1 0 0 0.0 1.0 0
cell 25.015585734686944 54.235114592605726 0.0 1.6431676725154984 0.6085806194501846 1 0 0 0.932512965201631 -0.3611364973674937 3.8805653600801824
cell 34.451866703872184 45.6746791770297 0.0 1.0 1.0 1 0 0 0.0 1.0 0
cell 18.550369193246258 20.92284943817889 0.0 1.6431676725154984 0.6085806194501846 1 0 0 -0.021334300029922787 -0.9997723979197631 0.04267183750863257
cell 20.200414086879363 17.66919143306352 0.0 1.0 1.0 1 0 0 0.0 1.0 0
cell 8.933603107690878 36.77152361751769 0.0 1.0 1.0 1 0 0 0.0 1.0 0
cell 0.6483673691298001 48.98545752982028 0.0 1.6431676725154984 0.6085806194501846 1 0 0 0.9817153340048694 0.19035493946758397 2.7585452852686316
cell 9.885997378880413 1.8196874292337295 0.0 1.6431676725154984 0.6085806194501846 1 0 0 0.7432468474365367 -0.6690172821203123 4.6073642605901295
cell 15.544535269031497 27.25435662392136 0.0 1.0 1.0 1 0 0 0.0 1.0 0
cell 43.06621737125003 35.839370985028104 0.0 1.0 1.0 1 0 0 0.0 1.0 0
cell 12.538509610697997 5.78667485360506 0.0 1.6431676725154984 0.6085806194501846 1 0 0 0.8630675947980097 -0.5050884346424679 4.200561509065881
cell 0.8152898263043854 37.973829442938005 0.0 1.0 1.0 1 0 0 0.0 1.0 0
cell 4.515868465110798 29.63391836358843 0.0 1.0 1.0 1 0 0 0.0 1.0 0
cell 56.24149979310524 56.37724323592124 0.0 1.6431676725154984 0.6085806194501846 1 0 0 0.9997205220038091 0.023640598224905777 3.0943070519628373
cell 16.26792102687595 29.03997536712144 0.0 1.0 1.0 1 0 0 0.0 1.0 0
cell 8.051772334892473 26.28647267575004 0.0 1.0 1.0 1 0 0 0.0 1.0 0
cell 53.66635751068366 30.129174068370627 0.0 1.0 1.0 1 0 0 0.0 1.0 0
cell 11.954472153256107 55.19258794211178 0.0 1.0 1.0 1 0 0 0.0 1.0 0
cell 19.627606166505867 8.264045184759832 0.0 1.0 1.0 1 0 0 0.0 1.0 0
cell 21.726571459677857 32.835972899587595 0.0 1.0 1.0 1 0 0 0.0 1.0 0
cell 23.957856523924804 13.572454905397937 0.0 1.0 1.0 1 0 0 0.0 1.0 0
cell 13.3483816224158 4.03618079493693 0.0 1.6431676725154984 0.6085806194501846 1 0 0 0.9003375959123656 -0.43519215685343166 4.04209604023279
cell 43.04844513697538 26.13173741116893 0.0 1.0 1.0 1 0 0 0.0 1.0 0
cell 57.12719914747321 48.42765540902816 0.0 1.6431676725154984 0.6085806194501846 1 0 0 0.9185809973838058 0.3952327810865041 2.3289501515293964
cell 18.818663261268703 45.73950516121127 0.0 1.0 1.0 1 0 0 0.0 1.0 0
cell 5.793583308918483 55.24214851953273 0.0 1.0 1.0 1 0 0 0.0 1.0 0
cell 23.50202829284284 52.145470031946196 0.0 1.6431676725154984 0.6085806194501846 1 0 0 0.9564899639384936 -0.2917652290540103 3.7337363489070845
cell 47.69736866585319 38.47530595650489 0.0 1.6431676725154984 0.6085806194501846 1 0 0 0.8816807085541277 -0.4718465091144484 4.124360479804282
cell 48.013071986157165 44.455672859049976 0.0 1.0 1.0 1 0 0 0.0 1.0 0
cell 37.1548811638872 55.02949458379602 0.0 1.0 1.0 1 0 0 0.0 1.0 0
cell 16.552661286127325 5.280396057926116 0.0 1.0 1.0 1 0 0 0.0 1.0 0
cell 54.93766047270966 14.682485953109248 0.0 1.6431676725154984 0.6085806194501846 1 0 0 0.6955748945311943 0.7184535935590538 1.5384395488467528
cell 57.56232064330651 52.99256622451308 0.0 1.0 1.0 1 0 0 0.0 1.0 0
cell 17.445177107840614 44.78414503434106 0.0 1.0 1.0 1 0 0 0.0 1.0 0
cell 38.11880860714944 35.324736518518144 0.0 1.0 1.0 1 0 0 0.0 1.0 0
cell 50.71866813191864 37.310983294971386 0.0 1.6431676725154984 0.6085806194501846 1 0 0 0.9542183626783822 -0.29911087631075434 3.749114124709785
cell 2.4767279904838944 6.722058278074623 0.0 1.6431676725154984 0.6085806194501846 1 0 0 0.02249085910294022 -0.9997470486362097 6.238199795860925
cell 42.84690561598787 46.208767317381515 0.0 1.0 1.0 1 0 0 0.0 1.0 0
cell 15.882667597609915 32.3078789180486 0.0 1.0 1.0 1 0 0 0.0 1.0 0
cell 50.189542894140246 31.530036622178553 0.0 1.0 1.0 1 0 0 0.0 1.0 0
cell 14.64357002991802 42.50884205457639 0.0 1.0 1.0 1 0 0 0.0 1.0 0
cell 3.2978337691899005 33.81074145730847 0.0 1.0 1.0 1 0 0 0.0 1.0 0
cell 38.56354871953622 20.03641830943678 0.0 1.0 1.0 1 0 0 0.0 1.0 0
cell 48.75707731871603 24.61376798605221 0.0 1.0 1.0 1 0 0 0.0 1.0 0
cell 32.140254531055646 48.94628605069762 0.0 1.0 1.0 1 0 0 0.0 1.0 0
cell 30.8991092128929 58.75937951875247 0.0 1.0 1.0 1 0 0 0.0 1.0 0
cell 36.74015765114833 48.12263824769528 0.0 1.0 1.0 1 0 0 0.0 1.0 0
cell 28.568709581994742 31.108962499243894 0.0 1.0 1.0 1 0 0 0.0 1.0 0
cell 47.34494399937591 36.643005096905554 0.0 1.6431676725154984 0.6085806194501846 1 0 0 0.9372678053156765 -0.348610185047332 3.853768368424682
cell 56.644241315426214 8.742859465715481 0.0 1.6431676725154984 0.6085806194501846 1 0 0 0.48416252479276933 -0.8749780852034473 5.272373756296246
cell 2.0094769980123375 41.14226659086668 0.0 1.0 1.0 1 0 0 0.0 1.0 0
cell 34.08867787563616 49.177574801371975 0.0 1.0 1.0 1 0 0 0.0 1.0 0
cell 3.2048313432643596 28.70926573778341 0.0 1.0 1.0 1 0 0 0.0 1.0 0
cell 0.7433479452054285 50.383567187828305 0.0 1.0 1.0 1 0 0 0.0 1.0 0
cell 32.94988390910138 44.79008165820934 0.0 1.0 1.0 1 0 0 0.0 1.0 0
cell 53.69434288422214 36.71309614216196 0.0 1.0 1.0 1 0 0 0.0 1.0 0
cell 51.942169375826495 4.420526651980187 0.0 1.6431676725154984 0.6085806194501846 1 0 0 0.8293881524661586 0.558672795604701 1.9560232238381627
cell 25.827957407284845 37.853746551096584 0.0 1.0 1.0 1 0 0 0.0 1.0 0
cell 6.203406086437285 27.106106826359873 0.0 1.0 1.0 1 0 0 0.0 1.0 0
cell 19.234786650546884 19.422021309623872 0.0 1.0 1.0 1 0 0 0.0 1.0 0
cell 55.72842427382977 12.322984038275862 0.0 1.0 1.0 1 0 0 0.0 1.0 0
cell 50.091890083814405 38.67619525034502 0.0 1.6431676725154984 0.6085806194501846 1 0 0 0.9178963850465418 -0.3968201435392245 3.957692561818322
cell 0.5812427578246333 24.816323394557077 0.0 1.0 1.0 1 0 0 0.0 1.0 0
cell 37.91290865778766 31.31331503118786 0.0 1.0 1.0 1 0 0 0.0 1.0 0
cell 46.87330072831075 41.41518322613986 0.0 1.0 1.0 1 0 0 0.0 1.0 0
cell 44.946833413470785 22.384768116229235 0.0 1.0 1.0 1 0 0 0.0 1.0 0
cell 39.423424374785014 30.173183755040455 0.0 1.0 1.0 1 0 0 0.0 1.0 0
cell 8.951014335800869 28.066707222014113 0.0 1.0 1.0 1 0 0 0.0 1.0 0
cell 2.1810288799828976 18.576153080344213 0.0 1.0 1.0 1 0 0 0.0 1.0 0
cell 40.66535412571075 28.642186839006612 0.0 1.0 1.0 1 0 0 0.0 1.0 0
cell 57.11591244456965 13.576142284950521 0.0 1.0 1.0 1 0 0 0.0 1.0 0
cell 8.993383903582032 43.8398402112123 0.0 1.0 1.0 1 0 0 0.0 1.0 0
cell 53.885728978149515 23.996358405859624 0.0 1.6431676725154984 0.6085806194501846 1 0 0 0.5742563822384805 0.8186755202510774 1.2233910806332353
cell 7.807910360359433 24.291735898777137 0.0 1.0 1.0 1 0 0 0.0 1.0 0
cell 40.67919471081798 37.89377369820839 0.0 1.0 1.0 1 0 0 0.0 1.0 0
cell 25.203810693526485 31.000141500297072 0.0 1.0 1.0 1 0 0 0.0 1.0 0
cell 58.33983741083236 14.906560199647119 0.0 1.0 1.0 1 0 0 0.0 1.0 0
cell 28.26668743435762 46.283762487589726 0.0 1.0 1.0 1 0 0 0.0 1.0 0
cell 50.1166344552601 23.26282628669542 0.0 1.0 1.0 1 0 0 0.0 1.0 0
cell 25.110591693332047 47.831815110420415 0.0 1.6431676725154984 0.6085806194501846 1 0 0 0.3848598569808643 -0.9229750215930379 5.493073348419227
cell 8.829153146710375 17.34017743915836 0.0 1.0 1.0 1 0 0 0.0 1.0 0
cell 27.21422028505189 12.327385689004108 0.0 1.6431676725154984 0.6085806194501846 1 0 0 0.6133585184020075 0.7898046137518406 1.3206118924149404
cell 24.691396903489444 36.474069001733874 0.0 1.0 1.0 1 0 0 0.0 1.0 0
cell 15.072928124598931 30.619379120405103 0.0 1.0 1.0 1 0 0 0.0 1.0 0
cell 24.818884376568043 34.769383959761036 0.0 1.0 1.0 1 0 0 0.0 1.0 0
cell 54.242863237768155 21.85388211532562 0.0 1.6431676725154984 0.6085806194501846 1 0 0 0.6278833025760872 0.7783074960105072 1.3576612046863745
cell 19.238003634510964 43.87067176469914 0.0 1.0 1.0 1 0 0 0.0 1.0 0
cell 12.644230131972101 36.45972815816652 0.0 1.0 1.0 1 0 0 0.0 1.0 0
cell 24.13863093707103 45.72526651820252 0.0 1.0 1.0 1 0 0 0.0 1.0 0
cell 21.41375557793155 48.21715573079448 0.0 1.0 1.0 1 0 0 0.0 1.0 0
cell 1.5502747228451563 21.76235998818791 0.0 1.0 1.0 1 0 0 0.0 1.0 0
cell 44.177185092245345 16.727513596742323 0.0 1.0 1.0 1 0 0 0.0 1.0 0
cell 4.588305799864081 2.622653301126041 0.0 1.6431676725154984 0.6085806194501846 1 0 0 0.979860587796996 -0.19968281969695187 3.5436610749665145
cell 49.29531009778814 10.530123728586949 0.0 1.6431676725154984 0.6085806194501846 1 0 0 0.8724782402808201 0.48865296503396316 2.120502321390448
cell 16.385228971290424 41.78049405036734 0.0 1.0 1.0 1 0 0 0.0 1.0 0
cell 40.29488593186644 41.52425144148051 0.0 1.0 1.0 1 0 0 0.0 1.0 0
cell 15.081903608876123 19.5911999179103 0.0 1.0 1.0 1 0 0 0.0 1.0 0
cell 41.153776313862366 30.591160058671207 0.0 1.0 1.0 1 0 0 0.0 1.0 0
cell 13.31878704123711 56.24778428097122 0.0 1.0 1.0 1 0 0 0.0 1.0 0
cell 21.9806714074411 5.289351246739057 0.0 1.0 1.0 1 0 0 0.0 1.0 0
cell 29.645496715259533 52.09325485706872 0.0 1.0 1.0 1 0 0 0.0 1.0 0
cell 53.130210556786444 39.76086586844844 0.0 1.6431676725154984 0.6085806194501846 1 0 0 0.9109572423521255 -0.41250079103707293 3.9919878450073423
cell 20.393418342251707 4.086097434667613 0.0 1.0 1.0 1 0 0 0.0 1.0 0
cell 11.537387535022585 3.1358682308106816 0.0 1.6431676725154984 0.6085806194501846 1 0 0 0.887103878947745 -0.4615698299887728 4.101120649321407
cell 23.732431392697436 56.471983191902034 0.0 1.6431676725154984 0.6085806194501846 1 0 0 0.872366658276435 -0.48885213871640737 4.163139584955617
cell 35.67389184383635 21.440573605090172 0.0 1.6431676725154984 0.6085806194501846 1 0 0 0.3569361223638426 -0.934128794413203 5.553213509176215
cell 53.26583131650963 11.222834001307595 0.0 1.6431676725154984 0.6085806194501846 1 0 0 0.5486355281870545 0.8360616348158261 1.1614626785954736
cell 56.63315659986053 46.09049386622941 0.0 1.0 1.0 1 0 0 0.0 1.0 0
cell 36.3232620647754 32.31886682022782 0.0 1.0 1.0 1 0 0 0.0 1.0 0
cell 3.337632246303882 13.557070529748145 0.0 1.6431676725154984 0.6085806194501846 1 0 0 0.5150867094903598 -0.8571380762201581 5.200967691557347
cell 33.481499636786914 0.21304290000440337 0.0 1.6431676725154984 0.6085806194501846 1 0 0 0.7411211337036212 0.6713713318111365 1.669477477482032
cell 45.84109591783461 54.823490036672915 0.0 1.6431676725154984 0.6085806194501846 1 0 0 0.3051865468491552 -0.9522925871927642 5.662916676183327
cell 56.58289503045383 39.389527846537625 0.0 1.0 1.0 1 0 0 0.0 1.0 0
cell 36.44125355272713 37.23577288081357 0.0 1.0 1.0 1 0 0 0.0 1.0 0
cell 14.825696542395027 11.345970762811934 0.0 1.6431676725154984 0.6085806194501846 1 0 0 0.7810037971248505 -0.6245262755693833 4.490642308202854
cell 5.753039665876678 31.00170218910244 0.0 1.0 1.0 1 0 0 0.0 1.0 0
cell 23.070504020940596 10.380043695767561 0.0 1.0 1.0 1 0 0 0.0 1.0 0
cell 48.7564467226638 19.31062366717196 0.0 1.0 1.0 1 0 0 0.0 1.0 0
cell 33.001882110140386 36.933244935874015 0.0 1.0 1.0 1 0 0 0.0 1.0 0
cell 41.05585941990119 48.952800713111195 0.0 1.0 1.0 1 0 0 0.0 1.0 0
cell 50.61728285810993 19.850795276308595 0.0 1.0 1.0 1 0 0 0.0 1.0 0
cell 49.50071587655874 21.183010486436185 0.0 1.0 1.0 1 0 0 0.0 1.0 0
cell 11.533283810902732 38.61271724112002 0.0 1.0 1.0 1 0 0 0.0 1.0 0
cell 21.067765081268774 22.675912741406137 0.0 1.0 1.0 1 0 0 0.0 1.0 0
cell 43.053150522957026 1.02610380524735 0.0 1.6431676725154984 0.6085806194501846 1 0 0 0.5614600611728203 -0.8275038366725637 5.090886982708966
cell 7.453351619697739 44.69233395415718 0.0 1.0 1.0 1 0 0 0.0 1.0 0
cell 22.256510509990537 53.83933458731197 0.0 1.6431676725154984 0.6085806194501846 1 0 0 0.8984238085057459 -0.43912943457485387 4.050851557053787
cell 39.87571670383384 19.184156299542828 0.0 1.6431676725154984 0.6085806194501846 1 0 0 0.7384977719692786 -0.6742559163970394 4.621506002376599
cell 47.009736170372726 33.87552464230553 0.0 1.0 1.0 1 0 0 0.0 1.0 0
cell 1.6688878180495623 1.2694046790636515 0.0 1.6431676725154984 0.6085806194501846 1 0 0 0.9936720110363811 -0.11232067700523399 3.3667090529202954
cell 58.72169114772071 57.04843418046753 0.0 1.6431676725154984 0.6085806194501846 1 0 0 0.998880811654638 0.047298246354083626 3.046960854644672
cell 7.908711664343401 35.356252226243555 0.0 1.0 1.0 1 0 0 0.0 1.0 0
cell 38.32506364680421 33.296412291825725 0.0 1.0 1.0 1 0 0 0.0 1.0 0
cell 18.806694795945347 2.8399356780479694 0.0 1.0 1.0 1 0 0 0.0 1.0 0
cell 58.31760481133063 16.753370474685543 0.0 1.0 1.0 1 0 0 0.0 1.0 0
cell 32.592499074821845 11.587331831019632 0.0 1.6431676725154984 0.6085806194501846 1 0 0 -0.46712380740098813 0.8841919183973604 5.311115173157856
cell 52.74418045092001 55.689655182383184 0.0 1.0 1.0 1 0 0 0.0 1.0 0
cell 48.632386020177485 53.23007491187914 0.0 1.6431676725154984 0.6085806194501846 1 0 0 0.2841792132594863 -0.9587711795580942 5.706884832303526
cell 41.33690246963663 12.074101857586873 0.0 1.6431676725154984 0.6085806194501846 1 0 0 0.49455679391897145 -0.8691453144259526 5.248535658432143
cell 1.5802690537667847 54.49038493518792 0.0 1.6431676725154984 0.6085806194501846 1 0 0 0.015708531851566995 -0.9998766134014078 6.251766951264466
cell 45.67224858959222 46.47207599897249 0.0 1.0 1.0 1 0 0 0.0 1.0 0
cell 32.48875570151811 53.70613495825694 0.0 1.0 1.0 1 0 0 0.0 1.0 0
cell 8.937737848246778 57.79535381234369 0.0 1.0 1.0 1 0 0 0.0 1.0 0
cell 24.313668077825973 55.346200550726685 0.0 1.6431676725154984 0.6085806194501846 1 0 0 0.8863166632733276 -0.4630796609699402 4.104526114816893
cell 52.35756495668429 47.7805105512637 0.0 1.0 1.0 1 0 0 0.0 1.0 0
cell 46.11997310805141 44.727132167603784 0.0 1.0 1.0 1 0 0 0.0 1.0 0
cell 15.476885841969583 53.72585838859974 0.0 1.0 1.0 1 0 0 0.0 1.0 0
cell 9.438882466942797 24.63412079005541 0.0 1.0 1.0 1 0 0 0.0 1.0 0
cell 18.602015275935234 51.94163217989998 0.0 1.0 1.0 1 0 0 0.0 1.0 0
cell 44.7208398695723 43.604831545655514 0.0 1.0 1.0 1 0 0 0.0 1.0 0
cell 51.2582892323238 17.89983065895399 0.0 1.6431676725154984 0.6085806194501846 1 0 0 -0.5799112731245697 -0.8146796396762599 1.2372395526156712
cell 29.834148526202984 36.193497985168555 0.0 1.0 1.0 1 0 0 0.0 1.0 0
cell 42.531175063192435 12.625212140960453 0.0 1.6431676725154984 0.6085806194501846 1 0 0 0.5651597293631527 -0.8249815030085026 5.081931594312978
cell 54.878210253545284 27.56624135644982 0.0 1.0 1.0 1 0 0 0.0 1.0 0
cell 43.84163808848342 51.657317430591334 0.0 1.0 1.0 1 0 0 0.0 1.0 0
cell 21.32112181479203 9.40576501656403 0.0 1.0 1.0 1 0 0 0.0 1.0 0
cell 34.05635164222818 54.96321437351418 0.0 1.0 1.0 1 0 0 0.0 1.0 0
cell 46.680560281393056 49.69977482869941 0.0 1.0 1.0 1 0 0 0.0 1.0 0
cell 12.583111291386976 57.95477064840348 0.0 1.0 1.0 1 0 0 0.0 1.0 0
cell 16.79225216245291 33.9925400526449 0.0 1.0 1.0 1 0 0 0.0 1.0 0
cell 22.131086256188482 55.992707257508634 0.0 1.0 1.0 1 0 0 0.0 1.0 0
cell 20.27915233404108 46.96833068449201 0.0 1.0 1.0 1 0 0 0.0 1.0 0
cell 11.360866035079347 49.202202631975396 0.0 1.0 1.0 1 0 0 0.0 1.0 0
cell 13.905014872929689 32.13494985207791 0.0 1.0 1.0 1 0 0 0.0 1.0 0
cell 39.388589179757005 53.87989058585818 0.0 1.6431676725154984 0.6085806194501846 1 0 0 0.6767248464264916 0.7362360234524261 1.486609954589131
cell 43.77459270693608 57.292022065220586 0.0 1.6431676725154984 0.6085806194501846 1 0 0 0.49032582737630637 -0.8715392033682366 5.258258174298258
cell 32.25976760120685 38.79245103119893 0.0 1.0 1.0 1 0 0 0.0 1.0 0
cell 28.796971807911284 50.55931059970328 0.0 1.0 1.0 1 0 0 0.0 1.0 0
cell 5.64607868721899 15.183306157252485 0.0 1.0 1.0 1 0 0 0.0 1.0 0
cell 33.65908695568306 31.022494310702637 0.0 1.6431676725154984 0.6085806194501846 1 0 0 0.9613316829837482 0.27539316493267285 2.583595337732559
cell 30.170629013734743 32.25493671598554 0.0 1.0 1.0 1 0 0 0.0 1.0 0
cell 27.582347696123353 52.145885205882756 0.0 1.0 1.0 1 0 0 0.0 1.0 0
cell 4.289637833459047 56.533029288094106 0.0 1.0 1.0 1 0 0 0.0 1.0 0
cell 51.3502450327189 13.889708296020437 0.0 1.6431676725154984 0.6085806194501846 1 0 0 0.4913973083875752 0.8709355230494656 1.0273868090188876
cell 31.22124373953764 37.37853362592668 0.0 1.0 1.0 1 0 0 0.0 1.0 0
cell 9.592683717365938 42.03845658437817 0.0 1.6431676725154984 0.6085806194501846 1 0 0 0.9158713982589393 -0.4014717696815249 3.9678391380807767
cell 2.822655317955331 16.690278504579606 0.0 1.0 1.0 1 0 0 0.0 1.0 0
cell 29.84648804923288 55.40673256923896 0.0 1.0 1.0 1 0 0 0.0 1.0 0
cell 0.8633024124582053 17.676486041102137 0.0 1.0 1.0 1 0 0 0.0 1.0 0
cell 53.1728551640998 53.96852377704132 0.0 1.0 1.0 1 0 0 0.0 1.0 0
cell 25.209242082656296 29.010432505313247 0.0 1.0 1.0 1 0 0 0.0 1.0 0
cell 43.55830636287184 54.78725681677956 0.0 1.6431676725154984 0.6085806194501846 1 0 0 0.121469974584474 -0.992595106412704 6.039643928065873
cell 17.736153200765987 8.968831798109699 0.0 1.0 1.0 1 0 0 0.0 1.0 0
cell 45.670028328192245 24.125048718877572 0.0 1.0 1.0 1 0 0 0.0 1.0 0
cell 50.298823051967716 30.0566703094263 0.0 1.0 1.0 1 0 0 0.0 1.0 0
cell 2.082397736387959 39.12590364449767 0.0 1.0 1.0 1 0 0 0.0 1.0 0
cell 32.32213290819604 40.82787848765201 0.0 1.0 1.0 1 0 0 0.0 1.0 0
cell 57.790179847542355 23.045458480049756 0.0 1.6431676725154984 0.6085806194501846 1 0 0 0.6487463883887801 0.7610046803749069 1.411871932759193
cell 18.49764940515229 4.840068707626944 0.0 1.0 1.0 1 0 0 0.0 1.0 0
cell 15.75910414334194 1.860375982659592 0.0 1.0 1.0 1 0 0 0.0 1.0 0
cell 0.6530472381472519 7.898824149221755 0.0 1.6431676725154984 0.6085806194501846 1 0 0 0.041554507294137386 -0.999136238419737 6.2000523555294835
cell 49.30158211223802 57.22929710696351 0.0 1.0 1.0 1 0 0 0.0 1.0 0
cell 7.214157183064477 37.23855867732262 0.0 1.0 1.0 1 0 0 0.0 1.0 0
cell 21.364327356516213 27.998638741671073 0.0 1.0 1.0 1 0 0 0.0 1.0 0
cell 21.119841186016103 36.324036459844784 0.0 1.0 1.0 1 0 0 0.0 1.0 0
cell 8.263837735369977 38.65324493721451 0.0 1.0 1.0 1 0 0 0.0 1.0 0
cell 49.67734650808232 48.74079727033321 0.0 1.0 1.0 1 0 0 0.0 1.0 0
cell 10.486278969301408 46.08648348359917 0.0 1.6431676725154984 0.6085806194501846 1 0 0 0.8478082636913017 -0.5303028832815642 4.259508213391168
cell 16.381014157001772 7.25184141177604 0.0 1.0 1.0 1 0 0 0.0 1.0 0
cell 41.271411010497395 20.302783717517737 0.0 1.6431676725154984 0.6085806194501846 1 0 0 0.8185457175350321 -0.5744413880502165 4.365435733761463
cell 24.836604037261797 23.23439965717419 0.0 1.0 1.0 1 0 0 0.0 1.0 0
cell 11.951146415746756 32.01219738804906 0.0 1.0 1.0 1 0 0 0.0 1.0 0
cell 5.370430432646136 46.410131467638266 0.0 1.6431676725154984 0.6085806194501846 1 0 0 0.9599431156653281 0.2801949583535411 2.5735982599041303
cell 49.29302839751683 3.572560203087996 0.0 1.0 1.0 1 0 0 0.0 1.0 0
cell 38.29844197783524 28.99808343143804 0.0 1.6431676725154984 0.6085806194501846 1 0 0 0.9401017328402895 0.3408940185903604 2.44585722470004
cell 55.12161939055244 49.02849963771406 0.0 1.6431676725154984 0.6085806194501846 1 0 0 0.9643353607426757 0.26468341848573296 2.605841418252678
cell 16.771903206060667 25.706646454454795 0.0 1.0 1.0 1 0 0 0.0 1.0 0
cell 11.558887312729464 19.44854678911877 0.0 1.0 1.0 1 0 0 0.0 1.0 0
cell 18.735608967907773 25.89939704296097 0.0 1.0 1.0 1 0 0 0.0 1.0 0
cell 44.37786171392637 45.460194903900955 0.0 1.0 1.0 1 0 0 0.0 1.0 0
cell 34.413143575979525 23.91330810176057 0.0 1.6431676725154984 0.6085806194501846 1 0 0 0.6874380186955757 -0.726243051912995 4.7672744734735195
cell 40.972477317411794 25.235314332217918 0.0 1.6431676725154984 0.6085806194501846 1 0 0 0.6176154174133484 -0.7864802579679515 4.951771081407335
cell 17.070682855011345 19.464287917005166 0.0 1.0 1.0 1 0 0 0.0 1.0 0
cell 13.0879487487113 13.01892821461614 0.0 1.6431676725154984 0.6085806194501846 1 0 0 -0.1748987319120548 0.9845864276819761 5.93157947958509
cell 1.0338099490112338 30.34935549158913 0.0 1.6431676725154984 0.6085806194501846 1 0 0 0.1866476815223404 0.9824269148299709 0.3754975005963894
cell 29.294250980528247 6.937881900523735 0.0 1.6431676725154984 0.6085806194501846 1 0 0 0.6235412093791083 -0.7817904835734694 4.936656946819988
cell 51.30527011087287 46.24073666968579 0.0 1.0 1.0 1 0 0 0.0 1.0 0
cell 30.9868179798125 42.04390478616854 0.0 1.0 1.0 1 0 0 0.0 1.0 0
cell 6.74752845347319 17.139589956222395 0.0 1.0 1.0 1 0 0 0.0 1.0 0
cell 14.939359470581362 40.62066210199212 0.0 1.0 1.0 1 0 0 0.0 1.0 0
cell 16.192535405430753 38.0753865610245 0.0 1.0 1.0 1 0 0 0.0 1.0 0
cell 16.23680626093928 59.01321442216229 0.0 1.0 1.0 1 0 0 0.0 1.0 0
cell 27.01191840539205 28.01971872872857 0.0 1.0 1.0 1 0 0 0.0 1.0 0
cell 8.963617288705997 22.65502839261949 0.0 1.0 1.0 1 0 0 0.0 1.0 0
cell 31.273626861878462 23.254035429691594 0.0 1.6431676725154984 0.6085806194501846 1 0 0 0.8193407731464687 0.5733068091866229 1.920520409342528
cell 34.63636341939668 0.9449790325754588 0.0 1.6431676725154984 0.6085806194501846 1 0 0 0.7403012480984309 0.6722752874112699 1.6670367002964148
cell 1.9593561659817873 4.3977430028210325 0.0 1.6431676725154984 0.6085806194501846 1 0 0 0.9445441638066531 -0.3283844128742874 3.81077790236163
cell 54.823204210630884 2.457278089934698 0.0 1.6431676725154984 0.6085806194501846 1 0 0 0.5818282130169208 0.8133117056439902 1.2419495015031286
cell 28.010706869422616 25.549387024009757 0.0 1.0 1.0 1 0 0 0.0 1.0 0
cell 52.02970707131105 12.128574554704874 0.0 1.0 1.0 1 0 0 0.0 1.0 0
cell 20.9161808411894 31.297602649064892 0.0 1.0 1.0 1 0 0 0.0 1.0 0
cell 44.370810688414934 27.64055845752027 0.0 1.0 1.0 1 0 0 0.0 1.0 0
cell 5.559260815230517 37.759919182789396 0.0 1.0 1.0 1 0 0 0.0 1.0 0
cell 27.83754549809892 44.322670918396994 0.0 1.0 1.0 1 0 0 0.0 1.0 0
cell 52.33564346606917 2.0944733233532515 0.0 1.6431676725154984 0.6085806194501846 1 0 0 0.1952380255800913 -0.9807558887753811 5.890185026472644
cell 57.733529685589176 40.803241437669755 0.0 1.0 1.0 1 0 0 0.0 1.0 0
cell 41.902509025054236 40.96303047631026 0.0 1.0 1.0 1 0 0 0.0 1.0 0
cell 26.79998754251639 57.9365326506074 0.0 1.6431676725154984 0.6085806194501846 1 0 0 0.9284413270058804 -0.37147907384879664 3.902795825471683
cell 7.821162481864862 50.19356266592227 0.0 1.0 1.0 1 0 0 0.0 1.0 0
cell 56.91452636991587 19.76715838359369 0.0 1.6431676725154984 0.6085806194501846 1 0 0 0.7129473778646505 0.7012175385683955 1.587385014817754
cell 3.049860820730328 35.45020883864804 0.0 1.0 1.0 1 0 0 0.0 1.0 0
cell 43.36885848270426 42.317373598802455 0.0 1.0 1.0 1 0 0 0.0 1.0 0
cell 17.829017722133205 49.07378855719852 0.0 1.6431676725154984 0.6085806194501846 1 0 0 0.9313869434221622 -0.364030715218815 3.886776456527669
cell 16.41377665137384 36.710143356569134 0.0 1.6431676725154984 0.6085806194501846 1 0 0 0.986742763014501 -0.16229208125632066 3.467618828906088
cell 0.42964754296970586 39.915501063895675 0.0 1.0 1.0 1 0 0 0.0 1.0 0
cell 15.15113120707354 3.779528793117543 0.0 1.0 1.0 1 0 0 0.0 1.0 0
cell 10.80670011477259 56.81085337273259 0.0 1.0 1.0 1 0 0 0.0 1.0 0
cell 45.781844221420066 0.09657432065351518 0.0 1.6431676725154984 0.6085806194501846 1 0 0 0.672125214306582 -0.7404375033001308 4.809034754512165
cell 11.999910247638365 46.94340030638381 0.0 1.6431676725154984 0.6085806194501846 1 0 0 0.818065663479059 -0.5751248301339171 4.367106116973755
cell 30.408554194441045 16.588564630759997 0.0 1.6431676725154984 0.6085806194501846 1 0 0 0.22776271882326785 -0.973716665110664 5.82362652435036
cell 22.881694015842218 22.84728352954991 0.0 1.0 1.0 1 0 0 0.0 1.0 0
cell 11.058308594289658 42.37455802142227 0.0 1.6431676725154984 0.6085806194501846 1 0 0 0.9239731993449148 -0.382457222303779 3.92650114580018
cell 17.831555724275248 42.82214567126018 0.0 1.0 1.0 1 0 0 0.0 1.0 0
cell 51.19196941811859 40.772304986824736 0.0 1.6431676725154984 0.6085806194501846 1 0 0 0.9043645864553548 -0.4267606996496224 4.023408423090203
cell 5.973223931113269 41.11978070308139 0.0 1.0 1.0 1 0 0 0.0 1.0 0
cell 58.42672446170185 46.172089112868065 0.0 1.0 1.0 1 0 0 0.0 1.0 0
cell 6.553304137434841 1.5329350996228894 0.0 1.6431676725154984 0.6085806194501846 1 0 0 0.986421813678068 0.16423156060900995 2.8116347662389503
cell 29.77850760296881 45.42109820385293 0.0 1.0 1.0 1 0 0 0.0 1.0 0
cell 54.23930318377321 58.15119268391205 0.0 1.6431676725154984 0.6085806194501846 1 0 0 0.6280449674298438 0.7781770485474667 1.3580766661922161
cell 19.389811552978408 39.879513338365356 0.0 1.0 1.0 1 0 0 0.0 1.0 0
cell 30.94591038430308 14.436157032457508 0.0 1.6431676725154984 0.6085806194501846 1 0 0 0.48681539470065655 -0.8735048777668296 5.266304797253648
cell 45.42547874105466 40.147577235769056 0.0 1.0 1.0 1 0 0 0.0 1.0 0
cell 23.408802143208298 32.29388074267418 0.0 1.0 1.0 1 0 0 0.0 1.0 0
cell 8.706650365572143 54.32597190517824 0.0 1.0 1.0 1 0 0 0.0 1.0 0
cell 36.0310827496414 0.44430444267068775 0.0 1.6431676725154984 0.6085806194501846 1 0 0 0.804413127127678 0.5940702996318451 1.8693738437659984
cell 43.70543448349395 18.60537233322719 0.0 1.0 1.0 1 0 0 0.0 1.0 0
cell 53.45232451715897 58.85588349901509 0.0 1.6431676725154984 0.6085806194501846 1 0 0 0.7712449346494684 -0.6365384911987154 4.521596048038877
cell 53.65179018327325 33.48867236972315 0.0 1.0 1.0 1 0 0 0.0 1.0 0
cell 14.159838532475364 23.574848423648245 0.0 1.0 1.0 1 0 0 0.0 1.0 0
cell 36.17212082159201 27.031198052784937 0.0 1.6431676725154984 0.6085806194501846 1 0 0 0.8105598441252491 0.5856558196514844 1.890214821264358
cell 3.9435133302101892 52.900298153392725 0.0 1.6431676725154984 0.6085806194501846 1 0 0 0.2867231586555313 -0.9580134812676673 5.701576058805145
cell 46.04146075738517 10.35236940181526 0.0 1.6431676725154984 0.6085806194501846 1 0 0 -0.39701799875316135 0.917810824007886 5.4666542730891665
cell 5.318216888380108 22.04772707330376 0.0 1.0 1.0 1 0 0 0.0 1.0 0
cell 20.576272423886323 50.52200065715909 0.0 1.6431676725154984 0.6085806194501846 1 0 0 0.9642248735125816 -0.26508563389902134 3.678178118317959
cell 9.737592963660873 50.729091577298846 0.0 1.0 1.0 1 0 0 0.0 1.0 0
cell 21.055193475038667 43.265443840184325 0.0 1.0 1.0 1 0 0 0.0 1.0 0
cell 51.177603322027146 44.22219616694253 0.0 1.0 1.0 1 0 0 0.0 1.0 0
cell 27.82003903153897 0.9195392867603578 0.0 1.6431676725154984 0.6085806194501846 1 0 0 0.9352146186408095 -0.35408137070527346 3.8654558908666754
cell 16.631210002875424 57.044864382181906 0.0 1.0 1.0 1 0 0 0.0 1.0 0
cell 51.71053383772448 27.571587147701347 0.0 1.0 1.0 1 0 0 0.0 1.0 0
cell 46.27871059849647 53.441659112023785 0.0 1.6431676725154984 0.6085806194501846 1 0 0 0.20192165326769207 -0.979401677526459 5.876546119273204
cell 18.152818846066754 58.451661367215344 0.0 1.0 1.0 1 0 0 0.0 1.0 0
cell 37.36740773865023 11.619163316376671 0.0 1.6431676725154984 0.6085806194501846 1 0 0 0.46420771777123765 0.8857263656240673 0.9654798026658198
cell 5.633084533710663 18.781593313967996 0.0 1.0 1.0 1 0 0 0.0 1.0 0
cell 36.92868681269045 14.097804942576975 0.0 1.6431676725154984 0.6085806194501846 1 0 0 0.39623762138796453 0.9181479986346471 0.8148308275093656
cell 45.309750210772116 18.783495514229138 0.0 1.0 1.0 1 0 0 0.0 1.0 0
cell 54.337215239711135 55.54970604514578 0.0 1.0 1.0 1 0 0 0.0 1.0 0
cell 5.4549401770000685 8.993997849853539 0.0 1.6431676725154984 0.6085806194501846 1 0 0 0.12463346872079845 -0.9922028514747485 6.033268485276013
cell 4.502968293200545 20.483355715934664 0.0 1.0 1.0 1 0 0 0.0 1.0 0
cell 12.572964399065452 0.718366916507665 0.0 1.0 1.0 1 0 0 0.0 1.0 0
cell 58.6225175708847 25.48588324622047 0.0 1.6431676725154984 0.6085806194501846 1 0 0 0.6322535774963581 0.7747615205616866 1.36891701711592
cell 4.606217921556665 1.0617998807125293 0.0 1.6431676725154984 0.6085806194501846 1 0 0 0.9917994825979206 0.12780370228791074 2.885284244711731
cell 37.97719847461239 58.294773299534505 0.0 1.6431676725154984 0.6085806194501846 1 0 0 0.9214941026306912 0.38839235164567426 2.343819974897712
cell 20.097158140216532 14.248144114319675 0.0 1.0 1.0 1 0 0 0.0 1.0 0
cell 24.832566074476816 21.529553648861036 0.0 1.6431676725154984 0.6085806194501846 1 0 0 0.9926475492689808 0.12104066643193223 2.898916273310597
cell 35.0035949192848 20.377506225896934 0.0 1.6431676725154984 0.6085806194501846 1 0 0 0.3375161410351382 -0.9413197408642553 5.5946314141083855
cell 46.53200152808691 47.73053957593141 0.0 1.0 1.0 1 0 0 0.0 1.0 0
cell 56.5486763823427 3.925929285705297 0.0 1.6431676725154984 0.6085806194501846 1 0 0 0.987867114725952 -0.15530152492175575 3.4534580020835715
cell 51.95935144932107 29.21762981423079 0.0 1.0 1.0 1 0 0 0.0 1.0 0
cell 21.959398934481527 13.737816576714144 0.0 1.0 1.0 1 0 0 0.0 1.0 0
cell 43.84853337891792 2.8472831667124288 0.0 1.6431676725154984 0.6085806194501846 1 0 0 0.7193712459378654 -0.6946258061127611 4.677391857786716
cell 9.019574908845886 10.067459942243007 0.0 1.6431676725154984 0.6085806194501846 1 0 0 0.15436463912929124 0.9880139463522181 0.3099687045293073
cell 29.053842507226133 59.07148518192006 0.0 1.6431676725154984 0.6085806194501846 1 0 0 0.9308188311658621 -0.36548092090698564 3.8898914836955476
cell 39.800924077931775 23.86911476939192 0.0 1.0 1.0 1 0 0 0.0 1.0 0
cell 54.465797755482086 11.266105068647166 0.0 1.6431676725154984 0.6085806194501846 1 0 0 0.6901370570378044 0.7236786873352001 1.523356850002258
cell 21.0872302046757 11.367196797332179 0.0 1.0 1.0 1 0 0 0.0 1.0 0
cell 3.044932534260483 42.81582705259235 0.0 1.0 1.0 1 0 0 0.0 1.0 0
cell 38.396216075473 48.898817618898484 0.0 1.0 1.0 1 0 0 0.0 1.0 0
cell 22.52391803030267 52.69801673039327 0.0 1.6431676725154984 0.6085806194501846 1 0 0 0.9267446769613974 -0.37569176690967704 3.911878873341058
cell 2.7235952583084035 20.366550158290607 0.0 1.0 1.0 1 0 0 0.0 1.0 0
cell 53.614858582362196 48.80837503849199 0.0 1.0 1.0 1 0 0 0.0 1.0 0
cell 26.612402723177873 39.6775482412522 0.0 1.0 1.0 1 0 0 0.0 1.0 0
cell 8.385180816756831 20.749007533497732 0.0 1.0 1.0 1 0 0 0.0 1.0 0
cell 43.18960621936696 22.162887829319697 0.0 1.0 1.0 1 0 0 0.0 1.0 0
cell 56.944468454703554 1.305284277216991 0.0 1.0 1.0 1 0 0 0.0 1.0 0
cell 57.68968894593856 54.88583299052428 0.0 1.0 1.0 1 0 0 0.0 1.0 0
cell 19.44395090803113 27.666181474598385 0.0 1.0 1.0 1 0 0 0.0 1.0 0
cell 36.88945353951768 19.839350745358896 0.0 1.0 1.0 1 0 0 0.0 1.0 0
cell 25.90050392143866 13.522907984777788 0.0 1.0 1.0 1 0 0 0.0 1.0 0
cell 22.49449886082093 17.548355206076906 0.0 1.0 1.0 1 0 0 0.0 1.0 0
cell 19.613321469020043 41.88073299031707 0.0 1.0 1.0 1 0 0 0.0 1.0 0
cell 39.75106045397764 47.671641208378915 0.0 1.0 1.0 1 0 0 0.0 1.0 0
cell 46.53527078794847 34.99877683088272 0.0 1.6431676725154984 0.6085806194501846 1 0 0 0.9383509989711272 -0.3456839636573959 3.8475278274169136
cell 15.135579474879881 55.680849546472786 0.0 1.0 1.0 1 0 0 0.0 1.0 0
cell 3.372484167602019 40.280437795576326 0.0 1.0 1.0 1 0 0 0.0 1.0 0
cell 52.16076281923452 37.004390690713535 0.0 1.0 1.0 1 0 0 0.0 1.0 0
cell 2.5417497344571545 37.23465189991812 0.0 1.0 1.0 1 0 0 0.0 1.0 0
cell 42.39391753192111 52.630564490512356 0.0 1.0 1.0 1 0 0 0.0 1.0 0
cell 6.68582288448389 46.836867100779806 0.0 1.6431676725154984 0.6085806194501846 1 0 0 0.9718005344900009 0.23580441294629859 2.6655001730340158
cell 51.27341667277866 38.70969318765054 0.0 1.6431676725154984 0.6085806194501846 1 0 0 0.9306276082276381 -0.3659675597706793 3.8909372056509226
cell 16.53260904943078 12.430412128527182 0.0 1.0 1.0 1 0 0 0.0 1.0 0
cell 1.2195986175952134 36.20780625523313 0.0 1.0 1.0 1 0 0 0.0 1.0 0
cell 25.07715234721418 32.956316150962245 0.0 1.0 1.0 1 0 0 0.0 1.0 0
cell 55.45000877155984 31.913774607148497 0.0 1.0 1.0 1 0 0 0.0 1.0 0
cell 55.483523798458585 57.83481949019885 0.0 1.0 1.0 1 0 0 0.0 1.0 0
cell 18.335107376320813 47.371223120980154 0.0 1.0 1.0 1 0 0 0.0 1.0 0
cell 51.991966941152945 30.873500614615555 0.0 1.0 1.0 1 0 0 0.0 1.0 0
cell 26.4350626564267 35.93822059888808 0.0 1.0 1.0 1 0 0 0.0 1.0 0
cell 6.595743637872675 51.782908478067895 0.0 1.0 1.0 1 0 0 0.0 1.0 0
cell 39.13383414310934 21.935231370218304 0.0 1.0 1.0 1 0 0 0.0 1.0 0
cell 40.46941215422963 7.444141392241567 0.0 1.6431676725154984 0.6085806194501846 1 0 0 0.5668568461096083 -0.8238163120615346 5.0778143735559
cell 21.40453582147093 7.432766125891468 0.0 1.0 1.0 1 0 0 0.0 1.0 0
cell 13.70919483166214 54.276683867176686 0.0 1.0 1.0 1 0 0 0.0 1.0 0
cell 41.174115410967694 36.00050461798455 0.0 1.0 1.0 1 0 0 0.0 1.0 0
cell 49.35565878336419 12.497200598325291 0.0 1.0 1.0 1 0 0 0.0 1.0 0
cell 38.75108239473532 40.12609294204606 0.0 1.0 1.0 1 0 0 0.0 1.0 0
cell 28.228932895276248 35.02443030092871 0.0 1.0 1.0 1 0 0 0.0 1.0 0
cell 17.688754243801913 1.2765280154532204 0.0 1.0 1.0 1 0 0 0.0 1.0 0
cell 48.5543115566877 8.878861092825732 0.0 1.6431676725154984 0.6085806194501846 1 0 0 0.9971490118369333 0.0754575920145053 2.9905338866717566
cell 19.889027324235933 37.94590324094377 0.0 1.0 1.0 1 0 0 0.0 1.0 0
cell 1.7659495693078668 47.387232526094046 0.0 1.6431676725154984 0.6085806194501846 1 0 0 0.9396128729043327 0.34223916940126287 2.442994767650076
cell 37.14696801215513 8.862163899410639 0.0 1.6431676725154984 0.6085806194501846 1 0 0 0.6538284405029879 0.7566428288098889 1.4252664346785777
cell 19.801734121499845 32.82864471353313 0.0 1.0 1.0 1 0 0 0.0 1.0 0
cell 52.5235689665406 40.81372634144377 0.0 1.6431676725154984 0.6085806194501846 1 0 0 0.9206695780293925 -0.39034283404615 3.943600529603559
cell 11.869327449332445 41.77911975404628 0.0 1.6431676725154984 0.6085806194501846 1 0 0 0.9664471305203718 -0.25686561449314194 3.661147841355664
cell 40.23021448149429 43.50106686033494 0.0 1.0 1.0 1 0 0 0.0 1.0 0
cell 55.351038989337155 24.6976262625099 0.0 1.6431676725154984 0.6085806194501846 1 0 0 0.45322389044269645 0.891396715908235 0.9407574014269856
cell 45.23039301142728 48.81277298782985 0.0 1.0 1.0 1 0 0 0.0 1.0 0
cell 7.7649887708420176 56.043921893014186 0.0 1.6431676725154984 0.6085806194501846 1 0 0 0.9990769180939285 0.04295709175372049 3.055652025041629
cell 44.22780096509009 47.481549493628464 0.0 1.0 1.0 1 0 0 0.0 1.0 0
cell 56.72151129806725 5.236514756602561 0.0 1.6431676725154984 0.6085806194501846 1 0 0 0.9860288598380461 -0.16657457058771824 3.476302008560385
cell 41.25669945752282 46.90134814781756 0.0 1.0 1.0 1 0 0 0.0 1.0 0
cell 54.45795772342195 6.7342976892036335 0.0 1.6431676725154984 0.6085806194501846 1 0 0 0.9388163488386344 0.34441815160251865 2.4383547605661047
cell 11.987025784242846 21.41621608897835 0.0 1.0 1.0 1 0 0 0.0 1.0 0
cell 34.22429911724232 6.798030274871068 0.0 1.6431676725154984 0.6085806194501846 1 0 0 0.6697690913871467 0.7425694339403124 1.4677955697529226
cell 27.546807578737646 21.47216151729047 0.0 1.6431676725154984 0.6085806194501846 1 0 0 0.3747418921880694 -0.9271291788307093 5.514948578844402
cell 33.92206983210705 52.70319401729551 0.0 1.0 1.0 1 0 0 0.0 1.0 0
cell 35.484972137928125 40.206381367314435 0.0 1.0 1.0 1 0 0 0.0 1.0 0
cell 12.441034166533889 28.670919938121195 0.0 1.0 1.0 1 0 0 0.0 1.0 0
cell 33.274734158280694 22.472403057702266 0.0 1.6431676725154984 0.6085806194501846 1 0 0 0.35847746166066935 -0.9335383813648603 5.549912409350953
cell 2.5311575840914933 30.212333861164815 0.0 1.6431676725154984 0.6085806194501846 1 0 0 0.4156959710761777 0.909503633654662 0.8574157801052907
cell 48.45436703895531 47.11458742004279 0.0 1.0 1.0 1 0 0 0.0 1.0 0
cell 52.00416325512925 0.4478861684459432 0.0 1.0 1.0 1 0 0 0.0 1.0 0
cell 19.865477091885488 53.2901181784185 0.0 1.0 1.0 1 0 0 0.0 1.0 0
cell 25.514460832688005 41.18441654557309 0.0 1.0 1.0 1 0 0 0.0 1.0 0
cell 54.80891621621595 53.768059056446475 0.0 1.0 1.0 1 0 0 0.0 1.0 0
cell 35.8649202652171 44.24568292468741 0.0 1.0 1.0 1 0 0 0.0 1.0 0
cell 6.6957515547302116 7.620766891307296 0.0 1.6431676725154984 0.6085806194501846 1 0 0 0.029434601503200954 -0.999566708246302 6.22430760018588
cell 56.99544211061671 34.3727361904357 0.0 1.0 1.0 1 0 0 0.0 1.0 0
cell 17.17361079731837 50.59760092443485 0.0 1.0 1.0 1 0 0 0.0 1.0 0
cell 19.194883922657482 22.531900381636333 0.0 1.0 1.0 1 0 0 0.0 1.0 0
cell 1.096745651247178 9.82600140814568 0.0 1.6431676725154984 0.6085806194501846 1 0 0 0.07311159171357018 0.9973237664655887 0.1463537656876185
cell 31.334081618206664 20.39166546507899 0.0 1.6431676725154984 0.6085806194501846 1 0 0 0.562501634552974 -0.8267961726600048 5.088368519947325
cell 51.267975491198634 7.315289508351809 0.0 1.6431676725154984 0.6085806194501846 1 0 0 0.9106504992613108 0.41317752624643733 2.2897114448200524
cell 49.88493101171793 40.76313855480337 0.0 1.6431676725154984 0.6085806194501846 1 0 0 0.9076245982248143 -0.41978278751902676 4.00800462775663
cell 37.864325868287494 56.65711926446543 0.0 1.6431676725154984 0.6085806194501846 1 0 0 0.9083884779408989 0.4181272212427899 2.2788272739091227
cell 57.10370244055894 26.51626192451217 0.0 1.6431676725154984 0.6085806194501846 1 0 0 0.5317099376582411 0.8469265270349425 1.121236560965864
cell 48.398118575773594 31.91677524400344 0.0 1.0 1.0 1 0 0 0.0 1.0 0
cell 9.96017665436305 26.534509282487786 0.0 1.0 1.0 1 0 0 0.0 1.0 0
cell 21.500134160256703 41.31881598734006 0.0 1.0 1.0 1 0 0 0.0 1.0 0
cell 1.9386900246475522 2.490953273243128 0.0 1.6431676725154984 0.6085806194501846 1 0 0 0.992996166043175 -0.1181465793984546 3.3784390151967822
cell 10.446134155005604 44.17124334430968 0.0 1.6431676725154984 0.6085806194501846 1 0 0 0.8684842210039766 -0.4957168121691214 4.178912648470675
cell 47.20006087429469 39.80201330929009 0.0 1.0 1.0 1 0 0 0.0 1.0 0
cell 45.0000555119225 31.062103520585524 0.0 1.0 1.0 1 0 0 0.0 1.0 0
cell 24.14810499670213 25.143712694539797 0.0 1.0 1.0 1 0 0 0.0 1.0 0
cell 54.760357862633896 42.07268350549928 0.0 1.6431676725154984 0.6085806194501846 1 0 0 0.9073094572660599 -0.42046349277382905 4.009504859064374
cell 16.933072961117148 55.06992547030043 0.0 1.0 1.0 1 0 0 0.0 1.0 0
cell 31.92639670626542 55.38789750198665 0.0 1.0 1.0 1 0 0 0.0 1.0 0
cell 10.921213278587777 36.731041114127905 0.0 1.0 1.0 1 0 0 0.0 1.0 0
cell 22.75791022339181 39.6334801809233 0.0 1.0 1.0 1 0 0 0.0 1.0 0
cell 24.54599920174236 27.08794713416644 0.0 1.0 1.0 1 0 0 0.0 1.0 0
cell 44.49514504936087 0.6817125482794294 0.0 1.6431676725154984 0.6085806194501846 1 0 0 0.786442772974594 -0.6176631483551784 4.473128260868645
cell 26.637982528283928 33.968418869195546 0.0 1.0 1.0 1 0 0 0.0 1.0 0
cell 2.2390400753341986 51.61879767807258 0.0 1.0 1.0 1 0 0 0.0 1.0 0
cell 10.731153364727398 33.52243923378266 0.0 1.0 1.0 1 0 0 0.0 1.0 0
cell 1.9117214701772796 27.982654229293722 0.0 1.0 1.0 1 0 0 0.0 1.0 0
cell 6.905879320558315 32.21199746147773 0.0 1.0 1.0 1 0 0 0.0 1.0 0
cell 20.009681667812217 51.4399136952751 0.0 1.6431676725154984 0.6085806194501846 1 0 0 0.9395276055038775 -0.3424731792362 3.8406886605298642
cell 30.359538135397376 8.034335451043864 0.0 1.6431676725154984 0.6085806194501846 1 0 0 0.5850756566309698 -0.8109787148981404 5.033238616882888
cell 42.044965035832476 50.698660024129616 0.0 1.0 1.0 1 0 0 0.0 1.0 0
cell 42.05156867948781 3.8553189128511947 0.0 1.6431676725154984 0.6085806194501846 1 0 0 0.43943586858823713 -0.8982739656686604 5.373244187674995
cell 53.8209899661457 45.832640302113944 0.0 1.6431676725154984 0.6085806194501846 1 0 0 0.6237617185883628 -0.7816145587331982 4.936092770034509
cell 20.074319881572432 6.010611765687163 0.0 1.0 1.0 1 0 0 0.0 1.0 0
cell 19.327684882508137 36.15795155324505 0.0 1.0 1.0 1 0 0 0.0 1.0 0
cell 58.25826470101225 42.73195245982645 0.0 1.0 1.0 1 0 0 0.0 1.0 0
cell 53.08467810030879 21.82351038779912 0.0 1.6431676725154984 0.6085806194501846 1 0 0 0.7365511553591587 0.6763818415208146 1.6559142793522843
cell 26.016853708418513 48.96775989196702 0.0 1.0 1.0 1 0 0 0.0 1.0 0
cell 55.331577394205326 29.044755640783784 0.0 1.0 1.0 1 0 0 0.0 1.0 0
cell 23.496640317288204 6.530738607790391 0.0 1.0 1.0 1 0 0 0.0 1.0 0
cell 20.77228029648534 34.59042817238019 0.0 1.0 1.0 1 0 0 0.0 1.0 0
cell 10.718469245598978 58.7101751395852 0.0 1.0 1.0 1 0 0 0.0 1.0 0
cell 22.940985557562815 49.15744007227384 0.0 1.0 1.0 1 0 0 0.0 1.0 0
cell 51.49091593326476 15.99045770758383 0.0 1.6431676725154984 0.6085806194501846 1 0 0 0.49669961150336067 0.8679225172401109 1.0395839787912091
cell 51.89836092197511 42.91233932565115 0.0 1.6431676725154984 0.6085806194501846 1 0 0 0.8893165767718711 -0.45729205796597944 4.091488326657493
cell 10.05184054810045 39.58346110045201 0.0 1.0 1.0 1 0 0 0.0 1.0 0
cell 32.834044762539264 50.75419658417046 0.0 1.0 1.0 1 0 0 0.0 1.0 0
cell 31.108272757716488 18.067270544792375 0.0 1.0 1.0 1 0 0 0.0 1.0 0
cell 47.83703141992152 48.48644700169817 0.0 1.0 1.0 1 0 0 0.0 1.0 0
cell 7.609715957673976 18.942189538673997 0.0 1.0 1.0 1 0 0 0.0 1.0 0
cell 34.893771257109705 14.415571303419883 0.0 1.6431676725154984 0.6085806194501846 1 0 0 0.9930717106140615 -0.11750990417008082 3.377156732322068
cell 44.44148303456053 6.314856953483185 0.0 1.0 1.0 1 0 0 0.0 1.0 0
cell 40.78422741728897 22.053717246208706 0.0 1.6431676725154984 0.6085806194501846 1 0 0 0.7903070980372248 -0.6127109357535415 4.460565212260473
cell 16.09765118223921 17.71531716314513 0.0 1.0 1.0 1 0 0 0.0 1.0 0
cell 11.189620925679721 24.930161629423104 0.0 1.0 1.0 1 0 0 0.0 1.0 0
cell 28.60870956622155 39.83079127083536 0.0 1.0 1.0 1 0 0 0.0 1.0 0
cell 52.88394050876359 15.96877658593281 0.0 1.6431676725154984 0.6085806194501846 1 0 0 0.6731584381009725 0.7394982874986656 1.4769431701118894
cell 0.5645846491455273 28.201985029058893 0.0 1.6431676725154984 0.6085806194501846 1 0 0 0.513693470727202 0.8579737863899114 1.0789682918036054
cell 34.783817095589775 10.04727607354713 0.0 1.6431676725154984 0.6085806194501846 1 0 0 0.6582671152355578 0.7527844346155523 1.4370289410171162
cell 35.751961531742445 35.33866528793034 0.0 1.6431676725154984 0.6085806194501846 1 0 0 0.9692204709568489 -0.24619439205267038 3.639096298361745
cell 17.2321360650338 53.03788705972462 0.0 1.0 1.0 1 0 0 0.0 1.0 0
cell 11.762429427501967 26.82968901490192 0.0 1.0 1.0 1 0 0 0.0 1.0 0
cell 35.69159058268904 42.24136074371069 0.0 1.0 1.0 1 0 0 0.0 1.0 0
cell 10.902943065808298 4.625810259258074 0.0 1.6431676725154984 0.6085806194501846 1 0 0 0.7795976308431435 -0.6262807150022726 4.4951391352910175
cell 29.394606061403053 14.67660885404591 0.0 1.6431676725154984 0.6085806194501846 1 0 0 0.40730220757518854 -0.9132934422760179 5.444188920615928
cell 49.02199505377956 38.790148097906595 0.0 1.6431676725154984 0.6085806194501846 1 0 0 0.8918014917681679 -0.45242689937720365 4.080562276161926
cell 4.942664712543563 43.09854128429494 0.0 1.0 1.0 1 0 0 0.0 1.0 0
cell 31.62515607787737 35.40000060629623 0.0 1.0 1.0 1 0 0 0.0 1.0 0
cell 21.690690680054143 20.910632964026657 0.0 1.6431676725154984 0.6085806194501846 1 0 0 -0.16067582786010057 0.9870072331758625 5.960434628837229
cell 2.004014170093909 23.490252482615855 0.0 1.0 1.0 1 0 0 0.0 1.0 0
cell 15.334307595423383 21.943385122981002 0.0 1.0 1.0 1 0 0 0.0 1.0 0
cell 10.362819438686772 54.64985530387475 0.0 1.0 1.0 1 0 0 0.0 1.0 0
cell 58.09977163590274 51.17032247457208 0.0 1.0 1.0 1 0 0 0.0 1.0 0
cell 8.988187837767937 45.7167799899856 0.0 1.0 1.0 1 0 0 0.0 1.0 0
cell 53.19255039469269 43.08518515974376 0.0 1.6431676725154984 0.6085806194501846 1 0 0 0.8665746152955114 -0.4990475289242864 4.186591264536417
cell 42.63430249733731 48.203267537699666 0.0 1.0 1.0 1 0 0 0.0 1.0 0
cell 16.544893976113997 39.77300217069111 0.0 1.0 1.0 1 0 0 0.0 1.0 0
cell 36.27888816879855 46.22077355874481 0.0 1.0 1.0 1 0 0 0.0 1.0 0
cell 18.766592726545912 34.299937364312264 0.0 1.0 1.0 1 0 0 0.0 1.0 0
cell 42.1979699434573 39.21592564438442 0.0 1.0 1.0 1 0 0 0.0 1.0 0
cell 7.445629379615471 28.237826525688064 0.0 1.0 1.0 1 0 0 0.0 1.0 0
cell 38.71458773341036 38.14563304836902 0.0 1.0 1.0 1 0 0 0.0 1.0 0
cell 13.251340152391398 50.17374575785973 0.0 1.0 1.0 1 0 0 0.0 1.0 0
cell 43.8242556377629 29.42782016713026 0.0 1.0 1.0 1 0 0 0.0 1.0 0
cell 33.338543126098116 34.77619966722187 0.0 1.0 1.0 1 0 0 0.0 1.0 0
cell 52.9879907702184 26.9327473008551 0.0 1.0 1.0 1 0 0 0.0 1.0 0
cell 22.72399311942802 42.835341520851664 0.0 1.0 1.0 1 0 0 0.0 1.0 0
cell 26.614989973936595 56.44950199736666 0.0 1.6431676725154984 0.6085806194501846 1 0 0 0.9489443048497415 -0.3154436657998395 3.7834409614411526
cell 19.357736056428557 12.400309622511761 0.0 1.0 1.0 1 0 0 0.0 1.0 0
cell 22.476535645214803 1.5102025079935322 0.0 1.0 1.0 1 0 0 0.0 1.0 0
cell 31.818738351695572 33.434616925410786 0.0 1.0 1.0 1 0 0 0.0 1.0 0
cell 50.269847865526344 1.4603761125249333 0.0 1.0 1.0 1 0 0 0.0 1.0 0
cell 34.16357556114139 3.7117503935348504 0.0 1.6431676725154984 0.6085806194501846 1 0 0 0.6074595214740826 0.7943506340215752 1.3057169642299091
cell 3.8055291490209204 38.35144827616274 0.0 1.0 1.0 1 0 0 0.0 1.0 0
cell 3.899660366751615 54.70961572261614 0.0 1.0 1.0 1 0 0 0.0 1.0 0
cell 58.48390175070031 36.995429512338 0.0 1.0 1.0 1 0 0 0.0 1.0 0
cell 49.08867937346132 50.83723853778794 0.0 1.6431676725154984 0.6085806194501846 1 0 0 0.3328301652486149 -0.9429867873414662 5.604578768334349
cell 11.566858907250749 40.35755889962383 0.0 1.0 1.0 1 0 0 0.0 1.0 0
cell 10.174397845100408 21.10311077023788 0.0 1.0 1.0 1 0 0 0.0 1.0 0
cell 38.14972177838224 46.88735976260869 0.0 1.0 1.0 1 0 0 0.0 1.0 0
cell 51.9256409676283 33.94934067817815 0.0 1.0 1.0 1 0 0 0.0 1.0 0
cell 10.652658681234552 23.039188274387147 0.0 1.0 1.0 1 0 0 0.0 1.0 0
cell 55.76830523752092 41.06920405305099 0.0 1.0 1.0 1 0 0 0.0 1.0 0
cell 12.40570972639201 23.365462931917325 0.0 1.0 1.0 1 0 0 0.0 1.0 0
cell 12.378194534257025 17.20378662871619 0.0 1.6431676725154984 0.6085806194501846 1 0 0 0.7787363590936445 -0.627351323442913 4.497887219537687
cell 14.560393382172917 6.4126319445634765 0.0 1.0 1.0 1 0 0 0.0 1.0 0
cell 37.54243801911767 18.20271228671089 0.0 1.0 1.0 1 0 0 0.0 1.0 0
cell 33.85163204275176 27.640710298011182 0.0 1.6431676725154984 0.6085806194501846 1 0 0 0.879840648135411 0.47526880172031066 2.151053616910962
cell 24.575769883500055 42.51290502075967 0.0 1.0 1.0 1 0 0 0.0 1.0 0
cell 12.757728872469524 33.62842191356425 0.0 1.0 1.0 1 0 0 0.0 1.0 0
cell 57.05720698718395 29.75636692022836 0.0 1.0 1.0 1 0 0 0.0 1.0 0
cell 53.46462501187515 28.48413522221889 0.0 1.0 1.0 1 0 0 0.0 1.0 0
