1000
 Lattice="59.08179503018386 0.0 0.0 0.0 59.08179503018386 0.0 0.0 0.0 1.0"Properties=species:S:1:pos:R:3:aspherical_shape:R:3:orientation:R:4:Color:R:1
cell 45.861903697130046 56.54371207006186 0.0 1.6431676725154984 0.6085806194501846 1 0 0 0.9429507328734075 -0.3329322984834961 3.820415813046661
cell 36.43256479026615 2.321713185764702 0.0 1.0 1.0 1 0 0 0.0 1.0 0
cell 10.41625459198233 43.74475244873872 0.0 1.0 1.0 1 0 0 0.0 1.0 0
cell 9.990913100474838 51.46683075040077 0.0 1.0 1.0 1 0 0 0.0 1.0 0
cell 14.180116588470291 4.078705212623354 0.0 1.6431676725154984 0.6085806194501846 1 0 0 0.8595694737225177 -0.5110189036076787 4.214332130038821
cell 35.796802892588794 55.23668241167315 0.0 1.6431676725154984 0.6085806194501846 1 0 0 0.5455417479488218 -0.8380836481192937 5.1291145240139935
cell 29.766414989607103 28.74655901283446 0.0 1.0 1.0 1 0 0 0.0 1.0 0
cell 31.124504194082963 12.68955395293146 0.0 1.0 1.0 1 0 0 0.0 1.0 0
cell 48.89882200896019 4.723016453504821 0.0 1.0 1.0 1 0 0 0.0 1.0 0
cell 20.500495094885434 49.55645184632069 0.0 1.0 1.0 1 0 0 0.0 1.0 0
cell 50.717185865983566 17.84782095817051 0.0 1.0 1.0 1 0 0 0.0 1.0 0
cell 26.04876867212972 47.30029403310911 0.0 1.0 1.0 1 0 0 0.0 1.0 0
cell 45.993642025167 12.53309830891562 0.0 1.6431676725154984 0.6085806194501846 1 0 0 -0.319867695257852 -0.9474622195794563 0.6511796856452872
cell 1.5186984480053352 21.783848557476876 0.0 1.0 1.0 1 0 0 0.0 1.0 0
cell 36.99060587844499 26.843923943532108 0.0 1.6431676725154984 0.6085806194501846 1 0 0 0.9458921986902223 -0.3244810448346358 3.8025187245973617
cell 38.42051082229428 56.076846487888666 0.0 1.6431676725154984 0.6085806194501846 1 0 0 0.9541761826535825 0.2992454050718859 2.533789209832146
cell 15.320536812161505 37.9002725712716 0.0 1.0 1.0 1 0 0 0.0 1.0 0
cell 1.541978168638715 53.0334267451169 0.0 1.6431676725154984 0.6085806194501846 1 0 0 0.9884507317060366 0.15154257154278722 2.8373352895160733
cell 42.45028498929169 15.24206923816218 0.0 1.0 1.0 1 0 0 0.0 1.0 0
cell 52.792635980736385 14.193235637474638 0.0 1.0 1.0 1 0 0 0.0 1.0 0
cell 23.785518924663332 48.61730053497612 0.0 1.0 1.0 1 0 0 0.0 1.0 0
cell 50.58055489876869 41.12034490451935 0.0 1.6431676725154984 0.6085806194501846 1 0 0 0.0956703023798596 -0.9954130766885405 6.091551609698303
cell 34.92154087748167 16.155814327241824 0.0 1.6431676725154984 0.6085806194501846 1 0 0 0.9159274878012643 -0.4013437891509781 3.967559673929308
cell 18.25520279138701 13.794465701467772 0.0 1.0 1.0 1 0 0 0.0 1.0 0
cell 8.833760208722659 14.836675753801586 0.0 1.0 1.0 1 0 0 0.0 1.0 0
cell 2.8727610007569835 39.54910407032327 0.0 1.6431676725154984 0.6085806194501846 1 0 0 0.4991573325116364 -0.8665113717660419 5.237933267175149
cell 24.91388170846113 1.5577583529537087 0.0 1.0 1.0 1 0 0 0.0 1.0 0
cell 14.616578313803782 9.942356917204854 0.0 1.0 1.0 1 0 0 0.0 1.0 0
cell 19.972821098422383 39.500613560553425 0.0 1.0 1.0 1 0 0 0.0 1.0 0
cell 45.468120089037576 1.4131434506764338 0.0 1.6431676725154984 0.6085806194501846 1 0 0 0.34030868994181784 -0.9403137750506921 5.588694983166243
cell 17.496890233705898 11.901547247185471 0.0 1.0 1.0 1 0 0 0.0 1.0 0
cell 30.393595452983018 32.23895477528065 0.0 1.0 1.0 1 0 0 0.0 1.0 0
cell 19.380094083797292 5.864396405536108 0.0 1.0 1.0 1 0 0 0.0 1.0 0
cell 34.639249044417866 2.9483764826181225 0.0 1.0 1.0 1 0 0 0.0 1.0 0
cell 58.06090661157567 36.34839843886564 0.0 1.6431676725154984 0.6085806194501846 1 0 0 0.32685288432083226 -0.9450752308737927 5.617242040835346
cell 3.6949627119721073 37.25630106034515 0.0 1.6431676725154984 0.6085806194501846 1 0 0 0.45737767754956954 -0.8892725454433877 5.333097077927989
cell 58.16412294684466 23.507055643688673 0.0 1.0 1.0 1 0 0 0.0 1.0 0
cell 22.504927269571624 22.229036887558433 0.0 1.0 1.0 1 0 0 0.0 1.0 0
cell 47.91237524693302 42.39278500715697 0.0 1.6431676725154984 0.6085806194501846 1 0 0 -0.17236341476605302 0.9850334274785733 5.936728322371364
cell 50.15147692640879 44.015757355368955 0.0 1.6431676725154984 0.6085806194501846 1 0 0 0.4174267520203675 -0.9087105736689359 5.42196187797675
cell 5.071583031267314 44.28573135454067 0.0 1.0 1.0 1 0 0 0.0 1.0 0
cell 24.22537851013272 19.575611675148636 0.0 1.0 1.0 1 0 0 0.0 1.0 0
cell 16.712344077853768 51.17871891238232 0.0 1.0 1.0 1 0 0 0.0 1.0 0
cell 24.598696591923062 53.36929690815341 0.0 1.0 1.0 1 0 0 0.0 1.0 0
cell 54.06266780482282 24.8223154004467 0.0 1.0 1.0 1 0 0 0.0 1.0 0
cell 19.33006904975561 33.53854406712386 0.0 1.0 1.0 1 0 0 0.0 1.0 0
cell 6.8711846156034495 15.205129232011174 0.0 1.0 1.0 1 0 0 0.0 1.0 0
cell 15.169370882849579 49.41097571370219 0.0 1.6431676725154984 0.6085806194501846 1 0 0 -0.3057959900038305 0.9520970604395211 5.661636595429626
cell 28.72581579694594 0.9287552765314396 0.0 1.0 1.0 1 0 0 0.0 1.0 0
cell 19.97729729524019 42.258822167518744 0.0 1.0 1.0 1 0 0 0.0 1.0 0
cell 45.0107246096051 3.911796916259543 0.0 1.0 1.0 1 0 0 0.0 1.0 0
cell 12.919052837993263 17.90774734072337 0.0 1.0 1.0 1 0 0 0.0 1.0 0
cell 37.78459494886932 41.87900950678426 0.0 1.6431676725154984 0.6085806194501846 1 0 0 0.9958070095848063 0.09147895748075387 2.9583785953796813
cell 6.188334417492201 35.849261993170344 0.0 1.6431676725154984 0.6085806194501846 1 0 0 0.33018155991803516 -0.9439174420944307 5.6101934753231575
cell 11.75928511546105 7.726696322997906 0.0 1.0 1.0 1 0 0 0.0 1.0 0
cell 19.137679546842115 29.698054739292136 0.0 1.0 1.0 1 0 0 0.0 1.0 0
cell 25.67209597331155 58.77986722302027 0.0 1.0 1.0 1 0 0 0.0 1.0 0
cell 24.197845793365335 57.70559057629029 0.0 1.0 1.0 1 0 0 0.0 1.0 0
cell 47.242089865762004 31.121719961706177 0.0 1.6431676725154984 0.6085806194501846 1 0 0 0.6482029262357293 -0.7614676397716699 4.872741215499082
cell 18.853398775143912 20.824904313139456 0.0 1.0 1.0 1 0 0 0.0 1.0 0
cell 13.159688548509175 5.1192494976316505 0.0 1.0 1.0 1 0 0 0.0 1.0 0
cell 5.81350407936454 41.31588941410232 0.0 1.0 1.0 1 0 0 0.0 1.0 0
cell 13.81692824934052 38.7084071436532 0.0 1.0 1.0 1 0 0 0.0 1.0 0
cell 54.03563604412169 15.66626172367873 0.0 1.0 1.0 1 0 0 0.0 1.0 0
cell 57.2571378557819 16.096432260496766 0.0 1.0 1.0 1 0 0 0.0 1.0 0
cell 57.14541439142184 51.24942682604888 0.0 1.0 1.0 1 0 0 0.0 1.0 0
cell 2.000931796245408 44.688282877614164 0.0 1.0 1.0 1 0 0 0.0 1.0 0
cell 7.51858299322093 51.206667124383515 0.0 1.0 1.0 1 0 0 0.0 1.0 0
cell 10.39281125892364 2.4533345329679297 0.0 1.0 1.0 1 0 0 0.0 1.0 0
cell 4.678764126589327 42.349551145129354 0.0 1.0 1.0 1 0 0 0.0 1.0 0
cell 35.500629298737145 0.9009428970902772 0.0 1.0 1.0 1 0 0 0.0 1.0 0
cell 23.553428523095544 15.843158660557432 0.0 1.0 1.0 1 0 0 0.0 1.0 0
cell 49.70573114297175 42.726152126997015 0.0 1.6431676725154984 0.6085806194501846 1 0 0 0.28634701256675293 -0.9581259773088797 5.702361275313814
cell 50.105393848085846 49.05718076145977 0.0 1.6431676725154984 0.6085806194501846 1 0 0 0.6200816811103695 -0.7845372577203316 4.945491681855349
cell 1.4498465603820903 34.570182876523845 0.0 1.6431676725154984 0.6085806194501846 1 0 0 -0.19799455473680616 0.9802031199167721 5.884562211658342
cell 20.467301487249806 7.43396567703555 0.0 1.0 1.0 1 0 0 0.0 1.0 0
cell 41.66745849580134 33.653171151672005 0.0 1.6431676725154984 0.6085806194501846 1 0 0 0.5947070125188145 0.8039425161421347 1.2738023224166022
cell 52.710438248900594 54.087728885740816 0.0 1.0 1.0 1 0 0 0.0 1.0 0
cell 21.793527314973513 12.43385537165186 0.0 1.0 1.0 1 0 0 0.0 1.0 0
cell 0.3425076729778185 32.57535239626803 0.0 1.0 1.0 1 0 0 0.0 1.0 0
cell 13.433131935805838 40.63119083832409 0.0 1.0 1.0 1 0 0 0.0 1.0 0
cell 9.783334917300675 53.458826769338394 0.0 1.0 1.0 1 0 0 0.0 1.0 0
cell 12.13600683939797 2.769447342354879 0.0 1.6431676725154984 0.6085806194501846 1 0 0 0.9117464074477161 -0.4107535617693209 3.9881534778950174
cell 24.657655501332975 7.56512734294562 0.0 1.0 1.0 1 0 0 0.0 1.0 0
cell 20.83502911343769 21.018608585468066 0.0 1.0 1.0 1 0 0 0.0 1.0 0
cell 53.90372858521695 49.76431382933484 0.0 1.6431676725154984 0.6085806194501846 1 0 0 0.6319466070574272 -0.7750119262492712 4.9150605876360585
cell 8.807619511741764 19.790448985289046 0.0 1.0 1.0 1 0 0 0.0 1.0 0
cell 55.910081746345874 49.62738856306278 0.0 1.0 1.0 1 0 0 0.0 1.0 0
cell 1.7478518939777523 39.28621724733348 0.0 1.6431676725154984 0.6085806194501846 1 0 0 0.5021718762899193 -0.8647678339667023 5.230968380814244
cell 4.5339428826127826 17.606814971826164 0.0 1.0 1.0 1 0 0 0.0 1.0 0
cell 21.06739751673173 25.372372654081634 0.0 1.0 1.0 1 0 0 0.0 1.0 0
cell 18.780675957750052 32.30784525587894 0.0 1.0 1.0 1 0 0 0.0 1.0 0
cell 29.726160697400456 46.00209838731626 0.0 1.0 1.0 1 0 0 0.0 1.0 0
cell 25.930711814052348 37.79472292138323 0.0 1.6431676725154984 0.6085806194501846 1 0 0 0.8421286899466457 0.539276616931187 2.002436894768838
cell 17.604891982657286 25.397063919263616 0.0 1.0 1.0 1 0 0 0.0 1.0 0
cell 7.685491134204986 22.402006280232083 0.0 1.0 1.0 1 0 0 0.0 1.0 0
cell 57.821961157864045 35.25410827074394 0.0 1.6431676725154984 0.6085806194501846 1 0 0 0.2969812356546284 -0.9548833152113666 5.680125913270939
cell 4.063060764035208 9.221826956103442 0.0 1.0 1.0 1 0 0 0.0 1.0 0
cell 8.610026213515686 47.45270846019415 0.0 1.6431676725154984 0.6085806194501846 1 0 0 0.8893425542433481 0.4572415348717979 2.1918106011552703
cell 31.025364780034632 4.140224347370023 0.0 1.0 1.0 1 0 0 0.0 1.0 0
cell 1.8572035417770283 14.711711876384825 0.0 1.0 1.0 1 0 0 0.0 1.0 0
cell 2.6644403151575413 37.081523486148456 0.0 1.6431676725154984 0.6085806194501846 1 0 0 0.4034374045419816 -0.9150072462097933 5.452644416587609
cell 28.82889866496376 30.5358877073675 0.0 1.0 1.0 1 0 0 0.0 1.0 0
cell 0.5444938351341723 47.73555944595674 0.0 1.0 1.0 1 0 0 0.0 1.0 0
cell 21.039515774379183 40.91487020420261 0.0 1.0 1.0 1 0 0 0.0 1.0 0
cell 35.0882732449445 12.247639333366603 0.0 1.6431676725154984 0.6085806194501846 1 0 0 0.6430774593037984 -0.7658011369378942 4.886165041791653
cell 17.06637579528039 46.82911691184623 0.0 1.0 1.0 1 0 0 0.0 1.0 0
cell 41.436114033433114 0.4928903153105546 0.0 1.0 1.0 1 0 0 0.0 1.0 0
cell 1.1055629420557902 54.58321114142705 0.0 1.0 1.0 1 0 0 0.0 1.0 0
cell 5.739147629219497 19.190268806267174 0.0 1.0 1.0 1 0 0 0.0 1.0 0
cell 28.498514208160017 53.235776951000595 0.0 1.0 1.0 1 0 0 0.0 1.0 0
cell 15.777489817054208 26.10849134867397 0.0 1.0 1.0 1 0 0 0.0 1.0 0
cell 2.2858117347376665 49.48001609038069 0.0 1.0 1.0 1 0 0 0.0 1.0 0
cell 20.493632050408376 58.416319330157265 0.0 1.0 1.0 1 0 0 0.0 1.0 0
cell 23.381058674455012 5.315049909829197 0.0 1.0 1.0 1 0 0 0.0 1.0 0
cell 3.834477823884512 48.08472817077308 0.0 1.0 1.0 1 0 0 0.0 1.0 0
cell 29.541250099860452 51.47963754773241 0.0 1.0 1.0 1 0 0 0.0 1.0 0
cell 45.86044546719477 26.547129007796627 0.0 1.0 1.0 1 0 0 0.0 1.0 0
cell 7.562439766862326 41.87480222038899 0.0 1.0 1.0 1 0 0 0.0 1.0 0
cell 26.87423300239656 31.741613293911072 0.0 1.0 1.0 1 0 0 0.0 1.0 0
cell 12.40384390332146 43.54519346214742 0.0 1.0 1.0 1 0 0 0.0 1.0 0
cell 20.281940975165284 4.367416755047469 0.0 1.0 1.0 1 0 0 0.0 1.0 0
cell 32.64744027083814 3.1303298269788327 0.0 1.0 1.0 1 0 0 0.0 1.0 0
cell 8.96713235344342 25.110748798229004 0.0 1.0 1.0 1 0 0 0.0 1.0 0
cell 15.20924908540791 20.29715367973166 0.0 1.0 1.0 1 0 0 0.0 1.0 0
cell 14.952620331446209 51.7971032650896 0.0 1.0 1.0 1 0 0 0.0 1.0 0
cell 58.58661247105179 21.749507209889934 0.0 1.0 1.0 1 0 0 0.0 1.0 0
cell 17.185623906732875 44.440337279965966 0.0 1.6431676725154984 0.6085806194501846 1 0 0 0.9842601191499448 0.1767258267796093 2.7862748163498456
cell 13.488301316179438 19.78118387719468 0.0 1.0 1.0 1 0 0 0.0 1.0 0
cell 24.468216187602117 50.501938230894176 0.0 1.0 1.0 1 0 0 0.0 1.0 0
cell 23.804094653766192 56.18580924252002 0.0 1.0 1.0 1 0 0 0.0 1.0 0
cell 18.072655936362253 19.07629300120477 0.0 1.0 1.0 1 0 0 0.0 1.0 0
cell 34.09440399536757 54.905363997679956 0.0 1.0 1.0 1 0 0 0.0 1.0 0
cell 17.157047624851288 1.4123238422680582 0.0 1.0 1.0 1 0 0 0.0 1.0 0
cell 9.746964172570259 7.603661822845447 0.0 1.0 1.0 1 0 0 0.0 1.0 0
cell 28.51046022243132 22.91852920446548 0.0 1.0 1.0 1 0 0 0.0 1.0 0
cell 0.7572166109300817 23.514894351981052 0.0 1.0 1.0 1 0 0 0.0 1.0 0
cell 58.03361802444549 29.686740777514498 0.0 1.0 1.0 1 0 0 0.0 1.0 0
cell 3.5958749962769496 34.358655848457204 0.0 1.6431676725154984 0.6085806194501846 1 0 0 0.1507403347459255 -0.9885733920557878 5.980551062911413
cell 13.107911528124369 53.536025838648314 0.0 1.0 1.0 1 0 0 0.0 1.0 0
cell 27.475827691781273 19.205808623435708 0.0 1.0 1.0 1 0 0 0.0 1.0 0
cell 16.77038816774841 54.89761364189976 0.0 1.0 1.0 1 0 0 0.0 1.0 0
cell 33.65371528396794 1.4064301226954175 0.0 1.0 1.0 1 0 0 0.0 1.0 0
cell 42.68568519474627 21.88513857842838 0.0 1.0 1.0 1 0 0 0.0 1.0 0
cell 8.566060893660563 32.19252528546128 0.0 1.0 1.0 1 0 0 0.0 1.0 0
cell 43.771956551174355 50.357517563313415 0.0 1.6431676725154984 0.6085806194501846 1 0 0 0.27323118545326486 -0.9619483974183873 5.7296844317332845
cell 50.04731336519391 51.942928047214664 0.0 1.6431676725154984 0.6085806194501846 1 0 0 0.6099317729829812 -0.7924539307151155 4.971236322791746
cell 42.3409025314265 12.613862122736812 0.0 1.0 1.0 1 0 0 0.0 1.0 0
cell 34.583660557566816 8.961999894489706 0.0 1.0 1.0 1 0 0 0.0 1.0 0
cell 38.768172836942576 34.31961053505499 0.0 1.6431676725154984 0.6085806194501846 1 0 0 0.5532032151960713 -0.8330463388652094 5.110776241223622
cell 9.53518766330527 55.36810077677489 0.0 1.0 1.0 1 0 0 0.0 1.0 0
cell 55.106819583099 21.544668477163576 0.0 1.0 1.0 1 0 0 0.0 1.0 0
cell 31.62278296308579 51.335820188705675 0.0 1.0 1.0 1 0 0 0.0 1.0 0
cell 0.8654902599571422 51.50519829185792 0.0 1.0 1.0 1 0 0 0.0 1.0 0
cell 56.011860557222484 35.101678729216495 0.0 1.6431676725154984 0.6085806194501846 1 0 0 -0.15431305497973155 0.9880220043414126 5.973321022105866
cell 9.952964393276051 33.146135981050826 0.0 1.0 1.0 1 0 0 0.0 1.0 0
cell 24.2225847187155 23.24915042701494 0.0 1.0 1.0 1 0 0 0.0 1.0 0
cell 22.330505717470604 14.301744792091839 0.0 1.0 1.0 1 0 0 0.0 1.0 0
cell 52.061051893621325 55.78022367778198 0.0 1.6431676725154984 0.6085806194501846 1 0 0 0.9001671095796695 -0.4355446875246939 4.042879222116586
cell 29.507814949068734 58.13049840046461 0.0 1.0 1.0 1 0 0 0.0 1.0 0
cell 13.635804007682355 32.00723033417778 0.0 1.0 1.0 1 0 0 0.0 1.0 0
cell 18.98223046662985 40.852257408708354 0.0 1.0 1.0 1 0 0 0.0 1.0 0
cell 5.3295019687769996 47.216869419825194 0.0 1.0 1.0 1 0 0 0.0 1.0 0
cell 26.289040894167037 56.861189701152284 0.0 1.0 1.0 1 0 0 0.0 1.0 0
cell 10.93201218362543 37.31598535337835 0.0 1.6431676725154984 0.6085806194501846 1 0 0 0.14329105976140452 -0.9896805909951218 5.99561331445121
cell 15.91287820616384 6.3295377083210855 0.0 1.6431676725154984 0.6085806194501846 1 0 0 0.8544946984420173 -0.5194601142864445 4.234030674765141
cell 10.233631536444634 27.941714236191824 0.0 1.0 1.0 1 0 0 0.0 1.0 0
cell 18.009732484524214 35.68369528864334 0.0 1.6431676725154984 0.6085806194501846 1 0 0 0.06262852133606908 0.9980369072911369 0.12533907081636134
cell 26.04251512003828 3.0045672618614887 0.0 1.0 1.0 1 0 0 0.0 1.0 0
cell 27.359341123547427 55.14270888961312 0.0 1.0 1.0 1 0 0 0.0 1.0 0
cell 39.152982302156154 31.48144985145834 0.0 1.6431676725154984 0.6085806194501846 1 0 0 0.5757393290452225 -0.8176333071680464 5.0561691250352085
cell 28.910909419868805 17.868734600987775 0.0 1.0 1.0 1 0 0 0.0 1.0 0
cell 27.869784457536785 46.65603202557802 0.0 1.0 1.0 1 0 0 0.0 1.0 0
cell 25.698673081027955 18.46656322397426 0.0 1.0 1.0 1 0 0 0.0 1.0 0
cell 1.8247731110151904 25.149356660267415 0.0 1.0 1.0 1 0 0 0.0 1.0 0
cell 27.41576636605432 9.877074660066564 0.0 1.0 1.0 1 0 0 0.0 1.0 0
cell 22.227338618677095 31.487238080842673 0.0 1.0 1.0 1 0 0 0.0 1.0 0
cell 38.787377069422085 20.35147911254723 0.0 1.0 1.0 1 0 0 0.0 1.0 0
cell 3.2356072397572953 16.09533703430762 0.0 1.0 1.0 1 0 0 0.0 1.0 0
cell 22.972873466323694 27.98606972096349 0.0 1.0 1.0 1 0 0 0.0 1.0 0
cell 2.662713105841932 57.49624094586779 0.0 1.6431676725154984 0.6085806194501846 1 0 0 0.9990509448005981 -0.043556970659496645 3.2287341640212306
cell 50.47702335685305 21.69258584089263 0.0 1.0 1.0 1 0 0 0.0 1.0 0
cell 38.382129763969516 2.2570848184820522 0.0 1.0 1.0 1 0 0 0.0 1.0 0
cell 34.64624538329828 26.711503416172665 0.0 1.0 1.0 1 0 0 0.0 1.0 0
cell 52.3621383415048 18.694734434278136 0.0 1.0 1.0 1 0 0 0.0 1.0 0
cell 17.92416926550299 6.663086642541983 0.0 1.6431676725154984 0.6085806194501846 1 0 0 0.9604954912054218 -0.27829554680960233 3.705630844941687
cell 29.32737079962152 38.57950037077282 0.0 1.6431676725154984 0.6085806194501846 1 0 0 0.7200206269657541 -0.6939526617456283 4.675521222469868
cell 31.804424260664202 17.627731101287107 0.0 1.6431676725154984 0.6085806194501846 1 0 0 0.6974974514819149 -0.7165872627783959 4.739386870348584
cell 56.02621292412796 46.56358435603453 0.0 1.6431676725154984 0.6085806194501846 1 0 0 0.6553905427769864 -0.7552901670473985 4.853786145131611
cell 23.86926836196825 13.876684650629889 0.0 1.0 1.0 1 0 0 0.0 1.0 0
cell 47.17468853297087 1.4168090479397841 0.0 1.6431676725154984 0.6085806194501846 1 0 0 0.4939475830532682 -0.8694916820739774 5.24993724103276
cell 18.241981812077963 39.20521887203659 0.0 1.0 1.0 1 0 0 0.0 1.0 0
cell 27.025110101824602 15.465019250471688 0.0 1.0 1.0 1 0 0 0.0 1.0 0
cell 6.639521651671819 29.486309974149684 0.0 1.0 1.0 1 0 0 0.0 1.0 0
cell 50.68251346717695 45.02084980848956 0.0 1.6431676725154984 0.6085806194501846 1 0 0 0.456929866048288 -0.8895027248486053 5.334104088761341
cell 9.997637957933383 49.23773233213277 0.0 1.6431676725154984 0.6085806194501846 1 0 0 0.99695960312917 0.07792014969523532 2.9855942230838584
cell 39.136735347034545 52.00060650638992 0.0 1.6431676725154984 0.6085806194501846 1 0 0 0.3100312206478096 -0.9507263761059904 5.652733565187592
cell 16.388783525764406 13.542971252848298 0.0 1.0 1.0 1 0 0 0.0 1.0 0
cell 8.962493015844496 26.674023818479945 0.0 1.0 1.0 1 0 0 0.0 1.0 0
cell 13.777113277405572 30.35132240414185 0.0 1.0 1.0 1 0 0 0.0 1.0 0
cell 57.056763460656704 54.5690058687585 0.0 1.6431676725154984 0.6085806194501846 1 0 0 0.8750031022607019 -0.48411731123163504 4.152300858079588
cell 6.495532242576855 43.230966557089616 0.0 1.0 1.0 1 0 0 0.0 1.0 0
cell 48.24382027995464 16.98095971905957 0.0 1.0 1.0 1 0 0 0.0 1.0 0
cell 56.69125096515525 40.809552373955334 0.0 1.6431676725154984 0.6085806194501846 1 0 0 0.3699662591720728 -0.9290451910828788 5.525239901806365
cell 28.38376376651023 56.585607271066245 0.0 1.0 1.0 1 0 0 0.0 1.0 0
cell 41.440392783731276 47.84758177603695 0.0 1.6431676725154984 0.6085806194501846 1 0 0 0.41446538577824377 -0.9100650767893973 5.428474750797371
cell 11.299879352833134 6.03767786429445 0.0 1.6431676725154984 0.6085806194501846 1 0 0 0.9931850132466109 -0.11654839965580487 3.375220417791078
cell 21.060136243363214 23.38717550106378 0.0 1.0 1.0 1 0 0 0.0 1.0 0
cell 7.306678611249715 18.69364553502446 0.0 1.0 1.0 1 0 0 0.0 1.0 0
cell 5.6448528708398715 24.74251518069471 0.0 1.0 1.0 1 0 0 0.0 1.0 0
cell 2.304808373663836 32.3186674933259 0.0 1.0 1.0 1 0 0 0.0 1.0 0
cell 12.159256387124138 58.07888935347631 0.0 1.0 1.0 1 0 0 0.0 1.0 0
cell 48.26821356114427 2.7687352307050177 0.0 1.0 1.0 1 0 0 0.0 1.0 0
cell 49.101514809080676 22.83077802657504 0.0 1.0 1.0 1 0 0 0.0 1.0 0
cell 5.584053638095591 48.73879195717415 0.0 1.6431676725154984 0.6085806194501846 1 0 0 0.904111472218874 0.4272966718829204 2.2585914169884282
cell 56.72929306168235 22.43997321460478 0.0 1.0 1.0 1 0 0 0.0 1.0 0
cell 43.12401268931359 42.261424288138464 0.0 1.6431676725154984 0.6085806194501846 1 0 0 0.09204892364729039 -0.9957544856315613 6.098826486626269
cell 58.34064102492027 47.64640543640266 0.0 1.6431676725154984 0.6085806194501846 1 0 0 0.771727287194742 -0.6359536100998595 4.520079802801114
cell 19.345142576908998 26.36921507605755 0.0 1.0 1.0 1 0 0 0.0 1.0 0
cell 51.46780531337259 7.1562330046149 0.0 1.0 1.0 1 0 0 0.0 1.0 0
cell 50.81089878236882 5.275538672011495 0.0 1.0 1.0 1 0 0 0.0 1.0 0
cell 21.977675069355794 16.413395750625668 0.0 1.6431676725154984 0.6085806194501846 1 0 0 0.829343637109213 -0.558738876029279 4.3273214350219265
cell 11.686107731982267 19.404411954878626 0.0 1.0 1.0 1 0 0 0.0 1.0 0
cell 28.595194988799655 32.173229868461846 0.0 1.0 1.0 1 0 0 0.0 1.0 0
cell 30.242912727292197 14.521124915429557 0.0 1.0 1.0 1 0 0 0.0 1.0 0
cell 1.7848892145788704 0.3353886347689968 0.0 1.6431676725154984 0.6085806194501846 1 0 0 0.9324875561189667 -0.3612021008843622 3.880706064634613
cell 14.081262409925131 25.275588629650922 0.0 1.0 1.0 1 0 0 0.0 1.0 0
cell 17.813194755766453 34.198539946287525 0.0 1.0 1.0 1 0 0 0.0 1.0 0
cell 36.04604179865438 10.671511648972812 0.0 1.6431676725154984 0.6085806194501846 1 0 0 0.7031587776732902 -0.7110328637840901 4.7235246772899595
cell 11.408472441456897 48.00868951577371 0.0 1.6431676725154984 0.6085806194501846 1 0 0 0.989686614203388 0.14324945258755528 2.854104742630042
cell 7.068917956257175 48.24207530552724 0.0 1.6431676725154984 0.6085806194501846 1 0 0 0.8909815018319217 0.45403960553384903 2.1990046305223867
cell 4.309412115655185 40.34128733434135 0.0 1.0 1.0 1 0 0 0.0 1.0 0
cell 20.754477379035546 47.73974981947321 0.0 1.6431676725154984 0.6085806194501846 1 0 0 -0.18321852162605665 -0.9830722116574968 0.36851880216657484
cell 13.686726264137823 1.9223497945907857 0.0 1.0 1.0 1 0 0 0.0 1.0 0
cell 30.45174276363401 49.681461987606546 0.0 1.0 1.0 1 0 0 0.0 1.0 0
cell 18.576675478156353 55.79733611111364 0.0 1.0 1.0 1 0 0 0.0 1.0 0
cell 11.266011024902667 17.579212667298727 0.0 1.0 1.0 1 0 0 0.0 1.0 0
cell 26.131750495038176 26.048735922622278 0.0 1.0 1.0 1 0 0 0.0 1.0 0
cell 1.3783051455817856 35.64482440734367 0.0 1.6431676725154984 0.6085806194501846 1 0 0 -0.20886678870884934 0.9779441009456793 5.862353212999198
cell 31.895606482972777 54.089791042275614 0.0 1.6431676725154984 0.6085806194501846 1 0 0 0.31142084474555004 -0.9502720965376011 5.649809577882563
cell 39.40998650059744 8.283759901341345 0.0 1.0 1.0 1 0 0 0.0 1.0 0
cell 34.979247647177516 23.035123729141244 0.0 1.6431676725154984 0.6085806194501846 1 0 0 0.8649299239206244 -0.5018926446030694 4.193163844749315
cell 19.377369436885726 34.942839612988436 0.0 1.0 1.0 1 0 0 0.0 1.0 0
cell 37.66463785530618 10.594954170843238 0.0 1.0 1.0 1 0 0 0.0 1.0 0
cell 8.96524116153941 41.10770195399158 0.0 1.0 1.0 1 0 0 0.0 1.0 0
cell 44.2058359067425 53.33033078356304 0.0 1.6431676725154984 0.6085806194501846 1 0 0 0.41577831091056827 -0.909465995063232 5.425588457895274
cell 21.825591378662324 36.921209585380396 0.0 1.0 1.0 1 0 0 0.0 1.0 0
cell 21.52245816742214 8.888498558228418 0.0 1.0 1.0 1 0 0 0.0 1.0 0
cell 51.91085557727844 22.478534043675698 0.0 1.6431676725154984 0.6085806194501846 1 0 0 0.8275577665017086 -0.5613805688681284 4.33369885879554
cell 23.450837848200464 54.520858396646574 0.0 1.0 1.0 1 0 0 0.0 1.0 0
cell 3.743683240244083 24.928793148208715 0.0 1.0 1.0 1 0 0 0.0 1.0 0
cell 27.269040769565585 17.215122374259412 0.0 1.0 1.0 1 0 0 0.0 1.0 0
cell 48.981411006551305 32.79339001845709 0.0 1.6431676725154984 0.6085806194501846 1 0 0 -0.631226473593096 0.7755985682266467 4.91691826476419
cell 22.689287927943703 45.67166702808133 0.0 1.0 1.0 1 0 0 0.0 1.0 0
cell 18.069502496808443 2.4341316200037104 0.0 1.6431676725154984 0.6085806194501846 1 0 0 0.3117768367661645 -0.9501553578526432 5.649060289577707
cell 11.506575591616057 55.95567365572319 0.0 1.6431676725154984 0.6085806194501846 1 0 0 -0.19407070718518377 0.9809875435563097 5.892565191458333
cell 27.77807024602182 21.154991361516625 0.0 1.0 1.0 1 0 0 0.0 1.0 0
cell 41.21049091140413 16.258932059281513 0.0 1.0 1.0 1 0 0 0.0 1.0 0
cell 28.14175847025464 27.562754572527044 0.0 1.0 1.0 1 0 0 0.0 1.0 0
cell 30.76055878440331 39.5303199004007 0.0 1.6431676725154984 0.6085806194501846 1 0 0 0.8139044350602964 -0.5809987698689041 4.381503229702664
cell 15.693812497837108 22.246704486756215 0.0 1.0 1.0 1 0 0 0.0 1.0 0
cell 39.0690119881444 9.542514699062359 0.0 1.6431676725154984 0.6085806194501846 1 0 0 -0.08428477971158019 -0.9964417072307694 0.1687697843839091
cell 56.12391300304191 7.026846752519798 0.0 1.0 1.0 1 0 0 0.0 1.0 0
cell 7.997932153360407 54.42019799048236 0.0 1.0 1.0 1 0 0 0.0 1.0 0
cell 58.367214396189105 10.148670678918519 0.0 1.0 1.0 1 0 0 0.0 1.0 0
cell 30.643748959552347 30.53706607041198 0.0 1.0 1.0 1 0 0 0.0 1.0 0
cell 4.275356555719367 33.38570637669849 0.0 1.6431676725154984 0.6085806194501846 1 0 0 -0.0529604162519422 -0.9985966124068422 0.10597040966278648
cell 8.170054256116359 45.22720933114731 0.0 1.0 1.0 1 0 0 0.0 1.0 0
cell 15.093988954497071 53.66138588193343 0.0 1.0 1.0 1 0 0 0.0 1.0 0
cell 48.85990781544224 18.6518730012791 0.0 1.0 1.0 1 0 0 0.0 1.0 0
cell 10.260125035932857 57.607836645827526 0.0 1.6431676725154984 0.6085806194501846 1 0 0 0.26455057696735435 -0.9643718122312783 5.747709575599662
cell 43.610493763334546 28.83702431840032 0.0 1.6431676725154984 0.6085806194501846 1 0 0 0.9532642753201843 0.30213775235525236 2.527723814596409
cell 35.28670476085004 14.862085742393587 0.0 1.0 1.0 1 0 0 0.0 1.0 0
cell 17.100237055790323 15.397224520677206 0.0 1.0 1.0 1 0 0 0.0 1.0 0
cell 44.70143508291738 8.960542201619258 0.0 1.0 1.0 1 0 0 0.0 1.0 0
cell 8.466127777105612 43.44144491588138 0.0 1.0 1.0 1 0 0 0.0 1.0 0
cell 27.242776204587123 11.943107888518215 0.0 1.0 1.0 1 0 0 0.0 1.0 0
cell 4.353135940223748 0.7547575423200946 0.0 1.6431676725154984 0.6085806194501846 1 0 0 0.9880133145750111 -0.154368682777629 3.4515695435291254
cell 3.8977745113139943 28.102581846223515 0.0 1.0 1.0 1 0 0 0.0 1.0 0
cell 2.7626450436747647 10.810695943368664 0.0 1.0 1.0 1 0 0 0.0 1.0 0
cell 22.575198308291654 47.446619462193375 0.0 1.0 1.0 1 0 0 0.0 1.0 0
cell 6.897178749762087 26.243171869093846 0.0 1.0 1.0 1 0 0 0.0 1.0 0
cell 55.01574062345286 40.099296647338235 0.0 1.6431676725154984 0.6085806194501846 1 0 0 -0.251755444819791 0.9677908844391898 5.774197914575104
cell 37.164510049726196 20.96970007531043 0.0 1.0 1.0 1 0 0 0.0 1.0 0
cell 7.797721656148231 27.81593563772193 0.0 1.0 1.0 1 0 0 0.0 1.0 0
cell 57.085792723657555 1.5769364077856562 0.0 1.6431676725154984 0.6085806194501846 1 0 0 0.8277855655401855 -0.5610446127388761 4.332887048657699
cell 47.576880540444286 6.179580928165043 0.0 1.0 1.0 1 0 0 0.0 1.0 0
cell 22.371789952645486 33.2696027486893 0.0 1.0 1.0 1 0 0 0.0 1.0 0
cell 50.51543605491292 30.23013836029605 0.0 1.6431676725154984 0.6085806194501846 1 0 0 -0.2429773555300883 0.9700319606588255 5.79231727831628
cell 52.51151028700159 42.881364151489336 0.0 1.6431676725154984 0.6085806194501846 1 0 0 0.31607174605453076 -0.9487352904504186 5.640013108333535
cell 7.076626863430355 9.99701892530366 0.0 1.0 1.0 1 0 0 0.0 1.0 0
cell 35.248985784651516 46.77486114600877 0.0 1.6431676725154984 0.6085806194501846 1 0 0 0.17828770098766353 -0.9839784020376329 5.924693314239704
cell 32.701091165723696 14.86361397408949 0.0 1.6431676725154984 0.6085806194501846 1 0 0 0.6499446169712059 -0.7599815753491347 4.868162186616997
cell 57.6704411352594 33.88077172388766 0.0 1.6431676725154984 0.6085806194501846 1 0 0 -0.055104264985375156 0.9984806057107076 6.172920926526656
cell 11.944912513247592 0.9295012831587597 0.0 1.0 1.0 1 0 0 0.0 1.0 0
cell 7.434256431449287 24.319153479028422 0.0 1.0 1.0 1 0 0 0.0 1.0 0
cell 57.56428966849621 26.74361692821292 0.0 1.0 1.0 1 0 0 0.0 1.0 0
cell 14.692506442999651 18.39618693368477 0.0 1.0 1.0 1 0 0 0.0 1.0 0
cell 53.99159592244512 45.049104139547495 0.0 1.6431676725154984 0.6085806194501846 1 0 0 0.38783955214691757 -0.9217269019565819 5.486612266470812
cell 33.54125282982591 21.95139463586694 0.0 1.6431676725154984 0.6085806194501846 1 0 0 0.7495422715838578 -0.6619564812802352 4.588444647376654
cell 34.055804268552315 12.026285989778552 0.0 1.6431676725154984 0.6085806194501846 1 0 0 0.4949586243921486 -0.8689165438290561 5.24761088014739
cell 14.48153475963377 42.294403486379906 0.0 1.0 1.0 1 0 0 0.0 1.0 0
cell 3.4316182271343627 21.45419154648803 0.0 1.0 1.0 1 0 0 0.0 1.0 0
cell 46.59190083276518 9.445696062585398 0.0 1.0 1.0 1 0 0 0.0 1.0 0
cell 44.825426200900694 46.46897361424331 0.0 1.6431676725154984 0.6085806194501846 1 0 0 0.8318601152652678 0.5549853589337789 1.9649019223123174
cell 15.633339707166856 27.879953553298865 0.0 1.0 1.0 1 0 0 0.0 1.0 0
cell 55.03092862373462 43.20064922864827 0.0 1.6431676725154984 0.6085806194501846 1 0 0 0.3617839879505209 -0.9322619514184934 5.542823713373661
cell 55.7077929085474 37.43584449576834 0.0 1.0 1.0 1 0 0 0.0 1.0 0
cell 9.050118474078303 21.459974321737747 0.0 1.0 1.0 1 0 0 0.0 1.0 0
cell 43.7654560348797 14.72387304052774 0.0 1.0 1.0 1 0 0 0.0 1.0 0
cell 20.675319549416542 35.817632030072275 0.0 1.0 1.0 1 0 0 0.0 1.0 0
cell 35.25497478659308 30.457768982345993 0.0 1.0 1.0 1 0 0 0.0 1.0 0
cell 32.528558120441325 20.436834106414707 0.0 1.6431676725154984 0.6085806194501846 1 0 0 0.7486105947565622 -0.6630099376466586 4.591257327488184
cell 17.463874833635174 9.180616923779185 0.0 1.6431676725154984 0.6085806194501846 1 0 0 0.8918702499495911 -0.4522913411230133 4.080258277952482
cell 44.906304824330455 17.78633587789466 0.0 1.0 1.0 1 0 0 0.0 1.0 0
cell 10.937708303937493 40.85968899830402 0.0 1.0 1.0 1 0 0 0.0 1.0 0
cell 52.246040985236036 25.124392035872116 0.0 1.6431676725154984 0.6085806194501846 1 0 0 0.5122499337035222 -0.8588364252992167 5.207580314763797
cell 49.907673543020984 16.348824633179213 0.0 1.0 1.0 1 0 0 0.0 1.0 0
cell 40.01565082964882 5.3857767277598105 0.0 1.0 1.0 1 0 0 0.0 1.0 0
cell 54.510623009885066 30.91726702792428 0.0 1.6431676725154984 0.6085806194501846 1 0 0 0.976849448572927 0.21392791968971342 2.710404233702737
cell 56.78767685862068 43.721990377131846 0.0 1.6431676725154984 0.6085806194501846 1 0 0 0.5435853970094152 -0.8393538682570757 5.133779615937365
cell 2.9021039462307976 26.723533682874443 0.0 1.0 1.0 1 0 0 0.0 1.0 0
cell 16.68341151664 52.978699843821566 0.0 1.0 1.0 1 0 0 0.0 1.0 0
cell 31.3112569445098 47.84635673895153 0.0 1.0 1.0 1 0 0 0.0 1.0 0
cell 21.573374380972794 52.10442915193839 0.0 1.0 1.0 1 0 0 0.0 1.0 0
cell 1.540225172966256 30.97193130941862 0.0 1.0 1.0 1 0 0 0.0 1.0 0
cell 17.86163451480508 8.019620592130806 0.0 1.6431676725154984 0.6085806194501846 1 0 0 0.9090376951622929 -0.41671389318575186 4.001247419385722
cell 7.112441165076316 49.7153204373543 0.0 1.6431676725154984 0.6085806194501846 1 0 0 0.951484243127555 0.3076974733077669 2.516048351700463
cell 40.35237086564066 2.208693663183671 0.0 1.0 1.0 1 0 0 0.0 1.0 0
cell 47.056803599903965 14.145891718398165 0.0 1.0 1.0 1 0 0 0.0 1.0 0
cell 33.832979326096854 14.230843793084514 0.0 1.6431676725154984 0.6085806194501846 1 0 0 0.6309735089834672 -0.7758043767349412 4.917570486311683
cell 13.996325697933093 16.51235536748841 0.0 1.0 1.0 1 0 0 0.0 1.0 0
cell 12.05520094025475 16.074240611686573 0.0 1.0 1.0 1 0 0 0.0 1.0 0
cell 50.0559628042868 12.472170484860825 0.0 1.0 1.0 1 0 0 0.0 1.0 0
cell 2.7773540970979793 29.437922442929917 0.0 1.0 1.0 1 0 0 0.0 1.0 0
cell 49.48898928689135 6.706135226285896 0.0 1.0 1.0 1 0 0 0.0 1.0 0
cell 42.05207293980839 45.526344957177706 0.0 1.6431676725154984 0.6085806194501846 1 0 0 0.4624357594636467 -0.8866527890720698 5.321704553391145
cell 46.93223151047245 4.305340451309276 0.0 1.0 1.0 1 0 0 0.0 1.0 0
cell 10.739780701479601 9.38484043889982 0.0 1.0 1.0 1 0 0 0.0 1.0 0
cell 25.52564998594135 51.91888497494627 0.0 1.0 1.0 1 0 0 0.0 1.0 0
cell 55.51302940766789 16.82307386032081 0.0 1.0 1.0 1 0 0 0.0 1.0 0
cell 18.412972261820823 53.92003566216794 0.0 1.0 1.0 1 0 0 0.0 1.0 0
cell 17.919192468340896 17.224492734224256 0.0 1.0 1.0 1 0 0 0.0 1.0 0
cell 54.88812282402054 56.26719742872204 0.0 1.6431676725154984 0.6085806194501846 1 0 0 0.725680569232454 -0.6880317663004096 4.65913924158235
cell 34.41154429040066 48.51479491523075 0.0 1.6431676725154984 0.6085806194501846 1 0 0 0.1872596817805749 -0.9823104456226849 5.906441838036439
cell 24.012151723231472 35.999039653746536 0.0 1.6431676725154984 0.6085806194501846 1 0 0 0.977039908115098 0.2130563727055375 2.7121884635484848
cell 8.447919113177333 35.58338989761478 0.0 1.6431676725154984 0.6085806194501846 1 0 0 -0.13416327734608163 -0.9909592398336868 0.26913811564567514
cell 28.47379259215492 14.055486390722086 0.0 1.0 1.0 1 0 0 0.0 1.0 0
cell 32.694359715715244 26.262597704872945 0.0 1.0 1.0 1 0 0 0.0 1.0 0
cell 4.7693510775087145 29.6607496274479 0.0 1.0 1.0 1 0 0 0.0 1.0 0
cell 11.256824498052834 34.93111354889479 0.0 1.6431676725154984 0.6085806194501846 1 0 0 -0.19336901402803827 -0.981126100159314 0.3891896315503107
cell 3.9425642984949296 49.59298659892028 0.0 1.0 1.0 1 0 0 0.0 1.0 0
cell 55.834854945444846 25.762749359678406 0.0 1.0 1.0 1 0 0 0.0 1.0 0
cell 53.65954082376246 48.043774164819204 0.0 1.6431676725154984 0.6085806194501846 1 0 0 0.5128642026882295 -0.8584697487978051 5.206149541456684
cell 0.8681632804397132 38.383434499890825 0.0 1.6431676725154984 0.6085806194501846 1 0 0 0.5611300843100282 -0.8277276294060871 5.091684398333749
cell 3.5435327314407075 45.15269854295801 0.0 1.0 1.0 1 0 0 0.0 1.0 0
cell 40.57698360753796 10.454931080742586 0.0 1.6431676725154984 0.6085806194501846 1 0 0 0.10347878098523222 -0.9946316614133145 6.075856608710243
cell 10.845535629543472 14.553802520610118 0.0 1.0 1.0 1 0 0 0.0 1.0 0
cell 0.4682162287669129 20.312583140691594 0.0 1.0 1.0 1 0 0 0.0 1.0 0
cell 44.70012228570713 15.979181801295619 0.0 1.0 1.0 1 0 0 0.0 1.0 0
cell 34.16803596003985 20.1435614076458 0.0 1.6431676725154984 0.6085806194501846 1 0 0 0.8151930516117851 -0.5791893374397231 4.377060446628187
cell 28.06381329145781 7.4794925523077795 0.0 1.6431676725154984 0.6085806194501846 1 0 0 -0.22703614360683758 0.9738863329445256 5.825118769296479
cell 30.53901656802584 18.44684815553472 0.0 1.0 1.0 1 0 0 0.0 1.0 0
cell 39.43219736228086 13.580515813545697 0.0 1.0 1.0 1 0 0 0.0 1.0 0
cell 11.145430862424618 35.979739136068055 0.0 1.6431676725154984 0.6085806194501846 1 0 0 0.18750617917067253 0.9822634233100689 0.3772453538372319
cell 27.985081689529572 39.72930670966754 0.0 1.6431676725154984 0.6085806194501846 1 0 0 0.6104646785781935 -0.7920434812612391 4.969891024096801
cell 53.74405437609417 55.77187644085827 0.0 1.6431676725154984 0.6085806194501846 1 0 0 0.6894591183759169 -0.7243245985663495 4.761701211525204
cell 26.465342825860503 43.58548706943094 0.0 1.0 1.0 1 0 0 0.0 1.0 0
cell 35.26017238728334 44.15826057277875 0.0 1.6431676725154984 0.6085806194501846 1 0 0 0.12189206172706381 0.9925433619182216 0.2443918732086348
cell 53.608264647423795 28.23086321090065 0.0 1.6431676725154984 0.6085806194501846 1 0 0 0.5437590039461156 -0.8392414108154627 5.133365920180571
cell 39.412124128876926 0.5188431794440671 0.0 1.0 1.0 1 0 0 0.0 1.0 0
cell 27.829507369634417 29.234086686936777 0.0 1.0 1.0 1 0 0 0.0 1.0 0
cell 26.843605827293526 1.1902898495485954 0.0 1.0 1.0 1 0 0 0.0 1.0 0
cell 40.05340769319134 43.97196706293347 0.0 1.6431676725154984 0.6085806194501846 1 0 0 0.43612046504641466 -0.8998882930495868 5.380619272473602
cell 24.44821561562777 37.416043494792206 0.0 1.0 1.0 1 0 0 0.0 1.0 0
cell 6.056695898687161 45.3545016958112 0.0 1.6431676725154984 0.6085806194501846 1 0 0 0.9338779628301055 0.3575918770613954 2.4102166750756755
cell 0.6440391326725017 0.9570282750263436 0.0 1.6431676725154984 0.6085806194501846 1 0 0 0.9193653974909419 -0.39340471005863975 3.9502566491384963
cell 11.729821020643554 45.13055810053507 0.0 1.0 1.0 1 0 0 0.0 1.0 0
cell 21.704603184858918 28.949066606698743 0.0 1.6431676725154984 0.6085806194501846 1 0 0 -0.04863764120002137 -0.9988164895807928 0.09731367601310481
cell 7.513183587915526 13.379020384420912 0.0 1.0 1.0 1 0 0 0.0 1.0 0
cell 46.03247174905831 23.219733367368647 0.0 1.0 1.0 1 0 0 0.0 1.0 0
cell 23.16732092830129 42.255936187977305 0.0 1.6431676725154984 0.6085806194501846 1 0 0 0.9503072918080243 0.31131342909758725 2.508442993560925
cell 40.93288525263467 20.980892557416038 0.0 1.0 1.0 1 0 0 0.0 1.0 0
cell 41.382442464632454 24.950622764954357 0.0 1.0 1.0 1 0 0 0.0 1.0 0
cell 40.23338432513641 19.242106173716383 0.0 1.0 1.0 1 0 0 0.0 1.0 0
cell 13.924369377532848 26.98705334674304 0.0 1.0 1.0 1 0 0 0.0 1.0 0
cell 0.6870928044081279 49.54978822036807 0.0 1.0 1.0 1 0 0 0.0 1.0 0
cell 17.032254578009123 56.901885521362686 0.0 1.0 1.0 1 0 0 0.0 1.0 0
cell 56.35573979121089 38.43012188927714 0.0 1.6431676725154984 0.6085806194501846 1 0 0 0.2538436746483595 -0.9672452578539829 5.7698812427108965
cell 31.195949905239004 25.26065011205162 0.0 1.0 1.0 1 0 0 0.0 1.0 0
cell 11.501174025578127 52.52855141854325 0.0 1.0 1.0 1 0 0 0.0 1.0 0
cell 57.692486071713795 14.120010667155643 0.0 1.0 1.0 1 0 0 0.0 1.0 0
cell 38.37863962862685 57.89672423293427 0.0 1.0 1.0 1 0 0 0.0 1.0 0
cell 47.3028923169205 19.961320857533845 0.0 1.0 1.0 1 0 0 0.0 1.0 0
cell 55.6099537816929 23.80361774832973 0.0 1.0 1.0 1 0 0 0.0 1.0 0
cell 39.016882514761406 28.780956092233946 0.0 1.6431676725154984 0.6085806194501846 1 0 0 0.10654792784895332 -0.9943075676424746 6.069684183966793
cell 39.86626880831295 22.051891542977124 0.0 1.0 1.0 1 0 0 0.0 1.0 0
cell 56.98604365597996 41.86805740403438 0.0 1.6431676725154984 0.6085806194501846 1 0 0 0.46914621541022566 -0.8831205062539665 5.306537811287399
cell 11.662230280935495 29.351763015886405 0.0 1.0 1.0 1 0 0 0.0 1.0 0
cell 28.468480198303357 49.93860916053174 0.0 1.0 1.0 1 0 0 0.0 1.0 0
cell 41.19272576640892 14.256123236176704 0.0 1.0 1.0 1 0 0 0.0 1.0 0
cell 32.77615850902387 12.468706197905599 0.0 1.6431676725154984 0.6085806194501846 1 0 0 0.5296164693741773 -0.848237228237261 5.16688860459207
cell 5.18786109441068 10.439642007228926 0.0 1.0 1.0 1 0 0 0.0 1.0 0
cell 39.00090448034223 6.690138298553254 0.0 1.0 1.0 1 0 0 0.0 1.0 0
cell 50.698168393523545 59.051335181135855 0.0 1.6431676725154984 0.6085806194501846 1 0 0 0.7288751939626389 -0.6846465888514494 4.649830086380654
cell 57.88669539412916 0.3562065955615333 0.0 1.6431676725154984 0.6085806194501846 1 0 0 0.8934008482057905 -0.4492604193840964 4.073467334369668
cell 2.6407602053880104 8.391075284133663 0.0 1.0 1.0 1 0 0 0.0 1.0 0
cell 20.905217418893365 46.399833257164175 0.0 1.0 1.0 1 0 0 0.0 1.0 0
cell 25.44225714761828 48.85782320647776 0.0 1.0 1.0 1 0 0 0.0 1.0 0
cell 21.083610883551106 27.359886576639187 0.0 1.0 1.0 1 0 0 0.0 1.0 0
cell 29.9375051411608 2.473802742075956 0.0 1.0 1.0 1 0 0 0.0 1.0 0
cell 20.418350203305287 37.773491292900054 0.0 1.0 1.0 1 0 0 0.0 1.0 0
cell 43.69206687410795 27.264435785542652 0.0 1.6431676725154984 0.6085806194501846 1 0 0 0.3664206444492261 -0.9304493061534378 5.532866943308544
cell 41.14116587518854 3.8339740911310587 0.0 1.0 1.0 1 0 0 0.0 1.0 0
cell 37.68356298711517 43.8348203540489 0.0 1.6431676725154984 0.6085806194501846 1 0 0 0.3847157847097045 0.923035083295969 0.7897997778671227
cell 45.3986207781811 29.088197155094836 0.0 1.6431676725154984 0.6085806194501846 1 0 0 0.8522125456525582 0.5231957349141776 2.0403994937106122
cell 51.987324053557955 20.373374252574983 0.0 1.0 1.0 1 0 0 0.0 1.0 0
cell 20.05589494299961 52.94104674578876 0.0 1.0 1.0 1 0 0 0.0 1.0 0
cell 33.442933784089895 4.5630679570352175 0.0 1.0 1.0 1 0 0 0.0 1.0 0
cell 10.444678571388875 20.512519702471494 0.0 1.6431676725154984 0.6085806194501846 1 0 0 -0.8625969614436132 0.5058917691643595 4.202423596250684
cell 32.61829715728754 9.40743898530574 0.0 1.0 1.0 1 0 0 0.0 1.0 0
cell 44.003140072873855 31.970336713522922 0.0 1.6431676725154984 0.6085806194501846 1 0 0 0.544046716983598 -0.8390549265330421 5.132680193760842
cell 55.346801242926524 53.092486569296554 0.0 1.6431676725154984 0.6085806194501846 1 0 0 0.8547171842812673 -0.5190939557481883 4.233173768640498
cell 9.584766132363065 38.79049443682128 0.0 1.6431676725154984 0.6085806194501846 1 0 0 0.4223395949877053 0.9064376793280501 0.8720497205822135
cell 36.88966953132699 25.286797670311344 0.0 1.6431676725154984 0.6085806194501846 1 0 0 0.923774045755601 -0.3829380007107271 3.927541934030005
cell 48.04115904006258 44.95974461878968 0.0 1.6431676725154984 0.6085806194501846 1 0 0 -0.3760818475823552 0.9265864470836178 5.512057185704756
cell 12.155542188041414 21.068671301040787 0.0 1.0 1.0 1 0 0 0.0 1.0 0
cell 30.281709799432427 6.575858810190155 0.0 1.0 1.0 1 0 0 0.0 1.0 0
cell 24.008218926807 34.273278499391154 0.0 1.0 1.0 1 0 0 0.0 1.0 0
cell 2.9920497592817026 53.99542909486835 0.0 1.0 1.0 1 0 0 0.0 1.0 0
cell 28.79896976443864 11.3247198560815 0.0 1.0 1.0 1 0 0 0.0 1.0 0
cell 46.52144685412314 55.46468754288265 0.0 1.6431676725154984 0.6085806194501846 1 0 0 0.9903846147521375 -0.13834129846961923 3.4191654786804015
cell 29.4974869409284 12.693673717568036 0.0 1.0 1.0 1 0 0 0.0 1.0 0
cell 24.20741195530911 10.22296768008801 0.0 1.0 1.0 1 0 0 0.0 1.0 0
cell 31.080668243347848 20.173692199407583 0.0 1.0 1.0 1 0 0 0.0 1.0 0
cell 13.70050850382446 28.710828232513258 0.0 1.0 1.0 1 0 0 0.0 1.0 0
cell 30.33643860317346 56.272329996507665 0.0 1.0 1.0 1 0 0 0.0 1.0 0
cell 2.4136023348191467 51.214483690975065 0.0 1.6431676725154984 0.6085806194501846 1 0 0 0.9182343406784117 0.3960374926681597 2.3271977455830894
cell 47.49982143601906 21.903891655401246 0.0 1.0 1.0 1 0 0 0.0 1.0 0
cell 8.16413099620849 1.876206510051762 0.0 1.6431676725154984 0.6085806194501846 1 0 0 0.8894951360116887 0.4569446388913513 2.192478219070758
cell 15.551578771386808 8.361897534383402 0.0 1.0 1.0 1 0 0 0.0 1.0 0
cell 57.36388302346554 32.591377679810854 0.0 1.0 1.0 1 0 0 0.0 1.0 0
cell 5.417551125983776 32.71442717853595 0.0 1.0 1.0 1 0 0 0.0 1.0 0
cell 56.95665571750487 20.62744614398473 0.0 1.0 1.0 1 0 0 0.0 1.0 0
cell 37.63795669218222 32.63878441684351 0.0 1.6431676725154984 0.6085806194501846 1 0 0 0.5595120378353468 -0.8288222243143203 5.0955914246305545
cell 37.139534693948676 12.382249911272558 0.0 1.0 1.0 1 0 0 0.0 1.0 0
cell 28.766128765492113 15.917457165422313 0.0 1.0 1.0 1 0 0 0.0 1.0 0
cell 18.910765232224684 0.5769603485822689 0.0 1.0 1.0 1 0 0 0.0 1.0 0
cell 36.184748318925905 28.08876101949962 0.0 1.0 1.0 1 0 0 0.0 1.0 0
cell 36.783176978888456 19.33629242839659 0.0 1.0 1.0 1 0 0 0.0 1.0 0
cell 35.323678688359585 4.617378068630301 0.0 1.0 1.0 1 0 0 0.0 1.0 0
cell 29.41457242047618 9.843637742449225 0.0 1.0 1.0 1 0 0 0.0 1.0 0
cell 19.167391912883943 31.066971829858513 0.0 1.6431676725154984 0.6085806194501846 1 0 0 0.08048652352408882 -0.9967556970145726 6.122037952128196
cell 37.33151118374509 54.65522780958343 0.0 1.6431676725154984 0.6085806194501846 1 0 0 0.6388850061709581 -0.7693022480728461 4.897089238169444
cell 45.28795914769664 57.91210654394666 0.0 1.6431676725154984 0.6085806194501846 1 0 0 0.8638763908908247 -0.5037038626628181 4.197354522170054
cell 32.29812639303925 31.70257587685924 0.0 1.0 1.0 1 0 0 0.0 1.0 0
cell 45.673306911257164 31.842881345667703 0.0 1.6431676725154984 0.6085806194501846 1 0 0 0.6926353251988844 0.7212879496335951 1.530272623994128
cell 36.658920130482024 8.552276224741483 0.0 1.6431676725154984 0.6085806194501846 1 0 0 0.7408940412809963 -0.6716219320378939 4.614384206643213
cell 0.5538066615185725 5.646002906661609 0.0 1.6431676725154984 0.6085806194501846 1 0 0 0.39243370058271615 0.9197802947698733 0.8065521250432032
cell 13.611968371310095 44.572658166772776 0.0 1.0 1.0 1 0 0 0.0 1.0 0
cell 27.62662821441371 37.29990800165349 0.0 1.6431676725154984 0.6085806194501846 1 0 0 0.6352261569859319 -0.7723261807558282 4.906582686127954
cell 15.520503894890789 29.529249278661805 0.0 1.0 1.0 1 0 0 0.0 1.0 0
cell 13.898938621255194 34.93511673666603 0.0 1.6431676725154984 0.6085806194501846 1 0 0 -0.009825159381747751 -0.9999517319566597 0.019650634930412636
cell 2.764477229180972 18.039107438668943 0.0 1.0 1.0 1 0 0 0.0 1.0 0
cell 5.149000963188608 4.344568440142139 0.0 1.6431676725154984 0.6085806194501846 1 0 0 0.9885785299839448 -0.15070663573573279 3.4441587209823026
cell 28.377925543757517 5.967927279477931 0.0 1.0 1.0 1 0 0 0.0 1.0 0
cell 36.684082960697324 17.58576873622915 0.0 1.0 1.0 1 0 0 0.0 1.0 0
cell 16.804069376222714 43.23319911438758 0.0 1.0 1.0 1 0 0 0.0 1.0 0
cell 50.469216490446634 14.43558763731077 0.0 1.0 1.0 1 0 0 0.0 1.0 0
cell 58.66670321474346 38.84698574441033 0.0 1.6431676725154984 0.6085806194501846 1 0 0 0.4787249156171432 -0.8779649509902768 5.284781670581254
cell 40.22745011156262 52.92075402619921 0.0 1.6431676725154984 0.6085806194501846 1 0 0 0.34681323118914853 -0.9379342102046082 5.574842679752395
cell 25.725185085382613 39.94942040965075 0.0 1.6431676725154984 0.6085806194501846 1 0 0 0.9104520752733385 0.413614577391164 2.288751474431899
cell 0.4732287651198935 13.427752850312924 0.0 1.0 1.0 1 0 0 0.0 1.0 0
cell 23.358777005200228 52.10582016555377 0.0 1.0 1.0 1 0 0 0.0 1.0 0
cell 29.321057584366425 48.02924625141731 0.0 1.0 1.0 1 0 0 0.0 1.0 0
cell 53.32875286827842 35.55746571647715 0.0 1.0 1.0 1 0 0 0.0 1.0 0
cell 13.906199953692264 21.69525935283423 0.0 1.0 1.0 1 0 0 0.0 1.0 0
cell 27.534156873055966 58.41167040412367 0.0 1.0 1.0 1 0 0 0.0 1.0 0
cell 39.133726369104934 3.86526191214876 0.0 1.0 1.0 1 0 0 0.0 1.0 0
cell 33.601981859595696 7.774074025954653 0.0 1.0 1.0 1 0 0 0.0 1.0 0
cell 33.61641931383717 50.83989754247297 0.0 1.6431676725154984 0.6085806194501846 1 0 0 0.5333742886679498 -0.8458793461173754 5.158015984637653
cell 36.69440250706486 15.63869423709177 0.0 1.0 1.0 1 0 0 0.0 1.0 0
cell 43.38345535548225 46.84304207263171 0.0 1.6431676725154984 0.6085806194501846 1 0 0 0.49976320328967716 -0.866162075270928 5.236534571409635
cell 21.413028666708506 5.765282426278505 0.0 1.0 1.0 1 0 0 0.0 1.0 0
cell 43.79451896842946 51.86715822183958 0.0 1.6431676725154984 0.6085806194501846 1 0 0 0.4136435182807042 -0.9104389269931074 5.430280552795055
cell 37.742181248221414 46.60686693494682 0.0 1.6431676725154984 0.6085806194501846 1 0 0 0.25295143513499047 -0.9674789772719347 5.771725928240579
cell 58.42056077669391 8.142205065951943 0.0 1.0 1.0 1 0 0 0.0 1.0 0
cell 55.34636637108974 32.338348226522776 0.0 1.0 1.0 1 0 0 0.0 1.0 0
cell 25.973910967769413 20.45998958806358 0.0 1.0 1.0 1 0 0 0.0 1.0 0
cell 1.8418358917528508 42.90146869069348 0.0 1.0 1.0 1 0 0 0.0 1.0 0
cell 7.759579511673326 4.165290595295737 0.0 1.0 1.0 1 0 0 0.0 1.0 0
cell 16.744290294481612 45.628653857392194 0.0 1.6431676725154984 0.6085806194501846 1 0 0 0.9876525960341244 0.1566599806812664 2.82697672652574
cell 9.362159116008462 3.707452565748077 0.0 1.6431676725154984 0.6085806194501846 1 0 0 0.8408677710317222 -0.5412406042049536 4.285416244881676
cell 37.93136392871668 5.45586912054429 0.0 1.0 1.0 1 0 0 0.0 1.0 0
cell 5.586738960204953 13.697513118330548 0.0 1.0 1.0 1 0 0 0.0 1.0 0
cell 22.806105379186224 1.9607492750071505 0.0 1.0 1.0 1 0 0 0.0 1.0 0
cell 45.81882816587353 47.25953749441321 0.0 1.6431676725154984 0.6085806194501846 1 0 0 0.45566876384111193 -0.8901494131096829 5.336938579770437
cell 10.47773275953333 0.08745298454722705 0.0 1.6431676725154984 0.6085806194501846 1 0 0 0.49805929957293965 -0.8671429721268072 5.240466719811171
cell 34.51236708468785 32.20384683024515 0.0 1.6431676725154984 0.6085806194501846 1 0 0 0.988564244712422 0.15080031192328058 2.8388370678910158
cell 32.37998014513814 23.705185288338708 0.0 1.0 1.0 1 0 0 0.0 1.0 0
cell 15.194996593894173 40.653676678678856 0.0 1.0 1.0 1 0 0 0.0 1.0 0
cell 4.882652182927967 50.59280476790804 0.0 1.6431676725154984 0.6085806194501846 1 0 0 0.9541062163612669 0.2994684088527326 2.533321765852268
cell 44.144827850418515 12.007512188611829 0.0 1.6431676725154984 0.6085806194501846 1 0 0 0.37633345491739023 0.9264842851931924 0.7716712358397737
cell 25.396772709509847 32.983140785818144 0.0 1.0 1.0 1 0 0 0.0 1.0 0
cell 4.040899240946314 19.57500097508924 0.0 1.0 1.0 1 0 0 0.0 1.0 0
cell 32.91872983748914 28.023493162706732 0.0 1.0 1.0 1 0 0 0.0 1.0 0
cell 9.514562496122137 47.90169963846761 0.0 1.6431676725154984 0.6085806194501846 1 0 0 0.8998844387441789 0.4361284179070129 2.2390089436285776
cell 56.53147904310892 10.918283729781448 0.0 1.0 1.0 1 0 0 0.0 1.0 0
cell 45.416392196000906 14.117759894214345 0.0 1.0 1.0 1 0 0 0.0 1.0 0
cell 27.33614228985457 24.14496019763103 0.0 1.0 1.0 1 0 0 0.0 1.0 0
cell 41.18397211305709 29.17085165482056 0.0 1.6431676725154984 0.6085806194501846 1 0 0 0.1813889648985519 -0.9834114314024582 5.918387982597799
cell 36.18343158286556 13.664365921687912 0.0 1.0 1.0 1 0 0 0.0 1.0 0
cell 58.54675217967228 52.63014800606516 0.0 1.0 1.0 1 0 0 0.0 1.0 0
cell 16.46581831103087 10.188867227299234 0.0 1.0 1.0 1 0 0 0.0 1.0 0
cell 20.00986589423583 51.08112671645761 0.0 1.0 1.0 1 0 0 0.0 1.0 0
cell 17.527060300661333 27.106775991426744 0.0 1.0 1.0 1 0 0 0.0 1.0 0
cell 54.95449239191089 8.705865816304703 0.0 1.0 1.0 1 0 0 0.0 1.0 0
cell 24.2998816799672 25.240733120524347 0.0 1.0 1.0 1 0 0 0.0 1.0 0
cell 57.63073454980118 43.960696888418255 0.0 1.6431676725154984 0.6085806194501846 1 0 0 0.5626585210573046 -0.8266894148842155 5.087988990775637
cell 29.713531847568966 26.635005280376305 0.0 1.0 1.0 1 0 0 0.0 1.0 0
cell 34.63164368984482 10.200476753273973 0.0 1.6431676725154984 0.6085806194501846 1 0 0 0.31510421083289814 -0.9490570774802622 5.642052393882693
cell 11.360213822506923 54.50235653783115 0.0 1.0 1.0 1 0 0 0.0 1.0 0
cell 51.89536089669318 11.002718593603085 0.0 1.0 1.0 1 0 0 0.0 1.0 0
cell 2.6469488024431964 23.312176535276983 0.0 1.0 1.0 1 0 0 0.0 1.0 0
cell 13.150488862284853 14.70767972361107 0.0 1.0 1.0 1 0 0 0.0 1.0 0
cell 47.32421634631025 15.587313696901719 0.0 1.6431676725154984 0.6085806194501846 1 0 0 -0.10714860735407478 -0.994243016541772 0.2147093992136737
cell 1.0214653289821267 41.84699341928679 0.0 1.6431676725154984 0.6085806194501846 1 0 0 0.4793323969042984 -0.8776334390153899 5.283397569829355
cell 41.30159214875821 22.975096528258685 0.0 1.0 1.0 1 0 0 0.0 1.0 0
cell 31.47060112685223 57.733980617309804 0.0 1.0 1.0 1 0 0 0.0 1.0 0
cell 38.81814317327651 11.918651951569142 0.0 1.0 1.0 1 0 0 0.0 1.0 0
cell 59.00839141310071 37.10955430409608 0.0 1.6431676725154984 0.6085806194501846 1 0 0 0.24851304839665106 -0.9686285484005743 5.780895623424558
cell 14.416512430296745 45.63291798395142 0.0 1.6431676725154984 0.6085806194501846 1 0 0 0.9864308002312402 0.16417757567693333 2.8117442218195294
cell 7.110997553371974 20.64675256958677 0.0 1.0 1.0 1 0 0 0.0 1.0 0
cell 58.86856841937348 57.130151274355526 0.0 1.6431676725154984 0.6085806194501846 1 0 0 0.9540985954565454 -0.29949268797058687 3.7499144354822906
cell 28.95310906426809 41.530764507533966 0.0 1.6431676725154984 0.6085806194501846 1 0 0 0.7278995177743393 -0.6856838134474842 4.652678088648695
cell 7.003946023000979 46.44043574647225 0.0 1.0 1.0 1 0 0 0.0 1.0 0
cell 41.640212943052376 18.13789308254595 0.0 1.0 1.0 1 0 0 0.0 1.0 0
cell 27.867818561870163 25.88738329482829 0.0 1.0 1.0 1 0 0 0.0 1.0 0
cell 30.801246229191594 8.671478448531499 0.0 1.0 1.0 1 0 0 0.0 1.0 0
cell 5.259775249674576 31.28691683902548 0.0 1.0 1.0 1 0 0 0.0 1.0 0
cell 36.00522332341376 32.95259701756073 0.0 1.6431676725154984 0.6085806194501846 1 0 0 0.41929654317455206 -0.9078493315974138 5.417844666122766
cell 24.34666330134494 21.484108826430557 0.0 1.0 1.0 1 0 0 0.0 1.0 0
cell 32.01293720996233 43.91244663396708 0.0 1.6431676725154984 0.6085806194501846 1 0 0 0.891062909617911 -0.45387982011019457 4.0838220202237245
cell 2.4049591318559442 6.291561112175246 0.0 1.6431676725154984 0.6085806194501846 1 0 0 0.4820035664301883 0.8761692541675832 1.0058800246315602
cell 6.866872202475259 31.118772747709254 0.0 1.0 1.0 1 0 0 0.0 1.0 0
cell 42.380374637007854 2.2236613162889047 0.0 1.0 1.0 1 0 0 0.0 1.0 0
cell 58.3711350891697 40.97683201348565 0.0 1.6431676725154984 0.6085806194501846 1 0 0 0.5539972212847032 -0.8325185155951954 5.10886936614432
cell 53.75864331791426 10.28304870074263 0.0 1.0 1.0 1 0 0 0.0 1.0 0
cell 25.768331098731846 10.937212548197751 0.0 1.0 1.0 1 0 0 0.0 1.0 0
cell 20.692350032833385 32.2071178500224 0.0 1.0 1.0 1 0 0 0.0 1.0 0
cell 43.03418620273468 9.482722446606004 0.0 1.0 1.0 1 0 0 0.0 1.0 0
cell 22.658104524539176 20.311707511804162 0.0 1.0 1.0 1 0 0 0.0 1.0 0
cell 28.833792703058897 35.67970091076346 0.0 1.6431676725154984 0.6085806194501846 1 0 0 0.6937164117495414 -0.7202482489179275 4.749912865771052
cell 55.862638003844125 14.861557275136983 0.0 1.0 1.0 1 0 0 0.0 1.0 0
cell 12.53057583528621 37.4844893247439 0.0 1.6431676725154984 0.6085806194501846 1 0 0 -0.2507156429005161 0.9680607761938198 5.776346430064018
cell 39.2879779637108 48.56262934511645 0.0 1.6431676725154984 0.6085806194501846 1 0 0 0.3264421064674927 -0.9452171978572259 5.618111277447904
cell 12.050301568032602 50.004259582060655 0.0 1.0 1.0 1 0 0 0.0 1.0 0
cell 6.260882512764405 6.488100635403749 0.0 1.0 1.0 1 0 0 0.0 1.0 0
cell 34.967355038712945 24.690339366611312 0.0 1.6431676725154984 0.6085806194501846 1 0 0 0.8862274220826514 -0.46325042509288444 4.104911468555232
cell 56.79129609308405 18.11501178002034 0.0 1.0 1.0 1 0 0 0.0 1.0 0
cell 6.991519510974419 1.383701499304286 0.0 1.6431676725154984 0.6085806194501846 1 0 0 0.5135426811328022 -0.8580640504385049 5.204568498521109
cell 51.40930371534895 52.98144474253302 0.0 1.6431676725154984 0.6085806194501846 1 0 0 0.5398180752265475 -0.8417817090307353 5.142743355751167
cell 2.27067128318361 19.94972962428443 0.0 1.0 1.0 1 0 0 0.0 1.0 0
cell 12.075899726540415 31.043274271731313 0.0 1.0 1.0 1 0 0 0.0 1.0 0
cell 46.28357157611849 16.658218834235157 0.0 1.0 1.0 1 0 0 0.0 1.0 0
cell 43.63250885524596 39.28735544624847 0.0 1.6431676725154984 0.6085806194501846 1 0 0 0.16199664427633276 -0.9867913088607982 5.957757929688961
cell 1.972276560430961 46.35827542944525 0.0 1.0 1.0 1 0 0 0.0 1.0 0
cell 48.5804745359607 37.425938745418996 0.0 1.6431676725154984 0.6085806194501846 1 0 0 0.9449318850363636 0.32726706623432883 2.4747728150816073
cell 45.97876605016695 52.659354649209384 0.0 1.6431676725154984 0.6085806194501846 1 0 0 0.5362387713190058 -0.8440663363351739 5.151235932621749
cell 53.02028129685397 8.438842531480951 0.0 1.0 1.0 1 0 0 0.0 1.0 0
cell 52.35779398280054 41.69301688500888 0.0 1.6431676725154984 0.6085806194501846 1 0 0 0.29728085269918214 -0.9547900788227992 5.679498335711276
cell 50.79956720148999 28.064143769107822 0.0 1.6431676725154984 0.6085806194501846 1 0 0 0.42853547436913053 0.9035249566045336 0.8857425008788913
cell 52.435561563066294 44.80476395717213 0.0 1.0 1.0 1 0 0 0.0 1.0 0
cell 30.371670540519318 16.51779201181359 0.0 1.0 1.0 1 0 0 0.0 1.0 0
cell 51.639195726411465 49.148081919699834 0.0 1.6431676725154984 0.6085806194501846 1 0 0 -0.3857652356175418 0.9225969775524644 5.491111076420154
cell 28.011132536557213 2.7556239761156203 0.0 1.0 1.0 1 0 0 0.0 1.0 0
cell 4.894040776462548 26.4397903154613 0.0 1.0 1.0 1 0 0 0.0 1.0 0
cell 30.549697016409368 53.05178353902304 0.0 1.0 1.0 1 0 0 0.0 1.0 0
cell 51.46622714046688 9.123812582375583 0.0 1.0 1.0 1 0 0 0.0 1.0 0
cell 54.512091528156624 13.70131849558482 0.0 1.0 1.0 1 0 0 0.0 1.0 0
cell 0.3346960001604352 2.763707969225169 0.0 1.6431676725154984 0.6085806194501846 1 0 0 0.9639386283229228 -0.2661246340099356 3.680333537211351
cell 51.78693324699318 36.74461640733132 0.0 1.0 1.0 1 0 0 0.0 1.0 0
cell 54.64805534338259 34.06484624005054 0.0 1.0 1.0 1 0 0 0.0 1.0 0
cell 19.858100835973584 19.258624027018634 0.0 1.0 1.0 1 0 0 0.0 1.0 0
cell 0.011976674690183115 15.370875672325855 0.0 1.0 1.0 1 0 0 0.0 1.0 0
cell 26.280872009629768 27.993036499997533 0.0 1.0 1.0 1 0 0 0.0 1.0 0
cell 27.414560631521326 48.52362616120532 0.0 1.0 1.0 1 0 0 0.0 1.0 0
cell 5.020129907771891 15.664348531653236 0.0 1.0 1.0 1 0 0 0.0 1.0 0
cell 23.790347186901503 32.25393810459294 0.0 1.0 1.0 1 0 0 0.0 1.0 0
cell 15.492507581208459 31.31151089274223 0.0 1.0 1.0 1 0 0 0.0 1.0 0
cell 36.2263452553009 6.014039124209306 0.0 1.0 1.0 1 0 0 0.0 1.0 0
cell 18.286681021969038 4.185872770353098 0.0 1.0 1.0 1 0 0 0.0 1.0 0
cell 44.97782002696901 10.579561409309502 0.0 1.0 1.0 1 0 0 0.0 1.0 0
cell 19.514487851818267 22.50588849545914 0.0 1.0 1.0 1 0 0 0.0 1.0 0
cell 20.811930795616142 1.1731155945561254 0.0 1.0 1.0 1 0 0 0.0 1.0 0
cell 5.656245470511042 39.05082053605418 0.0 1.0 1.0 1 0 0 0.0 1.0 0
cell 4.978416772488923 56.5773848401287 0.0 1.6431676725154984 0.6085806194501846 1 0 0 0.4909176084087769 0.8712060042000438 1.0262854060406064
cell 6.295113749370935 17.1295876931777 0.0 1.0 1.0 1 0 0 0.0 1.0 0
cell 22.633140400205185 43.91713994106901 0.0 1.0 1.0 1 0 0 0.0 1.0 0
cell 15.22710897846659 32.943312420986764 0.0 1.0 1.0 1 0 0 0.0 1.0 0
cell 10.088114802956069 18.26092534801945 0.0 1.6431676725154984 0.6085806194501846 1 0 0 -0.8361026716642499 0.5485729873370576 4.3029057276285245
cell 57.724966152137554 57.65948459422773 0.0 1.6431676725154984 0.6085806194501846 1 0 0 0.9434608839111727 -0.3314838767263783 3.8173445396096364
cell 20.325911482910172 56.65461989897409 0.0 1.0 1.0 1 0 0 0.0 1.0 0
cell 48.215442974202176 46.327555262642974 0.0 1.6431676725154984 0.6085806194501846 1 0 0 0.272861461713771 -0.9620533367290113 5.730453087454079
cell 26.16685525301631 41.6678018446101 0.0 1.0 1.0 1 0 0 0.0 1.0 0
cell 48.300652771370046 9.98403792715987 0.0 1.0 1.0 1 0 0 0.0 1.0 0
cell 8.41737676553891 56.796993877951586 0.0 1.6431676725154984 0.6085806194501846 1 0 0 0.022763422415903123 0.9997408797283 0.04553077754889544
cell 9.328650029054447 36.647282330550304 0.0 1.6431676725154984 0.6085806194501846 1 0 0 -0.027442634671368576 -0.9996233799798271 0.05489216067799685
cell 25.78330760511649 8.966386427813912 0.0 1.0 1.0 1 0 0 0.0 1.0 0
cell 3.8216071749518736 52.11426984279834 0.0 1.6431676725154984 0.6085806194501846 1 0 0 0.9940025644302398 -0.10935676433630878 3.3607444739922516
cell 13.524409439677603 33.62806299406178 0.0 1.0 1.0 1 0 0 0.0 1.0 0
cell 55.96446432783722 51.83815110871787 0.0 1.6431676725154984 0.6085806194501846 1 0 0 0.8578943577466479 -0.5138261096387244 4.22087015076378
cell 39.96151537973084 46.30474895524842 0.0 1.6431676725154984 0.6085806194501846 1 0 0 0.34353914002135005 -0.9391383600265678 5.581819688312086
cell 26.892889474229538 13.669030735970832 0.0 1.0 1.0 1 0 0 0.0 1.0 0
cell 35.75744417438356 22.365291449726122 0.0 1.6431676725154984 0.6085806194501846 1 0 0 0.8470868722612964 -0.5314544485114167 4.262225939174262
cell 48.73230053385812 14.789326649858797 0.0 1.0 1.0 1 0 0 0.0 1.0 0
cell 1.187561811728492 9.557125748648975 0.0 1.0 1.0 1 0 0 0.0 1.0 0
cell 41.963509429961775 5.648159675779198 0.0 1.0 1.0 1 0 0 0.0 1.0 0
cell 5.836409264990019 27.95147365685983 0.0 1.0 1.0 1 0 0 0.0 1.0 0
cell 53.25580732063149 12.247126641169746 0.0 1.0 1.0 1 0 0 0.0 1.0 0
cell 35.77996088876163 41.40526887726756 0.0 1.6431676725154984 0.6085806194501846 1 0 0 0.9690073315894983 0.24703196417832263 2.6423604770685474
cell 12.374925955262084 39.014002253505254 0.0 1.0 1.0 1 0 0 0.0 1.0 0
cell 58.20253924889646 19.22346211431829 0.0 1.0 1.0 1 0 0 0.0 1.0 0
cell 20.09235072501747 17.27490580153897 0.0 1.0 1.0 1 0 0 0.0 1.0 0
cell 43.729088451777564 5.735185365969601 0.0 1.0 1.0 1 0 0 0.0 1.0 0
cell 0.5675544385648903 44.270360439284865 0.0 1.0 1.0 1 0 0 0.0 1.0 0
cell 42.22244041548111 37.260345965796915 0.0 1.6431676725154984 0.6085806194501846 1 0 0 0.4865915117619532 0.8736296129832235 1.0163679381951114
cell 56.68064099434227 28.506472614622083 0.0 1.0 1.0 1 0 0 0.0 1.0 0
cell 33.44387784411429 57.25703263302677 0.0 1.0 1.0 1 0 0 0.0 1.0 0
cell 8.834700251677447 5.821521529555093 0.0 1.0 1.0 1 0 0 0.0 1.0 0
cell 50.51445969005817 38.27016839440116 0.0 1.0 1.0 1 0 0 0.0 1.0 0
cell 28.697863069105992 33.588567263381464 0.0 1.6431676725154984 0.6085806194501846 1 0 0 0.9654474596668666 -0.2605977793896065 3.6688753028278955
cell 10.068543664478632 16.19963779742643 0.0 1.0 1.0 1 0 0 0.0 1.0 0
cell 29.723579532715124 21.586952237311912 0.0 1.0 1.0 1 0 0 0.0 1.0 0
cell 9.900533851302685 45.33678205852713 0.0 1.0 1.0 1 0 0 0.0 1.0 0
cell 22.934054684603485 40.61247228802383 0.0 1.6431676725154984 0.6085806194501846 1 0 0 -0.9942820383940453 0.10678589853993986 3.3555724491020453
cell 56.03797722540909 57.735875315985055 0.0 1.6431676725154984 0.6085806194501846 1 0 0 0.7605404664584989 -0.6492905350296497 4.554895096955402
cell 26.524581594623765 6.78328688092582 0.0 1.0 1.0 1 0 0 0.0 1.0 0
cell 29.227073608725753 4.345310392856274 0.0 1.0 1.0 1 0 0 0.0 1.0 0
cell 17.922716215695935 23.776907831409492 0.0 1.0 1.0 1 0 0 0.0 1.0 0
cell 53.424488301672724 5.306179469961019 0.0 1.6431676725154984 0.6085806194501846 1 0 0 0.19500122325467406 -0.9808029990416938 5.890667912458352
cell 48.03333557173353 8.059373950584789 0.0 1.0 1.0 1 0 0 0.0 1.0 0
cell 0.8918383363361593 29.262817420499065 0.0 1.0 1.0 1 0 0 0.0 1.0 0
cell 25.229254729436885 4.556800191294548 0.0 1.0 1.0 1 0 0 0.0 1.0 0
cell 1.0194505486449288 26.969374104277186 0.0 1.0 1.0 1 0 0 0.0 1.0 0
cell 4.357381655132927 7.273013678699329 0.0 1.0 1.0 1 0 0 0.0 1.0 0
cell 39.74358154304556 50.31369245213737 0.0 1.6431676725154984 0.6085806194501846 1 0 0 0.2295813332140042 -0.9732894797744812 5.819890298110657
cell 54.6521126587239 50.606904976296995 0.0 1.6431676725154984 0.6085806194501846 1 0 0 0.6807075663927245 -0.7325552600696378 4.785729127534856
cell 34.46592314592245 28.638353390311398 0.0 1.0 1.0 1 0 0 0.0 1.0 0
cell 13.656143094302983 11.397219913300548 0.0 1.0 1.0 1 0 0 0.0 1.0 0
cell 22.244835290578276 3.958404187844125 0.0 1.0 1.0 1 0 0 0.0 1.0 0
cell 54.109977066189124 6.834427610630541 0.0 1.0 1.0 1 0 0 0.0 1.0 0
cell 43.51320850093561 18.840049211226756 0.0 1.0 1.0 1 0 0 0.0 1.0 0
cell 43.10726587256745 25.811303802722854 0.0 1.0 1.0 1 0 0 0.0 1.0 0
cell 29.24768491467843 24.725325862491687 0.0 1.0 1.0 1 0 0 0.0 1.0 0
cell 30.605987607798134 44.44860209224912 0.0 1.6431676725154984 0.6085806194501846 1 0 0 0.8914111469642598 -0.4531955064515344 4.082286371225046
cell 8.291918110826993 52.51668413070817 0.0 1.0 1.0 1 0 0 0.0 1.0 0
cell 53.17647265843605 21.625841590499082 0.0 1.0 1.0 1 0 0 0.0 1.0 0
cell 3.663756118825083 5.376469193046075 0.0 1.0 1.0 1 0 0 0.0 1.0 0
cell 38.427366304851006 18.405360573071825 0.0 1.0 1.0 1 0 0 0.0 1.0 0
cell 50.772905774335605 35.18508218108852 0.0 1.6431676725154984 0.6085806194501846 1 0 0 0.8383016375927804 0.5452067171351271 1.9883212828554346
cell 42.49128177851639 57.859628616034 0.0 1.0 1.0 1 0 0 0.0 1.0 0
cell 33.5677356587718 17.238362513800965 0.0 1.6431676725154984 0.6085806194501846 1 0 0 0.8294079797827983 -0.5586433594634569 4.327091101402972
cell 47.04608723647337 44.23212322854506 0.0 1.6431676725154984 0.6085806194501846 1 0 0 -0.35616363318875066 0.934423601154096 5.55486717247817
cell 48.97643243382804 24.790430707645235 0.0 1.0 1.0 1 0 0 0.0 1.0 0
cell 57.0628472445549 47.30557220450876 0.0 1.0 1.0 1 0 0 0.0 1.0 0
cell 1.509301276915406 33.64855108745062 0.0 1.6431676725154984 0.6085806194501846 1 0 0 -0.13951253951925754 0.9902203044357794 6.003247061501028
cell 31.680509624012355 29.281427776331263 0.0 1.0 1.0 1 0 0 0.0 1.0 0
cell 5.3660417581809625 35.41350462595293 0.0 1.6431676725154984 0.6085806194501846 1 0 0 0.27130341299630484 -0.9624938743163804 5.733691352263888
cell 56.781782615484815 8.935311323832199 0.0 1.0 1.0 1 0 0 0.0 1.0 0
cell 15.232861937473489 39.41022046855612 0.0 1.6431676725154984 0.6085806194501846 1 0 0 0.9940999794285925 0.10846764909442741 2.9242297050648993
cell 0.3170679693457537 56.05723840685001 0.0 1.6431676725154984 0.6085806194501846 1 0 0 0.9803649922863246 -0.19719148536241324 3.5385773070197244
cell 19.536992018925112 2.6859477348457332 0.0 1.0 1.0 1 0 0 0.0 1.0 0
cell 19.225214179024015 28.060488090527148 0.0 1.0 1.0 1 0 0 0.0 1.0 0
cell 6.873692993404385 40.181811393170975 0.0 1.0 1.0 1 0 0 0.0 1.0 0
cell 13.613489377538075 36.03473515761897 0.0 1.6431676725154984 0.6085806194501846 1 0 0 0.040834447692188254 0.9991659261012027 0.08169160892712764
cell 25.26560985359815 14.791011893056552 0.0 1.0 1.0 1 0 0 0.0 1.0 0
cell 15.994802603213502 41.92254351690344 0.0 1.0 1.0 1 0 0 0.0 1.0 0
cell 14.113413835023467 23.49333997883869 0.0 1.0 1.0 1 0 0 0.0 1.0 0
cell 57.21543454160145 39.15710478520192 0.0 1.6431676725154984 0.6085806194501846 1 0 0 -0.37562266812440415 0.9267726858249027 5.513048206690171
cell 52.50749374510107 3.9157052977805047 0.0 1.6431676725154984 0.6085806194501846 1 0 0 0.9948655286535377 0.1012056317450615 2.9388342521027013
cell 13.944985924737466 46.87745835848249 0.0 1.6431676725154984 0.6085806194501846 1 0 0 0.9922759617810499 0.12405005308943766 2.8928517890421874
cell 6.067757723794534 55.18129325207721 0.0 1.6431676725154984 0.6085806194501846 1 0 0 0.9847043618589493 -0.17423352070126866 3.49184731214614
cell 11.336491072859179 4.319094942134254 0.0 1.0 1.0 1 0 0 0.0 1.0 0
cell 32.853961117229424 18.094401322545256 0.0 1.6431676725154984 0.6085806194501846 1 0 0 0.7800421355590783 -0.625726990589692 4.493719001228669
cell 58.99847682000753 25.33266577026323 0.0 1.0 1.0 1 0 0 0.0 1.0 0
cell 29.34884385438576 54.79646269235452 0.0 1.0 1.0 1 0 0 0.0 1.0 0
cell 4.492300049192043 23.087218023968635 0.0 1.0 1.0 1 0 0 0.0 1.0 0
cell 14.463021756607528 6.635468916026919 0.0 1.0 1.0 1 0 0 0.0 1.0 0
cell 38.20838024492662 16.42485122842397 0.0 1.0 1.0 1 0 0 0.0 1.0 0
cell 13.627973294312445 8.162243839049506 0.0 1.0 1.0 1 0 0 0.0 1.0 0
cell 3.79939827543295 46.50293342972865 0.0 1.6431676725154984 0.6085806194501846 1 0 0 0.9326593782397233 0.36075820736539405 2.4034312179682713
cell 44.005777239260816 20.747887968944084 0.0 1.0 1.0 1 0 0 0.0 1.0 0
cell 32.25827987508257 11.047799116994385 0.0 1.0 1.0 1 0 0 0.0 1.0 0
cell 9.016886953928983 34.45937278228072 0.0 1.0 1.0 1 0 0 0.0 1.0 0
cell 43.68655923470865 13.27408373382397 0.0 1.0 1.0 1 0 0 0.0 1.0 0
cell 48.80885599392513 39.15878111806201 0.0 1.6431676725154984 0.6085806194501846 1 0 0 -0.5187351570889476 0.8549349898091111 5.192443657979095
cell 49.13609878704162 57.027831126145635 0.0 1.6431676725154984 0.6085806194501846 1 0 0 0.8388727447464499 -0.544327583465653 4.292767322637757
cell 0.9499786207719473 18.503965897207785 0.0 1.0 1.0 1 0 0 0.0 1.0 0
cell 9.967108069208196 11.187714488367538 0.0 1.0 1.0 1 0 0 0.0 1.0 0
cell 45.78103065527842 50.476600370661664 0.0 1.6431676725154984 0.6085806194501846 1 0 0 0.5560176202467132 -0.8311705035521785 5.10401173242663
cell 54.85816976818038 36.48016019915883 0.0 1.6431676725154984 0.6085806194501846 1 0 0 -0.16665870570832927 0.9860146427977753 5.948305296499934
cell 11.373787301564574 39.5776398510249 0.0 1.6431676725154984 0.6085806194501846 1 0 0 -0.45200599037043504 -0.8920149015959555 0.9380257832834644
cell 53.388375089943494 46.7997216180349 0.0 1.6431676725154984 0.6085806194501846 1 0 0 0.39322547771785116 -0.9194420719510108 5.474911199845282
cell 11.66081965172577 46.63048058871391 0.0 1.6431676725154984 0.6085806194501846 1 0 0 0.9772201369054133 0.21222818857674236 2.713883599426285
cell 54.19673881470037 18.044224269255682 0.0 1.0 1.0 1 0 0 0.0 1.0 0
cell 21.935333917412898 53.66740165536216 0.0 1.0 1.0 1 0 0 0.0 1.0 0
cell 15.896089453145645 35.34147660266465 0.0 1.6431676725154984 0.6085806194501846 1 0 0 -0.19297779668894463 0.9812031237134747 5.894793130672295
cell 8.879227858649525 29.098830973772074 0.0 1.6431676725154984 0.6085806194501846 1 0 0 0.9962764695261394 -0.086215986154144 3.3142389637373206
cell 52.381778329245755 30.72026056040482 0.0 1.0 1.0 1 0 0 0.0 1.0 0
cell 19.01549720702867 46.01974590763878 0.0 1.0 1.0 1 0 0 0.0 1.0 0
cell 12.302594659115792 22.758967646273085 0.0 1.0 1.0 1 0 0 0.0 1.0 0
cell 48.95489816486501 20.6756341256773 0.0 1.0 1.0 1 0 0 0.0 1.0 0
cell 4.46207301518596 37.9551448331658 0.0 1.6431676725154984 0.6085806194501846 1 0 0 0.5442462850911669 -0.8389254920220652 5.132204459707164
cell 39.336154109560866 26.908145749602923 0.0 1.6431676725154984 0.6085806194501846 1 0 0 0.9244860967142168 -0.38121576171783844 3.9238146697670326
cell 46.92026494286406 28.500983618643232 0.0 1.6431676725154984 0.6085806194501846 1 0 0 0.6382722591008632 -0.7698107061234474 4.898681706184353
cell 52.53098637735084 16.97311541586112 0.0 1.0 1.0 1 0 0 0.0 1.0 0
cell 43.85686044895623 56.13647238376838 0.0 1.6431676725154984 0.6085806194501846 1 0 0 0.6963448457097147 -0.7177073608745514 4.742601288098139
cell 29.207997844882552 19.831315931767563 0.0 1.0 1.0 1 0 0 0.0 1.0 0
cell 31.547450495422538 37.47610196972832 0.0 1.6431676725154984 0.6085806194501846 1 0 0 0.8075241465813924 -0.5898345129678272 4.403300441716674
cell 32.04201498216747 7.4548883296779325 0.0 1.0 1.0 1 0 0 0.0 1.0 0
cell 50.95667779277844 46.414070313284874 0.0 1.6431676725154984 0.6085806194501846 1 0 0 0.47867301565778125 -0.8779932483117883 5.284899896537584
cell 47.48279795046759 49.47585362727659 0.0 1.6431676725154984 0.6085806194501846 1 0 0 0.4761367851543515 -0.8793712309502051 5.290672697279867
cell 58.721396863249375 31.13378725084151 0.0 1.0 1.0 1 0 0 0.0 1.0 0
cell 46.896379126146506 18.258432501587176 0.0 1.0 1.0 1 0 0 0.0 1.0 0
cell 40.628615172325866 12.349462189797848 0.0 1.0 1.0 1 0 0 0.0 1.0 0
cell 54.02753624961827 38.269418411520085 0.0 1.0 1.0 1 0 0 0.0 1.0 0
cell 44.37886744066361 7.347645389624562 0.0 1.0 1.0 1 0 0 0.0 1.0 0
cell 17.386984383003515 28.807655271534703 0.0 1.0 1.0 1 0 0 0.0 1.0 0
cell 41.153553483641716 41.74316626027747 0.0 1.6431676725154984 0.6085806194501846 1 0 0 0.278313495803838 -0.9604902904524579 5.7191097412788405
cell 50.11167904043152 10.59557903978675 0.0 1.0 1.0 1 0 0 0.0 1.0 0
cell 8.75160329529282 18.005506587017706 0.0 1.0 1.0 1 0 0 0.0 1.0 0
cell 38.45032729997659 22.369154274522117 0.0 1.0 1.0 1 0 0 0.0 1.0 0
cell 12.091122222591329 27.664437769128494 0.0 1.0 1.0 1 0 0 0.0 1.0 0
cell 3.536422163121527 31.245057255022534 0.0 1.0 1.0 1 0 0 0.0 1.0 0
cell 15.362456260886692 47.76484399072592 0.0 1.0 1.0 1 0 0 0.0 1.0 0
cell 27.06117000423638 33.80014759610568 0.0 1.0 1.0 1 0 0 0.0 1.0 0
cell 45.40918861684956 19.478543523539706 0.0 1.0 1.0 1 0 0 0.0 1.0 0
cell 47.4783009249655 23.95617808883755 0.0 1.0 1.0 1 0 0 0.0 1.0 0
cell 46.81849987271891 11.318897755173845 0.0 1.0 1.0 1 0 0 0.0 1.0 0
cell 33.857284561474756 40.11940304431631 0.0 1.6431676725154984 0.6085806194501846 1 0 0 0.7854091750940629 -0.6189769201497448 4.476471505734055
cell 9.00076027992959 50.25512424431395 0.0 1.6431676725154984 0.6085806194501846 1 0 0 0.9995967462218958 0.02839621352573096 3.084792591386497
cell 24.415242649270297 44.78589140190873 0.0 1.0 1.0 1 0 0 0.0 1.0 0
cell 22.23154030508366 57.41873865642342 0.0 1.0 1.0 1 0 0 0.0 1.0 0
cell 5.928582469018467 51.716658551905525 0.0 1.0 1.0 1 0 0 0.0 1.0 0
cell 26.225909433498384 45.48522215122599 0.0 1.0 1.0 1 0 0 0.0 1.0 0
cell 20.186448857475682 14.961820057651567 0.0 1.6431676725154984 0.6085806194501846 1 0 0 0.8617006627026422 -0.5074169566518518 4.205961702592354
cell 10.159335581358334 30.66279679877391 0.0 1.0 1.0 1 0 0 0.0 1.0 0
cell 50.13369629537363 33.9234743233984 0.0 1.6431676725154984 0.6085806194501846 1 0 0 0.42243485953088433 -0.9063932863018801 5.410925385988717
cell 18.55260307941255 42.82032785055988 0.0 1.0 1.0 1 0 0 0.0 1.0 0
cell 55.20848065262042 27.331866538717303 0.0 1.0 1.0 1 0 0 0.0 1.0 0
cell 22.234249755682843 10.61362746521787 0.0 1.0 1.0 1 0 0 0.0 1.0 0
cell 22.738984672171455 26.212078759428202 0.0 1.0 1.0 1 0 0 0.0 1.0 0
cell 50.77600779176466 23.886994054448476 0.0 1.0 1.0 1 0 0 0.0 1.0 0
cell 19.142275348512914 36.9409884077222 0.0 1.0 1.0 1 0 0 0.0 1.0 0
cell 51.69988510049162 57.32036486316691 0.0 1.6431676725154984 0.6085806194501846 1 0 0 0.8714441199966908 -0.4904947968360044 4.1669075571557945
cell 51.58604254964648 12.944237057444155 0.0 1.0 1.0 1 0 0 0.0 1.0 0
cell 53.41317207220472 39.90496770250248 0.0 1.6431676725154984 0.6085806194501846 1 0 0 0.2278405614726448 -0.9736984536024641 5.823466635175038
cell 22.584802016181314 7.188123512880495 0.0 1.0 1.0 1 0 0 0.0 1.0 0
cell 43.289183392863706 49.014426810994635 0.0 1.6431676725154984 0.6085806194501846 1 0 0 0.3067225712160923 -0.9517989621272914 5.659689890088317
cell 22.886882425507142 38.48423987984724 0.0 1.6431676725154984 0.6085806194501846 1 0 0 0.7502537881789608 0.6611499476844258 1.696891708307995
cell 39.861192777286824 17.307285189615868 0.0 1.0 1.0 1 0 0 0.0 1.0 0
cell 20.23494449616584 54.71442673957986 0.0 1.0 1.0 1 0 0 0.0 1.0 0
cell 13.521543314640804 48.64150634781054 0.0 1.0 1.0 1 0 0 0.0 1.0 0
cell 48.1959989903598 50.549493095489225 0.0 1.6431676725154984 0.6085806194501846 1 0 0 0.4226874880623923 -0.9062755030538479 5.410367912872049
cell 16.023975552780044 24.17248678091041 0.0 1.0 1.0 1 0 0 0.0 1.0 0
cell 8.42233783153842 30.43985633870047 0.0 1.0 1.0 1 0 0 0.0 1.0 0
cell 15.358715114552822 0.7789623771472902 0.0 1.0 1.0 1 0 0 0.0 1.0 0
cell 17.066842653785905 32.37208089780058 0.0 1.0 1.0 1 0 0 0.0 1.0 0
cell 20.88392350754423 44.84349604073574 0.0 1.0 1.0 1 0 0 0.0 1.0 0
cell 23.21056172439045 30.161290967814647 0.0 1.0 1.0 1 0 0 0.0 1.0 0
cell 5.2871456415051705 21.12188216523258 0.0 1.0 1.0 1 0 0 0.0 1.0 0
cell 1.0340106576776633 7.598664796981684 0.0 1.0 1.0 1 0 0 0.0 1.0 0
cell 7.795478450999457 7.843294729743999 0.0 1.0 1.0 1 0 0 0.0 1.0 0
cell 21.559818609641344 38.98674763878754 0.0 1.0 1.0 1 0 0 0.0 1.0 0
cell 37.16026392209504 3.871557710859617 0.0 1.0 1.0 1 0 0 0.0 1.0 0
cell 28.15461609047088 44.65767532358244 0.0 1.0 1.0 1 0 0 0.0 1.0 0
cell 18.37883398993068 50.08612892070495 0.0 1.0 1.0 1 0 0 0.0 1.0 0
cell 17.53015367797238 22.252368097889775 0.0 1.0 1.0 1 0 0 0.0 1.0 0
cell 35.232284989444516 19.72948916018443 0.0 1.6431676725154984 0.6085806194501846 1 0 0 0.8440576909505034 -0.5362523793395274 4.273574272272591
cell 43.039789120598314 23.902305238255284 0.0 1.0 1.0 1 0 0 0.0 1.0 0
cell 34.486236845586404 58.65111819279129 0.0 1.0 1.0 1 0 0 0.0 1.0 0
cell 30.10137338341481 36.30662766724285 0.0 1.6431676725154984 0.6085806194501846 1 0 0 0.7372722033033788 -0.6755958098124804 4.625137714824253
cell 11.0831599153655 12.804077273195903 0.0 1.0 1.0 1 0 0 0.0 1.0 0
cell 7.558710061854219 38.5878911048432 0.0 1.0 1.0 1 0 0 0.0 1.0 0
cell 10.620427592719397 22.681267819237974 0.0 1.6431676725154984 0.6085806194501846 1 0 0 -0.8334924181884077 0.5525308939981912 4.312388024914148
cell 58.077989310978 12.131973822892261 0.0 1.0 1.0 1 0 0 0.0 1.0 0
cell 54.060094580633816 53.04061780333422 0.0 1.6431676725154984 0.6085806194501846 1 0 0 0.8272336841027451 -0.5618580175505193 4.334852958713007
cell 58.381211623038226 44.474528215307394 0.0 1.6431676725154984 0.6085806194501846 1 0 0 0.5794658170662341 -0.8149965440735082 5.047039115445503
cell 48.670615076509876 58.851661937446 0.0 1.6431676725154984 0.6085806194501846 1 0 0 0.8333017270903027 -0.552818443639789 4.313078091265917
cell 15.683480305338833 3.700953619562572 0.0 1.6431676725154984 0.6085806194501846 1 0 0 0.9787419454295225 -0.20509559784849962 3.5547154145374344
cell 24.597181770728422 42.96467038432242 0.0 1.0 1.0 1 0 0 0.0 1.0 0
cell 35.412154992044044 7.531066100513046 0.0 1.0 1.0 1 0 0 0.0 1.0 0
cell 49.78021850266362 8.646553737132116 0.0 1.0 1.0 1 0 0 0.0 1.0 0
cell 16.91121006618543 40.10180438141572 0.0 1.0 1.0 1 0 0 0.0 1.0 0
cell 21.96218477572729 50.6620404756321 0.0 1.0 1.0 1 0 0 0.0 1.0 0
cell 58.5966127515653 17.3222580813406 0.0 1.0 1.0 1 0 0 0.0 1.0 0
cell 52.60216909190257 32.58966079747818 0.0 1.6431676725154984 0.6085806194501846 1 0 0 0.9798030954408554 0.19996473230176842 2.7389488016322368
cell 56.16815857267576 55.429368342625885 0.0 1.6431676725154984 0.6085806194501846 1 0 0 0.933728757213379 -0.357981295534779 3.873802680222416
cell 41.23468238783422 30.694309653086073 0.0 1.0 1.0 1 0 0 0.0 1.0 0
cell 44.398231500327256 22.685626548741194 0.0 1.0 1.0 1 0 0 0.0 1.0 0
cell 12.677466416454168 12.914542955664784 0.0 1.0 1.0 1 0 0 0.0 1.0 0
cell 8.573905294300713 39.743967593501594 0.0 1.0 1.0 1 0 0 0.0 1.0 0
cell 18.71997267971464 57.73751798657254 0.0 1.0 1.0 1 0 0 0.0 1.0 0
cell 39.58091629446899 23.992202875500332 0.0 1.0 1.0 1 0 0 0.0 1.0 0
cell 20.58649756959267 13.364537232296856 0.0 1.6431676725154984 0.6085806194501846 1 0 0 0.8360338257013531 -0.5486779039501769 4.30315670382131
cell 57.40607302888458 49.246776522088425 0.0 1.0 1.0 1 0 0 0.0 1.0 0
cell 48.79924297764516 51.884308777712256 0.0 1.6431676725154984 0.6085806194501846 1 0 0 0.5760042322919398 -0.817446710423238 5.055521075419167
cell 4.760738980306855 34.765532123846 0.0 1.6431676725154984 0.6085806194501846 1 0 0 -0.28209379062041057 0.9593868319366323 5.711233633194629
cell 3.7153689386414412 14.153119126618783 0.0 1.0 1.0 1 0 0 0.0 1.0 0
cell 37.60720109826918 7.492869393488072 0.0 1.0 1.0 1 0 0 0.0 1.0 0
cell 37.40303104068223 0.5783089042339901 0.0 1.0 1.0 1 0 0 0.0 1.0 0
cell 36.733335816280714 51.71835925709729 0.0 1.6431676725154984 0.6085806194501846 1 0 0 0.2994194751797891 -0.954121573953267 5.675016993512476
cell 15.464561466015013 58.1033671509489 0.0 1.0 1.0 1 0 0 0.0 1.0 0
cell 22.21027973748142 0.0873077543851838 0.0 1.0 1.0 1 0 0 0.0 1.0 0
cell 14.391354948156728 37.09229908041358 0.0 1.6431676725154984 0.6085806194501846 1 0 0 -0.27156754394196636 0.962419383157534 5.733142484011299
cell 2.9439569967106465 41.5042040859172 0.0 1.0 1.0 1 0 0 0.0 1.0 0
cell 31.2996806504731 33.47062643471416 0.0 1.6431676725154984 0.6085806194501846 1 0 0 0.9845802189560611 0.17493368012030946 2.7899158351356648
cell 37.91226164993122 14.215336571781252 0.0 1.0 1.0 1 0 0 0.0 1.0 0
cell 19.498236181437925 48.55379705053478 0.0 1.6431676725154984 0.6085806194501846 1 0 0 0.05416577370622267 -0.9985319569041374 6.17480071682469
cell 25.386543028510943 55.09821932265926 0.0 1.0 1.0 1 0 0 0.0 1.0 0
cell 31.56752677567921 22.026177701798236 0.0 1.0 1.0 1 0 0 0.0 1.0 0
cell 17.08301209609046 58.82545796340715 0.0 1.0 1.0 1 0 0 0.0 1.0 0
cell 36.95293257656798 22.5206750519491 0.0 1.6431676725154984 0.6085806194501846 1 0 0 0.9033884242016638 -0.4288232211744542 4.027972145275101
cell 11.522541930515418 42.32470197946889 0.0 1.0 1.0 1 0 0 0.0 1.0 0
cell 1.9685020893211873 47.984523093708624 0.0 1.0 1.0 1 0 0 0.0 1.0 0
cell 30.632977835148527 0.4792907160188752 0.0 1.0 1.0 1 0 0 0.0 1.0 0
cell 52.66747923693799 34.17174716702116 0.0 1.6431676725154984 0.6085806194501846 1 0 0 0.9129020251830807 0.40817875056968594 2.300676334701687
cell 54.92298826942342 11.749421262361036 0.0 1.0 1.0 1 0 0 0.0 1.0 0
cell 32.0631611043646 5.739007918460025 0.0 1.0 1.0 1 0 0 0.0 1.0 0
cell 33.92253639154384 34.356712801578006 0.0 1.6431676725154984 0.6085806194501846 1 0 0 0.5030367050904164 -0.864265048079452 5.228967658358688
cell 50.727105088272374 39.936252075165655 0.0 1.6431676725154984 0.6085806194501846 1 0 0 0.06737230787107791 -0.997727904857895 6.148338547737034
cell 13.17212915843831 42.32783036782185 0.0 1.6431676725154984 0.6085806194501846 1 0 0 -0.4840077417121329 -0.8750637153731843 1.0104577694361048
cell 3.4401855893661013 43.40498314450957 0.0 1.0 1.0 1 0 0 0.0 1.0 0
cell 18.373185198091566 52.053153823230815 0.0 1.0 1.0 1 0 0 0.0 1.0 0
cell 25.44922988008588 12.794006299459527 0.0 1.0 1.0 1 0 0 0.0 1.0 0
cell 23.688783919662686 11.983344160861524 0.0 1.0 1.0 1 0 0 0.0 1.0 0
cell 46.19738400150795 7.650232956599187 0.0 1.0 1.0 1 0 0 0.0 1.0 0
cell 16.688994033914906 5.1032390380235215 0.0 1.6431676725154984 0.6085806194501846 1 0 0 0.9810381127259553 -0.19381491526478525 3.5316912839408015
cell 21.918493640663712 55.59816526215354 0.0 1.0 1.0 1 0 0 0.0 1.0 0
cell 22.57950741267966 49.52766162168428 0.0 1.6431676725154984 0.6085806194501846 1 0 0 -0.32791538642867873 -0.9447070971170537 0.6681922068283459
cell 51.1196075213274 2.8741750834134 0.0 1.6431676725154984 0.6085806194501846 1 0 0 0.8929058439848049 0.45024343835061414 2.2075167408006937
cell 0.12399660513801505 41.36631105697504 0.0 1.6431676725154984 0.6085806194501846 1 0 0 0.5494723783082339 -0.835511882307064 5.119720084172654
cell 36.37135685129233 57.92514242926383 0.0 1.0 1.0 1 0 0 0.0 1.0 0
cell 15.24284844488262 43.82222302010931 0.0 1.0 1.0 1 0 0 0.0 1.0 0
cell 7.033572525850879 32.76674505505625 0.0 1.0 1.0 1 0 0 0.0 1.0 0
cell 25.18968511370648 5.970726256856362 0.0 1.6431676725154984 0.6085806194501846 1 0 0 0.17787693897949508 -0.9840527397346572 5.925528183146979
cell 40.72818108777244 26.41494001705212 0.0 1.6431676725154984 0.6085806194501846 1 0 0 0.9654566654858537 -0.26056367181350576 3.668804646650506
cell 21.10582883284523 30.204185958361307 0.0 1.0 1.0 1 0 0 0.0 1.0 0
cell 0.2545721205586007 46.06146965846127 0.0 1.0 1.0 1 0 0 0.0 1.0 0
cell 34.033547677152576 6.160073689367686 0.0 1.0 1.0 1 0 0 0.0 1.0 0
cell 49.59100428762493 29.11379420097899 0.0 1.0 1.0 1 0 0 0.0 1.0 0
cell 13.134431719859927 51.53285561183901 0.0 1.0 1.0 1 0 0 0.0 1.0 0
cell 16.07954881799214 33.994710080219555 0.0 1.6431676725154984 0.6085806194501846 1 0 0 0.1313915670629595 -0.9913305483564702 6.019640134590664
cell 21.19437491838241 2.750574687496596 0.0 1.0 1.0 1 0 0 0.0 1.0 0
cell 15.133747704277297 15.103168548777637 0.0 1.0 1.0 1 0 0 0.0 1.0 0
cell 28.868108478387885 8.44481242700324 0.0 1.0 1.0 1 0 0 0.0 1.0 0
cell 48.11152233848193 28.825385004733374 0.0 1.6431676725154984 0.6085806194501846 1 0 0 0.7597434742889566 -0.6502229258303229 4.557348298383847
cell 39.54477905089497 15.33850023729178 0.0 1.0 1.0 1 0 0 0.0 1.0 0
cell 16.952756731432046 36.44065908455579 0.0 1.6431676725154984 0.6085806194501846 1 0 0 -0.007893339105164834 -0.9999688471136343 0.015786842145903535
cell 18.94497098823624 15.653709045804558 0.0 1.0 1.0 1 0 0 0.0 1.0 0
cell 18.014779601498326 47.81143251904717 0.0 1.6431676725154984 0.6085806194501846 1 0 0 -0.1846829543415241 0.9827981513900433 5.911686791859766
cell 16.694297804222337 49.56212909912089 0.0 1.6431676725154984 0.6085806194501846 1 0 0 0.2945828500587803 -0.955625943793515 5.685147368832363
cell 12.338316933182844 24.37268024390855 0.0 1.0 1.0 1 0 0 0.0 1.0 0
cell 45.83044536094346 21.259058617449735 0.0 1.0 1.0 1 0 0 0.0 1.0 0
cell 15.526912352805867 11.732158713725184 0.0 1.0 1.0 1 0 0 0.0 1.0 0
cell 37.0007592728218 29.990271864747864 0.0 1.6431676725154984 0.6085806194501846 1 0 0 0.9514996374476753 -0.307649865816552 3.7670368863367814
cell 16.892538635140745 20.62027549171984 0.0 1.0 1.0 1 0 0 0.0 1.0 0
cell 7.236679053156602 34.04229787422919 0.0 1.6431676725154984 0.6085806194501846 1 0 0 -0.0700672985237661 0.9975422666120877 6.142935792656854
cell 48.50838713351891 13.184381370217322 0.0 1.6431676725154984 0.6085806194501846 1 0 0 0.23712709067237522 0.9714786373715354 0.4788150487610564
cell 7.47423284355183 37.185011197002396 0.0 1.0 1.0 1 0 0 0.0 1.0 0
cell 56.75554054970569 30.984163050173766 0.0 1.0 1.0 1 0 0 0.0 1.0 0
cell 32.56443288688316 0.005297912160225616 0.0 1.0 1.0 1 0 0 0.0 1.0 0
cell 16.400008720251932 18.69709429175793 0.0 1.0 1.0 1 0 0 0.0 1.0 0
cell 47.00434767058918 48.090143646467425 0.0 1.6431676725154984 0.6085806194501846 1 0 0 0.22047752320470335 -0.9753920554123452 5.838577279259672
cell 43.53835063039741 30.45797388440868 0.0 1.6431676725154984 0.6085806194501846 1 0 0 0.415902137513632 -0.909409375370406 5.425316143244396
cell 14.251400579714176 54.93674669057634 0.0 1.6431676725154984 0.6085806194501846 1 0 0 0.0012214030220524226 -0.9999992540870507 6.280742500528108
cell 9.408989874916772 13.106935754048388 0.0 1.0 1.0 1 0 0 0.0 1.0 0
cell 1.376496542913244 16.6326094389926 0.0 1.0 1.0 1 0 0 0.0 1.0 0
cell 25.694786367133066 24.229498219409965 0.0 1.0 1.0 1 0 0 0.0 1.0 0
cell 6.252880469501662 11.88858014110069 0.0 1.0 1.0 1 0 0 0.0 1.0 0
cell 27.234182774988653 4.5587495094197426 0.0 1.0 1.0 1 0 0 0.0 1.0 0
cell 2.620382562741506 55.86615241298771 0.0 1.0 1.0 1 0 0 0.0 1.0 0
cell 24.9888761930649 31.00455853051991 0.0 1.0 1.0 1 0 0 0.0 1.0 0
cell 0.8384687775068012 11.440086751489481 0.0 1.0 1.0 1 0 0 0.0 1.0 0
cell 2.4028223222011307 36.12017726342027 0.0 1.6431676725154984 0.6085806194501846 1 0 0 0.3224720303149366 -0.9465789928286823 5.626505565044049
cell 52.292604516246016 38.65664937158777 0.0 1.0 1.0 1 0 0 0.0 1.0 0
cell 19.651428555799857 10.616907806410463 0.0 1.6431676725154984 0.6085806194501846 1 0 0 0.9064151956156639 -0.422387846838682 4.013748840287668
cell 43.090806445558016 16.97052399352405 0.0 1.0 1.0 1 0 0 0.0 1.0 0
cell 11.818086356284043 33.71877821091249 0.0 1.0 1.0 1 0 0 0.0 1.0 0
cell 53.656536094854985 26.193397100676606 0.0 1.6431676725154984 0.6085806194501846 1 0 0 0.11277783277611839 -0.9936202294812249 6.057148749749536
cell 48.49892168084685 11.708230988334495 0.0 1.0 1.0 1 0 0 0.0 1.0 0
cell 58.58778773523414 50.64106413639252 0.0 1.0 1.0 1 0 0 0.0 1.0 0
cell 37.133531977344646 45.42380200040226 0.0 1.6431676725154984 0.6085806194501846 1 0 0 0.02410548978543343 -0.9997094204628685 6.234969657357841
cell 30.237860367380588 41.50601437150861 0.0 1.6431676725154984 0.6085806194501846 1 0 0 0.7837068816125412 -0.6211308426677477 4.481962294400501
cell 9.923127477883044 42.15336117957764 0.0 1.0 1.0 1 0 0 0.0 1.0 0
cell 53.826903458786155 23.10522802025404 0.0 1.0 1.0 1 0 0 0.0 1.0 0
cell 50.33772861424714 25.84168905000161 0.0 1.0 1.0 1 0 0 0.0 1.0 0
cell 32.3064336039941 55.855661562185055 0.0 1.0 1.0 1 0 0 0.0 1.0 0
cell 23.836975416979868 0.3152520058333127 0.0 1.0 1.0 1 0 0 0.0 1.0 0
cell 36.44666483102295 48.614906977663175 0.0 1.6431676725154984 0.6085806194501846 1 0 0 0.3163944621864755 -0.9486277163870613 5.639332761709995
cell 12.663768155485444 9.627498603784984 0.0 1.0 1.0 1 0 0 0.0 1.0 0
cell 43.50988415856967 0.5672608367473507 0.0 1.0 1.0 1 0 0 0.0 1.0 0
cell 15.974984272976384 16.87119165516353 0.0 1.0 1.0 1 0 0 0.0 1.0 0
cell 42.204780019024234 19.974596477502832 0.0 1.0 1.0 1 0 0 0.0 1.0 0
cell 26.470232716996534 50.277562330476115 0.0 1.0 1.0 1 0 0 0.0 1.0 0
cell 41.78539645961211 56.252344209723454 0.0 1.6431676725154984 0.6085806194501846 1 0 0 -0.04782003897783153 0.9988559675309342 6.187508740740932
cell 57.929235284233464 6.178526851856314 0.0 1.0 1.0 1 0 0 0.0 1.0 0
cell 53.845023989293615 19.984720721376465 0.0 1.0 1.0 1 0 0 0.0 1.0 0
cell 58.646180019169584 28.05172350867307 0.0 1.0 1.0 1 0 0 0.0 1.0 0
cell 13.844611191857053 57.44882943466454 0.0 1.0 1.0 1 0 0 0.0 1.0 0
cell 4.261469897714626 12.178235578041892 0.0 1.0 1.0 1 0 0 0.0 1.0 0
cell 19.041934336015782 11.959445726013184 0.0 1.6431676725154984 0.6085806194501846 1 0 0 0.837194194198798 -0.5469057333762605 4.298920174453672
cell 37.952328227561324 24.646615979355456 0.0 1.6431676725154984 0.6085806194501846 1 0 0 0.9501550720900801 -0.311777707640387 3.7757195043115854
cell 40.22799549510608 32.97705871930461 0.0 1.6431676725154984 0.6085806194501846 1 0 0 0.6928181088065362 -0.7211123824409997 4.752405795873777
cell 55.491627557727014 19.559318491977873 0.0 1.0 1.0 1 0 0 0.0 1.0 0
cell 33.41628550908381 30.175186719989135 0.0 1.0 1.0 1 0 0 0.0 1.0 0
cell 24.177065004651627 39.296009139112684 0.0 1.0 1.0 1 0 0 0.0 1.0 0
cell 48.61942562563822 26.874266205472036 0.0 1.6431676725154984 0.6085806194501846 1 0 0 0.3977594096117397 0.9174897558367179 0.8181469237738629
cell 42.67680980695842 7.516386377729496 0.0 1.0 1.0 1 0 0 0.0 1.0 0
cell 26.584028860925063 53.48862464979364 0.0 1.0 1.0 1 0 0 0.0 1.0 0
cell 2.334373375483237 12.740610271455335 0.0 1.0 1.0 1 0 0 0.0 1.0 0
cell 19.457426773641952 24.499757933819193 0.0 1.0 1.0 1 0 0 0.0 1.0 0
cell 25.39153129905897 16.59754857335474 0.0 1.0 1.0 1 0 0 0.0 1.0 0
cell 20.984345258374457 34.063669933562736 0.0 1.0 1.0 1 0 0 0.0 1.0 0
cell 24.041653912576702 3.368060767660835 0.0 1.0 1.0 1 0 0 0.0 1.0 0
cell 51.774507904733966 50.623523475075764 0.0 1.6431676725154984 0.6085806194501846 1 0 0 0.4758301846657187 -0.8795371711081846 5.291369949018886
cell 56.302213480757935 12.907452327188553 0.0 1.0 1.0 1 0 0 0.0 1.0 0
cell 6.167611348289025 37.071003800653884 0.0 1.6431676725154984 0.6085806194501846 1 0 0 0.40714402633860236 -0.9133639700671313 5.444535304639822
cell 11.792735672784024 11.09935958481532 0.0 1.0 1.0 1 0 0 0.0 1.0 0
cell 15.432676636328495 56.29034433463042 0.0 1.0 1.0 1 0 0 0.0 1.0 0
cell 56.27082092907845 4.097415169285602 0.0 1.6431676725154984 0.6085806194501846 1 0 0 0.34284679597676865 -0.9393913319210817 5.583293913640972
cell 15.670043637536958 2.4150754539073733 0.0 1.0 1.0 1 0 0 0.0 1.0 0
cell 55.43180115107705 44.71351932328362 0.0 1.6431676725154984 0.6085806194501846 1 0 0 0.5389524941058308 -0.8423361615751187 5.144799223834052
cell 50.47799050694837 19.678766576229876 0.0 1.0 1.0 1 0 0 0.0 1.0 0
cell 30.41828105792126 23.433354903605036 0.0 1.0 1.0 1 0 0 0.0 1.0 0
cell 41.75352088607202 44.04514693024134 0.0 1.6431676725154984 0.6085806194501846 1 0 0 0.3002828498971258 -0.9538502031543843 5.673206956972594
cell 19.47723449618225 44.160581809753275 0.0 1.6431676725154984 0.6085806194501846 1 0 0 0.9715863717553752 0.23668528095178615 2.6636871157527664
cell 54.136074175979395 42.78417504311664 0.0 1.6431676725154984 0.6085806194501846 1 0 0 0.3454193262292966 -0.9384484477408969 5.5778141519039615
cell 10.526612379031674 25.26652945459138 0.0 1.6431676725154984 0.6085806194501846 1 0 0 0.7525248264961605 -0.6585638811132323 4.579410179069907
cell 19.81645379126275 9.079220040247188 0.0 1.6431676725154984 0.6085806194501846 1 0 0 0.8885095238616263 -0.45885817635429155 4.095011996340694
cell 50.7279189800191 31.83750336306877 0.0 1.0 1.0 1 0 0 0.0 1.0 0
cell 44.324296130766044 44.60907506382883 0.0 1.6431676725154984 0.6085806194501846 1 0 0 0.307640579915671 -0.9515026398224808 5.657760592855654
cell 14.486802878900486 13.24250433884451 0.0 1.0 1.0 1 0 0 0.0 1.0 0
cell 54.83710082297029 29.248712765961265 0.0 1.0 1.0 1 0 0 0.0 1.0 0
cell 40.410784616550245 57.85038685866861 0.0 1.0 1.0 1 0 0 0.0 1.0 0
cell 23.291402205178397 8.890284797649457 0.0 1.0 1.0 1 0 0 0.0 1.0 0
cell 21.557587788235 42.47236658277477 0.0 1.6431676725154984 0.6085806194501846 1 0 0 0.9315976030168394 0.3634912736961913 2.397567081424317
cell 22.48838728255571 35.157506657175524 0.0 1.0 1.0 1 0 0 0.0 1.0 0
cell 26.224905868654595 34.956131660497334 0.0 1.6431676725154984 0.6085806194501846 1 0 0 0.9597919235920165 -0.28071242118498557 3.710665243606367
cell 22.652982254423264 24.240612373446037 0.0 1.0 1.0 1 0 0 0.0 1.0 0
cell 45.641207726676264 5.803918055311987 0.0 1.0 1.0 1 0 0 0.0 1.0 0
cell 44.83978527702449 24.809977735606424 0.0 1.0 1.0 1 0 0 0.0 1.0 0
cell 24.51565363831685 27.09411039330878 0.0 1.0 1.0 1 0 0 0.0 1.0 0
cell 8.10151085199253 16.562885138766404 0.0 1.0 1.0 1 0 0 0.0 1.0 0
cell 57.19628290879091 24.80497976645806 0.0 1.0 1.0 1 0 0 0.0 1.0 0
cell 24.373099838669226 46.744146725088534 0.0 1.0 1.0 1 0 0 0.0 1.0 0
cell 33.599140641731765 24.97479683227967 0.0 1.0 1.0 1 0 0 0.0 1.0 0
cell 8.237566727032052 11.516015273570037 0.0 1.0 1.0 1 0 0 0.0 1.0 0
cell 51.72741160152385 47.224329240943675 0.0 1.6431676725154984 0.6085806194501846 1 0 0 0.4827435338846531 -0.8757617715409578 5.275615792723134
cell 8.882542203574186 9.507899380431008 0.0 1.0 1.0 1 0 0 0.0 1.0 0
cell 17.500529134831528 41.49040184842139 0.0 1.0 1.0 1 0 0 0.0 1.0 0
cell 44.376441270409224 43.14864648633758 0.0 1.6431676725154984 0.6085806194501846 1 0 0 0.26869366860946803 -0.963225680953942 5.7391121681496235
cell 6.1387363790594875 22.796077737703218 0.0 1.0 1.0 1 0 0 0.0 1.0 0
cell 54.81467387812626 41.2298926777548 0.0 1.6431676725154984 0.6085806194501846 1 0 0 -0.24096627207793703 0.9705334902623719 5.796462632406203
cell 51.720261792472975 15.531146101395274 0.0 1.0 1.0 1 0 0 0.0 1.0 0
cell 54.99628148662586 47.38490060876699 0.0 1.6431676725154984 0.6085806194501846 1 0 0 0.7066814951588765 -0.7075318115816525 4.713591509474544
cell 58.0762532829767 54.00939672047508 0.0 1.6431676725154984 0.6085806194501846 1 0 0 0.9168562928200958 -0.3992174073311317 3.962918906396857
cell 13.2771417301548 56.238701430405584 0.0 1.6431676725154984 0.6085806194501846 1 0 0 0.20002282360800652 -0.9797912379868888 5.8804228769934035
cell 12.207823246853252 26.006489311988084 0.0 1.0 1.0 1 0 0 0.0 1.0 0
cell 18.05920226457147 37.73872055472761 0.0 1.6431676725154984 0.6085806194501846 1 0 0 0.9707573147805026 -0.2400629829860242 3.626454115144885
cell 26.378333968992433 29.97363588852754 0.0 1.0 1.0 1 0 0 0.0 1.0 0
cell 17.25956890835631 30.42470735423983 0.0 1.0 1.0 1 0 0 0.0 1.0 0
cell 32.23090784347282 34.462953343376064 0.0 1.6431676725154984 0.6085806194501846 1 0 0 0.32791664516732494 -0.9447066601978662 5.6149904355275275
cell 16.70637556980669 38.11267077642182 0.0 1.0 1.0 1 0 0 0.0 1.0 0
cell 49.21662116281707 47.61847900425472 0.0 1.6431676725154984 0.6085806194501846 1 0 0 0.5999176388442318 -0.8000617642429626 4.996388984534166
cell 42.01561357345362 11.050963697927623 0.0 1.6431676725154984 0.6085806194501846 1 0 0 -0.10277228326024512 0.9947049099071925 6.077277178171379
cell 30.72541895041638 10.742377222472037 0.0 1.0 1.0 1 0 0 0.0 1.0 0
cell 34.68189313634308 17.256109392176857 0.0 1.6431676725154984 0.6085806194501846 1 0 0 0.894616802468823 -0.44683417141089254 4.068039543468091
cell 6.5175402840887635 53.436683815349234 0.0 1.0 1.0 1 0 0 0.0 1.0 0
cell 24.64515670880776 29.05411849540749 0.0 1.0 1.0 1 0 0 0.0 1.0 0
cell 21.58356914043583 18.657817854938138 0.0 1.0 1.0 1 0 0 0.0 1.0 0
cell 23.81195844450217 17.77281730594085 0.0 1.0 1.0 1 0 0 0.0 1.0 0
cell 47.12536797469358 53.117213388021334 0.0 1.6431676725154984 0.6085806194501846 1 0 0 0.4947946263775325 -0.8690099410869349 5.247988336882305
cell 40.824028622031285 7.156722069094228 0.0 1.0 1.0 1 0 0 0.0 1.0 0
cell 26.253849272597705 22.41481451059221 0.0 1.0 1.0 1 0 0 0.0 1.0 0
cell 31.70734446606227 1.8294006568324626 0.0 1.0 1.0 1 0 0 0.0 1.0 0
cell 4.657285133712285 53.57760733415078 0.0 1.0 1.0 1 0 0 0.0 1.0 0
cell 52.832667511462276 51.19877012565455 0.0 1.6431676725154984 0.6085806194501846 1 0 0 0.6689854467753064 -0.7432755020871089 4.817499364131794
cell 13.718200077399722 0.09736397467904875 0.0 1.0 1.0 1 0 0 0.0 1.0 0
cell 45.00888725500481 41.15005907152712 0.0 1.6431676725154984 0.6085806194501846 1 0 0 0.053296557523992844 0.9985787284716673 0.10664364302792231
cell 52.545034421559734 27.899907461587407 0.0 1.6431676725154984 0.6085806194501846 1 0 0 0.5285617934105589 -0.8488948289079241 5.169374388355114
cell 27.537173823549036 51.72623054373016 0.0 1.0 1.0 1 0 0 0.0 1.0 0
cell 43.09757098294823 3.96530940596199 0.0 1.0 1.0 1 0 0 0.0 1.0 0
cell 31.17635865026603 27.37089903753445 0.0 1.0 1.0 1 0 0 0.0 1.0 0
cell 41.27557845764483 8.874399749730571 0.0 1.0 1.0 1 0 0 0.0 1.0 0
cell 9.214923304372034 23.429868294912854 0.0 1.0 1.0 1 0 0 0.0 1.0 0
cell 5.9002667779729885 8.495700843826482 0.0 1.0 1.0 1 0 0 0.0 1.0 0
cell 11.022063112281442 32.13903945167174 0.0 1.6431676725154984 0.6085806194501846 1 0 0 0.9892178148227881 -0.1464517491777683 3.4355534264988963
cell 31.577915199420016 14.926833946503194 0.0 1.6431676725154984 0.6085806194501846 1 0 0 0.6742944151484764 -0.73846262038073 4.803167693575315
