1000
 Lattice="59.08179503018386 0.0 0.0 0.0 59.08179503018386 0.0 0.0 0.0 1.0"Properties=species:S:1:pos:R:3:aspherical_shape:R:3:orientation:R:4:Color:R:1
cell 36.28862777675559 1.4336210755075436 0.0 1.0 1.0 1 0 0 0.0 1.0 0
cell 22.68067871260956 16.334816447301296 0.0 1.0 1.0 1 0 0 0.0 1.0 0
cell 52.461887447892025 24.329318623925467 0.0 1.0 1.0 1 0 0 0.0 1.0 0
cell 5.124216742763502 8.180945890403134 0.0 1.0 1.0 1 0 0 0.0 1.0 0
cell 7.584384648377637 49.62242448923338 0.0 1.0 1.0 1 0 0 0.0 1.0 0
cell 44.61631340417825 24.030027803852576 0.0 1.6431676725154984 0.6085806194501846 1 0 0 0.9598239204803752 -0.2806029965515021 3.710437229998951
cell 16.139085634819534 3.4620745935179724 0.0 1.0 1.0 1 0 0 0.0 1.0 0
cell 22.300261695071534 14.519498118232965 0.0 1.0 1.0 1 0 0 0.0 1.0 0
cell 22.09181368237489 39.0196084201553 0.0 1.6431676725154984 0.6085806194501846 1 0 0 0.9983306312320122 0.057757689911319625 3.026012951558344
cell 33.0518858784266 31.20194910983946 0.0 1.0 1.0 1 0 0 0.0 1.0 0
cell 17.307768148653793 1.8973681495391022 0.0 1.0 1.0 1 0 0 0.0 1.0 0
cell 32.92759822740857 15.522440878001097 0.0 1.0 1.0 1 0 0 0.0 1.0 0
cell 27.236170773712285 14.311955161114858 0.0 1.0 1.0 1 0 0 0.0 1.0 0
cell 19.56152967072307 4.03886673612557 0.0 1.0 1.0 1 0 0 0.0 1.0 0
cell 38.84436607079907 9.352411100398202 0.0 1.6431676725154984 0.6085806194501846 1 0 0 0.9035972421802922 0.42838303412269985 2.2561875737135804
cell 48.139879838573215 28.54875646897292 0.0 1.6431676725154984 0.6085806194501846 1 0 0 0.983158532796 -0.18275475203237998 3.509167986458302
cell 43.09148024960439 55.49438638246556 0.0 1.0 1.0 1 0 0 0.0 1.0 0
cell 27.417331070798994 2.8319284382992906 0.0 1.6431676725154984 0.6085806194501846 1 0 0 0.9868679093547037 -0.16152934558734602 3.4660729604292304
cell 58.976272953503276 52.47047931604571 0.0 1.0 1.0 1 0 0 0.0 1.0 0
cell 46.99081016197828 22.119200169334157 0.0 1.0 1.0 1 0 0 0.0 1.0 0
cell 18.608742828180677 52.37705165990352 0.0 1.0 1.0 1 0 0 0.0 1.0 0
cell 49.05350392547786 30.136816522159236 0.0 1.6431676725154984 0.6085806194501846 1 0 0 0.9611104338515921 -0.2761643241651686 3.7011945102222845
cell 3.6950042620395376 51.027386474501796 0.0 1.0 1.0 1 0 0 0.0 1.0 0
cell 39.97188810354851 22.401675894693252 0.0 1.0 1.0 1 0 0 0.0 1.0 0
cell 12.52801728352598 55.303682451373106 0.0 1.0 1.0 1 0 0 0.0 1.0 0
cell 46.63293581876898 42.15438487551976 0.0 1.0 1.0 1 0 0 0.0 1.0 0
cell 33.43852801624374 17.74383345688233 0.0 1.0 1.0 1 0 0 0.0 1.0 0
cell 20.8579287188651 43.899453624053834 0.0 1.0 1.0 1 0 0 0.0 1.0 0
cell 22.945895870494173 36.49412716734697 0.0 1.6431676725154984 0.6085806194501846 1 0 0 0.9965849322936204 0.08257404389588727 2.9762563113117144
cell 13.838769642017233 6.5532651697699995 0.0 1.0 1.0 1 0 0 0.0 1.0 0
cell 33.96908874514563 26.302992389188756 0.0 1.0 1.0 1 0 0 0.0 1.0 0
cell 58.89763591817801 31.63784068747204 0.0 1.6431676725154984 0.6085806194501846 1 0 0 0.897283386827377 -0.4414550075869475 4.056031848624654
cell 56.7220033858959 57.58383632316169 0.0 1.0 1.0 1 0 0 0.0 1.0 0
cell 10.303602116138817 52.00588166370376 0.0 1.0 1.0 1 0 0 0.0 1.0 0
cell 8.660289766155529 43.606097041669514 0.0 1.6431676725154984 0.6085806194501846 1 0 0 0.8037393659373788 -0.594981538909049 4.416078012596224
cell 34.36164063369723 1.7101345593148598 0.0 1.0 1.0 1 0 0 0.0 1.0 0
cell 55.61492964732666 21.63570601112807 0.0 1.6431676725154984 0.6085806194501846 1 0 0 0.4746063356098339 0.8801981743897256 0.989033465163671
cell 50.46255766763957 45.762215973448086 0.0 1.0 1.0 1 0 0 0.0 1.0 0
cell 38.935579733478086 37.04400609995023 0.0 1.0 1.0 1 0 0 0.0 1.0 0
cell 29.49590913380347 58.55019504193828 0.0 1.0 1.0 1 0 0 0.0 1.0 0
cell 22.148664737988057 12.527770289521854 0.0 1.0 1.0 1 0 0 0.0 1.0 0
cell 29.04681526623162 28.611593616992256 0.0 1.0 1.0 1 0 0 0.0 1.0 0
cell 45.37233408565637 11.573803266743901 0.0 1.0 1.0 1 0 0 0.0 1.0 0
cell 8.08683722901918 13.00025929110183 0.0 1.6431676725154984 0.6085806194501846 1 0 0 0.6871167672980353 -0.7265470033644744 4.768158982260284
cell 31.405126326864703 40.512795878388815 0.0 1.0 1.0 1 0 0 0.0 1.0 0
cell 43.35076334100461 17.58380774418486 0.0 1.0 1.0 1 0 0 0.0 1.0 0
cell 20.338168248467447 55.54000526974089 0.0 1.0 1.0 1 0 0 0.0 1.0 0
cell 41.99727288760343 22.19900720393819 0.0 1.0 1.0 1 0 0 0.0 1.0 0
cell 50.382270769844354 0.9497818380909951 0.0 1.0 1.0 1 0 0 0.0 1.0 0
cell 34.849778457785796 52.206338099030525 0.0 1.0 1.0 1 0 0 0.0 1.0 0
cell 16.023181779614482 9.766298219688625 0.0 1.6431676725154984 0.6085806194501846 1 0 0 0.05568397071762633 0.9984484440396102 0.11142557507000617
cell 16.23367202715117 45.58471385429814 0.0 1.0 1.0 1 0 0 0.0 1.0 0
cell 25.436636239228523 10.17713998268318 0.0 1.0 1.0 1 0 0 0.0 1.0 0
cell 1.1453749028352762 19.362439737410714 0.0 1.6431676725154984 0.6085806194501846 1 0 0 0.8979322052698219 -0.44013379186251367 4.053087989420875
cell 22.643411728323652 21.942275581283702 0.0 1.0 1.0 1 0 0 0.0 1.0 0
cell 45.41800938431016 20.754342878063476 0.0 1.0 1.0 1 0 0 0.0 1.0 0
cell 22.37756135574941 1.2287274815452545 0.0 1.6431676725154984 0.6085806194501846 1 0 0 0.9856705288303175 -0.16868197471977323 3.480577312071001
cell 57.561629167536985 23.57442755953546 0.0 1.6431676725154984 0.6085806194501846 1 0 0 0.2137690773076298 0.9768842211782544 0.4308632120366864
cell 17.54937936158677 50.63325764264495 0.0 1.0 1.0 1 0 0 0.0 1.0 0
cell 12.325888090396464 40.50267599060215 0.0 1.6431676725154984 0.6085806194501846 1 0 0 0.8647302257913515 0.5022366340708713 2.0892259547964187
cell 50.38269699294272 21.74573515726157 0.0 1.6431676725154984 0.6085806194501846 1 0 0 0.1596758632553247 -0.9871694984619748 5.9624607179978035
cell 39.160053422507225 55.431147252968216 0.0 1.0 1.0 1 0 0 0.0 1.0 0
cell 49.180826268803905 2.538038302847366 0.0 1.0 1.0 1 0 0 0.0 1.0 0
cell 44.09769044834119 28.966284797238075 0.0 1.0 1.0 1 0 0 0.0 1.0 0
cell 54.03838487382445 55.34937706605298 0.0 1.0 1.0 1 0 0 0.0 1.0 0
cell 31.611569272864774 17.110592698878104 0.0 1.0 1.0 1 0 0 0.0 1.0 0
cell 16.526829108752075 0.26482894362401976 0.0 1.6431676725154984 0.6085806194501846 1 0 0 0.9828756380831398 -0.18427012797157524 3.5122510979556436
cell 30.803814026606428 25.129512342830356 0.0 1.0 1.0 1 0 0 0.0 1.0 0
cell 14.858504895815662 4.95080541525825 0.0 1.0 1.0 1 0 0 0.0 1.0 0
cell 8.23025135066171 18.758638723020017 0.0 1.6431676725154984 0.6085806194501846 1 0 0 0.9999934363408693 -0.003623158177567122 3.148838985799086
cell 15.580828774222804 50.64528846352454 0.0 1.0 1.0 1 0 0 0.0 1.0 0
cell 25.1943445986924 54.246745686958064 0.0 1.0 1.0 1 0 0 0.0 1.0 0
cell 16.097383723148038 8.37383108652467 0.0 1.0 1.0 1 0 0 0.0 1.0 0
cell 14.547547190108647 20.04252930242877 0.0 1.0 1.0 1 0 0 0.0 1.0 0
cell 28.55835214066113 6.104528653206689 0.0 1.0 1.0 1 0 0 0.0 1.0 0
cell 3.35805932008709 49.39229633788088 0.0 1.6431676725154984 0.6085806194501846 1 0 0 0.10944889084189945 -0.9939924246660424 6.063848121107637
cell 52.90687529539183 21.66443546907775 0.0 1.6431676725154984 0.6085806194501846 1 0 0 0.7455284777788925 -0.6664737720425968 4.600530435338057
cell 15.100918621984745 43.99674742758368 0.0 1.0 1.0 1 0 0 0.0 1.0 0
cell 23.842837154138046 13.225789161119996 0.0 1.0 1.0 1 0 0 0.0 1.0 0
cell 10.87129816053616 28.19641318486149 0.0 1.0 1.0 1 0 0 0.0 1.0 0
cell 27.90826505399481 51.435789444000484 0.0 1.0 1.0 1 0 0 0.0 1.0 0
cell 6.370688503116323 29.831423499233157 0.0 1.0 1.0 1 0 0 0.0 1.0 0
cell 12.369455306665682 7.880833243933653 0.0 1.0 1.0 1 0 0 0.0 1.0 0
cell 40.95721935165875 23.935278449706363 0.0 1.0 1.0 1 0 0 0.0 1.0 0
cell 53.30260929898879 12.473232295057864 0.0 1.0 1.0 1 0 0 0.0 1.0 0
cell 42.04793842573231 57.193251505809044 0.0 1.0 1.0 1 0 0 0.0 1.0 0
cell 7.914266142186249 34.605408444022146 0.0 1.6431676725154984 0.6085806194501846 1 0 0 0.6445083541568337 0.764597267469646 1.4007601920160742
cell 42.13067756025503 29.040408495505243 0.0 1.0 1.0 1 0 0 0.0 1.0 0
cell 45.44230801195576 47.20388108760741 0.0 1.0 1.0 1 0 0 0.0 1.0 0
cell 18.550548719085903 48.96950665781424 0.0 1.0 1.0 1 0 0 0.0 1.0 0
cell 17.598112709504964 20.087603556300945 0.0 1.6431676725154984 0.6085806194501846 1 0 0 0.7005009950759448 0.7136514246448411 1.5521985429255152
cell 28.82197396620782 25.398736771189736 0.0 1.0 1.0 1 0 0 0.0 1.0 0
cell 5.343041360346837 46.630902636896536 0.0 1.0 1.0 1 0 0 0.0 1.0 0
cell 5.444807796199281 51.980533920424485 0.0 1.0 1.0 1 0 0 0.0 1.0 0
cell 39.991587560542236 16.078336017146967 0.0 1.0 1.0 1 0 0 0.0 1.0 0
cell 40.82652394267081 32.86480255073289 0.0 1.0 1.0 1 0 0 0.0 1.0 0
cell 32.15399221787519 38.99257629099444 0.0 1.0 1.0 1 0 0 0.0 1.0 0
cell 47.2274789554565 24.371588875594007 0.0 1.0 1.0 1 0 0 0.0 1.0 0
cell 21.179282954299538 23.05933426121992 0.0 1.6431676725154984 0.6085806194501846 1 0 0 0.6871058723903563 -0.7265573068428172 4.768188972970799
cell 30.801103959207182 11.09579118786982 0.0 1.0 1.0 1 0 0 0.0 1.0 0
cell 51.66620069551181 31.238399144492274 0.0 1.6431676725154984 0.6085806194501846 1 0 0 0.8845794281202275 -0.46638957465459197 4.112002352065304
cell 2.7294633691060786 56.78475479029994 0.0 1.0 1.0 1 0 0 0.0 1.0 0
cell 33.434793055329045 0.09181165578006073 0.0 1.0 1.0 1 0 0 0.0 1.0 0
cell 16.79643847790964 41.899530481705824 0.0 1.6431676725154984 0.6085806194501846 1 0 0 0.6912981937445701 0.7225695864935742 1.526568294339426
cell 0.11691995741935485 16.25064518324456 0.0 1.6431676725154984 0.6085806194501846 1 0 0 -0.501340103430439 0.8652503110039064 5.232891534736781
cell 49.861794474917986 34.143425379714444 0.0 1.0 1.0 1 0 0 0.0 1.0 0
cell 24.710050345080127 52.6513968454243 0.0 1.0 1.0 1 0 0 0.0 1.0 0
cell 48.637940803839165 42.203129921985834 0.0 1.0 1.0 1 0 0 0.0 1.0 0
cell 37.02329919859928 11.41071215472527 0.0 1.6431676725154984 0.6085806194501846 1 0 0 0.967832060568002 0.2515971035936131 2.632932476006672
cell 50.827691926669836 15.605786053422177 0.0 1.0 1.0 1 0 0 0.0 1.0 0
cell 34.5644370771669 21.74896995896068 0.0 1.0 1.0 1 0 0 0.0 1.0 0
cell 53.449328470044534 8.200025854143265 0.0 1.6431676725154984 0.6085806194501846 1 0 0 0.9846606854946666 -0.17448018352000155 3.49234831183185
cell 27.100193405803658 10.7528284121327 0.0 1.0 1.0 1 0 0 0.0 1.0 0
cell 14.044245699140163 42.26582460222 0.0 1.0 1.0 1 0 0 0.0 1.0 0
cell 19.93297602009744 42.13582612018805 0.0 1.0 1.0 1 0 0 0.0 1.0 0
cell 38.4757842772203 4.574346411131582 0.0 1.0 1.0 1 0 0 0.0 1.0 0
cell 3.5844676627558916 1.583037247907328 0.0 1.0 1.0 1 0 0 0.0 1.0 0
cell 48.28253655721495 54.45610825807469 0.0 1.0 1.0 1 0 0 0.0 1.0 0
cell 5.722298033665473 35.57877925771095 0.0 1.6431676725154984 0.6085806194501846 1 0 0 0.7870409867761526 -0.616900709299657 4.47119004195504
cell 38.23469342620062 18.50898373304629 0.0 1.0 1.0 1 0 0 0.0 1.0 0
cell 21.627295831142792 58.20283858514355 0.0 1.6431676725154984 0.6085806194501846 1 0 0 0.9977682616393315 -0.0667719706555564 3.2752360287162263
cell 7.146501819611955 24.31408202611175 0.0 1.0 1.0 1 0 0 0.0 1.0 0
cell 46.5346402921229 0.3580693218787361 0.0 1.0 1.0 1 0 0 0.0 1.0 0
cell 47.81202304871416 52.63071567831091 0.0 1.0 1.0 1 0 0 0.0 1.0 0
cell 10.854471864737153 20.32927562852051 0.0 1.0 1.0 1 0 0 0.0 1.0 0
cell 34.14567009673088 38.98300260404079 0.0 1.0 1.0 1 0 0 0.0 1.0 0
cell 17.962256545770984 16.208743146144386 0.0 1.0 1.0 1 0 0 0.0 1.0 0
cell 23.014228710882232 57.14802542936761 0.0 1.0 1.0 1 0 0 0.0 1.0 0
cell 5.846133653410501 18.188897199904545 0.0 1.0 1.0 1 0 0 0.0 1.0 0
cell 9.321174523845228 27.545527592335638 0.0 1.0 1.0 1 0 0 0.0 1.0 0
cell 50.99125263727565 51.485887249735406 0.0 1.0 1.0 1 0 0 0.0 1.0 0
cell 26.919701889434887 5.137500042016276 0.0 1.0 1.0 1 0 0 0.0 1.0 0
cell 47.758618899381204 57.916557145075075 0.0 1.0 1.0 1 0 0 0.0 1.0 0
cell 25.700007072756456 23.984735166673413 0.0 1.0 1.0 1 0 0 0.0 1.0 0
cell 1.595087088422178 30.049467089395083 0.0 1.0 1.0 1 0 0 0.0 1.0 0
cell 15.455719056464444 6.778861806384714 0.0 1.0 1.0 1 0 0 0.0 1.0 0
cell 11.970364726040694 14.53029807072525 0.0 1.6431676725154984 0.6085806194501846 1 0 0 0.9205557180096271 -0.39061127740988205 3.9441837137742466
cell 46.17040752592622 13.341799880531916 0.0 1.0 1.0 1 0 0 0.0 1.0 0
cell 10.626324450213058 42.04000568572936 0.0 1.6431676725154984 0.6085806194501846 1 0 0 0.4879132038019615 0.8728921500137949 1.0193949644039069
cell 20.749518356504463 11.50765628758493 0.0 1.0 1.0 1 0 0 0.0 1.0 0
cell 14.176775832028527 45.737339595605036 0.0 1.0 1.0 1 0 0 0.0 1.0 0
cell 17.51176898737031 47.175357438849574 0.0 1.0 1.0 1 0 0 0.0 1.0 0
cell 29.686747230471546 16.660854987381338 0.0 1.0 1.0 1 0 0 0.0 1.0 0
cell 24.535848844787935 30.702892586461083 0.0 1.0 1.0 1 0 0 0.0 1.0 0
cell 31.391203754971862 20.2513114783591 0.0 1.0 1.0 1 0 0 0.0 1.0 0
cell 57.67492772512803 41.36808790622448 0.0 1.6431676725154984 0.6085806194501846 1 0 0 0.36693574782354565 0.9302462883393705 0.7514256989186143
cell 3.9790562018540707 27.148503416779278 0.0 1.0 1.0 1 0 0 0.0 1.0 0
cell 35.3965746003702 40.59406804923765 0.0 1.0 1.0 1 0 0 0.0 1.0 0
cell 9.714059625598953 48.398554800798095 0.0 1.6431676725154984 0.6085806194501846 1 0 0 -0.003628234149296558 -0.9999934179368172 0.007256484219479553
cell 20.839802210833138 7.598860487211045 0.0 1.0 1.0 1 0 0 0.0 1.0 0
cell 8.558290658209062 56.324462727134346 0.0 1.0 1.0 1 0 0 0.0 1.0 0
cell 32.02801151115393 32.92836299625842 0.0 1.0 1.0 1 0 0 0.0 1.0 0
cell 13.713310532549771 24.971554231218654 0.0 1.0 1.0 1 0 0 0.0 1.0 0
cell 48.48436921400825 45.62365192843193 0.0 1.0 1.0 1 0 0 0.0 1.0 0
cell 55.24478212429562 12.086311922183198 0.0 1.0 1.0 1 0 0 0.0 1.0 0
cell 41.54986470066786 50.48874734304403 0.0 1.0 1.0 1 0 0 0.0 1.0 0
cell 38.14532968018384 1.3083267812200543 0.0 1.0 1.0 1 0 0 0.0 1.0 0
cell 26.31825154074712 35.405498058929716 0.0 1.6431676725154984 0.6085806194501846 1 0 0 0.631979873197058 0.7749847997695378 1.3682105678271204
cell 33.885188389437936 16.353078442139658 0.0 1.6431676725154984 0.6085806194501846 1 0 0 0.975538388825239 0.21982914258181704 2.698314002841535
cell 33.90675096403648 35.8717635596781 0.0 1.0 1.0 1 0 0 0.0 1.0 0
cell 36.57492540478906 14.063885558954839 0.0 1.0 1.0 1 0 0 0.0 1.0 0
cell 35.44429628237706 20.32194451024251 0.0 1.0 1.0 1 0 0 0.0 1.0 0
cell 27.404930186882353 32.76556619648645 0.0 1.0 1.0 1 0 0 0.0 1.0 0
cell 12.424132552629336 19.555518724065656 0.0 1.6431676725154984 0.6085806194501846 1 0 0 0.3316033832110001 0.9434188869441923 0.6760052280426003
cell 9.19166437717449 12.22779686434896 0.0 1.0 1.0 1 0 0 0.0 1.0 0
cell 41.04186688781062 58.87515136663789 0.0 1.0 1.0 1 0 0 0.0 1.0 0
cell 30.311930236557117 18.574898183435092 0.0 1.0 1.0 1 0 0 0.0 1.0 0
cell 26.401634268932618 17.37102084096009 0.0 1.0 1.0 1 0 0 0.0 1.0 0
cell 0.32659264547888034 48.55645637729907 0.0 1.0 1.0 1 0 0 0.0 1.0 0
cell 14.433293028786785 3.2660159170285024 0.0 1.0 1.0 1 0 0 0.0 1.0 0
cell 55.83545150139373 48.3601709560514 0.0 1.0 1.0 1 0 0 0.0 1.0 0
cell 30.05965210564372 12.899777051428325 0.0 1.0 1.0 1 0 0 0.0 1.0 0
cell 21.793099300539527 45.582486940828666 0.0 1.0 1.0 1 0 0 0.0 1.0 0
cell 22.354863837044235 55.58214050013732 0.0 1.0 1.0 1 0 0 0.0 1.0 0
cell 52.429829752308805 46.34616034176913 0.0 1.0 1.0 1 0 0 0.0 1.0 0
cell 14.509918601507488 55.69311553043899 0.0 1.0 1.0 1 0 0 0.0 1.0 0
cell 17.58703755904896 35.058148372540806 0.0 1.6431676725154984 0.6085806194501846 1 0 0 0.988876823016415 0.14873677723065587 2.843011217962556
cell 15.70065573640144 29.165987629748894 0.0 1.0 1.0 1 0 0 0.0 1.0 0
cell 40.587738864368106 4.765073598304986 0.0 1.0 1.0 1 0 0 0.0 1.0 0
cell 2.4738140125355916 9.622400151386735 0.0 1.6431676725154984 0.6085806194501846 1 0 0 0.9876394312616948 0.15674295460107918 2.826808702924941
cell 22.617063610972902 4.557838989010221 0.0 1.0 1.0 1 0 0 0.0 1.0 0
cell 22.847459369899067 43.948254139431064 0.0 1.0 1.0 1 0 0 0.0 1.0 0
cell 49.654688368271465 52.998421800262406 0.0 1.0 1.0 1 0 0 0.0 1.0 0
cell 28.487110494368917 37.270257805902446 0.0 1.6431676725154984 0.6085806194501846 1 0 0 0.4450067643289039 0.895527207683563 0.9223636285610703
cell 36.94081252026354 17.22219467474757 0.0 1.0 1.0 1 0 0 0.0 1.0 0
cell 12.80920800729054 9.7133786184149 0.0 1.0 1.0 1 0 0 0.0 1.0 0
cell 22.371432481932654 8.528076543058804 0.0 1.0 1.0 1 0 0 0.0 1.0 0
cell 45.790925569113604 6.205717642189488 0.0 1.6431676725154984 0.6085806194501846 1 0 0 0.9971251756388659 0.07577192162774278 2.9899034224906353
cell 46.31037686047624 18.89392748696897 0.0 1.0 1.0 1 0 0 0.0 1.0 0
cell 33.38066329618099 3.397219433392928 0.0 1.0 1.0 1 0 0 0.0 1.0 0
cell 20.545343326351496 36.4909281522203 0.0 1.6431676725154984 0.6085806194501846 1 0 0 0.2697118422032614 -0.9629410792853959 5.736997764516504
cell 52.197194505008454 55.06219799172994 0.0 1.0 1.0 1 0 0 0.0 1.0 0
cell 50.747394149955525 19.23338772137909 0.0 1.0 1.0 1 0 0 0.0 1.0 0
cell 28.61990857485683 44.75600644929323 0.0 1.0 1.0 1 0 0 0.0 1.0 0
cell 53.687031152189824 14.462729342510501 0.0 1.0 1.0 1 0 0 0.0 1.0 0
cell 12.577651550404568 57.66704359900889 0.0 1.6431676725154984 0.6085806194501846 1 0 0 0.9319950852312261 0.36247091070158954 2.3997571799347344
cell 58.377592167224506 32.79074494359646 0.0 1.6431676725154984 0.6085806194501846 1 0 0 0.9033230939884628 -0.42896082323110923 4.028276791711466
cell 31.042094739899376 15.671554591516605 0.0 1.0 1.0 1 0 0 0.0 1.0 0
cell 17.350594149953885 33.6190424492042 0.0 1.6431676725154984 0.6085806194501846 1 0 0 0.9283545826968705 0.37169580140986164 2.37992259666373
cell 40.94335127283997 20.690057247775123 0.0 1.0 1.0 1 0 0 0.0 1.0 0
cell 46.07271532102026 28.721127699142663 0.0 1.0 1.0 1 0 0 0.0 1.0 0
cell 28.34727024229813 17.698259502156457 0.0 1.0 1.0 1 0 0 0.0 1.0 0
cell 38.55408241043258 42.1695483769638 0.0 1.0 1.0 1 0 0 0.0 1.0 0
cell 13.891456769597754 36.6633698950229 0.0 1.6431676725154984 0.6085806194501846 1 0 0 0.9924531171467699 -0.12262467233660562 3.387460822769739
cell 47.01541325681881 27.038523187636123 0.0 1.6431676725154984 0.6085806194501846 1 0 0 0.9895624966797274 -0.14410435512150396 3.430808295487672
cell 58.87031791372789 29.65994176365994 0.0 1.0 1.0 1 0 0 0.0 1.0 0
cell 51.58972026548635 58.49820533464574 0.0 1.0 1.0 1 0 0 0.0 1.0 0
cell 36.144883272836715 38.99942328649184 0.0 1.0 1.0 1 0 0 0.0 1.0 0
cell 48.31685886170038 18.74038009495726 0.0 1.0 1.0 1 0 0 0.0 1.0 0
cell 20.849085548649306 47.20886908980743 0.0 1.0 1.0 1 0 0 0.0 1.0 0
cell 42.77969973349264 35.73189926507202 0.0 1.0 1.0 1 0 0 0.0 1.0 0
cell 54.123050656517215 41.06104758707041 0.0 1.0 1.0 1 0 0 0.0 1.0 0
cell 24.499511071840036 47.586186025484736 0.0 1.0 1.0 1 0 0 0.0 1.0 0
cell 37.20786824863892 58.77760994531484 0.0 1.0 1.0 1 0 0 0.0 1.0 0
cell 39.609302888975385 38.60135799378868 0.0 1.6431676725154984 0.6085806194501846 1 0 0 0.8854854835005337 0.46466704048148944 2.1750755437262326
cell 17.83735324146218 3.699409620711142 0.0 1.0 1.0 1 0 0 0.0 1.0 0
cell 30.083583217994182 4.6066666387197746 0.0 1.6431676725154984 0.6085806194501846 1 0 0 0.9369375496889683 -0.3494968211340873 3.8556606605755825
cell 1.948818945792117 8.288655556776341 0.0 1.6431676725154984 0.6085806194501846 1 0 0 0.3766248467149598 -0.9263658698575488 5.51088500418212
cell 7.592334282759848 54.51761886083962 0.0 1.6431676725154984 0.6085806194501846 1 0 0 0.9555205227390023 -0.2949246185461356 3.740345908088232
cell 51.27977187443501 12.001725798432748 0.0 1.0 1.0 1 0 0 0.0 1.0 0
cell 33.256386295194346 13.69998400329707 0.0 1.0 1.0 1 0 0 0.0 1.0 0
cell 20.69256493020597 13.919969456530575 0.0 1.0 1.0 1 0 0 0.0 1.0 0
cell 36.42449141463327 15.695260212532396 0.0 1.0 1.0 1 0 0 0.0 1.0 0
cell 28.581834968594915 22.237318332875976 0.0 1.0 1.0 1 0 0 0.0 1.0 0
cell 23.07451025851755 32.21805490488658 0.0 1.6431676725154984 0.6085806194501846 1 0 0 0.6693155619123945 -0.7429782490637903 4.816610915220822
cell 29.435700803822517 46.52528148376704 0.0 1.0 1.0 1 0 0 0.0 1.0 0
cell 6.416532468714164 26.17103850090118 0.0 1.0 1.0 1 0 0 0.0 1.0 0
cell 11.114115281835131 3.157821483071313 0.0 1.6431676725154984 0.6085806194501846 1 0 0 0.3950738089806299 0.9186493811338126 0.8122963895481364
cell 52.06203980226339 6.78624139864043 0.0 1.6431676725154984 0.6085806194501846 1 0 0 0.9980184981832984 0.06292119900282898 3.0156670706678868
cell 9.703010122547264 10.609305239642831 0.0 1.0 1.0 1 0 0 0.0 1.0 0
cell 28.72732997254646 1.7013143573423894 0.0 1.0 1.0 1 0 0 0.0 1.0 0
cell 57.37213763368394 21.9560507869089 0.0 1.6431676725154984 0.6085806194501846 1 0 0 0.37776394811732855 0.9259019383837622 0.7747602091810096
cell 3.1940779394985594 25.290525025777953 0.0 1.0 1.0 1 0 0 0.0 1.0 0
cell 6.378430341549347 16.259037710364005 0.0 1.0 1.0 1 0 0 0.0 1.0 0
cell 19.966646697335108 23.93395141545184 0.0 1.6431676725154984 0.6085806194501846 1 0 0 0.6356317621894236 0.771992398211257 1.377653194941475
cell 51.07391051540747 17.426110090530056 0.0 1.6431676725154984 0.6085806194501846 1 0 0 0.9464009627488154 0.3229941450059356 2.4838096463589845
cell 47.21171469728765 50.76315677306495 0.0 1.0 1.0 1 0 0 0.0 1.0 0
cell 2.79666812241037 28.71825295833415 0.0 1.0 1.0 1 0 0 0.0 1.0 0
cell 39.472444869573174 47.16937852237456 0.0 1.0 1.0 1 0 0 0.0 1.0 0
cell 44.88722189909372 38.904067862687114 0.0 1.0 1.0 1 0 0 0.0 1.0 0
cell 33.711481120497915 50.6126727273147 0.0 1.0 1.0 1 0 0 0.0 1.0 0
cell 48.96706900903697 56.31836209340714 0.0 1.0 1.0 1 0 0 0.0 1.0 0
cell 35.00654914375216 30.97735788445775 0.0 1.0 1.0 1 0 0 0.0 1.0 0
cell 10.593317783754491 32.05994398350224 0.0 1.0 1.0 1 0 0 0.0 1.0 0
cell 28.766041048376113 40.987024562812515 0.0 1.0 1.0 1 0 0 0.0 1.0 0
cell 31.594007535426947 43.674180026848276 0.0 1.0 1.0 1 0 0 0.0 1.0 0
cell 49.29865569757336 17.062934251390526 0.0 1.0 1.0 1 0 0 0.0 1.0 0
cell 47.575293123781414 43.8614379424284 0.0 1.0 1.0 1 0 0 0.0 1.0 0
cell 23.66993377875752 45.73392744077742 0.0 1.0 1.0 1 0 0 0.0 1.0 0
cell 50.01565979018456 13.611221109755874 0.0 1.0 1.0 1 0 0 0.0 1.0 0
cell 24.465898450566595 55.92230581021378 0.0 1.0 1.0 1 0 0 0.0 1.0 0
cell 31.476117872692058 3.5757390075447506 0.0 1.0 1.0 1 0 0 0.0 1.0 0
cell 56.66800341865447 16.10587928637645 0.0 1.6431676725154984 0.6085806194501846 1 0 0 -0.33868954562226156 0.9408981834854322 5.592137750819071
cell 3.116013881524929 30.896997096010256 0.0 1.0 1.0 1 0 0 0.0 1.0 0
cell 12.676803944245231 16.49746820468381 0.0 1.6431676725154984 0.6085806194501846 1 0 0 0.9424903579821076 -0.3342333393166497 3.823175996078549
cell 35.35426656642043 3.182174676896589 0.0 1.0 1.0 1 0 0 0.0 1.0 0
cell 16.593892163749803 5.248319923911667 0.0 1.0 1.0 1 0 0 0.0 1.0 0
cell 17.54578969674001 22.77719599844797 0.0 1.6431676725154984 0.6085806194501846 1 0 0 0.4425063990561383 0.8967653465619474 0.9167833707069198
cell 10.159572908326645 45.99167583759766 0.0 1.0 1.0 1 0 0 0.0 1.0 0
cell 29.98875153446947 26.862069055490313 0.0 1.0 1.0 1 0 0 0.0 1.0 0
cell 52.271727091930366 19.430195020021014 0.0 1.6431676725154984 0.6085806194501846 1 0 0 0.5550024276469517 -0.8318487274174254 5.106453538161048
cell 11.549679177036355 57.00552754580566 0.0 1.0 1.0 1 0 0 0.0 1.0 0
cell 42.938550769775276 20.480908637038418 0.0 1.0 1.0 1 0 0 0.0 1.0 0
cell 19.068696259871736 57.07212774638227 0.0 1.0 1.0 1 0 0 0.0 1.0 0
cell 37.989781789882905 25.796594090872464 0.0 1.0 1.0 1 0 0 0.0 1.0 0
cell 19.01035150220384 2.1311099527927695 0.0 1.0 1.0 1 0 0 0.0 1.0 0
cell 16.53200554946365 25.2259127397299 0.0 1.6431676725154984 0.6085806194501846 1 0 0 0.8786156379868603 -0.47752964377611423 4.137274475626238
cell 45.350765680643214 50.534047057082816 0.0 1.0 1.0 1 0 0 0.0 1.0 0
cell 27.823313412653004 42.71486298942873 0.0 1.0 1.0 1 0 0 0.0 1.0 0
cell 26.74911806352668 53.02893859329568 0.0 1.0 1.0 1 0 0 0.0 1.0 0
cell 1.4535186489540304 13.443413670955165 0.0 1.6431676725154984 0.6085806194501846 1 0 0 0.7654128055972261 -0.6435396157407739 4.5398202131646554
cell 38.061296042659 13.375968416223765 0.0 1.0 1.0 1 0 0 0.0 1.0 0
cell 10.650391273394906 53.95987671277247 0.0 1.0 1.0 1 0 0 0.0 1.0 0
cell 23.028859172578912 18.31414651359749 0.0 1.0 1.0 1 0 0 0.0 1.0 0
cell 8.624636934268116 22.7081651012195 0.0 1.0 1.0 1 0 0 0.0 1.0 0
cell 25.861486445842186 42.47488678732114 0.0 1.0 1.0 1 0 0 0.0 1.0 0
cell 35.67589709069285 50.525814656353816 0.0 1.0 1.0 1 0 0 0.0 1.0 0
cell 39.99165205108197 1.2638872477468597 0.0 1.0 1.0 1 0 0 0.0 1.0 0
cell 21.511935597308497 48.96453543802362 0.0 1.0 1.0 1 0 0 0.0 1.0 0
cell 49.81831994906455 40.51653363648719 0.0 1.0 1.0 1 0 0 0.0 1.0 0
cell 10.877248489782662 36.28834429271136 0.0 1.6431676725154984 0.6085806194501846 1 0 0 0.67036456767406 -0.7420319039011534 4.813785330264145
cell 35.56139508233167 6.224965067295489 0.0 1.0 1.0 1 0 0 0.0 1.0 0
cell 4.765861055037197 5.41002834198189 0.0 1.0 1.0 1 0 0 0.0 1.0 0
cell 49.59387616342466 27.48635297072356 0.0 1.6431676725154984 0.6085806194501846 1 0 0 0.5599573291774557 0.8285214478216304 1.1886685934587375
cell 17.2693193967134 10.999686272267335 0.0 1.0 1.0 1 0 0 0.0 1.0 0
cell 1.1327947361855462 4.629617595850095 0.0 1.0 1.0 1 0 0 0.0 1.0 0
cell 14.2884484054413 8.39197504071208 0.0 1.0 1.0 1 0 0 0.0 1.0 0
cell 14.259004889771225 12.581624414352182 0.0 1.0 1.0 1 0 0 0.0 1.0 0
cell 3.4811058213021995 16.460386247807673 0.0 1.0 1.0 1 0 0 0.0 1.0 0
cell 18.758866992337435 14.3986758539337 0.0 1.0 1.0 1 0 0 0.0 1.0 0
cell 2.9538374742708315 4.706628224081019 0.0 1.0 1.0 1 0 0 0.0 1.0 0
cell 21.90652890684937 29.751575876335806 0.0 1.6431676725154984 0.6085806194501846 1 0 0 0.82064520453447 0.5714380528758808 1.9250783885627083
cell 24.567044892015474 57.86558306902178 0.0 1.0 1.0 1 0 0 0.0 1.0 0
cell 23.028432872367347 40.50940827520094 0.0 1.0 1.0 1 0 0 0.0 1.0 0
cell 20.2912252678579 21.059588842654453 0.0 1.0 1.0 1 0 0 0.0 1.0 0
cell 40.13121439275229 28.97035418726858 0.0 1.0 1.0 1 0 0 0.0 1.0 0
cell 38.80706003697958 52.17180451208801 0.0 1.0 1.0 1 0 0 0.0 1.0 0
cell 7.477160567394052 28.156563335901556 0.0 1.0 1.0 1 0 0 0.0 1.0 0
cell 57.41603614195228 26.517488791936085 0.0 1.0 1.0 1 0 0 0.0 1.0 0
cell 26.807112505880895 25.610477979685324 0.0 1.0 1.0 1 0 0 0.0 1.0 0
cell 42.5162087880096 32.45786047198655 0.0 1.0 1.0 1 0 0 0.0 1.0 0
cell 14.738690591237695 14.491493382169239 0.0 1.0 1.0 1 0 0 0.0 1.0 0
cell 46.30261225369986 54.17916323256304 0.0 1.0 1.0 1 0 0 0.0 1.0 0
cell 28.01303894817356 27.190704772191054 0.0 1.0 1.0 1 0 0 0.0 1.0 0
cell 41.954345690869616 25.640889071770832 0.0 1.0 1.0 1 0 0 0.0 1.0 0
cell 29.917594478843135 51.331123621584894 0.0 1.0 1.0 1 0 0 0.0 1.0 0
cell 21.481305101939252 53.96214912359581 0.0 1.0 1.0 1 0 0 0.0 1.0 0
cell 6.740210640491373 45.11464294836823 0.0 1.6431676725154984 0.6085806194501846 1 0 0 0.7164974899305624 0.6975896694498878 1.5975368196504305
cell 58.993909327609735 34.89291112681723 0.0 1.6431676725154984 0.6085806194501846 1 0 0 0.9286234416001933 -0.3710235891565555 3.9018147402864862
cell 36.21453973556732 18.746680163649053 0.0 1.0 1.0 1 0 0 0.0 1.0 0
cell 0.11371815094014408 26.370792007102533 0.0 1.0 1.0 1 0 0 0.0 1.0 0
cell 47.23152596566051 17.063607081156636 0.0 1.0 1.0 1 0 0 0.0 1.0 0
cell 24.18599634056566 15.072270463837867 0.0 1.0 1.0 1 0 0 0.0 1.0 0
cell 2.8290361647168627 18.878286323932866 0.0 1.0 1.0 1 0 0 0.0 1.0 0
cell 12.371051349731644 28.160686780827586 0.0 1.6431676725154984 0.6085806194501846 1 0 0 0.6833107393048092 -0.7301276830464073 4.7786102363878875
cell 43.30490201491713 15.621664099659876 0.0 1.0 1.0 1 0 0 0.0 1.0 0
cell 43.432293722395364 50.41951838390285 0.0 1.0 1.0 1 0 0 0.0 1.0 0
cell 43.73656356596401 12.178420411198953 0.0 1.0 1.0 1 0 0 0.0 1.0 0
cell 39.40961968948738 34.26274631115502 0.0 1.0 1.0 1 0 0 0.0 1.0 0
cell 54.08064035444792 10.499437509239542 0.0 1.0 1.0 1 0 0 0.0 1.0 0
cell 7.949554309325157 46.29997956542601 0.0 1.6431676725154984 0.6085806194501846 1 0 0 0.3084025522083189 -0.9512559412647025 5.656158766413792
cell 43.750114435398785 40.53454487663925 0.0 1.0 1.0 1 0 0 0.0 1.0 0
cell 23.941950811365466 5.466075094072468 0.0 1.0 1.0 1 0 0 0.0 1.0 0
cell 22.749319357420823 52.493609570761016 0.0 1.0 1.0 1 0 0 0.0 1.0 0
cell 35.01005112676741 27.72645508448227 0.0 1.0 1.0 1 0 0 0.0 1.0 0
cell 34.357016240744706 10.968127886747466 0.0 1.0 1.0 1 0 0 0.0 1.0 0
cell 37.429819206366965 20.019411263669536 0.0 1.0 1.0 1 0 0 0.0 1.0 0
cell 28.499942975800547 13.029644462823189 0.0 1.0 1.0 1 0 0 0.0 1.0 0
cell 23.923861375694152 42.251828357936766 0.0 1.0 1.0 1 0 0 0.0 1.0 0
cell 25.207542720911952 28.993739185331165 0.0 1.0 1.0 1 0 0 0.0 1.0 0
cell 26.983276295066673 8.966855958799114 0.0 1.0 1.0 1 0 0 0.0 1.0 0
cell 45.07922651270718 55.752629032282684 0.0 1.0 1.0 1 0 0 0.0 1.0 0
cell 28.664284838119332 19.277884379001897 0.0 1.0 1.0 1 0 0 0.0 1.0 0
cell 2.156001669561395 47.637824298047555 0.0 1.0 1.0 1 0 0 0.0 1.0 0
cell 30.496235798900408 41.97458675959581 0.0 1.0 1.0 1 0 0 0.0 1.0 0
cell 47.87557402472601 4.75270619398791 0.0 1.6431676725154984 0.6085806194501846 1 0 0 0.9805265512979784 0.19638656318519607 2.746249951515389
cell 5.653671318108543 27.943902959582413 0.0 1.0 1.0 1 0 0 0.0 1.0 0
cell 56.51378100525744 33.81568884919413 0.0 1.6431676725154984 0.6085806194501846 1 0 0 0.908682349134962 -0.41748818949829813 4.0029513039154505
cell 36.70829153721089 21.556962874447695 0.0 1.0 1.0 1 0 0 0.0 1.0 0
cell 54.205751185548486 47.318438887052054 0.0 1.0 1.0 1 0 0 0.0 1.0 0
cell 0.5446051750538633 2.6562383103805365 0.0 1.0 1.0 1 0 0 0.0 1.0 0
cell 57.224817517266516 29.80598607499814 0.0 1.6431676725154984 0.6085806194501846 1 0 0 0.7592473493698748 -0.650802168461983 4.558873633743511
cell 48.93858785499739 5.4368819076149855 0.0 1.6431676725154984 0.6085806194501846 1 0 0 0.9937421831465365 0.11169813532532916 2.9177292223851414
cell 3.7123437229231566 14.4712673390661 0.0 1.0 1.0 1 0 0 0.0 1.0 0
cell 33.528222473459735 43.7956590204086 0.0 1.0 1.0 1 0 0 0.0 1.0 0
cell 7.240542323424705 21.692299062251262 0.0 1.6431676725154984 0.6085806194501846 1 0 0 0.7741675644538039 0.6329807123030412 1.7707978623128666
cell 55.608825496156705 14.0306825148271 0.0 1.0 1.0 1 0 0 0.0 1.0 0
cell 49.67383608067485 58.172203415138924 0.0 1.0 1.0 1 0 0 0.0 1.0 0
cell 51.26632243716559 35.58522259807096 0.0 1.0 1.0 1 0 0 0.0 1.0 0
cell 43.89924740980551 57.36217422492765 0.0 1.0 1.0 1 0 0 0.0 1.0 0
cell 11.275635737509742 11.711313890901215 0.0 1.6431676725154984 0.6085806194501846 1 0 0 0.7728847423651533 -0.6345464325162901 4.516435710518165
cell 57.4404041324685 10.96536374324905 0.0 1.0 1.0 1 0 0 0.0 1.0 0
cell 38.668556597663496 30.097664322612708 0.0 1.6431676725154984 0.6085806194501846 1 0 0 0.9994942182577105 -0.031801063966609 3.20520550662456
cell 50.64454331175291 42.275233262870366 0.0 1.0 1.0 1 0 0 0.0 1.0 0
cell 26.3556669502016 31.107617092570944 0.0 1.0 1.0 1 0 0 0.0 1.0 0
cell 8.606576667684038 58.33838327417926 0.0 1.0 1.0 1 0 0 0.0 1.0 0
cell 10.736492412494888 22.31404281812327 0.0 1.0 1.0 1 0 0 0.0 1.0 0
cell 39.62512722774817 50.54939442896453 0.0 1.0 1.0 1 0 0 0.0 1.0 0
cell 51.436619330883 26.614603892389034 0.0 1.0 1.0 1 0 0 0.0 1.0 0
cell 42.49523383911875 6.058128310723086 0.0 1.6431676725154984 0.6085806194501846 1 0 0 0.888889807049828 0.4581210657925692 2.1898321626380244
cell 53.83485272965563 24.630055003370806 0.0 1.6431676725154984 0.6085806194501846 1 0 0 0.4677874832289566 -0.883840975817663 5.309613672141743
cell 12.219826449576551 42.80175744895857 0.0 1.6431676725154984 0.6085806194501846 1 0 0 0.8300459571941833 0.5576949963426173 1.9583801698433763
cell 33.03130575295842 27.99885119575544 0.0 1.0 1.0 1 0 0 0.0 1.0 0
cell 42.57272174492636 52.19426182424169 0.0 1.0 1.0 1 0 0 0.0 1.0 0
cell 47.296275613211115 11.727248254414265 0.0 1.0 1.0 1 0 0 0.0 1.0 0
cell 47.40659811408416 20.461138210641955 0.0 1.0 1.0 1 0 0 0.0 1.0 0
cell 49.680919817114 8.774619100190542 0.0 1.6431676725154984 0.6085806194501846 1 0 0 0.983085867000578 -0.18314523773148425 3.509962365212054
cell 45.25347060474043 17.342080877384145 0.0 1.0 1.0 1 0 0 0.0 1.0 0
cell 40.73257903221914 3.0390526069811736 0.0 1.0 1.0 1 0 0 0.0 1.0 0
cell 44.8092619551292 5.332441457151232 0.0 1.6431676725154984 0.6085806194501846 1 0 0 0.9874782767973247 0.1577550406592014 2.8247590307147012
cell 9.388133827071078 7.349783099276105 0.0 1.0 1.0 1 0 0 0.0 1.0 0
cell 44.47935498320485 48.8480197102455 0.0 1.0 1.0 1 0 0 0.0 1.0 0
cell 4.291027816450688 38.161592815227095 0.0 1.6431676725154984 0.6085806194501846 1 0 0 0.8269627154632085 -0.5622567627283076 4.335817161440494
cell 0.1871083276417994 11.882386490252747 0.0 1.0 1.0 1 0 0 0.0 1.0 0
cell 31.03865554917067 31.496928089324133 0.0 1.0 1.0 1 0 0 0.0 1.0 0
cell 0.2795182341635099 10.323509873508849 0.0 1.6431676725154984 0.6085806194501846 1 0 0 0.9784712299485689 -0.20638326522015976 3.5573470485404606
cell 34.56618070000171 48.89452949646786 0.0 1.0 1.0 1 0 0 0.0 1.0 0
cell 29.632229220449833 36.02280971042343 0.0 1.0 1.0 1 0 0 0.0 1.0 0
cell 29.618087278186238 56.509092423205395 0.0 1.0 1.0 1 0 0 0.0 1.0 0
cell 12.811767112687715 3.1633773737398747 0.0 1.0 1.0 1 0 0 0.0 1.0 0
cell 58.08482829308241 28.01330397711144 0.0 1.0 1.0 1 0 0 0.0 1.0 0
cell 57.335955892305286 0.3358938302245414 0.0 1.0 1.0 1 0 0 0.0 1.0 0
cell 9.155988077302636 15.012200698428334 0.0 1.0 1.0 1 0 0 0.0 1.0 0
cell 47.591943906055256 7.339095011078879 0.0 1.6431676725154984 0.6085806194501846 1 0 0 0.9941314722512852 -0.10817862949535025 3.35837414144662
cell 51.47663413708387 5.680468815520237 0.0 1.6431676725154984 0.6085806194501846 1 0 0 0.9968339580393126 0.07951138345971481 2.982401849595201
cell 7.20490943946584 38.29087543892625 0.0 1.6431676725154984 0.6085806194501846 1 0 0 0.9285820431391976 -0.37112718730838556 3.902037867242709
cell 57.060606221373305 12.721328126292756 0.0 1.0 1.0 1 0 0 0.0 1.0 0
cell 53.852750941342016 51.3450398696928 0.0 1.0 1.0 1 0 0 0.0 1.0 0
cell 33.486558473296306 47.199044206527844 0.0 1.0 1.0 1 0 0 0.0 1.0 0
cell 33.337265701878906 55.75363269145666 0.0 1.0 1.0 1 0 0 0.0 1.0 0
cell 32.54255913522574 21.841380514427225 0.0 1.0 1.0 1 0 0 0.0 1.0 0
cell 53.09278945007872 27.29658082165933 0.0 1.6431676725154984 0.6085806194501846 1 0 0 0.5332493150869722 -0.8459581360559606 5.1583114588355405
cell 37.02662496850378 27.468552619792845 0.0 1.0 1.0 1 0 0 0.0 1.0 0
cell 14.8005067310531 18.55121625478804 0.0 1.6431676725154984 0.6085806194501846 1 0 0 0.9657688824508502 -0.25940405873778427 3.666402828928913
cell 57.86216675572907 7.285229234273833 0.0 1.6431676725154984 0.6085806194501846 1 0 0 0.9997966351222132 0.020166516761703345 3.101256885736481
cell 18.27280868531538 5.474999847751461 0.0 1.0 1.0 1 0 0 0.0 1.0 0
cell 35.79330332335489 23.061582927669416 0.0 1.0 1.0 1 0 0 0.0 1.0 0
cell 9.028223474095903 24.520414588304636 0.0 1.0 1.0 1 0 0 0.0 1.0 0
cell 45.76230260152822 40.50984191063547 0.0 1.0 1.0 1 0 0 0.0 1.0 0
cell 20.021778588033804 58.72061651527492 0.0 1.6431676725154984 0.6085806194501846 1 0 0 0.9819754771357254 -0.18900836569862292 3.5218970777565017
cell 47.22460453794872 2.0627807950966734 0.0 1.0 1.0 1 0 0 0.0 1.0 0
cell 19.50261629979488 47.77025292969575 0.0 1.6431676725154984 0.6085806194501846 1 0 0 0.4584954651447356 0.8886967471762866 0.9526029801025557
cell 26.010203722633726 51.248664281061856 0.0 1.0 1.0 1 0 0 0.0 1.0 0
cell 26.58607736537225 22.283767012449403 0.0 1.0 1.0 1 0 0 0.0 1.0 0
cell 30.091280768151922 30.031341096716087 0.0 1.0 1.0 1 0 0 0.0 1.0 0
cell 30.54883916992808 45.17699959588956 0.0 1.0 1.0 1 0 0 0.0 1.0 0
cell 11.230439122158947 9.343504282162446 0.0 1.0 1.0 1 0 0 0.0 1.0 0
cell 40.48669904004943 35.90003410896046 0.0 1.0 1.0 1 0 0 0.0 1.0 0
cell 23.00081131992963 35.16951915716563 0.0 1.6431676725154984 0.6085806194501846 1 0 0 0.07478266382439004 0.9971998561929942 0.1497050856736597
cell 40.1383147773263 57.09769877314585 0.0 1.0 1.0 1 0 0 0.0 1.0 0
cell 10.777230247254478 15.497383470292284 0.0 1.6431676725154984 0.6085806194501846 1 0 0 0.747880680950255 -0.6638331771321639 4.593457779748281
cell 58.26250070651494 6.052045332128427 0.0 1.6431676725154984 0.6085806194501846 1 0 0 0.9999541584074669 0.00957502394851002 3.12244231306451
cell 16.009832125752563 12.938617501945979 0.0 1.0 1.0 1 0 0 0.0 1.0 0
cell 38.02666088855296 38.85554805688552 0.0 1.0 1.0 1 0 0 0.0 1.0 0
cell 22.35483019894852 6.539250572730302 0.0 1.0 1.0 1 0 0 0.0 1.0 0
cell 50.973373552926944 38.835399896318556 0.0 1.0 1.0 1 0 0 0.0 1.0 0
cell 38.956999034685936 24.136858686294612 0.0 1.0 1.0 1 0 0 0.0 1.0 0
cell 6.955442881052468 5.220517788725139 0.0 1.6431676725154984 0.6085806194501846 1 0 0 0.8787689563000545 0.47724744257388435 2.1465531524220345
cell 19.82443864191109 6.0107628481121 0.0 1.0 1.0 1 0 0 0.0 1.0 0
cell 4.95189441812096 9.713483028262058 0.0 1.0 1.0 1 0 0 0.0 1.0 0
cell 43.86742689426085 37.270229034213855 0.0 1.0 1.0 1 0 0 0.0 1.0 0
cell 54.49564495736159 22.201363649598832 0.0 1.6431676725154984 0.6085806194501846 1 0 0 0.8961612881130583 -0.4437284594068135 4.061102427346994
cell 20.67756968441857 50.45717713172427 0.0 1.6431676725154984 0.6085806194501846 1 0 0 0.46270832009034607 0.8865105811659384 0.9620956111199825
cell 44.80275783186251 35.57304716257057 0.0 1.0 1.0 1 0 0 0.0 1.0 0
cell 25.43319449145103 6.3873097752070604 0.0 1.0 1.0 1 0 0 0.0 1.0 0
cell 12.007180169761762 31.04355303459375 0.0 1.6431676725154984 0.6085806194501846 1 0 0 0.7560875067145262 -0.6544705357693433 4.568556932788878
cell 39.05173456466113 2.9671332425912236 0.0 1.0 1.0 1 0 0 0.0 1.0 0
cell 4.895297013583631 0.32191316163637335 0.0 1.0 1.0 1 0 0 0.0 1.0 0
cell 55.038126384950765 15.62555118217099 0.0 1.6431676725154984 0.6085806194501846 1 0 0 0.1641438053403685 -0.9864364202361869 5.9534053449671545
cell 32.963314050564804 34.35399100287406 0.0 1.0 1.0 1 0 0 0.0 1.0 0
cell 59.03813081783674 20.553870519022407 0.0 1.0 1.0 1 0 0 0.0 1.0 0
cell 56.09836735757091 46.375655398602376 0.0 1.0 1.0 1 0 0 0.0 1.0 0
cell 48.761817867487025 35.51657164650244 0.0 1.0 1.0 1 0 0 0.0 1.0 0
cell 38.54841740752706 48.867421901517815 0.0 1.0 1.0 1 0 0 0.0 1.0 0
cell 10.700182292267863 0.8271107796914104 0.0 1.6431676725154984 0.6085806194501846 1 0 0 0.9544672460254865 0.2983157325125904 2.5357375517210583
cell 5.60110107111933 50.004100080161834 0.0 1.0 1.0 1 0 0 0.0 1.0 0
cell 23.855820380549474 25.553784331707092 0.0 1.0 1.0 1 0 0 0.0 1.0 0
cell 40.20520597358136 11.344398613605653 0.0 1.6431676725154984 0.6085806194501846 1 0 0 0.9975050119728174 0.07059568746821178 3.000283737743067
cell 50.96439152573174 47.67790495550868 0.0 1.0 1.0 1 0 0 0.0 1.0 0
cell 52.63551755973765 42.45038600054864 0.0 1.0 1.0 1 0 0 0.0 1.0 0
cell 8.877042993046247 41.599894582571224 0.0 1.6431676725154984 0.6085806194501846 1 0 0 0.9217945319373645 -0.38767878571102526 3.9378168696360953
cell 35.555831583336335 43.86954928410217 0.0 1.0 1.0 1 0 0 0.0 1.0 0
cell 18.87935064888557 7.363665376161399 0.0 1.0 1.0 1 0 0 0.0 1.0 0
cell 41.83091551348937 18.824030451695045 0.0 1.0 1.0 1 0 0 0.0 1.0 0
cell 40.58427678324579 42.12937872016015 0.0 1.0 1.0 1 0 0 0.0 1.0 0
cell 5.935177799722227 56.338939018955685 0.0 1.0 1.0 1 0 0 0.0 1.0 0
cell 12.560501167715849 11.659103474086661 0.0 1.0 1.0 1 0 0 0.0 1.0 0
cell 30.92597216449754 49.68276408078647 0.0 1.0 1.0 1 0 0 0.0 1.0 0
cell 3.0284642307353105 58.7631748644347 0.0 1.0 1.0 1 0 0 0.0 1.0 0
cell 23.038302009443534 0.09291014258210321 0.0 1.6431676725154984 0.6085806194501846 1 0 0 0.999686908987234 0.02502167059869735 3.091544089031445
cell 48.91376258197425 6.524662923508154 0.0 1.6431676725154984 0.6085806194501846 1 0 0 0.9990694067005789 -0.043131433954290054 3.227882290011833
cell 2.0600339172755624 26.87791154873863 0.0 1.0 1.0 1 0 0 0.0 1.0 0
cell 54.08990318097263 49.34732678327106 0.0 1.0 1.0 1 0 0 0.0 1.0 0
cell 32.33434188933146 5.160227121873352 0.0 1.0 1.0 1 0 0 0.0 1.0 0
cell 13.165477001994665 44.085579657967905 0.0 1.0 1.0 1 0 0 0.0 1.0 0
cell 36.163577256301835 7.808795029647516 0.0 1.0 1.0 1 0 0 0.0 1.0 0
cell 54.22056231906048 4.935017015987801 0.0 1.6431676725154984 0.6085806194501846 1 0 0 0.9977044889883094 -0.06771818553812861 3.27713275180875
cell 58.20406578847296 15.937696982510724 0.0 1.6431676725154984 0.6085806194501846 1 0 0 0.4411827784176672 -0.89741726974004 5.369352852140493
cell 28.98802371929433 11.30430796968261 0.0 1.0 1.0 1 0 0 0.0 1.0 0
cell 53.28230347791677 37.04082285106074 0.0 1.6431676725154984 0.6085806194501846 1 0 0 0.1829586610893162 -0.9831206072158211 5.915195162289619
cell 7.161143789926414 12.168710039860573 0.0 1.6431676725154984 0.6085806194501846 1 0 0 0.6628915977469201 -0.7487153862693992 4.83383676991675
cell 13.931433343357007 1.55095106083095 0.0 1.0 1.0 1 0 0 0.0 1.0 0
cell 16.587201201035725 48.94914193115865 0.0 1.0 1.0 1 0 0 0.0 1.0 0
cell 25.24529775152698 49.43025503389393 0.0 1.0 1.0 1 0 0 0.0 1.0 0
cell 47.6232516022702 3.5675408975379574 0.0 1.0 1.0 1 0 0 0.0 1.0 0
cell 30.265391386099402 1.2335698981340009 0.0 1.6431676725154984 0.6085806194501846 1 0 0 0.9264719402407767 -0.3763638451638131 3.9133294932382334
cell 32.9731855258779 52.43799403055431 0.0 1.0 1.0 1 0 0 0.0 1.0 0
cell 38.68883097076912 21.209254640904046 0.0 1.0 1.0 1 0 0 0.0 1.0 0
cell 28.230084319938623 47.98809732556052 0.0 1.0 1.0 1 0 0 0.0 1.0 0
cell 57.761749085156616 47.436948282745654 0.0 1.0 1.0 1 0 0 0.0 1.0 0
cell 32.56435311834998 48.93295919967816 0.0 1.0 1.0 1 0 0 0.0 1.0 0
cell 21.03404487720884 56.94855035595585 0.0 1.0 1.0 1 0 0 0.0 1.0 0
cell 4.419715852408509 29.36655608489093 0.0 1.0 1.0 1 0 0 0.0 1.0 0
cell 44.612546148217824 0.11829371833861516 0.0 1.0 1.0 1 0 0 0.0 1.0 0
cell 37.94326383640333 35.60715563861828 0.0 1.0 1.0 1 0 0 0.0 1.0 0
cell 46.623070173080116 10.008507316637028 0.0 1.6431676725154984 0.6085806194501846 1 0 0 0.9833920243702249 -0.18149414978183487 3.5066038986482284
cell 6.929628783163006 1.3584728124033965 0.0 1.6431676725154984 0.6085806194501846 1 0 0 0.8100289551447772 0.5863898803927814 1.8884029842544396
cell 19.0036806973866 10.690113580309706 0.0 1.0 1.0 1 0 0 0.0 1.0 0
cell 42.482858254894886 45.45934437070562 0.0 1.0 1.0 1 0 0 0.0 1.0 0
cell 29.752919690192797 39.37047240097325 0.0 1.0 1.0 1 0 0 0.0 1.0 0
cell 12.555670805054794 1.2271873309336245 0.0 1.6431676725154984 0.6085806194501846 1 0 0 0.7288350820874014 0.6846892894727147 1.6332380490345435
cell 46.513201334035955 8.157687788359848 0.0 1.6431676725154984 0.6085806194501846 1 0 0 0.9973735823082782 -0.07242884310516191 3.286577292112
cell 3.602397043997018 10.94180081208863 0.0 1.0 1.0 1 0 0 0.0 1.0 0
cell 31.501155849573724 0.15731564333160145 0.0 1.0 1.0 1 0 0 0.0 1.0 0
cell 44.18181786849558 9.759069364321924 0.0 1.6431676725154984 0.6085806194501846 1 0 0 0.9800439978603623 -0.19878068884546654 3.541819902096415
cell 26.205951449760377 56.808270066075586 0.0 1.0 1.0 1 0 0 0.0 1.0 0
cell 4.270979710640705 55.53512502491246 0.0 1.0 1.0 1 0 0 0.0 1.0 0
cell 4.220593230231065 53.53733667916647 0.0 1.0 1.0 1 0 0 0.0 1.0 0
cell 0.01732131441682579 0.5802016675193677 0.0 1.0 1.0 1 0 0 0.0 1.0 0
cell 50.665122527913475 7.97736408814175 0.0 1.6431676725154984 0.6085806194501846 1 0 0 0.9823350305975116 -0.1871306700169324 3.5180734559769915
cell 42.77374547171028 23.897423263889717 0.0 1.0 1.0 1 0 0 0.0 1.0 0
cell 50.95222692081973 56.58379425293457 0.0 1.0 1.0 1 0 0 0.0 1.0 0
cell 47.19755188030614 30.340475053352826 0.0 1.0 1.0 1 0 0 0.0 1.0 0
cell 18.102848562044283 42.50906056471437 0.0 1.0 1.0 1 0 0 0.0 1.0 0
cell 1.192239384137822 37.89204837927087 0.0 1.6431676725154984 0.6085806194501846 1 0 0 0.4040113292675063 -0.9147539810372528 5.451389772652309
cell 30.13851103910892 54.568018915340026 0.0 1.0 1.0 1 0 0 0.0 1.0 0
cell 4.458443394667912 44.8400729420933 0.0 1.6431676725154984 0.6085806194501846 1 0 0 0.19371938211859513 0.9810569815212518 0.3899038729278951
cell 9.821008777337779 50.04391787238651 0.0 1.0 1.0 1 0 0 0.0 1.0 0
cell 28.49880257004676 34.43183430576877 0.0 1.0 1.0 1 0 0 0.0 1.0 0
cell 52.094257051165066 10.164697239273075 0.0 1.0 1.0 1 0 0 0.0 1.0 0
cell 56.535732491851434 31.566849413828898 0.0 1.6431676725154984 0.6085806194501846 1 0 0 0.8059324821460683 -0.5920074612890257 4.4086875019419365
cell 35.19034562369657 17.188518649395657 0.0 1.0 1.0 1 0 0 0.0 1.0 0
cell 4.576929313732151 36.39280604419105 0.0 1.6431676725154984 0.6085806194501846 1 0 0 0.9095875700420657 -0.41551227710498545 3.9986045089876376
cell 5.867750911422028 40.66664061005958 0.0 1.6431676725154984 0.6085806194501846 1 0 0 0.8264548769332335 -0.5630029630412915 4.3376223926555335
cell 23.880726721572284 9.405503775639877 0.0 1.0 1.0 1 0 0 0.0 1.0 0
cell 1.6354095551242602 51.2500204890221 0.0 1.0 1.0 1 0 0 0.0 1.0 0
cell 12.933806687127161 33.66467875565745 0.0 1.6431676725154984 0.6085806194501846 1 0 0 0.7195919637248966 -0.6943971527465728 4.6767562519206916
cell 48.110974592715316 9.465315788244792 0.0 1.6431676725154984 0.6085806194501846 1 0 0 0.9879758952956855 -0.15460798916837584 3.4520539720642236
cell 15.969802570022727 31.17331610640161 0.0 1.0 1.0 1 0 0 0.0 1.0 0
cell 45.66505583616455 33.8587753731167 0.0 1.0 1.0 1 0 0 0.0 1.0 0
cell 2.4812440152344815 23.45195691792743 0.0 1.0 1.0 1 0 0 0.0 1.0 0
cell 13.540520221523797 37.849149697815385 0.0 1.6431676725154984 0.6085806194501846 1 0 0 0.9876385949642881 -0.1567482240313011 3.456387275016233
cell 51.62779759965394 53.265759379515075 0.0 1.0 1.0 1 0 0 0.0 1.0 0
cell 51.8991755018803 13.920970225449384 0.0 1.0 1.0 1 0 0 0.0 1.0 0
cell 17.30851061794023 31.73864062371204 0.0 1.6431676725154984 0.6085806194501846 1 0 0 0.5300254554362718 -0.8479817312829167 5.1659241393575
cell 25.955845660385492 15.600245055068697 0.0 1.0 1.0 1 0 0 0.0 1.0 0
cell 36.941396972177785 37.30210355321067 0.0 1.0 1.0 1 0 0 0.0 1.0 0
cell 8.298351663536817 9.989196921376147 0.0 1.6431676725154984 0.6085806194501846 1 0 0 0.6703660007243248 -0.7420306092560296 4.813781467757675
cell 46.78397661555621 35.48115364359545 0.0 1.0 1.0 1 0 0 0.0 1.0 0
cell 28.655156738329698 9.688188198187104 0.0 1.0 1.0 1 0 0 0.0 1.0 0
cell 37.21577519468406 3.0594287963940174 0.0 1.0 1.0 1 0 0 0.0 1.0 0
cell 12.01134718298862 48.92596927739998 0.0 1.0 1.0 1 0 0 0.0 1.0 0
cell 31.967381733087294 26.547478641533168 0.0 1.0 1.0 1 0 0 0.0 1.0 0
cell 22.242066286735007 50.76749191649066 0.0 1.0 1.0 1 0 0 0.0 1.0 0
cell 26.848840153987855 19.060621685939232 0.0 1.0 1.0 1 0 0 0.0 1.0 0
cell 57.41213918087302 24.917407349073258 0.0 1.0 1.0 1 0 0 0.0 1.0 0
cell 35.3275675917114 11.538586772109928 0.0 1.6431676725154984 0.6085806194501846 1 0 0 0.9561481706477843 0.2928833825379914 2.547110505773042
cell 21.979248232727663 27.03303883354632 0.0 1.6431676725154984 0.6085806194501846 1 0 0 0.7971056061120667 0.6038399230795483 1.8449732493481252
cell 25.67795218148066 20.587810531186594 0.0 1.0 1.0 1 0 0 0.0 1.0 0
cell 36.56766843840004 42.21350898339882 0.0 1.0 1.0 1 0 0 0.0 1.0 0
cell 40.518161805754225 48.82665298492071 0.0 1.0 1.0 1 0 0 0.0 1.0 0
cell 5.747104146072936 11.278964413462766 0.0 1.0 1.0 1 0 0 0.0 1.0 0
cell 4.910185508378798 31.25008546764574 0.0 1.0 1.0 1 0 0 0.0 1.0 0
cell 17.270910145068882 58.3711852548336 0.0 1.6431676725154984 0.6085806194501846 1 0 0 0.9998728610677782 0.015945585600269787 3.109700130784032
cell 41.0382112762808 27.3390743650384 0.0 1.0 1.0 1 0 0 0.0 1.0 0
cell 9.000706947124424 29.379415319690544 0.0 1.0 1.0 1 0 0 0.0 1.0 0
cell 27.17412316997713 29.303072462182634 0.0 1.0 1.0 1 0 0 0.0 1.0 0
cell 38.074644646775894 28.83322957057761 0.0 1.0 1.0 1 0 0 0.0 1.0 0
cell 14.410151570612346 30.704038376796717 0.0 1.0 1.0 1 0 0 0.0 1.0 0
cell 5.83507301241874 54.39505587622113 0.0 1.0 1.0 1 0 0 0.0 1.0 0
cell 15.445612888065336 47.26584791737911 0.0 1.0 1.0 1 0 0 0.0 1.0 0
cell 12.94398800494874 13.608839253207345 0.0 1.0 1.0 1 0 0 0.0 1.0 0
cell 20.219697256726974 32.31415187472064 0.0 1.6431676725154984 0.6085806194501846 1 0 0 0.9693633994577716 0.24563102367508996 2.6452514416025537
cell 38.20534882323908 57.04875261348797 0.0 1.0 1.0 1 0 0 0.0 1.0 0
cell 44.30981578706208 53.93725344024179 0.0 1.0 1.0 1 0 0 0.0 1.0 0
cell 19.499413560763397 53.95128635884683 0.0 1.0 1.0 1 0 0 0.0 1.0 0
cell 27.776034358547626 38.97266706176197 0.0 1.0 1.0 1 0 0 0.0 1.0 0
cell 22.833896617971668 37.83959954406046 0.0 1.6431676725154984 0.6085806194501846 1 0 0 0.9968835932881694 -0.07888663659243986 3.2995300265827665
cell 10.838464185569716 24.193988122461203 0.0 1.6431676725154984 0.6085806194501846 1 0 0 0.9474430407560781 -0.3199244981599197 3.7928922458145586
cell 14.862534550639811 52.29270612037689 0.0 1.0 1.0 1 0 0 0.0 1.0 0
cell 27.722908933353185 0.4691270636235031 0.0 1.0 1.0 1 0 0 0.0 1.0 0
cell 34.530938276910234 45.545302512876425 0.0 1.0 1.0 1 0 0 0.0 1.0 0
cell 57.30254672905417 18.2431262813119 0.0 1.6431676725154984 0.6085806194501846 1 0 0 0.9702867362913553 -0.2419579496050295 3.6303591599911096
cell 8.931228026672247 20.740372600795336 0.0 1.0 1.0 1 0 0 0.0 1.0 0
cell 4.235468306398291 22.69581856934607 0.0 1.0 1.0 1 0 0 0.0 1.0 0
cell 13.573953099434227 50.274784617290045 0.0 1.0 1.0 1 0 0 0.0 1.0 0
cell 43.95848306936647 22.101812675578714 0.0 1.0 1.0 1 0 0 0.0 1.0 0
cell 52.970635168034946 3.1829562713302377 0.0 1.0 1.0 1 0 0 0.0 1.0 0
cell 45.78614021196433 57.617147674735655 0.0 1.0 1.0 1 0 0 0.0 1.0 0
cell 9.451524482362444 2.9948245741454493 0.0 1.0 1.0 1 0 0 0.0 1.0 0
cell 35.321423653213586 58.980161266155676 0.0 1.0 1.0 1 0 0 0.0 1.0 0
cell 42.909676223908086 38.95045836572871 0.0 1.0 1.0 1 0 0 0.0 1.0 0
cell 55.95405117177408 25.549904077537512 0.0 1.6431676725154984 0.6085806194501846 1 0 0 0.653175393211784 -0.7572066466313085 4.859644400068418
cell 45.97660338355186 3.6530624361548107 0.0 1.0 1.0 1 0 0 0.0 1.0 0
cell 21.901251591227496 42.17723315289294 0.0 1.0 1.0 1 0 0 0.0 1.0 0
cell 31.01556172610795 52.79613721429415 0.0 1.0 1.0 1 0 0 0.0 1.0 0
cell 1.3713583245952357 21.874556345277956 0.0 1.0 1.0 1 0 0 0.0 1.0 0
cell 39.09320302375555 58.67515420778013 0.0 1.0 1.0 1 0 0 0.0 1.0 0
cell 15.799212113995289 42.44395587866682 0.0 1.6431676725154984 0.6085806194501846 1 0 0 0.5730785021985683 0.8195004760937272 1.2205150042176196
cell 50.36431505283992 32.209675433184216 0.0 1.0 1.0 1 0 0 0.0 1.0 0
cell 55.57982898745641 38.925412935581555 0.0 1.6431676725154984 0.6085806194501846 1 0 0 0.3848782626399274 0.9229673466311097 0.7901518422570049
cell 9.50546613067978 17.00206900933158 0.0 1.0 1.0 1 0 0 0.0 1.0 0
cell 22.061221438190106 20.078667645930985 0.0 1.0 1.0 1 0 0 0.0 1.0 0
cell 2.541522398225941 38.07900146842035 0.0 1.6431676725154984 0.6085806194501846 1 0 0 0.5140766692426497 -0.8577442381854764 5.203323631956125
cell 35.486773894396045 47.219548307866994 0.0 1.0 1.0 1 0 0 0.0 1.0 0
cell 39.16855331827168 6.0072977293983785 0.0 1.0 1.0 1 0 0 0.0 1.0 0
cell 17.98080366181493 29.106818820839457 0.0 1.6431676725154984 0.6085806194501846 1 0 0 0.7715715003539703 -0.6361426096729594 4.520569661469261
cell 23.44624170369805 54.174019183626605 0.0 1.0 1.0 1 0 0 0.0 1.0 0
cell 7.946032043981057 6.288428725123019 0.0 1.0 1.0 1 0 0 0.0 1.0 0
cell 41.73689830687497 40.553428531383034 0.0 1.0 1.0 1 0 0 0.0 1.0 0
cell 28.96703023095751 49.75209486414549 0.0 1.0 1.0 1 0 0 0.0 1.0 0
cell 44.52601552350027 45.46369299707661 0.0 1.0 1.0 1 0 0 0.0 1.0 0
cell 36.25344068481875 57.21219447172953 0.0 1.0 1.0 1 0 0 0.0 1.0 0
cell 34.08028766430597 54.01328318884125 0.0 1.0 1.0 1 0 0 0.0 1.0 0
cell 27.014565493159196 7.0885831896451865 0.0 1.0 1.0 1 0 0 0.0 1.0 0
cell 28.320628441825335 30.950552984947603 0.0 1.0 1.0 1 0 0 0.0 1.0 0
cell 41.45800003840285 14.987279199612988 0.0 1.0 1.0 1 0 0 0.0 1.0 0
cell 29.038390267564875 14.701667971227268 0.0 1.0 1.0 1 0 0 0.0 1.0 0
cell 56.228746805956334 28.378988538889413 0.0 1.6431676725154984 0.6085806194501846 1 0 0 0.6473252650003646 -0.7622138815924357 4.87504526953135
cell 55.650981738340725 50.40290728389184 0.0 1.0 1.0 1 0 0 0.0 1.0 0
cell 4.4784087912228205 57.51611518763405 0.0 1.0 1.0 1 0 0 0.0 1.0 0
cell 41.741118944272415 16.867989105425046 0.0 1.0 1.0 1 0 0 0.0 1.0 0
cell 22.68239076217735 47.404167765711065 0.0 1.0 1.0 1 0 0 0.0 1.0 0
cell 34.86315120475989 24.617862413214585 0.0 1.0 1.0 1 0 0 0.0 1.0 0
cell 34.41853217718532 13.036015823251173 0.0 1.6431676725154984 0.6085806194501846 1 0 0 0.9923090046675658 -0.12378545655958499 3.389800214635139
cell 13.617479438692278 26.87667312366991 0.0 1.0 1.0 1 0 0 0.0 1.0 0
cell 33.36024116355013 40.56841787747922 0.0 1.0 1.0 1 0 0 0.0 1.0 0
cell 28.241707713069168 54.32680361144387 0.0 1.0 1.0 1 0 0 0.0 1.0 0
cell 55.40334478199831 54.226992978160546 0.0 1.0 1.0 1 0 0 0.0 1.0 0
cell 54.854455171656326 35.41132356567675 0.0 1.6431676725154984 0.6085806194501846 1 0 0 0.9001543028236286 -0.43557115504600064 4.042938028330015
cell 35.969870629101166 26.022691917760547 0.0 1.0 1.0 1 0 0 0.0 1.0 0
cell 38.022858041978786 53.78188260877426 0.0 1.0 1.0 1 0 0 0.0 1.0 0
cell 8.875370241613261 4.54301546291166 0.0 1.0 1.0 1 0 0 0.0 1.0 0
cell 58.7934827724365 40.62153402677479 0.0 1.6431676725154984 0.6085806194501846 1 0 0 0.848507973783149 -0.5291825945988917 4.256866516058918
cell 48.870077332169686 15.244301539194653 0.0 1.0 1.0 1 0 0 0.0 1.0 0
cell 2.599527573902326 52.73929216698714 0.0 1.0 1.0 1 0 0 0.0 1.0 0
cell 41.54197047536056 43.82249425950865 0.0 1.0 1.0 1 0 0 0.0 1.0 0
cell 1.4353651567450878 45.69146968829285 0.0 1.6431676725154984 0.6085806194501846 1 0 0 0.3858789095313811 -0.9225494388805796 5.49086464846694
cell 36.82420908048249 52.19560111070884 0.0 1.0 1.0 1 0 0 0.0 1.0 0
cell 23.695943674554584 23.916293232654173 0.0 1.6431676725154984 0.6085806194501846 1 0 0 0.23385811798325945 0.9722707342367803 0.472087906558726
cell 1.3529483578238728 25.057143173086367 0.0 1.0 1.0 1 0 0 0.0 1.0 0
cell 53.60618791834996 53.348517286511836 0.0 1.0 1.0 1 0 0 0.0 1.0 0
cell 2.751004153555356 6.369754260681808 0.0 1.0 1.0 1 0 0 0.0 1.0 0
cell 33.868982967609305 9.840167920134004 0.0 1.6431676725154984 0.6085806194501846 1 0 0 0.8862487160468953 0.46320968610903385 2.1783657755096346
cell 54.98273153791474 24.855288964053656 0.0 1.6431676725154984 0.6085806194501846 1 0 0 0.49957042744874897 -0.8662732755999543 5.236979669323472
cell 32.04974319439086 29.733391300473727 0.0 1.0 1.0 1 0 0 0.0 1.0 0
cell 10.302748833050668 12.867973166972973 0.0 1.6431676725154984 0.6085806194501846 1 0 0 0.6645359973121815 -0.7472562534206751 4.829439898052779
cell 27.647565388654996 20.747663519711598 0.0 1.0 1.0 1 0 0 0.0 1.0 0
cell 56.15862015430965 44.36194729600546 0.0 1.0 1.0 1 0 0 0.0 1.0 0
cell 16.960580419262154 14.394820547462865 0.0 1.0 1.0 1 0 0 0.0 1.0 0
cell 21.110886110232297 5.302735311432856 0.0 1.0 1.0 1 0 0 0.0 1.0 0
cell 6.068144760405696 3.9565453366408434 0.0 1.0 1.0 1 0 0 0.0 1.0 0
cell 51.30730445106259 43.993124282156344 0.0 1.0 1.0 1 0 0 0.0 1.0 0
cell 10.401775433035 44.04866324172302 0.0 1.0 1.0 1 0 0 0.0 1.0 0
cell 48.472146616239776 31.88488302030948 0.0 1.0 1.0 1 0 0 0.0 1.0 0
cell 39.56395884787746 19.62586922838197 0.0 1.0 1.0 1 0 0 0.0 1.0 0
cell 34.969918652859846 37.4245663149835 0.0 1.0 1.0 1 0 0 0.0 1.0 0
cell 58.9863802352506 13.448030061345507 0.0 1.6431676725154984 0.6085806194501846 1 0 0 0.9009957674931522 -0.43382787711190895 4.039066552169376
cell 10.06826171321871 25.850293650131587 0.0 1.0 1.0 1 0 0 0.0 1.0 0
cell 40.769172870296266 13.116841371201428 0.0 1.0 1.0 1 0 0 0.0 1.0 0
cell 36.016211600430104 53.85413753563647 0.0 1.0 1.0 1 0 0 0.0 1.0 0
cell 41.5276914224799 10.046191353878095 0.0 1.6431676725154984 0.6085806194501846 1 0 0 0.9881422902318445 0.15354092045889667 2.8332912638353793
cell 43.01725065566645 27.301803407993564 0.0 1.0 1.0 1 0 0 0.0 1.0 0
cell 36.07231723417587 32.53338904424146 0.0 1.0 1.0 1 0 0 0.0 1.0 0
cell 14.16389969817946 57.60671317261826 0.0 1.6431676725154984 0.6085806194501846 1 0 0 0.9538920486971035 0.30014989493991595 2.53189307260724
cell 28.044341120394716 56.02700727235635 0.0 1.0 1.0 1 0 0 0.0 1.0 0
cell 13.120753524604469 51.99680387308104 0.0 1.0 1.0 1 0 0 0.0 1.0 0
cell 37.41184822631782 40.568917852405185 0.0 1.0 1.0 1 0 0 0.0 1.0 0
cell 1.1762660564099727 58.03788412756862 0.0 1.0 1.0 1 0 0 0.0 1.0 0
cell 49.30872385023213 11.688374036032524 0.0 1.0 1.0 1 0 0 0.0 1.0 0
cell 5.6252660222835535 21.280911285618615 0.0 1.0 1.0 1 0 0 0.0 1.0 0
cell 19.8070826449954 45.65497586856682 0.0 1.0 1.0 1 0 0 0.0 1.0 0
cell 24.760695045521793 26.753582876995292 0.0 1.6431676725154984 0.6085806194501846 1 0 0 -0.40603300381008517 0.9138584134410316 5.446967460466339
cell 17.81830622435431 9.061541912680273 0.0 1.0 1.0 1 0 0 0.0 1.0 0
cell 13.793005562030753 28.841290342173963 0.0 1.0 1.0 1 0 0 0.0 1.0 0
cell 4.291925812614921 47.814776005282695 0.0 1.6431676725154984 0.6085806194501846 1 0 0 0.3554495820720667 0.9346954555387509 0.7267900328303445
cell 20.87650626408203 40.478919297112945 0.0 1.0 1.0 1 0 0 0.0 1.0 0
cell 14.03391640202735 0.08764274380176724 0.0 1.6431676725154984 0.6085806194501846 1 0 0 0.9918799890952315 -0.12717738490959565 3.3966381218235826
cell 39.994668482104146 53.80861585276531 0.0 1.0 1.0 1 0 0 0.0 1.0 0
cell 50.39352746255711 49.573966664460535 0.0 1.0 1.0 1 0 0 0.0 1.0 0
cell 58.42784185544034 55.031473509854735 0.0 1.0 1.0 1 0 0 0.0 1.0 0
cell 42.8234620797373 7.198301770008474 0.0 1.6431676725154984 0.6085806194501846 1 0 0 0.9500968895493531 0.31195496544957296 2.50709267801456
cell 14.634240868975834 48.935227909600485 0.0 1.0 1.0 1 0 0 0.0 1.0 0
cell 49.03573948460571 23.509213741632013 0.0 1.0 1.0 1 0 0 0.0 1.0 0
cell 53.75273255072819 19.397137365476752 0.0 1.6431676725154984 0.6085806194501846 1 0 0 0.7390130504994312 -0.6736911096277917 4.619976925951176
cell 14.038271021425246 10.69213900156029 0.0 1.0 1.0 1 0 0 0.0 1.0 0
cell 30.911399750373075 57.60899632396081 0.0 1.0 1.0 1 0 0 0.0 1.0 0
cell 7.077314832846546 52.75120286041046 0.0 1.0 1.0 1 0 0 0.0 1.0 0
cell 52.308067668453546 50.24047638086073 0.0 1.0 1.0 1 0 0 0.0 1.0 0
cell 9.15980437717473 33.611287411515406 0.0 1.6431676725154984 0.6085806194501846 1 0 0 0.6585208841762565 -0.7525624526268377 4.84548205264591
cell 31.8848024167322 51.030338628574476 0.0 1.0 1.0 1 0 0 0.0 1.0 0
cell 25.239971383719894 2.8048963585031954 0.0 1.6431676725154984 0.6085806194501846 1 0 0 0.9573336639149779 -0.28898487146410295 3.727925247835055
cell 55.55805916397283 52.36598282069169 0.0 1.0 1.0 1 0 0 0.0 1.0 0
cell 41.96451783754636 12.107068108124992 0.0 1.0 1.0 1 0 0 0.0 1.0 0
cell 46.98208236986329 15.07949290446814 0.0 1.0 1.0 1 0 0 0.0 1.0 0
cell 29.9627771345378 2.877580113474011 0.0 1.0 1.0 1 0 0 0.0 1.0 0
cell 25.790401671791646 39.2565287480511 0.0 1.6431676725154984 0.6085806194501846 1 0 0 0.42124816336364634 -0.9069454144890721 5.413543090000241
cell 49.31992439247193 20.455800100461136 0.0 1.0 1.0 1 0 0 0.0 1.0 0
cell 23.85937232883617 7.445954565885692 0.0 1.0 1.0 1 0 0 0.0 1.0 0
cell 24.76303305490552 44.107638741800926 0.0 1.0 1.0 1 0 0 0.0 1.0 0
cell 28.065357651625547 4.260707779623469 0.0 1.6431676725154984 0.6085806194501846 1 0 0 0.9584914200705911 -0.2851213735430259 3.7198587646971837
cell 8.104143175494604 26.1761643370644 0.0 1.0 1.0 1 0 0 0.0 1.0 0
cell 19.15799711738452 0.4828027272381458 0.0 1.6431676725154984 0.6085806194501846 1 0 0 0.9930175341763879 -0.11796684626727218 3.378077017430761
cell 42.619065622772084 42.14481154295249 0.0 1.0 1.0 1 0 0 0.0 1.0 0
cell 18.360108207899017 55.570702810172115 0.0 1.0 1.0 1 0 0 0.0 1.0 0
cell 15.035419424550009 33.57013038565534 0.0 1.0 1.0 1 0 0 0.0 1.0 0
cell 38.477803738619855 16.790591436007627 0.0 1.0 1.0 1 0 0 0.0 1.0 0
cell 50.5133915230747 24.807376408355992 0.0 1.0 1.0 1 0 0 0.0 1.0 0
cell 23.378564936070894 29.447608732500584 0.0 1.6431676725154984 0.6085806194501846 1 0 0 0.510150056440847 -0.8600854143126719 5.2124668108677845
cell 58.3988081142129 4.2708468214778215 0.0 1.0 1.0 1 0 0 0.0 1.0 0
cell 38.181404678669075 15.15516927726483 0.0 1.0 1.0 1 0 0 0.0 1.0 0
cell 36.5635545809268 48.845749827332945 0.0 1.0 1.0 1 0 0 0.0 1.0 0
cell 52.526086819323744 48.34826002712097 0.0 1.0 1.0 1 0 0 0.0 1.0 0
cell 55.89962366542248 9.734272973261836 0.0 1.0 1.0 1 0 0 0.0 1.0 0
cell 49.92906225097854 37.137188674930314 0.0 1.0 1.0 1 0 0 0.0 1.0 0
cell 47.442218047927604 47.29722978404209 0.0 1.0 1.0 1 0 0 0.0 1.0 0
cell 42.984095267501786 10.728470243997835 0.0 1.6431676725154984 0.6085806194501846 1 0 0 -0.9999995452255893 -0.0009537025818315618 3.1396852481369835
cell 6.000788918150057 13.620215229917143 0.0 1.6431676725154984 0.6085806194501846 1 0 0 0.653900299452939 -0.7565807282606112 4.8577289231718135
cell 58.93910942821266 45.05469876818882 0.0 1.6431676725154984 0.6085806194501846 1 0 0 0.16230251308330387 -0.9867410472088632 5.957137987880394
cell 42.505631065383 48.75885966112257 0.0 1.0 1.0 1 0 0 0.0 1.0 0
cell 41.68078077826283 34.302208010182426 0.0 1.0 1.0 1 0 0 0.0 1.0 0
cell 38.50807694403635 31.22071959533483 0.0 1.6431676725154984 0.6085806194501846 1 0 0 -0.17352711346791438 0.9848290922243785 5.934365317735558
cell 20.03071273622123 38.54347196275833 0.0 1.6431676725154984 0.6085806194501846 1 0 0 0.9044700417944931 0.4265371537114534 2.260271226542894
cell 34.05073882082091 29.495969140566437 0.0 1.0 1.0 1 0 0 0.0 1.0 0
cell 18.376842373272932 27.13012607918682 0.0 1.6431676725154984 0.6085806194501846 1 0 0 0.8373170396969765 -0.5467176373898065 4.298470858899723
cell 39.187594163079005 12.415165054953455 0.0 1.0 1.0 1 0 0 0.0 1.0 0
cell 52.896367393214774 44.451214860296325 0.0 1.0 1.0 1 0 0 0.0 1.0 0
cell 27.8434900431237 16.02319044342355 0.0 1.0 1.0 1 0 0 0.0 1.0 0
cell 44.16117706928463 3.797754729127612 0.0 1.0 1.0 1 0 0 0.0 1.0 0
cell 15.292587747252435 26.317666217995743 0.0 1.0 1.0 1 0 0 0.0 1.0 0
cell 18.731741154533356 21.671084567960058 0.0 1.6431676725154984 0.6085806194501846 1 0 0 0.7090811582306948 0.7051268758473302 1.5763885338577286
cell 18.39232464088398 25.04256063257539 0.0 1.6431676725154984 0.6085806194501846 1 0 0 0.8865479813238495 -0.46263665744362226 4.1035265945919335
cell 0.23679790939640719 8.320398592563237 0.0 1.6431676725154984 0.6085806194501846 1 0 0 0.32197627932669326 -0.9467477359629328 5.627552929916418
cell 40.11339772756418 17.937292901648743 0.0 1.0 1.0 1 0 0 0.0 1.0 0
cell 46.51212633117001 32.19468895243827 0.0 1.0 1.0 1 0 0 0.0 1.0 0
cell 30.737773325123595 37.66088856978307 0.0 1.0 1.0 1 0 0 0.0 1.0 0
cell 32.93011805424979 37.4118494712334 0.0 1.0 1.0 1 0 0 0.0 1.0 0
cell 10.45903037172376 39.92207678835134 0.0 1.6431676725154984 0.6085806194501846 1 0 0 0.4302512513679117 0.9027091783605317 0.8895421776749213
cell 16.03347357271249 23.191090427623685 0.0 1.6431676725154984 0.6085806194501846 1 0 0 0.9510798544140942 -0.3089451577993505 3.76976011927021
cell 25.618870714344897 13.72729239840029 0.0 1.0 1.0 1 0 0 0.0 1.0 0
cell 16.47712747507359 55.921141485640085 0.0 1.0 1.0 1 0 0 0.0 1.0 0
cell 29.419750451446667 32.60730234494124 0.0 1.0 1.0 1 0 0 0.0 1.0 0
cell 54.43910748331082 45.33545893898937 0.0 1.0 1.0 1 0 0 0.0 1.0 0
cell 2.7660003657499876 12.729006391525129 0.0 1.0 1.0 1 0 0 0.0 1.0 0
cell 52.86264189413255 56.90986365362588 0.0 1.0 1.0 1 0 0 0.0 1.0 0
cell 47.03515042726883 56.02749328480979 0.0 1.0 1.0 1 0 0 0.0 1.0 0
cell 51.81102040975362 40.62572147782087 0.0 1.0 1.0 1 0 0 0.0 1.0 0
cell 19.923170739303714 27.989889245947055 0.0 1.6431676725154984 0.6085806194501846 1 0 0 0.7144186615733206 0.6997184976801637 1.5915858723292569
cell 18.577153311015685 40.57403507649924 0.0 1.0 1.0 1 0 0 0.0 1.0 0
cell 31.84288818209217 7.25192982106773 0.0 1.0 1.0 1 0 0 0.0 1.0 0
cell 12.06713584763006 53.33711302194812 0.0 1.0 1.0 1 0 0 0.0 1.0 0
cell 44.33184628703943 19.094295253399256 0.0 1.0 1.0 1 0 0 0.0 1.0 0
cell 37.52406124360246 43.859287132221155 0.0 1.0 1.0 1 0 0 0.0 1.0 0
cell 0.9023681398037644 28.153389292486565 0.0 1.0 1.0 1 0 0 0.0 1.0 0
cell 36.749954363205056 30.67124266655564 0.0 1.0 1.0 1 0 0 0.0 1.0 0
cell 30.124410115992895 8.847823820592602 0.0 1.6431676725154984 0.6085806194501846 1 0 0 0.651187768305011 -0.7589166557731746 4.8648883634450435
cell 49.28998660755866 47.42965627629791 0.0 1.0 1.0 1 0 0 0.0 1.0 0
cell 48.43686630650162 49.1787218749507 0.0 1.0 1.0 1 0 0 0.0 1.0 0
cell 31.705411407991985 23.508271003260806 0.0 1.0 1.0 1 0 0 0.0 1.0 0
cell 29.034320721991097 52.927651221196314 0.0 1.0 1.0 1 0 0 0.0 1.0 0
cell 22.311509316333424 10.525630153753932 0.0 1.0 1.0 1 0 0 0.0 1.0 0
cell 35.23824462381838 55.62331208231996 0.0 1.0 1.0 1 0 0 0.0 1.0 0
cell 29.70017634557215 23.704731497696667 0.0 1.0 1.0 1 0 0 0.0 1.0 0
cell 17.53063459353937 54.056218535156454 0.0 1.0 1.0 1 0 0 0.0 1.0 0
cell 36.3397411178957 12.561027686119719 0.0 1.6431676725154984 0.6085806194501846 1 0 0 0.9976926383290955 0.06789255794215349 3.0057030060982757
cell 54.983157009438344 7.579807405345515 0.0 1.6431676725154984 0.6085806194501846 1 0 0 0.9872663885850621 -0.15907569886758074 3.461101372713304
cell 56.63292374576666 3.8381768308014617 0.0 1.0 1.0 1 0 0 0.0 1.0 0
cell 37.888301943193966 22.83741552495733 0.0 1.0 1.0 1 0 0 0.0 1.0 0
cell 40.433520249930254 8.60759926063675 0.0 1.6431676725154984 0.6085806194501846 1 0 0 0.9158511156219934 0.4015180369721266 2.315245133510196
cell 45.314387047536094 1.9798134948218589 0.0 1.0 1.0 1 0 0 0.0 1.0 0
cell 30.484269108666357 14.357843579006778 0.0 1.6431676725154984 0.6085806194501846 1 0 0 0.8946710167112923 0.446725611373226 2.2153884525318626
cell 24.52568338915263 16.97625891657677 0.0 1.0 1.0 1 0 0 0.0 1.0 0
cell 15.585978020300665 11.207006792168672 0.0 1.0 1.0 1 0 0 0.0 1.0 0
cell 43.67690224137351 33.98602418902831 0.0 1.0 1.0 1 0 0 0.0 1.0 0
cell 34.52753714494413 42.20193008925806 0.0 1.0 1.0 1 0 0 0.0 1.0 0
cell 14.522030769299342 35.317995637403996 0.0 1.6431676725154984 0.6085806194501846 1 0 0 0.9945183351275448 0.1045623311481548 2.9320850343600595
cell 8.685636082331504 1.1413732163138628 0.0 1.0 1.0 1 0 0 0.0 1.0 0
cell 49.554079996472986 43.95772535139753 0.0 1.0 1.0 1 0 0 0.0 1.0 0
cell 34.725571752155105 14.698279028996897 0.0 1.0 1.0 1 0 0 0.0 1.0 0
cell 55.417283146653276 59.04890402063052 0.0 1.0 1.0 1 0 0 0.0 1.0 0
cell 23.394814923047175 49.22084967454493 0.0 1.0 1.0 1 0 0 0.0 1.0 0
cell 7.681809653193671 15.716189634400795 0.0 1.6431676725154984 0.6085806194501846 1 0 0 0.8192341392440275 -0.5734591747431522 4.363036844349697
cell 23.87141593198489 20.428682398562458 0.0 1.0 1.0 1 0 0 0.0 1.0 0
cell 31.94336150632982 14.191381754640918 0.0 1.0 1.0 1 0 0 0.0 1.0 0
cell 23.76850256238904 11.363496712636474 0.0 1.0 1.0 1 0 0 0.0 1.0 0
cell 40.97766346671502 39.05742992003101 0.0 1.0 1.0 1 0 0 0.0 1.0 0
cell 7.3159849513885815 57.23533866297698 0.0 1.6431676725154984 0.6085806194501846 1 0 0 0.676279679966241 0.7366449582158006 1.4854009867166802
cell 25.39039328322926 4.476483927267075 0.0 1.0 1.0 1 0 0 0.0 1.0 0
cell 37.82592508694646 9.098668287421487 0.0 1.6431676725154984 0.6085806194501846 1 0 0 0.8167025771221417 0.5770588362741291 1.911347008138912
cell 12.543852710749432 21.430504713640573 0.0 1.0 1.0 1 0 0 0.0 1.0 0
cell 34.03373522924118 32.70466671375722 0.0 1.0 1.0 1 0 0 0.0 1.0 0
cell 9.525493342434503 8.91032997409007 0.0 1.0 1.0 1 0 0 0.0 1.0 0
cell 32.58263906739035 57.57522164597233 0.0 1.0 1.0 1 0 0 0.0 1.0 0
cell 45.265812858315414 30.559422712994127 0.0 1.0 1.0 1 0 0 0.0 1.0 0
cell 27.08797736787565 49.59848459678167 0.0 1.0 1.0 1 0 0 0.0 1.0 0
cell 44.9089444963337 27.133463413358243 0.0 1.0 1.0 1 0 0 0.0 1.0 0
cell 12.389897935873979 23.438058388708395 0.0 1.0 1.0 1 0 0 0.0 1.0 0
cell 48.1363363934294 13.43122520304074 0.0 1.0 1.0 1 0 0 0.0 1.0 0
cell 51.0569736561492 4.347098441493105 0.0 1.6431676725154984 0.6085806194501846 1 0 0 0.9979862115456862 -0.06343123492955902 3.268540350163322
cell 7.352918320303708 42.24720498075669 0.0 1.6431676725154984 0.6085806194501846 1 0 0 0.7289941678198484 -0.6845199071500015 4.649482505988474
cell 4.8457535485747165 33.65759258448823 0.0 1.6431676725154984 0.6085806194501846 1 0 0 0.5531370443498509 -0.8330902773216784 5.110935101776935
cell 36.88185074860038 9.300953310681017 0.0 1.6431676725154984 0.6085806194501846 1 0 0 0.799588062534376 0.6005488575066336 1.8532179389261354
cell 14.610553627243464 21.65538848484302 0.0 1.0 1.0 1 0 0 0.0 1.0 0
cell 32.25445067454685 12.239494762858154 0.0 1.6431676725154984 0.6085806194501846 1 0 0 0.9963211043107815 0.08569864120827603 2.9699848771452797
cell 59.021173149996585 50.47348011643717 0.0 1.0 1.0 1 0 0 0.0 1.0 0
cell 30.22157100114398 6.571597438854926 0.0 1.0 1.0 1 0 0 0.0 1.0 0
cell 40.51850783025385 45.46147726858588 0.0 1.0 1.0 1 0 0 0.0 1.0 0
cell 58.50673961638905 57.02488561357033 0.0 1.0 1.0 1 0 0 0.0 1.0 0
cell 12.134115152920282 45.716939862495664 0.0 1.0 1.0 1 0 0 0.0 1.0 0
cell 11.801007396883257 33.90169233952165 0.0 1.6431676725154984 0.6085806194501846 1 0 0 0.7282632305196071 -0.6852975026024432 4.6516169137589225
cell 32.54724832440649 42.12309088303875 0.0 1.0 1.0 1 0 0 0.0 1.0 0
cell 42.03406893228592 53.85749434989779 0.0 1.0 1.0 1 0 0 0.0 1.0 0
cell 37.54194058040134 6.498721462951984 0.0 1.0 1.0 1 0 0 0.0 1.0 0
cell 20.841652725130633 9.630091389691541 0.0 1.0 1.0 1 0 0 0.0 1.0 0
cell 37.51939573388998 47.20252750015073 0.0 1.0 1.0 1 0 0 0.0 1.0 0
cell 54.82752079535145 57.17826159603556 0.0 1.0 1.0 1 0 0 0.0 1.0 0
cell 19.3143195063608 50.78200982474219 0.0 1.0 1.0 1 0 0 0.0 1.0 0
cell 24.604557355399184 22.30768002819624 0.0 1.0 1.0 1 0 0 0.0 1.0 0
cell 38.01330296731101 32.899505848209536 0.0 1.0 1.0 1 0 0 0.0 1.0 0
cell 41.28358110029726 30.87975218253777 0.0 1.0 1.0 1 0 0 0.0 1.0 0
cell 36.0262620013582 29.152714311985235 0.0 1.0 1.0 1 0 0 0.0 1.0 0
cell 17.842101388942563 12.63455671757828 0.0 1.0 1.0 1 0 0 0.0 1.0 0
cell 27.040870320994554 12.374341856354912 0.0 1.0 1.0 1 0 0 0.0 1.0 0
cell 46.036106367390204 25.71904815227588 0.0 1.6431676725154984 0.6085806194501846 1 0 0 0.9952149516547408 -0.09770977434654002 3.337324497433023
cell 46.878222478849494 38.873838192429346 0.0 1.0 1.0 1 0 0 0.0 1.0 0
cell 25.424893293373863 8.25499908131008 0.0 1.0 1.0 1 0 0 0.0 1.0 0
cell 56.788872323481804 35.66177706329669 0.0 1.6431676725154984 0.6085806194501846 1 0 0 0.3321009946411922 0.9432438334589476 0.6770602367906333
cell 43.47007618265523 47.13959664652398 0.0 1.0 1.0 1 0 0 0.0 1.0 0
cell 25.360184947821043 37.3626315201679 0.0 1.6431676725154984 0.6085806194501846 1 0 0 0.9975847229015016 -0.06946020899431797 3.2806250235119014
cell 42.874621591198455 59.04233357795053 0.0 1.0 1.0 1 0 0 0.0 1.0 0
cell 43.5249005832977 1.8724061866323223 0.0 1.0 1.0 1 0 0 0.0 1.0 0
cell 9.991009418026696 55.20110096440256 0.0 1.6431676725154984 0.6085806194501846 1 0 0 0.9794206102388617 -0.20182980017662336 3.548044273503765
cell 46.48309871951174 45.555945732966 0.0 1.0 1.0 1 0 0 0.0 1.0 0
cell 11.66144096785224 50.7326980566109 0.0 1.0 1.0 1 0 0 0.0 1.0 0
cell 45.66848552171346 23.095633074118716 0.0 1.0 1.0 1 0 0 0.0 1.0 0
cell 26.54297221779925 55.01318767893272 0.0 1.0 1.0 1 0 0 0.0 1.0 0
cell 29.64016415256082 20.54669471900397 0.0 1.0 1.0 1 0 0 0.0 1.0 0
cell 20.594297120392362 52.30604260900243 0.0 1.0 1.0 1 0 0 0.0 1.0 0
cell 32.97631232947354 8.67799359584318 0.0 1.0 1.0 1 0 0 0.0 1.0 0
cell 21.2420801427158 17.406285582608394 0.0 1.0 1.0 1 0 0 0.0 1.0 0
cell 54.83286576665169 3.4277693322911693 0.0 1.0 1.0 1 0 0 0.0 1.0 0
cell 39.66951067783859 31.979708530400845 0.0 1.0 1.0 1 0 0 0.0 1.0 0
cell 33.383757546580966 20.33473938108445 0.0 1.0 1.0 1 0 0 0.0 1.0 0
cell 43.533470108273804 43.81067131722196 0.0 1.0 1.0 1 0 0 0.0 1.0 0
cell 32.27827645361497 18.8507388106081 0.0 1.0 1.0 1 0 0 0.0 1.0 0
cell 7.6783486831258925 2.878971255860808 0.0 1.0 1.0 1 0 0 0.0 1.0 0
cell 37.696858440861185 50.507704933609254 0.0 1.0 1.0 1 0 0 0.0 1.0 0
cell 39.66027575545948 14.300459500982477 0.0 1.0 1.0 1 0 0 0.0 1.0 0
cell 46.45521325038208 48.94624447154712 0.0 1.0 1.0 1 0 0 0.0 1.0 0
cell 35.92769367170902 35.82006389695389 0.0 1.0 1.0 1 0 0 0.0 1.0 0
cell 11.454404967204486 47.29131451535777 0.0 1.6431676725154984 0.6085806194501846 1 0 0 -0.06893436388947326 0.9976211973866401 6.145207154443429
cell 5.4725546072568765 42.346018524018575 0.0 1.6431676725154984 0.6085806194501846 1 0 0 0.44327050962695974 0.8963878933224474 0.9184878776226156
cell 15.961411603297414 15.882138311284672 0.0 1.0 1.0 1 0 0 0.0 1.0 0
cell 43.30107821875752 30.678681866758318 0.0 1.0 1.0 1 0 0 0.0 1.0 0
cell 1.0787382659227593 55.95016103115253 0.0 1.0 1.0 1 0 0 0.0 1.0 0
cell 15.699267539383856 54.10341844558668 0.0 1.0 1.0 1 0 0 0.0 1.0 0
cell 2.4051631717277315 34.88645510899692 0.0 1.6431676725154984 0.6085806194501846 1 0 0 0.8432631705420658 -0.5375009071688558 4.276534059305293
cell 10.89677780786678 4.513631764864827 0.0 1.0 1.0 1 0 0 0.0 1.0 0
cell 0.9784290385540308 53.94299638067461 0.0 1.0 1.0 1 0 0 0.0 1.0 0
cell 27.952307398058615 57.751073331414176 0.0 1.0 1.0 1 0 0 0.0 1.0 0
cell 24.047311756368078 51.00316819799434 0.0 1.0 1.0 1 0 0 0.0 1.0 0
cell 40.00785805074004 25.69538718492318 0.0 1.0 1.0 1 0 0 0.0 1.0 0
cell 44.5242836429866 8.685487026815165 0.0 1.6431676725154984 0.6085806194501846 1 0 0 0.9960768436961324 -0.08849249376275181 3.3188094515173243
cell 36.52414054934051 45.510754211811474 0.0 1.0 1.0 1 0 0 0.0 1.0 0
cell 57.563038199450645 14.32863971352627 0.0 1.0 1.0 1 0 0 0.0 1.0 0
cell 20.65828193491893 1.9677161484628163 0.0 1.0 1.0 1 0 0 0.0 1.0 0
cell 57.44566187021081 49.431542794858224 0.0 1.0 1.0 1 0 0 0.0 1.0 0
cell 26.673697339473822 44.309460628538446 0.0 1.0 1.0 1 0 0 0.0 1.0 0
cell 24.422139375256098 32.948853058756924 0.0 1.6431676725154984 0.6085806194501846 1 0 0 0.8038646054956393 -0.5948123200063531 4.415656966355787
cell 45.5293982926269 43.827244576417826 0.0 1.0 1.0 1 0 0 0.0 1.0 0
cell 10.304173021975405 34.21337422328138 0.0 1.6431676725154984 0.6085806194501846 1 0 0 0.5562256931228878 -0.8310312739662468 5.103511016140793
cell 17.27414925710635 7.10233647782329 0.0 1.0 1.0 1 0 0 0.0 1.0 0
cell 55.20459408864594 31.139932453209976 0.0 1.6431676725154984 0.6085806194501846 1 0 0 0.6607520640883912 -0.7506042298061812 4.8395447782248375
cell 26.321509139615856 47.78027668717143 0.0 1.0 1.0 1 0 0 0.0 1.0 0
cell 20.528650077822753 30.01662063909026 0.0 1.6431676725154984 0.6085806194501846 1 0 0 0.8321763405008245 0.5545110804218937 1.9660419898809074
cell 6.21959029104547 58.3913237908685 0.0 1.0 1.0 1 0 0 0.0 1.0 0
cell 41.77211534673596 37.2944423941197 0.0 1.0 1.0 1 0 0 0.0 1.0 0
cell 45.85909462551511 37.199499561526764 0.0 1.0 1.0 1 0 0 0.0 1.0 0
cell 16.64835998305099 52.325297549435746 0.0 1.0 1.0 1 0 0 0.0 1.0 0
cell 34.94533742536496 34.18467470336921 0.0 1.0 1.0 1 0 0 0.0 1.0 0
cell 12.30138439321002 17.981073117586252 0.0 1.6431676725154984 0.6085806194501846 1 0 0 0.9586265996717395 -0.28466654598283675 3.7189097828463598
cell 56.123195191677944 42.21464872852409 0.0 1.0 1.0 1 0 0 0.0 1.0 0
cell 57.91911166251095 43.41900329063417 0.0 1.0 1.0 1 0 0 0.0 1.0 0
cell 20.416154089966934 19.132051528089804 0.0 1.0 1.0 1 0 0 0.0 1.0 0
cell 28.7240913479595 7.922184878117995 0.0 1.0 1.0 1 0 0 0.0 1.0 0
cell 52.364390021856984 30.117434068183474 0.0 1.6431676725154984 0.6085806194501846 1 0 0 0.44722811394043527 0.8944199316323854 0.9273276823531901
cell 55.10274666516104 6.28605374821174 0.0 1.6431676725154984 0.6085806194501846 1 0 0 0.9983574723750748 -0.05729186113971066 3.2562391527593317
cell 6.198906386634053 7.371884000934516 0.0 1.6431676725154984 0.6085806194501846 1 0 0 0.6260434873584538 0.7797881455472797 1.3529379661034027
cell 46.06734537772462 52.390499355984474 0.0 1.0 1.0 1 0 0 0.0 1.0 0
cell 31.38157872920849 9.222525077472252 0.0 1.0 1.0 1 0 0 0.0 1.0 0
cell 34.38737114564045 57.40336487291819 0.0 1.0 1.0 1 0 0 0.0 1.0 0
cell 41.48513751672721 47.09603997047083 0.0 1.0 1.0 1 0 0 0.0 1.0 0
cell 26.200129415763485 58.67972186250887 0.0 1.0 1.0 1 0 0 0.0 1.0 0
cell 22.427503998550147 2.6341692439610522 0.0 1.0 1.0 1 0 0 0.0 1.0 0
cell 41.13378191524151 6.453029150140496 0.0 1.6431676725154984 0.6085806194501846 1 0 0 0.8760538211367106 0.48221333709445263 2.1352337614756194
cell 55.29985291329652 18.482218182804846 0.0 1.6431676725154984 0.6085806194501846 1 0 0 0.7936924718037 -0.6083192091345899 4.449475018930979
cell 19.276590161155287 17.67379229897196 0.0 1.0 1.0 1 0 0 0.0 1.0 0
cell 57.25912315455896 51.4397104613565 0.0 1.0 1.0 1 0 0 0.0 1.0 0
cell 9.98996490470471 56.891868366816425 0.0 1.0 1.0 1 0 0 0.0 1.0 0
cell 29.660507036324994 43.437308436336174 0.0 1.0 1.0 1 0 0 0.0 1.0 0
cell 26.240845991118167 27.538133029641802 0.0 1.0 1.0 1 0 0 0.0 1.0 0
cell 41.13241591784968 55.47222603635244 0.0 1.0 1.0 1 0 0 0.0 1.0 0
cell 49.08078269099189 51.03229975779812 0.0 1.0 1.0 1 0 0 0.0 1.0 0
cell 57.049796177154896 19.819755637842732 0.0 1.6431676725154984 0.6085806194501846 1 0 0 0.8727683257052071 -0.4881346634339028 4.161495069777901
cell 6.760004985550186 34.832904335462736 0.0 1.6431676725154984 0.6085806194501846 1 0 0 0.558748801366307 0.8293369502028203 1.1857527169314785
cell 17.182956188954805 39.0538764805087 0.0 1.6431676725154984 0.6085806194501846 1 0 0 0.9993445184184754 0.036201291509356796 3.069174246902278
cell 4.588454637041842 12.683563192986696 0.0 1.0 1.0 1 0 0 0.0 1.0 0
cell 43.833729875296044 25.50262711547815 0.0 1.0 1.0 1 0 0 0.0 1.0 0
cell 27.477103680334974 46.16426716927616 0.0 1.0 1.0 1 0 0 0.0 1.0 0
cell 25.852584133684367 1.6945400026239636 0.0 1.6431676725154984 0.6085806194501846 1 0 0 0.9999979092989957 -0.002044846604902654 3.1456823496497095
cell 7.771660515592003 31.310288040974907 0.0 1.6431676725154984 0.6085806194501846 1 0 0 0.697601035328076 0.7164864238135963 1.5440875604035025
cell 8.391412380986607 37.6715756771224 0.0 1.6431676725154984 0.6085806194501846 1 0 0 0.528604717279269 0.8488681009851319 1.1139120492424959
cell 17.826821163636357 45.07999025089652 0.0 1.6431676725154984 0.6085806194501846 1 0 0 0.4686634199479398 0.8833768158621218 0.975554269326327
cell 14.210545085885975 23.257412219153977 0.0 1.6431676725154984 0.6085806194501846 1 0 0 0.9287079797228983 -0.37081193130617124 3.9013589081241955
cell 44.41528351710191 13.929189618900745 0.0 1.0 1.0 1 0 0 0.0 1.0 0
cell 5.493750743411284 2.0445102514271203 0.0 1.0 1.0 1 0 0 0.0 1.0 0
cell 26.765452413741613 40.67046448833168 0.0 1.0 1.0 1 0 0 0.0 1.0 0
cell 32.54658894781541 45.43646852473967 0.0 1.0 1.0 1 0 0 0.0 1.0 0
cell 15.778369835423673 57.74949534370009 0.0 1.6431676725154984 0.6085806194501846 1 0 0 0.9763497220506868 0.21619717910173228 2.7057569689995353
cell 15.618362178150736 1.6517663748519023 0.0 1.0 1.0 1 0 0 0.0 1.0 0
cell 30.59634144647914 22.07006041849426 0.0 1.0 1.0 1 0 0 0.0 1.0 0
cell 3.0701052651122818 39.796930431817024 0.0 1.6431676725154984 0.6085806194501846 1 0 0 0.5927612058770324 -0.8053782669076727 5.014219324948467
cell 39.04748167776951 27.318706677924656 0.0 1.0 1.0 1 0 0 0.0 1.0 0
cell 19.52648036322351 12.61904840096111 0.0 1.0 1.0 1 0 0 0.0 1.0 0
cell 9.107581234847835 31.280050647216758 0.0 1.0 1.0 1 0 0 0.0 1.0 0
cell 1.0720115944349855 16.54370028446255 0.0 1.6431676725154984 0.6085806194501846 1 0 0 0.5695318278972663 -0.8219692798468801 5.071312969131775
cell 50.23470052051643 54.75387428611517 0.0 1.0 1.0 1 0 0 0.0 1.0 0
cell 39.09028943557013 10.66887263383613 0.0 1.6431676725154984 0.6085806194501846 1 0 0 0.9520890229959285 0.30582101348772367 2.5199913766328725
cell 42.360310504411956 3.8745858072373967 0.0 1.0 1.0 1 0 0 0.0 1.0 0
cell 54.48750649843402 43.292263108720476 0.0 1.0 1.0 1 0 0 0.0 1.0 0
cell 2.663964784319662 54.752881041432246 0.0 1.0 1.0 1 0 0 0.0 1.0 0
cell 40.76036962731644 52.20356210643398 0.0 1.0 1.0 1 0 0 0.0 1.0 0
cell 30.219221846353978 48.21221015172329 0.0 1.0 1.0 1 0 0 0.0 1.0 0
cell 2.1035429742939096 16.675228733168694 0.0 1.6431676725154984 0.6085806194501846 1 0 0 0.6454603194207299 -0.7637938046706646 4.879933697467755
cell 36.94702054147731 24.406360540823204 0.0 1.0 1.0 1 0 0 0.0 1.0 0
cell 0.3972111440898688 23.525833200685213 0.0 1.0 1.0 1 0 0 0.0 1.0 0
cell 48.89905345209093 38.82184015569313 0.0 1.0 1.0 1 0 0 0.0 1.0 0
cell 10.67883820326573 30.146874094269783 0.0 1.0 1.0 1 0 0 0.0 1.0 0
cell 31.501568571072777 46.99085086893383 0.0 1.0 1.0 1 0 0 0.0 1.0 0
cell 44.432833495300216 7.461359696393958 0.0 1.6431676725154984 0.6085806194501846 1 0 0 0.9912812274471859 0.13176315156674281 2.8772977941404023
cell 36.52867841213468 4.770935845936082 0.0 1.0 1.0 1 0 0 0.0 1.0 0
cell 5.167334922807026 23.799673555378366 0.0 1.6431676725154984 0.6085806194501846 1 0 0 0.9728042415388716 0.23162881436466567 2.6740892544052612
cell 13.491579323545404 47.582278976338316 0.0 1.0 1.0 1 0 0 0.0 1.0 0
cell 34.493694093278044 4.791957958341682 0.0 1.0 1.0 1 0 0 0.0 1.0 0
cell 13.216026476604045 31.126212116957422 0.0 1.6431676725154984 0.6085806194501846 1 0 0 0.8249419252747525 -0.5652174978926119 4.3429864178756254
cell 48.484644559967634 0.6352161195599114 0.0 1.0 1.0 1 0 0 0.0 1.0 0
cell 53.83265698122544 17.047576390634486 0.0 1.6431676725154984 0.6085806194501846 1 0 0 0.16390526084878446 -0.9864760845890244 5.953888984236181
cell 39.47929076066718 7.439040617936397 0.0 1.6431676725154984 0.6085806194501846 1 0 0 0.8982561196304572 0.43947234673689534 2.2315703149640713
cell 32.84020582623148 24.903437407654607 0.0 1.0 1.0 1 0 0 0.0 1.0 0
cell 35.55081318919356 9.598413658843238 0.0 1.0 1.0 1 0 0 0.0 1.0 0
cell 32.40836280135181 10.603648184332668 0.0 1.0 1.0 1 0 0 0.0 1.0 0
cell 4.835330010692283 43.546772846134346 0.0 1.6431676725154984 0.6085806194501846 1 0 0 0.3888282240861292 0.9213102692112071 0.7987187854823335
cell 21.068856074378296 3.5899021809620177 0.0 1.0 1.0 1 0 0 0.0 1.0 0
cell 30.52867091388862 34.259011416705484 0.0 1.0 1.0 1 0 0 0.0 1.0 0
cell 56.09284440535453 1.8879930464536394 0.0 1.0 1.0 1 0 0 0.0 1.0 0
cell 6.515689314804307 32.182773681867666 0.0 1.0 1.0 1 0 0 0.0 1.0 0
cell 54.40226300956241 27.3727191425261 0.0 1.6431676725154984 0.6085806194501846 1 0 0 0.5128408940642231 -0.8584836733307212 5.206203843742825
cell 13.848422128248886 53.87521985943447 0.0 1.0 1.0 1 0 0 0.0 1.0 0
cell 54.15936198178908 1.5585390194690332 0.0 1.0 1.0 1 0 0 0.0 1.0 0
cell 44.608579170066285 42.11449831294746 0.0 1.0 1.0 1 0 0 0.0 1.0 0
cell 25.3815052810321 11.972520435146901 0.0 1.0 1.0 1 0 0 0.0 1.0 0
cell 3.1953380898051105 21.179234709350688 0.0 1.0 1.0 1 0 0 0.0 1.0 0
cell 23.935484177038713 3.4512079717695308 0.0 1.0 1.0 1 0 0 0.0 1.0 0
cell 7.663766431879947 8.040931628554018 0.0 1.0 1.0 1 0 0 0.0 1.0 0
cell 25.566264457460033 45.947612590816554 0.0 1.0 1.0 1 0 0 0.0 1.0 0
cell 41.82328409402135 1.62542002140879 0.0 1.0 1.0 1 0 0 0.0 1.0 0
cell 52.33412268887691 1.2576042832086416 0.0 1.0 1.0 1 0 0 0.0 1.0 0
cell 11.661582577254178 26.298144497108353 0.0 1.0 1.0 1 0 0 0.0 1.0 0
cell 2.3233260139331287 2.991885835508132 0.0 1.0 1.0 1 0 0 0.0 1.0 0
cell 19.066711846083535 30.988693026277307 0.0 1.6431676725154984 0.6085806194501846 1 0 0 0.7828873429946148 0.6221634899114801 1.7985863450882438
cell 31.478849365785447 55.89640260346541 0.0 1.0 1.0 1 0 0 0.0 1.0 0
cell 8.391578984667984 51.4141963572522 0.0 1.0 1.0 1 0 0 0.0 1.0 0
cell 19.473786726320874 8.895025957226748 0.0 1.0 1.0 1 0 0 0.0 1.0 0
cell 34.32873905858801 18.959809987708184 0.0 1.0 1.0 1 0 0 0.0 1.0 0
cell 39.53642116805687 43.80491891602575 0.0 1.0 1.0 1 0 0 0.0 1.0 0
cell 10.992848039998425 6.923849466903682 0.0 1.6431676725154984 0.6085806194501846 1 0 0 0.6147895561533209 -0.7886911953640681 4.958947083035424
cell 4.997741417171925 25.411403922182394 0.0 1.0 1.0 1 0 0 0.0 1.0 0
cell 36.916165990508745 34.23556634635738 0.0 1.0 1.0 1 0 0 0.0 1.0 0
cell 32.12429859992303 54.17827484534456 0.0 1.0 1.0 1 0 0 0.0 1.0 0
cell 47.77406457765491 40.531891969717684 0.0 1.0 1.0 1 0 0 0.0 1.0 0
cell 8.848887221311474 53.345871992073455 0.0 1.0 1.0 1 0 0 0.0 1.0 0
cell 33.71619143263934 23.27980848753748 0.0 1.0 1.0 1 0 0 0.0 1.0 0
cell 51.46793956915025 22.89638448271177 0.0 1.0 1.0 1 0 0 0.0 1.0 0
cell 13.134361722837285 4.71242869664175 0.0 1.0 1.0 1 0 0 0.0 1.0 0
cell 1.294559786491777 31.694665457813553 0.0 1.6431676725154984 0.6085806194501846 1 0 0 0.9198412479361738 -0.39229080870601907 3.9478340802135823
cell 44.32326629323874 52.13859657622587 0.0 1.0 1.0 1 0 0 0.0 1.0 0
cell 20.09631361555785 15.846945522786584 0.0 1.0 1.0 1 0 0 0.0 1.0 0
cell 4.241291276792537 3.492641286677932 0.0 1.0 1.0 1 0 0 0.0 1.0 0
cell 16.234997191806194 17.651348374525448 0.0 1.0 1.0 1 0 0 0.0 1.0 0
cell 37.16035302349862 55.44576344916582 0.0 1.0 1.0 1 0 0 0.0 1.0 0
cell 57.91216190729304 2.266712350251594 0.0 1.0 1.0 1 0 0 0.0 1.0 0
cell 10.321736467074045 58.57820508681919 0.0 1.0 1.0 1 0 0 0.0 1.0 0
cell 4.0391724118811405 7.403919150148303 0.0 1.6431676725154984 0.6085806194501846 1 0 0 0.40446303999300987 -0.9145543446289088 5.450402053501885
cell 31.014727224124798 28.288003161262846 0.0 1.0 1.0 1 0 0 0.0 1.0 0
cell 41.67167888708973 8.94846564067313 0.0 1.6431676725154984 0.6085806194501846 1 0 0 0.9745285310340861 0.22426355522140992 2.6892180996168165
cell 27.684006336599325 23.904456670794232 0.0 1.0 1.0 1 0 0 0.0 1.0 0
cell 19.011610849190593 43.92658468284727 0.0 1.0 1.0 1 0 0 0.0 1.0 0
cell 24.971745633549347 18.7717318502033 0.0 1.0 1.0 1 0 0 0.0 1.0 0
cell 19.86049703793339 33.744794027821044 0.0 1.6431676725154984 0.6085806194501846 1 0 0 0.9996920299921804 0.02481622795900603 3.0919551019414304
cell 4.736565624472454 19.78913623517954 0.0 1.6431676725154984 0.6085806194501846 1 0 0 0.9984277295345693 0.05605416038480133 3.029425540976632
cell 44.4914138685995 32.22829612980581 0.0 1.0 1.0 1 0 0 0.0 1.0 0
cell 1.7370616982358658 1.0597590435221915 0.0 1.0 1.0 1 0 0 0.0 1.0 0
cell 51.97041939786759 34.03774672448338 0.0 1.6431676725154984 0.6085806194501846 1 0 0 0.9525093261180144 -0.3045094147283562 3.7604393370595535
cell 9.886641520205515 5.86173251952227 0.0 1.0 1.0 1 0 0 0.0 1.0 0
cell 51.08333664736822 2.7903170686827856 0.0 1.0 1.0 1 0 0 0.0 1.0 0
cell 12.216379550545904 6.017392394003438 0.0 1.0 1.0 1 0 0 0.0 1.0 0
cell 38.50952440075304 45.50845957776406 0.0 1.0 1.0 1 0 0 0.0 1.0 0
cell 57.21163040872838 53.423279494878116 0.0 1.0 1.0 1 0 0 0.0 1.0 0
cell 34.38419625429659 7.741167498954123 0.0 1.0 1.0 1 0 0 0.0 1.0 0
cell 11.377345520882837 1.7936503252337643 0.0 1.0 1.0 1 0 0 0.0 1.0 0
cell 53.56606084205318 58.73719182471572 0.0 1.0 1.0 1 0 0 0.0 1.0 0
cell 42.610836127218484 13.786883744330472 0.0 1.0 1.0 1 0 0 0.0 1.0 0
cell 53.23506760434304 39.1659776803379 0.0 1.0 1.0 1 0 0 0.0 1.0 0
cell 47.846404531840626 37.14635829099208 0.0 1.0 1.0 1 0 0 0.0 1.0 0
cell 4.910134766390963 15.99758924525912 0.0 1.6431676725154984 0.6085806194501846 1 0 0 0.6767986362313224 -0.7361681913770943 4.796374891863636
cell 45.25290005297561 15.533693248165255 0.0 1.0 1.0 1 0 0 0.0 1.0 0
cell 31.67120972681144 35.88922726987647 0.0 1.0 1.0 1 0 0 0.0 1.0 0
cell 47.76774754928351 33.71361759423946 0.0 1.0 1.0 1 0 0 0.0 1.0 0
cell 16.546651916613207 36.46806915993766 0.0 1.6431676725154984 0.6085806194501846 1 0 0 0.9968728736607718 -0.0790219827599559 3.299801566601925
cell 33.56641725697254 6.35864284891186 0.0 1.0 1.0 1 0 0 0.0 1.0 0
cell 3.500942885478247 32.82827326344496 0.0 1.0 1.0 1 0 0 0.0 1.0 0
cell 54.96908674394499 28.6387849264891 0.0 1.6431676725154984 0.6085806194501846 1 0 0 0.552661735827513 -0.833405666978645 5.112075959061527
cell 6.84381347263718 9.742892599202174 0.0 1.0 1.0 1 0 0 0.0 1.0 0
cell 16.696654274810886 27.59847110254531 0.0 1.0 1.0 1 0 0 0.0 1.0 0
cell 6.51268395888379 39.3258481888072 0.0 1.6431676725154984 0.6085806194501846 1 0 0 0.9098698643205887 -0.41489375748646007 3.9972447198922345
cell 56.56253712641743 55.666114405313834 0.0 1.0 1.0 1 0 0 0.0 1.0 0
cell 24.78000139011836 0.8245164192512567 0.0 1.6431676725154984 0.6085806194501846 1 0 0 0.999679453892602 0.025317769747531672 3.0909517030592353
cell 32.41676640870153 1.8013781824431399 0.0 1.0 1.0 1 0 0 0.0 1.0 0
cell 39.6271190840423 40.516603454109564 0.0 1.0 1.0 1 0 0 0.0 1.0 0
cell 7.148423426712701 48.01714644309861 0.0 1.6431676725154984 0.6085806194501846 1 0 0 0.2236649719727884 -0.9746660865714021 5.832039123579477
