1000
 Lattice="59.08179503018386 0.0 0.0 0.0 59.08179503018386 0.0 0.0 0.0 1.0"Properties=species:S:1:pos:R:3:aspherical_shape:R:3:orientation:R:4:Color:R:1
cell 49.89260859513512 4.74862299692453 0.0 1.0 1.0 1 0 0 0.0 1.0 0
cell 42.769039339815706 43.48271881588343 0.0 1.0 1.0 1 0 0 0.0 1.0 0
cell 55.27205707920962 48.82571711182208 0.0 1.0 1.0 1 0 0 0.0 1.0 0
cell 9.454612810909527 46.838270226504655 0.0 1.0 1.0 1 0 0 0.0 1.0 0
cell 7.004844964305585 15.109601798489516 0.0 1.6431676725154984 0.6085806194501846 1 0 0 0.24732912595712306 -0.9689315267103685 5.783339774307703
cell 42.2229648525028 55.323640926712315 0.0 1.0 1.0 1 0 0 0.0 1.0 0
cell 24.69741259027695 26.2808213828293 0.0 1.0 1.0 1 0 0 0.0 1.0 0
cell 26.1961261976099 5.892642187445525 0.0 1.0 1.0 1 0 0 0.0 1.0 0
cell 48.47217173041082 7.678500455086266 0.0 1.0 1.0 1 0 0 0.0 1.0 0
cell 58.08925744533422 55.91218618771783 0.0 1.0 1.0 1 0 0 0.0 1.0 0
cell 34.45410624911749 35.79498752713169 0.0 1.0 1.0 1 0 0 0.0 1.0 0
cell 24.254275331224417 45.69671998893885 0.0 1.0 1.0 1 0 0 0.0 1.0 0
cell 10.65568353949051 4.696456851727252 0.0 1.0 1.0 1 0 0 0.0 1.0 0
cell 23.87433605806771 23.306281213090003 0.0 1.6431676725154984 0.6085806194501846 1 0 0 -0.1912223054212379 -0.9815467538071667 0.3848145616115657
cell 16.26628597236488 51.902351268978535 0.0 1.0 1.0 1 0 0 0.0 1.0 0
cell 54.39748507555837 50.651304743397226 0.0 1.0 1.0 1 0 0 0.0 1.0 0
cell 47.78351283366034 32.54478571241408 0.0 1.0 1.0 1 0 0 0.0 1.0 0
cell 13.04846929081858 45.230429369759754 0.0 1.0 1.0 1 0 0 0.0 1.0 0
cell 43.55214592473323 49.140836327033576 0.0 1.0 1.0 1 0 0 0.0 1.0 0
cell 42.76938345858212 6.413874324658795 0.0 1.6431676725154984 0.6085806194501846 1 0 0 0.3079038998036675 0.9514174627815558 0.6259782212966224
cell 58.26191485827443 47.040741316030896 0.0 1.0 1.0 1 0 0 0.0 1.0 0
cell 39.0211695262367 51.68201916845579 0.0 1.0 1.0 1 0 0 0.0 1.0 0
cell 23.201088088294416 39.369785665335 0.0 1.0 1.0 1 0 0 0.0 1.0 0
cell 12.709633848284565 6.819163832194531 0.0 1.6431676725154984 0.6085806194501846 1 0 0 0.069314815449645 0.9975948357721093 0.13874088027891585
cell 46.64861938435785 14.638672064323696 0.0 1.6431676725154984 0.6085806194501846 1 0 0 0.22266009721717184 -0.9748961386256689 5.834100867808288
cell 47.74124983569821 9.549855697166716 0.0 1.6431676725154984 0.6085806194501846 1 0 0 0.5006637493351476 0.865641848631218 1.0487307540719557
cell 51.78737743777086 27.17249714335793 0.0 1.6431676725154984 0.6085806194501846 1 0 0 0.35935282217696873 0.9332017730338107 0.7351485963827693
cell 13.497702658856232 3.318281720930181 0.0 1.0 1.0 1 0 0 0.0 1.0 0
cell 22.463695367502314 24.1720993950874 0.0 1.6431676725154984 0.6085806194501846 1 0 0 0.01718052393543825 -0.9998524039063484 6.248822568690085
cell 15.128090850329201 9.703114172912521 0.0 1.0 1.0 1 0 0 0.0 1.0 0
cell 19.49470483128891 6.0670795054379125 0.0 1.0 1.0 1 0 0 0.0 1.0 0
cell 2.8958031879762554 29.695605436484065 0.0 1.6431676725154984 0.6085806194501846 1 0 0 0.790646093855282 0.612273430969681 1.823727034137645
cell 24.379109173311317 42.18412878038937 0.0 1.0 1.0 1 0 0 0.0 1.0 0
cell 12.13120244546429 16.388706230292723 0.0 1.6431676725154984 0.6085806194501846 1 0 0 0.2586938396699886 -0.965959366286594 5.759845771484027
cell 56.475864327873325 39.73987409050568 0.0 1.6431676725154984 0.6085806194501846 1 0 0 0.9711926877091801 -0.23829553781012955 3.622813558620555
cell 54.60555707846763 5.492399218970153 0.0 1.6431676725154984 0.6085806194501846 1 0 0 0.8162634468510235 0.5776798294339923 1.9098258665577372
cell 3.770021183160021 22.847880810061874 0.0 1.6431676725154984 0.6085806194501846 1 0 0 0.978023658713933 -0.20849393994985113 3.5616622633117516
cell 10.70925902578917 35.88596161800153 0.0 1.0 1.0 1 0 0 0.0 1.0 0
cell 41.56953010033052 45.68942844836102 0.0 1.0 1.0 1 0 0 0.0 1.0 0
cell 49.21276415767753 42.28388384449836 0.0 1.6431676725154984 0.6085806194501846 1 0 0 0.9096626909234689 -0.41534779250872833 3.998242855400249
cell 52.65470538964313 33.407922593537336 0.0 1.6431676725154984 0.6085806194501846 1 0 0 0.7792782978710856 -0.6266780149862795 4.4961585877518235
cell 37.49318326600061 31.99575143874686 0.0 1.0 1.0 1 0 0 0.0 1.0 0
cell 22.600376115661096 45.82821295457086 0.0 1.6431676725154984 0.6085806194501846 1 0 0 0.8789362006190962 0.47693936222675926 2.147254249173688
cell 24.71881647918359 55.47408208802492 0.0 1.0 1.0 1 0 0 0.0 1.0 0
cell 38.37853132794992 35.32697434277597 0.0 1.0 1.0 1 0 0 0.0 1.0 0
cell 5.051115047618701 51.04220918438164 0.0 1.0 1.0 1 0 0 0.0 1.0 0
cell 51.515255714731595 14.431952397424158 0.0 1.6431676725154984 0.6085806194501846 1 0 0 0.34529542516234246 -0.9384940433279036 5.5780782006265275
cell 9.279325011039301 56.86857895201987 0.0 1.0 1.0 1 0 0 0.0 1.0 0
cell 24.046722687477523 2.631836763422679 0.0 1.0 1.0 1 0 0 0.0 1.0 0
cell 4.731076004839356 41.446044119253884 0.0 1.0 1.0 1 0 0 0.0 1.0 0
cell 44.8884132343724 7.311419660830473 0.0 1.6431676725154984 0.6085806194501846 1 0 0 0.5246885041827174 0.8512942931668828 1.1046983266385502
cell 10.884969912922903 11.52603097589174 0.0 1.0 1.0 1 0 0 0.0 1.0 0
cell 36.00925949019653 30.632557354490856 0.0 1.0 1.0 1 0 0 0.0 1.0 0
cell 52.082504687654456 10.415528010733674 0.0 1.6431676725154984 0.6085806194501846 1 0 0 -0.3708125349721166 0.9287077386926162 5.523417752632614
cell 54.90425356004464 33.33819225906451 0.0 1.6431676725154984 0.6085806194501846 1 0 0 0.5380884344532983 0.8428883892352524 1.1363351766544358
cell 45.158150317979285 36.77861756184552 0.0 1.0 1.0 1 0 0 0.0 1.0 0
cell 25.140727880755414 1.2680755014047669 0.0 1.0 1.0 1 0 0 0.0 1.0 0
cell 21.23563795967793 0.4588678868932211 0.0 1.0 1.0 1 0 0 0.0 1.0 0
cell 48.33782276649147 46.84995602597909 0.0 1.0 1.0 1 0 0 0.0 1.0 0
cell 12.040320331449113 19.48611672373074 0.0 1.0 1.0 1 0 0 0.0 1.0 0
cell 14.93807493894059 35.988208820249824 0.0 1.0 1.0 1 0 0 0.0 1.0 0
cell 53.69081650773661 56.0952572702935 0.0 1.0 1.0 1 0 0 0.0 1.0 0
cell 2.314053057881172 40.18158329803613 0.0 1.6431676725154984 0.6085806194501846 1 0 0 0.9963669646019373 -0.08516379424333922 3.3121268110159825
cell 27.079072735889962 20.80185654306066 0.0 1.6431676725154984 0.6085806194501846 1 0 0 -0.2412291564835288 0.9704681829211328 5.795920882427073
cell 11.588652056058356 3.2188324296975805 0.0 1.0 1.0 1 0 0 0.0 1.0 0
cell 1.0904225675473436 0.32669293159134616 0.0 1.6431676725154984 0.6085806194501846 1 0 0 -0.061541899361608705 0.9981045008529746 6.160023681032614
cell 47.92658592263623 34.67041947984013 0.0 1.6431676725154984 0.6085806194501846 1 0 0 0.4908523830364579 -0.8712427549583586 5.257049633799859
cell 5.8595580755425605 52.91579298051507 0.0 1.0 1.0 1 0 0 0.0 1.0 0
cell 52.38667002413138 35.85158544987532 0.0 1.6431676725154984 0.6085806194501846 1 0 0 0.7710750397952503 -0.6367442838414439 4.522129770340129
cell 53.62362835466422 52.49404172974936 0.0 1.0 1.0 1 0 0 0.0 1.0 0
cell 16.037913637476493 6.878828446996029 0.0 1.6431676725154984 0.6085806194501846 1 0 0 -0.05102741168180518 0.9986972530537248 6.181086143506271
cell 20.058840500334508 36.117050592375726 0.0 1.0 1.0 1 0 0 0.0 1.0 0
cell 35.23321130188379 16.397692418360243 0.0 1.0 1.0 1 0 0 0.0 1.0 0
cell 51.629918208330295 3.802563541362513 0.0 1.0 1.0 1 0 0 0.0 1.0 0
cell 14.3087369852526 37.61562472493351 0.0 1.0 1.0 1 0 0 0.0 1.0 0
cell 8.423875652633752 20.209916194396794 0.0 1.6431676725154984 0.6085806194501846 1 0 0 0.36843897823795835 -0.9296519344975136 5.528526678483134
cell 23.114838072986206 43.33280229104978 0.0 1.0 1.0 1 0 0 0.0 1.0 0
cell 51.94834690224609 7.698833269190129 0.0 1.6431676725154984 0.6085806194501846 1 0 0 0.1390849126333133 0.9902804587983061 0.27907457142558656
cell 9.997038524231169 14.384139141644646 0.0 1.6431676725154984 0.6085806194501846 1 0 0 0.09843658979303375 0.995143325250146 0.1971925163716301
cell 46.88391973691385 28.541066652970883 0.0 1.0 1.0 1 0 0 0.0 1.0 0
cell 28.003463122217454 32.95050307067286 0.0 1.0 1.0 1 0 0 0.0 1.0 0
cell 4.1476954456701804 57.938043368567975 0.0 1.0 1.0 1 0 0 0.0 1.0 0
cell 6.4326020332291165 42.6395075894077 0.0 1.0 1.0 1 0 0 0.0 1.0 0
cell 7.9653767485241245 16.90437707847008 0.0 1.6431676725154984 0.6085806194501846 1 0 0 -0.25077435450893415 0.9680455687211359 5.7762251317509286
cell 21.590757512143735 42.61162601442073 0.0 1.0 1.0 1 0 0 0.0 1.0 0
cell 52.21282322364328 20.65913082358916 0.0 1.0 1.0 1 0 0 0.0 1.0 0
cell 13.419817982792573 22.681829708717277 0.0 1.0 1.0 1 0 0 0.0 1.0 0
cell 52.23097223303133 12.766453962348127 0.0 1.6431676725154984 0.6085806194501846 1 0 0 -0.3074087368060278 0.9515775683228994 5.658247893616817
cell 53.983989306637135 7.800817222886633 0.0 1.6431676725154984 0.6085806194501846 1 0 0 -0.47033610501786616 0.8824873643948806 5.3038421064317935
cell 54.024901036136406 34.15292020283254 0.0 1.6431676725154984 0.6085806194501846 1 0 0 0.8288783086443444 -0.5594289494286928 4.328986045386889
cell 20.221672844119336 39.75377449534986 0.0 1.0 1.0 1 0 0 0.0 1.0 0
cell 22.651414302114638 50.04895436475476 0.0 1.0 1.0 1 0 0 0.0 1.0 0
cell 27.965410898363707 49.87438622266908 0.0 1.0 1.0 1 0 0 0.0 1.0 0
cell 53.50426932011267 22.708460123179595 0.0 1.6431676725154984 0.6085806194501846 1 0 0 0.8840838532803297 0.4673283004152483 2.169059937844954
cell 33.30470880212273 42.02272735468667 0.0 1.6431676725154984 0.6085806194501846 1 0 0 0.97419147500582 -0.22572321552287136 3.5969633486686337
cell 5.073910164334595 12.585192257386286 0.0 1.0 1.0 1 0 0 0.0 1.0 0
cell 38.86568636002241 48.09203449409108 0.0 1.0 1.0 1 0 0 0.0 1.0 0
cell 16.3227650052966 8.213217414553199 0.0 1.0 1.0 1 0 0 0.0 1.0 0
cell 18.511982051703786 37.21677578164026 0.0 1.0 1.0 1 0 0 0.0 1.0 0
cell 24.135244014680534 5.775134912735758 0.0 1.0 1.0 1 0 0 0.0 1.0 0
cell 47.30747640100222 22.567007350022095 0.0 1.6431676725154984 0.6085806194501846 1 0 0 0.7602144590846418 -0.6496722067309372 4.555898997549411
cell 51.022570125189745 1.5719164834180628 0.0 1.6431676725154984 0.6085806194501846 1 0 0 0.29028380630418105 0.9569405999316555 0.5890468022670748
cell 31.39980753165495 37.9188589455302 0.0 1.0 1.0 1 0 0 0.0 1.0 0
cell 8.845546892098952 1.1796783653590543 0.0 1.0 1.0 1 0 0 0.0 1.0 0
cell 40.72543606747549 32.87172083835634 0.0 1.0 1.0 1 0 0 0.0 1.0 0
cell 15.305187371648456 40.72754778613677 0.0 1.0 1.0 1 0 0 0.0 1.0 0
cell 58.24441514879113 50.57933505084314 0.0 1.0 1.0 1 0 0 0.0 1.0 0
cell 45.61642938230527 2.163969539857315 0.0 1.6431676725154984 0.6085806194501846 1 0 0 0.9386516250163989 -0.34486682480933684 3.845786457882329
cell 35.22940587472071 56.11779890936869 0.0 1.0 1.0 1 0 0 0.0 1.0 0
cell 58.628379379041405 14.586896494918877 0.0 1.0 1.0 1 0 0 0.0 1.0 0
cell 26.693119373946324 55.911500876927946 0.0 1.0 1.0 1 0 0 0.0 1.0 0
cell 24.95251683201633 34.35166161615339 0.0 1.0 1.0 1 0 0 0.0 1.0 0
cell 19.036463211496937 20.22102039570479 0.0 1.6431676725154984 0.6085806194501846 1 0 0 -0.4162195167486724 -0.9092641606692202 0.8585672094623931
cell 17.334268105917715 58.71718652906547 0.0 1.0 1.0 1 0 0 0.0 1.0 0
cell 5.790418175746499 16.974404976274236 0.0 1.6431676725154984 0.6085806194501846 1 0 0 -0.24786279587882698 0.9687951457450285 5.782238133058095
cell 10.258664087576943 41.24641749561227 0.0 1.0 1.0 1 0 0 0.0 1.0 0
cell 27.869602083604253 54.52161771467074 0.0 1.0 1.0 1 0 0 0.0 1.0 0
cell 46.33755750975687 46.864942011812154 0.0 1.0 1.0 1 0 0 0.0 1.0 0
cell 49.31178584767514 28.06569174467397 0.0 1.6431676725154984 0.6085806194501846 1 0 0 0.07711735145531803 0.99702202287839 0.15438798799017697
cell 2.8719361456816714 13.312934999591402 0.0 1.0 1.0 1 0 0 0.0 1.0 0
cell 11.81490835392101 34.6107690288211 0.0 1.0 1.0 1 0 0 0.0 1.0 0
cell 46.47770164518159 11.791170863752416 0.0 1.6431676725154984 0.6085806194501846 1 0 0 -0.02217636218385458 0.9997540742404056 6.238828946628372
cell 23.022441593863483 14.164672149319896 0.0 1.0 1.0 1 0 0 0.0 1.0 0
cell 46.26476420336396 18.27797505096115 0.0 1.6431676725154984 0.6085806194501846 1 0 0 0.2920980766489569 -0.9563883696584667 5.690345597723306
cell 26.185915154203112 37.61000518077722 0.0 1.0 1.0 1 0 0 0.0 1.0 0
cell 57.002759195428276 0.21376096957814986 0.0 1.0 1.0 1 0 0 0.0 1.0 0
cell 53.52949747837566 19.013536776786854 0.0 1.6431676725154984 0.6085806194501846 1 0 0 0.9926484989338838 0.12103287803033992 2.8989319654822494
cell 10.992479791201276 52.07857754331046 0.0 1.0 1.0 1 0 0 0.0 1.0 0
cell 29.77551581346952 38.111891196457776 0.0 1.0 1.0 1 0 0 0.0 1.0 0
cell 1.1533323740412962 47.19466239884471 0.0 1.0 1.0 1 0 0 0.0 1.0 0
cell 24.33773318163212 58.594794193647225 0.0 1.0 1.0 1 0 0 0.0 1.0 0
cell 3.5762030388000396 32.90646504353944 0.0 1.0 1.0 1 0 0 0.0 1.0 0
cell 29.75365590184446 1.2614474889668725 0.0 1.0 1.0 1 0 0 0.0 1.0 0
cell 4.2450157871906535 3.2207299906253386 0.0 1.0 1.0 1 0 0 0.0 1.0 0
cell 15.603081448060891 21.046439533142514 0.0 1.0 1.0 1 0 0 0.0 1.0 0
cell 10.908223708528034 30.857665442313305 0.0 1.6431676725154984 0.6085806194501846 1 0 0 0.49394820331569694 -0.8694913297101904 5.249935814308233
cell 55.88099950865823 11.94228607725097 0.0 1.0 1.0 1 0 0 0.0 1.0 0
cell 11.218637906385998 46.11703141153174 0.0 1.0 1.0 1 0 0 0.0 1.0 0
cell 33.017419413216345 27.611562863596827 0.0 1.0 1.0 1 0 0 0.0 1.0 0
cell 14.517091423282338 56.42010824928628 0.0 1.0 1.0 1 0 0 0.0 1.0 0
cell 26.14019284007785 32.76134262389378 0.0 1.0 1.0 1 0 0 0.0 1.0 0
cell 18.452485905303895 57.31407953750858 0.0 1.0 1.0 1 0 0 0.0 1.0 0
cell 23.105025005254802 4.0149355474487445 0.0 1.0 1.0 1 0 0 0.0 1.0 0
cell 4.7656770504761115 20.856539749552272 0.0 1.6431676725154984 0.6085806194501846 1 0 0 0.3344530728130429 -0.9424124055242022 5.601135662662626
cell 19.977499221243523 19.39126562164276 0.0 1.6431676725154984 0.6085806194501846 1 0 0 0.4423442786604957 0.8968453262053194 0.9164218197914115
cell 34.1239342785046 58.50722316999738 0.0 1.6431676725154984 0.6085806194501846 1 0 0 0.9534197961775042 0.3016466347514031 2.5287541218199907
cell 48.41006016883937 3.7362583362706303 0.0 1.0 1.0 1 0 0 0.0 1.0 0
cell 43.08796795224745 30.049961897788805 0.0 1.0 1.0 1 0 0 0.0 1.0 0
cell 12.694609678597939 46.99738488600489 0.0 1.0 1.0 1 0 0 0.0 1.0 0
cell 33.708942857364484 47.253639902818804 0.0 1.0 1.0 1 0 0 0.0 1.0 0
cell 57.17082972549715 52.30972578613834 0.0 1.0 1.0 1 0 0 0.0 1.0 0
cell 3.5599767310012376 11.380282248078558 0.0 1.0 1.0 1 0 0 0.0 1.0 0
cell 34.68465150512959 0.5634263150235111 0.0 1.6431676725154984 0.6085806194501846 1 0 0 0.9791511625856549 0.20313296336921866 2.7324795779796465
cell 32.08694399834261 32.789494869482866 0.0 1.0 1.0 1 0 0 0.0 1.0 0
cell 45.783400278817595 32.621128912647194 0.0 1.0 1.0 1 0 0 0.0 1.0 0
cell 52.868406451992044 31.221996194744428 0.0 1.6431676725154984 0.6085806194501846 1 0 0 0.8784432402223378 -0.4778467052389084 4.137996276046895
cell 18.57579669841168 17.290422275040292 0.0 1.0 1.0 1 0 0 0.0 1.0 0
cell 22.99653854774537 34.074063147742855 0.0 1.0 1.0 1 0 0 0.0 1.0 0
cell 38.38347448683437 18.166439432760228 0.0 1.6431676725154984 0.6085806194501846 1 0 0 -0.16723194230321844 0.9859175814810754 5.947142504854899
cell 25.923162265644144 2.8924190059167665 0.0 1.0 1.0 1 0 0 0.0 1.0 0
cell 10.5229270527072 55.380180753198786 0.0 1.0 1.0 1 0 0 0.0 1.0 0
cell 9.863835735779814 43.09628371557052 0.0 1.0 1.0 1 0 0 0.0 1.0 0
cell 53.72605000222212 43.862545749812284 0.0 1.6431676725154984 0.6085806194501846 1 0 0 0.036477775671864394 0.9993344644722472 0.07297174049071377
cell 6.54936370555536 9.32263509153783 0.0 1.0 1.0 1 0 0 0.0 1.0 0
cell 46.18288393249688 52.12145094521636 0.0 1.0 1.0 1 0 0 0.0 1.0 0
cell 19.438037016353086 50.96130807887092 0.0 1.0 1.0 1 0 0 0.0 1.0 0
cell 7.325725928747862 56.579055170643656 0.0 1.0 1.0 1 0 0 0.0 1.0 0
cell 2.768116317420278 35.88661155535703 0.0 1.6431676725154984 0.6085806194501846 1 0 0 0.8071289883294764 0.5903751317579662 1.8785455839584257
cell 18.242596424034467 1.4030640112917399 0.0 1.0 1.0 1 0 0 0.0 1.0 0
cell 41.98496639629954 58.303566390952476 0.0 1.6431676725154984 0.6085806194501846 1 0 0 0.2627278444591781 0.9648699807465428 0.5316965640904627
cell 35.13563140263922 39.05280325843857 0.0 1.0 1.0 1 0 0 0.0 1.0 0
cell 35.221073373675715 40.40806395321584 0.0 1.6431676725154984 0.6085806194501846 1 0 0 0.9984704763487768 -0.055287501841254916 3.2522240674805665
cell 25.763029478769095 49.198118770613156 0.0 1.0 1.0 1 0 0 0.0 1.0 0
cell 18.640420168836673 7.2310971917719264 0.0 1.6431676725154984 0.6085806194501846 1 0 0 -0.015542660581614827 0.9998792055553735 6.252098734311175
cell 39.35045835225637 31.425421568611707 0.0 1.0 1.0 1 0 0 0.0 1.0 0
cell 21.49955940143702 14.193882316444364 0.0 1.0 1.0 1 0 0 0.0 1.0 0
cell 28.02761380752851 29.187722286716358 0.0 1.0 1.0 1 0 0 0.0 1.0 0
cell 27.84258310947375 12.730242543270016 0.0 1.0 1.0 1 0 0 0.0 1.0 0
cell 42.80411076905195 22.421343723418406 0.0 1.6431676725154984 0.6085806194501846 1 0 0 0.2761507567373151 -0.9611143321964397 5.723611683307578
cell 20.796352985583294 29.33889939491834 0.0 1.0 1.0 1 0 0 0.0 1.0 0
cell 2.731267049925584 4.5348203959396045 0.0 1.0 1.0 1 0 0 0.0 1.0 0
cell 41.14946349805779 41.95964302264639 0.0 1.0 1.0 1 0 0 0.0 1.0 0
cell 44.89550915935671 22.52570845830706 0.0 1.0 1.0 1 0 0 0.0 1.0 0
cell 17.49164924090222 20.06074758715072 0.0 1.6431676725154984 0.6085806194501846 1 0 0 0.5314614110727554 0.847082503975 1.1206497244634528
cell 52.26741357188216 17.75789266526668 0.0 1.0 1.0 1 0 0 0.0 1.0 0
cell 56.15661289480909 30.846163987754284 0.0 1.6431676725154984 0.6085806194501846 1 0 0 0.4562053180871729 0.8898745460731987 0.947452451022121
cell 28.83581532266467 43.741628433419926 0.0 1.0 1.0 1 0 0 0.0 1.0 0
cell 11.73131854192868 53.96681354790643 0.0 1.0 1.0 1 0 0 0.0 1.0 0
cell 52.77245268052284 54.31754243084175 0.0 1.0 1.0 1 0 0 0.0 1.0 0
cell 4.495853506871874 34.44729346982589 0.0 1.0 1.0 1 0 0 0.0 1.0 0
cell 18.76474976344941 11.966597215225383 0.0 1.0 1.0 1 0 0 0.0 1.0 0
cell 7.7681221331124135 45.81144183969896 0.0 1.0 1.0 1 0 0 0.0 1.0 0
cell 44.74571063455293 35.02490722471196 0.0 1.6431676725154984 0.6085806194501846 1 0 0 0.9912604297690103 -0.13191952233902682 3.406203008597909
cell 5.2287230731324295 39.553033369166016 0.0 1.0 1.0 1 0 0 0.0 1.0 0
cell 44.69832765847686 56.55256539986752 0.0 1.0 1.0 1 0 0 0.0 1.0 0
cell 9.056432813084935 51.60148717133483 0.0 1.0 1.0 1 0 0 0.0 1.0 0
cell 33.32473813241486 56.234938770465064 0.0 1.0 1.0 1 0 0 0.0 1.0 0
cell 24.7303893017096 17.489071440298208 0.0 1.0 1.0 1 0 0 0.0 1.0 0
cell 57.98048127034475 43.49618409586764 0.0 1.0 1.0 1 0 0 0.0 1.0 0
cell 53.40746784627907 48.91028173984698 0.0 1.0 1.0 1 0 0 0.0 1.0 0
cell 1.081354254375151 3.538788860777952 0.0 1.6431676725154984 0.6085806194501846 1 0 0 0.6135410773493083 0.7896628055094467 1.3210742228036816
cell 55.65855182542887 55.995425026573216 0.0 1.0 1.0 1 0 0 0.0 1.0 0
cell 18.307377146864642 8.557791198639512 0.0 1.0 1.0 1 0 0 0.0 1.0 0
cell 45.903636999082686 54.062592888482975 0.0 1.0 1.0 1 0 0 0.0 1.0 0
cell 26.250473772691024 0.05818448637234869 0.0 1.0 1.0 1 0 0 0.0 1.0 0
cell 32.58149971434745 54.36751323898482 0.0 1.0 1.0 1 0 0 0.0 1.0 0
cell 44.37272434408331 14.760317629504721 0.0 1.6431676725154984 0.6085806194501846 1 0 0 -0.15676735542063322 0.9876355584295358 5.9683519440133255
cell 22.549716248516585 32.36525513060051 0.0 1.0 1.0 1 0 0 0.0 1.0 0
cell 57.16311222392912 8.989787204643752 0.0 1.0 1.0 1 0 0 0.0 1.0 0
cell 6.725537597663448 40.81337804588632 0.0 1.0 1.0 1 0 0 0.0 1.0 0
cell 42.161122038264644 34.26152104646081 0.0 1.0 1.0 1 0 0 0.0 1.0 0
cell 43.96502418391599 16.04240495256301 0.0 1.6431676725154984 0.6085806194501846 1 0 0 -0.10725380863429491 0.9942316734712479 6.068264285900718
cell 15.822861282911262 11.133875658550688 0.0 1.0 1.0 1 0 0 0.0 1.0 0
cell 33.18591573852148 38.637546577145024 0.0 1.0 1.0 1 0 0 0.0 1.0 0
cell 16.55515524709067 34.85199098700469 0.0 1.0 1.0 1 0 0 0.0 1.0 0
cell 34.92224931127738 27.40657968252442 0.0 1.0 1.0 1 0 0 0.0 1.0 0
cell 33.27278054652754 49.0224018059241 0.0 1.0 1.0 1 0 0 0.0 1.0 0
cell 43.87179752832458 39.939303131309636 0.0 1.6431676725154984 0.6085806194501846 1 0 0 0.151680548841759 0.9884295681044061 0.30453654597211
cell 2.1961632473959902 48.94009196348515 0.0 1.0 1.0 1 0 0 0.0 1.0 0
cell 50.40704807031658 10.127431827553105 0.0 1.0 1.0 1 0 0 0.0 1.0 0
cell 50.276241107836356 8.423870846307889 0.0 1.0 1.0 1 0 0 0.0 1.0 0
cell 14.963397363507225 53.267162152249234 0.0 1.0 1.0 1 0 0 0.0 1.0 0
cell 16.718744271325622 14.540195944291405 0.0 1.6431676725154984 0.6085806194501846 1 0 0 -0.11017704694354279 0.9939119771523032 6.062382947896266
cell 41.830822873899905 20.59356843018532 0.0 1.6431676725154984 0.6085806194501846 1 0 0 0.29451604576389107 -0.9556465344402195 5.685287179969964
cell 25.063264682369898 7.506985066949506 0.0 1.0 1.0 1 0 0 0.0 1.0 0
cell 25.79532732589106 15.895721416743871 0.0 1.0 1.0 1 0 0 0.0 1.0 0
cell 21.595125768698423 35.11256284107823 0.0 1.0 1.0 1 0 0 0.0 1.0 0
cell 26.739189070972387 17.439403275925546 0.0 1.0 1.0 1 0 0 0.0 1.0 0
cell 16.28721455133474 45.45503637964483 0.0 1.0 1.0 1 0 0 0.0 1.0 0
cell 6.587453820902152 54.70968768097638 0.0 1.0 1.0 1 0 0 0.0 1.0 0
cell 9.61665243116016 44.96595202689238 0.0 1.0 1.0 1 0 0 0.0 1.0 0
cell 55.85596399668679 57.99321080275747 0.0 1.0 1.0 1 0 0 0.0 1.0 0
cell 36.46540519924331 35.7570822719818 0.0 1.0 1.0 1 0 0 0.0 1.0 0
cell 31.200420131370784 19.587265100509747 0.0 1.6431676725154984 0.6085806194501846 1 0 0 0.38028645313146864 -0.9248687547780428 5.502973307646584
cell 29.15073396734588 53.11117026315267 0.0 1.0 1.0 1 0 0 0.0 1.0 0
cell 20.42440855580411 57.73725138442497 0.0 1.0 1.0 1 0 0 0.0 1.0 0
cell 17.57483116229247 13.390603572285224 0.0 1.6431676725154984 0.6085806194501846 1 0 0 0.11407650102206499 -0.9934719683587266 6.054534541787856
cell 9.911486007771142 37.20623538352283 0.0 1.6431676725154984 0.6085806194501846 1 0 0 -0.32943130340574045 -0.944179546662813 0.671402387082618
cell 51.08607252307723 16.361732893220644 0.0 1.0 1.0 1 0 0 0.0 1.0 0
cell 28.15582552317778 0.4878907975666754 0.0 1.0 1.0 1 0 0 0.0 1.0 0
cell 6.545406447622374 11.348084636923852 0.0 1.0 1.0 1 0 0 0.0 1.0 0
cell 12.435152477110632 55.77459706035345 0.0 1.0 1.0 1 0 0 0.0 1.0 0
cell 26.791232401051918 34.58472952271775 0.0 1.0 1.0 1 0 0 0.0 1.0 0
cell 9.741606583063774 10.036503839785736 0.0 1.0 1.0 1 0 0 0.0 1.0 0
cell 6.8878835836572385 0.8459836539504106 0.0 1.0 1.0 1 0 0 0.0 1.0 0
cell 45.105636792247246 0.753539419751391 0.0 1.6431676725154984 0.6085806194501846 1 0 0 0.9919001768224558 -0.12701983789779048 3.396320451520833
cell 8.555750579069679 55.008919608453304 0.0 1.0 1.0 1 0 0 0.0 1.0 0
cell 25.748218219242705 41.38232317405704 0.0 1.0 1.0 1 0 0 0.0 1.0 0
cell 37.98327575366588 37.281884982456795 0.0 1.0 1.0 1 0 0 0.0 1.0 0
cell 23.523262716035827 56.805442372680865 0.0 1.0 1.0 1 0 0 0.0 1.0 0
cell 51.197865072136665 37.09824597448281 0.0 1.6431676725154984 0.6085806194501846 1 0 0 0.6795047568962569 -0.7336711016220817 4.789010501429305
cell 31.079563053082076 40.391361424717125 0.0 1.6431676725154984 0.6085806194501846 1 0 0 0.984724800833749 -0.17411796754767522 3.4916126184477836
cell 45.16426033281446 20.30530962263716 0.0 1.6431676725154984 0.6085806194501846 1 0 0 0.42921688291825705 -0.903201454503886 5.395934202645757
cell 4.846737761699289 35.94284267236034 0.0 1.6431676725154984 0.6085806194501846 1 0 0 -0.1766478527256584 0.984274116355507 5.92802591077852
cell 18.259106075549838 4.4824110490151305 0.0 1.0 1.0 1 0 0 0.0 1.0 0
cell 58.22301439364109 5.206082019580349 0.0 1.0 1.0 1 0 0 0.0 1.0 0
cell 11.274223008030042 32.81293944068397 0.0 1.0 1.0 1 0 0 0.0 1.0 0
cell 28.915845782441675 11.109512534989609 0.0 1.0 1.0 1 0 0 0.0 1.0 0
cell 17.583497758660016 29.57581683589896 0.0 1.0 1.0 1 0 0 0.0 1.0 0
cell 30.70598134708129 43.74333049126326 0.0 1.0 1.0 1 0 0 0.0 1.0 0
cell 27.872532506093588 38.06930383486169 0.0 1.0 1.0 1 0 0 0.0 1.0 0
cell 47.37214223599476 41.70446612535835 0.0 1.6431676725154984 0.6085806194501846 1 0 0 0.4517269200815195 0.8921562585520905 0.9374001251787417
cell 44.32962631340228 31.36047884338112 0.0 1.0 1.0 1 0 0 0.0 1.0 0
cell 11.985943670244467 59.019974310993256 0.0 1.0 1.0 1 0 0 0.0 1.0 0
cell 33.498374924947896 7.3296711457090655 0.0 1.6431676725154984 0.6085806194501846 1 0 0 0.7868380222735437 0.617159563406951 1.8113373897373668
cell 27.245161843883498 23.86041196840517 0.0 1.0 1.0 1 0 0 0.0 1.0 0
cell 56.78078065452191 19.71193560016463 0.0 1.6431676725154984 0.6085806194501846 1 0 0 0.9564677703713726 0.2918379760086325 2.54929684418596
cell 6.184208125944762 49.43491313184844 0.0 1.0 1.0 1 0 0 0.0 1.0 0
cell 0.2185165080286988 57.868344565407746 0.0 1.0 1.0 1 0 0 0.0 1.0 0
cell 40.29925319104939 2.7308600763365116 0.0 1.6431676725154984 0.6085806194501846 1 0 0 0.2814469825278292 -0.9595767796408893 5.712581877766198
cell 36.79003391563081 17.494791190783832 0.0 1.6431676725154984 0.6085806194501846 1 0 0 -0.1426333880192784 0.9897755890211386 5.996942309201517
cell 46.13997401572129 25.6439104792299 0.0 1.0 1.0 1 0 0 0.0 1.0 0
cell 18.49473343701293 40.82260279615397 0.0 1.0 1.0 1 0 0 0.0 1.0 0
cell 42.60685364804955 24.494486003188896 0.0 1.0 1.0 1 0 0 0.0 1.0 0
cell 7.96022527377229 12.655782766661893 0.0 1.0 1.0 1 0 0 0.0 1.0 0
cell 18.48622394835558 23.43783563763965 0.0 1.0 1.0 1 0 0 0.0 1.0 0
cell 22.150055429395827 5.376995902055384 0.0 1.0 1.0 1 0 0 0.0 1.0 0
cell 13.4883555019161 14.904034002659778 0.0 1.6431676725154984 0.6085806194501846 1 0 0 -0.009163377778642736 -0.9999580153724885 0.018327012042261615
cell 8.64945761346131 40.22003720669584 0.0 1.0 1.0 1 0 0 0.0 1.0 0
cell 40.475569891098786 6.307483601804209 0.0 1.0 1.0 1 0 0 0.0 1.0 0
cell 0.1614752089946087 48.89971091997937 0.0 1.0 1.0 1 0 0 0.0 1.0 0
cell 7.186785548940593 39.0724896812011 0.0 1.0 1.0 1 0 0 0.0 1.0 0
cell 44.98720483018633 29.42460734329421 0.0 1.0 1.0 1 0 0 0.0 1.0 0
cell 23.0054950751413 10.727727667061137 0.0 1.0 1.0 1 0 0 0.0 1.0 0
cell 11.113095281715367 48.17732498494506 0.0 1.0 1.0 1 0 0 0.0 1.0 0
cell 32.25894069064482 19.96386105564818 0.0 1.6431676725154984 0.6085806194501846 1 0 0 0.3690532552532365 -0.9294082497949916 5.527204984870172
cell 1.925520091173484 11.750354695339784 0.0 1.0 1.0 1 0 0 0.0 1.0 0
cell 56.30401477058221 14.30644190680627 0.0 1.0 1.0 1 0 0 0.0 1.0 0
cell 46.21723105515366 38.07080379660219 0.0 1.6431676725154984 0.6085806194501846 1 0 0 0.4000213494861547 -0.916505821015489 5.460105026409522
cell 44.032368387531086 54.64739747518633 0.0 1.0 1.0 1 0 0 0.0 1.0 0
cell 49.621173996620485 16.45875591656546 0.0 1.6431676725154984 0.6085806194501846 1 0 0 0.49896589006062425 -0.8666216247913555 5.238375108512458
cell 30.486712067527996 51.69416452526013 0.0 1.0 1.0 1 0 0 0.0 1.0 0
cell 12.229367653017585 50.72782044036232 0.0 1.0 1.0 1 0 0 0.0 1.0 0
cell 51.76324559014008 41.15177707569924 0.0 1.6431676725154984 0.6085806194501846 1 0 0 0.28210424117100447 0.9593837590418819 0.5719734599152669
cell 27.269544753473962 31.123594500364295 0.0 1.0 1.0 1 0 0 0.0 1.0 0
cell 10.098881854886539 27.091454266013354 0.0 1.0 1.0 1 0 0 0.0 1.0 0
cell 21.811705663478815 38.62243368115754 0.0 1.0 1.0 1 0 0 0.0 1.0 0
cell 9.430444256688212 12.125345809036423 0.0 1.0 1.0 1 0 0 0.0 1.0 0
cell 38.689339807530644 16.54439338125329 0.0 1.6431676725154984 0.6085806194501846 1 0 0 -0.20155051420587933 -0.9794781213602198 0.4058813281181859
cell 6.076097377272679 58.15606650344167 0.0 1.0 1.0 1 0 0 0.0 1.0 0
cell 16.886543215082185 48.56172594747555 0.0 1.0 1.0 1 0 0 0.0 1.0 0
cell 45.899710693528505 34.072473902670644 0.0 1.6431676725154984 0.6085806194501846 1 0 0 0.9986265171263006 0.052393504293895846 3.0367576442424506
cell 19.516908821745385 32.397377067303836 0.0 1.0 1.0 1 0 0 0.0 1.0 0
cell 11.518587625475917 9.85886147141774 0.0 1.0 1.0 1 0 0 0.0 1.0 0
cell 40.81157992050655 0.9785214377354459 0.0 1.6431676725154984 0.6085806194501846 1 0 0 0.024296247848507313 0.9997048025994894 0.048597277721147185
cell 14.277780119251517 51.4550083809695 0.0 1.0 1.0 1 0 0 0.0 1.0 0
cell 49.24086521302438 56.716094535124185 0.0 1.6431676725154984 0.6085806194501846 1 0 0 0.02554073167122346 0.9996737823038566 0.05108701862644219
cell 47.46762172052189 20.38772362642713 0.0 1.0 1.0 1 0 0 0.0 1.0 0
cell 3.5892905670888404 31.187906238079943 0.0 1.6431676725154984 0.6085806194501846 1 0 0 0.965615032711096 0.2599761692970126 2.615597606536658
cell 54.24596780069991 47.131793393094824 0.0 1.0 1.0 1 0 0 0.0 1.0 0
cell 40.25316569859569 27.477561498110365 0.0 1.0 1.0 1 0 0 0.0 1.0 0
cell 24.657140199046236 43.68511643450681 0.0 1.6431676725154984 0.6085806194501846 1 0 0 0.9339189008873335 0.35748494592834945 2.410445674567015
cell 2.7586367059725125 54.24351893977423 0.0 1.0 1.0 1 0 0 0.0 1.0 0
cell 13.756801841351145 54.575519025576675 0.0 1.0 1.0 1 0 0 0.0 1.0 0
cell 1.543543570285132 17.851040377086697 0.0 1.6431676725154984 0.6085806194501846 1 0 0 0.9001555631923042 0.43556855034993724 2.240253066066789
cell 51.01887494296644 19.27072468705197 0.0 1.0 1.0 1 0 0 0.0 1.0 0
cell 44.61001030246315 24.339680020376832 0.0 1.0 1.0 1 0 0 0.0 1.0 0
cell 26.059815629718635 18.917054218557542 0.0 1.0 1.0 1 0 0 0.0 1.0 0
cell 38.562014561566805 14.405333458066714 0.0 1.6431676725154984 0.6085806194501846 1 0 0 0.13052630681985744 0.991444846286453 0.2617996189765173
cell 13.679325844651114 20.717703395272615 0.0 1.0 1.0 1 0 0 0.0 1.0 0
cell 43.88379247498862 17.355952988046333 0.0 1.6431676725154984 0.6085806194501846 1 0 0 -0.28174034345981797 0.9594906872227285 5.711970412177271
cell 23.768688503970882 37.44140200524559 0.0 1.0 1.0 1 0 0 0.0 1.0 0
cell 15.684684036950948 55.10299960089651 0.0 1.0 1.0 1 0 0 0.0 1.0 0
cell 29.957496984115334 50.118202029901134 0.0 1.0 1.0 1 0 0 0.0 1.0 0
cell 22.068674028074305 53.20331059139819 0.0 1.0 1.0 1 0 0 0.0 1.0 0
cell 31.837131103204516 39.55120404823707 0.0 1.6431676725154984 0.6085806194501846 1 0 0 0.9851703209047182 -0.1715792493528704 3.486457589103787
cell 21.865430607553122 48.23238528871638 0.0 1.0 1.0 1 0 0 0.0 1.0 0
cell 11.456427171908832 44.199523388293386 0.0 1.0 1.0 1 0 0 0.0 1.0 0
cell 36.6170376605704 56.621836425632644 0.0 1.6431676725154984 0.6085806194501846 1 0 0 0.8880572324023251 0.4597329137422321 2.1862038102520605
cell 41.09474791765903 9.713036586017061 0.0 1.0 1.0 1 0 0 0.0 1.0 0
cell 16.791621328104124 41.85192488998427 0.0 1.0 1.0 1 0 0 0.0 1.0 0
cell 21.06038875028482 23.31765065985604 0.0 1.6431676725154984 0.6085806194501846 1 0 0 0.04265639702391873 0.9990898016659653 0.08533868732962951
cell 19.127255427954772 26.5875093499458 0.0 1.0 1.0 1 0 0 0.0 1.0 0
cell 13.30961829422046 9.891374130490192 0.0 1.0 1.0 1 0 0 0.0 1.0 0
cell 18.054283951234527 33.59856809948638 0.0 1.0 1.0 1 0 0 0.0 1.0 0
cell 35.842767485105426 9.992393045367283 0.0 1.6431676725154984 0.6085806194501846 1 0 0 0.9162306900432342 0.4006511233266406 2.317137873404459
cell 48.20062219435508 0.5869045128995339 0.0 1.6431676725154984 0.6085806194501846 1 0 0 0.9662052276208755 -0.2577740446943644 3.663028014228954
cell 39.35612246667013 42.63399920260313 0.0 1.0 1.0 1 0 0 0.0 1.0 0
cell 0.017500263786820056 6.972332886268682 0.0 1.0 1.0 1 0 0 0.0 1.0 0
cell 25.250971960899737 52.297707838189204 0.0 1.0 1.0 1 0 0 0.0 1.0 0
cell 11.918121147691144 21.480948392239902 0.0 1.0 1.0 1 0 0 0.0 1.0 0
cell 19.636803526920062 55.93421367131505 0.0 1.0 1.0 1 0 0 0.0 1.0 0
cell 38.89777141855281 26.204519732835802 0.0 1.0 1.0 1 0 0 0.0 1.0 0
cell 56.078449939956016 17.868820892898558 0.0 1.6431676725154984 0.6085806194501846 1 0 0 0.9979578632185816 0.06387568582960766 3.0137542489081124
cell 31.474522863054 55.42373312968907 0.0 1.6431676725154984 0.6085806194501846 1 0 0 0.8476276471340358 -0.53059153010015 4.260189210682671
cell 18.731675704087966 39.08075886962378 0.0 1.0 1.0 1 0 0 0.0 1.0 0
cell 51.479145051755516 55.84856794854749 0.0 1.0 1.0 1 0 0 0.0 1.0 0
cell 24.016462902445017 9.095189833085358 0.0 1.0 1.0 1 0 0 0.0 1.0 0
cell 54.68512283748414 13.181518533286324 0.0 1.0 1.0 1 0 0 0.0 1.0 0
cell 24.923090943155056 38.58729026146528 0.0 1.0 1.0 1 0 0 0.0 1.0 0
cell 50.126183962280166 51.83423334193965 0.0 1.0 1.0 1 0 0 0.0 1.0 0
cell 24.171379741996848 21.597445759412505 0.0 1.6431676725154984 0.6085806194501846 1 0 0 0.19826364153176237 -0.9801487277176688 5.884013153501072
cell 29.22839319426442 7.817784194194538 0.0 1.0 1.0 1 0 0 0.0 1.0 0
cell 4.101954432576884 45.36610428888669 0.0 1.0 1.0 1 0 0 0.0 1.0 0
cell 47.28226964511329 57.82507924948089 0.0 1.0 1.0 1 0 0 0.0 1.0 0
cell 50.86621731507411 53.97938682524123 0.0 1.0 1.0 1 0 0 0.0 1.0 0
cell 21.908610345069064 36.8592117784747 0.0 1.0 1.0 1 0 0 0.0 1.0 0
cell 45.05240162065458 13.245975227855487 0.0 1.6431676725154984 0.6085806194501846 1 0 0 -0.22290582315202606 0.9748399837947342 5.83359674639262
cell 50.752514782430524 31.207806986684147 0.0 1.6431676725154984 0.6085806194501846 1 0 0 0.41871894218172506 -0.9081158777701319 5.419116939336745
cell 30.221570970087583 9.549623103080734 0.0 1.0 1.0 1 0 0 0.0 1.0 0
cell 16.8677760206141 43.83117303927498 0.0 1.0 1.0 1 0 0 0.0 1.0 0
cell 5.830447555038578 4.8710524356503955 0.0 1.6431676725154984 0.6085806194501846 1 0 0 -0.12342576333133039 -0.9923538083496624 0.2474826152823537
cell 33.154877088379386 4.472791734139182 0.0 1.0 1.0 1 0 0 0.0 1.0 0
cell 39.194613568045526 10.346492985271727 0.0 1.0 1.0 1 0 0 0.0 1.0 0
cell 4.582482878735421 43.40712895970172 0.0 1.0 1.0 1 0 0 0.0 1.0 0
cell 30.026817747627437 30.09999417544839 0.0 1.0 1.0 1 0 0 0.0 1.0 0
cell 36.48130199314716 22.099747626090668 0.0 1.0 1.0 1 0 0 0.0 1.0 0
cell 23.54024951937823 25.12797271867205 0.0 1.0 1.0 1 0 0 0.0 1.0 0
cell 28.48624199891148 46.81604004459208 0.0 1.0 1.0 1 0 0 0.0 1.0 0
cell 49.468291009013804 44.29303733270005 0.0 1.6431676725154984 0.6085806194501846 1 0 0 0.40736794241205715 0.9132641236219492 0.8391403400597158
cell 40.587312312431486 58.88362711186498 0.0 1.6431676725154984 0.6085806194501846 1 0 0 0.9883840732405966 -0.15197672112638494 3.4467284918294503
cell 22.101054203559794 9.081541662086167 0.0 1.0 1.0 1 0 0 0.0 1.0 0
cell 20.188071535890746 1.7964491412562549 0.0 1.0 1.0 1 0 0 0.0 1.0 0
cell 31.247572449726846 48.88067167616217 0.0 1.0 1.0 1 0 0 0.0 1.0 0
cell 25.872103796940404 12.64529307824262 0.0 1.0 1.0 1 0 0 0.0 1.0 0
cell 13.683609033970907 49.72155835864933 0.0 1.0 1.0 1 0 0 0.0 1.0 0
cell 30.834140432999636 24.77800935881462 0.0 1.0 1.0 1 0 0 0.0 1.0 0
cell 7.262655248747612 47.69130177827446 0.0 1.0 1.0 1 0 0 0.0 1.0 0
cell 40.72745894569068 24.28595019687226 0.0 1.6431676725154984 0.6085806194501846 1 0 0 0.7753053233896524 -0.6315866175938709 4.508788558190005
cell 22.0844488617175 15.945634794831069 0.0 1.0 1.0 1 0 0 0.0 1.0 0
cell 36.949886743898304 47.99436890961157 0.0 1.0 1.0 1 0 0 0.0 1.0 0
cell 1.6301889481796552 30.910172418628534 0.0 1.6431676725154984 0.6085806194501846 1 0 0 0.7175737121483811 0.696482568075894 1.6006248145908526
cell 57.5292755038127 16.00414216464269 0.0 1.0 1.0 1 0 0 0.0 1.0 0
cell 26.791618255087908 14.414542647859694 0.0 1.0 1.0 1 0 0 0.0 1.0 0
cell 27.98541384729817 9.408383366041049 0.0 1.0 1.0 1 0 0 0.0 1.0 0
cell 23.031681152537708 41.350369751627106 0.0 1.0 1.0 1 0 0 0.0 1.0 0
cell 5.819862042024727 2.3767280073630674 0.0 1.0 1.0 1 0 0 0.0 1.0 0
cell 19.30109751732002 0.026613194993578396 0.0 1.0 1.0 1 0 0 0.0 1.0 0
cell 44.78585529066928 50.69947759794422 0.0 1.0 1.0 1 0 0 0.0 1.0 0
cell 0.48046588684782693 30.356575250792503 0.0 1.6431676725154984 0.6085806194501846 1 0 0 0.6737897004365846 0.7389231621661196 1.478651106092911
cell 11.251821879263899 57.17800714755996 0.0 1.0 1.0 1 0 0 0.0 1.0 0
cell 38.72190039029377 11.957057076732337 0.0 1.6431676725154984 0.6085806194501846 1 0 0 0.18979708468686396 0.9818233377977769 0.3819109409643253
cell 32.08862499989581 6.1356084323274125 0.0 1.6431676725154984 0.6085806194501846 1 0 0 0.7788597598877455 -0.6271981141773334 4.497493768980849
cell 24.95140059188337 10.879568618555197 0.0 1.0 1.0 1 0 0 0.0 1.0 0
cell 43.9238118552758 33.305246934377514 0.0 1.0 1.0 1 0 0 0.0 1.0 0
cell 24.430656288640762 29.408868270123016 0.0 1.0 1.0 1 0 0 0.0 1.0 0
cell 41.66981175689227 28.753822377374238 0.0 1.0 1.0 1 0 0 0.0 1.0 0
cell 52.93940129318014 6.722128988192113 0.0 1.0 1.0 1 0 0 0.0 1.0 0
cell 43.48650594008128 45.401303941132596 0.0 1.0 1.0 1 0 0 0.0 1.0 0
cell 27.189619723627388 52.73898927815823 0.0 1.0 1.0 1 0 0 0.0 1.0 0
cell 38.741970413543605 1.9009288758820155 0.0 1.6431676725154984 0.6085806194501846 1 0 0 0.03051212233279053 -0.9995343968022055 6.222151589721937
cell 15.116790586897816 48.40788906267526 0.0 1.0 1.0 1 0 0 0.0 1.0 0
cell 19.131931567502896 28.472321261704703 0.0 1.0 1.0 1 0 0 0.0 1.0 0
cell 5.104383192906492 10.586502827343349 0.0 1.0 1.0 1 0 0 0.0 1.0 0
cell 3.4263497422915665 14.757555940052878 0.0 1.6431676725154984 0.6085806194501846 1 0 0 -0.42746666311482134 0.9040311122552586 5.399808013440118
cell 9.258919627033734 18.318945860938086 0.0 1.6431676725154984 0.6085806194501846 1 0 0 0.28545015647052446 -0.9583935559940672 5.704233118548756
cell 41.854558176064394 14.322440195233833 0.0 1.6431676725154984 0.6085806194501846 1 0 0 -0.06942455767274298 -0.9975872046051634 0.1389608947352743
cell 49.66771753154093 48.243002159882224 0.0 1.0 1.0 1 0 0 0.0 1.0 0
cell 23.316890098336295 51.83842225358594 0.0 1.0 1.0 1 0 0 0.0 1.0 0
cell 54.43637479179019 15.142650395681006 0.0 1.0 1.0 1 0 0 0.0 1.0 0
cell 9.749549369149406 16.941812678871457 0.0 1.6431676725154984 0.6085806194501846 1 0 0 0.23254967711165783 -0.9725845195535777 5.813788481454034
cell 20.23832984176666 37.89202019641411 0.0 1.0 1.0 1 0 0 0.0 1.0 0
cell 34.26720442401116 24.875173631851325 0.0 1.0 1.0 1 0 0 0.0 1.0 0
cell 17.114962169415776 9.643107284599711 0.0 1.0 1.0 1 0 0 0.0 1.0 0
cell 4.6240089960448145 54.492416230995254 0.0 1.0 1.0 1 0 0 0.0 1.0 0
cell 40.82079477977668 43.90636807947281 0.0 1.0 1.0 1 0 0 0.0 1.0 0
cell 32.45450888125003 34.736158573043134 0.0 1.0 1.0 1 0 0 0.0 1.0 0
cell 20.853238195657706 54.56361771878414 0.0 1.0 1.0 1 0 0 0.0 1.0 0
cell 36.96871896916196 33.86123126720729 0.0 1.0 1.0 1 0 0 0.0 1.0 0
cell 49.97509577529911 46.332879105250235 0.0 1.6431676725154984 0.6085806194501846 1 0 0 0.40900546899837215 0.9125319316765971 0.8427278736015644
cell 17.933681474053373 25.381996012987475 0.0 1.0 1.0 1 0 0 0.0 1.0 0
cell 46.782712744680296 50.329152579329 0.0 1.0 1.0 1 0 0 0.0 1.0 0
cell 12.546299492332823 11.579540038421767 0.0 1.0 1.0 1 0 0 0.0 1.0 0
cell 42.50916869931142 47.45141438096631 0.0 1.0 1.0 1 0 0 0.0 1.0 0
cell 18.761134559082482 49.19506994010425 0.0 1.0 1.0 1 0 0 0.0 1.0 0
cell 35.64131777382642 49.502030718118185 0.0 1.0 1.0 1 0 0 0.0 1.0 0
cell 31.85414691104262 17.212540367136647 0.0 1.6431676725154984 0.6085806194501846 1 0 0 0.03450994587208249 0.9994043544211252 0.06903359880783193
cell 36.59651652432044 20.09947045066996 0.0 1.0 1.0 1 0 0 0.0 1.0 0
cell 38.67601022005218 6.857303780499375 0.0 1.6431676725154984 0.6085806194501846 1 0 0 0.5648178958121519 -0.8252155746048018 5.08276018273008
cell 56.88788685743223 2.8617318767422626 0.0 1.6431676725154984 0.6085806194501846 1 0 0 0.2777935606790467 -0.9606407953263576 5.720192301684938
cell 33.96160636622379 17.96902548506522 0.0 1.6431676725154984 0.6085806194501846 1 0 0 -0.19534925285963217 0.9807337403226135 5.889958204412977
cell 7.172702202312591 27.645361574293947 0.0 1.0 1.0 1 0 0 0.0 1.0 0
cell 11.467640255456603 37.81618208183909 0.0 1.0 1.0 1 0 0 0.0 1.0 0
cell 20.28305802262106 4.806838768098524 0.0 1.0 1.0 1 0 0 0.0 1.0 0
cell 31.161009071444735 26.875352389158618 0.0 1.0 1.0 1 0 0 0.0 1.0 0
cell 19.75806193592359 34.35722222725137 0.0 1.0 1.0 1 0 0 0.0 1.0 0
cell 27.24558770454143 1.901879534747905 0.0 1.0 1.0 1 0 0 0.0 1.0 0
cell 9.450885721288115 23.77949077619164 0.0 1.0 1.0 1 0 0 0.0 1.0 0
cell 55.17873969304094 45.36195457826765 0.0 1.0 1.0 1 0 0 0.0 1.0 0
cell 7.003315046786543 18.64990903682062 0.0 1.6431676725154984 0.6085806194501846 1 0 0 -0.2863078008236659 0.958137695317075 5.702443125726451
cell 8.411183319399084 15.5392046057934 0.0 1.6431676725154984 0.6085806194501846 1 0 0 -0.16439215020182565 0.9863950633250455 5.952901815168051
cell 50.2635648983126 17.852472968876945 0.0 1.0 1.0 1 0 0 0.0 1.0 0
cell 58.294079181589915 41.81489371926646 0.0 1.6431676725154984 0.6085806194501846 1 0 0 0.023458602153737743 -0.9997248091274882 6.23626379866952
cell 35.17572895988422 18.851508608666048 0.0 1.6431676725154984 0.6085806194501846 1 0 0 0.0735844163289684 -0.9972889920547229 6.1358833381787745
cell 29.548585882105908 26.284519531429947 0.0 1.0 1.0 1 0 0 0.0 1.0 0
cell 51.586949125743445 25.40542540683837 0.0 1.6431676725154984 0.6085806194501846 1 0 0 0.9997337935198426 -0.023072539834720712 3.187741828401711
cell 29.853951034974354 12.779937776657794 0.0 1.0 1.0 1 0 0 0.0 1.0 0
cell 9.612239913255069 2.9829349028264405 0.0 1.0 1.0 1 0 0 0.0 1.0 0
cell 12.65454082712053 36.48754300343719 0.0 1.0 1.0 1 0 0 0.0 1.0 0
cell 47.81269690679845 12.449666302215032 0.0 1.6431676725154984 0.6085806194501846 1 0 0 -0.08925512315914047 0.9960087966428041 6.1044371908314226
cell 1.5360393413512559 41.27296367183709 0.0 1.6431676725154984 0.6085806194501846 1 0 0 0.9884744725046991 -0.15138763888295803 3.4455365355769234
cell 21.18216645508996 3.562709295823493 0.0 1.0 1.0 1 0 0 0.0 1.0 0
cell 18.595439444802352 44.675044348889294 0.0 1.6431676725154984 0.6085806194501846 1 0 0 0.30953935427819335 -0.9508866326503066 5.653768194960069
cell 31.748036865230283 1.0104171749968565 0.0 1.6431676725154984 0.6085806194501846 1 0 0 0.9902013636969219 0.13964690949948058 2.861383011203799
cell 49.6903833205207 6.599554138572028 0.0 1.0 1.0 1 0 0 0.0 1.0 0
cell 13.532199421502682 34.94876061263961 0.0 1.0 1.0 1 0 0 0.0 1.0 0
cell 35.77361998262917 25.7027392548065 0.0 1.0 1.0 1 0 0 0.0 1.0 0
cell 14.871226237343164 44.44919378571035 0.0 1.0 1.0 1 0 0 0.0 1.0 0
cell 48.086536020542425 29.71727639107458 0.0 1.6431676725154984 0.6085806194501846 1 0 0 0.9953100360138524 0.09673640581551438 2.947816813232018
cell 6.151932082724242 25.964406958452155 0.0 1.0 1.0 1 0 0 0.0 1.0 0
cell 8.147305994827821 49.81321487656635 0.0 1.0 1.0 1 0 0 0.0 1.0 0
cell 1.9379798432940432 52.499035307303785 0.0 1.0 1.0 1 0 0 0.0 1.0 0
cell 10.699909250077713 28.910051621828828 0.0 1.0 1.0 1 0 0 0.0 1.0 0
cell 0.8467166155820283 43.04988589260721 0.0 1.0 1.0 1 0 0 0.0 1.0 0
cell 32.59842483097303 23.829114301142017 0.0 1.0 1.0 1 0 0 0.0 1.0 0
cell 12.486911065755164 5.014178637769452 0.0 1.0 1.0 1 0 0 0.0 1.0 0
cell 38.546208088095305 19.814995313622404 0.0 1.0 1.0 1 0 0 0.0 1.0 0
cell 11.531438853558685 23.44522118212766 0.0 1.0 1.0 1 0 0 0.0 1.0 0
cell 14.924251264559 12.993250992783652 0.0 1.6431676725154984 0.6085806194501846 1 0 0 0.12187340145511272 0.9925456533670182 0.244354272331683
cell 46.614000896709825 55.9522542847547 0.0 1.0 1.0 1 0 0 0.0 1.0 0
cell 40.73590296838815 11.667768980157842 0.0 1.0 1.0 1 0 0 0.0 1.0 0
cell 36.460134706763164 45.95725549427127 0.0 1.0 1.0 1 0 0 0.0 1.0 0
cell 8.239505317148472 8.854545578178001 0.0 1.0 1.0 1 0 0 0.0 1.0 0
cell 23.995787608894666 53.642359154528776 0.0 1.0 1.0 1 0 0 0.0 1.0 0
cell 28.502935667963282 51.4543607930495 0.0 1.0 1.0 1 0 0 0.0 1.0 0
cell 10.269902042846693 20.39944243904892 0.0 1.0 1.0 1 0 0 0.0 1.0 0
cell 37.579117109838634 43.05530898334301 0.0 1.0 1.0 1 0 0 0.0 1.0 0
cell 22.149105406497345 2.2638705597018784 0.0 1.0 1.0 1 0 0 0.0 1.0 0
cell 28.833277858228747 4.750166181085011 0.0 1.6431676725154984 0.6085806194501846 1 0 0 0.9880521174209446 0.1541201260705039 2.8321188982163306
cell 30.576064105348152 34.05935530461282 0.0 1.0 1.0 1 0 0 0.0 1.0 0
cell 28.619561799418108 56.3588544534348 0.0 1.0 1.0 1 0 0 0.0 1.0 0
cell 33.9633377500413 12.938643069528004 0.0 1.0 1.0 1 0 0 0.0 1.0 0
cell 35.015918745864106 52.627051966832504 0.0 1.0 1.0 1 0 0 0.0 1.0 0
cell 40.71731865740669 16.189584666500775 0.0 1.6431676725154984 0.6085806194501846 1 0 0 -0.10796783711617858 -0.9941543874813682 0.2163574193007891
cell 36.138269843305544 54.32312269655389 0.0 1.0 1.0 1 0 0 0.0 1.0 0
cell 31.168596367055567 53.217060799601356 0.0 1.0 1.0 1 0 0 0.0 1.0 0
cell 12.250043086947302 27.741837826480015 0.0 1.0 1.0 1 0 0 0.0 1.0 0
cell 11.807690596020738 26.119400758729935 0.0 1.0 1.0 1 0 0 0.0 1.0 0
cell 19.788775348326126 24.681071725712986 0.0 1.0 1.0 1 0 0 0.0 1.0 0
cell 58.861661520026374 2.4132476790027413 0.0 1.6431676725154984 0.6085806194501846 1 0 0 0.6931485467505916 -0.7207947642273375 4.751489126755286
cell 30.978772471760017 22.719907965836477 0.0 1.0 1.0 1 0 0 0.0 1.0 0
cell 27.16163142875052 22.20021272228553 0.0 1.6431676725154984 0.6085806194501846 1 0 0 0.3352748610532627 -0.94212035725045 5.599391382691775
cell 44.8239654071083 17.918002807395286 0.0 1.6431676725154984 0.6085806194501846 1 0 0 0.388477407271775 -0.9214582486685978 5.485228021162242
cell 25.949847018831043 27.74233386763333 0.0 1.0 1.0 1 0 0 0.0 1.0 0
cell 29.88469376240248 15.991106037751178 0.0 1.0 1.0 1 0 0 0.0 1.0 0
cell 6.84441116692666 3.904011028765902 0.0 1.0 1.0 1 0 0 0.0 1.0 0
cell 37.537603574492685 52.963370592736055 0.0 1.0 1.0 1 0 0 0.0 1.0 0
cell 38.37219499351074 28.147522883227083 0.0 1.0 1.0 1 0 0 0.0 1.0 0
cell 32.36759059484464 43.72581399749701 0.0 1.0 1.0 1 0 0 0.0 1.0 0
cell 37.8957616082191 30.06042792480344 0.0 1.0 1.0 1 0 0 0.0 1.0 0
cell 10.50125072290182 39.47217476214157 0.0 1.0 1.0 1 0 0 0.0 1.0 0
cell 11.732922530621392 42.31244369829782 0.0 1.0 1.0 1 0 0 0.0 1.0 0
cell 5.408306728032253 7.357802844888039 0.0 1.0 1.0 1 0 0 0.0 1.0 0
cell 15.000367890533273 34.000190747146206 0.0 1.0 1.0 1 0 0 0.0 1.0 0
cell 46.15471934838774 21.119582378884942 0.0 1.6431676725154984 0.6085806194501846 1 0 0 0.704941011565304 -0.7092659375814448 4.718505358946899
cell 56.911561379504796 38.19951559047834 0.0 1.6431676725154984 0.6085806194501846 1 0 0 0.07132969832704068 -0.9974527929363742 6.140404659301435
cell 13.303280436138417 43.35431172768888 0.0 1.0 1.0 1 0 0 0.0 1.0 0
cell 43.86484631983117 12.472376213727411 0.0 1.6431676725154984 0.6085806194501846 1 0 0 -0.017066702540783546 0.9998543532257008 6.249050244861355
cell 52.10269288318007 29.199111147260606 0.0 1.6431676725154984 0.6085806194501846 1 0 0 0.1424027221408424 0.9898088021061836 0.28577690847276566
cell 22.745366732106994 29.72476959338964 0.0 1.0 1.0 1 0 0 0.0 1.0 0
cell 4.856419816080224 24.848907461477296 0.0 1.6431676725154984 0.6085806194501846 1 0 0 0.4260158280588684 -0.9047157090729202 5.403016499509456
cell 14.50449156694952 6.075392523519548 0.0 1.6431676725154984 0.6085806194501846 1 0 0 0.009786688767648736 -0.9999521092147189 6.26361161717683
cell 56.86037168318779 4.121601573806716 0.0 1.6431676725154984 0.6085806194501846 1 0 0 0.3006540146590117 -0.9537332769015763 5.672428663889051
cell 15.098137560332649 17.004111882430834 0.0 1.6431676725154984 0.6085806194501846 1 0 0 0.22370704066587138 -0.9746564317525013 5.831952798832944
cell 18.892912872967393 54.139095909377296 0.0 1.0 1.0 1 0 0 0.0 1.0 0
cell 41.230576802349894 30.714938528985368 0.0 1.0 1.0 1 0 0 0.0 1.0 0
cell 43.418111245711486 37.908124723788745 0.0 1.0 1.0 1 0 0 0.0 1.0 0
cell 25.756375126968145 44.36441706697177 0.0 1.0 1.0 1 0 0 0.0 1.0 0
cell 48.7466929571884 21.356095766677043 0.0 1.6431676725154984 0.6085806194501846 1 0 0 0.7774293632138451 -0.628970257812653 4.502048559843483
cell 53.55592645051268 9.968418890619642 0.0 1.6431676725154984 0.6085806194501846 1 0 0 -0.522312403206589 0.8527542163229436 5.184064519966557
cell 10.336068717428413 50.05762054944358 0.0 1.0 1.0 1 0 0 0.0 1.0 0
cell 10.03771450614933 58.708983945408825 0.0 1.0 1.0 1 0 0 0.0 1.0 0
cell 46.62616371149623 10.02517173885475 0.0 1.6431676725154984 0.6085806194501846 1 0 0 0.39988158579492833 0.91656681008104 0.82277529843912
cell 14.69371513656372 32.14293123455389 0.0 1.0 1.0 1 0 0 0.0 1.0 0
cell 37.12151975203372 58.350738781016375 0.0 1.6431676725154984 0.6085806194501846 1 0 0 0.9991487555979696 -0.04125244461882085 3.2241209614099717
cell 20.12338231156935 13.964685283502345 0.0 1.0 1.0 1 0 0 0.0 1.0 0
cell 0.14548615282898714 35.31396674385025 0.0 1.6431676725154984 0.6085806194501846 1 0 0 0.5902064291666954 0.8072523589128114 1.2626290702758995
cell 24.82047297906202 14.242321600247895 0.0 1.0 1.0 1 0 0 0.0 1.0 0
cell 28.901291960836616 3.058230922470501 0.0 1.0 1.0 1 0 0 0.0 1.0 0
cell 51.013934982717494 34.532589895121355 0.0 1.6431676725154984 0.6085806194501846 1 0 0 0.5019025926617081 -0.8649241512869528 5.231591112788101
cell 49.02231842002884 53.508304298460644 0.0 1.0 1.0 1 0 0 0.0 1.0 0
cell 34.43348020763409 37.47683451719793 0.0 1.0 1.0 1 0 0 0.0 1.0 0
cell 45.528579771079116 48.78954441632683 0.0 1.0 1.0 1 0 0 0.0 1.0 0
cell 41.39290378785872 15.326345289657237 0.0 1.6431676725154984 0.6085806194501846 1 0 0 0.10196233562157468 0.9947882599400706 0.20427967889599052
cell 26.83051375505685 46.98960076258562 0.0 1.0 1.0 1 0 0 0.0 1.0 0
cell 5.339051869305828 56.33618112869878 0.0 1.0 1.0 1 0 0 0.0 1.0 0
cell 58.342936659229416 8.350143161058282 0.0 1.6431676725154984 0.6085806194501846 1 0 0 -0.5140054807770984 -0.8577868999530733 1.079695689392187
cell 52.53502894296727 15.753264759030198 0.0 1.0 1.0 1 0 0 0.0 1.0 0
cell 36.479886532103514 28.72032240699244 0.0 1.0 1.0 1 0 0 0.0 1.0 0
cell 22.814884272333327 19.906331288049568 0.0 1.6431676725154984 0.6085806194501846 1 0 0 -0.46425911078621257 -0.8856994287296313 0.9655958515912095
cell 37.32529949925277 39.26813933039875 0.0 1.0 1.0 1 0 0 0.0 1.0 0
cell 17.38888744674498 27.582700599125655 0.0 1.0 1.0 1 0 0 0.0 1.0 0
cell 29.30969627499159 48.48806257139901 0.0 1.0 1.0 1 0 0 0.0 1.0 0
cell 0.0948779681492701 52.35127015759761 0.0 1.0 1.0 1 0 0 0.0 1.0 0
cell 19.633774906753167 43.082364370677155 0.0 1.6431676725154984 0.6085806194501846 1 0 0 0.24561810123294475 -0.9693666738374715 5.786870756855717
cell 4.49711588671599 27.47721532968541 0.0 1.6431676725154984 0.6085806194501846 1 0 0 0.6074331011196245 -0.7943708376219485 4.977534862739149
cell 47.05243542257683 16.594324027968426 0.0 1.6431676725154984 0.6085806194501846 1 0 0 0.3438543784711204 -0.9390229850255208 5.581148311600728
cell 39.34309102687928 24.41349593219872 0.0 1.6431676725154984 0.6085806194501846 1 0 0 0.48938286724847646 0.8720690392644725 1.0227638945739081
cell 21.17821391684508 6.566516358276437 0.0 1.0 1.0 1 0 0 0.0 1.0 0
cell 2.24267497798098 57.9660685838935 0.0 1.0 1.0 1 0 0 0.0 1.0 0
cell 58.30703389777741 21.379529487351284 0.0 1.6431676725154984 0.6085806194501846 1 0 0 0.8997799354553064 -0.43634397870492564 4.044655476878965
cell 3.3489139682631777 56.11118673731876 0.0 1.0 1.0 1 0 0 0.0 1.0 0
cell 29.508423215799418 45.329669573282644 0.0 1.0 1.0 1 0 0 0.0 1.0 0
cell 7.039539033062704 5.97819520389906 0.0 1.6431676725154984 0.6085806194501846 1 0 0 -0.03548590506997692 0.9993701769321339 6.212198593390502
cell 36.213018063408406 37.562047706771104 0.0 1.0 1.0 1 0 0 0.0 1.0 0
cell 30.54110121715893 56.73017888111161 0.0 1.0 1.0 1 0 0 0.0 1.0 0
cell 52.47485684814239 50.670141949307066 0.0 1.0 1.0 1 0 0 0.0 1.0 0
cell 22.701497163450107 17.68180482440222 0.0 1.0 1.0 1 0 0 0.0 1.0 0
cell 4.1771070871999605 49.2675237365581 0.0 1.0 1.0 1 0 0 0.0 1.0 0
cell 34.81407533388875 45.60811500862625 0.0 1.0 1.0 1 0 0 0.0 1.0 0
cell 37.858782414803514 5.694426521859864 0.0 1.6431676725154984 0.6085806194501846 1 0 0 0.4659754372047488 -0.8847976559201788 5.313711842016954
cell 45.75182011083276 58.70233063674828 0.0 1.6431676725154984 0.6085806194501846 1 0 0 0.33008645895698463 0.9439507029571189 0.6727903326972439
cell 39.798398994377294 29.427342313234725 0.0 1.0 1.0 1 0 0 0.0 1.0 0
cell 8.659044256143163 35.25860921976547 0.0 1.0 1.0 1 0 0 0.0 1.0 0
cell 31.45839466040119 28.8409872413316 0.0 1.0 1.0 1 0 0 0.0 1.0 0
cell 31.313214492968758 45.44519669314179 0.0 1.0 1.0 1 0 0 0.0 1.0 0
cell 55.888326040127886 8.827522744231269 0.0 1.6431676725154984 0.6085806194501846 1 0 0 0.7136246273097229 -0.7005282944300387 4.693867704081041
cell 13.95929825697323 28.461870099101162 0.0 1.0 1.0 1 0 0 0.0 1.0 0
cell 43.09749248843877 3.8005586133624503 0.0 1.6431676725154984 0.6085806194501846 1 0 0 0.23754790559848155 0.9713758245631682 0.47968143361441606
cell 30.761828641775708 14.474704819810867 0.0 1.0 1.0 1 0 0 0.0 1.0 0
cell 38.724852136148236 57.2036399162049 0.0 1.6431676725154984 0.6085806194501846 1 0 0 0.97231687247228 -0.23366621387295988 3.613285815043666
cell 2.708166307931481 43.5877196151451 0.0 1.0 1.0 1 0 0 0.0 1.0 0
cell 45.06921222515812 3.6702542024477416 0.0 1.0 1.0 1 0 0 0.0 1.0 0
cell 20.91349500594131 7.908668185822353 0.0 1.6431676725154984 0.6085806194501846 1 0 0 0.006446234985211221 0.9999792228114119 0.012892559260924506
cell 31.92763627777101 2.0214465136951456 0.0 1.6431676725154984 0.6085806194501846 1 0 0 0.17146927958963756 -0.9851894671366572 5.938543619752132
cell 49.914638547066616 41.24734903818147 0.0 1.6431676725154984 0.6085806194501846 1 0 0 0.9539027490223605 -0.3001158866297876 3.751220930656086
cell 31.319596315823038 41.819136491453705 0.0 1.6431676725154984 0.6085806194501846 1 0 0 0.9550511809416926 -0.29644095834057466 3.7435205379084917
cell 27.384550805489113 57.760076979795905 0.0 1.0 1.0 1 0 0 0.0 1.0 0
cell 34.50440007850832 14.937110222750583 0.0 1.6431676725154984 0.6085806194501846 1 0 0 0.0876234061664368 0.9961536722272281 0.17547184414986658
cell 43.9488751504162 26.136130151762202 0.0 1.0 1.0 1 0 0 0.0 1.0 0
cell 39.22211771438527 13.309380471682504 0.0 1.6431676725154984 0.6085806194501846 1 0 0 0.0781101641741813 0.9969447338005665 0.15637962126790164
cell 20.505598354997336 16.302402103326394 0.0 1.0 1.0 1 0 0 0.0 1.0 0
cell 3.2022533518093024 47.17334290521667 0.0 1.0 1.0 1 0 0 0.0 1.0 0
cell 0.41482876751803593 10.401170373899564 0.0 1.6431676725154984 0.6085806194501846 1 0 0 -0.19667732470957872 -0.9804682707487697 0.3959357919061226
cell 8.92964394211252 32.17064940948362 0.0 1.0 1.0 1 0 0 0.0 1.0 0
cell 45.42682976106837 45.08503267937818 0.0 1.0 1.0 1 0 0 0.0 1.0 0
cell 26.536680828305645 50.931520010819135 0.0 1.0 1.0 1 0 0 0.0 1.0 0
cell 16.477368736257613 32.86955493681632 0.0 1.0 1.0 1 0 0 0.0 1.0 0
cell 32.827835002389435 22.07095519727624 0.0 1.0 1.0 1 0 0 0.0 1.0 0
cell 3.073094591785281 50.81178079561709 0.0 1.0 1.0 1 0 0 0.0 1.0 0
cell 32.60946733986159 25.72076193389003 0.0 1.0 1.0 1 0 0 0.0 1.0 0
cell 1.1574468782030563 9.467858473326226 0.0 1.6431676725154984 0.6085806194501846 1 0 0 0.4150835359078975 0.9097833028904175 0.8560692412326291
cell 14.459013378322656 4.761662669465965 0.0 1.0 1.0 1 0 0 0.0 1.0 0
cell 18.27257495014514 42.53326541367865 0.0 1.0 1.0 1 0 0 0.0 1.0 0
cell 49.39760283061076 13.85590239511778 0.0 1.6431676725154984 0.6085806194501846 1 0 0 -0.21732828700692522 0.976098568622368 5.8450323109676985
cell 55.54898497106208 6.44276215181438 0.0 1.6431676725154984 0.6085806194501846 1 0 0 0.5666037781377024 -0.8239903874439807 5.07842868825675
cell 2.981329765788484 1.005671697875671 0.0 1.0 1.0 1 0 0 0.0 1.0 0
cell 13.45838918044142 48.12405011765454 0.0 1.6431676725154984 0.6085806194501846 1 0 0 0.2591865945624744 -0.9658272667506895 5.758825462360086
cell 28.358859372185563 41.870630142513924 0.0 1.0 1.0 1 0 0 0.0 1.0 0
cell 15.633955825851743 50.13906603641143 0.0 1.0 1.0 1 0 0 0.0 1.0 0
cell 57.18254976419932 45.34041037901924 0.0 1.0 1.0 1 0 0 0.0 1.0 0
cell 43.73839688062832 20.308260113385604 0.0 1.6431676725154984 0.6085806194501846 1 0 0 0.4246166471846463 -0.9053732395723156 5.406108459374948
cell 14.246665327168216 30.4226981619289 0.0 1.0 1.0 1 0 0 0.0 1.0 0
cell 49.69415343262786 2.4337876486261303 0.0 1.6431676725154984 0.6085806194501846 1 0 0 0.9940658967715947 -0.10877956092798495 3.359583138950989
cell 5.133644282657322 47.73999776848759 0.0 1.0 1.0 1 0 0 0.0 1.0 0
cell 42.96224668703251 5.0546682900926045 0.0 1.6431676725154984 0.6085806194501846 1 0 0 0.2372616746574397 0.9714457770450944 0.4790921238420026
cell 48.62049251879243 30.850701834267706 0.0 1.6431676725154984 0.6085806194501846 1 0 0 0.9967186861023226 0.08094356536785183 2.979528222623857
cell 54.129471980417335 58.05481956551262 0.0 1.0 1.0 1 0 0 0.0 1.0 0
cell 54.109749575471334 28.987749599223744 0.0 1.6431676725154984 0.6085806194501846 1 0 0 0.4862584310705822 0.8738150480580978 1.0156054975988211
cell 3.9080136875356644 52.66518708904666 0.0 1.0 1.0 1 0 0 0.0 1.0 0
cell 50.7077853169353 49.96390646231105 0.0 1.0 1.0 1 0 0 0.0 1.0 0
cell 40.471999268217736 4.151595430289147 0.0 1.6431676725154984 0.6085806194501846 1 0 0 0.40258861838808796 -0.9153810159405593 5.454499293196262
cell 32.98483479259114 52.4523773050779 0.0 1.0 1.0 1 0 0 0.0 1.0 0
cell 23.080968640350683 7.290640520709583 0.0 1.0 1.0 1 0 0 0.0 1.0 0
cell 17.491036935318682 50.449264290095215 0.0 1.0 1.0 1 0 0 0.0 1.0 0
cell 15.580279510541027 19.289159882587267 0.0 1.0 1.0 1 0 0 0.0 1.0 0
cell 16.61274900718453 24.069355527177958 0.0 1.0 1.0 1 0 0 0.0 1.0 0
cell 29.314682171556747 20.36327075748477 0.0 1.6431676725154984 0.6085806194501846 1 0 0 0.3852233354320579 -0.9228233752125052 5.492285660127538
cell 8.751396162882306 28.570313339864086 0.0 1.0 1.0 1 0 0 0.0 1.0 0
cell 48.95700653726553 9.324624403276388 0.0 1.0 1.0 1 0 0 0.0 1.0 0
cell 51.68014641452659 48.21094014464435 0.0 1.0 1.0 1 0 0 0.0 1.0 0
cell 56.7685756291733 54.31820540959807 0.0 1.0 1.0 1 0 0 0.0 1.0 0
cell 12.589454668282329 29.619469372098212 0.0 1.0 1.0 1 0 0 0.0 1.0 0
cell 57.1512109352892 36.29109695855345 0.0 1.6431676725154984 0.6085806194501846 1 0 0 -0.17107582337911403 -0.9852578660711916 0.34384297294539046
cell 5.699877938706101 28.9987684848243 0.0 1.0 1.0 1 0 0 0.0 1.0 0
cell 54.9575379661425 9.591425056761636 0.0 1.6431676725154984 0.6085806194501846 1 0 0 0.7350757518986408 -0.677984984325352 4.6316284968637
cell 39.85554212733003 46.35015828424203 0.0 1.0 1.0 1 0 0 0.0 1.0 0
cell 23.89669594336041 12.45594505695816 0.0 1.0 1.0 1 0 0 0.0 1.0 0
cell 45.555796844110375 10.39489749228515 0.0 1.6431676725154984 0.6085806194501846 1 0 0 -0.2934975595665419 -0.9559598226539043 0.5957669643848114
cell 3.4713409190870093 20.163983186468247 0.0 1.6431676725154984 0.6085806194501846 1 0 0 0.19490762784598473 -0.9808216028450083 5.890858765302527
cell 51.008940593370696 32.72016268749075 0.0 1.6431676725154984 0.6085806194501846 1 0 0 0.42997275209168107 -0.9028418645913058 5.394260114053751
cell 23.82585813781234 15.946035481485769 0.0 1.0 1.0 1 0 0 0.0 1.0 0
cell 9.97497096062296 6.226377170062981 0.0 1.0 1.0 1 0 0 0.0 1.0 0
cell 57.64739329653045 12.854200771648411 0.0 1.0 1.0 1 0 0 0.0 1.0 0
cell 26.83974111556744 41.80191863443579 0.0 1.6431676725154984 0.6085806194501846 1 0 0 0.8426213518154623 0.5385065064274368 2.004265321374621
cell 34.661027521938834 8.824826564656243 0.0 1.0 1.0 1 0 0 0.0 1.0 0
cell 14.318951618539096 8.190473569307581 0.0 1.0 1.0 1 0 0 0.0 1.0 0
cell 16.14082691550329 25.986064373331093 0.0 1.0 1.0 1 0 0 0.0 1.0 0
cell 15.435081887586986 27.50059524126987 0.0 1.0 1.0 1 0 0 0.0 1.0 0
cell 17.89840879854193 31.56182833694025 0.0 1.0 1.0 1 0 0 0.0 1.0 0
cell 51.88438204727548 9.07333316433347 0.0 1.0 1.0 1 0 0 0.0 1.0 0
cell 33.49725893221489 10.937429106603835 0.0 1.6431676725154984 0.6085806194501846 1 0 0 0.3240156573558114 0.9460517183475127 0.6599421359865631
cell 3.058937392259703 37.775909669225264 0.0 1.6431676725154984 0.6085806194501846 1 0 0 -0.29228783263952013 0.9563303942105427 5.689948767842144
cell 13.02808580844827 17.20278831375769 0.0 1.6431676725154984 0.6085806194501846 1 0 0 0.40045349664435026 -0.9163170832333715 5.459161897317921
cell 23.489251639897663 35.711225593179705 0.0 1.0 1.0 1 0 0 0.0 1.0 0
cell 28.759617487352426 17.70234006153058 0.0 1.6431676725154984 0.6085806194501846 1 0 0 -0.2791092662291594 0.9602593490849335 5.717452533356661
cell 30.83071850227629 58.63584123011741 0.0 1.0 1.0 1 0 0 0.0 1.0 0
cell 33.22960527888442 16.26788847973062 0.0 1.0 1.0 1 0 0 0.0 1.0 0
cell 56.277614341178584 50.55551018545317 0.0 1.0 1.0 1 0 0 0.0 1.0 0
cell 8.631025824286592 4.709439722075388 0.0 1.0 1.0 1 0 0 0.0 1.0 0
cell 2.862004595546508 18.555090778063096 0.0 1.6431676725154984 0.6085806194501846 1 0 0 -0.2587687727223337 0.9659392953306006 5.759690622451013
cell 48.95062499316664 25.12040278797386 0.0 1.6431676725154984 0.6085806194501846 1 0 0 0.9115554529901688 -0.41117715904934227 3.989082774972131
cell 38.90774972625683 44.51597667399671 0.0 1.0 1.0 1 0 0 0.0 1.0 0
cell 41.73170994459051 49.83239105052572 0.0 1.0 1.0 1 0 0 0.0 1.0 0
cell 19.61375111681068 22.081805387302687 0.0 1.6431676725154984 0.6085806194501846 1 0 0 -0.1717488593895759 -0.9851407662351506 0.34520926700031307
cell 27.33519647897413 48.444575486653264 0.0 1.0 1.0 1 0 0 0.0 1.0 0
cell 7.80941658556951 2.5981558905796582 0.0 1.0 1.0 1 0 0 0.0 1.0 0
cell 28.7891609405604 14.404533597342963 0.0 1.0 1.0 1 0 0 0.0 1.0 0
cell 43.05644058582565 9.349749851412021 0.0 1.0 1.0 1 0 0 0.0 1.0 0
cell 39.781441236463856 8.278738035472118 0.0 1.0 1.0 1 0 0 0.0 1.0 0
cell 6.834702311355221 31.906746100730842 0.0 1.0 1.0 1 0 0 0.0 1.0 0
cell 30.184938155050528 6.050567234509136 0.0 1.0 1.0 1 0 0 0.0 1.0 0
cell 21.659179999842376 40.6009965524813 0.0 1.0 1.0 1 0 0 0.0 1.0 0
cell 52.902267191011944 45.610945246785924 0.0 1.0 1.0 1 0 0 0.0 1.0 0
cell 45.40221262398582 27.49264314252646 0.0 1.0 1.0 1 0 0 0.0 1.0 0
cell 17.03090317058786 46.62731256850863 0.0 1.6431676725154984 0.6085806194501846 1 0 0 0.25090314133951996 -0.9680121970646656 5.775959051197607
cell 56.24794487872131 47.050196420133894 0.0 1.0 1.0 1 0 0 0.0 1.0 0
cell 8.391631876891523 26.063246249338444 0.0 1.0 1.0 1 0 0 0.0 1.0 0
cell 55.048558334815716 0.7790422232272433 0.0 1.0 1.0 1 0 0 0.0 1.0 0
cell 1.5341210030879129 14.955845206669647 0.0 1.0 1.0 1 0 0 0.0 1.0 0
cell 21.177126839731304 33.311424044539166 0.0 1.0 1.0 1 0 0 0.0 1.0 0
cell 10.728907031861409 1.4191305155658054 0.0 1.0 1.0 1 0 0 0.0 1.0 0
cell 9.344598042899076 30.385133061373384 0.0 1.0 1.0 1 0 0 0.0 1.0 0
cell 21.389933128341976 21.829317872416542 0.0 1.6431676725154984 0.6085806194501846 1 0 0 -0.37472029719075073 -0.9271379071493493 0.7681901438976331
cell 48.72900396860747 49.965419839175645 0.0 1.0 1.0 1 0 0 0.0 1.0 0
cell 6.712880943663001 13.613965565226902 0.0 1.0 1.0 1 0 0 0.0 1.0 0
cell 26.348414771330837 29.42567220502666 0.0 1.0 1.0 1 0 0 0.0 1.0 0
cell 8.310490126681593 41.97364409205356 0.0 1.0 1.0 1 0 0 0.0 1.0 0
cell 54.758826498641554 42.762753867037084 0.0 1.6431676725154984 0.6085806194501846 1 0 0 0.9680935164042891 -0.25058919269589097 3.6481702907723066
cell 42.86134618680803 51.38692701445327 0.0 1.0 1.0 1 0 0 0.0 1.0 0
cell 54.6935059698528 23.30517986253578 0.0 1.6431676725154984 0.6085806194501846 1 0 0 0.9469437128359088 0.3213994472934634 2.4871787050537657
cell 41.58179721441865 36.33935945868899 0.0 1.0 1.0 1 0 0 0.0 1.0 0
cell 13.911552451764269 0.23690041814981913 0.0 1.0 1.0 1 0 0 0.0 1.0 0
cell 48.511013380648386 16.429964651825443 0.0 1.6431676725154984 0.6085806194501846 1 0 0 0.4067675886228937 -0.9135316791693194 5.445359517474394
cell 15.182496722753195 42.68934072349256 0.0 1.0 1.0 1 0 0 0.0 1.0 0
cell 8.19778303221741 22.259635519443126 0.0 1.0 1.0 1 0 0 0.0 1.0 0
cell 40.84673533837939 52.74889313583292 0.0 1.6431676725154984 0.6085806194501846 1 0 0 0.7685473049944355 0.639792966502282 1.753134948556119
cell 32.35477219826224 14.045004231773625 0.0 1.6431676725154984 0.6085806194501846 1 0 0 0.7510154791744034 0.6602845977610271 1.6991973568585352
cell 14.735683367453174 24.728275182067495 0.0 1.0 1.0 1 0 0 0.0 1.0 0
cell 35.45562925769215 2.0234529568217106 0.0 1.6431676725154984 0.6085806194501846 1 0 0 0.9736503615251315 -0.2280459898835776 3.601733290901379
cell 5.183350969364077 18.558522600795143 0.0 1.6431676725154984 0.6085806194501846 1 0 0 -0.20914855254195278 0.9778838801052024 5.861776958167211
cell 35.51143614671044 32.445142235863365 0.0 1.0 1.0 1 0 0 0.0 1.0 0
cell 10.90362934681417 15.578500390454986 0.0 1.6431676725154984 0.6085806194501846 1 0 0 -0.12390415277059648 0.9922941907147299 6.034738511991826
cell 25.090646489621278 4.333949295137017 0.0 1.0 1.0 1 0 0 0.0 1.0 0
cell 6.2075791467972445 44.54241125912606 0.0 1.0 1.0 1 0 0 0.0 1.0 0
cell 24.07772529719088 19.129157328448454 0.0 1.0 1.0 1 0 0 0.0 1.0 0
cell 35.252084788517685 47.57454913107349 0.0 1.0 1.0 1 0 0 0.0 1.0 0
cell 51.2988648503279 5.972053998905639 0.0 1.0 1.0 1 0 0 0.0 1.0 0
cell 3.9924401804124434 16.379002246396613 0.0 1.0 1.0 1 0 0 0.0 1.0 0
cell 2.301033164946199 6.224866940205269 0.0 1.0 1.0 1 0 0 0.0 1.0 0
cell 41.34372718994966 56.662770554503034 0.0 1.6431676725154984 0.6085806194501846 1 0 0 0.2411624347531616 0.9704847654981128 0.4871269217174282
cell 28.7687413674368 34.70088819478172 0.0 1.0 1.0 1 0 0 0.0 1.0 0
cell 50.21721107071063 20.79106021366069 0.0 1.0 1.0 1 0 0 0.0 1.0 0
cell 51.23990360853483 58.94875516020092 0.0 1.0 1.0 1 0 0 0.0 1.0 0
cell 50.036176743187376 38.55005993683408 0.0 1.6431676725154984 0.6085806194501846 1 0 0 0.5552064191379125 0.8317125898698761 1.177222262486542
cell 5.3391284912922155 32.620398016733475 0.0 1.6431676725154984 0.6085806194501846 1 0 0 0.9127886479052916 -0.4084322272485727 3.983064327623203
cell 22.788661569552303 55.001917963316224 0.0 1.0 1.0 1 0 0 0.0 1.0 0
cell 51.863929775120326 52.52051423674022 0.0 1.0 1.0 1 0 0 0.0 1.0 0
cell 10.731896631739437 8.036095174727395 0.0 1.0 1.0 1 0 0 0.0 1.0 0
cell 58.28839182167549 29.25294219151956 0.0 1.6431676725154984 0.6085806194501846 1 0 0 0.6534530410581608 0.7569670555128813 1.4242743707629857
cell 12.775732950896334 38.50540796857372 0.0 1.0 1.0 1 0 0 0.0 1.0 0
cell 22.014577704054204 20.877557447841546 0.0 1.6431676725154984 0.6085806194501846 1 0 0 -0.4328940211714518 -0.901444821624713 0.8954014733079028
cell 27.86058603561565 27.332060859748953 0.0 1.0 1.0 1 0 0 0.0 1.0 0
cell 48.837655770215356 10.998783084326924 0.0 1.6431676725154984 0.6085806194501846 1 0 0 0.02868178716892034 -0.9995885929145034 6.225813864953325
cell 1.5112593651386974 36.529248512881345 0.0 1.6431676725154984 0.6085806194501846 1 0 0 0.6785928933122609 0.7345145915133984 1.491690478403921
cell 33.08780362038241 29.470355215465702 0.0 1.0 1.0 1 0 0 0.0 1.0 0
cell 48.198074230773344 26.07584089194029 0.0 1.6431676725154984 0.6085806194501846 1 0 0 0.4145171091832791 0.9100415189398434 0.8548242275378337
cell 45.428197206253174 5.817658788603274 0.0 1.6431676725154984 0.6085806194501846 1 0 0 0.3895020769570207 0.9210255870746301 0.8001818256517857
cell 26.937908377520298 10.99091547752243 0.0 1.0 1.0 1 0 0 0.0 1.0 0
cell 46.68834132331409 43.31545469306865 0.0 1.0 1.0 1 0 0 0.0 1.0 0
cell 16.783492197870707 17.272343503436435 0.0 1.6431676725154984 0.6085806194501846 1 0 0 -0.2780704799663514 0.9605606738625535 5.719615747294723
cell 35.324340274092364 6.873157378314235 0.0 1.0 1.0 1 0 0 0.0 1.0 0
cell 31.6002272711886 3.689121880790269 0.0 1.6431676725154984 0.6085806194501846 1 0 0 0.42257987283000326 -0.9063256870898994 5.410605395298625
cell 19.401067171854034 45.98423218039715 0.0 1.0 1.0 1 0 0 0.0 1.0 0
cell 25.43402909356456 24.501622332264816 0.0 1.0 1.0 1 0 0 0.0 1.0 0
cell 51.72959279979952 11.999502296516582 0.0 1.6431676725154984 0.6085806194501846 1 0 0 -0.29866157913636515 0.9543590839656595 5.676605473857693
cell 34.70990890281246 29.409573769182394 0.0 1.0 1.0 1 0 0 0.0 1.0 0
cell 58.49085245674654 39.465134878603074 0.0 1.6431676725154984 0.6085806194501846 1 0 0 0.9595617347826585 -0.2814982720033909 3.712302984042714
cell 8.069082819615709 58.386875674049584 0.0 1.0 1.0 1 0 0 0.0 1.0 0
cell 58.963993719104316 32.403730379933094 0.0 1.6431676725154984 0.6085806194501846 1 0 0 0.6427564571403053 0.7660705821296383 1.3961820694612141
cell 46.31179397672232 8.174530352256493 0.0 1.6431676725154984 0.6085806194501846 1 0 0 0.5195065584792771 0.8544664625934815 1.0925467286027142
cell 1.6961092187638005 8.0915719809523 0.0 1.0 1.0 1 0 0 0.0 1.0 0
cell 14.48754111561997 14.002205613815082 0.0 1.6431676725154984 0.6085806194501846 1 0 0 0.016495071707264046 0.9998639470494834 0.032991639631404134
cell 24.627524567203057 40.257276961742605 0.0 1.0 1.0 1 0 0 0.0 1.0 0
cell 0.8600194807293537 13.21841312206299 0.0 1.0 1.0 1 0 0 0.0 1.0 0
cell 57.277462624232214 48.797818061983584 0.0 1.0 1.0 1 0 0 0.0 1.0 0
cell 0.09159806980054513 45.26547846049249 0.0 1.0 1.0 1 0 0 0.0 1.0 0
cell 14.226162204243492 11.492134168083869 0.0 1.0 1.0 1 0 0 0.0 1.0 0
cell 2.1169067352429383 45.483084001470765 0.0 1.0 1.0 1 0 0 0.0 1.0 0
cell 17.423791671641997 15.640712718766869 0.0 1.6431676725154984 0.6085806194501846 1 0 0 0.25454386944562596 -0.9670612279104401 5.76843329271572
cell 30.352436825119693 47.09974807807375 0.0 1.0 1.0 1 0 0 0.0 1.0 0
cell 7.806287490440067 53.155656397826256 0.0 1.0 1.0 1 0 0 0.0 1.0 0
cell 17.217308048156994 38.32090851303223 0.0 1.0 1.0 1 0 0 0.0 1.0 0
cell 23.20975069129958 0.8673794912503224 0.0 1.0 1.0 1 0 0 0.0 1.0 0
cell 9.129518653127265 48.46962999336741 0.0 1.0 1.0 1 0 0 0.0 1.0 0
cell 25.03965153493751 47.52520585430765 0.0 1.0 1.0 1 0 0 0.0 1.0 0
cell 1.1189299846365595 50.6320042162796 0.0 1.0 1.0 1 0 0 0.0 1.0 0
cell 58.96755665060195 17.302060034574875 0.0 1.6431676725154984 0.6085806194501846 1 0 0 0.8505049723492654 0.5259670065785261 2.033889267115605
cell 37.752530982654676 49.81672066772615 0.0 1.0 1.0 1 0 0 0.0 1.0 0
cell 13.5735996290306 41.551033772402704 0.0 1.0 1.0 1 0 0 0.0 1.0 0
cell 40.26693931976339 34.83448937495158 0.0 1.0 1.0 1 0 0 0.0 1.0 0
cell 13.799215053482023 26.453244801066997 0.0 1.0 1.0 1 0 0 0.0 1.0 0
cell 1.3383252902222857 56.191003924402054 0.0 1.0 1.0 1 0 0 0.0 1.0 0
cell 28.233402483822257 25.359939604916313 0.0 1.0 1.0 1 0 0 0.0 1.0 0
cell 16.731931710551432 12.439301152012435 0.0 1.6431676725154984 0.6085806194501846 1 0 0 -0.0582727036532451 -0.9983007021979605 0.11661146732908989
cell 0.7746361423261166 5.559808330252305 0.0 1.6431676725154984 0.6085806194501846 1 0 0 0.5568856864007404 0.8305891477029881 1.1812630852893633
cell 36.03118835430974 44.001836094568 0.0 1.0 1.0 1 0 0 0.0 1.0 0
cell 38.560933200045284 54.4229503839893 0.0 1.6431676725154984 0.6085806194501846 1 0 0 0.9907224283412035 0.13590095651506243 2.8689470548775517
cell 20.488635408195012 44.43067987171042 0.0 1.0 1.0 1 0 0 0.0 1.0 0
cell 42.49938277611588 1.853944486824098 0.0 1.0 1.0 1 0 0 0.0 1.0 0
cell 49.56447788227367 23.92396650526362 0.0 1.6431676725154984 0.6085806194501846 1 0 0 0.9769721592772326 -0.21336682028183673 3.571632351627941
cell 42.23497267261125 13.326402575217356 0.0 1.6431676725154984 0.6085806194501846 1 0 0 0.1301044929199211 0.9915002879082034 0.26094873533621876
cell 21.568505526778356 56.3781687702146 0.0 1.0 1.0 1 0 0 0.0 1.0 0
cell 4.892905999322402 0.6664757760735274 0.0 1.0 1.0 1 0 0 0.0 1.0 0
cell 43.80506542811125 58.16803876134972 0.0 1.6431676725154984 0.6085806194501846 1 0 0 0.5262535885189927 0.8503276783516357 1.1083773668040846
cell 39.341795378283464 40.923713174497884 0.0 1.6431676725154984 0.6085806194501846 1 0 0 0.9707886542451207 0.23993621816838628 2.656992354674124
cell 37.628996831674044 24.83278639332618 0.0 1.0 1.0 1 0 0 0.0 1.0 0
cell 32.5572301078605 58.36337654014915 0.0 1.6431676725154984 0.6085806194501846 1 0 0 0.934700100567154 0.3554373671967427 2.4148287572831695
cell 21.386108283800628 51.383254907722915 0.0 1.0 1.0 1 0 0 0.0 1.0 0
cell 54.04255900701584 2.236637344612214 0.0 1.6431676725154984 0.6085806194501846 1 0 0 0.05292701045772997 0.9985983835176219 0.10590350423937533
cell 20.75599721627107 18.428878924061134 0.0 1.6431676725154984 0.6085806194501846 1 0 0 -0.4136107921721157 -0.9104537948730594 0.852832864133795
cell 46.283586077355686 30.919642579850375 0.0 1.0 1.0 1 0 0 0.0 1.0 0
cell 36.51661285648143 14.659483807085344 0.0 1.6431676725154984 0.6085806194501846 1 0 0 0.2783425912733099 0.9604818592161224 0.56413615078632
cell 42.04930239540857 26.67763402520168 0.0 1.0 1.0 1 0 0 0.0 1.0 0
cell 5.12061100417287 14.581580204933223 0.0 1.0 1.0 1 0 0 0.0 1.0 0
cell 19.207627445683684 3.0766213442251695 0.0 1.0 1.0 1 0 0 0.0 1.0 0
cell 25.84876521428683 45.88349254323496 0.0 1.0 1.0 1 0 0 0.0 1.0 0
cell 19.222082164266684 15.493319281004602 0.0 1.6431676725154984 0.6085806194501846 1 0 0 -0.24228870536057112 0.970204196679595 5.793737002689511
cell 30.32079450102371 32.08696964065391 0.0 1.0 1.0 1 0 0 0.0 1.0 0
cell 15.78959762749415 29.19774626147083 0.0 1.0 1.0 1 0 0 0.0 1.0 0
cell 22.64689859265687 26.586675404297498 0.0 1.0 1.0 1 0 0 0.0 1.0 0
cell 28.184748451845977 6.257475888661834 0.0 1.0 1.0 1 0 0 0.0 1.0 0
cell 54.808221694264375 37.637971391465065 0.0 1.6431676725154984 0.6085806194501846 1 0 0 0.9820624563918553 0.1885559114575711 2.762209707008266
cell 49.59388548745756 14.669275093411699 0.0 1.6431676725154984 0.6085806194501846 1 0 0 -0.240961096379862 0.9705347752818623 5.79647329807555
cell 49.51923775528527 55.284367625131594 0.0 1.0 1.0 1 0 0 0.0 1.0 0
cell 7.261724892781876 7.437270340441988 0.0 1.0 1.0 1 0 0 0.0 1.0 0
cell 10.374549835240334 25.159848527615814 0.0 1.0 1.0 1 0 0 0.0 1.0 0
cell 50.464885360824944 22.55407804083062 0.0 1.0 1.0 1 0 0 0.0 1.0 0
cell 0.9604620265159118 54.224409081529686 0.0 1.0 1.0 1 0 0 0.0 1.0 0
cell 27.875215320543663 16.12359582048013 0.0 1.0 1.0 1 0 0 0.0 1.0 0
cell 27.18693746359267 43.38929607204099 0.0 1.0 1.0 1 0 0 0.0 1.0 0
cell 29.952774306917558 42.26350726461616 0.0 1.0 1.0 1 0 0 0.0 1.0 0
cell 29.65024337971003 28.166190969854984 0.0 1.0 1.0 1 0 0 0.0 1.0 0
cell 44.20375787258976 10.972478630729665 0.0 1.0 1.0 1 0 0 0.0 1.0 0
cell 12.09131041025574 40.363889593588105 0.0 1.0 1.0 1 0 0 0.0 1.0 0
cell 58.37320710094747 53.79871430211278 0.0 1.6431676725154984 0.6085806194501846 1 0 0 0.8210500303532999 -0.5708562407969674 4.356689330157848
cell 30.877450619889633 35.99169471182883 0.0 1.0 1.0 1 0 0 0.0 1.0 0
cell 22.023785195669223 12.421404035113182 0.0 1.0 1.0 1 0 0 0.0 1.0 0
cell 55.63791387423546 24.453763932448528 0.0 1.6431676725154984 0.6085806194501846 1 0 0 -0.06719046104771238 0.9977401675507486 6.148703067371052
cell 56.406654750133484 34.47822783847058 0.0 1.0 1.0 1 0 0 0.0 1.0 0
cell 25.57887807124943 20.238683032439194 0.0 1.6431676725154984 0.6085806194501846 1 0 0 -0.1124619169016249 0.9936560356817705 6.057784626859066
cell 20.126868851636644 9.125687214457447 0.0 1.0 1.0 1 0 0 0.0 1.0 0
cell 57.044423065972715 32.977734485267476 0.0 1.6431676725154984 0.6085806194501846 1 0 0 0.18998547904892582 0.9817869003763241 0.3822947123621746
cell 16.22714337506295 1.0938633137180493 0.0 1.0 1.0 1 0 0 0.0 1.0 0
cell 35.12924250519189 34.305981971717614 0.0 1.0 1.0 1 0 0 0.0 1.0 0
cell 56.02814742204301 28.958229001363403 0.0 1.6431676725154984 0.6085806194501846 1 0 0 0.4141131005223274 0.9102254336019098 0.8539364266496102
cell 20.08973377128694 47.821458466967066 0.0 1.0 1.0 1 0 0 0.0 1.0 0
cell 31.217548331894143 11.296392700810252 0.0 1.0 1.0 1 0 0 0.0 1.0 0
cell 2.105834139773872 33.75320385535655 0.0 1.6431676725154984 0.6085806194501846 1 0 0 0.723699479740062 0.6901152534352242 1.6182960604107333
cell 16.163445365424543 30.96525700774326 0.0 1.0 1.0 1 0 0 0.0 1.0 0
cell 8.069793137164964 10.656850050622866 0.0 1.0 1.0 1 0 0 0.0 1.0 0
cell 27.052790621231093 7.709559713933898 0.0 1.0 1.0 1 0 0 0.0 1.0 0
cell 29.254646673993093 58.24454554557243 0.0 1.0 1.0 1 0 0 0.0 1.0 0
cell 15.38172433229708 58.329020859550106 0.0 1.0 1.0 1 0 0 0.0 1.0 0
cell 53.06117398181285 40.11568580840263 0.0 1.6431676725154984 0.6085806194501846 1 0 0 0.7922790202746768 -0.6101589580040584 4.454115072181494
cell 44.724606722640964 43.19696815538942 0.0 1.0 1.0 1 0 0 0.0 1.0 0
cell 9.04698615235151 38.39789111729501 0.0 1.0 1.0 1 0 0 0.0 1.0 0
cell 0.1790419274489476 37.66610053750099 0.0 1.6431676725154984 0.6085806194501846 1 0 0 0.12211166491457522 0.9925163682739899 0.24483438520618417
cell 30.92101473652141 18.198843662203128 0.0 1.6431676725154984 0.6085806194501846 1 0 0 -0.03734138113978228 0.9993025674211857 6.2084851779911965
cell 16.92231208282677 53.699203723003045 0.0 1.0 1.0 1 0 0 0.0 1.0 0
cell 25.47171815685519 57.2997316029041 0.0 1.0 1.0 1 0 0 0.0 1.0 0
cell 25.148591355219725 22.55374322321926 0.0 1.0 1.0 1 0 0 0.0 1.0 0
cell 14.632342267429712 1.7966172963856961 0.0 1.0 1.0 1 0 0 0.0 1.0 0
cell 47.43372356404173 45.13882035085996 0.0 1.0 1.0 1 0 0 0.0 1.0 0
cell 26.50034535397028 39.571988750868364 0.0 1.0 1.0 1 0 0 0.0 1.0 0
cell 25.264212596725343 30.980075081089087 0.0 1.0 1.0 1 0 0 0.0 1.0 0
cell 27.137269120080607 4.1206568851048235 0.0 1.0 1.0 1 0 0 0.0 1.0 0
cell 49.78767627310482 11.691825004741254 0.0 1.6431676725154984 0.6085806194501846 1 0 0 -0.06301934380601827 0.9980123056887921 6.157063044320838
cell 48.15683904402019 38.789690248902986 0.0 1.6431676725154984 0.6085806194501846 1 0 0 0.7518246026995794 -0.6593631524248376 4.581535406682283
cell 34.793124440690136 21.022517643711492 0.0 1.0 1.0 1 0 0 0.0 1.0 0
cell 7.390110393644337 30.018686413651178 0.0 1.0 1.0 1 0 0 0.0 1.0 0
cell 39.76404443763784 49.87434425657471 0.0 1.0 1.0 1 0 0 0.0 1.0 0
cell 54.754646481563825 54.25323575445526 0.0 1.0 1.0 1 0 0 0.0 1.0 0
cell 49.32280073284928 12.915081843456425 0.0 1.6431676725154984 0.6085806194501846 1 0 0 -0.2221559199946111 0.9750111523522939 5.835135126644403
cell 17.667107190930455 55.52844337379364 0.0 1.0 1.0 1 0 0 0.0 1.0 0
cell 22.756207734289994 30.947163964815907 0.0 1.6431676725154984 0.6085806194501846 1 0 0 0.986277131722928 -0.1650982114996832 3.473307830540122
cell 28.72024155346025 39.38591165712959 0.0 1.6431676725154984 0.6085806194501846 1 0 0 0.9999913582594695 -0.004157331641958048 3.1499073408248464
cell 47.13651612898301 7.141440587624705 0.0 1.6431676725154984 0.6085806194501846 1 0 0 0.5703049632203788 0.8214330459180482 1.2137541298743277
cell 7.879533258310552 36.89046623571249 0.0 1.0 1.0 1 0 0 0.0 1.0 0
cell 22.364726148047083 58.17561021297968 0.0 1.0 1.0 1 0 0 0.0 1.0 0
cell 56.84305660536236 6.42203800727821 0.0 1.6431676725154984 0.6085806194501846 1 0 0 0.6440161866656127 -0.7650118635110718 4.883712156314792
cell 53.01162728104633 5.138991063164449 0.0 1.0 1.0 1 0 0 0.0 1.0 0
cell 42.05830130036959 19.21364698963838 0.0 1.6431676725154984 0.6085806194501846 1 0 0 0.19198121745814842 -0.9813986000312448 5.896824269508229
cell 33.727206818571645 2.7613983613513087 0.0 1.0 1.0 1 0 0 0.0 1.0 0
cell 28.766322500957344 40.51577846538212 0.0 1.6431676725154984 0.6085806194501846 1 0 0 0.9913401826856281 -0.13131885695826584 3.404991134943459
cell 18.20514301265328 52.3310569885766 0.0 1.0 1.0 1 0 0 0.0 1.0 0
cell 36.99521523125452 26.79655281115795 0.0 1.0 1.0 1 0 0 0.0 1.0 0
cell 34.086394227427576 41.22648164050054 0.0 1.6431676725154984 0.6085806194501846 1 0 0 0.9780642631427136 -0.20830337770449342 3.5612725829857794
cell 20.683973034880978 49.64533640529506 0.0 1.0 1.0 1 0 0 0.0 1.0 0
cell 54.03184213310613 11.360862747675917 0.0 1.6431676725154984 0.6085806194501846 1 0 0 0.598451810481363 -0.8011588048143631 5.0000507610107405
cell 53.96460466451279 17.0554633651978 0.0 1.0 1.0 1 0 0 0.0 1.0 0
cell 29.228945911370154 23.643253558540675 0.0 1.0 1.0 1 0 0 0.0 1.0 0
cell 57.340900303838104 57.3023890628926 0.0 1.6431676725154984 0.6085806194501846 1 0 0 0.8679761924470846 -0.4966058088112358 4.180960484534333
cell 29.51680987404285 21.755417807526463 0.0 1.6431676725154984 0.6085806194501846 1 0 0 0.23927816021519852 -0.9709510605813404 5.799940613081534
cell 55.76375717131509 16.254315193553087 0.0 1.0 1.0 1 0 0 0.0 1.0 0
cell 7.8661704722575285 33.61486564780725 0.0 1.0 1.0 1 0 0 0.0 1.0 0
cell 49.06732855273664 19.221605939782485 0.0 1.0 1.0 1 0 0 0.0 1.0 0
cell 6.683913678944332 34.92637886174843 0.0 1.0 1.0 1 0 0 0.0 1.0 0
cell 54.59224063593475 31.170250385255333 0.0 1.6431676725154984 0.6085806194501846 1 0 0 -0.30262751785436487 -0.9531089053394193 0.6148964772193226
cell 55.412568821093714 52.39328363173224 0.0 1.0 1.0 1 0 0 0.0 1.0 0
cell 57.96334635002476 34.880671494224565 0.0 1.6431676725154984 0.6085806194501846 1 0 0 0.8432205943990352 -0.5375676973008496 4.276692472053396
cell 16.562114072941217 36.77144417543335 0.0 1.0 1.0 1 0 0 0.0 1.0 0
cell 19.31563940344791 30.42043637219288 0.0 1.0 1.0 1 0 0 0.0 1.0 0
cell 20.766424058978085 27.33897590048793 0.0 1.0 1.0 1 0 0 0.0 1.0 0
cell 53.161869710253306 14.07544154124457 0.0 1.0 1.0 1 0 0 0.0 1.0 0
cell 16.44662855139978 4.626644197449392 0.0 1.0 1.0 1 0 0 0.0 1.0 0
cell 18.314901611814904 47.481838999169824 0.0 1.0 1.0 1 0 0 0.0 1.0 0
cell 31.883417759171945 30.84222366787718 0.0 1.0 1.0 1 0 0 0.0 1.0 0
cell 44.380037923722284 47.15739723982714 0.0 1.0 1.0 1 0 0 0.0 1.0 0
cell 4.630566576296491 9.253444969864336 0.0 1.6431676725154984 0.6085806194501846 1 0 0 0.33370642595434685 -0.9426770503607139 5.602719983910237
cell 48.15955471214515 51.73268623347557 0.0 1.0 1.0 1 0 0 0.0 1.0 0
cell 10.119064249118946 22.05704602533926 0.0 1.0 1.0 1 0 0 0.0 1.0 0
cell 9.889262095726304 33.93267659397889 0.0 1.0 1.0 1 0 0 0.0 1.0 0
cell 35.76126234660949 3.8315873277421795 0.0 1.6431676725154984 0.6085806194501846 1 0 0 0.9069352670582933 -0.42127001004807146 4.011283047442823
cell 42.471153389959646 53.37602541282694 0.0 1.0 1.0 1 0 0 0.0 1.0 0
cell 29.138722751334168 36.51368247733871 0.0 1.0 1.0 1 0 0 0.0 1.0 0
cell 6.773057785841596 20.4328391838324 0.0 1.6431676725154984 0.6085806194501846 1 0 0 0.40499114104729705 -0.9143206087982532 5.449247024201233
cell 19.128886640885252 10.374697644417665 0.0 1.0 1.0 1 0 0 0.0 1.0 0
cell 24.07580766753264 27.807783437191425 0.0 1.0 1.0 1 0 0 0.0 1.0 0
cell 21.958319951730257 44.53786993612071 0.0 1.0 1.0 1 0 0 0.0 1.0 0
cell 10.951535416960969 18.25442588671977 0.0 1.6431676725154984 0.6085806194501846 1 0 0 0.3692080049564744 -0.9293467862300165 5.526871966909481
cell 12.259988075033416 13.008066399895347 0.0 1.6431676725154984 0.6085806194501846 1 0 0 -0.10045962948323192 -0.9949411353663551 0.2012587538271129
cell 42.45639729511289 11.182016296971259 0.0 1.0 1.0 1 0 0 0.0 1.0 0
cell 11.25077929225116 13.731604926204739 0.0 1.6431676725154984 0.6085806194501846 1 0 0 0.14794729514053107 0.9889952466319546 0.29698480648157816
cell 32.715019241060396 36.695211923181304 0.0 1.0 1.0 1 0 0 0.0 1.0 0
cell 52.32211659542277 57.55583504493881 0.0 1.0 1.0 1 0 0 0.0 1.0 0
cell 39.31715621773061 38.79065099558313 0.0 1.0 1.0 1 0 0 0.0 1.0 0
cell 18.932250914672707 13.831477556933068 0.0 1.6431676725154984 0.6085806194501846 1 0 0 0.39259090309415107 -0.9197132068246704 5.476291343448906
cell 34.15141894725483 43.815474995723655 0.0 1.0 1.0 1 0 0 0.0 1.0 0
cell 12.929388311061123 24.650494687054703 0.0 1.0 1.0 1 0 0 0.0 1.0 0
cell 51.265530625974144 45.07976660636451 0.0 1.6431676725154984 0.6085806194501846 1 0 0 0.7090603660607273 -0.7051477840012174 4.706855746713519
cell 44.21752188345945 8.450997744151852 0.0 1.6431676725154984 0.6085806194501846 1 0 0 0.3145406642970485 0.9492439994561838 0.639945437767029
cell 54.218127797229734 20.38752181316915 0.0 1.6431676725154984 0.6085806194501846 1 0 0 0.9230551205443764 0.38466770651668514 2.3518970487320034
cell 1.5049194538550141 22.583722604125814 0.0 1.6431676725154984 0.6085806194501846 1 0 0 0.9388659864314937 -0.3442828190921213 3.8445422496899373
cell 27.558713781987446 45.1588610717753 0.0 1.0 1.0 1 0 0 0.0 1.0 0
cell 9.745493419925657 53.486359423171756 0.0 1.0 1.0 1 0 0 0.0 1.0 0
cell 26.551704177046965 25.847470575048785 0.0 1.0 1.0 1 0 0 0.0 1.0 0
cell 38.86846588165853 33.347866266776094 0.0 1.0 1.0 1 0 0 0.0 1.0 0
cell 57.035599149306464 1.6073991727549122 0.0 1.6431676725154984 0.6085806194501846 1 0 0 -0.20462998842522184 0.9788393983882614 5.871013943558995
cell 12.520310536691209 31.400728123663296 0.0 1.0 1.0 1 0 0 0.0 1.0 0
cell 29.840990240735298 54.88870070105744 0.0 1.0 1.0 1 0 0 0.0 1.0 0
cell 4.256841162107677 5.81606926876577 0.0 1.0 1.0 1 0 0 0.0 1.0 0
cell 46.629211099789515 4.529720526476305 0.0 1.0 1.0 1 0 0 0.0 1.0 0
cell 21.338171267304443 25.50633961651572 0.0 1.0 1.0 1 0 0 0.0 1.0 0
cell 17.44939635855798 11.13941229076793 0.0 1.0 1.0 1 0 0 0.0 1.0 0
cell 24.544764542392212 50.51778155694445 0.0 1.0 1.0 1 0 0 0.0 1.0 0
cell 41.81120439886793 7.809359023722206 0.0 1.0 1.0 1 0 0 0.0 1.0 0
cell 36.10627483468034 12.546018393345898 0.0 1.6431676725154984 0.6085806194501846 1 0 0 0.38967611616211584 0.9209519664416864 0.8005597655550055
cell 34.4827169813155 22.93885080585216 0.0 1.0 1.0 1 0 0 0.0 1.0 0
cell 6.23953927979597 22.65247198856591 0.0 1.0 1.0 1 0 0 0.0 1.0 0
cell 12.669808212817976 1.669445635150466 0.0 1.0 1.0 1 0 0 0.0 1.0 0
cell 42.50734747631183 32.13917985681184 0.0 1.0 1.0 1 0 0 0.0 1.0 0
cell 13.202477586130897 57.61476617995275 0.0 1.0 1.0 1 0 0 0.0 1.0 0
cell 6.396569291668838 37.88831880328378 0.0 1.6431676725154984 0.6085806194501846 1 0 0 -0.10362193910637486 0.9946167572164842 6.075568744973256
cell 40.76987834171334 48.115239540954384 0.0 1.0 1.0 1 0 0 0.0 1.0 0
cell 58.06799505505259 23.942471923307178 0.0 1.6431676725154984 0.6085806194501846 1 0 0 0.6903600503460815 -0.7234659638753961 4.75921208947331
cell 48.809289566495316 35.68865499439407 0.0 1.6431676725154984 0.6085806194501846 1 0 0 0.5580340323782744 -0.8298180636185518 5.099155802215308
cell 5.859464930066539 46.27692816899563 0.0 1.0 1.0 1 0 0 0.0 1.0 0
cell 36.860396173716836 41.5120131005599 0.0 1.6431676725154984 0.6085806194501846 1 0 0 0.938728859666178 0.3446565363225208 2.4378468958976187
cell 28.63114963318932 19.185001547757167 0.0 1.6431676725154984 0.6085806194501846 1 0 0 -0.0980248228240734 0.9951839699825902 6.0868203269907175
cell 47.4755198361821 48.50201791703348 0.0 1.0 1.0 1 0 0 0.0 1.0 0
cell 17.139777145066443 22.175499424115806 0.0 1.0 1.0 1 0 0 0.0 1.0 0
cell 51.90823234889919 23.22011133539141 0.0 1.6431676725154984 0.6085806194501846 1 0 0 0.831994096038431 0.554784484423631 1.965384836038309
cell 21.105136085569377 10.607731494202852 0.0 1.0 1.0 1 0 0 0.0 1.0 0
cell 18.173174061244463 35.55038278693885 0.0 1.0 1.0 1 0 0 0.0 1.0 0
cell 3.3019074884470863 9.044435084048642 0.0 1.6431676725154984 0.6085806194501846 1 0 0 0.3466394742839979 -0.9379984407599586 5.575213176858599
cell 38.09769105012408 0.5155185853012694 0.0 1.6431676725154984 0.6085806194501846 1 0 0 -0.12202145199076622 0.992527463224099 6.038532707226333
cell 43.51902649396868 28.071505546399358 0.0 1.0 1.0 1 0 0 0.0 1.0 0
cell 32.035175328420664 8.713036905116208 0.0 1.6431676725154984 0.6085806194501846 1 0 0 0.345598056738084 0.938382642198192 0.7057520750274455
cell 3.454335314853023 7.45961587859154 0.0 1.0 1.0 1 0 0 0.0 1.0 0
cell 16.483755988545013 56.915406073915506 0.0 1.0 1.0 1 0 0 0.0 1.0 0
cell 39.36420029979216 21.965610652412504 0.0 1.6431676725154984 0.6085806194501846 1 0 0 0.14070723436557583 0.9900512482680838 0.28235143936352103
cell 46.791166980581885 13.53966073503011 0.0 1.6431676725154984 0.6085806194501846 1 0 0 -0.1439883126444426 0.9895793883371896 5.994204196171699
cell 15.264742797919268 22.862278854324472 0.0 1.0 1.0 1 0 0 0.0 1.0 0
cell 33.41544366461974 20.371960888677535 0.0 1.6431676725154984 0.6085806194501846 1 0 0 0.2694098735788131 -0.9630256071456501 5.737624916842869
cell 15.57576042104507 38.728451427139696 0.0 1.0 1.0 1 0 0 0.0 1.0 0
cell 32.119960365766495 50.65896323977879 0.0 1.0 1.0 1 0 0 0.0 1.0 0
cell 47.50136173218354 53.95828565561145 0.0 1.6431676725154984 0.6085806194501846 1 0 0 0.7741663680434874 -0.6329821755708099 4.512391225104918
cell 44.386469663799645 52.68211916773438 0.0 1.0 1.0 1 0 0 0.0 1.0 0
cell 38.05107706927181 46.326368736351206 0.0 1.0 1.0 1 0 0 0.0 1.0 0
cell 23.196884250977096 47.147749962579155 0.0 1.0 1.0 1 0 0 0.0 1.0 0
cell 43.34252652486255 35.9208359371413 0.0 1.0 1.0 1 0 0 0.0 1.0 0
cell 36.46577375374642 51.281609247783855 0.0 1.0 1.0 1 0 0 0.0 1.0 0
cell 36.025914703639366 23.88473765289783 0.0 1.0 1.0 1 0 0 0.0 1.0 0
cell 7.493028228876917 24.24150491488922 0.0 1.0 1.0 1 0 0 0.0 1.0 0
cell 53.0474355344649 0.6468969863146864 0.0 1.0 1.0 1 0 0 0.0 1.0 0
cell 15.477055415173387 3.199921727882567 0.0 1.0 1.0 1 0 0 0.0 1.0 0
cell 41.25203965396913 38.32555872667691 0.0 1.0 1.0 1 0 0 0.0 1.0 0
cell 57.76163973326056 31.49158940508091 0.0 1.6431676725154984 0.6085806194501846 1 0 0 0.5968452119002434 0.802356400255992 1.2791268559681033
cell 33.04925508814989 45.50501746885642 0.0 1.0 1.0 1 0 0 0.0 1.0 0
cell 25.4182759483792 36.09661040170586 0.0 1.0 1.0 1 0 0 0.0 1.0 0
cell 9.153776519713198 7.742085612871024 0.0 1.6431676725154984 0.6085806194501846 1 0 0 0.4928171597594766 0.8701328904521438 1.030648831455533
cell 33.885331538984445 31.27195527944413 0.0 1.0 1.0 1 0 0 0.0 1.0 0
cell 13.947612635116236 39.63651223349334 0.0 1.0 1.0 1 0 0 0.0 1.0 0
cell 57.334632880966026 10.846042356516781 0.0 1.0 1.0 1 0 0 0.0 1.0 0
cell 59.017474289655084 11.703591656934885 0.0 1.0 1.0 1 0 0 0.0 1.0 0
cell 23.81518200669993 48.81166070883492 0.0 1.0 1.0 1 0 0 0.0 1.0 0
cell 24.32200012996235 32.660627273030684 0.0 1.0 1.0 1 0 0 0.0 1.0 0
cell 47.67614590103495 18.523555099686124 0.0 1.6431676725154984 0.6085806194501846 1 0 0 0.3335495349166111 -0.9427325748890363 5.603052836856934
cell 49.48050412896943 58.256470555053276 0.0 1.0 1.0 1 0 0 0.0 1.0 0
cell 15.096633795031853 15.70835261022363 0.0 1.6431676725154984 0.6085806194501846 1 0 0 -0.12641960263216603 0.9919768566203171 6.0296677359656075
cell 27.425254292857137 36.165639001110854 0.0 1.0 1.0 1 0 0 0.0 1.0 0
cell 34.14444195006352 50.79774490442553 0.0 1.0 1.0 1 0 0 0.0 1.0 0
cell 0.958829476425997 33.60396656452412 0.0 1.6431676725154984 0.6085806194501846 1 0 0 0.6940833741529822 0.7198946240418881 1.534291680269869
cell 39.78734597563691 36.79736764739672 0.0 1.0 1.0 1 0 0 0.0 1.0 0
cell 56.96622021792642 22.198023227445606 0.0 1.6431676725154984 0.6085806194501846 1 0 0 0.7315910895179634 -0.6817437038491219 4.641879526446914
cell 40.767560240574156 18.482943072863158 0.0 1.6431676725154984 0.6085806194501846 1 0 0 0.09902654198086581 -0.9950847923585767 6.084807093218151
cell 2.4166642875319306 2.6823958072472274 0.0 1.0 1.0 1 0 0 0.0 1.0 0
cell 46.78444433273995 15.614291717567134 0.0 1.6431676725154984 0.6085806194501846 1 0 0 -0.26446371373830924 0.9643956367154206 5.747889718061177
cell 17.005386891735938 40.08914236125081 0.0 1.0 1.0 1 0 0 0.0 1.0 0
cell 14.637902982332093 46.438731575468466 0.0 1.0 1.0 1 0 0 0.0 1.0 0
cell 20.939098992796122 31.32106224334961 0.0 1.0 1.0 1 0 0 0.0 1.0 0
cell 20.120202402811895 52.745444465012085 0.0 1.0 1.0 1 0 0 0.0 1.0 0
cell 7.049696674156398 51.32321176156622 0.0 1.0 1.0 1 0 0 0.0 1.0 0
cell 5.966533763060636 36.72468023914045 0.0 1.6431676725154984 0.6085806194501846 1 0 0 -0.2017514633530188 0.9794367498899128 5.876893651590036
cell 47.38800473532225 2.038549614804059 0.0 1.0 1.0 1 0 0 0.0 1.0 0
cell 12.427410493359018 8.28424765433362 0.0 1.0 1.0 1 0 0 0.0 1.0 0
cell 17.585594907588803 5.9968041786059505 0.0 1.6431676725154984 0.6085806194501846 1 0 0 0.07000688776998892 0.9975465080209344 0.14012839559403703
cell 19.997957652465924 41.51038763027762 0.0 1.0 1.0 1 0 0 0.0 1.0 0
cell 21.08413001449891 46.34385651490223 0.0 1.0 1.0 1 0 0 0.0 1.0 0
cell 3.881248505858215 38.541367646583474 0.0 1.6431676725154984 0.6085806194501846 1 0 0 0.27841559509392855 -0.9604607000853775 5.718897139727844
cell 54.32971020592639 39.66335744392815 0.0 1.6431676725154984 0.6085806194501846 1 0 0 0.8908222605272827 -0.45435195625094643 4.0848818778118865
cell 22.320886671937025 28.239780615039443 0.0 1.0 1.0 1 0 0 0.0 1.0 0
cell 48.135806144990966 5.67633832556171 0.0 1.0 1.0 1 0 0 0.0 1.0 0
cell 34.24252511020739 54.39814930595571 0.0 1.0 1.0 1 0 0 0.0 1.0 0
cell 25.995862254426335 9.260599248493609 0.0 1.0 1.0 1 0 0 0.0 1.0 0
cell 17.247540886420296 2.820406662548241 0.0 1.0 1.0 1 0 0 0.0 1.0 0
cell 41.671633577376966 17.290858745730194 0.0 1.6431676725154984 0.6085806194501846 1 0 0 0.07843892873299498 -0.9969189207047984 6.1261461331782945
cell 53.718151326998694 3.7017945047660357 0.0 1.0 1.0 1 0 0 0.0 1.0 0
cell 13.776708631851575 18.723365330875964 0.0 1.0 1.0 1 0 0 0.0 1.0 0
cell 32.083710387774246 47.28592653891205 0.0 1.0 1.0 1 0 0 0.0 1.0 0
cell 43.362058884728256 41.59652874702584 0.0 1.6431676725154984 0.6085806194501846 1 0 0 0.9973394503490659 -0.0728973303861202 3.2875167500985354
cell 25.963386107434864 54.11153952269122 0.0 1.0 1.0 1 0 0 0.0 1.0 0
cell 43.96420886515101 2.1824167800537335 0.0 1.0 1.0 1 0 0 0.0 1.0 0
cell 8.02131107859924 43.81761236560307 0.0 1.0 1.0 1 0 0 0.0 1.0 0
cell 20.323407405415363 11.972107599471421 0.0 1.0 1.0 1 0 0 0.0 1.0 0
cell 13.203169324302099 33.16916508428243 0.0 1.0 1.0 1 0 0 0.0 1.0 0
cell 33.73070071693611 33.23499989710252 0.0 1.0 1.0 1 0 0 0.0 1.0 0
cell 28.812385940481153 31.06650200239106 0.0 1.6431676725154984 0.6085806194501846 1 0 0 0.7718025278940313 -0.635862294790612 4.519843162580114
cell 12.926074010854823 52.61587777241466 0.0 1.0 1.0 1 0 0 0.0 1.0 0
