1000
 Lattice="66.99245856906788 0.0 0.0 0.0 66.99245856906788 0.0 0.0 0.0 1.0"Properties=species:S:1:pos:R:3:aspherical_shape:R:3:orientation:R:4:Color:R:1
cell 66.04310520437367 46.07534987673651 0.0 1.0 1.0 1 0 0 0.0 1.0 0
cell 30.614645827770325 55.338055780669244 0.0 1.0 1.0 1 0 0 0.0 1.0 0
cell 48.84882169345307 52.52271205465142 0.0 1.0 1.0 1 0 0 0.0 1.0 0
cell 0.6240625637309112 57.79883080115911 0.0 1.0 1.0 1 0 0 0.0 1.0 0
cell 56.15342530884802 52.476305970810614 0.0 1.0 1.0 1 0 0 0.0 1.0 0
cell 7.160091110310378 45.51173938803401 0.0 1.0 1.0 1 0 0 0.0 1.0 0
cell 44.49413586078069 15.867060606781571 0.0 1.0 1.0 1 0 0 0.0 1.0 0
cell 58.33307181733265 59.99796488398852 0.0 1.0 1.0 1 0 0 0.0 1.0 0
cell 42.61079701788188 62.002454373864765 0.0 1.0 1.0 1 0 0 0.0 1.0 0
cell 1.0085360336799336 23.737244945000374 0.0 1.0 1.0 1 0 0 0.0 1.0 0
cell 2.429196063399808 9.782717992576439 0.0 1.0 1.0 1 0 0 0.0 1.0 0
cell 60.737606516478294 57.362309523897665 0.0 1.0 1.0 1 0 0 0.0 1.0 0
cell 63.69328994035229 20.64041133094559 0.0 1.0 1.0 1 0 0 0.0 1.0 0
cell 31.548348136680715 20.968697021966047 0.0 1.0 1.0 1 0 0 0.0 1.0 0
cell 12.556843231736554 45.120980962768904 0.0 1.0 1.0 1 0 0 0.0 1.0 0
cell 50.370155379840874 13.316422720619519 0.0 1.0 1.0 1 0 0 0.0 1.0 0
cell 30.53157833248641 15.951439499883943 0.0 1.0 1.0 1 0 0 0.0 1.0 0
cell 21.069373715896102 15.38033819802975 0.0 1.0 1.0 1 0 0 0.0 1.0 0
cell 20.49953727838418 22.828207389698008 0.0 1.0 1.0 1 0 0 0.0 1.0 0
cell 43.411842830515724 14.615567839265182 0.0 1.0 1.0 1 0 0 0.0 1.0 0
cell 22.963783582558616 2.931287413399462 0.0 1.0 1.0 1 0 0 0.0 1.0 0
cell 31.597987669488425 16.283892041423293 0.0 1.0 1.0 1 0 0 0.0 1.0 0
cell 47.88587917471508 39.25727597175852 0.0 1.0 1.0 1 0 0 0.0 1.0 0
cell 14.889432338835636 40.456072163045825 0.0 1.0 1.0 1 0 0 0.0 1.0 0
cell 22.014940175313434 45.868908569618924 0.0 1.0 1.0 1 0 0 0.0 1.0 0
cell 39.87018862356478 1.8159825562017273 0.0 1.0 1.0 1 0 0 0.0 1.0 0
cell 29.870084972724943 35.711375487350125 0.0 1.0 1.0 1 0 0 0.0 1.0 0
cell 3.0609321375150476 31.48963361039745 0.0 1.0 1.0 1 0 0 0.0 1.0 0
cell 49.48051098318916 43.06765028672485 0.0 1.0 1.0 1 0 0 0.0 1.0 0
cell 6.704192866856342 8.906533311857645 0.0 1.0 1.0 1 0 0 0.0 1.0 0
cell 54.11383456405486 50.50140802286246 0.0 1.0 1.0 1 0 0 0.0 1.0 0
cell 40.15122527343289 53.327971447572466 0.0 1.0 1.0 1 0 0 0.0 1.0 0
cell 66.32209024914242 2.1376655627249295 0.0 1.0 1.0 1 0 0 0.0 1.0 0
cell 63.552751187842716 65.21595618924147 0.0 1.0 1.0 1 0 0 0.0 1.0 0
cell 7.790393401718758 27.166367971216822 0.0 1.0 1.0 1 0 0 0.0 1.0 0
cell 61.26577437534265 51.57053197657633 0.0 1.0 1.0 1 0 0 0.0 1.0 0
cell 51.68804361391348 34.194025226967064 0.0 1.0 1.0 1 0 0 0.0 1.0 0
cell 46.667807902262346 65.82252808284778 0.0 1.0 1.0 1 0 0 0.0 1.0 0
cell 2.2081087583661745 52.90215240820887 0.0 1.0 1.0 1 0 0 0.0 1.0 0
cell 61.69304521744149 16.1972218915939 0.0 1.0 1.0 1 0 0 0.0 1.0 0
cell 62.99855240577903 55.104478334361794 0.0 1.0 1.0 1 0 0 0.0 1.0 0
cell 47.380512899486675 32.770767410888325 0.0 1.0 1.0 1 0 0 0.0 1.0 0
cell 2.998498483791181 41.378162669632985 0.0 1.0 1.0 1 0 0 0.0 1.0 0
cell 34.194767101858695 24.664766715315782 0.0 1.0 1.0 1 0 0 0.0 1.0 0
cell 2.8500574082826984 8.242886892021406 0.0 1.0 1.0 1 0 0 0.0 1.0 0
cell 19.88288761668773 36.82804156947621 0.0 1.0 1.0 1 0 0 0.0 1.0 0
cell 35.00583788756674 40.42438813096586 0.0 1.0 1.0 1 0 0 0.0 1.0 0
cell 29.815660313810774 53.91443669994365 0.0 1.0 1.0 1 0 0 0.0 1.0 0
cell 66.14665915328408 29.22169132541847 0.0 1.0 1.0 1 0 0 0.0 1.0 0
cell 23.22278003401094 42.76388017060457 0.0 1.0 1.0 1 0 0 0.0 1.0 0
cell 37.170985001491815 26.555732644949284 0.0 1.0 1.0 1 0 0 0.0 1.0 0
cell 22.775685730370604 15.718708303978879 0.0 1.0 1.0 1 0 0 0.0 1.0 0
cell 34.16227747500298 11.5725339945244 0.0 1.0 1.0 1 0 0 0.0 1.0 0
cell 36.71836140352675 63.08264149754173 0.0 1.0 1.0 1 0 0 0.0 1.0 0
cell 0.08563292693659294 48.8812010830698 0.0 1.0 1.0 1 0 0 0.0 1.0 0
cell 31.83587445224127 16.67047549131075 0.0 1.0 1.0 1 0 0 0.0 1.0 0
cell 50.04983406708992 39.99961961738201 0.0 1.0 1.0 1 0 0 0.0 1.0 0
cell 14.152745657580116 43.89497945551449 0.0 1.0 1.0 1 0 0 0.0 1.0 0
cell 22.686446489675408 66.92249983080326 0.0 1.0 1.0 1 0 0 0.0 1.0 0
cell 13.964762032668244 33.44250402179824 0.0 1.0 1.0 1 0 0 0.0 1.0 0
cell 10.347594234066454 19.0106543269521 0.0 1.0 1.0 1 0 0 0.0 1.0 0
cell 35.8873576340267 59.528810797778576 0.0 1.0 1.0 1 0 0 0.0 1.0 0
cell 6.974883941012985 16.450524491926387 0.0 1.0 1.0 1 0 0 0.0 1.0 0
cell 26.115230936147082 45.76565168184144 0.0 1.0 1.0 1 0 0 0.0 1.0 0
cell 27.914599984255233 64.1893413642977 0.0 1.0 1.0 1 0 0 0.0 1.0 0
cell 25.34749640588797 19.155716035932098 0.0 1.0 1.0 1 0 0 0.0 1.0 0
cell 15.277728455706619 53.46262017104678 0.0 1.0 1.0 1 0 0 0.0 1.0 0
cell 51.8517258419696 29.780341845727545 0.0 1.0 1.0 1 0 0 0.0 1.0 0
cell 29.036918193609864 25.86960013970944 0.0 1.0 1.0 1 0 0 0.0 1.0 0
cell 5.7617049911104115 13.907908140178796 0.0 1.0 1.0 1 0 0 0.0 1.0 0
cell 10.703740268925928 54.241266645127176 0.0 1.0 1.0 1 0 0 0.0 1.0 0
cell 64.72669159268646 59.1702549697657 0.0 1.0 1.0 1 0 0 0.0 1.0 0
cell 2.7188689156838732 2.7217895038143034 0.0 1.0 1.0 1 0 0 0.0 1.0 0
cell 25.09850010123905 59.30882857882912 0.0 1.0 1.0 1 0 0 0.0 1.0 0
cell 50.40204614574224 19.216220506469764 0.0 1.0 1.0 1 0 0 0.0 1.0 0
cell 51.347783142336624 45.809309947976246 0.0 1.0 1.0 1 0 0 0.0 1.0 0
cell 12.98288586331264 19.83136487774957 0.0 1.0 1.0 1 0 0 0.0 1.0 0
cell 63.710553909008055 62.41368688132286 0.0 1.0 1.0 1 0 0 0.0 1.0 0
cell 14.069743746238515 5.5208327716031835 0.0 1.0 1.0 1 0 0 0.0 1.0 0
cell 46.3341036767212 15.177776019707155 0.0 1.0 1.0 1 0 0 0.0 1.0 0
cell 11.695579306580914 52.00681866715546 0.0 1.0 1.0 1 0 0 0.0 1.0 0
cell 42.89559642368902 36.03149953074938 0.0 1.0 1.0 1 0 0 0.0 1.0 0
cell 24.860525870755655 7.101317479069301 0.0 1.0 1.0 1 0 0 0.0 1.0 0
cell 2.343906268606019 35.28542280730481 0.0 1.0 1.0 1 0 0 0.0 1.0 0
cell 50.721565546930556 52.608371371975416 0.0 1.0 1.0 1 0 0 0.0 1.0 0
cell 11.766157077357049 17.52628452162443 0.0 1.0 1.0 1 0 0 0.0 1.0 0
cell 1.0516110275475647 55.75140918177141 0.0 1.0 1.0 1 0 0 0.0 1.0 0
cell 8.305496846762491 61.64881316636822 0.0 1.0 1.0 1 0 0 0.0 1.0 0
cell 32.71593341254746 11.702208716534544 0.0 1.0 1.0 1 0 0 0.0 1.0 0
cell 26.502283684330312 14.59345876989767 0.0 1.0 1.0 1 0 0 0.0 1.0 0
cell 14.457405930285423 13.826809119650832 0.0 1.0 1.0 1 0 0 0.0 1.0 0
cell 0.5129882561469512 49.4112801797288 0.0 1.0 1.0 1 0 0 0.0 1.0 0
cell 44.53901904055793 46.352659208693815 0.0 1.0 1.0 1 0 0 0.0 1.0 0
cell 4.416291507841761 50.75241990901464 0.0 1.0 1.0 1 0 0 0.0 1.0 0
cell 65.86390107012224 36.89377947699147 0.0 1.0 1.0 1 0 0 0.0 1.0 0
cell 60.89756203019483 16.7815419506087 0.0 1.0 1.0 1 0 0 0.0 1.0 0
cell 23.833601907915856 24.80600120577596 0.0 1.0 1.0 1 0 0 0.0 1.0 0
cell 9.737188014790515 37.14571947235239 0.0 1.0 1.0 1 0 0 0.0 1.0 0
cell 34.60565864310691 17.010017995357522 0.0 1.0 1.0 1 0 0 0.0 1.0 0
cell 65.51299621694729 50.91199749555514 0.0 1.0 1.0 1 0 0 0.0 1.0 0
cell 29.081888757702917 59.72515378117244 0.0 1.0 1.0 1 0 0 0.0 1.0 0
cell 6.871032561888171 23.204576952416964 0.0 1.0 1.0 1 0 0 0.0 1.0 0
cell 45.290297239527625 40.91641480568391 0.0 1.0 1.0 1 0 0 0.0 1.0 0
cell 43.99046732353944 13.457137968326915 0.0 1.0 1.0 1 0 0 0.0 1.0 0
cell 26.36846955522067 28.996718613706683 0.0 1.0 1.0 1 0 0 0.0 1.0 0
cell 2.6363368269230256 14.507777221002984 0.0 1.0 1.0 1 0 0 0.0 1.0 0
cell 22.334473338227582 23.173381967733572 0.0 1.0 1.0 1 0 0 0.0 1.0 0
cell 66.47511727937271 21.649121569887534 0.0 1.0 1.0 1 0 0 0.0 1.0 0
cell 49.45629883294863 15.569204009997355 0.0 1.0 1.0 1 0 0 0.0 1.0 0
cell 56.997629647348084 47.75641988337827 0.0 1.0 1.0 1 0 0 0.0 1.0 0
cell 36.077505889273965 37.85842294918183 0.0 1.0 1.0 1 0 0 0.0 1.0 0
cell 43.35975208724509 39.875567687971 0.0 1.0 1.0 1 0 0 0.0 1.0 0
cell 15.866840727721042 0.6781017910287552 0.0 1.0 1.0 1 0 0 0.0 1.0 0
cell 55.967930034413534 61.98742255918077 0.0 1.0 1.0 1 0 0 0.0 1.0 0
cell 66.45961257682019 8.793774949483959 0.0 1.0 1.0 1 0 0 0.0 1.0 0
cell 23.749964445745853 6.259633566785184 0.0 1.0 1.0 1 0 0 0.0 1.0 0
cell 54.444128489199656 43.99067802579146 0.0 1.0 1.0 1 0 0 0.0 1.0 0
cell 13.599412651208269 66.81832084964763 0.0 1.0 1.0 1 0 0 0.0 1.0 0
cell 13.333947515254879 61.92425479982968 0.0 1.0 1.0 1 0 0 0.0 1.0 0
cell 8.648227212378977 41.70197305652852 0.0 1.0 1.0 1 0 0 0.0 1.0 0
cell 18.66150088891718 32.848510761723674 0.0 1.0 1.0 1 0 0 0.0 1.0 0
cell 34.10568665903221 11.96140926802708 0.0 1.0 1.0 1 0 0 0.0 1.0 0
cell 10.543875662224577 28.26087881691048 0.0 1.0 1.0 1 0 0 0.0 1.0 0
cell 63.684328968052014 59.556098026955176 0.0 1.0 1.0 1 0 0 0.0 1.0 0
cell 51.106302915313336 49.03751081661384 0.0 1.0 1.0 1 0 0 0.0 1.0 0
cell 37.97224304824615 63.7979484708349 0.0 1.0 1.0 1 0 0 0.0 1.0 0
cell 16.770390619186553 6.402435974754598 0.0 1.0 1.0 1 0 0 0.0 1.0 0
cell 52.72062484128487 20.457150764796367 0.0 1.0 1.0 1 0 0 0.0 1.0 0
cell 60.698470687806754 5.228755134315639 0.0 1.0 1.0 1 0 0 0.0 1.0 0
cell 29.333832238715505 52.76232696143859 0.0 1.0 1.0 1 0 0 0.0 1.0 0
cell 54.21538772104518 14.201647787267461 0.0 1.0 1.0 1 0 0 0.0 1.0 0
cell 12.193126810881916 30.195559610344805 0.0 1.0 1.0 1 0 0 0.0 1.0 0
cell 20.44435001670767 64.28848448640441 0.0 1.0 1.0 1 0 0 0.0 1.0 0
cell 27.240988707097184 59.454405491369066 0.0 1.0 1.0 1 0 0 0.0 1.0 0
cell 25.424275203285124 31.3744130049701 0.0 1.0 1.0 1 0 0 0.0 1.0 0
cell 2.2675299474972417 29.839701359345618 0.0 1.0 1.0 1 0 0 0.0 1.0 0
cell 30.541297986399265 49.66015061449715 0.0 1.0 1.0 1 0 0 0.0 1.0 0
cell 31.83000266848131 21.158754661282725 0.0 1.0 1.0 1 0 0 0.0 1.0 0
cell 20.6196677977413 12.810490041270347 0.0 1.0 1.0 1 0 0 0.0 1.0 0
cell 39.26499261387642 48.02612796417675 0.0 1.0 1.0 1 0 0 0.0 1.0 0
cell 2.9242703845110416 25.726983200828766 0.0 1.0 1.0 1 0 0 0.0 1.0 0
cell 29.80824121757174 4.446881453055315 0.0 1.0 1.0 1 0 0 0.0 1.0 0
cell 65.32227876778653 62.16129925193436 0.0 1.0 1.0 1 0 0 0.0 1.0 0
cell 34.399578260100405 24.602330586420603 0.0 1.0 1.0 1 0 0 0.0 1.0 0
cell 4.9834667160451485 36.001212286131995 0.0 1.0 1.0 1 0 0 0.0 1.0 0
cell 54.95390177444152 40.24333002491732 0.0 1.0 1.0 1 0 0 0.0 1.0 0
cell 23.907215735081046 64.6548238561693 0.0 1.0 1.0 1 0 0 0.0 1.0 0
cell 13.79900938796728 40.206072763120005 0.0 1.0 1.0 1 0 0 0.0 1.0 0
cell 33.680865851827576 29.437544014351058 0.0 1.0 1.0 1 0 0 0.0 1.0 0
cell 23.10703723992839 2.270984670374952 0.0 1.0 1.0 1 0 0 0.0 1.0 0
cell 36.47446672730619 1.6370658081009115 0.0 1.0 1.0 1 0 0 0.0 1.0 0
cell 26.767844300644356 24.830933859203682 0.0 1.0 1.0 1 0 0 0.0 1.0 0
cell 18.0104857279591 57.58562617485127 0.0 1.0 1.0 1 0 0 0.0 1.0 0
cell 57.94820102491877 61.15755522390586 0.0 1.0 1.0 1 0 0 0.0 1.0 0
cell 52.90725591114979 45.47561603865089 0.0 1.0 1.0 1 0 0 0.0 1.0 0
cell 15.767900879749106 35.98562187138381 0.0 1.0 1.0 1 0 0 0.0 1.0 0
cell 26.845131893903325 59.39908998685146 0.0 1.0 1.0 1 0 0 0.0 1.0 0
cell 54.011418199204776 56.02285465403602 0.0 1.0 1.0 1 0 0 0.0 1.0 0
cell 63.78790894181376 48.27852136411625 0.0 1.0 1.0 1 0 0 0.0 1.0 0
cell 39.82411717534539 21.015171480059426 0.0 1.0 1.0 1 0 0 0.0 1.0 0
cell 13.341645884137629 36.59292517018154 0.0 1.0 1.0 1 0 0 0.0 1.0 0
cell 0.8540638842726122 65.55013213406473 0.0 1.0 1.0 1 0 0 0.0 1.0 0
cell 57.8480394662262 48.40193368174915 0.0 1.0 1.0 1 0 0 0.0 1.0 0
cell 9.639612476511472 59.18188209153501 0.0 1.0 1.0 1 0 0 0.0 1.0 0
cell 40.50936184432005 41.282773785182584 0.0 1.0 1.0 1 0 0 0.0 1.0 0
cell 50.69357415683117 3.3834454834500582 0.0 1.0 1.0 1 0 0 0.0 1.0 0
cell 38.975346828173215 35.73075318526427 0.0 1.0 1.0 1 0 0 0.0 1.0 0
cell 4.168195440859559 51.19429844831444 0.0 1.0 1.0 1 0 0 0.0 1.0 0
cell 43.39533653043579 53.19510178405801 0.0 1.0 1.0 1 0 0 0.0 1.0 0
cell 31.574662850994624 36.37743826982519 0.0 1.0 1.0 1 0 0 0.0 1.0 0
cell 18.943654562158148 5.858801967125659 0.0 1.0 1.0 1 0 0 0.0 1.0 0
cell 45.69374383580383 53.485215716962436 0.0 1.0 1.0 1 0 0 0.0 1.0 0
cell 58.08171018499037 43.73518631112061 0.0 1.0 1.0 1 0 0 0.0 1.0 0
cell 3.6727181254069543 28.599478410192546 0.0 1.0 1.0 1 0 0 0.0 1.0 0
cell 2.8485524532031383 6.534920741204029 0.0 1.0 1.0 1 0 0 0.0 1.0 0
cell 38.9019802243576 45.85069094016167 0.0 1.0 1.0 1 0 0 0.0 1.0 0
cell 57.22531452053943 65.24028333268733 0.0 1.0 1.0 1 0 0 0.0 1.0 0
cell 60.980296318159205 52.89956800307012 0.0 1.0 1.0 1 0 0 0.0 1.0 0
cell 43.56014430508928 49.12424072261888 0.0 1.0 1.0 1 0 0 0.0 1.0 0
cell 11.997254535397493 55.98204871669674 0.0 1.0 1.0 1 0 0 0.0 1.0 0
cell 32.16374114377392 4.372062727351509 0.0 1.0 1.0 1 0 0 0.0 1.0 0
cell 11.149260553984256 65.99782958207552 0.0 1.0 1.0 1 0 0 0.0 1.0 0
cell 38.74369352110738 47.71363889534191 0.0 1.0 1.0 1 0 0 0.0 1.0 0
cell 24.31638314277704 15.524435817941193 0.0 1.0 1.0 1 0 0 0.0 1.0 0
cell 31.172377297603642 4.922772175359714 0.0 1.0 1.0 1 0 0 0.0 1.0 0
cell 31.32484043742034 31.567160729717656 0.0 1.0 1.0 1 0 0 0.0 1.0 0
cell 27.6925407848935 7.066104427959219 0.0 1.0 1.0 1 0 0 0.0 1.0 0
cell 60.6417789976369 35.88055791651834 0.0 1.0 1.0 1 0 0 0.0 1.0 0
cell 59.92824159468747 14.030743158165242 0.0 1.0 1.0 1 0 0 0.0 1.0 0
cell 58.36306315560376 12.750427294373495 0.0 1.0 1.0 1 0 0 0.0 1.0 0
cell 8.446505048898963 26.389463833813625 0.0 1.0 1.0 1 0 0 0.0 1.0 0
cell 37.95140525072539 55.25886311434815 0.0 1.0 1.0 1 0 0 0.0 1.0 0
cell 4.250255717932726 24.067666245220746 0.0 1.0 1.0 1 0 0 0.0 1.0 0
cell 56.00728943443456 56.164853600578915 0.0 1.0 1.0 1 0 0 0.0 1.0 0
cell 46.2374518797204 22.749406711023575 0.0 1.0 1.0 1 0 0 0.0 1.0 0
cell 25.365250132421885 27.184497364820857 0.0 1.0 1.0 1 0 0 0.0 1.0 0
cell 64.89392208790198 14.64044908900355 0.0 1.0 1.0 1 0 0 0.0 1.0 0
cell 47.51290943993235 1.974604391652348 0.0 1.0 1.0 1 0 0 0.0 1.0 0
cell 45.4308765267914 15.943136650654603 0.0 1.0 1.0 1 0 0 0.0 1.0 0
cell 42.890092251752954 17.18867830228848 0.0 1.0 1.0 1 0 0 0.0 1.0 0
cell 1.1119754745601964 40.98055222868775 0.0 1.0 1.0 1 0 0 0.0 1.0 0
cell 58.05629674416788 58.752938784923614 0.0 1.0 1.0 1 0 0 0.0 1.0 0
cell 26.04191288327223 51.422124027141734 0.0 1.0 1.0 1 0 0 0.0 1.0 0
cell 55.69302011421738 58.420056130921 0.0 1.0 1.0 1 0 0 0.0 1.0 0
cell 25.741589098939148 37.74291563686516 0.0 1.0 1.0 1 0 0 0.0 1.0 0
cell 3.733361183215338 29.035016995134228 0.0 1.0 1.0 1 0 0 0.0 1.0 0
cell 28.55508864365279 62.146765655266044 0.0 1.0 1.0 1 0 0 0.0 1.0 0
cell 30.507814981317736 45.0506627456868 0.0 1.0 1.0 1 0 0 0.0 1.0 0
cell 66.67336066047056 20.97074346807971 0.0 1.0 1.0 1 0 0 0.0 1.0 0
cell 45.640714336366905 47.97424453106626 0.0 1.0 1.0 1 0 0 0.0 1.0 0
cell 29.356296514992962 32.05225872745515 0.0 1.0 1.0 1 0 0 0.0 1.0 0
cell 19.8202620220141 20.18844503491877 0.0 1.0 1.0 1 0 0 0.0 1.0 0
cell 21.257138587830347 60.53416621451441 0.0 1.0 1.0 1 0 0 0.0 1.0 0
cell 24.092389430650652 8.057373141418541 0.0 1.0 1.0 1 0 0 0.0 1.0 0
cell 6.898092516895809 45.79675141426066 0.0 1.0 1.0 1 0 0 0.0 1.0 0
cell 43.290731315802866 54.09344629969585 0.0 1.0 1.0 1 0 0 0.0 1.0 0
cell 32.03680485515105 55.81781423579806 0.0 1.0 1.0 1 0 0 0.0 1.0 0
cell 15.993472079181513 59.61450233825297 0.0 1.0 1.0 1 0 0 0.0 1.0 0
cell 65.24704779806132 26.13549447448842 0.0 1.0 1.0 1 0 0 0.0 1.0 0
cell 38.70906513547726 31.993858465001818 0.0 1.0 1.0 1 0 0 0.0 1.0 0
cell 9.53302626077739 28.64935464344172 0.0 1.0 1.0 1 0 0 0.0 1.0 0
cell 50.72722477496972 14.796503180809745 0.0 1.0 1.0 1 0 0 0.0 1.0 0
cell 22.522120022065252 8.822802405084824 0.0 1.0 1.0 1 0 0 0.0 1.0 0
cell 0.15516089683055223 29.82203407535061 0.0 1.0 1.0 1 0 0 0.0 1.0 0
cell 48.341748109674114 65.05009244344848 0.0 1.0 1.0 1 0 0 0.0 1.0 0
cell 64.18034370424365 59.73984075611056 0.0 1.0 1.0 1 0 0 0.0 1.0 0
cell 48.38020793905726 17.1982583335092 0.0 1.0 1.0 1 0 0 0.0 1.0 0
cell 29.11140173863636 27.279020089996088 0.0 1.0 1.0 1 0 0 0.0 1.0 0
cell 54.742079537133066 64.91611821579744 0.0 1.0 1.0 1 0 0 0.0 1.0 0
cell 5.079015070568724 54.77227999332795 0.0 1.0 1.0 1 0 0 0.0 1.0 0
cell 58.64652984751077 47.952750298038744 0.0 1.0 1.0 1 0 0 0.0 1.0 0
cell 19.81169453116648 52.403012062790154 0.0 1.0 1.0 1 0 0 0.0 1.0 0
cell 16.90634968015949 53.089833757622245 0.0 1.0 1.0 1 0 0 0.0 1.0 0
cell 32.857001274760705 3.258966540441739 0.0 1.0 1.0 1 0 0 0.0 1.0 0
cell 44.59024500732571 60.756697749531455 0.0 1.0 1.0 1 0 0 0.0 1.0 0
cell 22.692071530508624 46.136723991871875 0.0 1.0 1.0 1 0 0 0.0 1.0 0
cell 61.17983780458033 14.611436881687059 0.0 1.0 1.0 1 0 0 0.0 1.0 0
cell 25.948151337423017 1.3171287112292478 0.0 1.0 1.0 1 0 0 0.0 1.0 0
cell 23.127417359577947 20.7006238543059 0.0 1.0 1.0 1 0 0 0.0 1.0 0
cell 22.1483230288048 0.091101694607749 0.0 1.0 1.0 1 0 0 0.0 1.0 0
cell 11.114545398417121 43.588398265061116 0.0 1.0 1.0 1 0 0 0.0 1.0 0
cell 19.762862925014257 65.92546728850488 0.0 1.0 1.0 1 0 0 0.0 1.0 0
cell 41.47286493361583 29.124393285662343 0.0 1.0 1.0 1 0 0 0.0 1.0 0
cell 42.85296611415939 30.128157320143313 0.0 1.0 1.0 1 0 0 0.0 1.0 0
cell 56.328437977900755 19.091243331032434 0.0 1.0 1.0 1 0 0 0.0 1.0 0
cell 14.182181790216573 51.68020520612356 0.0 1.0 1.0 1 0 0 0.0 1.0 0
cell 8.612677607017526 3.5681845533269314 0.0 1.0 1.0 1 0 0 0.0 1.0 0
cell 35.769294866534416 42.717010380801426 0.0 1.0 1.0 1 0 0 0.0 1.0 0
cell 10.953134515270461 2.12437222156794 0.0 1.0 1.0 1 0 0 0.0 1.0 0
cell 39.65765367414628 23.387108589031826 0.0 1.0 1.0 1 0 0 0.0 1.0 0
cell 66.83467426888271 56.39228341601845 0.0 1.0 1.0 1 0 0 0.0 1.0 0
cell 26.249935376510532 30.45358727241278 0.0 1.0 1.0 1 0 0 0.0 1.0 0
cell 42.60659297501662 40.82277146546571 0.0 1.0 1.0 1 0 0 0.0 1.0 0
cell 41.828887228137575 53.35054297918114 0.0 1.0 1.0 1 0 0 0.0 1.0 0
cell 54.79781866233055 37.20541721817796 0.0 1.0 1.0 1 0 0 0.0 1.0 0
cell 33.60670631863202 27.85763444896602 0.0 1.0 1.0 1 0 0 0.0 1.0 0
cell 22.12526111791152 55.49907778156733 0.0 1.0 1.0 1 0 0 0.0 1.0 0
cell 24.489462385287204 47.45408425792266 0.0 1.0 1.0 1 0 0 0.0 1.0 0
cell 47.11107123239672 2.5586939590809923 0.0 1.0 1.0 1 0 0 0.0 1.0 0
cell 2.4332496262320316 30.926532807377345 0.0 1.0 1.0 1 0 0 0.0 1.0 0
cell 38.91389984148997 30.17610418941633 0.0 1.0 1.0 1 0 0 0.0 1.0 0
cell 56.73566515966361 55.00286011270387 0.0 1.0 1.0 1 0 0 0.0 1.0 0
cell 61.56704016041222 66.40882169324755 0.0 1.0 1.0 1 0 0 0.0 1.0 0
cell 20.141397988120904 26.47997021357752 0.0 1.0 1.0 1 0 0 0.0 1.0 0
cell 56.99432220823716 21.531175540242298 0.0 1.0 1.0 1 0 0 0.0 1.0 0
cell 0.8082051754508017 14.677364675159453 0.0 1.0 1.0 1 0 0 0.0 1.0 0
cell 50.98878060947677 27.07524992800105 0.0 1.0 1.0 1 0 0 0.0 1.0 0
cell 26.944900698726457 14.98172344687302 0.0 1.0 1.0 1 0 0 0.0 1.0 0
cell 44.03542858575916 56.10498772473284 0.0 1.0 1.0 1 0 0 0.0 1.0 0
cell 17.5770124862783 27.168978614876423 0.0 1.0 1.0 1 0 0 0.0 1.0 0
cell 29.868642498694093 2.3484853120022215 0.0 1.0 1.0 1 0 0 0.0 1.0 0
cell 1.140517341112311 61.81478796389687 0.0 1.0 1.0 1 0 0 0.0 1.0 0
cell 34.69333610696808 58.034364362095424 0.0 1.0 1.0 1 0 0 0.0 1.0 0
cell 0.5199209510441407 0.35108627881525684 0.0 1.0 1.0 1 0 0 0.0 1.0 0
cell 50.174813704522855 46.55924444068627 0.0 1.0 1.0 1 0 0 0.0 1.0 0
cell 13.583154368638622 47.77832882401149 0.0 1.0 1.0 1 0 0 0.0 1.0 0
cell 30.951275793511982 26.433485602716676 0.0 1.0 1.0 1 0 0 0.0 1.0 0
cell 29.333677539320274 48.216615923617596 0.0 1.0 1.0 1 0 0 0.0 1.0 0
cell 57.50876023501377 37.73893711046555 0.0 1.0 1.0 1 0 0 0.0 1.0 0
cell 2.31701826428675 43.80970198463018 0.0 1.0 1.0 1 0 0 0.0 1.0 0
cell 42.82275823234486 37.69028160819543 0.0 1.0 1.0 1 0 0 0.0 1.0 0
cell 15.983610535917052 16.468028273146597 0.0 1.0 1.0 1 0 0 0.0 1.0 0
cell 3.2087540835834076 29.845562217873425 0.0 1.0 1.0 1 0 0 0.0 1.0 0
cell 5.942103484508005 46.51109710473473 0.0 1.0 1.0 1 0 0 0.0 1.0 0
cell 15.735193854697066 10.576544469363329 0.0 1.0 1.0 1 0 0 0.0 1.0 0
cell 60.912716398135615 6.120456973470643 0.0 1.0 1.0 1 0 0 0.0 1.0 0
cell 35.292192040589114 34.161865829364174 0.0 1.0 1.0 1 0 0 0.0 1.0 0
cell 2.9376923805155286 61.64649047757311 0.0 1.0 1.0 1 0 0 0.0 1.0 0
cell 49.10543384358909 42.17620613366656 0.0 1.0 1.0 1 0 0 0.0 1.0 0
cell 20.44138039973162 22.086199529663386 0.0 1.0 1.0 1 0 0 0.0 1.0 0
cell 30.83475819249023 20.475945146671712 0.0 1.0 1.0 1 0 0 0.0 1.0 0
cell 4.37626562676479 54.92635964946451 0.0 1.0 1.0 1 0 0 0.0 1.0 0
cell 58.78055384896033 66.77497004292003 0.0 1.0 1.0 1 0 0 0.0 1.0 0
cell 28.44000924282834 59.63644248623238 0.0 1.0 1.0 1 0 0 0.0 1.0 0
cell 32.08529663971555 60.21730259693516 0.0 1.0 1.0 1 0 0 0.0 1.0 0
cell 21.205322141299746 58.04945219092515 0.0 1.0 1.0 1 0 0 0.0 1.0 0
cell 30.723259022419523 59.210906602571285 0.0 1.0 1.0 1 0 0 0.0 1.0 0
cell 8.846227114891718 50.81092550671532 0.0 1.0 1.0 1 0 0 0.0 1.0 0
cell 13.389007202204919 30.863831165015213 0.0 1.0 1.0 1 0 0 0.0 1.0 0
cell 16.376057599831938 42.43529292340626 0.0 1.0 1.0 1 0 0 0.0 1.0 0
cell 39.27104996110014 20.952105377170728 0.0 1.0 1.0 1 0 0 0.0 1.0 0
cell 40.492946194628765 28.27064362944342 0.0 1.0 1.0 1 0 0 0.0 1.0 0
cell 46.63771481674974 56.27147190094488 0.0 1.0 1.0 1 0 0 0.0 1.0 0
cell 9.883342457605142 12.295784588625843 0.0 1.0 1.0 1 0 0 0.0 1.0 0
cell 59.27177398147887 42.972736539260154 0.0 1.0 1.0 1 0 0 0.0 1.0 0
cell 20.193179060005882 33.186914357939465 0.0 1.0 1.0 1 0 0 0.0 1.0 0
cell 62.20445416212701 34.53374329318376 0.0 1.0 1.0 1 0 0 0.0 1.0 0
cell 37.59838338551036 22.74695880372556 0.0 1.0 1.0 1 0 0 0.0 1.0 0
cell 6.400395520676133 5.440991982876251 0.0 1.0 1.0 1 0 0 0.0 1.0 0
cell 5.332635235707732 50.31131853933324 0.0 1.0 1.0 1 0 0 0.0 1.0 0
cell 9.640377056776307 43.83976845668049 0.0 1.0 1.0 1 0 0 0.0 1.0 0
cell 40.8737409395233 29.314787118119913 0.0 1.0 1.0 1 0 0 0.0 1.0 0
cell 34.2771889064925 53.42397445095856 0.0 1.0 1.0 1 0 0 0.0 1.0 0
cell 41.180438759772706 6.026995070104228 0.0 1.0 1.0 1 0 0 0.0 1.0 0
cell 63.97538587292019 19.438252204770286 0.0 1.0 1.0 1 0 0 0.0 1.0 0
cell 11.290016624790251 5.865037223815503 0.0 1.0 1.0 1 0 0 0.0 1.0 0
cell 18.426376639153094 43.01558969198618 0.0 1.0 1.0 1 0 0 0.0 1.0 0
cell 48.006715512787885 10.753488758908638 0.0 1.0 1.0 1 0 0 0.0 1.0 0
cell 18.208935623267415 14.700244825811499 0.0 1.0 1.0 1 0 0 0.0 1.0 0
cell 6.728548572403805 17.71150733745002 0.0 1.0 1.0 1 0 0 0.0 1.0 0
cell 41.60124025048485 58.34496739692522 0.0 1.0 1.0 1 0 0 0.0 1.0 0
cell 10.280911965068897 33.159983155978196 0.0 1.0 1.0 1 0 0 0.0 1.0 0
cell 22.374518328457143 28.136329473848928 0.0 1.0 1.0 1 0 0 0.0 1.0 0
cell 14.01272515923496 30.68383905993592 0.0 1.0 1.0 1 0 0 0.0 1.0 0
cell 26.65451115079239 47.852287251405386 0.0 1.0 1.0 1 0 0 0.0 1.0 0
cell 11.512382996082044 2.054431445947164 0.0 1.0 1.0 1 0 0 0.0 1.0 0
cell 42.60746292198168 8.94022181497762 0.0 1.0 1.0 1 0 0 0.0 1.0 0
cell 63.11805958762424 19.772340396106888 0.0 1.0 1.0 1 0 0 0.0 1.0 0
cell 40.04111215562747 8.257581554664858 0.0 1.0 1.0 1 0 0 0.0 1.0 0
cell 43.42034074155568 60.07857541734013 0.0 1.0 1.0 1 0 0 0.0 1.0 0
cell 14.596148923193597 6.73031362941752 0.0 1.0 1.0 1 0 0 0.0 1.0 0
cell 16.058906208440742 63.12039699480097 0.0 1.0 1.0 1 0 0 0.0 1.0 0
cell 13.420226538739607 10.53271093991793 0.0 1.0 1.0 1 0 0 0.0 1.0 0
cell 55.66075808015277 57.46478784046574 0.0 1.0 1.0 1 0 0 0.0 1.0 0
cell 25.087264119482896 10.181944127292605 0.0 1.0 1.0 1 0 0 0.0 1.0 0
cell 34.89090801016934 13.577626506304501 0.0 1.0 1.0 1 0 0 0.0 1.0 0
cell 52.49033440259755 55.18270273221474 0.0 1.0 1.0 1 0 0 0.0 1.0 0
cell 32.869622346488946 18.83938633554085 0.0 1.0 1.0 1 0 0 0.0 1.0 0
cell 34.10891246690574 25.14845667218517 0.0 1.0 1.0 1 0 0 0.0 1.0 0
cell 28.721043862172294 20.611905363279636 0.0 1.0 1.0 1 0 0 0.0 1.0 0
cell 65.58823624282847 22.090447877933297 0.0 1.0 1.0 1 0 0 0.0 1.0 0
cell 63.24949221287818 42.9119496457208 0.0 1.0 1.0 1 0 0 0.0 1.0 0
cell 3.687554573564246 55.570205094557735 0.0 1.0 1.0 1 0 0 0.0 1.0 0
cell 48.95950472803915 5.341629062697581 0.0 1.0 1.0 1 0 0 0.0 1.0 0
cell 24.661964210181182 36.23415996129983 0.0 1.0 1.0 1 0 0 0.0 1.0 0
cell 42.705023670970675 62.83815529291054 0.0 1.0 1.0 1 0 0 0.0 1.0 0
cell 41.42507369823023 62.59443597008454 0.0 1.0 1.0 1 0 0 0.0 1.0 0
cell 6.235717374117328 60.568905935930225 0.0 1.0 1.0 1 0 0 0.0 1.0 0
cell 44.941623043001215 29.98316191147918 0.0 1.0 1.0 1 0 0 0.0 1.0 0
cell 65.3499280157855 26.760778335786753 0.0 1.0 1.0 1 0 0 0.0 1.0 0
cell 15.728748481050914 60.35729228995362 0.0 1.0 1.0 1 0 0 0.0 1.0 0
cell 42.029444322765094 40.12583961543627 0.0 1.0 1.0 1 0 0 0.0 1.0 0
cell 35.096798873715905 57.65061383054815 0.0 1.0 1.0 1 0 0 0.0 1.0 0
cell 17.083123903457235 24.015728457409985 0.0 1.0 1.0 1 0 0 0.0 1.0 0
cell 19.823546587011084 22.582182150891953 0.0 1.0 1.0 1 0 0 0.0 1.0 0
cell 24.661137662169477 5.7002705993650755 0.0 1.0 1.0 1 0 0 0.0 1.0 0
cell 53.09846223806328 39.01221605490729 0.0 1.0 1.0 1 0 0 0.0 1.0 0
cell 50.55669220832797 63.06236744447653 0.0 1.0 1.0 1 0 0 0.0 1.0 0
cell 38.763141913913266 24.187130524155844 0.0 1.0 1.0 1 0 0 0.0 1.0 0
cell 59.46864046357069 65.20915100824318 0.0 1.0 1.0 1 0 0 0.0 1.0 0
cell 32.77845025132003 47.878988874010695 0.0 1.0 1.0 1 0 0 0.0 1.0 0
cell 40.60409828507736 52.74422934632388 0.0 1.0 1.0 1 0 0 0.0 1.0 0
cell 34.17070025295172 43.479772928311384 0.0 1.0 1.0 1 0 0 0.0 1.0 0
cell 43.43634768077913 56.72459523816281 0.0 1.0 1.0 1 0 0 0.0 1.0 0
cell 17.9574718734124 5.072917631613405 0.0 1.0 1.0 1 0 0 0.0 1.0 0
cell 50.63486376440436 27.906657846625592 0.0 1.0 1.0 1 0 0 0.0 1.0 0
cell 4.035009590280794 44.322593153216104 0.0 1.0 1.0 1 0 0 0.0 1.0 0
cell 26.880103793799247 3.175051873832855 0.0 1.0 1.0 1 0 0 0.0 1.0 0
cell 17.139443396622845 33.08673470909856 0.0 1.0 1.0 1 0 0 0.0 1.0 0
cell 13.003120424166609 51.85982503509149 0.0 1.0 1.0 1 0 0 0.0 1.0 0
cell 22.166420939317558 5.498917288086295 0.0 1.0 1.0 1 0 0 0.0 1.0 0
cell 25.324882767745642 24.44216779933189 0.0 1.0 1.0 1 0 0 0.0 1.0 0
cell 30.87842004432272 45.69861086373801 0.0 1.0 1.0 1 0 0 0.0 1.0 0
cell 18.150344996503833 34.49152441191499 0.0 1.0 1.0 1 0 0 0.0 1.0 0
cell 60.5536529792377 49.17136187455232 0.0 1.0 1.0 1 0 0 0.0 1.0 0
cell 19.01980572027553 23.293284988519943 0.0 1.0 1.0 1 0 0 0.0 1.0 0
cell 7.740663179503029 40.40068473806731 0.0 1.0 1.0 1 0 0 0.0 1.0 0
cell 48.76761255470457 42.42094197137619 0.0 1.0 1.0 1 0 0 0.0 1.0 0
cell 48.218960215534175 14.660633680133458 0.0 1.0 1.0 1 0 0 0.0 1.0 0
cell 54.5175962795307 57.87164705227994 0.0 1.0 1.0 1 0 0 0.0 1.0 0
cell 53.29564762301456 57.67122341479605 0.0 1.0 1.0 1 0 0 0.0 1.0 0
cell 55.62871667477317 6.101445858241892 0.0 1.0 1.0 1 0 0 0.0 1.0 0
cell 19.864677579073994 63.66113972263214 0.0 1.0 1.0 1 0 0 0.0 1.0 0
cell 61.46868463201135 5.0249852475800365 0.0 1.0 1.0 1 0 0 0.0 1.0 0
cell 40.48211892688927 10.420728484258182 0.0 1.0 1.0 1 0 0 0.0 1.0 0
cell 4.420070874121755 20.669312080152878 0.0 1.0 1.0 1 0 0 0.0 1.0 0
cell 44.586036557174076 44.52659475670943 0.0 1.0 1.0 1 0 0 0.0 1.0 0
cell 53.04812844571945 14.829038092745677 0.0 1.0 1.0 1 0 0 0.0 1.0 0
cell 28.152483204002586 2.320446581413221 0.0 1.0 1.0 1 0 0 0.0 1.0 0
cell 15.799797292940585 31.88870140497369 0.0 1.0 1.0 1 0 0 0.0 1.0 0
cell 56.22630423906487 45.2699227235579 0.0 1.0 1.0 1 0 0 0.0 1.0 0
cell 14.92630841444437 12.146445395895235 0.0 1.0 1.0 1 0 0 0.0 1.0 0
cell 17.82399342183536 46.4434503057885 0.0 1.0 1.0 1 0 0 0.0 1.0 0
cell 52.451217577049405 26.658194027376577 0.0 1.0 1.0 1 0 0 0.0 1.0 0
cell 22.592907251256342 11.983422225005027 0.0 1.0 1.0 1 0 0 0.0 1.0 0
cell 50.05342780838127 45.421373134149476 0.0 1.0 1.0 1 0 0 0.0 1.0 0
cell 45.74031778651511 18.960892808164722 0.0 1.0 1.0 1 0 0 0.0 1.0 0
cell 38.47724313367371 60.18566236060279 0.0 1.0 1.0 1 0 0 0.0 1.0 0
cell 44.8428685931514 4.887131420789831 0.0 1.0 1.0 1 0 0 0.0 1.0 0
cell 26.77031579401928 56.108601945789765 0.0 1.0 1.0 1 0 0 0.0 1.0 0
cell 7.7920281061556 24.367468920010978 0.0 1.0 1.0 1 0 0 0.0 1.0 0
cell 42.666242896875474 13.450813142051159 0.0 1.0 1.0 1 0 0 0.0 1.0 0
cell 51.90265663715674 17.997269777623845 0.0 1.0 1.0 1 0 0 0.0 1.0 0
cell 46.45688429792628 33.94244074833022 0.0 1.0 1.0 1 0 0 0.0 1.0 0
cell 32.11752211483947 5.030452602085585 0.0 1.0 1.0 1 0 0 0.0 1.0 0
cell 16.016484248435404 37.337395308802606 0.0 1.0 1.0 1 0 0 0.0 1.0 0
cell 23.94058063156776 48.64154324704606 0.0 1.0 1.0 1 0 0 0.0 1.0 0
cell 41.315879554615286 54.30279855916938 0.0 1.0 1.0 1 0 0 0.0 1.0 0
cell 41.98183081356087 0.6202242905030951 0.0 1.0 1.0 1 0 0 0.0 1.0 0
cell 20.06309011496745 64.80412262555025 0.0 1.0 1.0 1 0 0 0.0 1.0 0
cell 1.0503618932295504 13.299222656588755 0.0 1.0 1.0 1 0 0 0.0 1.0 0
cell 48.05826169321152 12.051910603964329 0.0 1.0 1.0 1 0 0 0.0 1.0 0
cell 9.22644514802843 43.50835117821268 0.0 1.0 1.0 1 0 0 0.0 1.0 0
cell 33.21001106356102 44.81925671167593 0.0 1.0 1.0 1 0 0 0.0 1.0 0
cell 7.4376801380300765 37.32911789779065 0.0 1.0 1.0 1 0 0 0.0 1.0 0
cell 64.3891666543735 57.676190077833944 0.0 1.0 1.0 1 0 0 0.0 1.0 0
cell 1.4120102687164815 44.24382465052533 0.0 1.0 1.0 1 0 0 0.0 1.0 0
cell 35.89422187004255 26.852122661169165 0.0 1.0 1.0 1 0 0 0.0 1.0 0
cell 15.490216454690017 24.058395603070814 0.0 1.0 1.0 1 0 0 0.0 1.0 0
cell 38.64267194537937 49.24092083792098 0.0 1.0 1.0 1 0 0 0.0 1.0 0
cell 61.30877130743688 4.860431035264969 0.0 1.0 1.0 1 0 0 0.0 1.0 0
cell 39.73514685001833 18.113667265413152 0.0 1.0 1.0 1 0 0 0.0 1.0 0
cell 41.27119656803465 4.773939463290805 0.0 1.0 1.0 1 0 0 0.0 1.0 0
cell 5.045785891571981 48.53244315534894 0.0 1.0 1.0 1 0 0 0.0 1.0 0
cell 27.34721517625638 41.47285081818918 0.0 1.0 1.0 1 0 0 0.0 1.0 0
cell 62.75013928986543 36.30533962531542 0.0 1.0 1.0 1 0 0 0.0 1.0 0
cell 20.182313727565493 50.753576686578896 0.0 1.0 1.0 1 0 0 0.0 1.0 0
cell 52.73701286498033 2.658374216203425 0.0 1.0 1.0 1 0 0 0.0 1.0 0
cell 30.74230505913149 16.322256751328737 0.0 1.0 1.0 1 0 0 0.0 1.0 0
cell 23.699049796132563 49.83737618433433 0.0 1.0 1.0 1 0 0 0.0 1.0 0
cell 33.20603450131825 44.15361748439522 0.0 1.0 1.0 1 0 0 0.0 1.0 0
cell 5.654640594110026 42.85493428317261 0.0 1.0 1.0 1 0 0 0.0 1.0 0
cell 4.897352314495652 46.429778881979054 0.0 1.0 1.0 1 0 0 0.0 1.0 0
cell 49.31916272817386 16.770851134497573 0.0 1.0 1.0 1 0 0 0.0 1.0 0
cell 61.358065066584395 8.828898613286531 0.0 1.0 1.0 1 0 0 0.0 1.0 0
cell 48.17492616047019 5.88808944504613 0.0 1.0 1.0 1 0 0 0.0 1.0 0
cell 53.1542018867696 22.702570901921828 0.0 1.0 1.0 1 0 0 0.0 1.0 0
cell 24.91772959416016 11.649357264331991 0.0 1.0 1.0 1 0 0 0.0 1.0 0
cell 57.69033561833496 8.957200125506379 0.0 1.0 1.0 1 0 0 0.0 1.0 0
cell 9.050198063951319 11.622904431734712 0.0 1.0 1.0 1 0 0 0.0 1.0 0
cell 12.104804886052689 16.86434846503962 0.0 1.0 1.0 1 0 0 0.0 1.0 0
cell 31.09536404248929 29.701247445939888 0.0 1.0 1.0 1 0 0 0.0 1.0 0
cell 21.24752749290259 39.727393130926984 0.0 1.0 1.0 1 0 0 0.0 1.0 0
cell 1.6389508646677637 25.48917482259333 0.0 1.0 1.0 1 0 0 0.0 1.0 0
cell 35.930524710081556 60.97219892377971 0.0 1.0 1.0 1 0 0 0.0 1.0 0
cell 61.58999065878868 4.471693323276077 0.0 1.0 1.0 1 0 0 0.0 1.0 0
cell 40.231172842703295 13.549106550174097 0.0 1.0 1.0 1 0 0 0.0 1.0 0
cell 46.23544050638072 54.710985527007374 0.0 1.0 1.0 1 0 0 0.0 1.0 0
cell 30.357122909915248 3.3928189640264446 0.0 1.0 1.0 1 0 0 0.0 1.0 0
cell 5.707654369830254 21.758163725009894 0.0 1.0 1.0 1 0 0 0.0 1.0 0
cell 59.16184770541826 0.5876769452505 0.0 1.0 1.0 1 0 0 0.0 1.0 0
cell 32.90247731281053 50.72119374967942 0.0 1.0 1.0 1 0 0 0.0 1.0 0
cell 35.57090537944373 28.482831421378876 0.0 1.0 1.0 1 0 0 0.0 1.0 0
cell 34.0421126327073 54.670049609265114 0.0 1.0 1.0 1 0 0 0.0 1.0 0
cell 56.889931533898256 53.79312283154597 0.0 1.0 1.0 1 0 0 0.0 1.0 0
cell 63.439952666288484 7.140752195788397 0.0 1.0 1.0 1 0 0 0.0 1.0 0
cell 34.734338804772065 38.46293875580458 0.0 1.0 1.0 1 0 0 0.0 1.0 0
cell 48.07620482582752 54.219883321542035 0.0 1.0 1.0 1 0 0 0.0 1.0 0
cell 46.66630007527841 5.067849511817936 0.0 1.0 1.0 1 0 0 0.0 1.0 0
cell 58.15269335923531 6.595687732342799 0.0 1.0 1.0 1 0 0 0.0 1.0 0
cell 33.97148356548777 28.77323493136369 0.0 1.0 1.0 1 0 0 0.0 1.0 0
cell 19.035336493094793 45.427523196225955 0.0 1.0 1.0 1 0 0 0.0 1.0 0
cell 7.3366879294288125 17.707627547132816 0.0 1.0 1.0 1 0 0 0.0 1.0 0
cell 24.356679827519535 49.73926417673094 0.0 1.0 1.0 1 0 0 0.0 1.0 0
cell 64.84654874705191 42.963300941986795 0.0 1.0 1.0 1 0 0 0.0 1.0 0
cell 20.361753611888453 52.842018943658296 0.0 1.0 1.0 1 0 0 0.0 1.0 0
cell 64.26216638315238 0.11738664246171097 0.0 1.0 1.0 1 0 0 0.0 1.0 0
cell 37.029388765744926 66.89929426543878 0.0 1.0 1.0 1 0 0 0.0 1.0 0
cell 24.600417635525346 41.87973474195515 0.0 1.0 1.0 1 0 0 0.0 1.0 0
cell 29.997696498542993 21.107215217890754 0.0 1.0 1.0 1 0 0 0.0 1.0 0
cell 17.42915428516102 36.48223494419905 0.0 1.0 1.0 1 0 0 0.0 1.0 0
cell 4.288268051506297 0.2507041476162316 0.0 1.0 1.0 1 0 0 0.0 1.0 0
cell 18.390908100214087 50.73040530626932 0.0 1.0 1.0 1 0 0 0.0 1.0 0
cell 56.559328163551505 44.52256871075572 0.0 1.0 1.0 1 0 0 0.0 1.0 0
cell 22.39192591051011 43.087740130636526 0.0 1.0 1.0 1 0 0 0.0 1.0 0
cell 66.96642545373915 8.408977165817703 0.0 1.0 1.0 1 0 0 0.0 1.0 0
cell 64.57705827765449 44.169022399824286 0.0 1.0 1.0 1 0 0 0.0 1.0 0
cell 57.488530875609094 14.29774722863649 0.0 1.0 1.0 1 0 0 0.0 1.0 0
cell 10.025905493588745 66.81698378828452 0.0 1.0 1.0 1 0 0 0.0 1.0 0
cell 11.027969209352992 8.070688583469916 0.0 1.0 1.0 1 0 0 0.0 1.0 0
cell 49.77167558584319 6.156062062505818 0.0 1.0 1.0 1 0 0 0.0 1.0 0
cell 63.98686294181074 14.615217151632523 0.0 1.0 1.0 1 0 0 0.0 1.0 0
cell 59.64594746717194 54.09512959635006 0.0 1.0 1.0 1 0 0 0.0 1.0 0
cell 25.470072314030997 34.43722383325218 0.0 1.0 1.0 1 0 0 0.0 1.0 0
cell 12.161635263438322 23.00028235360865 0.0 1.0 1.0 1 0 0 0.0 1.0 0
cell 42.64121019204537 47.16731107777825 0.0 1.0 1.0 1 0 0 0.0 1.0 0
cell 62.176893890406404 58.731386688356636 0.0 1.0 1.0 1 0 0 0.0 1.0 0
cell 17.16500979816609 14.188269098974635 0.0 1.0 1.0 1 0 0 0.0 1.0 0
cell 60.280425538930196 48.02219815572482 0.0 1.0 1.0 1 0 0 0.0 1.0 0
cell 66.36634086144768 37.53193399973424 0.0 1.0 1.0 1 0 0 0.0 1.0 0
cell 18.261452785458598 44.07145640977314 0.0 1.0 1.0 1 0 0 0.0 1.0 0
cell 23.745811092382954 17.54312196397049 0.0 1.0 1.0 1 0 0 0.0 1.0 0
cell 19.32661704162442 29.05312630645138 0.0 1.0 1.0 1 0 0 0.0 1.0 0
cell 39.09260685451454 53.668354645348415 0.0 1.0 1.0 1 0 0 0.0 1.0 0
cell 54.78427897653621 48.25323477921381 0.0 1.0 1.0 1 0 0 0.0 1.0 0
cell 43.31334826584954 53.62368347031044 0.0 1.0 1.0 1 0 0 0.0 1.0 0
cell 26.781835665526454 23.27836974311977 0.0 1.0 1.0 1 0 0 0.0 1.0 0
cell 53.6709559504706 33.22279046526773 0.0 1.0 1.0 1 0 0 0.0 1.0 0
cell 8.347915288322321 7.2838842403653565 0.0 1.0 1.0 1 0 0 0.0 1.0 0
cell 50.01444923501657 23.73757870258755 0.0 1.0 1.0 1 0 0 0.0 1.0 0
cell 56.861781788658995 56.56104076698294 0.0 1.0 1.0 1 0 0 0.0 1.0 0
cell 24.968231450997962 36.59334085433178 0.0 1.0 1.0 1 0 0 0.0 1.0 0
cell 8.65168454989242 0.031993340853771465 0.0 1.0 1.0 1 0 0 0.0 1.0 0
cell 21.79756312347976 11.784187299173242 0.0 1.0 1.0 1 0 0 0.0 1.0 0
cell 33.445295735538174 1.4099895347163973 0.0 1.0 1.0 1 0 0 0.0 1.0 0
cell 38.70525725339652 19.495538280293243 0.0 1.0 1.0 1 0 0 0.0 1.0 0
cell 65.25020613275458 57.81400384648987 0.0 1.0 1.0 1 0 0 0.0 1.0 0
cell 51.74711996403839 42.91869750676571 0.0 1.0 1.0 1 0 0 0.0 1.0 0
cell 66.79355743327032 63.47385619411512 0.0 1.0 1.0 1 0 0 0.0 1.0 0
cell 32.334400709726175 35.934686809811716 0.0 1.0 1.0 1 0 0 0.0 1.0 0
cell 13.257698322826792 8.63572111033763 0.0 1.0 1.0 1 0 0 0.0 1.0 0
cell 0.18277659604282737 34.73204605614404 0.0 1.0 1.0 1 0 0 0.0 1.0 0
cell 30.325811990484052 60.60868739384085 0.0 1.0 1.0 1 0 0 0.0 1.0 0
cell 65.18517752475938 6.103042746997618 0.0 1.0 1.0 1 0 0 0.0 1.0 0
cell 49.349089867075946 9.482208739530646 0.0 1.0 1.0 1 0 0 0.0 1.0 0
cell 15.565446302406176 14.285905137795964 0.0 1.0 1.0 1 0 0 0.0 1.0 0
cell 38.97901784708868 31.620177583598153 0.0 1.0 1.0 1 0 0 0.0 1.0 0
cell 1.7241846174415942 20.763616248947898 0.0 1.0 1.0 1 0 0 0.0 1.0 0
cell 63.263677732290994 57.164175191550136 0.0 1.0 1.0 1 0 0 0.0 1.0 0
cell 34.99360505989006 41.17352880999481 0.0 1.0 1.0 1 0 0 0.0 1.0 0
cell 28.14112345827318 24.588325131435134 0.0 1.0 1.0 1 0 0 0.0 1.0 0
cell 54.5611227997239 6.32365677433756 0.0 1.0 1.0 1 0 0 0.0 1.0 0
cell 5.169589734380992 59.78098636735189 0.0 1.0 1.0 1 0 0 0.0 1.0 0
cell 62.62941796407842 53.37888463103418 0.0 1.0 1.0 1 0 0 0.0 1.0 0
cell 18.729848263571746 47.187811782431 0.0 1.0 1.0 1 0 0 0.0 1.0 0
cell 54.28114343458957 3.1579111223879517 0.0 1.0 1.0 1 0 0 0.0 1.0 0
cell 31.201028762945146 32.511767610583725 0.0 1.0 1.0 1 0 0 0.0 1.0 0
cell 61.370098879958235 39.74802230525852 0.0 1.0 1.0 1 0 0 0.0 1.0 0
cell 21.92853020431226 39.89719704720735 0.0 1.0 1.0 1 0 0 0.0 1.0 0
cell 45.0839022491768 56.627228368734585 0.0 1.0 1.0 1 0 0 0.0 1.0 0
cell 33.19508103536128 51.995016867248914 0.0 1.0 1.0 1 0 0 0.0 1.0 0
cell 7.019341320997198 1.8686777178426832 0.0 1.0 1.0 1 0 0 0.0 1.0 0
cell 59.75260580834295 17.079010510030603 0.0 1.0 1.0 1 0 0 0.0 1.0 0
cell 13.257015448773648 56.64074506337676 0.0 1.0 1.0 1 0 0 0.0 1.0 0
cell 61.846195426236854 11.711185657276 0.0 1.0 1.0 1 0 0 0.0 1.0 0
cell 10.915674185279881 41.45923783613769 0.0 1.0 1.0 1 0 0 0.0 1.0 0
cell 37.93316186493766 0.5760749951824707 0.0 1.0 1.0 1 0 0 0.0 1.0 0
cell 51.169774123729695 25.503340580407883 0.0 1.0 1.0 1 0 0 0.0 1.0 0
cell 4.4610464285812474 53.84703759088078 0.0 1.0 1.0 1 0 0 0.0 1.0 0
cell 4.8208688486622 9.133429761062528 0.0 1.0 1.0 1 0 0 0.0 1.0 0
cell 61.3368468608073 26.51141326872315 0.0 1.0 1.0 1 0 0 0.0 1.0 0
cell 59.59950787744173 54.517203266154276 0.0 1.0 1.0 1 0 0 0.0 1.0 0
cell 1.0358417656438899 22.595642994388246 0.0 1.0 1.0 1 0 0 0.0 1.0 0
cell 19.884177446059528 40.0837833752817 0.0 1.0 1.0 1 0 0 0.0 1.0 0
cell 14.183339703748608 47.31263368569521 0.0 1.0 1.0 1 0 0 0.0 1.0 0
cell 37.147191003083165 35.67059337245384 0.0 1.0 1.0 1 0 0 0.0 1.0 0
cell 51.417639680020685 57.959059026769815 0.0 1.0 1.0 1 0 0 0.0 1.0 0
cell 47.49930793326461 0.37652168456472623 0.0 1.0 1.0 1 0 0 0.0 1.0 0
cell 59.61019552983561 39.22625194563062 0.0 1.0 1.0 1 0 0 0.0 1.0 0
cell 11.822980518023433 58.387169792461656 0.0 1.0 1.0 1 0 0 0.0 1.0 0
cell 11.228649603435183 35.57299563678377 0.0 1.0 1.0 1 0 0 0.0 1.0 0
cell 30.003974409853164 25.108595760837098 0.0 1.0 1.0 1 0 0 0.0 1.0 0
cell 9.230744466777796 60.01165217638227 0.0 1.0 1.0 1 0 0 0.0 1.0 0
cell 5.435474828486155 11.46164714137786 0.0 1.0 1.0 1 0 0 0.0 1.0 0
cell 29.565453458439173 44.895254255622625 0.0 1.0 1.0 1 0 0 0.0 1.0 0
cell 40.13997126808095 33.48322191485853 0.0 1.0 1.0 1 0 0 0.0 1.0 0
cell 29.19488286494202 39.58949121079355 0.0 1.0 1.0 1 0 0 0.0 1.0 0
cell 11.355083288025495 26.701603136226893 0.0 1.0 1.0 1 0 0 0.0 1.0 0
cell 62.18604521584829 9.120107129987689 0.0 1.0 1.0 1 0 0 0.0 1.0 0
cell 24.885471979280684 35.34665733727474 0.0 1.0 1.0 1 0 0 0.0 1.0 0
cell 24.73102118935095 0.8046463424127025 0.0 1.0 1.0 1 0 0 0.0 1.0 0
cell 30.716229274817014 1.8349242125084624 0.0 1.0 1.0 1 0 0 0.0 1.0 0
cell 22.51532860045591 8.883212573748214 0.0 1.0 1.0 1 0 0 0.0 1.0 0
cell 0.4501625267653525 30.033821748436285 0.0 1.0 1.0 1 0 0 0.0 1.0 0
cell 20.4736173849692 54.61812068832289 0.0 1.0 1.0 1 0 0 0.0 1.0 0
cell 14.194398748964066 5.6037672345909515 0.0 1.0 1.0 1 0 0 0.0 1.0 0
cell 6.031209733402321 5.362991435367122 0.0 1.0 1.0 1 0 0 0.0 1.0 0
cell 21.26437733758513 8.786043745774755 0.0 1.0 1.0 1 0 0 0.0 1.0 0
cell 61.90131681993095 10.277598365220044 0.0 1.0 1.0 1 0 0 0.0 1.0 0
cell 60.80806687396223 16.363324558263674 0.0 1.0 1.0 1 0 0 0.0 1.0 0
cell 10.215980690263558 33.848738343921184 0.0 1.0 1.0 1 0 0 0.0 1.0 0
cell 45.751683140618006 9.12616161487329 0.0 1.0 1.0 1 0 0 0.0 1.0 0
cell 4.822976177242889 35.69130691372964 0.0 1.0 1.0 1 0 0 0.0 1.0 0
cell 42.82967485310198 51.66437471040441 0.0 1.0 1.0 1 0 0 0.0 1.0 0
cell 44.23805914922402 18.40443191807669 0.0 1.0 1.0 1 0 0 0.0 1.0 0
cell 23.511704511324112 21.174692916958907 0.0 1.0 1.0 1 0 0 0.0 1.0 0
cell 33.07567610696328 9.54992843501298 0.0 1.0 1.0 1 0 0 0.0 1.0 0
cell 45.05469158051473 64.78090045069726 0.0 1.0 1.0 1 0 0 0.0 1.0 0
cell 7.378003023974067 55.81021762253155 0.0 1.0 1.0 1 0 0 0.0 1.0 0
cell 25.807102111435892 65.82834219203936 0.0 1.0 1.0 1 0 0 0.0 1.0 0
cell 2.9386970210313894 14.932191507610703 0.0 1.0 1.0 1 0 0 0.0 1.0 0
cell 9.255075538088768 63.87243980657643 0.0 1.0 1.0 1 0 0 0.0 1.0 0
cell 52.47473438978527 44.07433393736403 0.0 1.0 1.0 1 0 0 0.0 1.0 0
cell 35.65414522184273 33.28455524545357 0.0 1.0 1.0 1 0 0 0.0 1.0 0
cell 46.337501301918365 64.73621243470079 0.0 1.0 1.0 1 0 0 0.0 1.0 0
cell 48.086367729653965 41.09427277542774 0.0 1.0 1.0 1 0 0 0.0 1.0 0
cell 49.329916141377 25.056285306966668 0.0 1.0 1.0 1 0 0 0.0 1.0 0
cell 30.28612972216736 14.174011832837667 0.0 1.0 1.0 1 0 0 0.0 1.0 0
cell 16.93710733865572 65.89666457545273 0.0 1.0 1.0 1 0 0 0.0 1.0 0
cell 21.250960867609262 45.09594848046538 0.0 1.0 1.0 1 0 0 0.0 1.0 0
cell 22.42788213449526 43.294629292290935 0.0 1.0 1.0 1 0 0 0.0 1.0 0
cell 36.20709144298719 17.780580708373016 0.0 1.0 1.0 1 0 0 0.0 1.0 0
cell 2.041264126082533 60.56536134418794 0.0 1.0 1.0 1 0 0 0.0 1.0 0
cell 41.79142548549189 38.27825712393237 0.0 1.0 1.0 1 0 0 0.0 1.0 0
cell 43.15679190507871 24.99326297688722 0.0 1.0 1.0 1 0 0 0.0 1.0 0
cell 26.74635869409314 51.79132233454841 0.0 1.0 1.0 1 0 0 0.0 1.0 0
cell 56.913548339845434 10.928575476344873 0.0 1.0 1.0 1 0 0 0.0 1.0 0
cell 36.90919176234477 37.688889079516414 0.0 1.0 1.0 1 0 0 0.0 1.0 0
cell 61.74531493727887 24.78326716992162 0.0 1.0 1.0 1 0 0 0.0 1.0 0
cell 21.447140898188355 38.2230926142346 0.0 1.0 1.0 1 0 0 0.0 1.0 0
cell 11.258135057311875 32.61705535757532 0.0 1.0 1.0 1 0 0 0.0 1.0 0
cell 3.3670989632985635 29.524641853274463 0.0 1.0 1.0 1 0 0 0.0 1.0 0
cell 59.945952795790866 45.35509057513969 0.0 1.0 1.0 1 0 0 0.0 1.0 0
cell 52.69640273483276 34.07593919036882 0.0 1.0 1.0 1 0 0 0.0 1.0 0
cell 47.122687191813604 31.234404526152264 0.0 1.0 1.0 1 0 0 0.0 1.0 0
cell 48.12182000585951 25.679023492586417 0.0 1.0 1.0 1 0 0 0.0 1.0 0
cell 28.915163497730394 61.01084216723188 0.0 1.0 1.0 1 0 0 0.0 1.0 0
cell 29.127372762000935 29.42417197667187 0.0 1.0 1.0 1 0 0 0.0 1.0 0
cell 42.37797540939726 18.37717500116324 0.0 1.0 1.0 1 0 0 0.0 1.0 0
cell 51.45444486163366 65.57545066917885 0.0 1.0 1.0 1 0 0 0.0 1.0 0
cell 16.599300745394096 16.595347674684042 0.0 1.0 1.0 1 0 0 0.0 1.0 0
cell 1.256410079561115 5.475903433221251 0.0 1.0 1.0 1 0 0 0.0 1.0 0
cell 57.08992917456341 19.634016064604904 0.0 1.0 1.0 1 0 0 0.0 1.0 0
cell 4.399209548513348 16.674143072040973 0.0 1.0 1.0 1 0 0 0.0 1.0 0
cell 40.08206062681754 47.04219485972446 0.0 1.0 1.0 1 0 0 0.0 1.0 0
cell 65.89790082373347 66.6666596295634 0.0 1.0 1.0 1 0 0 0.0 1.0 0
cell 25.932998730266753 32.773091823183044 0.0 1.0 1.0 1 0 0 0.0 1.0 0
cell 35.83629914629286 17.080913922414737 0.0 1.0 1.0 1 0 0 0.0 1.0 0
cell 43.06149477204031 48.7645736566893 0.0 1.0 1.0 1 0 0 0.0 1.0 0
cell 24.476256460274183 57.96834022490625 0.0 1.0 1.0 1 0 0 0.0 1.0 0
cell 28.63924051070932 56.450841532260455 0.0 1.0 1.0 1 0 0 0.0 1.0 0
cell 20.44828360629119 61.59193305158635 0.0 1.0 1.0 1 0 0 0.0 1.0 0
cell 47.52477505522918 32.01691985816923 0.0 1.0 1.0 1 0 0 0.0 1.0 0
cell 56.40458197369737 1.3414778424542648 0.0 1.0 1.0 1 0 0 0.0 1.0 0
cell 19.857559712686847 53.89287856424309 0.0 1.0 1.0 1 0 0 0.0 1.0 0
cell 34.7481292080953 64.92733466850372 0.0 1.0 1.0 1 0 0 0.0 1.0 0
cell 65.24711089352809 7.2140928280817755 0.0 1.0 1.0 1 0 0 0.0 1.0 0
cell 48.59037125091602 38.68019727402909 0.0 1.0 1.0 1 0 0 0.0 1.0 0
cell 32.13229248261846 8.963518276180876 0.0 1.0 1.0 1 0 0 0.0 1.0 0
cell 54.183842797215924 9.15204174539612 0.0 1.0 1.0 1 0 0 0.0 1.0 0
cell 20.418036412541756 33.476480996480916 0.0 1.0 1.0 1 0 0 0.0 1.0 0
cell 65.24528976079725 66.37640376142845 0.0 1.0 1.0 1 0 0 0.0 1.0 0
cell 37.72737140412075 21.990234468658542 0.0 1.0 1.0 1 0 0 0.0 1.0 0
cell 31.803804648125706 20.716466086946 0.0 1.0 1.0 1 0 0 0.0 1.0 0
cell 12.245521473829358 37.409758543549785 0.0 1.0 1.0 1 0 0 0.0 1.0 0
cell 43.40770930943686 27.41494263264568 0.0 1.0 1.0 1 0 0 0.0 1.0 0
cell 55.46008331068165 12.459483702636236 0.0 1.0 1.0 1 0 0 0.0 1.0 0
cell 9.235756794786441 19.913747497151824 0.0 1.0 1.0 1 0 0 0.0 1.0 0
cell 7.086991429609698 38.76182742370448 0.0 1.0 1.0 1 0 0 0.0 1.0 0
cell 27.395749451626735 0.3931666070223848 0.0 1.0 1.0 1 0 0 0.0 1.0 0
cell 26.288461356250444 38.3712740892338 0.0 1.0 1.0 1 0 0 0.0 1.0 0
cell 16.728113094860973 54.63846011333412 0.0 1.0 1.0 1 0 0 0.0 1.0 0
cell 57.003284342083724 50.4404179770011 0.0 1.0 1.0 1 0 0 0.0 1.0 0
cell 1.2324038720413832 37.95456170217494 0.0 1.0 1.0 1 0 0 0.0 1.0 0
cell 16.969829960937815 43.92414779609568 0.0 1.0 1.0 1 0 0 0.0 1.0 0
cell 6.537945724190591 31.57389906384048 0.0 1.0 1.0 1 0 0 0.0 1.0 0
cell 49.755297667036096 48.73997527696233 0.0 1.0 1.0 1 0 0 0.0 1.0 0
cell 54.701028943871606 15.478263530839302 0.0 1.0 1.0 1 0 0 0.0 1.0 0
cell 48.90998995685335 15.031369848461761 0.0 1.0 1.0 1 0 0 0.0 1.0 0
cell 29.484261304905043 64.9396926626661 0.0 1.0 1.0 1 0 0 0.0 1.0 0
cell 45.59363364763014 26.294139242113914 0.0 1.0 1.0 1 0 0 0.0 1.0 0
cell 28.156966282795864 25.79557212149143 0.0 1.0 1.0 1 0 0 0.0 1.0 0
cell 9.159322801343992 61.24152474521371 0.0 1.0 1.0 1 0 0 0.0 1.0 0
cell 61.986453558322054 65.85762763935244 0.0 1.0 1.0 1 0 0 0.0 1.0 0
cell 28.10966252300214 43.21114676238439 0.0 1.0 1.0 1 0 0 0.0 1.0 0
cell 62.38429212197697 38.638130362939144 0.0 1.0 1.0 1 0 0 0.0 1.0 0
cell 1.0351408717735846 34.407500194937555 0.0 1.0 1.0 1 0 0 0.0 1.0 0
cell 12.5986331144937 61.53614487860967 0.0 1.0 1.0 1 0 0 0.0 1.0 0
cell 58.40777250874146 45.51624149840326 0.0 1.0 1.0 1 0 0 0.0 1.0 0
cell 36.91049143365322 23.19586276589235 0.0 1.0 1.0 1 0 0 0.0 1.0 0
cell 60.860104166254544 15.627852247296339 0.0 1.0 1.0 1 0 0 0.0 1.0 0
cell 22.90998914038042 51.92099566155204 0.0 1.0 1.0 1 0 0 0.0 1.0 0
cell 32.92618509481418 45.53688405075313 0.0 1.0 1.0 1 0 0 0.0 1.0 0
cell 12.614049311948227 39.0952444799569 0.0 1.0 1.0 1 0 0 0.0 1.0 0
cell 63.190984875145574 59.179625756619956 0.0 1.0 1.0 1 0 0 0.0 1.0 0
cell 2.0552637649388426 17.135520095716767 0.0 1.0 1.0 1 0 0 0.0 1.0 0
cell 49.766562647699445 51.87673431338021 0.0 1.0 1.0 1 0 0 0.0 1.0 0
cell 55.17398877126978 55.371135144938776 0.0 1.0 1.0 1 0 0 0.0 1.0 0
cell 65.15010495553602 49.152423588439895 0.0 1.0 1.0 1 0 0 0.0 1.0 0
cell 47.59381997777062 40.2294532448151 0.0 1.0 1.0 1 0 0 0.0 1.0 0
cell 2.0958541924515037 50.31543187615453 0.0 1.0 1.0 1 0 0 0.0 1.0 0
cell 51.606971443785085 60.47704216830159 0.0 1.0 1.0 1 0 0 0.0 1.0 0
cell 2.47595903216506 7.784612055524441 0.0 1.0 1.0 1 0 0 0.0 1.0 0
cell 9.46821201476561 26.07318863113028 0.0 1.0 1.0 1 0 0 0.0 1.0 0
cell 11.939651699396821 64.76131527430974 0.0 1.0 1.0 1 0 0 0.0 1.0 0
cell 36.80584460695976 55.301621318437725 0.0 1.0 1.0 1 0 0 0.0 1.0 0
cell 3.299278628261863 51.12246460301493 0.0 1.0 1.0 1 0 0 0.0 1.0 0
cell 6.092122240121103 6.60438139740269 0.0 1.0 1.0 1 0 0 0.0 1.0 0
cell 32.84132670394938 17.087969986044488 0.0 1.0 1.0 1 0 0 0.0 1.0 0
cell 39.71390136316169 16.707382881325813 0.0 1.0 1.0 1 0 0 0.0 1.0 0
cell 53.22552854539507 21.685017075179523 0.0 1.0 1.0 1 0 0 0.0 1.0 0
cell 25.940700615401244 21.881056033861725 0.0 1.0 1.0 1 0 0 0.0 1.0 0
cell 32.18650855218491 15.523678850991512 0.0 1.0 1.0 1 0 0 0.0 1.0 0
cell 60.35185913013053 1.5917327422826544 0.0 1.0 1.0 1 0 0 0.0 1.0 0
cell 58.691993015462955 46.96411926065791 0.0 1.0 1.0 1 0 0 0.0 1.0 0
cell 37.572274748744455 9.10210984902497 0.0 1.0 1.0 1 0 0 0.0 1.0 0
cell 17.571366669292 66.36309540796381 0.0 1.0 1.0 1 0 0 0.0 1.0 0
cell 38.16003894046295 7.274405904527828 0.0 1.0 1.0 1 0 0 0.0 1.0 0
cell 26.091301522388296 18.323614012441848 0.0 1.0 1.0 1 0 0 0.0 1.0 0
cell 3.122922629109799 38.55681137927123 0.0 1.0 1.0 1 0 0 0.0 1.0 0
cell 54.9179704812718 30.562059169477124 0.0 1.0 1.0 1 0 0 0.0 1.0 0
cell 27.06419404740268 51.94894043562947 0.0 1.0 1.0 1 0 0 0.0 1.0 0
cell 4.128662993093597 64.65166059449173 0.0 1.0 1.0 1 0 0 0.0 1.0 0
cell 33.57845550450524 66.18126604009392 0.0 1.0 1.0 1 0 0 0.0 1.0 0
cell 3.4816655633758833 48.190379372807506 0.0 1.0 1.0 1 0 0 0.0 1.0 0
cell 41.774528463421326 29.654755674928378 0.0 1.0 1.0 1 0 0 0.0 1.0 0
cell 22.581353690872042 39.44359196436206 0.0 1.0 1.0 1 0 0 0.0 1.0 0
cell 63.603378670161206 42.63449322288189 0.0 1.0 1.0 1 0 0 0.0 1.0 0
cell 41.75081192542854 54.49607929191398 0.0 1.0 1.0 1 0 0 0.0 1.0 0
cell 21.54748162192223 18.081750700282473 0.0 1.0 1.0 1 0 0 0.0 1.0 0
cell 37.472465451357266 11.512472143310822 0.0 1.0 1.0 1 0 0 0.0 1.0 0
cell 57.21251613158237 48.43527973368988 0.0 1.0 1.0 1 0 0 0.0 1.0 0
cell 55.14085969434278 60.176748410447935 0.0 1.0 1.0 1 0 0 0.0 1.0 0
cell 57.10644782473851 28.932659119786745 0.0 1.0 1.0 1 0 0 0.0 1.0 0
cell 26.1448688766628 42.73798105173605 0.0 1.0 1.0 1 0 0 0.0 1.0 0
cell 4.704254974077277 24.456048200657765 0.0 1.0 1.0 1 0 0 0.0 1.0 0
cell 64.24603751807501 39.69227462377883 0.0 1.0 1.0 1 0 0 0.0 1.0 0
cell 7.495313312137005 17.482972325387962 0.0 1.0 1.0 1 0 0 0.0 1.0 0
cell 45.519380579522334 10.2259548179367 0.0 1.0 1.0 1 0 0 0.0 1.0 0
cell 31.112930911056036 48.87779067481991 0.0 1.0 1.0 1 0 0 0.0 1.0 0
cell 18.9351461711428 5.8777043888921 0.0 1.0 1.0 1 0 0 0.0 1.0 0
cell 42.422926461553324 43.94403940106986 0.0 1.0 1.0 1 0 0 0.0 1.0 0
cell 16.12311968518015 12.281704140090628 0.0 1.0 1.0 1 0 0 0.0 1.0 0
cell 17.92410168651703 16.351613129166353 0.0 1.0 1.0 1 0 0 0.0 1.0 0
cell 25.09293307800888 57.37489086171503 0.0 1.0 1.0 1 0 0 0.0 1.0 0
cell 1.0711900159328436 27.712035085127035 0.0 1.0 1.0 1 0 0 0.0 1.0 0
cell 44.00262834823562 11.86476613888123 0.0 1.0 1.0 1 0 0 0.0 1.0 0
cell 43.07094896299218 6.016547103422407 0.0 1.0 1.0 1 0 0 0.0 1.0 0
cell 66.72022259886748 40.016638028292455 0.0 1.0 1.0 1 0 0 0.0 1.0 0
cell 29.73728570495368 53.555641680235894 0.0 1.0 1.0 1 0 0 0.0 1.0 0
cell 66.4262176992781 40.615629372874324 0.0 1.0 1.0 1 0 0 0.0 1.0 0
cell 19.279852222833956 27.65289680138161 0.0 1.0 1.0 1 0 0 0.0 1.0 0
cell 7.510818459780689 45.25766911836651 0.0 1.0 1.0 1 0 0 0.0 1.0 0
cell 61.02039550062158 0.16283395132867068 0.0 1.0 1.0 1 0 0 0.0 1.0 0
cell 23.831447776474263 10.306205667995343 0.0 1.0 1.0 1 0 0 0.0 1.0 0
cell 16.231763473629478 50.54847453327062 0.0 1.0 1.0 1 0 0 0.0 1.0 0
cell 41.83576957870542 18.40893388845649 0.0 1.0 1.0 1 0 0 0.0 1.0 0
cell 24.092196401709586 37.44546614429108 0.0 1.0 1.0 1 0 0 0.0 1.0 0
cell 15.209427674393444 14.63283149895952 0.0 1.0 1.0 1 0 0 0.0 1.0 0
cell 26.169112206013892 56.067421226077265 0.0 1.0 1.0 1 0 0 0.0 1.0 0
cell 28.823997779642454 19.138598997483314 0.0 1.0 1.0 1 0 0 0.0 1.0 0
cell 23.42990520036165 62.870698145152524 0.0 1.0 1.0 1 0 0 0.0 1.0 0
cell 25.178868699963346 27.197360675588005 0.0 1.0 1.0 1 0 0 0.0 1.0 0
cell 49.7377966968057 20.482432258162852 0.0 1.0 1.0 1 0 0 0.0 1.0 0
cell 21.47483754782844 25.040654364237465 0.0 1.0 1.0 1 0 0 0.0 1.0 0
cell 21.23878995954084 26.32176499955303 0.0 1.0 1.0 1 0 0 0.0 1.0 0
cell 46.25792179230492 35.85834722315322 0.0 1.0 1.0 1 0 0 0.0 1.0 0
cell 0.5274398254609443 5.093357727583387 0.0 1.0 1.0 1 0 0 0.0 1.0 0
cell 66.59550170565961 20.10622417198448 0.0 1.0 1.0 1 0 0 0.0 1.0 0
cell 39.711197902603864 49.86777875268865 0.0 1.0 1.0 1 0 0 0.0 1.0 0
cell 45.62995761024267 13.694304411597152 0.0 1.0 1.0 1 0 0 0.0 1.0 0
cell 25.128330554920474 26.9396990819982 0.0 1.0 1.0 1 0 0 0.0 1.0 0
cell 19.215662325043663 14.413119269891805 0.0 1.0 1.0 1 0 0 0.0 1.0 0
cell 51.42380376096054 26.006428533440353 0.0 1.0 1.0 1 0 0 0.0 1.0 0
cell 59.04434555633165 12.48198314530219 0.0 1.0 1.0 1 0 0 0.0 1.0 0
cell 10.268637912319821 35.82095962155697 0.0 1.0 1.0 1 0 0 0.0 1.0 0
cell 5.747966545210842 10.132634902779593 0.0 1.0 1.0 1 0 0 0.0 1.0 0
cell 21.656651301877872 25.756970492268195 0.0 1.0 1.0 1 0 0 0.0 1.0 0
cell 13.449552041422962 59.54924257080246 0.0 1.0 1.0 1 0 0 0.0 1.0 0
cell 63.72047614594941 33.45200569975118 0.0 1.0 1.0 1 0 0 0.0 1.0 0
cell 22.15054577884754 63.968554075577245 0.0 1.0 1.0 1 0 0 0.0 1.0 0
cell 56.57835783045498 35.09604124972695 0.0 1.0 1.0 1 0 0 0.0 1.0 0
cell 30.277818504154055 37.90148571458742 0.0 1.0 1.0 1 0 0 0.0 1.0 0
cell 53.19987516608006 54.952107094770746 0.0 1.0 1.0 1 0 0 0.0 1.0 0
cell 6.830304557829899 35.2319589133093 0.0 1.0 1.0 1 0 0 0.0 1.0 0
cell 0.41522023651499795 5.162978069439042 0.0 1.0 1.0 1 0 0 0.0 1.0 0
cell 35.758441306995955 52.67927537790137 0.0 1.0 1.0 1 0 0 0.0 1.0 0
cell 53.33221037346218 42.7714626834101 0.0 1.0 1.0 1 0 0 0.0 1.0 0
cell 5.846487048547876 4.8550728614051755 0.0 1.0 1.0 1 0 0 0.0 1.0 0
cell 41.67330357453859 30.805321052367425 0.0 1.0 1.0 1 0 0 0.0 1.0 0
cell 7.25714344791689 44.741091097677874 0.0 1.0 1.0 1 0 0 0.0 1.0 0
cell 33.48777994680253 10.937902363300731 0.0 1.0 1.0 1 0 0 0.0 1.0 0
cell 6.532422604812867 14.501830997263482 0.0 1.0 1.0 1 0 0 0.0 1.0 0
cell 59.56333868871003 53.9233856618351 0.0 1.0 1.0 1 0 0 0.0 1.0 0
cell 60.090372756931586 12.77155847799875 0.0 1.0 1.0 1 0 0 0.0 1.0 0
cell 22.539793547668445 2.1704546566672995 0.0 1.0 1.0 1 0 0 0.0 1.0 0
cell 10.982020621468534 16.186277370732334 0.0 1.0 1.0 1 0 0 0.0 1.0 0
cell 32.301487713822425 16.505721998961327 0.0 1.0 1.0 1 0 0 0.0 1.0 0
cell 11.33457798350595 7.004721193479125 0.0 1.0 1.0 1 0 0 0.0 1.0 0
cell 54.22825431607475 60.598259636286365 0.0 1.0 1.0 1 0 0 0.0 1.0 0
cell 57.71251145163126 55.442316818983905 0.0 1.0 1.0 1 0 0 0.0 1.0 0
cell 46.681675526597715 7.072348016265798 0.0 1.0 1.0 1 0 0 0.0 1.0 0
cell 57.00753160715617 12.588782560772543 0.0 1.0 1.0 1 0 0 0.0 1.0 0
cell 21.218896645022685 39.41942427787736 0.0 1.0 1.0 1 0 0 0.0 1.0 0
cell 66.58761575700726 38.12127168826458 0.0 1.0 1.0 1 0 0 0.0 1.0 0
cell 61.226044490078294 22.017994216940505 0.0 1.0 1.0 1 0 0 0.0 1.0 0
cell 60.11127601966241 37.04414433731397 0.0 1.0 1.0 1 0 0 0.0 1.0 0
cell 64.20921296356846 55.641336073871166 0.0 1.0 1.0 1 0 0 0.0 1.0 0
cell 55.238928481201555 13.292909119118706 0.0 1.0 1.0 1 0 0 0.0 1.0 0
cell 42.1871681515593 50.667090763567934 0.0 1.0 1.0 1 0 0 0.0 1.0 0
cell 46.37047025997818 16.82362369547885 0.0 1.0 1.0 1 0 0 0.0 1.0 0
cell 50.978420560510465 64.48837131580241 0.0 1.0 1.0 1 0 0 0.0 1.0 0
cell 21.23901232158222 61.33152294034318 0.0 1.0 1.0 1 0 0 0.0 1.0 0
cell 51.91332979327399 32.56176322772064 0.0 1.0 1.0 1 0 0 0.0 1.0 0
cell 6.724954784210998 34.567457453798085 0.0 1.0 1.0 1 0 0 0.0 1.0 0
cell 43.981883958941886 14.670192003531827 0.0 1.0 1.0 1 0 0 0.0 1.0 0
cell 34.67516728326079 51.33207497765406 0.0 1.0 1.0 1 0 0 0.0 1.0 0
cell 44.548932370904396 47.10745562144814 0.0 1.0 1.0 1 0 0 0.0 1.0 0
cell 14.629151399762518 66.34906711093704 0.0 1.0 1.0 1 0 0 0.0 1.0 0
cell 66.1710317093598 47.709706892480895 0.0 1.0 1.0 1 0 0 0.0 1.0 0
cell 18.15990449373665 57.665604587048335 0.0 1.0 1.0 1 0 0 0.0 1.0 0
cell 41.24578933136091 42.28617292861841 0.0 1.0 1.0 1 0 0 0.0 1.0 0
cell 8.825657304668448 49.98888685359327 0.0 1.0 1.0 1 0 0 0.0 1.0 0
cell 26.828994650977403 10.56181651360429 0.0 1.0 1.0 1 0 0 0.0 1.0 0
cell 27.396240860963452 22.07045063618931 0.0 1.0 1.0 1 0 0 0.0 1.0 0
cell 0.03127652556726047 34.78332637359312 0.0 1.0 1.0 1 0 0 0.0 1.0 0
cell 52.654916794608695 60.539689129188474 0.0 1.0 1.0 1 0 0 0.0 1.0 0
cell 40.068588486343536 6.300351379244213 0.0 1.0 1.0 1 0 0 0.0 1.0 0
cell 25.802418813680887 61.216787624413016 0.0 1.0 1.0 1 0 0 0.0 1.0 0
cell 64.30056954450198 26.25185049037255 0.0 1.0 1.0 1 0 0 0.0 1.0 0
cell 18.08284256449761 29.950795413684833 0.0 1.0 1.0 1 0 0 0.0 1.0 0
cell 34.268247992384595 9.644511525641294 0.0 1.0 1.0 1 0 0 0.0 1.0 0
cell 44.21118858460232 8.99528368327931 0.0 1.0 1.0 1 0 0 0.0 1.0 0
cell 32.86648510181798 38.00025201463711 0.0 1.0 1.0 1 0 0 0.0 1.0 0
cell 39.00323591389762 2.1222545692138133 0.0 1.0 1.0 1 0 0 0.0 1.0 0
cell 51.629249122583445 11.441165419589518 0.0 1.0 1.0 1 0 0 0.0 1.0 0
cell 1.3126497835460365 18.902828199754747 0.0 1.0 1.0 1 0 0 0.0 1.0 0
cell 11.543662593914307 33.159295272863645 0.0 1.0 1.0 1 0 0 0.0 1.0 0
cell 59.31692593483635 56.02210966382911 0.0 1.0 1.0 1 0 0 0.0 1.0 0
cell 43.13854755904598 59.72739264131236 0.0 1.0 1.0 1 0 0 0.0 1.0 0
cell 3.7674448134672076 2.426768101362242 0.0 1.0 1.0 1 0 0 0.0 1.0 0
cell 30.240609907874152 8.634609650954413 0.0 1.0 1.0 1 0 0 0.0 1.0 0
cell 54.24733751297209 34.08885197451929 0.0 1.0 1.0 1 0 0 0.0 1.0 0
cell 49.913650791191216 33.03887093622007 0.0 1.0 1.0 1 0 0 0.0 1.0 0
cell 32.482027969678356 51.6604992391384 0.0 1.0 1.0 1 0 0 0.0 1.0 0
cell 1.4848477571807392 65.49157705766177 0.0 1.0 1.0 1 0 0 0.0 1.0 0
cell 65.26469684456886 11.184352355666645 0.0 1.0 1.0 1 0 0 0.0 1.0 0
cell 3.422602170429904 14.588460761486145 0.0 1.0 1.0 1 0 0 0.0 1.0 0
cell 31.888785738151146 54.23296830737644 0.0 1.0 1.0 1 0 0 0.0 1.0 0
cell 16.115124636097324 58.098583516599774 0.0 1.0 1.0 1 0 0 0.0 1.0 0
cell 44.64803285743463 49.75444533866287 0.0 1.0 1.0 1 0 0 0.0 1.0 0
cell 11.566832541400895 23.67621017178245 0.0 1.0 1.0 1 0 0 0.0 1.0 0
cell 53.383802805051275 6.787631467065131 0.0 1.0 1.0 1 0 0 0.0 1.0 0
cell 0.009601056649444275 27.401548762380898 0.0 1.0 1.0 1 0 0 0.0 1.0 0
cell 29.546796002987477 37.907407181611916 0.0 1.0 1.0 1 0 0 0.0 1.0 0
cell 56.537393610898086 25.437083336456865 0.0 1.0 1.0 1 0 0 0.0 1.0 0
cell 46.47196753485553 50.08184751807998 0.0 1.0 1.0 1 0 0 0.0 1.0 0
cell 43.02245203428083 65.72465473553083 0.0 1.0 1.0 1 0 0 0.0 1.0 0
cell 41.31046504010024 9.451210242809335 0.0 1.0 1.0 1 0 0 0.0 1.0 0
cell 4.122294594459238 34.51045527635091 0.0 1.0 1.0 1 0 0 0.0 1.0 0
cell 36.687032328738184 33.59612530354959 0.0 1.0 1.0 1 0 0 0.0 1.0 0
cell 1.7766026610190238 32.647638969629355 0.0 1.0 1.0 1 0 0 0.0 1.0 0
cell 50.83571763085562 10.867647701723403 0.0 1.0 1.0 1 0 0 0.0 1.0 0
cell 50.715484502926394 36.158550397018345 0.0 1.0 1.0 1 0 0 0.0 1.0 0
cell 52.56799196515906 25.11933005226118 0.0 1.0 1.0 1 0 0 0.0 1.0 0
cell 0.12061011616042906 42.12955438300621 0.0 1.0 1.0 1 0 0 0.0 1.0 0
cell 29.30406106237851 30.621750954090082 0.0 1.0 1.0 1 0 0 0.0 1.0 0
cell 41.154402174614205 16.2272040581209 0.0 1.0 1.0 1 0 0 0.0 1.0 0
cell 34.390729541759455 45.021363444483924 0.0 1.0 1.0 1 0 0 0.0 1.0 0
cell 7.588761981685061 31.444593495044483 0.0 1.0 1.0 1 0 0 0.0 1.0 0
cell 42.24592548071185 1.9508783991402658 0.0 1.0 1.0 1 0 0 0.0 1.0 0
cell 11.359399323879073 50.53754744901773 0.0 1.0 1.0 1 0 0 0.0 1.0 0
cell 10.070178507987029 42.044423544014364 0.0 1.0 1.0 1 0 0 0.0 1.0 0
cell 37.38201703783435 15.092162912728577 0.0 1.0 1.0 1 0 0 0.0 1.0 0
cell 45.70831056883829 55.23753832816206 0.0 1.0 1.0 1 0 0 0.0 1.0 0
cell 46.19807591936813 11.787636200159598 0.0 1.0 1.0 1 0 0 0.0 1.0 0
cell 66.12888050270418 46.894629309114116 0.0 1.0 1.0 1 0 0 0.0 1.0 0
cell 33.92947742192664 41.21981622789634 0.0 1.0 1.0 1 0 0 0.0 1.0 0
cell 58.54544038123897 9.29417558870715 0.0 1.0 1.0 1 0 0 0.0 1.0 0
cell 1.274181235826757 63.71921696144095 0.0 1.0 1.0 1 0 0 0.0 1.0 0
cell 36.10779194582962 20.2002343767413 0.0 1.0 1.0 1 0 0 0.0 1.0 0
cell 14.578335497140005 1.7045982882377082 0.0 1.0 1.0 1 0 0 0.0 1.0 0
cell 6.177767899306327 63.46526041094339 0.0 1.0 1.0 1 0 0 0.0 1.0 0
cell 34.04937833110898 38.510138462297576 0.0 1.0 1.0 1 0 0 0.0 1.0 0
cell 23.511067884963488 58.57325622308447 0.0 1.0 1.0 1 0 0 0.0 1.0 0
cell 1.4685635666886772 61.920246756226085 0.0 1.0 1.0 1 0 0 0.0 1.0 0
cell 22.876875254097325 5.213064305931075 0.0 1.0 1.0 1 0 0 0.0 1.0 0
cell 66.77366320180825 25.565337474086224 0.0 1.0 1.0 1 0 0 0.0 1.0 0
cell 39.31274417123335 51.5563160886866 0.0 1.0 1.0 1 0 0 0.0 1.0 0
cell 36.65097897071397 38.34083485063916 0.0 1.0 1.0 1 0 0 0.0 1.0 0
cell 46.37680952163669 64.48870730509435 0.0 1.0 1.0 1 0 0 0.0 1.0 0
cell 48.302732885178635 19.388620825149424 0.0 1.0 1.0 1 0 0 0.0 1.0 0
cell 35.0501901386239 60.52616598869981 0.0 1.0 1.0 1 0 0 0.0 1.0 0
cell 60.048020280500054 60.3785072844077 0.0 1.0 1.0 1 0 0 0.0 1.0 0
cell 49.15337588622289 37.01021799095012 0.0 1.0 1.0 1 0 0 0.0 1.0 0
cell 52.5084158570735 4.344453277456887 0.0 1.0 1.0 1 0 0 0.0 1.0 0
cell 19.277782094751252 3.3134769888283593 0.0 1.0 1.0 1 0 0 0.0 1.0 0
cell 58.5473620744747 40.4997330318292 0.0 1.0 1.0 1 0 0 0.0 1.0 0
cell 33.817376215303234 25.974618342359626 0.0 1.0 1.0 1 0 0 0.0 1.0 0
cell 60.35322022622967 9.720690295859455 0.0 1.0 1.0 1 0 0 0.0 1.0 0
cell 61.49850557049498 28.55223533632329 0.0 1.0 1.0 1 0 0 0.0 1.0 0
cell 46.821217779686194 20.997814751624958 0.0 1.0 1.0 1 0 0 0.0 1.0 0
cell 34.560238309365374 11.17577997795203 0.0 1.0 1.0 1 0 0 0.0 1.0 0
cell 54.22691481673653 42.77734313295007 0.0 1.0 1.0 1 0 0 0.0 1.0 0
cell 60.00078301039135 48.67384865921817 0.0 1.0 1.0 1 0 0 0.0 1.0 0
cell 13.425446038011863 44.50158378906174 0.0 1.0 1.0 1 0 0 0.0 1.0 0
cell 18.827434962847068 8.810132687399845 0.0 1.0 1.0 1 0 0 0.0 1.0 0
cell 31.403002605636324 41.891571776355555 0.0 1.0 1.0 1 0 0 0.0 1.0 0
cell 16.919515170470703 48.66455400054085 0.0 1.0 1.0 1 0 0 0.0 1.0 0
cell 30.672691259761024 41.342470274907555 0.0 1.0 1.0 1 0 0 0.0 1.0 0
cell 46.66480978394811 23.00139824741514 0.0 1.0 1.0 1 0 0 0.0 1.0 0
cell 16.21040398615093 65.75208477604434 0.0 1.0 1.0 1 0 0 0.0 1.0 0
cell 20.320983436291908 48.75633169933879 0.0 1.0 1.0 1 0 0 0.0 1.0 0
cell 18.543029996517276 18.990506253772658 0.0 1.0 1.0 1 0 0 0.0 1.0 0
cell 40.30087200703705 59.95199740065932 0.0 1.0 1.0 1 0 0 0.0 1.0 0
cell 24.17919686543507 10.926098630995824 0.0 1.0 1.0 1 0 0 0.0 1.0 0
cell 11.154239228549452 2.4712904259536757 0.0 1.0 1.0 1 0 0 0.0 1.0 0
cell 53.64711823357552 9.93842378371411 0.0 1.0 1.0 1 0 0 0.0 1.0 0
cell 40.6939571511255 28.670600785033376 0.0 1.0 1.0 1 0 0 0.0 1.0 0
cell 2.0911046790979637 60.76508226522448 0.0 1.0 1.0 1 0 0 0.0 1.0 0
cell 32.53510405619126 9.089565800359448 0.0 1.0 1.0 1 0 0 0.0 1.0 0
cell 4.792603923604193 5.932511827505525 0.0 1.0 1.0 1 0 0 0.0 1.0 0
cell 0.00035967923458975876 46.887593546087885 0.0 1.0 1.0 1 0 0 0.0 1.0 0
cell 46.01511929643063 24.501651819458086 0.0 1.0 1.0 1 0 0 0.0 1.0 0
cell 11.707465352673681 45.29327363593624 0.0 1.0 1.0 1 0 0 0.0 1.0 0
cell 38.65330263850735 11.586027268625028 0.0 1.0 1.0 1 0 0 0.0 1.0 0
cell 23.02233669764708 18.434626064791438 0.0 1.0 1.0 1 0 0 0.0 1.0 0
cell 30.745872463947556 58.71798537331199 0.0 1.0 1.0 1 0 0 0.0 1.0 0
cell 31.770976106272073 20.367746899127052 0.0 1.0 1.0 1 0 0 0.0 1.0 0
cell 46.869938552498006 11.154590059069136 0.0 1.0 1.0 1 0 0 0.0 1.0 0
cell 63.561954253999176 10.276072403797778 0.0 1.0 1.0 1 0 0 0.0 1.0 0
cell 33.10633720912293 41.06690941098949 0.0 1.0 1.0 1 0 0 0.0 1.0 0
cell 56.3021585237118 64.20031303021865 0.0 1.0 1.0 1 0 0 0.0 1.0 0
cell 43.51687689114946 29.070729203270318 0.0 1.0 1.0 1 0 0 0.0 1.0 0
cell 5.830522422179123 45.464106107538406 0.0 1.0 1.0 1 0 0 0.0 1.0 0
cell 29.461232896045466 27.45793150083579 0.0 1.0 1.0 1 0 0 0.0 1.0 0
cell 5.514138902075069 35.75027391211948 0.0 1.0 1.0 1 0 0 0.0 1.0 0
cell 43.64587023863386 42.438066652090264 0.0 1.0 1.0 1 0 0 0.0 1.0 0
cell 33.43242027236116 59.974178507396736 0.0 1.0 1.0 1 0 0 0.0 1.0 0
cell 63.384235344417235 27.567935364369745 0.0 1.0 1.0 1 0 0 0.0 1.0 0
cell 59.85943019634721 10.230873075402416 0.0 1.0 1.0 1 0 0 0.0 1.0 0
cell 57.65841453272216 63.25509880146583 0.0 1.0 1.0 1 0 0 0.0 1.0 0
cell 11.18120888326309 57.12854543375331 0.0 1.0 1.0 1 0 0 0.0 1.0 0
cell 59.20322579181248 13.47482094808584 0.0 1.0 1.0 1 0 0 0.0 1.0 0
cell 22.650571456222302 27.62927981993362 0.0 1.0 1.0 1 0 0 0.0 1.0 0
cell 2.5684690725595343 22.51087945259431 0.0 1.0 1.0 1 0 0 0.0 1.0 0
cell 52.95343709389501 3.9781037357418287 0.0 1.0 1.0 1 0 0 0.0 1.0 0
cell 1.233794385786596 40.3151516206654 0.0 1.0 1.0 1 0 0 0.0 1.0 0
cell 28.800442637816627 44.38862106481712 0.0 1.0 1.0 1 0 0 0.0 1.0 0
cell 61.19247547091426 14.324325670213483 0.0 1.0 1.0 1 0 0 0.0 1.0 0
cell 46.14753619076552 28.76427022767321 0.0 1.0 1.0 1 0 0 0.0 1.0 0
cell 6.115333914844983 50.80054147174519 0.0 1.0 1.0 1 0 0 0.0 1.0 0
cell 41.1669205643082 15.64886218396472 0.0 1.0 1.0 1 0 0 0.0 1.0 0
cell 30.838198488923283 39.770674689559605 0.0 1.0 1.0 1 0 0 0.0 1.0 0
cell 53.10561196341138 3.7203387423161023 0.0 1.0 1.0 1 0 0 0.0 1.0 0
cell 11.141902229921822 51.13910907630491 0.0 1.0 1.0 1 0 0 0.0 1.0 0
cell 54.405033252116674 42.492579218344765 0.0 1.0 1.0 1 0 0 0.0 1.0 0
cell 4.494044465180184 66.67994666351602 0.0 1.0 1.0 1 0 0 0.0 1.0 0
cell 53.97414564954221 18.980728035521665 0.0 1.0 1.0 1 0 0 0.0 1.0 0
cell 52.95155553719459 26.181494665169986 0.0 1.0 1.0 1 0 0 0.0 1.0 0
cell 28.94509259403316 55.41980762425611 0.0 1.0 1.0 1 0 0 0.0 1.0 0
cell 8.619379389745013 66.4233508932593 0.0 1.0 1.0 1 0 0 0.0 1.0 0
cell 19.820315946405437 3.9785661610979224 0.0 1.0 1.0 1 0 0 0.0 1.0 0
cell 10.217672067380478 2.56887881880729 0.0 1.0 1.0 1 0 0 0.0 1.0 0
cell 20.687783539103645 60.46343306136431 0.0 1.0 1.0 1 0 0 0.0 1.0 0
cell 11.07670199426606 60.15541365127958 0.0 1.0 1.0 1 0 0 0.0 1.0 0
cell 2.9783006023162675 18.94716967426171 0.0 1.0 1.0 1 0 0 0.0 1.0 0
cell 63.147385601956515 11.108882606809257 0.0 1.0 1.0 1 0 0 0.0 1.0 0
cell 10.572516254285834 47.28089193871207 0.0 1.0 1.0 1 0 0 0.0 1.0 0
cell 0.11785809399450037 15.289310311496795 0.0 1.0 1.0 1 0 0 0.0 1.0 0
cell 44.16221220497543 42.6812337006711 0.0 1.0 1.0 1 0 0 0.0 1.0 0
cell 19.362748225279258 28.322175766768456 0.0 1.0 1.0 1 0 0 0.0 1.0 0
cell 28.85937444470257 66.84019593453023 0.0 1.0 1.0 1 0 0 0.0 1.0 0
cell 42.46746702921647 29.528503963891858 0.0 1.0 1.0 1 0 0 0.0 1.0 0
cell 19.641732909152534 46.18314408941862 0.0 1.0 1.0 1 0 0 0.0 1.0 0
cell 23.177061702855234 35.798566842999726 0.0 1.0 1.0 1 0 0 0.0 1.0 0
cell 21.801432909564554 66.7115879574913 0.0 1.0 1.0 1 0 0 0.0 1.0 0
cell 3.163189711239845 61.85906114428727 0.0 1.0 1.0 1 0 0 0.0 1.0 0
cell 32.738556664997574 51.553211862838126 0.0 1.0 1.0 1 0 0 0.0 1.0 0
cell 10.261950383798668 55.93841756143012 0.0 1.0 1.0 1 0 0 0.0 1.0 0
cell 39.63588521534595 60.74128315571507 0.0 1.0 1.0 1 0 0 0.0 1.0 0
cell 10.68188024437361 23.935620896506226 0.0 1.0 1.0 1 0 0 0.0 1.0 0
cell 20.46583552562689 23.984672441476448 0.0 1.0 1.0 1 0 0 0.0 1.0 0
cell 10.454663776358412 42.163766173228474 0.0 1.0 1.0 1 0 0 0.0 1.0 0
cell 51.69012928668029 8.008013612103 0.0 1.0 1.0 1 0 0 0.0 1.0 0
cell 14.85810483872482 59.62285316116946 0.0 1.0 1.0 1 0 0 0.0 1.0 0
cell 8.832127495467144 15.274729317735455 0.0 1.0 1.0 1 0 0 0.0 1.0 0
cell 47.75797116298424 43.454192095712834 0.0 1.0 1.0 1 0 0 0.0 1.0 0
cell 5.402056690137309 38.4953720926756 0.0 1.0 1.0 1 0 0 0.0 1.0 0
cell 44.59927263509665 44.18397331499814 0.0 1.0 1.0 1 0 0 0.0 1.0 0
cell 29.3605366309239 58.28649835176798 0.0 1.0 1.0 1 0 0 0.0 1.0 0
cell 17.741179877238 63.147857291592665 0.0 1.0 1.0 1 0 0 0.0 1.0 0
cell 12.438579858644797 8.433197717165807 0.0 1.0 1.0 1 0 0 0.0 1.0 0
cell 16.25377811360248 63.66564248455698 0.0 1.0 1.0 1 0 0 0.0 1.0 0
cell 44.04596887835921 48.53907503294432 0.0 1.0 1.0 1 0 0 0.0 1.0 0
cell 33.44471605195859 8.977428710985102 0.0 1.0 1.0 1 0 0 0.0 1.0 0
cell 45.18845642655335 45.79523769202264 0.0 1.0 1.0 1 0 0 0.0 1.0 0
cell 20.128086378032712 31.41747389830939 0.0 1.0 1.0 1 0 0 0.0 1.0 0
cell 62.32447812319099 2.6451094530971364 0.0 1.0 1.0 1 0 0 0.0 1.0 0
cell 9.836800987122379 28.46406980227389 0.0 1.0 1.0 1 0 0 0.0 1.0 0
cell 47.68562505370353 50.02392641327412 0.0 1.0 1.0 1 0 0 0.0 1.0 0
cell 55.25730533957425 20.058839812755267 0.0 1.0 1.0 1 0 0 0.0 1.0 0
cell 18.268613349014796 8.207023392837336 0.0 1.0 1.0 1 0 0 0.0 1.0 0
cell 2.2140827672264916 37.840537552592444 0.0 1.0 1.0 1 0 0 0.0 1.0 0
cell 25.37553611683085 2.45832191524932 0.0 1.0 1.0 1 0 0 0.0 1.0 0
cell 57.436780173472506 36.52544158994394 0.0 1.0 1.0 1 0 0 0.0 1.0 0
cell 21.763056721565828 46.4085650236661 0.0 1.0 1.0 1 0 0 0.0 1.0 0
cell 21.454548848265198 56.12725259590104 0.0 1.0 1.0 1 0 0 0.0 1.0 0
cell 53.6682992724463 21.46074340455404 0.0 1.0 1.0 1 0 0 0.0 1.0 0
cell 51.90380359060182 45.10906296005064 0.0 1.0 1.0 1 0 0 0.0 1.0 0
cell 42.01731234186826 51.99538151472218 0.0 1.0 1.0 1 0 0 0.0 1.0 0
cell 9.17224519720715 66.11485576232832 0.0 1.0 1.0 1 0 0 0.0 1.0 0
cell 44.51407762189226 49.75590387389469 0.0 1.0 1.0 1 0 0 0.0 1.0 0
cell 18.753650075597626 38.37684824071886 0.0 1.0 1.0 1 0 0 0.0 1.0 0
cell 34.203274837950005 22.357077038758145 0.0 1.0 1.0 1 0 0 0.0 1.0 0
cell 10.22579792706609 20.757138235881744 0.0 1.0 1.0 1 0 0 0.0 1.0 0
cell 38.316520769168996 23.708288540592573 0.0 1.0 1.0 1 0 0 0.0 1.0 0
cell 60.16049771343302 9.31127571298749 0.0 1.0 1.0 1 0 0 0.0 1.0 0
cell 63.58954681873348 35.421323286569844 0.0 1.0 1.0 1 0 0 0.0 1.0 0
cell 17.10835461999825 14.66050436266846 0.0 1.0 1.0 1 0 0 0.0 1.0 0
cell 32.098098432483276 9.054573569619235 0.0 1.0 1.0 1 0 0 0.0 1.0 0
cell 36.40284943909491 6.92327412097016 0.0 1.0 1.0 1 0 0 0.0 1.0 0
cell 44.33149725262773 45.537701720763025 0.0 1.0 1.0 1 0 0 0.0 1.0 0
cell 19.26343342747936 58.42003903610746 0.0 1.0 1.0 1 0 0 0.0 1.0 0
cell 54.625027930742114 4.820139350113415 0.0 1.0 1.0 1 0 0 0.0 1.0 0
cell 37.6207988089505 56.99552534566892 0.0 1.0 1.0 1 0 0 0.0 1.0 0
cell 18.986992213035677 29.31600832066136 0.0 1.0 1.0 1 0 0 0.0 1.0 0
cell 2.2599874563306344 7.179535521171108 0.0 1.0 1.0 1 0 0 0.0 1.0 0
cell 21.400107513945578 23.354216970923456 0.0 1.0 1.0 1 0 0 0.0 1.0 0
cell 32.47795239840634 57.40744126276858 0.0 1.0 1.0 1 0 0 0.0 1.0 0
