1000
 Lattice="59.08179503018386 0.0 0.0 0.0 59.08179503018386 0.0 0.0 0.0 1.0"Properties=species:S:1:pos:R:3:aspherical_shape:R:3:orientation:R:4:Color:R:1
cell 22.435260530493533 20.581036344448115 0.0 1.0 1.0 1 0 0 0.0 1.0 0
cell 14.500793581702565 41.04695550008971 0.0 1.6431676725154984 0.6085806194501846 1 0 0 0.8975353941913566 0.4409424182064661 2.2282958343133457
cell 18.390828864214527 2.7190318877847623 0.0 1.0 1.0 1 0 0 0.0 1.0 0
cell 25.409485127025835 39.3587115041482 0.0 1.6431676725154984 0.6085806194501846 1 0 0 -0.8946198528931345 0.4468280640352242 4.068025889878667
cell 23.862930575065878 34.74570066123229 0.0 1.0 1.0 1 0 0 0.0 1.0 0
cell 35.526114983066606 5.256819778829562 0.0 1.6431676725154984 0.6085806194501846 1 0 0 0.9146503824805613 0.40424581361859874 2.3092844180883967
cell 26.907617964080995 37.91429618837114 0.0 1.0 1.0 1 0 0 0.0 1.0 0
cell 7.714140325117375 0.6159578708016136 0.0 1.0 1.0 1 0 0 0.0 1.0 0
cell 13.569687451431303 0.019970209887117694 0.0 1.0 1.0 1 0 0 0.0 1.0 0
cell 12.342477478135578 48.856389722031345 0.0 1.6431676725154984 0.6085806194501846 1 0 0 0.6079160888576173 0.7940012776488824 1.3068667531843727
cell 48.690897632874425 41.02785123814784 0.0 1.6431676725154984 0.6085806194501846 1 0 0 0.5896838016941978 -0.8076342080542888 5.021850761150633
cell 10.270004483390702 13.17241369698615 0.0 1.0 1.0 1 0 0 0.0 1.0 0
cell 1.0202014941236388 52.62882132943844 0.0 1.6431676725154984 0.6085806194501846 1 0 0 0.11200590932669259 0.9937075406153969 0.2244828662428788
cell 8.48873548001561 10.401172435969519 0.0 1.0 1.0 1 0 0 0.0 1.0 0
cell 19.718589830622562 39.25915720205785 0.0 1.6431676725154984 0.6085806194501846 1 0 0 0.9354787425768776 0.3533829681617154 2.4192227717191765
cell 38.69647745859534 12.810985329396374 0.0 1.0 1.0 1 0 0 0.0 1.0 0
cell 13.65507869493169 43.3529848652304 0.0 1.6431676725154984 0.6085806194501846 1 0 0 0.9129410233839242 0.40809151893014534 2.3008674390565607
cell 40.488020308299916 20.038142626212334 0.0 1.6431676725154984 0.6085806194501846 1 0 0 0.28391681750639247 0.958848914447444 0.5757531386184223
cell 45.368287604036496 6.192810111810455 0.0 1.0 1.0 1 0 0 0.0 1.0 0
cell 53.83966707054846 0.8715803002547435 0.0 1.0 1.0 1 0 0 0.0 1.0 0
cell 0.9389516169576569 26.41240109066029 0.0 1.0 1.0 1 0 0 0.0 1.0 0
cell 9.889714732931798 22.965284173021868 0.0 1.0 1.0 1 0 0 0.0 1.0 0
cell 57.45868655448308 41.33785299687185 0.0 1.6431676725154984 0.6085806194501846 1 0 0 0.2314210532948415 0.9728536868881703 0.4670762715461141
cell 53.821919253662976 52.503506490782975 0.0 1.6431676725154984 0.6085806194501846 1 0 0 0.998756429846008 0.04985573027502596 3.0418398397365998
cell 24.49778765837418 3.056679598903723 0.0 1.6431676725154984 0.6085806194501846 1 0 0 0.1887795544560694 0.9820194905496367 0.37983841229746634
cell 0.8750073529762623 38.333244689381154 0.0 1.0 1.0 1 0 0 0.0 1.0 0
cell 36.928782596300024 55.76263700672595 0.0 1.6431676725154984 0.6085806194501846 1 0 0 0.4230043509118806 -0.9061276505601287 5.409668591982813
cell 28.972123355546213 8.145270955883504 0.0 1.0 1.0 1 0 0 0.0 1.0 0
cell 24.288055220188912 21.224770327660686 0.0 1.0 1.0 1 0 0 0.0 1.0 0
cell 37.81563743974766 57.57849196238903 0.0 1.6431676725154984 0.6085806194501846 1 0 0 0.7537779524399836 -0.6571292098327284 4.575600398282818
cell 26.818808471658365 23.361136003062676 0.0 1.0 1.0 1 0 0 0.0 1.0 0
cell 19.22559389126135 51.59241614520091 0.0 1.0 1.0 1 0 0 0.0 1.0 0
cell 2.1093349650040354 30.282899236044184 0.0 1.0 1.0 1 0 0 0.0 1.0 0
cell 18.605218007454063 43.094168080750556 0.0 1.0 1.0 1 0 0 0.0 1.0 0
cell 6.803173993750298 20.47303136657733 0.0 1.0 1.0 1 0 0 0.0 1.0 0
cell 27.836161161136815 14.295772245585509 0.0 1.0 1.0 1 0 0 0.0 1.0 0
cell 4.788187022802207 28.211647431026385 0.0 1.0 1.0 1 0 0 0.0 1.0 0
cell 1.5239578502062183 46.108222653502416 0.0 1.6431676725154984 0.6085806194501846 1 0 0 0.9200420908519984 -0.3918195388960117 3.946809515688722
cell 24.985185542196312 56.281937157405686 0.0 1.6431676725154984 0.6085806194501846 1 0 0 0.6015387420758675 -0.7988436278657938 4.99233345333348
cell 32.704557239275616 28.703455633626742 0.0 1.0 1.0 1 0 0 0.0 1.0 0
cell 28.60288178721002 10.08336969566474 0.0 1.0 1.0 1 0 0 0.0 1.0 0
cell 34.644502939277544 28.154837942050587 0.0 1.0 1.0 1 0 0 0.0 1.0 0
cell 39.46140249386934 14.669320387887698 0.0 1.0 1.0 1 0 0 0.0 1.0 0
cell 47.8201042295984 30.032507546073735 0.0 1.0 1.0 1 0 0 0.0 1.0 0
cell 21.448054147045283 46.914381432992634 0.0 1.0 1.0 1 0 0 0.0 1.0 0
cell 1.1935138830628835 15.025429180629482 0.0 1.0 1.0 1 0 0 0.0 1.0 0
cell 6.579775556994453 27.992265598138648 0.0 1.0 1.0 1 0 0 0.0 1.0 0
cell 8.244165176629366 23.406217152358728 0.0 1.0 1.0 1 0 0 0.0 1.0 0
cell 27.89053435248476 58.5861581447664 0.0 1.0 1.0 1 0 0 0.0 1.0 0
cell 52.748843263213054 23.83927901260546 0.0 1.0 1.0 1 0 0 0.0 1.0 0
cell 50.93384556788432 24.21669583936902 0.0 1.0 1.0 1 0 0 0.0 1.0 0
cell 40.82759648836057 18.150436272036174 0.0 1.0 1.0 1 0 0 0.0 1.0 0
cell 33.54338458874498 56.115311516031554 0.0 1.0 1.0 1 0 0 0.0 1.0 0
cell 2.657803684362212 23.69795538190297 0.0 1.0 1.0 1 0 0 0.0 1.0 0
cell 33.065758754496926 19.38536932171926 0.0 1.0 1.0 1 0 0 0.0 1.0 0
cell 48.324624787007146 7.37168179031494 0.0 1.0 1.0 1 0 0 0.0 1.0 0
cell 28.801904332756646 42.311746494506735 0.0 1.0 1.0 1 0 0 0.0 1.0 0
cell 55.68464342523434 25.79653724925812 0.0 1.0 1.0 1 0 0 0.0 1.0 0
cell 7.841786790988852 6.919595553216872 0.0 1.0 1.0 1 0 0 0.0 1.0 0
cell 55.80445157152366 0.5335902745214892 0.0 1.0 1.0 1 0 0 0.0 1.0 0
cell 9.254908750124962 38.491834573302974 0.0 1.6431676725154984 0.6085806194501846 1 0 0 0.9676841538149783 0.25216537917682014 2.6317580594605228
cell 53.388904714980335 8.84116659331903 0.0 1.0 1.0 1 0 0 0.0 1.0 0
cell 44.14146993266906 18.8101957989271 0.0 1.0 1.0 1 0 0 0.0 1.0 0
cell 32.63882344441681 37.077545803666034 0.0 1.6431676725154984 0.6085806194501846 1 0 0 0.9984696362701795 0.05530267124195253 3.030930854409844
cell 30.203087788547567 4.196844014745651 0.0 1.0 1.0 1 0 0 0.0 1.0 0
cell 41.33870549923304 48.60641857629969 0.0 1.6431676725154984 0.6085806194501846 1 0 0 0.8598646691479876 0.5105220374783264 2.0700090600050958
cell 36.98648563185368 39.381739443284374 0.0 1.6431676725154984 0.6085806194501846 1 0 0 0.9830905698610741 -0.18311999194579667 3.50991100504882
cell 24.935063088418662 48.97148038496001 0.0 1.6431676725154984 0.6085806194501846 1 0 0 0.5084071386274093 -0.8611168221517277 5.2165172755506415
cell 35.02735013405799 32.829731740405755 0.0 1.6431676725154984 0.6085806194501846 1 0 0 0.48961608442556165 -0.8719381227310693 5.259886513023206
cell 58.788148979832606 10.086530173133669 0.0 1.0 1.0 1 0 0 0.0 1.0 0
cell 39.95308243024904 55.953530112456704 0.0 1.6431676725154984 0.6085806194501846 1 0 0 0.568172213078901 0.8229096768692321 1.2085660412454287
cell 11.842559737931758 36.640357339044286 0.0 1.6431676725154984 0.6085806194501846 1 0 0 0.9000493883170972 0.4357879055114071 2.2397656656511855
cell 1.1866708387229241 56.79985498749943 0.0 1.0 1.0 1 0 0 0.0 1.0 0
cell 5.498535986033456 26.595788289123224 0.0 1.0 1.0 1 0 0 0.0 1.0 0
cell 55.73000745211799 27.32754697028334 0.0 1.6431676725154984 0.6085806194501846 1 0 0 0.24076351688698783 0.9705838083010705 0.48630486346365576
cell 7.044391554572599 49.71295642369915 0.0 1.6431676725154984 0.6085806194501846 1 0 0 0.7882412672850873 -0.6153663173661682 4.467293873013183
cell 44.975946140332766 52.7947194956424 0.0 1.6431676725154984 0.6085806194501846 1 0 0 0.2425895111723002 0.9701290270212434 0.49006841614027025
cell 54.13054811220013 44.147208885684044 0.0 1.0 1.0 1 0 0 0.0 1.0 0
cell 16.440843704262456 13.980569201995394 0.0 1.0 1.0 1 0 0 0.0 1.0 0
cell 22.128867852873462 33.85658363958455 0.0 1.6431676725154984 0.6085806194501846 1 0 0 0.9969007200976411 0.07866990700900041 2.9840900910848567
cell 6.4708833377498065 54.91593599287277 0.0 1.0 1.0 1 0 0 0.0 1.0 0
cell 35.17655096267334 43.86669469536394 0.0 1.0 1.0 1 0 0 0.0 1.0 0
cell 14.375373384747725 20.90242644374629 0.0 1.0 1.0 1 0 0 0.0 1.0 0
cell 58.56942733892984 23.733130283306075 0.0 1.0 1.0 1 0 0 0.0 1.0 0
cell 17.662608382412063 44.685145800183314 0.0 1.0 1.0 1 0 0 0.0 1.0 0
cell 14.479573220306865 54.59922959987219 0.0 1.0 1.0 1 0 0 0.0 1.0 0
cell 57.205187210503425 12.855489223312476 0.0 1.0 1.0 1 0 0 0.0 1.0 0
cell 39.99127753000541 50.67259850420109 0.0 1.6431676725154984 0.6085806194501846 1 0 0 0.31873112524834424 0.9478451718492448 0.6487809826625269
cell 45.51559767839811 56.60054030054807 0.0 1.6431676725154984 0.6085806194501846 1 0 0 0.964533947600592 0.26395882998304565 2.607344036321138
cell 46.09617119580412 29.273853811070772 0.0 1.0 1.0 1 0 0 0.0 1.0 0
cell 17.495906494098698 6.6908901108227585 0.0 1.6431676725154984 0.6085806194501846 1 0 0 0.8942662931109742 0.4475352466628269 2.213578137033657
cell 14.959069359234253 11.08510041776572 0.0 1.6431676725154984 0.6085806194501846 1 0 0 0.7856810804543337 0.6186317481475637 1.8075926102737536
cell 41.336594774907766 16.174409652824554 0.0 1.0 1.0 1 0 0 0.0 1.0 0
cell 8.528456994602312 14.101769481848939 0.0 1.0 1.0 1 0 0 0.0 1.0 0
cell 3.8965062279416443 22.959530197760483 0.0 1.6431676725154984 0.6085806194501846 1 0 0 0.9303311223039427 -0.3667206060104701 3.892555825529662
cell 9.18369683276971 48.949999119672235 0.0 1.6431676725154984 0.6085806194501846 1 0 0 0.848783947858166 -0.5287398319195427 4.255823059329618
cell 15.623819458462759 50.99263925770317 0.0 1.0 1.0 1 0 0 0.0 1.0 0
cell 28.62377710945257 17.39802882882455 0.0 1.0 1.0 1 0 0 0.0 1.0 0
cell 24.584198591557886 51.33733035222289 0.0 1.6431676725154984 0.6085806194501846 1 0 0 0.5354849840500363 -0.8445447482856857 5.1530215118489995
cell 14.608118334145876 26.66439482081564 0.0 1.0 1.0 1 0 0 0.0 1.0 0
cell 32.45442703304326 52.816535216032875 0.0 1.0 1.0 1 0 0 0.0 1.0 0
cell 51.683888686735 36.55672405211831 0.0 1.6431676725154984 0.6085806194501846 1 0 0 -0.04236144167199276 -0.9991023512430898 0.08474824291345229
cell 49.865818971640785 10.469717586463704 0.0 1.6431676725154984 0.6085806194501846 1 0 0 0.9610094633219797 0.27651548131271153 2.5812600264280494
cell 33.55517885965725 12.574991905955224 0.0 1.0 1.0 1 0 0 0.0 1.0 0
cell 3.1833082949705 11.7700225193327 0.0 1.0 1.0 1 0 0 0.0 1.0 0
cell 31.440149532121687 24.40779273142119 0.0 1.0 1.0 1 0 0 0.0 1.0 0
cell 40.42173807332495 12.732902923066906 0.0 1.0 1.0 1 0 0 0.0 1.0 0
cell 54.96278185317744 9.94329268689388 0.0 1.0 1.0 1 0 0 0.0 1.0 0
cell 45.68095705084828 25.247593203045387 0.0 1.0 1.0 1 0 0 0.0 1.0 0
cell 36.18808288516826 10.81940500919046 0.0 1.0 1.0 1 0 0 0.0 1.0 0
cell 22.769265624695585 31.217589903501047 0.0 1.6431676725154984 0.6085806194501846 1 0 0 0.9750928731280599 0.22179695393504695 2.6942787744022705
cell 22.929549414174335 39.92221806915497 0.0 1.0 1.0 1 0 0 0.0 1.0 0
cell 9.998671280329397 31.510100814305265 0.0 1.6431676725154984 0.6085806194501846 1 0 0 0.5629304466451349 -0.8265042723663979 5.0873310507230585
cell 32.856666733133615 50.58346851347574 0.0 1.0 1.0 1 0 0 0.0 1.0 0
cell 33.20125107991335 16.02789149408607 0.0 1.0 1.0 1 0 0 0.0 1.0 0
cell 53.39998825989333 55.0161642714488 0.0 1.0 1.0 1 0 0 0.0 1.0 0
cell 49.99184194457083 11.880297930702136 0.0 1.0 1.0 1 0 0 0.0 1.0 0
cell 39.584196211407765 30.844280239828354 0.0 1.0 1.0 1 0 0 0.0 1.0 0
cell 9.413362206924013 57.370767118238476 0.0 1.6431676725154984 0.6085806194501846 1 0 0 0.7971934865387128 0.6037238980032604 1.8452643492468026
cell 8.405228819150969 32.30828922391075 0.0 1.0 1.0 1 0 0 0.0 1.0 0
cell 10.357272036491173 36.211376978508724 0.0 1.0 1.0 1 0 0 0.0 1.0 0
cell 19.613522928891502 5.5420371989080355 0.0 1.6431676725154984 0.6085806194501846 1 0 0 0.9101408844878601 0.41429889015498894 2.287247980247921
cell 19.58778216929288 18.18685952905885 0.0 1.0 1.0 1 0 0 0.0 1.0 0
cell 41.20112763259109 38.61516754058568 0.0 1.0 1.0 1 0 0 0.0 1.0 0
cell 13.603699554916965 34.04616893481552 0.0 1.0 1.0 1 0 0 0.0 1.0 0
cell 0.6019491415092467 58.761646661870316 0.0 1.0 1.0 1 0 0 0.0 1.0 0
cell 3.68777536883651 26.777788565254973 0.0 1.0 1.0 1 0 0 0.0 1.0 0
cell 57.592584820891304 35.25152452409499 0.0 1.0 1.0 1 0 0 0.0 1.0 0
cell 36.020135744930414 21.222866507018423 0.0 1.0 1.0 1 0 0 0.0 1.0 0
cell 41.53002018602602 34.39744371189975 0.0 1.0 1.0 1 0 0 0.0 1.0 0
cell 15.003169743699148 36.248166417551445 0.0 1.6431676725154984 0.6085806194501846 1 0 0 0.9687732091242799 0.24794852143750376 2.640468503913544
cell 34.23219548103276 17.732785159744825 0.0 1.0 1.0 1 0 0 0.0 1.0 0
cell 57.12757736849414 39.949879748971604 0.0 1.6431676725154984 0.6085806194501846 1 0 0 -0.1460948537765852 -0.9892705866950651 0.2932392212496886
cell 26.113732179993804 7.163499493890955 0.0 1.0 1.0 1 0 0 0.0 1.0 0
cell 33.96634005109955 21.32731409778401 0.0 1.0 1.0 1 0 0 0.0 1.0 0
cell 47.85245737323994 54.54287952243282 0.0 1.6431676725154984 0.6085806194501846 1 0 0 0.942032066116283 0.3355228552702292 2.457272244699852
cell 2.645297886340929 32.33943043171284 0.0 1.6431676725154984 0.6085806194501846 1 0 0 0.9141754201737189 -0.40531876486316865 3.97624764321049
cell 21.378689772081216 23.914257366204293 0.0 1.0 1.0 1 0 0 0.0 1.0 0
cell 48.30747803271541 10.333710173326644 0.0 1.0 1.0 1 0 0 0.0 1.0 0
cell 36.67269417672026 32.70910688006963 0.0 1.0 1.0 1 0 0 0.0 1.0 0
cell 36.60666102148321 35.93790949818922 0.0 1.0 1.0 1 0 0 0.0 1.0 0
cell 56.68051284810089 52.786687963134675 0.0 1.0 1.0 1 0 0 0.0 1.0 0
cell 49.13583320247882 16.541696570527417 0.0 1.0 1.0 1 0 0 0.0 1.0 0
cell 31.038466853058857 46.73510852123975 0.0 1.0 1.0 1 0 0 0.0 1.0 0
cell 49.27673567264604 54.89585170346436 0.0 1.6431676725154984 0.6085806194501846 1 0 0 0.358987454926131 -0.9333423847686652 5.548819691996901
cell 53.33982567531901 13.801319470561072 0.0 1.0 1.0 1 0 0 0.0 1.0 0
cell 21.4778689903304 2.0182138337627165 0.0 1.6431676725154984 0.6085806194501846 1 0 0 0.8730224436008539 0.48768003134144616 2.1227319019359987
cell 11.142686404537628 56.00307444672203 0.0 1.0 1.0 1 0 0 0.0 1.0 0
cell 14.827625436052868 18.527127470080238 0.0 1.0 1.0 1 0 0 0.0 1.0 0
cell 32.42200203816278 14.24402254273044 0.0 1.0 1.0 1 0 0 0.0 1.0 0
cell 14.743726003999845 52.71797250512902 0.0 1.0 1.0 1 0 0 0.0 1.0 0
cell 6.834682741395401 2.1864254848773554 0.0 1.0 1.0 1 0 0 0.0 1.0 0
cell 17.219511595206438 35.675455951957986 0.0 1.6431676725154984 0.6085806194501846 1 0 0 0.8774261176478769 0.47971179688368526 2.1409402162992404
cell 41.492284805056514 36.644721059518794 0.0 1.0 1.0 1 0 0 0.0 1.0 0
cell 0.9222578127529886 3.419452626894714 0.0 1.0 1.0 1 0 0 0.0 1.0 0
cell 31.436279165545358 5.716729039021474 0.0 1.0 1.0 1 0 0 0.0 1.0 0
cell 19.747344797557936 54.3486429931037 0.0 1.0 1.0 1 0 0 0.0 1.0 0
cell 27.73210869342608 47.14918396902053 0.0 1.6431676725154984 0.6085806194501846 1 0 0 0.8218223504026306 -0.569743823466912 4.3539808613246604
cell 14.615088968017242 8.696812209209213 0.0 1.0 1.0 1 0 0 0.0 1.0 0
cell 1.157958544681404 23.387812127206217 0.0 1.0 1.0 1 0 0 0.0 1.0 0
cell 22.435776744056618 18.589112694072007 0.0 1.0 1.0 1 0 0 0.0 1.0 0
cell 55.948028777494436 16.486153729259527 0.0 1.0 1.0 1 0 0 0.0 1.0 0
cell 17.708583526945393 12.724197675149961 0.0 1.0 1.0 1 0 0 0.0 1.0 0
cell 46.138047963736504 4.42042571384605 0.0 1.0 1.0 1 0 0 0.0 1.0 0
cell 6.231279459383761 51.66127548539554 0.0 1.6431676725154984 0.6085806194501846 1 0 0 0.060648567138673996 0.9981591813453532 0.12137161780034168
cell 43.73569654450175 6.125681462280627 0.0 1.6431676725154984 0.6085806194501846 1 0 0 0.8475909127881808 0.5306502092328793 2.0228576385208337
cell 46.27994731021316 16.252336650479048 0.0 1.6431676725154984 0.6085806194501846 1 0 0 0.6940110684867322 0.719964330239981 1.5340908115223457
cell 47.95712324395234 12.15798400214568 0.0 1.0 1.0 1 0 0 0.0 1.0 0
cell 50.660874053387225 38.8260224042383 0.0 1.6431676725154984 0.6085806194501846 1 0 0 0.1476533113282067 -0.989039180039808 5.98679499755043
cell 4.848713206706135 55.953546035152094 0.0 1.0 1.0 1 0 0 0.0 1.0 0
cell 28.0705484304335 28.72629513433243 0.0 1.0 1.0 1 0 0 0.0 1.0 0
cell 57.802583639283206 16.57227562897461 0.0 1.6431676725154984 0.6085806194501846 1 0 0 0.8791488491640009 -0.47654727049224904 4.135038969814698
cell 58.137871779062785 19.00842069660761 0.0 1.0 1.0 1 0 0 0.0 1.0 0
cell 16.00801252988237 55.85793196693762 0.0 1.0 1.0 1 0 0 0.0 1.0 0
cell 39.32430167831646 5.282412509959706 0.0 1.0 1.0 1 0 0 0.0 1.0 0
cell 42.68419174215062 39.82807186245079 0.0 1.0 1.0 1 0 0 0.0 1.0 0
cell 35.95357273254202 52.943713602077864 0.0 1.0 1.0 1 0 0 0.0 1.0 0
cell 52.236976777142814 56.65076664172322 0.0 1.0 1.0 1 0 0 0.0 1.0 0
cell 37.14129667785688 25.0002572779718 0.0 1.0 1.0 1 0 0 0.0 1.0 0
cell 53.02652281851655 41.214532206654646 0.0 1.0 1.0 1 0 0 0.0 1.0 0
cell 28.85170952070312 2.74723676228867 0.0 1.0 1.0 1 0 0 0.0 1.0 0
cell 52.933508857399445 15.741663803640858 0.0 1.0 1.0 1 0 0 0.0 1.0 0
cell 53.126273255583456 32.51941706062715 0.0 1.0 1.0 1 0 0 0.0 1.0 0
cell 1.6444815632089398 44.09415440531088 0.0 1.6431676725154984 0.6085806194501846 1 0 0 0.836107651531752 -0.5485653972408926 4.3028875717875765
cell 1.4986540616795334 48.09504371414515 0.0 1.0 1.0 1 0 0 0.0 1.0 0
cell 11.192744288628207 39.852296264546375 0.0 1.0 1.0 1 0 0 0.0 1.0 0
cell 53.51770275552975 12.01289808963954 0.0 1.6431676725154984 0.6085806194501846 1 0 0 0.8877227781535454 -0.4603783977852906 4.098435469853886
cell 9.463071706446755 27.43179275203852 0.0 1.6431676725154984 0.6085806194501846 1 0 0 0.9639777880351715 -0.2659827516490834 3.680039162705502
cell 22.035139758201257 27.64588849272583 0.0 1.0 1.0 1 0 0 0.0 1.0 0
cell 42.94330631833873 50.64454557151493 0.0 1.6431676725154984 0.6085806194501846 1 0 0 0.3675034960020959 0.9300221397505747 0.7526464865261437
cell 42.175012990703856 6.847651810629274 0.0 1.6431676725154984 0.6085806194501846 1 0 0 0.8230767144058163 0.5679302089191296 1.9336147196563336
cell 6.987017135207929 31.192390905367052 0.0 1.0 1.0 1 0 0 0.0 1.0 0
cell 48.87707366519945 52.26099923866744 0.0 1.6431676725154984 0.6085806194501846 1 0 0 0.9703039585515875 -0.24188887535213188 3.630216782202631
cell 44.13350191895382 24.451668308304917 0.0 1.6431676725154984 0.6085806194501846 1 0 0 0.5534297388945588 0.8328958663044862 1.1729529592468326
cell 21.994606793610153 3.89813806637792 0.0 1.0 1.0 1 0 0 0.0 1.0 0
cell 0.3065230348715744 17.07383992268932 0.0 1.6431676725154984 0.6085806194501846 1 0 0 0.8174804332934645 -0.5759563709017632 4.369139788046283
cell 37.97584497338502 18.647008495964503 0.0 1.6431676725154984 0.6085806194501846 1 0 0 0.7234488347396073 0.6903780004562025 1.6175698127539804
cell 40.39667405203854 7.747744998770861 0.0 1.0 1.0 1 0 0 0.0 1.0 0
cell 9.109382718697695 5.434111118566514 0.0 1.0 1.0 1 0 0 0.0 1.0 0
cell 19.997671934035115 41.8980626824089 0.0 1.0 1.0 1 0 0 0.0 1.0 0
cell 37.48624272308683 0.801948682561765 0.0 1.6431676725154984 0.6085806194501846 1 0 0 0.856150678478209 -0.5167262483571957 4.227638084837075
cell 23.185370385573354 48.09171451132484 0.0 1.0 1.0 1 0 0 0.0 1.0 0
cell 44.61832374446465 55.69423445296631 0.0 1.6431676725154984 0.6085806194501846 1 0 0 0.8991210008911773 0.43770015507930476 2.235514264317972
cell 12.956576416265005 25.524485405291724 0.0 1.0 1.0 1 0 0 0.0 1.0 0
cell 1.27346912200051 40.20651701192533 0.0 1.6431676725154984 0.6085806194501846 1 0 0 0.04418786510252889 0.9990232392580669 0.08840451543315202
cell 53.61096485527561 39.80014062889677 0.0 1.6431676725154984 0.6085806194501846 1 0 0 0.9914029130171592 0.13084442693936604 2.8791512907067425
cell 5.860538762982567 53.344550889785104 0.0 1.6431676725154984 0.6085806194501846 1 0 0 0.34917596111525223 -0.9370571744452095 5.569802168750933
cell 41.16706233263653 14.394803863813054 0.0 1.0 1.0 1 0 0 0.0 1.0 0
cell 15.46241777650469 30.10156915662556 0.0 1.0 1.0 1 0 0 0.0 1.0 0
cell 9.815729390978086 45.17224914655153 0.0 1.0 1.0 1 0 0 0.0 1.0 0
cell 52.67531797578507 39.02745795157768 0.0 1.6431676725154984 0.6085806194501846 1 0 0 -0.21996838220393414 0.9755070019382659 5.839621189732214
cell 23.998981560010144 38.99461700785331 0.0 1.6431676725154984 0.6085806194501846 1 0 0 0.7747197563929439 -0.6323047517253508 4.510641777442943
cell 36.462844991222546 19.44302345109144 0.0 1.6431676725154984 0.6085806194501846 1 0 0 0.9204487583633243 -0.39086325387200904 3.944731189815261
cell 5.053715331595066 21.081878795951148 0.0 1.0 1.0 1 0 0 0.0 1.0 0
cell 11.711770073873481 0.23661334996160927 0.0 1.0 1.0 1 0 0 0.0 1.0 0
cell 14.55837367236738 16.701412249977796 0.0 1.0 1.0 1 0 0 0.0 1.0 0
cell 16.295591680211363 23.896092663445753 0.0 1.0 1.0 1 0 0 0.0 1.0 0
cell 20.50762986697159 20.018454615592997 0.0 1.0 1.0 1 0 0 0.0 1.0 0
cell 3.1892593682140857 15.185280280608403 0.0 1.0 1.0 1 0 0 0.0 1.0 0
cell 4.581329403754618 7.2320939345272865 0.0 1.0 1.0 1 0 0 0.0 1.0 0
cell 17.24468825808402 0.02446849872593916 0.0 1.0 1.0 1 0 0 0.0 1.0 0
cell 24.55256405087916 45.12328748244072 0.0 1.6431676725154984 0.6085806194501846 1 0 0 0.6603789968987915 -0.7509324739648339 4.8405386058974775
cell 29.323476323217037 13.617020146910646 0.0 1.0 1.0 1 0 0 0.0 1.0 0
cell 6.404448617996512 7.9801501101835965 0.0 1.0 1.0 1 0 0 0.0 1.0 0
cell 32.06770952359234 12.738557498540297 0.0 1.6431676725154984 0.6085806194501846 1 0 0 0.8677926847257721 0.4969264093771197 2.1014860133107747
cell 6.648961496523905 9.752010668426571 0.0 1.0 1.0 1 0 0 0.0 1.0 0
cell 29.546017866848686 48.09588980522016 0.0 1.0 1.0 1 0 0 0.0 1.0 0
cell 28.94972454563431 49.97775902427178 0.0 1.0 1.0 1 0 0 0.0 1.0 0
cell 27.042714755006035 55.360289208392935 0.0 1.0 1.0 1 0 0 0.0 1.0 0
cell 37.98898684476975 46.549540344213504 0.0 1.6431676725154984 0.6085806194501846 1 0 0 0.42874700742471816 0.9034245976418556 0.8862107664242668
cell 18.58044607690432 19.528048122851192 0.0 1.0 1.0 1 0 0 0.0 1.0 0
cell 56.99077172455373 55.907551831291464 0.0 1.0 1.0 1 0 0 0.0 1.0 0
cell 23.08501580002445 13.35334931396266 0.0 1.0 1.0 1 0 0 0.0 1.0 0
cell 7.425405467199534 26.40346684038073 0.0 1.0 1.0 1 0 0 0.0 1.0 0
cell 54.008992377030545 42.46887808069386 0.0 1.6431676725154984 0.6085806194501846 1 0 0 0.895367316435867 0.4453283829472742 2.218510683193218
cell 54.39470979985048 31.04853377495273 0.0 1.0 1.0 1 0 0 0.0 1.0 0
cell 12.512297611862813 57.450706393971466 0.0 1.0 1.0 1 0 0 0.0 1.0 0
cell 13.501125406372052 11.973768951514062 0.0 1.0 1.0 1 0 0 0.0 1.0 0
cell 47.63126734236504 28.018778370315683 0.0 1.0 1.0 1 0 0 0.0 1.0 0
cell 25.733259429779658 19.858653196536363 0.0 1.0 1.0 1 0 0 0.0 1.0 0
cell 25.12529848110813 15.936904430127825 0.0 1.0 1.0 1 0 0 0.0 1.0 0
cell 30.705998077084566 56.214583106977194 0.0 1.0 1.0 1 0 0 0.0 1.0 0
cell 1.6279332229209156 13.080531666663312 0.0 1.0 1.0 1 0 0 0.0 1.0 0
cell 50.03993025387402 32.87223010345528 0.0 1.0 1.0 1 0 0 0.0 1.0 0
cell 16.2378569043848 43.607118630807875 0.0 1.6431676725154984 0.6085806194501846 1 0 0 0.9750470106966024 0.22199848407504874 2.6938654088976604
cell 30.784951177645226 35.457818216983675 0.0 1.0 1.0 1 0 0 0.0 1.0 0
cell 37.37932215541731 5.6552202483662075 0.0 1.0 1.0 1 0 0 0.0 1.0 0
cell 23.74133095407458 17.25688752544371 0.0 1.0 1.0 1 0 0 0.0 1.0 0
cell 38.557119188943965 36.145338822499355 0.0 1.0 1.0 1 0 0 0.0 1.0 0
cell 55.148509436097925 18.37524954352395 0.0 1.0 1.0 1 0 0 0.0 1.0 0
cell 19.53287952589362 35.82758273011668 0.0 1.6431676725154984 0.6085806194501846 1 0 0 0.4472294969245345 0.894419240110938 0.9273307748259424
cell 47.31840788801115 5.862971225470671 0.0 1.0 1.0 1 0 0 0.0 1.0 0
cell 7.748381747143197 53.384050282442196 0.0 1.0 1.0 1 0 0 0.0 1.0 0
cell 56.709003824443414 31.681062366048195 0.0 1.0 1.0 1 0 0 0.0 1.0 0
cell 4.8659782849767055 33.22620455213017 0.0 1.0 1.0 1 0 0 0.0 1.0 0
cell 6.072758395252113 24.964241708648768 0.0 1.0 1.0 1 0 0 0.0 1.0 0
cell 36.281127918647876 17.69055187211077 0.0 1.0 1.0 1 0 0 0.0 1.0 0
cell 43.06249868842193 47.47273559662563 0.0 1.6431676725154984 0.6085806194501846 1 0 0 0.8668155900791353 0.4986288527509819 2.097560186708977
cell 48.154014696230995 4.204535335118144 0.0 1.0 1.0 1 0 0 0.0 1.0 0
cell 27.06173863388521 40.12177365244479 0.0 1.6431676725154984 0.6085806194501846 1 0 0 0.8821025372122246 -0.4710574421912426 4.1225709926380825
cell 25.594345352037912 52.945134677023084 0.0 1.6431676725154984 0.6085806194501846 1 0 0 0.7131501571569729 -0.7010113075742679 4.695221843868302
cell 15.76352988987227 3.73952555595846 0.0 1.0 1.0 1 0 0 0.0 1.0 0
cell 39.37191786028823 51.705484542996984 0.0 1.6431676725154984 0.6085806194501846 1 0 0 0.41959544943179383 0.9077112199461517 0.8659991842363071
cell 32.23375174779525 17.558628113270284 0.0 1.0 1.0 1 0 0 0.0 1.0 0
cell 34.50029943517559 38.070066585039335 0.0 1.6431676725154984 0.6085806194501846 1 0 0 0.9963122551702253 -0.08580145801570072 3.3134068238635463
cell 23.406459988950637 15.327443756916669 0.0 1.0 1.0 1 0 0 0.0 1.0 0
cell 18.171293437291283 46.604336901010534 0.0 1.0 1.0 1 0 0 0.0 1.0 0
cell 42.41102614717838 29.916170101454462 0.0 1.0 1.0 1 0 0 0.0 1.0 0
cell 10.247978512658516 11.193526090665554 0.0 1.0 1.0 1 0 0 0.0 1.0 0
cell 30.54261059203593 53.37007174575725 0.0 1.0 1.0 1 0 0 0.0 1.0 0
cell 47.57120373499332 44.006280768421355 0.0 1.6431676725154984 0.6085806194501846 1 0 0 0.655966808925716 -0.7547897360111709 4.852259693135028
cell 0.3830687462008087 43.49299730745927 0.0 1.6431676725154984 0.6085806194501846 1 0 0 0.7124956257694696 -0.7016765517383148 4.6970883499071245
cell 57.88802768895867 30.05260810135009 0.0 1.0 1.0 1 0 0 0.0 1.0 0
cell 42.7862735353316 25.314952379092624 0.0 1.0 1.0 1 0 0 0.0 1.0 0
cell 19.124131837962288 16.278998751903654 0.0 1.0 1.0 1 0 0 0.0 1.0 0
cell 47.28705366760222 19.90792861195606 0.0 1.0 1.0 1 0 0 0.0 1.0 0
cell 14.448612962611964 28.25892801191491 0.0 1.6431676725154984 0.6085806194501846 1 0 0 0.97749125441501 -0.21097594067137218 3.5667391857572257
cell 25.073287053205355 8.611841312352844 0.0 1.0 1.0 1 0 0 0.0 1.0 0
cell 51.72814533584865 7.963570810308984 0.0 1.0 1.0 1 0 0 0.0 1.0 0
cell 55.44057673619656 50.88594496593247 0.0 1.0 1.0 1 0 0 0.0 1.0 0
cell 26.48104381300534 47.35728761108532 0.0 1.6431676725154984 0.6085806194501846 1 0 0 0.706638736789816 -0.7075745159826583 4.7137123721071665
cell 58.18245274425888 3.0614474827328015 0.0 1.0 1.0 1 0 0 0.0 1.0 0
cell 20.07932608264181 13.540333844393034 0.0 1.0 1.0 1 0 0 0.0 1.0 0
cell 58.8814325560712 36.624315120592414 0.0 1.0 1.0 1 0 0 0.0 1.0 0
cell 9.700156614381466 0.4043162115219331 0.0 1.0 1.0 1 0 0 0.0 1.0 0
cell 34.48179976747066 10.852244411233603 0.0 1.0 1.0 1 0 0 0.0 1.0 0
cell 15.837771553094521 42.6807981334195 0.0 1.6431676725154984 0.6085806194501846 1 0 0 0.9708873652271582 0.23953647747737006 2.6578158508317937
cell 12.527087083044671 8.720239228448174 0.0 1.0 1.0 1 0 0 0.0 1.0 0
cell 46.84306617054479 2.6825510681446953 0.0 1.0 1.0 1 0 0 0.0 1.0 0
cell 0.8145387844841807 34.9903352158836 0.0 1.0 1.0 1 0 0 0.0 1.0 0
cell 30.77729955227041 2.26225700272621 0.0 1.0 1.0 1 0 0 0.0 1.0 0
cell 57.5307830672786 54.1679998192062 0.0 1.6431676725154984 0.6085806194501846 1 0 0 0.9718029012419909 0.23579465884037593 2.6655202473058415
cell 49.739579590982466 41.29709851438718 0.0 1.6431676725154984 0.6085806194501846 1 0 0 0.6437725718990266 -0.7652168814594413 4.884348962453296
cell 11.855573716967978 3.699404120528498 0.0 1.0 1.0 1 0 0 0.0 1.0 0
cell 11.660083259262567 20.26984389380364 0.0 1.0 1.0 1 0 0 0.0 1.0 0
cell 46.898965020394314 38.91426448042634 0.0 1.0 1.0 1 0 0 0.0 1.0 0
cell 39.96240903535081 3.35312135400475 0.0 1.0 1.0 1 0 0 0.0 1.0 0
cell 46.10816021142725 18.5508401746034 0.0 1.0 1.0 1 0 0 0.0 1.0 0
cell 51.51793948398052 22.358218680107022 0.0 1.0 1.0 1 0 0 0.0 1.0 0
cell 54.440813574834486 23.262198141655418 0.0 1.0 1.0 1 0 0 0.0 1.0 0
cell 31.088916649698582 19.20876213847493 0.0 1.0 1.0 1 0 0 0.0 1.0 0
cell 57.13818256890305 26.772356562282422 0.0 1.0 1.0 1 0 0 0.0 1.0 0
cell 44.0414565940239 26.624041056533446 0.0 1.0 1.0 1 0 0 0.0 1.0 0
cell 43.341843024235494 44.80289168325058 0.0 1.6431676725154984 0.6085806194501846 1 0 0 0.8069591640521919 0.5906072362849845 1.8779703873061835
cell 20.844834585760744 52.80780120447525 0.0 1.0 1.0 1 0 0 0.0 1.0 0
cell 58.39268950289684 4.672679668741967 0.0 1.0 1.0 1 0 0 0.0 1.0 0
cell 51.269239691455496 40.95761063581798 0.0 1.0 1.0 1 0 0 0.0 1.0 0
cell 33.23798928802079 41.339227703848486 0.0 1.0 1.0 1 0 0 0.0 1.0 0
cell 46.818106012766755 57.280831753594796 0.0 1.6431676725154984 0.6085806194501846 1 0 0 -0.17993339920519807 0.9836787950598828 5.921347817196361
cell 44.29975429513796 21.622187589791043 0.0 1.6431676725154984 0.6085806194501846 1 0 0 0.7455921759319117 0.6664025113916643 1.6828460318276806
cell 6.727258595992598 11.504511196740305 0.0 1.0 1.0 1 0 0 0.0 1.0 0
cell 25.40486049165158 31.33741766183616 0.0 1.6431676725154984 0.6085806194501846 1 0 0 0.9988272166851896 0.04841684839926396 3.044721084042753
cell 3.7727603740390308 0.7597606313841337 0.0 1.0 1.0 1 0 0 0.0 1.0 0
cell 51.69529698787748 14.40187014390205 0.0 1.0 1.0 1 0 0 0.0 1.0 0
cell 50.17057319653396 4.297424010712717 0.0 1.0 1.0 1 0 0 0.0 1.0 0
cell 42.30867577529302 12.877053671638645 0.0 1.0 1.0 1 0 0 0.0 1.0 0
cell 45.986953834378845 21.28438713131059 0.0 1.0 1.0 1 0 0 0.0 1.0 0
cell 27.19406434345269 18.523634047385958 0.0 1.0 1.0 1 0 0 0.0 1.0 0
cell 21.76493808685264 29.282763859886995 0.0 1.6431676725154984 0.6085806194501846 1 0 0 0.18279285421331198 0.9831514493955399 0.36765284288732014
cell 8.84889973467775 2.093990826860684 0.0 1.0 1.0 1 0 0 0.0 1.0 0
cell 13.743294373307592 10.166254104379993 0.0 1.0 1.0 1 0 0 0.0 1.0 0
cell 15.832573906018295 49.34190097912831 0.0 1.0 1.0 1 0 0 0.0 1.0 0
cell 24.163931119140607 26.291725798085057 0.0 1.0 1.0 1 0 0 0.0 1.0 0
cell 38.49316080174236 23.571519870208434 0.0 1.0 1.0 1 0 0 0.0 1.0 0
cell 33.45659179735996 7.937326724173354 0.0 1.6431676725154984 0.6085806194501846 1 0 0 0.8826659491501434 0.47000087469160784 2.1630091156308486
cell 2.8976785026224308 25.195917784876524 0.0 1.6431676725154984 0.6085806194501846 1 0 0 0.4724186656221789 -0.8813742703141271 5.29911937853607
cell 5.6177546140149754 29.733283301144226 0.0 1.0 1.0 1 0 0 0.0 1.0 0
cell 51.29186925207694 6.01827750426915 0.0 1.0 1.0 1 0 0 0.0 1.0 0
cell 18.057305409131196 9.474346387247863 0.0 1.0 1.0 1 0 0 0.0 1.0 0
cell 17.802522163335876 22.752018271158143 0.0 1.0 1.0 1 0 0 0.0 1.0 0
cell 23.144681069252496 46.09212284222376 0.0 1.0 1.0 1 0 0 0.0 1.0 0
cell 35.87638408219207 37.20978540313213 0.0 1.6431676725154984 0.6085806194501846 1 0 0 0.9984087432444648 -0.05639132391607957 3.2544351615749245
cell 17.52367426298306 57.161030319023936 0.0 1.0 1.0 1 0 0 0.0 1.0 0
cell 26.36430297375649 29.70606657666546 0.0 1.0 1.0 1 0 0 0.0 1.0 0
cell 4.035513035403491 35.601277776895664 0.0 1.6431676725154984 0.6085806194501846 1 0 0 0.9221093895586436 -0.3869292877100228 3.936190975898385
cell 16.645725631850997 1.95307722752658 0.0 1.0 1.0 1 0 0 0.0 1.0 0
cell 4.377600321772358 5.2371947033784805 0.0 1.0 1.0 1 0 0 0.0 1.0 0
cell 32.91742386223515 33.09339885244159 0.0 1.6431676725154984 0.6085806194501846 1 0 0 0.3094152942150195 0.9509270086109832 0.6291561822097494
cell 15.334929843377848 0.4734457183038012 0.0 1.0 1.0 1 0 0 0.0 1.0 0
cell 43.48355353267429 4.10025663766899 0.0 1.6431676725154984 0.6085806194501846 1 0 0 0.813349485783815 0.5817753982210004 1.8997730249727458
cell 1.5646090527071883 19.166502743620605 0.0 1.6431676725154984 0.6085806194501846 1 0 0 0.6568822070346692 -0.7539932135511977 4.849832841752861
cell 49.002754826177885 24.697666277531894 0.0 1.0 1.0 1 0 0 0.0 1.0 0
cell 50.066421432188655 7.5890427709401775 0.0 1.0 1.0 1 0 0 0.0 1.0 0
cell 21.354808992302548 48.87161859180313 0.0 1.0 1.0 1 0 0 0.0 1.0 0
cell 5.001161636925018 17.786824715754165 0.0 1.0 1.0 1 0 0 0.0 1.0 0
cell 48.75624419661703 37.96289704465785 0.0 1.0 1.0 1 0 0 0.0 1.0 0
cell 29.61402287990115 6.133351272436129 0.0 1.0 1.0 1 0 0 0.0 1.0 0
cell 37.96863197027225 3.7768249439419943 0.0 1.0 1.0 1 0 0 0.0 1.0 0
cell 39.55345021528083 37.64718417414818 0.0 1.0 1.0 1 0 0 0.0 1.0 0
cell 48.685878484418886 50.00577561611662 0.0 1.6431676725154984 0.6085806194501846 1 0 0 0.9814220159221314 -0.19186147779932164 3.5277096757709834
cell 10.108930669407158 17.069496944435823 0.0 1.0 1.0 1 0 0 0.0 1.0 0
cell 23.293379826754002 43.95891962715403 0.0 1.0 1.0 1 0 0 0.0 1.0 0
cell 34.177875592566885 52.09926076330517 0.0 1.0 1.0 1 0 0 0.0 1.0 0
cell 49.83348156689019 56.503942122178174 0.0 1.0 1.0 1 0 0 0.0 1.0 0
cell 26.181335237290483 50.30274618596156 0.0 1.6431676725154984 0.6085806194501846 1 0 0 0.7483586977158143 -0.6632942480928735 4.592017023613485
cell 43.38472406032511 16.284788483452243 0.0 1.0 1.0 1 0 0 0.0 1.0 0
cell 54.592298731104556 15.207728967296191 0.0 1.0 1.0 1 0 0 0.0 1.0 0
cell 32.939325441491356 5.212747639598738 0.0 1.6431676725154984 0.6085806194501846 1 0 0 0.8182691558549854 0.5748352708179706 1.916787014324717
cell 53.22574687015077 10.234611866996243 0.0 1.6431676725154984 0.6085806194501846 1 0 0 0.9379720582170419 -0.3467108564843134 3.8497169871577297
cell 44.525575704534305 47.38607590187386 0.0 1.6431676725154984 0.6085806194501846 1 0 0 0.667478028431579 -0.7446294928090696 4.821551821333456
cell 58.91283280743733 13.850901654077155 0.0 1.0 1.0 1 0 0 0.0 1.0 0
cell 35.75332383434481 3.4311503842179762 0.0 1.6431676725154984 0.6085806194501846 1 0 0 0.907771555647026 0.41946490050799046 2.2758811039713045
cell 15.27248441617504 15.175360343082195 0.0 1.0 1.0 1 0 0 0.0 1.0 0
cell 57.13922649673126 37.67344815630356 0.0 1.6431676725154984 0.6085806194501846 1 0 0 0.6214864163576646 0.7834249385122404 1.3412772190482212
cell 48.61479308915425 33.93339370703952 0.0 1.0 1.0 1 0 0 0.0 1.0 0
cell 27.772666788241498 24.968073044171348 0.0 1.0 1.0 1 0 0 0.0 1.0 0
cell 17.3753886562449 20.802894921665228 0.0 1.0 1.0 1 0 0 0.0 1.0 0
cell 7.682196603290346 48.38227980304052 0.0 1.6431676725154984 0.6085806194501846 1 0 0 0.8561318828879848 -0.516757389016039 4.227710831379129
cell 32.0587922668878 3.7562038869672874 0.0 1.0 1.0 1 0 0 0.0 1.0 0
cell 7.098822675989298 45.4905142620291 0.0 1.6431676725154984 0.6085806194501846 1 0 0 0.9990593772917707 -0.04336312541064506 3.228346106873234
cell 40.09496845651858 43.2351927722226 0.0 1.6431676725154984 0.6085806194501846 1 0 0 0.5796325157492839 -0.814877994969895 5.0466300074351
cell 12.65876327747859 55.29578951874574 0.0 1.0 1.0 1 0 0 0.0 1.0 0
cell 43.724937283479115 9.75011014469254 0.0 1.0 1.0 1 0 0 0.0 1.0 0
cell 57.50175538624161 11.085433172891593 0.0 1.0 1.0 1 0 0 0.0 1.0 0
cell 8.494880020829356 28.448290683362945 0.0 1.0 1.0 1 0 0 0.0 1.0 0
cell 32.19585730829413 10.673801780181565 0.0 1.6431676725154984 0.6085806194501846 1 0 0 0.804209352577728 0.5943461257773215 1.86868797459221
cell 18.259111792464406 53.31921866532976 0.0 1.0 1.0 1 0 0 0.0 1.0 0
cell 26.79458288276141 5.317091173839059 0.0 1.0 1.0 1 0 0 0.0 1.0 0
cell 25.767386494708305 25.00547333563232 0.0 1.0 1.0 1 0 0 0.0 1.0 0
cell 29.07723157950018 51.97745407250922 0.0 1.0 1.0 1 0 0 0.0 1.0 0
cell 3.6464976199024863 31.601258742106744 0.0 1.0 1.0 1 0 0 0.0 1.0 0
cell 7.276497501937048 39.75875441394339 0.0 1.0 1.0 1 0 0 0.0 1.0 0
cell 13.19828732329159 40.34580437322995 0.0 1.0 1.0 1 0 0 0.0 1.0 0
cell 10.817995410267798 1.9853893476833135 0.0 1.0 1.0 1 0 0 0.0 1.0 0
cell 22.710787227718995 52.09251759561408 0.0 1.0 1.0 1 0 0 0.0 1.0 0
cell 5.019076558284861 12.475322840376787 0.0 1.0 1.0 1 0 0 0.0 1.0 0
cell 16.415942266404056 46.239301311475984 0.0 1.0 1.0 1 0 0 0.0 1.0 0
cell 47.50193174704842 26.049668091234267 0.0 1.0 1.0 1 0 0 0.0 1.0 0
cell 4.744484867886502 9.020545320502663 0.0 1.0 1.0 1 0 0 0.0 1.0 0
cell 2.1613906497415516 42.469394565150814 0.0 1.0 1.0 1 0 0 0.0 1.0 0
cell 23.78024990848006 10.114725637067806 0.0 1.0 1.0 1 0 0 0.0 1.0 0
cell 55.599675278687855 21.653888659271253 0.0 1.0 1.0 1 0 0 0.0 1.0 0
cell 10.033139330944753 20.965336015038083 0.0 1.0 1.0 1 0 0 0.0 1.0 0
cell 16.782277901291017 18.895694865764177 0.0 1.0 1.0 1 0 0 0.0 1.0 0
cell 52.79263592574981 58.34185507346045 0.0 1.0 1.0 1 0 0 0.0 1.0 0
cell 19.715020610998206 9.704622359344176 0.0 1.0 1.0 1 0 0 0.0 1.0 0
cell 27.797934484979866 33.95781789847625 0.0 1.6431676725154984 0.6085806194501846 1 0 0 0.8765868217613793 0.48124374688330646 2.1374466283657285
cell 44.78568818126108 44.01915531963358 0.0 1.6431676725154984 0.6085806194501846 1 0 0 0.8486505541321491 0.5289539081727218 2.0268577777174404
cell 5.047837473113689 15.93547625435763 0.0 1.0 1.0 1 0 0 0.0 1.0 0
cell 54.03660431583584 17.08302347551454 0.0 1.0 1.0 1 0 0 0.0 1.0 0
cell 22.459134662417405 6.384350333531681 0.0 1.6431676725154984 0.6085806194501846 1 0 0 0.748075715580244 0.6636133842525375 1.6903152260528822
cell 51.11683134753482 29.68617495869677 0.0 1.0 1.0 1 0 0 0.0 1.0 0
cell 43.18686479377787 8.114681321795826 0.0 1.0 1.0 1 0 0 0.0 1.0 0
cell 20.91905975070228 55.61943774619165 0.0 1.6431676725154984 0.6085806194501846 1 0 0 0.9987833070783105 -0.04931435391154543 3.2402613811738266
cell 46.759034676213965 33.135885213293236 0.0 1.0 1.0 1 0 0 0.0 1.0 0
cell 34.60982193085619 35.75041615007124 0.0 1.0 1.0 1 0 0 0.0 1.0 0
cell 4.010667980510827 34.354854790760875 0.0 1.6431676725154984 0.6085806194501846 1 0 0 0.9460478240721721 -0.3240270275275017 3.8015588267296567
cell 35.12814673748789 45.86279259469395 0.0 1.0 1.0 1 0 0 0.0 1.0 0
cell 45.99508367225693 12.432937486677545 0.0 1.0 1.0 1 0 0 0.0 1.0 0
cell 0.9035421448899005 24.887756733029637 0.0 1.0 1.0 1 0 0 0.0 1.0 0
cell 40.77056137793787 58.81985401591838 0.0 1.6431676725154984 0.6085806194501846 1 0 0 0.49462214383256836 0.86910812608701 1.0348000293813442
cell 9.252981513941483 40.33216967989217 0.0 1.0 1.0 1 0 0 0.0 1.0 0
cell 13.329696875707448 15.489495847230755 0.0 1.0 1.0 1 0 0 0.0 1.0 0
cell 12.494410534994651 32.677736163022296 0.0 1.0 1.0 1 0 0 0.0 1.0 0
cell 24.36497738161048 54.23096007357704 0.0 1.6431676725154984 0.6085806194501846 1 0 0 0.6361932192618202 -0.7715297711464423 4.904077110013253
cell 27.42907986071072 36.26453067681124 0.0 1.6431676725154984 0.6085806194501846 1 0 0 0.8589440428022469 -0.5120694594823361 4.21677739621494
cell 41.51605685174622 11.073423345589115 0.0 1.0 1.0 1 0 0 0.0 1.0 0
cell 50.547643287913374 51.62456853889147 0.0 1.6431676725154984 0.6085806194501846 1 0 0 0.9891781705440426 -0.1467192793028271 3.4360943295848445
cell 10.897022295034198 49.12442505287096 0.0 1.0 1.0 1 0 0 0.0 1.0 0
cell 41.6026493152636 27.9722890574627 0.0 1.0 1.0 1 0 0 0.0 1.0 0
cell 52.338815966340015 25.73077046399445 0.0 1.0 1.0 1 0 0 0.0 1.0 0
cell 35.75605347665039 34.35218147743157 0.0 1.0 1.0 1 0 0 0.0 1.0 0
cell 34.2042655323563 14.319598854318029 0.0 1.0 1.0 1 0 0 0.0 1.0 0
cell 16.46713684682741 5.567745140815728 0.0 1.0 1.0 1 0 0 0.0 1.0 0
cell 18.38316654398034 14.398794037302334 0.0 1.0 1.0 1 0 0 0.0 1.0 0
cell 2.9204324074943253 8.204707369468501 0.0 1.0 1.0 1 0 0 0.0 1.0 0
cell 38.941416685714515 56.8835427725844 0.0 1.6431676725154984 0.6085806194501846 1 0 0 0.823809311170748 -0.5668670204098821 4.346988287728282
cell 1.8323773735327613 1.040639145813485 0.0 1.0 1.0 1 0 0 0.0 1.0 0
cell 4.9483423831253965 48.04305351295104 0.0 1.6431676725154984 0.6085806194501846 1 0 0 0.6102128816347283 -0.7922374890694337 4.970526762191395
cell 58.47472567448158 8.35437491674935 0.0 1.0 1.0 1 0 0 0.0 1.0 0
cell 21.097149701194258 8.506915006802972 0.0 1.6431676725154984 0.6085806194501846 1 0 0 0.8392397908344931 0.5437615042277968 1.9917673081524503
cell 26.99258639737742 16.530355413740082 0.0 1.0 1.0 1 0 0 0.0 1.0 0
cell 31.420508635341406 44.750800808924964 0.0 1.0 1.0 1 0 0 0.0 1.0 0
cell 3.0344844521220176 10.008797868135595 0.0 1.0 1.0 1 0 0 0.0 1.0 0
cell 40.36952568639686 24.169050784197363 0.0 1.0 1.0 1 0 0 0.0 1.0 0
cell 21.11489829449247 30.931605793092505 0.0 1.6431676725154984 0.6085806194501846 1 0 0 0.9705930912058193 0.2407260918627898 2.655364908340769
cell 36.345853524323005 31.070038996990544 0.0 1.6431676725154984 0.6085806194501846 1 0 0 0.10933564002852655 -0.994004888227192 6.064075990255177
cell 45.56287528761411 49.07485210811175 0.0 1.6431676725154984 0.6085806194501846 1 0 0 0.7087479772511369 -0.705461767030944 4.7077415731401295
cell 26.28931336369092 12.643917088227889 0.0 1.0 1.0 1 0 0 0.0 1.0 0
cell 24.20508590956812 1.689830999269761 0.0 1.6431676725154984 0.6085806194501846 1 0 0 0.9978203441767025 -0.06598909566804906 3.2736668176171775
cell 31.249912600240197 15.743020032342535 0.0 1.0 1.0 1 0 0 0.0 1.0 0
cell 3.027534442724014 56.34058862163634 0.0 1.0 1.0 1 0 0 0.0 1.0 0
cell 43.03241860568834 32.04939392653271 0.0 1.0 1.0 1 0 0 0.0 1.0 0
cell 8.779168195625827 30.436140734292042 0.0 1.0 1.0 1 0 0 0.0 1.0 0
cell 19.92249025301064 25.366621281136943 0.0 1.0 1.0 1 0 0 0.0 1.0 0
cell 41.015848413486374 26.082436820965256 0.0 1.0 1.0 1 0 0 0.0 1.0 0
cell 0.062420594332718016 1.5868083206869588 0.0 1.0 1.0 1 0 0 0.0 1.0 0
cell 7.720332658708356 37.84590424794663 0.0 1.0 1.0 1 0 0 0.0 1.0 0
cell 28.382536127130116 26.76625051721326 0.0 1.0 1.0 1 0 0 0.0 1.0 0
cell 1.4519708041398565 27.509893000594754 0.0 1.6431676725154984 0.6085806194501846 1 0 0 0.3517725929075044 -0.9360854890869376 5.564257198408809
cell 44.999214511358716 3.0936727251216793 0.0 1.6431676725154984 0.6085806194501846 1 0 0 0.8266263010749059 0.56275124022184 1.9461720142364076
cell 8.44312592312164 19.749104593273685 0.0 1.0 1.0 1 0 0 0.0 1.0 0
cell 30.366540481408045 17.35186606425103 0.0 1.0 1.0 1 0 0 0.0 1.0 0
cell 14.641439932599134 24.787123798949224 0.0 1.0 1.0 1 0 0 0.0 1.0 0
cell 58.50146461529593 49.25177977589013 0.0 1.0 1.0 1 0 0 0.0 1.0 0
cell 14.679035480564693 5.4284448046026785 0.0 1.0 1.0 1 0 0 0.0 1.0 0
cell 9.30243138549257 26.189687601961463 0.0 1.6431676725154984 0.6085806194501846 1 0 0 0.9540395587870191 -0.2996806971919781 3.7503085562546565
cell 54.91919765696707 45.891330755229646 0.0 1.0 1.0 1 0 0 0.0 1.0 0
cell 53.05060234927482 2.60777478546519 0.0 1.0 1.0 1 0 0 0.0 1.0 0
cell 39.956873002795106 39.91467737891823 0.0 1.6431676725154984 0.6085806194501846 1 0 0 0.9860386539160446 -0.16651658470985622 3.4761843941735733
cell 56.58336704949513 28.794167230161772 0.0 1.0 1.0 1 0 0 0.0 1.0 0
cell 21.04318289204371 18.310456228733464 0.0 1.6431676725154984 0.6085806194501846 1 0 0 0.5434753833870121 0.8394251054455902 1.1491435635316203
cell 23.12334559015124 57.841469095388206 0.0 1.6431676725154984 0.6085806194501846 1 0 0 0.24379312474605586 0.969827259013972 0.49255014921432194
cell 44.91030513489084 14.922841875249448 0.0 1.0 1.0 1 0 0 0.0 1.0 0
cell 8.052820243625426 46.74580808808799 0.0 1.6431676725154984 0.6085806194501846 1 0 0 0.9837217165573647 -0.1796985931314758 3.5029527500352597
cell 9.607992988427203 24.820687225288186 0.0 1.0 1.0 1 0 0 0.0 1.0 0
cell 11.99057527146831 10.544141400774183 0.0 1.0 1.0 1 0 0 0.0 1.0 0
cell 18.746942678597573 11.346925428520148 0.0 1.0 1.0 1 0 0 0.0 1.0 0
cell 42.13346182142884 56.478201362229896 0.0 1.6431676725154984 0.6085806194501846 1 0 0 0.9723927029167997 -0.23335044742652752 3.6126363269192625
cell 44.6751632517633 36.642020943352236 0.0 1.0 1.0 1 0 0 0.0 1.0 0
cell 12.67347001307939 27.244346844867618 0.0 1.0 1.0 1 0 0 0.0 1.0 0
cell 35.25938115359524 7.062479539113866 0.0 1.6431676725154984 0.6085806194501846 1 0 0 0.902804192821146 0.430051845042617 2.2524922479397524
cell 17.583979360580926 50.362732550134524 0.0 1.0 1.0 1 0 0 0.0 1.0 0
cell 47.42550342302204 40.52201232474416 0.0 1.6431676725154984 0.6085806194501846 1 0 0 0.9130621018790256 0.40782054645671784 2.301461025053626
cell 4.353205553006891 57.926510460128455 0.0 1.0 1.0 1 0 0 0.0 1.0 0
cell 13.681874716045437 29.556333515381795 0.0 1.0 1.0 1 0 0 0.0 1.0 0
cell 6.007497120226308 6.088110139140847 0.0 1.0 1.0 1 0 0 0.0 1.0 0
cell 46.536533902824054 7.6557433975872655 0.0 1.0 1.0 1 0 0 0.0 1.0 0
cell 56.28061207245464 19.779968204384467 0.0 1.0 1.0 1 0 0 0.0 1.0 0
cell 4.299362614501265 37.852702456121364 0.0 1.6431676725154984 0.6085806194501846 1 0 0 0.7217842044272863 -0.6921181707188949 4.670431795671337
cell 45.50611309844887 9.341379314511753 0.0 1.0 1.0 1 0 0 0.0 1.0 0
cell 37.963903135700356 10.928427460731642 0.0 1.0 1.0 1 0 0 0.0 1.0 0
cell 17.617452360802663 4.319102639131175 0.0 1.0 1.0 1 0 0 0.0 1.0 0
cell 31.977622201223635 8.339306742173896 0.0 1.6431676725154984 0.6085806194501846 1 0 0 0.7996385481304861 0.6004816336440011 1.853386079856619
cell 42.35799537357315 23.696398317738176 0.0 1.6431676725154984 0.6085806194501846 1 0 0 0.8771298726419281 0.48025325248159956 2.139705817206313
cell 38.89204515745348 9.16585016420524 0.0 1.0 1.0 1 0 0 0.0 1.0 0
cell 57.02923055952737 33.37858044682476 0.0 1.0 1.0 1 0 0 0.0 1.0 0
cell 29.326163909623624 46.14516897434662 0.0 1.0 1.0 1 0 0 0.0 1.0 0
cell 11.668605736663322 18.295316351542027 0.0 1.0 1.0 1 0 0 0.0 1.0 0
cell 43.84299316963585 58.332605514100685 0.0 1.0 1.0 1 0 0 0.0 1.0 0
cell 41.42025621618628 52.87877694811577 0.0 1.0 1.0 1 0 0 0.0 1.0 0
cell 0.41246786219244475 50.71970004373906 0.0 1.6431676725154984 0.6085806194501846 1 0 0 0.9038898402500691 0.4277653056206225 2.2575546174596335
cell 43.132114000286286 35.500224961594114 0.0 1.0 1.0 1 0 0 0.0 1.0 0
cell 53.20531678677486 5.5292487822720915 0.0 1.0 1.0 1 0 0 0.0 1.0 0
cell 55.050322806552096 2.3945398513288816 0.0 1.0 1.0 1 0 0 0.0 1.0 0
cell 19.676374741754213 34.24650934539827 0.0 1.6431676725154984 0.6085806194501846 1 0 0 0.97422908464744 -0.22556083575614655 3.5966299919596945
cell 5.2976138028247455 40.1109885878488 0.0 1.0 1.0 1 0 0 0.0 1.0 0
cell 39.915683733621286 1.315717120987166 0.0 1.0 1.0 1 0 0 0.0 1.0 0
cell 37.779911937688645 14.445460090498523 0.0 1.0 1.0 1 0 0 0.0 1.0 0
cell 25.470554574768197 17.864589755147946 0.0 1.0 1.0 1 0 0 0.0 1.0 0
cell 35.14480438907172 16.062219451961898 0.0 1.0 1.0 1 0 0 0.0 1.0 0
cell 1.427414763057876 11.089113914158638 0.0 1.0 1.0 1 0 0 0.0 1.0 0
cell 0.42924691272915966 41.32891313667695 0.0 1.6431676725154984 0.6085806194501846 1 0 0 0.2253327100814922 0.9742818738780529 0.45456903066526366
cell 29.136591651977717 38.57434044810323 0.0 1.6431676725154984 0.6085806194501846 1 0 0 0.9171749039833164 -0.3984848748738079 3.961321261995503
cell 6.810368182696267 18.680388405747692 0.0 1.0 1.0 1 0 0 0.0 1.0 0
cell 35.70535953091678 22.952931435830667 0.0 1.6431676725154984 0.6085806194501846 1 0 0 0.9854483426341898 -0.16997518642298493 3.483201631763502
cell 49.764584323617015 14.95939890026309 0.0 1.0 1.0 1 0 0 0.0 1.0 0
cell 14.161077231024722 56.568331474245326 0.0 1.0 1.0 1 0 0 0.0 1.0 0
cell 21.82552638866481 9.814083769155618 0.0 1.0 1.0 1 0 0 0.0 1.0 0
cell 10.207511942347969 15.073762032962113 0.0 1.0 1.0 1 0 0 0.0 1.0 0
cell 3.3044628597824643 13.51970720015734 0.0 1.0 1.0 1 0 0 0.0 1.0 0
cell 2.8686814993497545 39.32944976136538 0.0 1.6431676725154984 0.6085806194501846 1 0 0 0.030244544469023922 0.99954252912513 0.06049831462507535
cell 39.39719033840205 20.79889909309981 0.0 1.6431676725154984 0.6085806194501846 1 0 0 0.8975153058045963 -0.44098330563240384 4.054980584333857
cell 27.817395737629628 44.72513512629364 0.0 1.6431676725154984 0.6085806194501846 1 0 0 0.7840641796740317 -0.6206797581298166 4.480811400531818
cell 26.911610472294548 3.3084542185437846 0.0 1.0 1.0 1 0 0 0.0 1.0 0
cell 35.34169753448108 9.04469887460858 0.0 1.0 1.0 1 0 0 0.0 1.0 0
cell 24.037455699484617 19.264018996039425 0.0 1.0 1.0 1 0 0 0.0 1.0 0
cell 25.51433648429279 43.690603604875 0.0 1.6431676725154984 0.6085806194501846 1 0 0 -0.7317700129089807 0.6815516474979649 4.641354553219907
cell 56.57149072535439 46.1660508226219 0.0 1.0 1.0 1 0 0 0.0 1.0 0
cell 47.239231879748864 34.87443870907314 0.0 1.6431676725154984 0.6085806194501846 1 0 0 -0.16624695788845217 -0.9860841490424817 0.3340448642547411
cell 33.700847876829414 6.0119284029997715 0.0 1.6431676725154984 0.6085806194501846 1 0 0 0.8775684649311613 0.4794513420133114 2.1415338474615178
cell 52.09072596342338 4.181217654811885 0.0 1.0 1.0 1 0 0 0.0 1.0 0
cell 17.83788518131399 7.960568297210477 0.0 1.6431676725154984 0.6085806194501846 1 0 0 0.9082846883612168 0.4183526322237825 2.2783309579310655
cell 38.726640688741625 31.947332239524393 0.0 1.6431676725154984 0.6085806194501846 1 0 0 0.47193331175895414 0.88163424913749 0.9829647340761432
cell 31.52698398486137 0.39817682808600907 0.0 1.0 1.0 1 0 0 0.0 1.0 0
cell 54.44365248867744 48.97745932460111 0.0 1.0 1.0 1 0 0 0.0 1.0 0
cell 33.534316531653296 9.845286181887541 0.0 1.6431676725154984 0.6085806194501846 1 0 0 0.8383873750181412 0.5450748658764138 1.9886358343493606
cell 16.194653845321206 47.74205899837932 0.0 1.0 1.0 1 0 0 0.0 1.0 0
cell 7.2176335843954496 29.518265150979605 0.0 1.0 1.0 1 0 0 0.0 1.0 0
cell 13.63092267972517 7.092926880003752 0.0 1.0 1.0 1 0 0 0.0 1.0 0
cell 6.826545553054369 15.10362221837353 0.0 1.0 1.0 1 0 0 0.0 1.0 0
cell 55.09784048489021 32.89572564159912 0.0 1.0 1.0 1 0 0 0.0 1.0 0
cell 57.48585628597611 20.930831262759355 0.0 1.0 1.0 1 0 0 0.0 1.0 0
cell 30.71845541645076 42.84100785213428 0.0 1.0 1.0 1 0 0 0.0 1.0 0
cell 19.54621381629465 32.6169114364648 0.0 1.6431676725154984 0.6085806194501846 1 0 0 0.9796211130068928 0.20085436253946934 2.7371326963238793
cell 59.003450233674705 21.931914234820205 0.0 1.0 1.0 1 0 0 0.0 1.0 0
cell 13.472324739530238 47.951553970639466 0.0 1.6431676725154984 0.6085806194501846 1 0 0 0.724647842322347 0.6891193689177274 1.6210464624596812
cell 25.530770080220904 41.22214506691834 0.0 1.6431676725154984 0.6085806194501846 1 0 0 -0.8406713434880635 0.5415456511116808 4.286141882247461
cell 6.286949458508677 34.680462431719604 0.0 1.0 1.0 1 0 0 0.0 1.0 0
cell 19.181706403940595 21.42112040089693 0.0 1.0 1.0 1 0 0 0.0 1.0 0
cell 3.0622343926666145 18.31410220510205 0.0 1.0 1.0 1 0 0 0.0 1.0 0
cell 1.224991466647725 9.187969784430598 0.0 1.0 1.0 1 0 0 0.0 1.0 0
cell 55.030942628884475 56.17805533449065 0.0 1.0 1.0 1 0 0 0.0 1.0 0
cell 55.624699517177326 34.82221677198643 0.0 1.0 1.0 1 0 0 0.0 1.0 0
cell 55.113944227748966 12.434650612610746 0.0 1.6431676725154984 0.6085806194501846 1 0 0 0.9164015120782498 -0.40026025116253705 3.9651942955235477
cell 3.526641385375111 52.37930297787235 0.0 1.6431676725154984 0.6085806194501846 1 0 0 0.15944138656412038 0.9872073967766402 0.3202495498097817
cell 50.623683286152705 43.18648419163705 0.0 1.6431676725154984 0.6085806194501846 1 0 0 0.7330166319568258 -0.6802107153483188 4.63769277276946
cell 5.954192663845586 4.00435100114558 0.0 1.0 1.0 1 0 0 0.0 1.0 0
cell 14.127362178263558 38.76983169093287 0.0 1.6431676725154984 0.6085806194501846 1 0 0 0.07617529318814896 -0.9970944412179318 6.130686994570056
cell 24.0520909010821 36.132735009674256 0.0 1.6431676725154984 0.6085806194501846 1 0 0 0.9620274220856958 -0.27295281488775763 3.6945147887822047
cell 48.707934639640996 43.927019556033315 0.0 1.6431676725154984 0.6085806194501846 1 0 0 0.6686940974381369 -0.7435376278651912 4.818283186463117
cell 28.4075791002848 4.665657706953585 0.0 1.0 1.0 1 0 0 0.0 1.0 0
cell 58.875465836438934 33.66862153373226 0.0 1.0 1.0 1 0 0 0.0 1.0 0
cell 21.651449929119224 44.94882912167156 0.0 1.0 1.0 1 0 0 0.0 1.0 0
cell 55.74765934781671 24.047804082381738 0.0 1.0 1.0 1 0 0 0.0 1.0 0
cell 4.761494017654118 43.96805243783842 0.0 1.6431676725154984 0.6085806194501846 1 0 0 0.8879536106149718 -0.4599330227281306 4.0974321900881865
cell 52.09533398216303 17.534324755770918 0.0 1.0 1.0 1 0 0 0.0 1.0 0
cell 37.11646167075364 16.116363352512924 0.0 1.0 1.0 1 0 0 0.0 1.0 0
cell 21.393969647371097 36.515695105452224 0.0 1.0 1.0 1 0 0 0.0 1.0 0
cell 11.155862151355368 31.57203106223502 0.0 1.6431676725154984 0.6085806194501846 1 0 0 0.6933339623753477 -0.7206164143404589 4.750974587596743
cell 40.45343286367818 32.873995736423474 0.0 1.0 1.0 1 0 0 0.0 1.0 0
cell 10.647286254182408 47.13428023859519 0.0 1.0 1.0 1 0 0 0.0 1.0 0
cell 27.334462075525266 1.4054420498905322 0.0 1.0 1.0 1 0 0 0.0 1.0 0
cell 43.951759655227605 54.16643782593028 0.0 1.0 1.0 1 0 0 0.0 1.0 0
cell 6.775291054387846 13.290285024483781 0.0 1.0 1.0 1 0 0 0.0 1.0 0
cell 29.239002718798684 15.61691787669206 0.0 1.0 1.0 1 0 0 0.0 1.0 0
cell 15.573436588122293 7.188920156951978 0.0 1.0 1.0 1 0 0 0.0 1.0 0
cell 11.706228360657237 50.97304642478881 0.0 1.0 1.0 1 0 0 0.0 1.0 0
cell 56.91597044660754 17.91058437825297 0.0 1.0 1.0 1 0 0 0.0 1.0 0
cell 13.748665273558146 45.07350195349969 0.0 1.6431676725154984 0.6085806194501846 1 0 0 0.8749451450991368 0.48422204934043483 2.13064504062873
cell 52.74366066531061 47.85802517936053 0.0 1.0 1.0 1 0 0 0.0 1.0 0
cell 31.10607885339315 11.409583716080345 0.0 1.6431676725154984 0.6085806194501846 1 0 0 0.7373345505481405 0.6755277644686203 1.658232171311409
cell 11.847895951603274 12.397088012268894 0.0 1.0 1.0 1 0 0 0.0 1.0 0
cell 30.191512578319443 36.93189435353081 0.0 1.6431676725154984 0.6085806194501846 1 0 0 0.9910863711750262 0.13322088751812958 2.8743563907606307
cell 20.233454378833514 43.859042479475896 0.0 1.0 1.0 1 0 0 0.0 1.0 0
cell 37.67903643326166 38.43056171970064 0.0 1.6431676725154984 0.6085806194501846 1 0 0 0.9912714073349184 -0.1318370092206672 3.4060365283088814
cell 52.728366623546066 28.57761748309447 0.0 1.0 1.0 1 0 0 0.0 1.0 0
cell 36.221731838069914 41.52280112420276 0.0 1.6431676725154984 0.6085806194501846 1 0 0 0.9171903800514277 -0.39844925240376294 3.9612435839662674
cell 56.261808667842416 42.41529823502173 0.0 1.0 1.0 1 0 0 0.0 1.0 0
cell 7.052698750208375 42.936733856940734 0.0 1.0 1.0 1 0 0 0.0 1.0 0
cell 6.686221402011014 32.95569586457286 0.0 1.0 1.0 1 0 0 0.0 1.0 0
cell 11.753983197339117 38.32671454765284 0.0 1.6431676725154984 0.6085806194501846 1 0 0 0.9850099561428124 0.17249749650222412 2.794863427597283
cell 24.315414285848693 32.609140272934546 0.0 1.6431676725154984 0.6085806194501846 1 0 0 0.9954623876721599 0.09515584443449851 2.950992587680388
cell 39.65902275813409 27.56703080335592 0.0 1.0 1.0 1 0 0 0.0 1.0 0
cell 58.32770613671698 57.338833166150714 0.0 1.0 1.0 1 0 0 0.0 1.0 0
cell 25.15409828534417 28.76888017487987 0.0 1.6431676725154984 0.6085806194501846 1 0 0 0.3278244797135442 -0.9447386466640094 5.615185551953227
cell 27.620211991893076 20.476411406959322 0.0 1.0 1.0 1 0 0 0.0 1.0 0
cell 3.1594138492256407 28.672999318514947 0.0 1.0 1.0 1 0 0 0.0 1.0 0
cell 24.458305870214573 41.982985537262515 0.0 1.6431676725154984 0.6085806194501846 1 0 0 0.6977341362160832 -0.7163568071560402 4.738726175386423
cell 16.344254497237763 53.91757215441647 0.0 1.0 1.0 1 0 0 0.0 1.0 0
cell 41.48566256181142 42.62831092588575 0.0 1.6431676725154984 0.6085806194501846 1 0 0 0.5790271798210616 -0.8153082392742441 5.048115324603615
cell 35.795166528860996 29.76726571590687 0.0 1.0 1.0 1 0 0 0.0 1.0 0
cell 45.466475741980304 23.218231489290936 0.0 1.0 1.0 1 0 0 0.0 1.0 0
cell 7.981945108146627 3.7316449296332723 0.0 1.0 1.0 1 0 0 0.0 1.0 0
cell 18.331688935412753 36.87802442521396 0.0 1.0 1.0 1 0 0 0.0 1.0 0
cell 39.60408652686935 11.034696946669166 0.0 1.0 1.0 1 0 0 0.0 1.0 0
cell 42.9899394348631 14.566634308826858 0.0 1.0 1.0 1 0 0 0.0 1.0 0
cell 21.696490965083523 14.765901492220626 0.0 1.0 1.0 1 0 0 0.0 1.0 0
cell 51.05741096949784 2.5362062374870806 0.0 1.0 1.0 1 0 0 0.0 1.0 0
cell 17.235732671928194 15.75875592992322 0.0 1.0 1.0 1 0 0 0.0 1.0 0
cell 53.71071800360958 36.066969979145945 0.0 1.6431676725154984 0.6085806194501846 1 0 0 0.27032835407974404 0.9627681865228704 0.5474681344250186
cell 12.742727151081263 5.434244650047803 0.0 1.0 1.0 1 0 0 0.0 1.0 0
cell 5.034594598626054 14.269167757062018 0.0 1.0 1.0 1 0 0 0.0 1.0 0
cell 41.373798442211076 46.50665472495041 0.0 1.6431676725154984 0.6085806194501846 1 0 0 0.894918341827631 0.4462299423621003 2.2164963469124044
cell 8.931278420629573 55.149627961339746 0.0 1.6431676725154984 0.6085806194501846 1 0 0 0.7237101105188952 0.6901041051411942 1.618326869365171
cell 13.979426753776707 13.679785937333047 0.0 1.0 1.0 1 0 0 0.0 1.0 0
cell 46.17399041302142 46.03080802894543 0.0 1.6431676725154984 0.6085806194501846 1 0 0 0.5059998975981939 -0.8625335376845455 5.2221036508857335
cell 19.583356040184686 23.40557315156487 0.0 1.0 1.0 1 0 0 0.0 1.0 0
cell 21.978761755198793 16.679022441482278 0.0 1.0 1.0 1 0 0 0.0 1.0 0
cell 24.859478694958565 37.657774526373586 0.0 1.6431676725154984 0.6085806194501846 1 0 0 0.9464816014172236 -0.3227577701290675 3.79887615835782
cell 27.078755220183545 10.809026815749004 0.0 1.0 1.0 1 0 0 0.0 1.0 0
cell 39.67644400410193 47.18262735744187 0.0 1.6431676725154984 0.6085806194501846 1 0 0 0.5607437386558684 0.8279894078780472 1.1905675473149768
cell 32.71945465684827 22.820378584785697 0.0 1.0 1.0 1 0 0 0.0 1.0 0
cell 50.430172999148276 21.025602422763136 0.0 1.0 1.0 1 0 0 0.0 1.0 0
cell 12.772002187853072 53.48499014187143 0.0 1.0 1.0 1 0 0 0.0 1.0 0
cell 48.73666527402971 13.486039981731647 0.0 1.0 1.0 1 0 0 0.0 1.0 0
cell 11.37271687003827 24.239347579014435 0.0 1.0 1.0 1 0 0 0.0 1.0 0
cell 13.714434924248813 3.713945487030061 0.0 1.0 1.0 1 0 0 0.0 1.0 0
cell 25.262042906447515 34.00125313526589 0.0 1.6431676725154984 0.6085806194501846 1 0 0 0.9724228809832871 -0.23322465680147103 3.6123776070161058
cell 49.28966775044402 47.00087141027887 0.0 1.6431676725154984 0.6085806194501846 1 0 0 0.7799721981243044 -0.625814165829714 4.493942525431105
cell 44.93897121931686 0.5558149179615968 0.0 1.6431676725154984 0.6085806194501846 1 0 0 0.5291309029971323 -0.8485402097092626 5.168033283565118
cell 29.915073476123364 20.829601347724655 0.0 1.0 1.0 1 0 0 0.0 1.0 0
cell 47.471451119403106 16.922939477207937 0.0 1.0 1.0 1 0 0 0.0 1.0 0
cell 35.81127719939943 26.55722857582918 0.0 1.0 1.0 1 0 0 0.0 1.0 0
cell 6.163018349353971 57.47518392846278 0.0 1.0 1.0 1 0 0 0.0 1.0 0
cell 3.9518016697098575 45.144766533463226 0.0 1.6431676725154984 0.6085806194501846 1 0 0 0.9772460665073053 -0.2121087586498953 3.5690572831088847
cell 42.68967438328575 20.819801886464198 0.0 1.6431676725154984 0.6085806194501846 1 0 0 0.4986660176954838 0.8667942101766297 1.0441182184599567
cell 37.97356489780072 44.18972763055939 0.0 1.6431676725154984 0.6085806194501846 1 0 0 0.25881957384102305 0.9659256846138585 0.5235998703791334
cell 30.717534718383792 22.544492824727378 0.0 1.0 1.0 1 0 0 0.0 1.0 0
cell 7.096348503067673 44.3164585658826 0.0 1.6431676725154984 0.6085806194501846 1 0 0 0.994696472916552 -0.10285390983025854 3.3476649054757117
cell 54.05484490741687 27.484174622885376 0.0 1.6431676725154984 0.6085806194501846 1 0 0 0.20436261018911495 0.9788952566831101 0.41162506234579566
cell 41.93512335727939 58.053789500402196 0.0 1.6431676725154984 0.6085806194501846 1 0 0 0.4437640954433212 0.8961436422780508 0.9195893049483476
cell 49.48221921101825 9.15997575432575 0.0 1.6431676725154984 0.6085806194501846 1 0 0 -0.9972423118662941 -0.07421436130270936 2.993027340260303
cell 58.44826010934617 38.780858437297 0.0 1.6431676725154984 0.6085806194501846 1 0 0 0.5908108428412226 0.8068101065190273 1.26412693955722
cell 49.85454978033185 0.8419282124899117 0.0 1.0 1.0 1 0 0 0.0 1.0 0
cell 47.013959282063624 42.19361895435881 0.0 1.6431676725154984 0.6085806194501846 1 0 0 0.4032641400870663 -0.9150836209439217 5.453023117902407
cell 55.08052951382064 6.201160258723288 0.0 1.0 1.0 1 0 0 0.0 1.0 0
cell 11.659515262228483 34.569617047417445 0.0 1.0 1.0 1 0 0 0.0 1.0 0
cell 7.9484013735484655 58.04338953122077 0.0 1.0 1.0 1 0 0 0.0 1.0 0
cell 38.760769447164705 53.70854773797158 0.0 1.6431676725154984 0.6085806194501846 1 0 0 0.6660346405090051 -0.7459208119110502 4.825425256444875
cell 16.12767390645122 17.04237542459122 0.0 1.0 1.0 1 0 0 0.0 1.0 0
cell 40.4469976488851 9.540845653533774 0.0 1.0 1.0 1 0 0 0.0 1.0 0
cell 2.552395655917827 58.26506842028621 0.0 1.0 1.0 1 0 0 0.0 1.0 0
cell 45.91918571020947 44.577166672128854 0.0 1.6431676725154984 0.6085806194501846 1 0 0 0.4248744138357048 -0.9052523032104178 5.405539006126386
cell 58.469676472210146 6.529184630163424 0.0 1.0 1.0 1 0 0 0.0 1.0 0
cell 27.871925078290644 6.858460041161889 0.0 1.0 1.0 1 0 0 0.0 1.0 0
cell 2.794431049994805 6.389469185738079 0.0 1.0 1.0 1 0 0 0.0 1.0 0
cell 1.081766570361643 32.03533093787459 0.0 1.6431676725154984 0.6085806194501846 1 0 0 0.7158552807734437 -0.6982486784726298 4.687488841357405
cell 26.11524169796184 21.745641438165876 0.0 1.0 1.0 1 0 0 0.0 1.0 0
cell 32.37230920707375 34.21814918044331 0.0 1.6431676725154984 0.6085806194501846 1 0 0 -0.0690785664926352 -0.99761122269716 0.13826724708217863
cell 32.70161520163757 35.64730087431703 0.0 1.0 1.0 1 0 0 0.0 1.0 0
cell 14.12489161622777 31.57906700991841 0.0 1.0 1.0 1 0 0 0.0 1.0 0
cell 26.40800036301518 57.244435674712584 0.0 1.0 1.0 1 0 0 0.0 1.0 0
cell 1.8349896783431487 16.6987882162061 0.0 1.0 1.0 1 0 0 0.0 1.0 0
cell 32.081206218241164 54.771669364038104 0.0 1.0 1.0 1 0 0 0.0 1.0 0
cell 4.423701788085252 25.033128184012067 0.0 1.0 1.0 1 0 0 0.0 1.0 0
cell 21.44942204364756 12.85744895441203 0.0 1.0 1.0 1 0 0 0.0 1.0 0
cell 16.62313370734717 31.508186347414117 0.0 1.6431676725154984 0.6085806194501846 1 0 0 0.7369412459483601 -0.6759568033684391 4.626117202696722
cell 3.4663645278799944 54.24122072647252 0.0 1.6431676725154984 0.6085806194501846 1 0 0 0.3082300841673429 -0.9513118391012448 5.656521366983997
cell 42.477991485117855 17.973958728619007 0.0 1.6431676725154984 0.6085806194501846 1 0 0 0.7514806608662008 -0.6597551184675251 4.582578351301197
cell 7.678719652231213 56.22820889314489 0.0 1.0 1.0 1 0 0 0.0 1.0 0
cell 10.07894986636722 54.3190721245282 0.0 1.6431676725154984 0.6085806194501846 1 0 0 0.6725060197979948 0.74009165198336 1.4751793888282123
cell 1.7170886068722788 36.626708857208385 0.0 1.0 1.0 1 0 0 0.0 1.0 0
cell 18.412371274485228 41.04924026803464 0.0 1.6431676725154984 0.6085806194501846 1 0 0 0.9771726060520994 0.21244692979977028 2.7134359079929173
cell 42.29782742031914 54.689234812334455 0.0 1.0 1.0 1 0 0 0.0 1.0 0
cell 51.89971021429968 12.428999679819402 0.0 1.0 1.0 1 0 0 0.0 1.0 0
cell 40.59203200950043 54.51680915401267 0.0 1.6431676725154984 0.6085806194501846 1 0 0 0.5340765036010648 0.8454361527053724 1.1268300768914423
cell 3.2193210833262937 43.59557675742591 0.0 1.0 1.0 1 0 0 0.0 1.0 0
cell 44.391681043718165 30.5729726724584 0.0 1.0 1.0 1 0 0 0.0 1.0 0
cell 57.46468269240815 50.97148570781567 0.0 1.0 1.0 1 0 0 0.0 1.0 0
cell 44.914049306382516 38.67523724665028 0.0 1.0 1.0 1 0 0 0.0 1.0 0
cell 29.70584558945404 11.57335450933749 0.0 1.0 1.0 1 0 0 0.0 1.0 0
cell 28.069578969998123 12.321042573293955 0.0 1.0 1.0 1 0 0 0.0 1.0 0
cell 28.533268750242495 22.265508388710177 0.0 1.0 1.0 1 0 0 0.0 1.0 0
cell 21.091524912766417 50.86683481286383 0.0 1.0 1.0 1 0 0 0.0 1.0 0
cell 48.06110105854447 46.864015355201765 0.0 1.6431676725154984 0.6085806194501846 1 0 0 0.7226873912923318 -0.6911750389496745 4.667820095619933
cell 7.359528045329095 5.235838435113762 0.0 1.0 1.0 1 0 0 0.0 1.0 0
cell 50.598472114708514 35.32229834040865 0.0 1.6431676725154984 0.6085806194501846 1 0 0 0.03424401005426184 0.9994135018976898 0.06850141261505642
cell 36.049072110816134 49.19077666315471 0.0 1.6431676725154984 0.6085806194501846 1 0 0 -0.03592587344720056 0.9993544574459333 6.211318095171688
cell 16.982801987910488 27.35908547338048 0.0 1.0 1.0 1 0 0 0.0 1.0 0
cell 38.49325910429576 29.18161003846025 0.0 1.0 1.0 1 0 0 0.0 1.0 0
cell 41.425039596566116 22.651459996619266 0.0 1.6431676725154984 0.6085806194501846 1 0 0 0.7473308276419259 0.6644521307483587 1.688071698600981
cell 19.621623386965847 27.031843134619344 0.0 1.6431676725154984 0.6085806194501846 1 0 0 0.12356944920636598 0.9923359266008841 0.2477722038709459
cell 24.014149688545867 6.5978679778661355 0.0 1.0 1.0 1 0 0 0.0 1.0 0
cell 21.469868803073666 32.84653917818874 0.0 1.6431676725154984 0.6085806194501846 1 0 0 0.9810634721424165 0.19368650863667813 2.751755796898037
cell 29.094568193072565 19.14677521360775 0.0 1.0 1.0 1 0 0 0.0 1.0 0
cell 8.502672093104879 15.984548169859181 0.0 1.0 1.0 1 0 0 0.0 1.0 0
cell 42.21132884045027 44.01918509719798 0.0 1.6431676725154984 0.6085806194501846 1 0 0 0.8840149010177891 0.4674587198657316 2.168764887695906
cell 51.03567092454914 27.683441786849716 0.0 1.0 1.0 1 0 0 0.0 1.0 0
cell 19.693237204547305 7.729780409598368 0.0 1.0 1.0 1 0 0 0.0 1.0 0
cell 3.5670052028038737 16.78394175553274 0.0 1.0 1.0 1 0 0 0.0 1.0 0
cell 33.21653442692179 24.66330828860843 0.0 1.6431676725154984 0.6085806194501846 1 0 0 0.9032667834531266 0.4290793841589717 2.2546460077918122
cell 9.975876885292047 3.7004621599090832 0.0 1.0 1.0 1 0 0 0.0 1.0 0
cell 58.49024059427681 26.08161181228502 0.0 1.0 1.0 1 0 0 0.0 1.0 0
cell 17.93077264182103 17.599262047171706 0.0 1.0 1.0 1 0 0 0.0 1.0 0
cell 48.47243358410765 21.22499221592993 0.0 1.0 1.0 1 0 0 0.0 1.0 0
cell 44.85945543492919 32.69144240857099 0.0 1.0 1.0 1 0 0 0.0 1.0 0
cell 55.921635074837695 11.321849420722168 0.0 1.0 1.0 1 0 0 0.0 1.0 0
cell 58.41957846864013 31.945003319979097 0.0 1.0 1.0 1 0 0 0.0 1.0 0
cell 56.969439621198305 1.9091101231013468 0.0 1.0 1.0 1 0 0 0.0 1.0 0
cell 37.93081088442361 21.682168871047672 0.0 1.0 1.0 1 0 0 0.0 1.0 0
cell 33.42352374007544 44.788006235384664 0.0 1.0 1.0 1 0 0 0.0 1.0 0
cell 20.523462476563804 1.1039342318221965 0.0 1.6431676725154984 0.6085806194501846 1 0 0 -0.7857148687215314 -0.6185888336123655 1.8077018495401784
cell 16.897172560705773 11.046866752986052 0.0 1.0 1.0 1 0 0 0.0 1.0 0
cell 53.164261975412 45.887556672041484 0.0 1.0 1.0 1 0 0 0.0 1.0 0
cell 14.89869411747433 37.51848793755359 0.0 1.6431676725154984 0.6085806194501846 1 0 0 0.9982192607430085 0.059651550538788865 3.0222186861266342
cell 57.14424782493489 22.786561977314964 0.0 1.0 1.0 1 0 0 0.0 1.0 0
cell 56.13738261190786 44.23983408877603 0.0 1.0 1.0 1 0 0 0.0 1.0 0
cell 3.516133810635408 19.829294816081617 0.0 1.0 1.0 1 0 0 0.0 1.0 0
cell 43.17979204902724 28.46696333685359 0.0 1.6431676725154984 0.6085806194501846 1 0 0 0.5999484472522544 0.8000386619655383 1.2868733388314406
cell 19.40102428236034 56.556331248638465 0.0 1.0 1.0 1 0 0 0.0 1.0 0
cell 11.693889380127759 16.245639829948914 0.0 1.0 1.0 1 0 0 0.0 1.0 0
cell 5.846154218735152 38.36769715943859 0.0 1.0 1.0 1 0 0 0.0 1.0 0
cell 26.722632649074292 32.965489207497924 0.0 1.0 1.0 1 0 0 0.0 1.0 0
cell 1.8135560450795996 21.910129339727924 0.0 1.0 1.0 1 0 0 0.0 1.0 0
cell 35.119297662544014 24.722357027323064 0.0 1.0 1.0 1 0 0 0.0 1.0 0
cell 48.13455675956119 31.960685250078324 0.0 1.0 1.0 1 0 0 0.0 1.0 0
cell 51.772013431912605 33.93526881428057 0.0 1.0 1.0 1 0 0 0.0 1.0 0
cell 46.27754751838043 31.220040744716915 0.0 1.0 1.0 1 0 0 0.0 1.0 0
cell 10.382584718818181 51.88806770127681 0.0 1.6431676725154984 0.6085806194501846 1 0 0 0.8659088359270689 -0.5002018471211681 4.189256382117207
cell 27.739245125742034 53.47335949234619 0.0 1.0 1.0 1 0 0 0.0 1.0 0
cell 52.29748877257451 37.67066133313335 0.0 1.6431676725154984 0.6085806194501846 1 0 0 -0.03133886871538302 -0.9995088170234617 0.06268800152662557
cell 6.113452451683712 47.66674283900386 0.0 1.6431676725154984 0.6085806194501846 1 0 0 0.6697393440879266 -0.7425962637804434 4.815469855892265
cell 47.173565136168484 24.2263764047645 0.0 1.0 1.0 1 0 0 0.0 1.0 0
cell 16.812868491212065 29.115006438748868 0.0 1.6431676725154984 0.6085806194501846 1 0 0 0.8657083404492402 -0.5005487681301618 4.190057762489462
cell 12.793260510949374 1.9190638649328287 0.0 1.0 1.0 1 0 0 0.0 1.0 0
cell 8.249898034367794 34.21804820963585 0.0 1.0 1.0 1 0 0 0.0 1.0 0
cell 21.8435650871025 25.821666023678908 0.0 1.0 1.0 1 0 0 0.0 1.0 0
cell 24.81788220626186 23.244098235871068 0.0 1.0 1.0 1 0 0 0.0 1.0 0
cell 32.88487897945093 1.9267090856488205 0.0 1.0 1.0 1 0 0 0.0 1.0 0
cell 3.6144953784812115 46.27970373075713 0.0 1.6431676725154984 0.6085806194501846 1 0 0 0.9832446848325913 -0.1822906737835431 3.508223972054622
cell 19.500344142650494 49.686818564843385 0.0 1.0 1.0 1 0 0 0.0 1.0 0
cell 1.014869861757684 5.430398122727486 0.0 1.0 1.0 1 0 0 0.0 1.0 0
cell 2.8095406187220946 20.91215770361392 0.0 1.6431676725154984 0.6085806194501846 1 0 0 0.9437311925774677 -0.3307135258139747 3.815711741593549
cell 10.031910221938034 33.86320213100307 0.0 1.6431676725154984 0.6085806194501846 1 0 0 0.5768552531043885 -0.8168463851703526 5.0534381669425334
cell 47.87465971786564 1.2253349209061606 0.0 1.0 1.0 1 0 0 0.0 1.0 0
cell 27.045752400113177 8.83776055329667 0.0 1.0 1.0 1 0 0 0.0 1.0 0
cell 10.888204638671159 5.442945559615925 0.0 1.0 1.0 1 0 0 0.0 1.0 0
cell 19.827528008547002 45.7231831803325 0.0 1.0 1.0 1 0 0 0.0 1.0 0
cell 41.780234088028244 4.316645814223227 0.0 1.0 1.0 1 0 0 0.0 1.0 0
cell 10.200911296638653 29.389487977567992 0.0 1.0 1.0 1 0 0 0.0 1.0 0
cell 3.2307845099043613 48.68809554197248 0.0 1.0 1.0 1 0 0 0.0 1.0 0
cell 27.10215326273326 42.06910785790824 0.0 1.6431676725154984 0.6085806194501846 1 0 0 0.8700044304756395 -0.49304390367669926 4.172762694292924
cell 52.79695099412539 30.534144413884654 0.0 1.0 1.0 1 0 0 0.0 1.0 0
cell 11.999714951580202 14.20962473877896 0.0 1.0 1.0 1 0 0 0.0 1.0 0
cell 21.74722510001359 42.77667257349223 0.0 1.0 1.0 1 0 0 0.0 1.0 0
cell 36.95260419150143 12.628706726914995 0.0 1.0 1.0 1 0 0 0.0 1.0 0
cell 0.3170048736193953 30.18453421198934 0.0 1.6431676725154984 0.6085806194501846 1 0 0 0.713399845558412 -0.700757204998446 4.694509348483911
cell 14.569099800475918 22.863362588492794 0.0 1.0 1.0 1 0 0 0.0 1.0 0
cell 55.161498353731744 8.175609405091834 0.0 1.0 1.0 1 0 0 0.0 1.0 0
cell 40.48884864874694 29.356235921999545 0.0 1.0 1.0 1 0 0 0.0 1.0 0
cell 52.408107167737796 20.612386493158365 0.0 1.0 1.0 1 0 0 0.0 1.0 0
cell 22.943467765949443 50.12029838229017 0.0 1.0 1.0 1 0 0 0.0 1.0 0
cell 17.968780504858717 31.327510692500205 0.0 1.6431676725154984 0.6085806194501846 1 0 0 0.8265791200213516 0.5628205383110393 1.9460043445971131
cell 50.551587129596406 25.86725471865371 0.0 1.0 1.0 1 0 0 0.0 1.0 0
cell 8.308102881435815 8.685571144920315 0.0 1.0 1.0 1 0 0 0.0 1.0 0
cell 47.7893255402002 15.145030229933825 0.0 1.0 1.0 1 0 0 0.0 1.0 0
cell 22.847552320780792 36.86325753445947 0.0 1.6431676725154984 0.6085806194501846 1 0 0 -0.7856924402833779 0.6186173205476473 4.475555970819449
cell 51.7682013354022 10.276977664991572 0.0 1.6431676725154984 0.6085806194501846 1 0 0 0.8445894527130675 -0.5354144715693078 4.2715894699304435
cell 34.29861945584059 47.96252464774413 0.0 1.0 1.0 1 0 0 0.0 1.0 0
cell 20.554836303619457 11.37312904687608 0.0 1.0 1.0 1 0 0 0.0 1.0 0
cell 56.78417278184984 9.377950998509668 0.0 1.0 1.0 1 0 0 0.0 1.0 0
cell 16.386000004746972 25.76707157491887 0.0 1.0 1.0 1 0 0 0.0 1.0 0
cell 54.47266221088071 4.290578379189798 0.0 1.0 1.0 1 0 0 0.0 1.0 0
cell 23.62199166474619 28.25149193086113 0.0 1.0 1.0 1 0 0 0.0 1.0 0
cell 55.65635134029254 14.352704306666233 0.0 1.6431676725154984 0.6085806194501846 1 0 0 0.9219556255047933 -0.3872955261813198 3.9369853914173394
cell 56.419216704009884 57.74159107366825 0.0 1.0 1.0 1 0 0 0.0 1.0 0
cell 42.99971323850611 1.4023207580666313 0.0 1.6431676725154984 0.6085806194501846 1 0 0 0.40281190178242393 0.9152827824134063 0.8291738881488145
cell 15.371346124136078 33.14981156030433 0.0 1.0 1.0 1 0 0 0.0 1.0 0
cell 19.442639587947802 4.068204341441717 0.0 1.6431676725154984 0.6085806194501846 1 0 0 0.8922076468853789 0.4516254142973521 2.20442007343984
cell 58.09739507270119 45.0351569470177 0.0 1.0 1.0 1 0 0 0.0 1.0 0
cell 54.540667304635335 58.06031836476414 0.0 1.0 1.0 1 0 0 0.0 1.0 0
cell 22.32936623880454 54.13371410826656 0.0 1.0 1.0 1 0 0 0.0 1.0 0
cell 6.539662819438 41.32124598823612 0.0 1.6431676725154984 0.6085806194501846 1 0 0 0.9995295047948077 -0.03067195860466806 3.2029461932830583
cell 31.7228202737089 38.10925725462337 0.0 1.6431676725154984 0.6085806194501846 1 0 0 0.9931267683709335 -0.11704367537422136 3.3762177953684267
cell 5.749423156117678 0.31701062298440424 0.0 1.0 1.0 1 0 0 0.0 1.0 0
cell 38.50206260958128 33.24632594452759 0.0 1.6431676725154984 0.6085806194501846 1 0 0 -0.4425157480847102 -0.8967607332488579 0.916804221317741
cell 41.32306041929056 31.28150845025793 0.0 1.0 1.0 1 0 0 0.0 1.0 0
cell 14.613082423567537 47.31937720107908 0.0 1.6431676725154984 0.6085806194501846 1 0 0 0.6694279913997133 0.7428769510023483 1.466877058025012
cell 41.63144281836139 2.355033123713023 0.0 1.0 1.0 1 0 0 0.0 1.0 0
cell 50.15334589629793 17.894102678245016 0.0 1.0 1.0 1 0 0 0.0 1.0 0
cell 24.4599743017553 11.971740250024009 0.0 1.0 1.0 1 0 0 0.0 1.0 0
cell 11.063734511908764 41.39421678891456 0.0 1.6431676725154984 0.6085806194501846 1 0 0 -0.08796415337013527 0.9961236407805385 6.107029326944545
cell 37.4142756396655 41.095818721097004 0.0 1.6431676725154984 0.6085806194501846 1 0 0 0.9347168632255196 -0.3553932830004604 3.8682622227406718
cell 53.22965020366235 18.861970941234475 0.0 1.0 1.0 1 0 0 0.0 1.0 0
cell 11.980641119243487 44.442580077311156 0.0 1.6431676725154984 0.6085806194501846 1 0 0 0.5044116903448216 0.8634632862163161 1.0574009848508243
cell 42.183028600404135 51.49453707441594 0.0 1.6431676725154984 0.6085806194501846 1 0 0 0.906711692604081 -0.4217510005857041 4.01234387248111
cell 2.543796324858458 4.484891141380758 0.0 1.0 1.0 1 0 0 0.0 1.0 0
cell 8.381388942511876 21.625400783257877 0.0 1.0 1.0 1 0 0 0.0 1.0 0
cell 30.280325459926793 9.549016969715156 0.0 1.0 1.0 1 0 0 0.0 1.0 0
cell 13.236598750893137 19.49033075815204 0.0 1.0 1.0 1 0 0 0.0 1.0 0
cell 30.727770079692036 7.57027948270334 0.0 1.0 1.0 1 0 0 0.0 1.0 0
cell 30.108434529080483 58.09323858096343 0.0 1.0 1.0 1 0 0 0.0 1.0 0
cell 34.80442110642141 41.98637193155814 0.0 1.0 1.0 1 0 0 0.0 1.0 0
cell 16.068945113521906 21.980379644249783 0.0 1.0 1.0 1 0 0 0.0 1.0 0
cell 33.00086146380464 39.66279831729744 0.0 1.6431676725154984 0.6085806194501846 1 0 0 0.9710703301422673 -0.23879366389707252 3.623839426016357
cell 51.74578202350416 44.795757119825765 0.0 1.6431676725154984 0.6085806194501846 1 0 0 0.7350130775518048 -0.6780529299603568 4.631813371773556
cell 28.632770783080595 56.74205588120293 0.0 1.0 1.0 1 0 0 0.0 1.0 0
cell 51.37497917512564 31.680986741760936 0.0 1.0 1.0 1 0 0 0.0 1.0 0
cell 13.015517061551948 23.60767999413026 0.0 1.0 1.0 1 0 0 0.0 1.0 0
cell 18.53264361097986 28.613596506986628 0.0 1.0 1.0 1 0 0 0.0 1.0 0
cell 46.785125840600614 53.91738894763337 0.0 1.6431676725154984 0.6085806194501846 1 0 0 0.8943186650602125 0.44743058157095095 2.2138122105480926
cell 2.1080036969824505 34.092888801358846 0.0 1.6431676725154984 0.6085806194501846 1 0 0 -0.7753523586327925 0.6315288750030085 4.508639608253459
cell 36.2597839063027 47.518808321427514 0.0 1.0 1.0 1 0 0 0.0 1.0 0
cell 16.146123831776627 9.513531053056925 0.0 1.6431676725154984 0.6085806194501846 1 0 0 0.7784887657334509 0.6276585390375949 1.7845089516697186
cell 25.85511399458876 35.97035093328272 0.0 1.0 1.0 1 0 0 0.0 1.0 0
cell 6.646155559485865 22.266203570264576 0.0 1.0 1.0 1 0 0 0.0 1.0 0
cell 16.957017384613795 52.13167804114015 0.0 1.0 1.0 1 0 0 0.0 1.0 0
cell 46.77054752291519 13.776508221860349 0.0 1.0 1.0 1 0 0 0.0 1.0 0
cell 52.192827368707896 42.76871678042458 0.0 1.0 1.0 1 0 0 0.0 1.0 0
cell 29.936560179692112 27.922083733783133 0.0 1.0 1.0 1 0 0 0.0 1.0 0
cell 31.009128317242315 51.453028347499625 0.0 1.0 1.0 1 0 0 0.0 1.0 0
cell 24.298151318974824 0.38178935700676486 0.0 1.6431676725154984 0.6085806194501846 1 0 0 0.9961486717991693 0.08768023535980529 2.9660067119114597
cell 53.433444037125135 50.8499003247141 0.0 1.0 1.0 1 0 0 0.0 1.0 0
cell 35.81410781160368 50.918666692934885 0.0 1.0 1.0 1 0 0 0.0 1.0 0
cell 39.07376338283399 25.547070229238145 0.0 1.0 1.0 1 0 0 0.0 1.0 0
cell 56.72449257562229 7.388923164322998 0.0 1.0 1.0 1 0 0 0.0 1.0 0
cell 39.422766065111105 40.962068606012046 0.0 1.6431676725154984 0.6085806194501846 1 0 0 0.9838785159685439 -0.17883809945181037 3.5012034239057304
cell 17.880609542899215 48.5084240640113 0.0 1.0 1.0 1 0 0 0.0 1.0 0
cell 34.66823641682161 39.3531553003197 0.0 1.6431676725154984 0.6085806194501846 1 0 0 0.9725523406685599 -0.2326842166114957 3.6112661477644914
cell 31.037054346856824 31.17203349431168 0.0 1.6431676725154984 0.6085806194501846 1 0 0 0.7404731562354109 0.6720859356471974 1.6675481941809287
cell 54.37194316516231 20.232387648725275 0.0 1.0 1.0 1 0 0 0.0 1.0 0
cell 57.29099801725083 24.75649454970657 0.0 1.0 1.0 1 0 0 0.0 1.0 0
cell 57.55075637669582 14.663153662027906 0.0 1.6431676725154984 0.6085806194501846 1 0 0 0.9478199321289101 -0.318806173495979 3.790531993859765
cell 55.94541192347877 37.52957105369946 0.0 1.6431676725154984 0.6085806194501846 1 0 0 0.5624273244266682 0.8268467238480535 1.1946370383241685
cell 49.33801061328591 5.8251667339853626 0.0 1.0 1.0 1 0 0 0.0 1.0 0
cell 29.684570291829566 32.64863187424799 0.0 1.6431676725154984 0.6085806194501846 1 0 0 0.9639512978398912 -0.26607873908448465 3.68023831408721
cell 15.64223781921774 57.82662364637403 0.0 1.0 1.0 1 0 0 0.0 1.0 0
cell 3.1054696869550753 36.9064594297589 0.0 1.6431676725154984 0.6085806194501846 1 0 0 -0.7283722690717486 0.6851816092447843 4.65129866432055
cell 40.08460676114984 35.47915561116064 0.0 1.6431676725154984 0.6085806194501846 1 0 0 -0.6540071560069217 -0.756488360711345 1.4257388735638257
cell 20.359701742316634 15.620431430162474 0.0 1.6431676725154984 0.6085806194501846 1 0 0 0.4878725825965893 0.8729148544677964 1.0193018929355013
cell 5.3953475334434655 42.59162671268443 0.0 1.0 1.0 1 0 0 0.0 1.0 0
cell 26.610436335076304 44.158061405753685 0.0 1.6431676725154984 0.6085806194501846 1 0 0 -0.7387409638923241 0.6739894570892335 4.620784495964811
cell 26.367029294355632 14.627754293737116 0.0 1.0 1.0 1 0 0 0.0 1.0 0
cell 3.943588443460659 30.0392368014319 0.0 1.0 1.0 1 0 0 0.0 1.0 0
cell 8.535171899292816 12.246646886027357 0.0 1.0 1.0 1 0 0 0.0 1.0 0
cell 29.35724395531386 44.20611922210007 0.0 1.0 1.0 1 0 0 0.0 1.0 0
cell 26.384257009643818 26.882307072396063 0.0 1.0 1.0 1 0 0 0.0 1.0 0
cell 8.35642878576941 36.06726762078893 0.0 1.0 1.0 1 0 0 0.0 1.0 0
cell 29.450520398431703 34.38984337506184 0.0 1.0 1.0 1 0 0 0.0 1.0 0
cell 44.31085484569274 13.037206872370252 0.0 1.0 1.0 1 0 0 0.0 1.0 0
cell 3.2101917969760523 40.62302515376208 0.0 1.6431676725154984 0.6085806194501846 1 0 0 -0.22266467722622377 0.9748950925693193 5.834091471911991
cell 56.739384377587136 5.563686327276827 0.0 1.0 1.0 1 0 0 0.0 1.0 0
cell 51.84119210779546 53.5007147294722 0.0 1.6431676725154984 0.6085806194501846 1 0 0 0.9996430733703172 -0.026715648274871967 3.195030308064804
cell 36.66951280496182 28.3152663240164 0.0 1.0 1.0 1 0 0 0.0 1.0 0
cell 28.468931704126746 35.85904032215582 0.0 1.6431676725154984 0.6085806194501846 1 0 0 0.8526239054798276 -0.5225250958607884 4.241212315862558
cell 15.489551409324728 45.09816129584565 0.0 1.0 1.0 1 0 0 0.0 1.0 0
cell 8.91068796763605 42.638156608703866 0.0 1.0 1.0 1 0 0 0.0 1.0 0
cell 29.662530286670098 40.771203808622445 0.0 1.0 1.0 1 0 0 0.0 1.0 0
cell 12.43799340685739 42.40333116722527 0.0 1.0 1.0 1 0 0 0.0 1.0 0
cell 11.642308497359503 7.157475690248517 0.0 1.0 1.0 1 0 0 0.0 1.0 0
cell 54.82344361453762 38.14752633986223 0.0 1.6431676725154984 0.6085806194501846 1 0 0 -0.37672427271160996 -0.926325440841343 0.7725149658416886
cell 58.92434339711936 55.45814828688131 0.0 1.0 1.0 1 0 0 0.0 1.0 0
cell 0.21925401515760484 20.115602051871157 0.0 1.0 1.0 1 0 0 0.0 1.0 0
cell 56.40968704391206 3.8505007379271987 0.0 1.0 1.0 1 0 0 0.0 1.0 0
cell 13.11640744976184 17.480964001114756 0.0 1.0 1.0 1 0 0 0.0 1.0 0
cell 39.386672273962155 16.666286531076345 0.0 1.0 1.0 1 0 0 0.0 1.0 0
cell 27.317162948850445 49.75381020397593 0.0 1.6431676725154984 0.6085806194501846 1 0 0 0.7106864524865785 -0.7035088956452805 4.702238338576881
cell 41.956648390504654 9.23001194873883 0.0 1.0 1.0 1 0 0 0.0 1.0 0
cell 32.62671870578297 43.10414739488342 0.0 1.0 1.0 1 0 0 0.0 1.0 0
cell 37.71878779388321 34.401920056996296 0.0 1.0 1.0 1 0 0 0.0 1.0 0
cell 47.35825475175176 9.01364716749922 0.0 1.6431676725154984 0.6085806194501846 1 0 0 0.9706331702906829 0.24056443779465483 2.6556980051486323
cell 35.80164244786207 1.2582847822364962 0.0 1.6431676725154984 0.6085806194501846 1 0 0 0.8180902916942046 0.5750897970192927 1.9161648375782798
cell 49.28201426083783 19.597572002457166 0.0 1.0 1.0 1 0 0 0.0 1.0 0
cell 21.338359906042886 40.68170773762961 0.0 1.0 1.0 1 0 0 0.0 1.0 0
cell 7.207118012576872 24.25726364972352 0.0 1.6431676725154984 0.6085806194501846 1 0 0 0.9245237676991124 -0.38112439302600115 3.9236170100497505
cell 32.23147728681947 57.630338106153985 0.0 1.0 1.0 1 0 0 0.0 1.0 0
cell 48.466273577590144 36.26938640534316 0.0 1.6431676725154984 0.6085806194501846 1 0 0 -0.09620335472163749 -0.9953617003583686 0.1927047424536923
cell 46.75170685873148 10.799556742341728 0.0 1.0 1.0 1 0 0 0.0 1.0 0
cell 25.305045614687977 5.527302176862372 0.0 1.6431676725154984 0.6085806194501846 1 0 0 0.7749116261047202 0.6320695940541187 1.7731505325944412
cell 1.1523964166379936 54.00712715523894 0.0 1.6431676725154984 0.6085806194501846 1 0 0 0.994346302787715 0.10618582830303605 2.9288198613295098
cell 20.956267243921925 21.9444338263405 0.0 1.0 1.0 1 0 0 0.0 1.0 0
cell 50.96794762183283 49.5214756622581 0.0 1.6431676725154984 0.6085806194501846 1 0 0 0.9953619926897813 -0.09620033008585648 3.334291318583732
cell 39.259992461077765 48.87132172090678 0.0 1.6431676725154984 0.6085806194501846 1 0 0 0.3032155636097844 0.9529219915527193 0.6161305511007499
cell 29.487320456375425 23.979223565840723 0.0 1.0 1.0 1 0 0 0.0 1.0 0
cell 34.87927130586066 19.611852611685826 0.0 1.0 1.0 1 0 0 0.0 1.0 0
cell 18.870924909867732 1.116338584772484 0.0 1.0 1.0 1 0 0 0.0 1.0 0
cell 20.93076710139643 6.185458768703696 0.0 1.0 1.0 1 0 0 0.0 1.0 0
cell 5.129056196009597 19.393536648588466 0.0 1.0 1.0 1 0 0 0.0 1.0 0
cell 13.006357442442152 21.648374824927668 0.0 1.0 1.0 1 0 0 0.0 1.0 0
cell 37.225797811883496 53.775464458364134 0.0 1.6431676725154984 0.6085806194501846 1 0 0 0.4387783058089968 -0.8985953473902402 5.374707984168392
cell 10.101076497629478 19.02711280059778 0.0 1.0 1.0 1 0 0 0.0 1.0 0
cell 11.127817727625358 26.13974910677144 0.0 1.0 1.0 1 0 0 0.0 1.0 0
cell 43.21313818735561 11.407742381766395 0.0 1.0 1.0 1 0 0 0.0 1.0 0
cell 46.81852395434776 47.650880896026635 0.0 1.6431676725154984 0.6085806194501846 1 0 0 0.6446906787890686 -0.7644435418541319 4.881948150440899
cell 30.556481915822854 13.894777406228592 0.0 1.6431676725154984 0.6085806194501846 1 0 0 0.7307481728915929 0.6826471327234874 1.6388345928690882
cell 57.86184969261283 47.38061588979138 0.0 1.0 1.0 1 0 0 0.0 1.0 0
cell 0.21108630005560858 47.04859535454211 0.0 1.6431676725154984 0.6085806194501846 1 0 0 0.687307290668249 0.7263667725015173 1.5155508525885595
cell 45.91453604101292 27.195364780148708 0.0 1.0 1.0 1 0 0 0.0 1.0 0
cell 53.509205304071635 21.95511369178952 0.0 1.0 1.0 1 0 0 0.0 1.0 0
cell 30.884528614113147 49.55845124326874 0.0 1.0 1.0 1 0 0 0.0 1.0 0
cell 43.070675996969825 37.85031915042325 0.0 1.0 1.0 1 0 0 0.0 1.0 0
cell 4.0730944164814735 3.536891273946315 0.0 1.0 1.0 1 0 0 0.0 1.0 0
cell 54.08688857015518 25.25674934158089 0.0 1.0 1.0 1 0 0 0.0 1.0 0
cell 44.909920148466306 16.972883580314523 0.0 1.0 1.0 1 0 0 0.0 1.0 0
cell 22.556936050880015 11.444877580619826 0.0 1.0 1.0 1 0 0 0.0 1.0 0
cell 24.789095430253266 13.922430316012818 0.0 1.0 1.0 1 0 0 0.0 1.0 0
cell 34.889714295657605 55.10879921227915 0.0 1.6431676725154984 0.6085806194501846 1 0 0 0.48844954815646496 0.8725921377744273 1.020624065900553
cell 53.712676857225894 34.30980636262565 0.0 1.0 1.0 1 0 0 0.0 1.0 0
cell 50.81353880565832 46.53281625183915 0.0 1.6431676725154984 0.6085806194501846 1 0 0 0.7239960539498141 -0.6898041126762712 4.664029561159769
cell 47.48729995787214 22.592585428092054 0.0 1.0 1.0 1 0 0 0.0 1.0 0
cell 2.701678904476799 2.479544896210338 0.0 1.0 1.0 1 0 0 0.0 1.0 0
cell 55.23137062816786 54.19491418963069 0.0 1.0 1.0 1 0 0 0.0 1.0 0
cell 45.147422391638884 35.061553187004336 0.0 1.6431676725154984 0.6085806194501846 1 0 0 -0.27487536286044384 -0.9614798671279287 0.5569201389291427
cell 32.93055063670328 46.44889052347487 0.0 1.0 1.0 1 0 0 0.0 1.0 0
cell 19.737174424737287 47.73835157696019 0.0 1.0 1.0 1 0 0 0.0 1.0 0
cell 21.808864650183484 38.497806362677466 0.0 1.0 1.0 1 0 0 0.0 1.0 0
cell 12.379272314387247 30.700570792769444 0.0 1.0 1.0 1 0 0 0.0 1.0 0
cell 25.251191447695078 46.68137981828807 0.0 1.6431676725154984 0.6085806194501846 1 0 0 0.4788284814419023 -0.8779084720858102 5.284545740534639
cell 33.89271445037828 30.27404643900759 0.0 1.0 1.0 1 0 0 0.0 1.0 0
cell 6.253099663913926 36.45217407917837 0.0 1.0 1.0 1 0 0 0.0 1.0 0
cell 16.73614816537121 39.56555688625604 0.0 1.6431676725154984 0.6085806194501846 1 0 0 0.9980326042083878 -0.06269705684498643 3.267069065332401
cell 51.072897667595186 16.174089213331296 0.0 1.0 1.0 1 0 0 0.0 1.0 0
cell 14.65729392220792 2.0906040843920977 0.0 1.0 1.0 1 0 0 0.0 1.0 0
cell 55.94509304826806 30.322551715444472 0.0 1.0 1.0 1 0 0 0.0 1.0 0
cell 33.14378036755055 31.74592537682362 0.0 1.6431676725154984 0.6085806194501846 1 0 0 0.36381978082438726 0.9314693591744684 0.7447308761217121
cell 18.106269661575737 24.757164811739994 0.0 1.0 1.0 1 0 0 0.0 1.0 0
cell 46.49866921784982 37.11913947769817 0.0 1.0 1.0 1 0 0 0.0 1.0 0
cell 31.477222371204732 41.061910775584884 0.0 1.0 1.0 1 0 0 0.0 1.0 0
cell 10.740285473381693 57.821354657496244 0.0 1.0 1.0 1 0 0 0.0 1.0 0
cell 44.953085734530205 11.14540227542349 0.0 1.0 1.0 1 0 0 0.0 1.0 0
cell 38.519431216977615 7.301538066149672 0.0 1.0 1.0 1 0 0 0.0 1.0 0
cell 50.48146720766553 13.385032769492312 0.0 1.0 1.0 1 0 0 0.0 1.0 0
cell 44.7119992263197 7.9387246809576375 0.0 1.0 1.0 1 0 0 0.0 1.0 0
cell 56.519178440854226 49.20170626721242 0.0 1.0 1.0 1 0 0 0.0 1.0 0
cell 25.54828483977692 10.491426187843736 0.0 1.0 1.0 1 0 0 0.0 1.0 0
cell 8.48004251378652 17.87444985196269 0.0 1.0 1.0 1 0 0 0.0 1.0 0
cell 50.84173098920359 58.22503704391541 0.0 1.0 1.0 1 0 0 0.0 1.0 0
cell 49.529923766678465 22.777292305282277 0.0 1.0 1.0 1 0 0 0.0 1.0 0
cell 35.24743578658493 12.611303846220244 0.0 1.0 1.0 1 0 0 0.0 1.0 0
cell 37.518623666028965 50.83564683877904 0.0 1.6431676725154984 0.6085806194501846 1 0 0 0.7834771561811376 -0.6214205868349691 4.48270182251445
cell 49.752595969616564 44.52648098810581 0.0 1.6431676725154984 0.6085806194501846 1 0 0 0.7326030779420646 -0.6806561027345699 4.638908333312301
cell 58.43167631838057 28.09984174299621 0.0 1.0 1.0 1 0 0 0.0 1.0 0
cell 49.43389187296318 28.836052350522206 0.0 1.0 1.0 1 0 0 0.0 1.0 0
cell 51.25246995157138 19.27482042232169 0.0 1.0 1.0 1 0 0 0.0 1.0 0
cell 17.918805321958843 55.237630599727446 0.0 1.0 1.0 1 0 0 0.0 1.0 0
cell 15.68655626876823 20.066809828011536 0.0 1.0 1.0 1 0 0 0.0 1.0 0
cell 16.09144807138458 41.212380517732946 0.0 1.6431676725154984 0.6085806194501846 1 0 0 0.9630946277015608 0.2691630325516337 2.596544881357308
cell 51.85668334411318 0.8866049534290905 0.0 1.0 1.0 1 0 0 0.0 1.0 0
cell 48.18431230555234 18.314344540255995 0.0 1.0 1.0 1 0 0 0.0 1.0 0
cell 13.292992579988185 51.77058843222104 0.0 1.6431676725154984 0.6085806194501846 1 0 0 0.9485048455067809 0.3167626209800609 2.4969638654972903
cell 57.75162341535024 0.13611383280721062 0.0 1.0 1.0 1 0 0 0.0 1.0 0
cell 54.60235216493338 29.096355967599095 0.0 1.0 1.0 1 0 0 0.0 1.0 0
cell 4.875922951383805 10.759599262194472 0.0 1.0 1.0 1 0 0 0.0 1.0 0
cell 11.493463483158319 22.316797538591874 0.0 1.0 1.0 1 0 0 0.0 1.0 0
cell 28.18519411161217 39.44583095060458 0.0 1.0 1.0 1 0 0 0.0 1.0 0
cell 30.161242165260862 25.899866406781825 0.0 1.0 1.0 1 0 0 0.0 1.0 0
cell 29.177398289364703 54.832119729593536 0.0 1.0 1.0 1 0 0 0.0 1.0 0
cell 48.70652354183758 57.98399586484875 0.0 1.0 1.0 1 0 0 0.0 1.0 0
cell 23.849634717516572 4.586575528748413 0.0 1.0 1.0 1 0 0 0.0 1.0 0
cell 9.787463850036438 7.305618068160825 0.0 1.0 1.0 1 0 0 0.0 1.0 0
cell 40.97618468073796 5.9878605247712 0.0 1.0 1.0 1 0 0 0.0 1.0 0
cell 23.125098533769723 8.319142334750254 0.0 1.0 1.0 1 0 0 0.0 1.0 0
cell 2.5106385380683385 50.57242568383794 0.0 1.0 1.0 1 0 0 0.0 1.0 0
cell 44.59480283933225 28.55914808097822 0.0 1.0 1.0 1 0 0 0.0 1.0 0
cell 30.66184546003159 38.86521470224636 0.0 1.6431676725154984 0.6085806194501846 1 0 0 0.9291172441518393 -0.36978527096098823 3.899148452097479
cell 5.339628548079848 31.499470835454648 0.0 1.0 1.0 1 0 0 0.0 1.0 0
cell 37.76228984883999 26.922125550703132 0.0 1.0 1.0 1 0 0 0.0 1.0 0
cell 37.20063397527319 9.15357398411733 0.0 1.0 1.0 1 0 0 0.0 1.0 0
cell 44.82100868165591 51.03997400845607 0.0 1.6431676725154984 0.6085806194501846 1 0 0 0.4152178791105918 0.9097219975722814 0.8563645812954825
cell 15.700882860247395 12.590124177195909 0.0 1.0 1.0 1 0 0 0.0 1.0 0
cell 29.409040218744263 0.8597948655722651 0.0 1.0 1.0 1 0 0 0.0 1.0 0
cell 22.860171748060843 22.543027663029548 0.0 1.0 1.0 1 0 0 0.0 1.0 0
cell 5.093325484228089 2.2168659108867312 0.0 1.0 1.0 1 0 0 0.0 1.0 0
cell 11.845962730675927 28.765492195263587 0.0 1.0 1.0 1 0 0 0.0 1.0 0
cell 19.153968446348035 58.389522268962494 0.0 1.0 1.0 1 0 0 0.0 1.0 0
cell 23.291647587954905 24.497296339602727 0.0 1.0 1.0 1 0 0 0.0 1.0 0
cell 17.074666391719983 38.27531486459806 0.0 1.6431676725154984 0.6085806194501846 1 0 0 0.026048074117683954 -0.9996606913522006 6.231083265919851
cell 1.133232108066868 7.396615252391434 0.0 1.0 1.0 1 0 0 0.0 1.0 0
cell 31.621028118948253 27.501002463336786 0.0 1.6431676725154984 0.6085806194501846 1 0 0 0.8142586508832272 0.5805022389808904 1.902901932851135
cell 4.928746364721648 22.613511982585663 0.0 1.6431676725154984 0.6085806194501846 1 0 0 0.9056396421160202 -0.4240481560247218 4.0174138700358695
cell 49.61343266441661 30.843895435584606 0.0 1.0 1.0 1 0 0 0.0 1.0 0
cell 55.65880333072845 47.60243309345604 0.0 1.6431676725154984 0.6085806194501846 1 0 0 -0.11159977055024553 -0.9937532345673812 0.22366546390545405
cell 58.054122832298155 43.16360013874961 0.0 1.0 1.0 1 0 0 0.0 1.0 0
cell 3.967725890214598 41.70156621851565 0.0 1.0 1.0 1 0 0 0.0 1.0 0
cell 34.298998839977294 3.0079255770888427 0.0 1.6431676725154984 0.6085806194501846 1 0 0 -0.7519033247655605 -0.6592733804777015 1.701888698874031
cell 49.20623720716298 26.891488119255058 0.0 1.0 1.0 1 0 0 0.0 1.0 0
cell 45.77108876188204 40.54154421618217 0.0 1.0 1.0 1 0 0 0.0 1.0 0
cell 36.621932343838225 7.496543667575301 0.0 1.0 1.0 1 0 0 0.0 1.0 0
cell 19.25962554505082 38.26557927938237 0.0 1.6431676725154984 0.6085806194501846 1 0 0 0.9320705833981849 0.36227672788045207 2.4001738665862895
cell 35.65986905543849 58.04505037726501 0.0 1.6431676725154984 0.6085806194501846 1 0 0 0.2938784644305757 -0.9558427946811792 5.6866213884323535
cell 44.02367667503157 41.195369698810936 0.0 1.0 1.0 1 0 0 0.0 1.0 0
cell 31.96985817794083 21.004930212426647 0.0 1.0 1.0 1 0 0 0.0 1.0 0
cell 33.78709643632254 26.377380965855174 0.0 1.0 1.0 1 0 0 0.0 1.0 0
cell 32.30421790685013 48.31367755778677 0.0 1.0 1.0 1 0 0 0.0 1.0 0
cell 19.11843305248129 31.349936799874616 0.0 1.6431676725154984 0.6085806194501846 1 0 0 0.8895729111854479 0.4567932088867426 2.19281868947487
cell 59.006149741261304 12.044183162375722 0.0 1.0 1.0 1 0 0 0.0 1.0 0
cell 49.066358996766745 2.6479270725861 0.0 1.0 1.0 1 0 0 0.0 1.0 0
cell 14.02290681890293 35.626152903545524 0.0 1.6431676725154984 0.6085806194501846 1 0 0 0.9349784377005986 0.35470455457316563 2.416396540345451
cell 6.772840207834567 16.911787102979673 0.0 1.0 1.0 1 0 0 0.0 1.0 0
cell 10.532943837514454 9.20010939360556 0.0 1.0 1.0 1 0 0 0.0 1.0 0
cell 51.21629818147319 55.08475553141429 0.0 1.0 1.0 1 0 0 0.0 1.0 0
cell 23.075556717436545 41.7190556627367 0.0 1.0 1.0 1 0 0 0.0 1.0 0
cell 53.40892273213295 7.162242537064304 0.0 1.0 1.0 1 0 0 0.0 1.0 0
cell 11.864035052585459 46.11100294926626 0.0 1.6431676725154984 0.6085806194501846 1 0 0 0.46773984122157 0.8838661894959103 0.9734638298350138
cell 13.68484044124073 50.213493162089954 0.0 1.6431676725154984 0.6085806194501846 1 0 0 0.9102236998477774 0.41411691131300493 2.2876478536423908
cell 36.01788943322193 14.412319910455986 0.0 1.0 1.0 1 0 0 0.0 1.0 0
cell 47.322077937783604 58.868778963766424 0.0 1.6431676725154984 0.6085806194501846 1 0 0 0.14011029031807304 0.9901359030693642 0.28114560580578535
cell 1.8881664430450964 28.38553356738239 0.0 1.6431676725154984 0.6085806194501846 1 0 0 0.41922310392057005 -0.9078832464250031 5.418006450418165
cell 29.637324739894783 29.723335407822773 0.0 1.6431676725154984 0.6085806194501846 1 0 0 0.21409635788888004 -0.9768125457521093 5.851652020679496
