1000
 Lattice="59.74940712514713 0.0 0.0 0.0 59.74940712514713 0.0 0.0 0.0 1.0"Properties=species:S:1:pos:R:3:aspherical_shape:R:3:orientation:R:4:Color:R:1
cell 10.54291047530935 49.90306409105297 0.0 1.0 1.0 1 0 0 0.0 1.0 0
cell 21.183060020128583 10.082055484915852 0.0 1.6431676725154984 0.6085806194501846 1 0 0 0.6440592062723686 -0.7649756458971793 4.883599685836491
cell 2.7863066833854186 3.699829343083852 0.0 1.6431676725154984 0.6085806194501846 1 0 0 0.1419898314264592 0.9898681163526208 0.284942649701455
cell 0.6968898112169006 51.305147878029075 0.0 1.6431676725154984 0.6085806194501846 1 0 0 0.6213958395375494 -0.783496784042809 4.942139310453988
cell 31.176983503647584 55.270638436925765 0.0 1.6431676725154984 0.6085806194501846 1 0 0 0.8079092425323507 0.589306928375022 1.8811912259172725
cell 35.30782913254314 35.35313716797282 0.0 1.0 1.0 1 0 0 0.0 1.0 0
cell 25.483357013928515 38.55299384096418 0.0 1.6431676725154984 0.6085806194501846 1 0 0 0.5448180065718402 0.8385543153040752 1.152344134126699
cell 20.307050671986424 36.45948969491919 0.0 1.0 1.0 1 0 0 0.0 1.0 0
cell 20.34358951451918 48.63716270824304 0.0 1.6431676725154984 0.6085806194501846 1 0 0 -0.12678985159244577 0.991929601097359 6.028921231099835
cell 28.877727035556934 17.577769862326 0.0 1.6431676725154984 0.6085806194501846 1 0 0 -0.31881345888942164 -0.9478174816023194 0.6489547132382194
cell 50.57356914574161 26.88964042427864 0.0 1.0 1.0 1 0 0 0.0 1.0 0
cell 51.3661525383511 2.7575471019367805 0.0 1.6431676725154984 0.6085806194501846 1 0 0 0.4506322985799706 0.892709656874245 0.9349470078776493
cell 24.140801320436076 35.53954975039067 0.0 1.6431676725154984 0.6085806194501846 1 0 0 0.5706058251795251 0.8212240816434898 1.2144867525275496
cell 25.522466282926562 25.468465845074263 0.0 1.6431676725154984 0.6085806194501846 1 0 0 0.6819599307795743 0.7313895356177297 1.500878068461937
cell 54.645236204447926 9.770534344508832 0.0 1.6431676725154984 0.6085806194501846 1 0 0 0.9996003059391347 -0.02827062727263648 3.19814144240752
cell 24.61164711550267 39.084978550445136 0.0 1.6431676725154984 0.6085806194501846 1 0 0 0.46066297845574544 0.8875751350056408 0.9574840171935994
cell 44.01786965184195 10.216886558206928 0.0 1.0 1.0 1 0 0 0.0 1.0 0
cell 9.12985707138014 2.267575867507314 0.0 1.6431676725154984 0.6085806194501846 1 0 0 -0.2388493040066117 -0.9710566461208929 0.4823613686609072
cell 12.83587250043538 43.52277576997937 0.0 1.0 1.0 1 0 0 0.0 1.0 0
cell 41.62737758284685 10.529084298679582 0.0 1.0 1.0 1 0 0 0.0 1.0 0
cell 2.628912155777154 26.258291273951443 0.0 1.0 1.0 1 0 0 0.0 1.0 0
cell 21.93077699169903 2.6837822615459324 0.0 1.6431676725154984 0.6085806194501846 1 0 0 0.3911139494063327 -0.920342261650404 5.479502014857315
cell 27.037719361676032 30.575125462445218 0.0 1.0 1.0 1 0 0 0.0 1.0 0
cell 4.3770053171813315 55.41195000053113 0.0 1.6431676725154984 0.6085806194501846 1 0 0 0.003562081093386519 -0.9999936557690174 6.276061129926998
cell 36.28131358832992 24.283137215103185 0.0 1.0 1.0 1 0 0 0.0 1.0 0
cell 10.647789466839223 44.047231362034665 0.0 1.0 1.0 1 0 0 0.0 1.0 0
cell 49.17720067039974 46.11273433115027 0.0 1.0 1.0 1 0 0 0.0 1.0 0
cell 16.314113880637997 2.5237633933563073 0.0 1.6431676725154984 0.6085806194501846 1 0 0 -0.06729269446673572 0.9977332776205304 6.148498136718266
cell 13.676448052497477 17.378326490324532 0.0 1.6431676725154984 0.6085806194501846 1 0 0 -0.11133438065619458 0.9937830023118234 6.06005395155865
cell 52.33455730371134 29.836179018551533 0.0 1.0 1.0 1 0 0 0.0 1.0 0
cell 30.732175061320795 19.71366654093461 0.0 1.6431676725154984 0.6085806194501846 1 0 0 0.4487573565624921 0.893653643718328 0.9307486651813814
cell 55.102602946719784 16.161626623716195 0.0 1.0 1.0 1 0 0 0.0 1.0 0
cell 18.561441765147286 5.189458693084324 0.0 1.6431676725154984 0.6085806194501846 1 0 0 0.22076251933221527 -0.9753275911498112 5.837992887492282
cell 46.28117855542231 5.036495146339792 0.0 1.6431676725154984 0.6085806194501846 1 0 0 0.001871381748197705 0.9999982489636432 0.0037427656809685926
cell 15.449953276814544 47.736854488446426 0.0 1.0 1.0 1 0 0 0.0 1.0 0
cell 42.367539132588846 39.79720452555457 0.0 1.0 1.0 1 0 0 0.0 1.0 0
cell 35.450214749328154 4.292793597856729 0.0 1.0 1.0 1 0 0 0.0 1.0 0
cell 30.45537801722226 8.425339552238269 0.0 1.6431676725154984 0.6085806194501846 1 0 0 0.6378606850481857 0.7701517684650598 1.3834345514575486
cell 25.621554990256932 10.99266979623771 0.0 1.6431676725154984 0.6085806194501846 1 0 0 -0.27480721597246893 -0.961499346879373 0.55677838619994
cell 22.108641817949298 51.21801463400631 0.0 1.0 1.0 1 0 0 0.0 1.0 0
cell 47.11037190130929 57.591488017301025 0.0 1.6431676725154984 0.6085806194501846 1 0 0 0.8745440965073292 0.48494600035898755 2.1289898124398086
cell 9.892098681092365 21.35776691685053 0.0 1.6431676725154984 0.6085806194501846 1 0 0 0.24068962593777066 -0.9706021347421074 5.79703270311065
cell 54.05432212790394 52.671484066282034 0.0 1.6431676725154984 0.6085806194501846 1 0 0 -0.2859311062366592 -0.9582501773995559 0.579955921870682
cell 49.9318038799423 37.502178419301615 0.0 1.0 1.0 1 0 0 0.0 1.0 0
cell 22.613259428881772 45.457132106638554 0.0 1.0 1.0 1 0 0 0.0 1.0 0
cell 11.731243541864098 42.53490977631854 0.0 1.6431676725154984 0.6085806194501846 1 0 0 0.7374138225874438 0.6754412293138271 1.6584668829578706
cell 31.3023222620847 23.598327674066617 0.0 1.6431676725154984 0.6085806194501846 1 0 0 0.9995436775041173 0.030206568185496593 3.0811703262501022
cell 39.81804244247697 26.462550009646634 0.0 1.0 1.0 1 0 0 0.0 1.0 0
cell 54.34285241771202 20.77192251481853 0.0 1.0 1.0 1 0 0 0.0 1.0 0
cell 22.57836471225123 33.637552855018946 0.0 1.6431676725154984 0.6085806194501846 1 0 0 0.5953373990491757 0.8034758125129607 1.2753710154862423
cell 26.125973940037763 1.0332519377627676 0.0 1.6431676725154984 0.6085806194501846 1 0 0 0.5449849430709355 0.8384458311816985 1.1527423129793215
cell 51.263913862457095 18.64192947585289 0.0 1.0 1.0 1 0 0 0.0 1.0 0
cell 12.867049608604132 32.42270434809224 0.0 1.6431676725154984 0.6085806194501846 1 0 0 0.5114921690394678 0.8592879383601869 1.0738408253253289
cell 30.46289356633282 54.132700934285964 0.0 1.6431676725154984 0.6085806194501846 1 0 0 0.8287410033976927 0.5596323340259972 1.9537084745659647
cell 59.23400174275341 59.26151800295019 0.0 1.6431676725154984 0.6085806194501846 1 0 0 0.9144720893593375 0.40464898094863366 2.3084027552588973
cell 17.33403558756118 37.52110748874541 0.0 1.0 1.0 1 0 0 0.0 1.0 0
cell 28.603856198120184 18.783579553328284 0.0 1.6431676725154984 0.6085806194501846 1 0 0 -0.3299516872123222 -0.9439978199687443 0.6725047915550002
cell 29.247139424557247 14.82542692932333 0.0 1.6431676725154984 0.6085806194501846 1 0 0 0.527946451249494 0.8492776604933546 1.1123614968417859
cell 25.349364556786863 46.73115331325754 0.0 1.0 1.0 1 0 0 0.0 1.0 0
cell 31.604618848314896 2.032098119059225 0.0 1.0 1.0 1 0 0 0.0 1.0 0
cell 55.79088618267219 54.00513718218837 0.0 1.6431676725154984 0.6085806194501846 1 0 0 0.40056224454583605 -0.9162695499930148 5.458924532492954
cell 38.04350718130733 20.142037201916246 0.0 1.0 1.0 1 0 0 0.0 1.0 0
cell 35.141745704953976 38.73635849530459 0.0 1.0 1.0 1 0 0 0.0 1.0 0
cell 34.06750294606874 14.662750939420155 0.0 1.6431676725154984 0.6085806194501846 1 0 0 0.34482403394428884 0.938667345556661 0.7041026298768688
cell 40.601017737547984 30.41280205200737 0.0 1.0 1.0 1 0 0 0.0 1.0 0
cell 19.120059223267127 37.96282249211605 0.0 1.0 1.0 1 0 0 0.0 1.0 0
cell 33.23345032066143 52.45803685103334 0.0 1.0 1.0 1 0 0 0.0 1.0 0
cell 20.19088464274472 50.39636231283741 0.0 1.6431676725154984 0.6085806194501846 1 0 0 0.06987848615928795 -0.9975555108223734 6.143314345259238
cell 42.93937709936489 56.94018871864616 0.0 1.0 1.0 1 0 0 0.0 1.0 0
cell 9.979816244945841 26.830434108791025 0.0 1.6431676725154984 0.6085806194501846 1 0 0 0.4637892072503132 0.885945580291547 0.9645349087443356
cell 48.838621036938605 27.890824011467085 0.0 1.0 1.0 1 0 0 0.0 1.0 0
cell 8.032393046677981 28.99393590863519 0.0 1.0 1.0 1 0 0 0.0 1.0 0
cell 23.564058452892453 43.44838803410177 0.0 1.0 1.0 1 0 0 0.0 1.0 0
cell 17.120883424657894 46.77203345330016 0.0 1.0 1.0 1 0 0 0.0 1.0 0
cell 37.000238017112245 9.026190850426556 0.0 1.0 1.0 1 0 0 0.0 1.0 0
cell 33.35409549820037 58.9858848538785 0.0 1.0 1.0 1 0 0 0.0 1.0 0
cell 34.202651003167134 46.71085203657284 0.0 1.0 1.0 1 0 0 0.0 1.0 0
cell 15.700454436442687 45.77215585489065 0.0 1.0 1.0 1 0 0 0.0 1.0 0
cell 22.426938715495247 8.003741606488514 0.0 1.0 1.0 1 0 0 0.0 1.0 0
cell 52.35486222301028 13.453203769977321 0.0 1.0 1.0 1 0 0 0.0 1.0 0
cell 36.76428346725531 15.673288808298144 0.0 1.6431676725154984 0.6085806194501846 1 0 0 0.2450354207520373 0.9695141270641042 0.4951124538090243
cell 5.2759807084351635 17.909809241831248 0.0 1.6431676725154984 0.6085806194501846 1 0 0 0.5395350268382437 -0.8419631552595729 5.143415781583941
cell 9.150363031624156 30.670057230561156 0.0 1.0 1.0 1 0 0 0.0 1.0 0
cell 48.095417139619215 10.407899580511083 0.0 1.0 1.0 1 0 0 0.0 1.0 0
cell 33.36049116330145 35.266072245718064 0.0 1.0 1.0 1 0 0 0.0 1.0 0
cell 5.998391528156895 36.30915961718904 0.0 1.0 1.0 1 0 0 0.0 1.0 0
cell 18.29908733342462 6.731875745933534 0.0 1.0 1.0 1 0 0 0.0 1.0 0
cell 17.209936897372998 17.202039247172795 0.0 1.6431676725154984 0.6085806194501846 1 0 0 0.7462784156297534 -0.6656339281956299 4.598278552036131
cell 19.299480454547755 53.06545129940287 0.0 1.0 1.0 1 0 0 0.0 1.0 0
cell 32.861677568376045 19.155915570781424 0.0 1.0 1.0 1 0 0 0.0 1.0 0
cell 9.669878149714801 28.580425325961173 0.0 1.6431676725154984 0.6085806194501846 1 0 0 0.555457832351353 0.8315447050396847 1.1778268910363043
cell 55.64544311682303 28.154139059151433 0.0 1.0 1.0 1 0 0 0.0 1.0 0
cell 57.49512192289904 45.325598119245775 0.0 1.0 1.0 1 0 0 0.0 1.0 0
cell 50.266148778549294 44.541582914918806 0.0 1.0 1.0 1 0 0 0.0 1.0 0
cell 20.380313027011383 54.31755308827975 0.0 1.0 1.0 1 0 0 0.0 1.0 0
cell 19.320278706457394 14.312865786448036 0.0 1.6431676725154984 0.6085806194501846 1 0 0 0.6179700923147672 -0.7862016058266976 4.950868992043755
cell 35.19947625804414 8.960489825237438 0.0 1.0 1.0 1 0 0 0.0 1.0 0
cell 48.149730800944134 47.66921997601318 0.0 1.0 1.0 1 0 0 0.0 1.0 0
cell 22.627365021523175 26.991890687395646 0.0 1.6431676725154984 0.6085806194501846 1 0 0 0.7076530503806622 0.7065600896505151 1.5723420068364795
cell 25.405132364022233 42.98224207055096 0.0 1.0 1.0 1 0 0 0.0 1.0 0
cell 58.211339546535235 12.809280980144237 0.0 1.6431676725154984 0.6085806194501846 1 0 0 0.9656413724321126 0.25987831738609135 2.6158002764888755
cell 39.970124342073355 37.546002636661115 0.0 1.0 1.0 1 0 0 0.0 1.0 0
cell 54.063974485083925 30.88109608449041 0.0 1.0 1.0 1 0 0 0.0 1.0 0
cell 47.58174326605845 1.833142635896725 0.0 1.6431676725154984 0.6085806194501846 1 0 0 0.14774909486737237 -0.9890248758074147 5.9866013060694945
cell 21.323521110984547 52.84859705942507 0.0 1.0 1.0 1 0 0 0.0 1.0 0
cell 42.21081131455408 46.46567413241659 0.0 1.0 1.0 1 0 0 0.0 1.0 0
cell 24.65828923026704 41.59230517437564 0.0 1.0 1.0 1 0 0 0.0 1.0 0
cell 30.206366146164704 49.80776936160145 0.0 1.6431676725154984 0.6085806194501846 1 0 0 0.6960791778744339 0.717965025700871 1.5398438283952365
cell 2.6415070149885445 28.269171471730846 0.0 1.0 1.0 1 0 0 0.0 1.0 0
cell 12.011669238058944 7.140030714693525 0.0 1.6431676725154984 0.6085806194501846 1 0 0 0.23116730860434292 -0.9729140123529029 5.816630669719924
cell 4.322027497453872 35.26224208460989 0.0 1.0 1.0 1 0 0 0.0 1.0 0
cell 55.37220781629963 52.01990266199095 0.0 1.6431676725154984 0.6085806194501846 1 0 0 0.1727228591408044 0.9849704634811268 0.3471868196525331
cell 48.23781177016093 44.295757390756236 0.0 1.0 1.0 1 0 0 0.0 1.0 0
cell 24.009008724760854 51.43245855323877 0.0 1.0 1.0 1 0 0 0.0 1.0 0
cell 8.565296956519786 19.960708718292768 0.0 1.6431676725154984 0.6085806194501846 1 0 0 -0.7335888473788714 -0.679593557209998 1.6471757630918349
cell 57.268571575397424 35.182807593671896 0.0 1.0 1.0 1 0 0 0.0 1.0 0
cell 26.703512136377935 5.501352170704543 0.0 1.6431676725154984 0.6085806194501846 1 0 0 -0.5221786523420383 -0.8528361243745791 1.0988071108017952
cell 45.84326134590964 14.834556580852707 0.0 1.6431676725154984 0.6085806194501846 1 0 0 0.6412342593490454 -0.767345179588092 4.890973973716423
cell 28.836887642909435 2.6003600198677206 0.0 1.6431676725154984 0.6085806194501846 1 0 0 0.5540940592747334 0.8324540668868452 1.1745485886859006
cell 34.109228017957186 45.16283440925143 0.0 1.0 1.0 1 0 0 0.0 1.0 0
cell 33.185844386520806 2.3301205305601362 0.0 1.0 1.0 1 0 0 0.0 1.0 0
cell 52.71540218760724 11.341377911213902 0.0 1.6431676725154984 0.6085806194501846 1 0 0 0.9012547710373962 -0.43328955408863784 4.037871772651761
cell 34.162953364816424 48.607423560446726 0.0 1.0 1.0 1 0 0 0.0 1.0 0
cell 2.6668222792109244 34.32057825833126 0.0 1.0 1.0 1 0 0 0.0 1.0 0
cell 27.847943785111802 56.657767209893116 0.0 1.6431676725154984 0.6085806194501846 1 0 0 0.6888387436707912 0.7249146054660824 1.5197718188528542
cell 9.978163621424438 17.515429894345978 0.0 1.6431676725154984 0.6085806194501846 1 0 0 0.9869065154889589 0.16129330328764832 2.8175907039437647
cell 2.660488717540913 30.253461021460907 0.0 1.0 1.0 1 0 0 0.0 1.0 0
cell 11.741695135836691 13.644154676977516 0.0 1.6431676725154984 0.6085806194501846 1 0 0 0.9010470508212972 0.43372135318225064 2.24435520650504
cell 40.24820413642076 46.19465879983802 0.0 1.0 1.0 1 0 0 0.0 1.0 0
cell 23.442954246053255 49.864338252255344 0.0 1.6431676725154984 0.6085806194501846 1 0 0 0.11299146010686334 -0.993595959101545 6.056718746549785
cell 16.222215253091893 11.564777167208634 0.0 1.0 1.0 1 0 0 0.0 1.0 0
cell 8.876075703342254 38.788087581140694 0.0 1.0 1.0 1 0 0 0.0 1.0 0
cell 55.8424253761233 33.969135917118656 0.0 1.0 1.0 1 0 0 0.0 1.0 0
cell 5.428844556831643 39.00403390691661 0.0 1.0 1.0 1 0 0 0.0 1.0 0
cell 35.15909349510117 49.78446920008594 0.0 1.0 1.0 1 0 0 0.0 1.0 0
cell 39.74081499374167 8.727554794552791 0.0 1.0 1.0 1 0 0 0.0 1.0 0
cell 45.032371410454225 35.914396446478214 0.0 1.0 1.0 1 0 0 0.0 1.0 0
cell 16.77937151097027 6.957920729709042 0.0 1.0 1.0 1 0 0 0.0 1.0 0
cell 14.939038767720987 8.835791035354431 0.0 1.6431676725154984 0.6085806194501846 1 0 0 0.3415931286524925 -0.939847931559889 5.585962370314181
cell 24.57786189056429 0.03481897683392432 0.0 1.0 1.0 1 0 0 0.0 1.0 0
cell 38.67272979077677 2.9462360080782037 0.0 1.0 1.0 1 0 0 0.0 1.0 0
cell 36.738764964926354 2.8032799517148614 0.0 1.0 1.0 1 0 0 0.0 1.0 0
cell 49.660120242835184 11.623043973403206 0.0 1.0 1.0 1 0 0 0.0 1.0 0
cell 35.58046305269739 12.007370431723729 0.0 1.6431676725154984 0.6085806194501846 1 0 0 0.5289387486266318 0.8486600027109165 1.1146991498326402
cell 22.844110676733198 41.569008505409826 0.0 1.0 1.0 1 0 0 0.0 1.0 0
cell 58.84989462404251 20.146397724171244 0.0 1.0 1.0 1 0 0 0.0 1.0 0
cell 51.039085966969715 14.621634089842647 0.0 1.6431676725154984 0.6085806194501846 1 0 0 -0.05598478122511241 -0.9984316222311753 0.11202813605559925
cell 41.43441307948608 53.0191275867986 0.0 1.0 1.0 1 0 0 0.0 1.0 0
cell 3.5544856861548406 6.339001818849257 0.0 1.6431676725154984 0.6085806194501846 1 0 0 -0.016584281593325097 -0.9998624713449512 0.03317008381293096
cell 15.258768030864974 41.79025334002403 0.0 1.0 1.0 1 0 0 0.0 1.0 0
cell 1.486009720396739 54.523680634646794 0.0 1.6431676725154984 0.6085806194501846 1 0 0 0.8003174942165032 0.5995764408739034 1.8556491237142245
cell 24.012588442830236 28.393585889349428 0.0 1.6431676725154984 0.6085806194501846 1 0 0 0.5941711723716955 0.8043386214290875 1.272469619782034
cell 14.97387954745569 33.250735146373756 0.0 1.6431676725154984 0.6085806194501846 1 0 0 -0.07850225877923887 0.9969139357871157 6.126019081312304
cell 27.69738636443663 12.077158250552397 0.0 1.6431676725154984 0.6085806194501846 1 0 0 0.41521184095283015 0.9097247535010585 0.8563513065837975
cell 13.300087290906538 57.85209748347639 0.0 1.0 1.0 1 0 0 0.0 1.0 0
cell 6.633858412229597 54.63261585041362 0.0 1.6431676725154984 0.6085806194501846 1 0 0 0.6909137977784716 -0.7229371508224828 4.757680711672173
cell 26.06007176776855 58.5445615276885 0.0 1.6431676725154984 0.6085806194501846 1 0 0 -0.6287677394992359 -0.7775931646851205 1.359934966373685
cell 27.984328327275932 40.148390497314466 0.0 1.6431676725154984 0.6085806194501846 1 0 0 0.5566192858756684 0.830767699535352 1.180621680588786
cell 39.43067345357875 4.596075384791327 0.0 1.0 1.0 1 0 0 0.0 1.0 0
cell 11.117658817522718 2.1696880347847545 0.0 1.6431676725154984 0.6085806194501846 1 0 0 0.23354040109800916 0.972347099062357 0.4714343758197134
cell 29.853421015422786 56.67575777732435 0.0 1.6431676725154984 0.6085806194501846 1 0 0 0.7928490594883644 0.609418057550329 1.8309398641068906
cell 37.447617482692735 31.98384732447219 0.0 1.0 1.0 1 0 0 0.0 1.0 0
cell 28.584179910706645 3.9262819579878694 0.0 1.6431676725154984 0.6085806194501846 1 0 0 0.5468611215154175 0.8372233356607421 1.1572209480168156
cell 45.11549845380911 41.95282022558392 0.0 1.0 1.0 1 0 0 0.0 1.0 0
cell 19.820122363383344 6.495217185155429 0.0 1.0 1.0 1 0 0 0.0 1.0 0
cell 37.923431477271265 6.073356142818621 0.0 1.0 1.0 1 0 0 0.0 1.0 0
cell 7.280684514059372 30.646806713235375 0.0 1.0 1.0 1 0 0 0.0 1.0 0
cell 2.8152132126183984 48.78710185897595 0.0 1.0 1.0 1 0 0 0.0 1.0 0
cell 30.299090937082358 20.778006910881274 0.0 1.6431676725154984 0.6085806194501846 1 0 0 0.23042617572820168 0.973089809595844 0.4650312430409067
cell 16.83198748658476 35.65805202647201 0.0 1.0 1.0 1 0 0 0.0 1.0 0
cell 34.48716473758122 7.199262916363844 0.0 1.0 1.0 1 0 0 0.0 1.0 0
cell 27.693881792863667 9.108517240350203 0.0 1.6431676725154984 0.6085806194501846 1 0 0 0.2720349351143443 0.9622873760355243 0.5510141735539155
cell 25.14988271944036 53.21683638951057 0.0 1.0 1.0 1 0 0 0.0 1.0 0
cell 13.851204764095124 46.57561764305369 0.0 1.0 1.0 1 0 0 0.0 1.0 0
cell 19.321105303001556 9.952983967858978 0.0 1.6431676725154984 0.6085806194501846 1 0 0 0.49830467831876585 -0.867001988213194 5.239900726195181
cell 22.009080998898774 13.621751714973904 0.0 1.0 1.0 1 0 0 0.0 1.0 0
cell 5.923057888580739 34.34920576432104 0.0 1.0 1.0 1 0 0 0.0 1.0 0
cell 35.177722789886744 22.06913095791702 0.0 1.0 1.0 1 0 0 0.0 1.0 0
cell 0.9636805634154347 31.28119248183433 0.0 1.0 1.0 1 0 0 0.0 1.0 0
cell 11.06137514603397 58.8129556437126 0.0 1.0 1.0 1 0 0 0.0 1.0 0
cell 38.365810112597856 49.00471371845952 0.0 1.0 1.0 1 0 0 0.0 1.0 0
cell 53.87110546126426 41.46845438961838 0.0 1.0 1.0 1 0 0 0.0 1.0 0
cell 57.363729941944655 59.48592887958086 0.0 1.6431676725154984 0.6085806194501846 1 0 0 0.9305643210642071 0.3661284533634492 2.3919023153905727
cell 3.4586249822495745 50.65975236679426 0.0 1.0 1.0 1 0 0 0.0 1.0 0
cell 5.777310086306892 12.925051080051075 0.0 1.6431676725154984 0.6085806194501846 1 0 0 0.3795005425675169 -0.9251915143314708 5.50467251827188
cell 51.987055370134435 48.625422544557544 0.0 1.0 1.0 1 0 0 0.0 1.0 0
cell 21.886985949664357 23.222601842348 0.0 1.6431676725154984 0.6085806194501846 1 0 0 0.5457486676480048 -0.8379489195412974 5.12862069184838
cell 17.25371293841999 4.692677814971999 0.0 1.6431676725154984 0.6085806194501846 1 0 0 -0.1453660309849394 0.9893779444861734 5.991419460806131
cell 45.21386377044007 55.867316062050044 0.0 1.6431676725154984 0.6085806194501846 1 0 0 0.6321770577569006 -0.7748239591325429 4.914465813182973
cell 11.965777322690561 18.955129888957558 0.0 1.6431676725154984 0.6085806194501846 1 0 0 0.20147533144620935 -0.9794935889625006 5.8774574938043385
cell 27.533693625750864 13.447961639323328 0.0 1.6431676725154984 0.6085806194501846 1 0 0 -0.46007366480900325 -0.8878807481577765 0.9561563274871112
cell 40.22433496318198 14.871680067125984 0.0 1.0 1.0 1 0 0 0.0 1.0 0
cell 46.19051082867295 6.7056749592001 0.0 1.0 1.0 1 0 0 0.0 1.0 0
cell 58.802346404759355 38.24191026790987 0.0 1.0 1.0 1 0 0 0.0 1.0 0
cell 9.982480359287436 24.2798272666058 0.0 1.6431676725154984 0.6085806194501846 1 0 0 0.6542947100002398 0.7562396660224205 1.4264992322926193
cell 13.919878696729123 3.0285506954340633 0.0 1.6431676725154984 0.6085806194501846 1 0 0 0.046041749168763454 0.9989395163539586 0.09211606316641871
cell 59.0477788172727 30.267629568075368 0.0 1.0 1.0 1 0 0 0.0 1.0 0
cell 9.299063252209164 12.441825733718838 0.0 1.6431676725154984 0.6085806194501846 1 0 0 0.34990105545719824 -0.9367866626879029 5.568254346480184
cell 4.879295819673586 53.912453949277136 0.0 1.6431676725154984 0.6085806194501846 1 0 0 0.16372856258315777 -0.9865054271490111 5.954247220264452
cell 29.04125316868092 6.441716307829948 0.0 1.6431676725154984 0.6085806194501846 1 0 0 0.5661077615948644 0.8243312454723841 1.2035529302301433
cell 56.06210133230558 24.749133403894888 0.0 1.6431676725154984 0.6085806194501846 1 0 0 0.1895970190835943 -0.9818619915011555 5.90168189709527
cell 43.55162130745589 38.71875110050824 0.0 1.0 1.0 1 0 0 0.0 1.0 0
cell 45.506536812590454 58.090050673551964 0.0 1.6431676725154984 0.6085806194501846 1 0 0 -0.45016448816253346 0.8929456498563416 5.349286229224294
cell 22.294953127411667 4.413284374302132 0.0 1.0 1.0 1 0 0 0.0 1.0 0
cell 9.197523631147964 48.73542495038305 0.0 1.0 1.0 1 0 0 0.0 1.0 0
cell 45.14920797340166 13.22074025789701 0.0 1.6431676725154984 0.6085806194501846 1 0 0 0.6209327808346378 -0.7838638157773093 4.9433210645174555
cell 42.460230412900636 43.087875348477425 0.0 1.0 1.0 1 0 0 0.0 1.0 0
cell 48.72643410993961 6.702937502113434 0.0 1.6431676725154984 0.6085806194501846 1 0 0 -0.41581013009440404 -0.9094514476929897 0.8576668231777607
cell 26.498027894840515 37.860055645487016 0.0 1.6431676725154984 0.6085806194501846 1 0 0 0.6410011909847457 0.7675398837559763 1.3916039437163366
cell 31.188738952987443 43.37256200187556 0.0 1.6431676725154984 0.6085806194501846 1 0 0 0.642206727249119 0.7665314862913171 1.394747307290557
cell 6.1148617351578425 51.453025877005786 0.0 1.6431676725154984 0.6085806194501846 1 0 0 0.8208851522156374 -0.5710933083760568 4.3572668622796
cell 50.969067034502004 15.897628050745226 0.0 1.6431676725154984 0.6085806194501846 1 0 0 0.16089939175212795 -0.9869708130100886 5.9599816067957665
cell 26.315637216438105 14.021081187167786 0.0 1.0 1.0 1 0 0 0.0 1.0 0
cell 30.480391358611893 0.4154550038037274 0.0 1.6431676725154984 0.6085806194501846 1 0 0 0.806228781773036 0.5916038805153041 1.8754991461687924
cell 29.036306102407266 48.839536862265085 0.0 1.6431676725154984 0.6085806194501846 1 0 0 0.5318033580246313 0.8468678695013324 1.121457178926312
cell 3.17905971917842 43.72714159994449 0.0 1.6431676725154984 0.6085806194501846 1 0 0 0.025239095285421325 0.9996814432953997 0.050483551309276016
cell 19.982008413478184 42.79370647289997 0.0 1.0 1.0 1 0 0 0.0 1.0 0
cell 21.700420742624033 47.18822240423701 0.0 1.0 1.0 1 0 0 0.0 1.0 0
cell 55.79978184481118 26.356282485472406 0.0 1.0 1.0 1 0 0 0.0 1.0 0
cell 18.157992205683176 22.895324269237538 0.0 1.0 1.0 1 0 0 0.0 1.0 0
cell 24.35620635493524 45.25548016086766 0.0 1.0 1.0 1 0 0 0.0 1.0 0
cell 39.31309414238315 44.42687939809188 0.0 1.0 1.0 1 0 0 0.0 1.0 0
cell 19.875812733048 39.72378760702885 0.0 1.0 1.0 1 0 0 0.0 1.0 0
cell 21.5693189176672 55.68099100159806 0.0 1.0 1.0 1 0 0 0.0 1.0 0
cell 22.95439510022319 14.853272364100913 0.0 1.6431676725154984 0.6085806194501846 1 0 0 0.47053560225563884 -0.8823810101140681 5.3033899543284315
cell 31.545549255644293 32.008308376615865 0.0 1.0 1.0 1 0 0 0.0 1.0 0
cell 14.547266776022692 5.331918941501176 0.0 1.6431676725154984 0.6085806194501846 1 0 0 0.2548051607468918 -0.966992414684185 5.767892891366095
cell 51.537301979751184 38.69587336283131 0.0 1.0 1.0 1 0 0 0.0 1.0 0
cell 16.795140982117104 59.517584467445545 0.0 1.0 1.0 1 0 0 0.0 1.0 0
cell 2.6378829782943556 32.27995257413193 0.0 1.0 1.0 1 0 0 0.0 1.0 0
cell 59.075743634420775 3.6793660928495 0.0 1.6431676725154984 0.6085806194501846 1 0 0 0.5839530133640312 -0.8117874587495595 5.03600585003347
cell 24.990869144607572 3.0960502356443644 0.0 1.6431676725154984 0.6085806194501846 1 0 0 -0.564073098158207 -0.825724857282498 1.1986205830159538
cell 32.42559508103027 33.64238352473978 0.0 1.0 1.0 1 0 0 0.0 1.0 0
cell 53.886081558849845 49.375091768907346 0.0 1.0 1.0 1 0 0 0.0 1.0 0
cell 10.99600367707701 51.80368573742465 0.0 1.0 1.0 1 0 0 0.0 1.0 0
cell 5.016422784101608 47.479893631266506 0.0 1.0 1.0 1 0 0 0.0 1.0 0
cell 57.38652775299019 33.155027708927605 0.0 1.0 1.0 1 0 0 0.0 1.0 0
cell 57.881980957592326 16.976431328052115 0.0 1.0 1.0 1 0 0 0.0 1.0 0
cell 15.268209312242464 1.5818924504698957 0.0 1.6431676725154984 0.6085806194501846 1 0 0 -0.18953121239680418 0.9818746964492961 5.901815940905052
cell 28.612346126436428 52.362156707289984 0.0 1.0 1.0 1 0 0 0.0 1.0 0
cell 58.862179649881654 40.25628564232392 0.0 1.0 1.0 1 0 0 0.0 1.0 0
cell 50.898351805168055 20.345805071410116 0.0 1.0 1.0 1 0 0 0.0 1.0 0
cell 4.392951995266171 37.2627113043102 0.0 1.0 1.0 1 0 0 0.0 1.0 0
cell 15.54330616453798 6.01068467666036 0.0 1.6431676725154984 0.6085806194501846 1 0 0 -0.17582882572661251 0.984420755593664 5.929690012135138
cell 36.999340620135506 38.91690943422826 0.0 1.0 1.0 1 0 0 0.0 1.0 0
cell 28.57533237826175 22.980451979570976 0.0 1.6431676725154984 0.6085806194501846 1 0 0 0.999983767444156 0.005697793273902024 3.130197005381757
cell 43.297730283418694 11.6079043648464 0.0 1.0 1.0 1 0 0 0.0 1.0 0
cell 43.191303633201926 17.652622435562964 0.0 1.0 1.0 1 0 0 0.0 1.0 0
cell 34.54564319946744 30.21702556190681 0.0 1.0 1.0 1 0 0 0.0 1.0 0
cell 19.4444169377651 44.48139990491119 0.0 1.0 1.0 1 0 0 0.0 1.0 0
cell 19.724912457829177 3.396090973998946 0.0 1.0 1.0 1 0 0 0.0 1.0 0
cell 50.36915854672356 50.92275874667266 0.0 1.0 1.0 1 0 0 0.0 1.0 0
cell 38.13758967035645 37.2821324433289 0.0 1.0 1.0 1 0 0 0.0 1.0 0
cell 21.503228698034714 49.38590388219328 0.0 1.6431676725154984 0.6085806194501846 1 0 0 0.06301579435398681 -0.9980125298120941 6.157070157362656
cell 3.9745790908343124 40.69849157232785 0.0 1.0 1.0 1 0 0 0.0 1.0 0
cell 28.557960782688536 38.00281967558741 0.0 1.6431676725154984 0.6085806194501846 1 0 0 0.7700913281230066 0.6379336535641804 1.7579686034327169
cell 10.472838167502054 0.6237220324335064 0.0 1.6431676725154984 0.6085806194501846 1 0 0 -0.0009926844220652527 0.9999995072886977 6.281199938009385
cell 25.037639689757473 31.446282394649316 0.0 1.6431676725154984 0.6085806194501846 1 0 0 0.6491916741363024 0.7606248551238021 1.4130424824217047
cell 7.651006346015998 53.394326117491936 0.0 1.6431676725154984 0.6085806194501846 1 0 0 0.7642755778872521 -0.6448897898440531 4.5433507982622015
cell 59.104629006652395 6.21724723895372 0.0 1.6431676725154984 0.6085806194501846 1 0 0 0.6012288552162838 -0.7990768821930195 4.993109178668372
cell 51.53897423619392 58.566792831084584 0.0 1.6431676725154984 0.6085806194501846 1 0 0 0.5660417465792326 0.8243765772567364 1.2033927683999233
cell 41.80784405992669 37.882100631798984 0.0 1.0 1.0 1 0 0 0.0 1.0 0
cell 57.22299039919543 1.7445284733718467 0.0 1.6431676725154984 0.6085806194501846 1 0 0 -0.5178818689119967 0.8554521435195644 5.194439201770399
cell 37.843706119747914 50.599422118909054 0.0 1.0 1.0 1 0 0 0.0 1.0 0
cell 2.832716328200151 18.417354633874638 0.0 1.0 1.0 1 0 0 0.0 1.0 0
cell 33.550670919027915 15.55846974695854 0.0 1.6431676725154984 0.6085806194501846 1 0 0 0.3728067153379379 0.9279090219406952 0.7640639276945709
cell 44.16141162292569 23.47451286280653 0.0 1.0 1.0 1 0 0 0.0 1.0 0
cell 44.599739532019 25.057784253843412 0.0 1.6431676725154984 0.6085806194501846 1 0 0 0.5278318721140484 -0.8493488769525623 5.171093626292623
cell 43.45198005448502 0.5658764321153558 0.0 1.6431676725154984 0.6085806194501846 1 0 0 0.13759900084046087 -0.9904880185886686 6.007111412574298
cell 23.641715135128806 12.497384400832987 0.0 1.0 1.0 1 0 0 0.0 1.0 0
cell 7.813473755712998 27.19579764786443 0.0 1.0 1.0 1 0 0 0.0 1.0 0
cell 6.020363067201064 42.828305344289774 0.0 1.6431676725154984 0.6085806194501846 1 0 0 0.5427792865050787 -0.839875375362939 5.135699807466848
cell 14.423792446125184 43.13094425047871 0.0 1.0 1.0 1 0 0 0.0 1.0 0
cell 28.928602008661294 50.84064537768235 0.0 1.0 1.0 1 0 0 0.0 1.0 0
cell 55.69673914607569 30.03983389564381 0.0 1.0 1.0 1 0 0 0.0 1.0 0
cell 40.52495878853082 58.68146067491617 0.0 1.0 1.0 1 0 0 0.0 1.0 0
cell 42.695601419712084 16.202344568241976 0.0 1.6431676725154984 0.6085806194501846 1 0 0 0.131309441567125 0.9913414298592235 0.2633794860876963
cell 43.7861412235727 30.16777650211903 0.0 1.0 1.0 1 0 0 0.0 1.0 0
cell 30.60259885295961 30.354270265038373 0.0 1.0 1.0 1 0 0 0.0 1.0 0
cell 54.80405897267484 47.944137087813836 0.0 1.6431676725154984 0.6085806194501846 1 0 0 0.9983139389965786 -0.05804549254796256 3.257748928214965
cell 37.09631808491338 27.3131044299909 0.0 1.0 1.0 1 0 0 0.0 1.0 0
cell 30.095610315507464 40.46232014200225 0.0 1.6431676725154984 0.6085806194501846 1 0 0 0.697650169914891 0.7164385810505487 1.5442247192544651
cell 4.079223977722034 10.026541396721163 0.0 1.6431676725154984 0.6085806194501846 1 0 0 0.9985954673714673 0.05298200208713178 3.035579011560111
cell 40.960623974741864 56.76617045669195 0.0 1.0 1.0 1 0 0 0.0 1.0 0
cell 45.10573370543979 21.73062792183595 0.0 1.0 1.0 1 0 0 0.0 1.0 0
cell 14.556776801397486 51.57389920186117 0.0 1.0 1.0 1 0 0 0.0 1.0 0
cell 47.34470162627124 29.175717414920843 0.0 1.0 1.0 1 0 0 0.0 1.0 0
cell 58.662958924362385 53.984365355754214 0.0 1.6431676725154984 0.6085806194501846 1 0 0 0.5531648730874955 -0.8330717995359674 5.11086829257985
cell 34.449073943330575 20.351093138443733 0.0 1.6431676725154984 0.6085806194501846 1 0 0 0.09688824309196412 -0.9952952669185926 6.08910435907206
cell 22.454388186447346 9.638075266047368 0.0 1.0 1.0 1 0 0 0.0 1.0 0
cell 25.088769232197585 7.959691404199666 0.0 1.6431676725154984 0.6085806194501846 1 0 0 0.09601123973232328 0.9953802498769314 0.19231872559461072
cell 13.753629636288542 31.46308934495085 0.0 1.0 1.0 1 0 0 0.0 1.0 0
cell 54.83887014979423 7.591918839608293 0.0 1.6431676725154984 0.6085806194501846 1 0 0 0.2245216525350981 0.9744691003530633 0.4529042566427451
cell 27.781142527488644 10.516143985441358 0.0 1.0 1.0 1 0 0 0.0 1.0 0
cell 30.228734046615415 37.049637660163775 0.0 1.0 1.0 1 0 0 0.0 1.0 0
cell 57.36750467381413 31.15447895162702 0.0 1.0 1.0 1 0 0 0.0 1.0 0
cell 47.853961258020064 51.07112277337774 0.0 1.0 1.0 1 0 0 0.0 1.0 0
cell 0.9460533916682256 35.26431853608355 0.0 1.0 1.0 1 0 0 0.0 1.0 0
cell 46.33584865933917 9.97939904108202 0.0 1.6431676725154984 0.6085806194501846 1 0 0 0.8516597372849732 -0.5240951172141277 4.24489719758016
cell 13.635783408769438 53.28416524414473 0.0 1.0 1.0 1 0 0 0.0 1.0 0
cell 18.791571148147487 12.643578756381205 0.0 1.6431676725154984 0.6085806194501846 1 0 0 0.5798012317317339 -0.8147579589561332 5.04621588799587
cell 12.342696357091404 45.25772312644562 0.0 1.0 1.0 1 0 0 0.0 1.0 0
cell 18.574005273215665 36.06806862858896 0.0 1.0 1.0 1 0 0 0.0 1.0 0
cell 44.86770463920893 40.01571748682847 0.0 1.0 1.0 1 0 0 0.0 1.0 0
cell 58.629926745862186 49.374261991836384 0.0 1.6431676725154984 0.6085806194501846 1 0 0 -0.23420855018325917 0.972186378746923 5.8103765162282635
cell 37.10383689348227 57.838437813515036 0.0 1.0 1.0 1 0 0 0.0 1.0 0
cell 59.62147269994148 15.898361596156603 0.0 1.0 1.0 1 0 0 0.0 1.0 0
cell 48.154111603813995 40.029296170328344 0.0 1.0 1.0 1 0 0 0.0 1.0 0
cell 4.361743558908136 27.246764197621015 0.0 1.0 1.0 1 0 0 0.0 1.0 0
cell 44.95138341979825 33.943797319589336 0.0 1.0 1.0 1 0 0 0.0 1.0 0
cell 16.97369299066194 33.01357709414323 0.0 1.0 1.0 1 0 0 0.0 1.0 0
cell 23.78734151057398 15.971853579036669 0.0 1.6431676725154984 0.6085806194501846 1 0 0 0.31085832450171613 -0.9504562599551785 5.650993377188739
cell 45.90478298307682 24.83002313626673 0.0 1.6431676725154984 0.6085806194501846 1 0 0 0.6748389721051896 -0.7379650138915876 4.8016923569739705
cell 8.49420041132952 58.89768957661942 0.0 1.0 1.0 1 0 0 0.0 1.0 0
cell 14.781591452332158 24.986399064937352 0.0 1.0 1.0 1 0 0 0.0 1.0 0
cell 32.16708047380609 26.750223525467135 0.0 1.0 1.0 1 0 0 0.0 1.0 0
cell 34.591510375349095 42.106450583502415 0.0 1.0 1.0 1 0 0 0.0 1.0 0
cell 38.71178915601974 13.933934368746103 0.0 1.0 1.0 1 0 0 0.0 1.0 0
cell 20.235335302953505 24.54192296719254 0.0 1.6431676725154984 0.6085806194501846 1 0 0 0.5938148294291214 0.80460173275358 1.2715837126424157
cell 11.43702904226802 25.78667597722304 0.0 1.0 1.0 1 0 0 0.0 1.0 0
cell 16.95936471785464 42.16008724393114 0.0 1.0 1.0 1 0 0 0.0 1.0 0
cell 48.75978299140622 20.36275306192192 0.0 1.6431676725154984 0.6085806194501846 1 0 0 0.12755986651089957 -0.9918308729091475 6.027368594297416
cell 17.84389054817487 31.656967954801292 0.0 1.0 1.0 1 0 0 0.0 1.0 0
cell 43.272994580328536 45.00980480741141 0.0 1.0 1.0 1 0 0 0.0 1.0 0
cell 4.969770990971405 7.327081351986132 0.0 1.6431676725154984 0.6085806194501846 1 0 0 0.18615067905013444 -0.9825212082643172 5.9086995431390195
cell 7.663368356279244 47.75433442695518 0.0 1.0 1.0 1 0 0 0.0 1.0 0
cell 10.59951570359432 55.549011854528366 0.0 1.0 1.0 1 0 0 0.0 1.0 0
cell 30.933636306220098 51.43198240414921 0.0 1.6431676725154984 0.6085806194501846 1 0 0 0.7253638887765731 0.6883656214969827 1.6231257486797515
cell 21.84901059286486 39.95819181401032 0.0 1.0 1.0 1 0 0 0.0 1.0 0
cell 55.67933247991348 36.334448542964836 0.0 1.0 1.0 1 0 0 0.0 1.0 0
cell 25.789578011860876 21.10497447777219 0.0 1.6431676725154984 0.6085806194501846 1 0 0 0.019779453085998596 -0.9998043674817683 6.243623821136228
cell 16.015632846520557 55.30334084714741 0.0 1.6431676725154984 0.6085806194501846 1 0 0 0.6239167518950893 -0.7814908103776279 4.93569603847877
cell 0.7684864220398304 21.268008812775996 0.0 1.0 1.0 1 0 0 0.0 1.0 0
cell 34.79159428655959 25.176673828929534 0.0 1.0 1.0 1 0 0 0.0 1.0 0
cell 20.63241270999011 57.01450200009492 0.0 1.0 1.0 1 0 0 0.0 1.0 0
cell 41.99295503674668 49.7825807456701 0.0 1.0 1.0 1 0 0 0.0 1.0 0
cell 19.81969168656899 34.559575298071785 0.0 1.0 1.0 1 0 0 0.0 1.0 0
cell 26.311257069727688 32.760140637196024 0.0 1.6431676725154984 0.6085806194501846 1 0 0 0.6456655872905228 0.763620291367892 1.403789166276458
cell 25.934135115907715 2.730606373455695 0.0 1.6431676725154984 0.6085806194501846 1 0 0 -0.5174011488276962 -0.8557429819705097 1.087622399375916
cell 52.985655536237225 35.78985782548992 0.0 1.0 1.0 1 0 0 0.0 1.0 0
cell 14.786252842008805 0.5953324788815676 0.0 1.6431676725154984 0.6085806194501846 1 0 0 -0.1004190968157849 0.9949452271329824 6.082008030703554
cell 3.377120489012035 16.74932607040428 0.0 1.6431676725154984 0.6085806194501846 1 0 0 0.37466368029052904 0.9271607879279388 0.7680680127644892
cell 43.928085524718895 7.927161259951152 0.0 1.6431676725154984 0.6085806194501846 1 0 0 0.9972277780653334 0.0744093989686672 2.992636183398497
cell 7.5085576347080085 43.38269570292616 0.0 1.0 1.0 1 0 0 0.0 1.0 0
cell 53.99690428332567 13.919611384395765 0.0 1.0 1.0 1 0 0 0.0 1.0 0
cell 49.48391879036543 18.619552371526712 0.0 1.0 1.0 1 0 0 0.0 1.0 0
cell 25.002066673249658 6.663237299844408 0.0 1.0 1.0 1 0 0 0.0 1.0 0
cell 0.7680739251595194 37.23154347047306 0.0 1.0 1.0 1 0 0 0.0 1.0 0
cell 27.169700860967744 47.298030123382894 0.0 1.0 1.0 1 0 0 0.0 1.0 0
cell 9.083135624114593 34.075947352103825 0.0 1.0 1.0 1 0 0 0.0 1.0 0
cell 49.584682073859405 43.01281976538582 0.0 1.0 1.0 1 0 0 0.0 1.0 0
cell 17.48909935916353 56.16966785792672 0.0 1.0 1.0 1 0 0 0.0 1.0 0
cell 39.603618729224436 41.067990081326485 0.0 1.0 1.0 1 0 0 0.0 1.0 0
cell 20.009245863234906 0.21760687808639256 0.0 1.0 1.0 1 0 0 0.0 1.0 0
cell 16.434381117385286 30.59484309761973 0.0 1.0 1.0 1 0 0 0.0 1.0 0
cell 56.96011263147576 20.851183115363373 0.0 1.0 1.0 1 0 0 0.0 1.0 0
cell 53.08013689640644 59.115569347508135 0.0 1.6431676725154984 0.6085806194501846 1 0 0 0.5705001406722189 0.8212975036446771 1.2142293811587785
cell 40.13557289162288 33.92602484795511 0.0 1.0 1.0 1 0 0 0.0 1.0 0
cell 32.174753271602384 9.270447059230603 0.0 1.6431676725154984 0.6085806194501846 1 0 0 0.8544315401359578 0.5195639933837747 2.0489114876961834
cell 37.82806792758806 52.42098757414924 0.0 1.0 1.0 1 0 0 0.0 1.0 0
cell 57.25888515858109 41.30389362887328 0.0 1.0 1.0 1 0 0 0.0 1.0 0
cell 20.226083428286152 51.72684575773368 0.0 1.0 1.0 1 0 0 0.0 1.0 0
cell 46.5780982394459 40.882780000553 0.0 1.0 1.0 1 0 0 0.0 1.0 0
cell 37.47638076077551 56.079720652143244 0.0 1.0 1.0 1 0 0 0.0 1.0 0
cell 51.80974351083879 40.56343756398215 0.0 1.0 1.0 1 0 0 0.0 1.0 0
cell 17.11990261466556 48.980347486933155 0.0 1.6431676725154984 0.6085806194501846 1 0 0 -0.008151049430704087 0.9999667796447931 6.2668830277952745
cell 28.796326713422996 58.34864514935563 0.0 1.6431676725154984 0.6085806194501846 1 0 0 0.7131767490388984 0.7009842541957046 1.5880393319734891
cell 28.659063413031276 45.74768311437972 0.0 1.6431676725154984 0.6085806194501846 1 0 0 0.40755618274135463 0.9131801344254569 0.8395525953536873
cell 36.82094795291668 14.610486033742154 0.0 1.6431676725154984 0.6085806194501846 1 0 0 0.375979022725357 0.9266281748740891 0.7709061831074674
cell 55.78637899292699 1.8540211053191817 0.0 1.6431676725154984 0.6085806194501846 1 0 0 0.47371801354931603 -0.8806765828832341 5.296169752674218
cell 41.27007037470504 32.2709843938901 0.0 1.0 1.0 1 0 0 0.0 1.0 0
cell 32.56180671281434 42.13042519199888 0.0 1.0 1.0 1 0 0 0.0 1.0 0
cell 40.46472512434008 2.604424231510038 0.0 1.6431676725154984 0.6085806194501846 1 0 0 0.9546470412259526 -0.29773986410713366 3.7462411888494223
cell 38.045193549799386 17.87706803173204 0.0 1.6431676725154984 0.6085806194501846 1 0 0 0.20584357895246344 0.9785849074066292 0.41465133767251416
cell 4.473875060069984 42.54640862034006 0.0 1.0 1.0 1 0 0 0.0 1.0 0
cell 4.927797109409576 51.43717471341469 0.0 1.6431676725154984 0.6085806194501846 1 0 0 -0.7762620865883376 0.630410321081056 4.505756021466471
cell 48.27709509653368 36.086883654246876 0.0 1.0 1.0 1 0 0 0.0 1.0 0
cell 15.972282392601171 57.93451865222267 0.0 1.6431676725154984 0.6085806194501846 1 0 0 0.5778032223594377 -0.8161761061382832 5.05111616794102
cell 32.05860097288152 0.3285384008470352 0.0 1.0 1.0 1 0 0 0.0 1.0 0
cell 9.08314315266993 51.17556014131065 0.0 1.0 1.0 1 0 0 0.0 1.0 0
cell 7.8213550860440755 49.5877652197597 0.0 1.0 1.0 1 0 0 0.0 1.0 0
cell 43.82918363511884 15.215023540330417 0.0 1.0 1.0 1 0 0 0.0 1.0 0
cell 43.47035285175235 41.38736990166323 0.0 1.0 1.0 1 0 0 0.0 1.0 0
cell 12.008007797317402 33.271306462995135 0.0 1.6431676725154984 0.6085806194501846 1 0 0 0.3497031445086441 0.9368605609805369 0.7145084458410708
cell 26.538162399114317 41.46733245246867 0.0 1.6431676725154984 0.6085806194501846 1 0 0 0.37547753574072096 0.92683149501626 0.7698239108993471
cell 15.117099745293347 49.955017894577566 0.0 1.6431676725154984 0.6085806194501846 1 0 0 0.02697772739996464 -0.9996360348768611 6.22922330545859
cell 52.3309253442166 50.60973313655296 0.0 1.0 1.0 1 0 0 0.0 1.0 0
cell 2.2522871817792276 38.12600579268333 0.0 1.0 1.0 1 0 0 0.0 1.0 0
cell 3.462947076811435 5.044973790504977 0.0 1.6431676725154984 0.6085806194501846 1 0 0 0.08251810790891093 0.9965895654014914 0.16522408720552728
cell 43.29752947523119 36.81321631071692 0.0 1.0 1.0 1 0 0 0.0 1.0 0
cell 21.767131786549417 19.902050626216386 0.0 1.6431676725154984 0.6085806194501846 1 0 0 0.9576042477231018 0.28808697426761976 2.557135623299316
cell 57.43135824527182 27.338729292486583 0.0 1.0 1.0 1 0 0 0.0 1.0 0
cell 55.47554610015356 14.43556639619959 0.0 1.6431676725154984 0.6085806194501846 1 0 0 0.9377346269125336 0.34735251472993733 2.4320999648825783
cell 36.31267210830946 51.14104775113585 0.0 1.0 1.0 1 0 0 0.0 1.0 0
cell 36.684270171029986 59.527456963848884 0.0 1.0 1.0 1 0 0 0.0 1.0 0
cell 56.822408705378145 15.44931354945753 0.0 1.0 1.0 1 0 0 0.0 1.0 0
cell 37.7045709430341 40.79474951527345 0.0 1.0 1.0 1 0 0 0.0 1.0 0
cell 3.408889378903464 44.922953129473754 0.0 1.6431676725154984 0.6085806194501846 1 0 0 -0.2458706801750275 0.9693026403710399 5.786349618075003
cell 24.111798650154707 54.50510535347629 0.0 1.0 1.0 1 0 0 0.0 1.0 0
cell 34.81972293619716 13.984342584233856 0.0 1.6431676725154984 0.6085806194501846 1 0 0 0.38688682393818347 0.9221272067686893 0.7945062218223171
cell 11.956894174896028 27.764319667824473 0.0 1.0 1.0 1 0 0 0.0 1.0 0
cell 29.92214483387565 5.67995830543728 0.0 1.6431676725154984 0.6085806194501846 1 0 0 0.6295199825921175 0.7769842929668657 1.3618705226381003
cell 8.528002243608174 36.9755504022313 0.0 1.0 1.0 1 0 0 0.0 1.0 0
cell 53.50051417918147 39.546047065631384 0.0 1.0 1.0 1 0 0 0.0 1.0 0
cell 33.22388119879652 21.975380204887344 0.0 1.0 1.0 1 0 0 0.0 1.0 0
cell 38.591683062013566 59.19730908978961 0.0 1.0 1.0 1 0 0 0.0 1.0 0
cell 44.52600648251244 20.237679011866415 0.0 1.6431676725154984 0.6085806194501846 1 0 0 0.3528178530389792 -0.9356920233586291 5.562023471342699
cell 37.322627825474775 44.230593748272554 0.0 1.0 1.0 1 0 0 0.0 1.0 0
cell 22.496490533899685 57.41553624296014 0.0 1.0 1.0 1 0 0 0.0 1.0 0
cell 4.350270004238105 33.28273034761942 0.0 1.0 1.0 1 0 0 0.0 1.0 0
cell 29.342857619614843 1.0320298639986076 0.0 1.6431676725154984 0.6085806194501846 1 0 0 0.6932396557368687 0.7207071386588506 1.531948997256449
cell 54.8297908653653 23.79645082664797 0.0 1.0 1.0 1 0 0 0.0 1.0 0
cell 45.04875688050297 48.6667208974384 0.0 1.0 1.0 1 0 0 0.0 1.0 0
cell 11.984201464691703 3.693413165633664 0.0 1.6431676725154984 0.6085806194501846 1 0 0 0.12539792215569123 0.9921065271023244 0.25145781829320263
cell 52.06503981186345 52.75036368607489 0.0 1.6431676725154984 0.6085806194501846 1 0 0 -0.22750532104002252 -0.9737768373187341 0.4590301078294372
cell 49.491455795848886 52.71465674536628 0.0 1.6431676725154984 0.6085806194501846 1 0 0 -0.11762699814689506 -0.9930578479156944 0.23579990217324998
cell 37.29950265858111 35.45002889784783 0.0 1.0 1.0 1 0 0 0.0 1.0 0
cell 22.29912508556194 30.237543966078306 0.0 1.6431676725154984 0.6085806194501846 1 0 0 0.6923575930065572 0.7215545463831313 1.5295026655553832
cell 22.544054560622328 17.79883054978521 0.0 1.6431676725154984 0.6085806194501846 1 0 0 0.9981201201205436 0.06128805601870153 3.018939674293225
cell 5.807968872223989 58.61179996500147 0.0 1.6431676725154984 0.6085806194501846 1 0 0 0.9636818414554291 0.26705300681526356 2.600925306230994
cell 21.02369462919057 31.398611545818728 0.0 1.0 1.0 1 0 0 0.0 1.0 0
cell 36.05205950725664 45.78745325208353 0.0 1.0 1.0 1 0 0 0.0 1.0 0
cell 21.918696689553613 11.841401248578766 0.0 1.0 1.0 1 0 0 0.0 1.0 0
cell 14.732736063588083 20.891872435127464 0.0 1.6431676725154984 0.6085806194501846 1 0 0 0.2732849863584037 -0.9619331142190122 5.729572572650905
cell 6.479297615968111 46.29604858054169 0.0 1.0 1.0 1 0 0 0.0 1.0 0
cell 19.422443044484606 32.601881162276506 0.0 1.0 1.0 1 0 0 0.0 1.0 0
cell 17.735986157299756 29.47771646233412 0.0 1.0 1.0 1 0 0 0.0 1.0 0
cell 14.361649434711937 23.04649425683264 0.0 1.0 1.0 1 0 0 0.0 1.0 0
cell 17.502876989101562 12.286491606188584 0.0 1.6431676725154984 0.6085806194501846 1 0 0 0.427375160219447 -0.9040743732831951 5.400010441663533
cell 11.695694107447578 36.14910046405196 0.0 1.0 1.0 1 0 0 0.0 1.0 0
cell 0.973956826550459 29.27505330198151 0.0 1.0 1.0 1 0 0 0.0 1.0 0
cell 41.71479200081475 12.202925887551944 0.0 1.0 1.0 1 0 0 0.0 1.0 0
cell 17.493848001236692 57.92846114388077 0.0 1.0 1.0 1 0 0 0.0 1.0 0
cell 52.28550779777653 27.8853472445712 0.0 1.0 1.0 1 0 0 0.0 1.0 0
cell 42.52643920878132 28.651538144968523 0.0 1.0 1.0 1 0 0 0.0 1.0 0
cell 8.301450191838631 4.4729240662674865 0.0 1.6431676725154984 0.6085806194501846 1 0 0 -0.14174157492652048 -0.9899036952842178 0.28444106361526433
cell 40.92822464148767 54.815366725736546 0.0 1.0 1.0 1 0 0 0.0 1.0 0
cell 37.334272909021955 47.33147949572611 0.0 1.0 1.0 1 0 0 0.0 1.0 0
cell 13.680769119490066 48.580351591672084 0.0 1.0 1.0 1 0 0 0.0 1.0 0
cell 2.246326522847507 40.11600403431178 0.0 1.0 1.0 1 0 0 0.0 1.0 0
cell 20.829670774103914 29.43179491470031 0.0 1.0 1.0 1 0 0 0.0 1.0 0
cell 47.44796353282852 31.190606307257294 0.0 1.0 1.0 1 0 0 0.0 1.0 0
cell 17.649745376776387 53.434599069239304 0.0 1.6431676725154984 0.6085806194501846 1 0 0 0.4291857549940327 -0.9032162463719318 5.396003130057631
cell 6.39952448974967 14.092334902158875 0.0 1.6431676725154984 0.6085806194501846 1 0 0 0.44331634063047015 -0.8963652280906533 5.364595171185859
cell 36.54976427641507 42.38810684949011 0.0 1.0 1.0 1 0 0 0.0 1.0 0
cell 58.018634530619636 2.985109505306612 0.0 1.6431676725154984 0.6085806194501846 1 0 0 -0.582962511049238 0.8124990527447814 5.038445080267805
cell 40.9920738568437 9.231232232907674 0.0 1.6431676725154984 0.6085806194501846 1 0 0 0.9565671826751694 0.29151196378345967 2.549978509142468
cell 40.963725568706515 5.611610867912714 0.0 1.0 1.0 1 0 0 0.0 1.0 0
cell 46.54267330897338 55.05688682923137 0.0 1.6431676725154984 0.6085806194501846 1 0 0 0.7192706836193404 -0.6947299357921513 4.6776813799452714
cell 20.102367277386737 10.831648053530845 0.0 1.6431676725154984 0.6085806194501846 1 0 0 0.6328698804251008 -0.7742581704126335 4.912676824442373
cell 43.90915597047543 50.042539552976656 0.0 1.0 1.0 1 0 0 0.0 1.0 0
cell 23.57076907185091 47.07801762729478 0.0 1.0 1.0 1 0 0 0.0 1.0 0
cell 38.34030253097789 33.78220654628056 0.0 1.0 1.0 1 0 0 0.0 1.0 0
cell 21.06744681423632 15.884451952651427 0.0 1.6431676725154984 0.6085806194501846 1 0 0 0.576876306436575 -0.8168315169434238 5.053386618636327
cell 57.34728737288516 29.226220605880492 0.0 1.0 1.0 1 0 0 0.0 1.0 0
cell 13.35126119568524 26.286334508785178 0.0 1.0 1.0 1 0 0 0.0 1.0 0
cell 3.5717167174017646 52.6798093985723 0.0 1.0 1.0 1 0 0 0.0 1.0 0
cell 55.612409008655476 50.388229463182356 0.0 1.0 1.0 1 0 0 0.0 1.0 0
cell 57.222220428295536 48.76354487844494 0.0 1.6431676725154984 0.6085806194501846 1 0 0 0.9863622078486671 0.16458917014160665 2.8109096802188334
cell 34.79623936385719 2.5879074876100105 0.0 1.0 1.0 1 0 0 0.0 1.0 0
cell 25.92433994215865 15.766999112931959 0.0 1.6431676725154984 0.6085806194501846 1 0 0 0.27257866064162917 -0.9621335010084701 5.731040974377655
cell 25.320323439397754 36.16398251289486 0.0 1.6431676725154984 0.6085806194501846 1 0 0 0.6043223048581687 0.7967399524631048 1.29783001529817
cell 29.75197351344912 42.45456466849909 0.0 1.6431676725154984 0.6085806194501846 1 0 0 0.5290902071520943 0.8485655853826232 1.115056105386747
cell 27.29859442815596 1.0686592174570768 0.0 1.6431676725154984 0.6085806194501846 1 0 0 0.6192741177622406 0.7851748640078836 1.3356357619346308
cell 16.050571053743294 22.01940654948765 0.0 1.0 1.0 1 0 0 0.0 1.0 0
cell 59.15762598692274 44.19577241465978 0.0 1.0 1.0 1 0 0 0.0 1.0 0
cell 0.7981745926918266 41.25290282960342 0.0 1.0 1.0 1 0 0 0.0 1.0 0
cell 35.52587236304377 31.918550824697558 0.0 1.0 1.0 1 0 0 0.0 1.0 0
cell 6.110880605786639 28.268663606268188 0.0 1.0 1.0 1 0 0 0.0 1.0 0
cell 12.643197804301295 39.89710103462718 0.0 1.0 1.0 1 0 0 0.0 1.0 0
cell 31.255052806004475 48.319860957694594 0.0 1.6431676725154984 0.6085806194501846 1 0 0 0.7485040428831893 0.6631302268691428 1.6916065902154038
cell 33.49586737406471 28.506831731509994 0.0 1.0 1.0 1 0 0 0.0 1.0 0
cell 20.565694488844432 4.895180569819716 0.0 1.0 1.0 1 0 0 0.0 1.0 0
cell 23.223644533529267 52.76139868702066 0.0 1.0 1.0 1 0 0 0.0 1.0 0
cell 0.5382716495694223 13.616477157904809 0.0 1.6431676725154984 0.6085806194501846 1 0 0 0.9980466509593873 -0.0624730542614252 3.2666201801850985
cell 58.86713036211922 24.15992119749723 0.0 1.0 1.0 1 0 0 0.0 1.0 0
cell 33.10659653433658 12.230742558151618 0.0 1.6431676725154984 0.6085806194501846 1 0 0 0.7747537383615775 0.6322631136597804 1.7726510193212064
cell 14.286760067636667 44.784573006903415 0.0 1.0 1.0 1 0 0 0.0 1.0 0
cell 38.61169770328696 30.39456711880651 0.0 1.0 1.0 1 0 0 0.0 1.0 0
cell 15.388960814097015 31.822762440645608 0.0 1.0 1.0 1 0 0 0.0 1.0 0
cell 7.702480919925226 7.147795947167241 0.0 1.6431676725154984 0.6085806194501846 1 0 0 0.17342832154475354 -0.9848464942752092 5.934565943511204
cell 47.92266147439371 33.3764442453488 0.0 1.0 1.0 1 0 0 0.0 1.0 0
cell 57.11413895888542 23.17561314588271 0.0 1.0 1.0 1 0 0 0.0 1.0 0
cell 29.28220646021587 12.483681479757287 0.0 1.0 1.0 1 0 0 0.0 1.0 0
cell 34.22973669486804 36.97201376100411 0.0 1.0 1.0 1 0 0 0.0 1.0 0
cell 46.75934415557071 8.227173741499112 0.0 1.6431676725154984 0.6085806194501846 1 0 0 0.9907214619281051 0.13590800151219326 2.8689328329312924
cell 47.01956283362537 49.11364589518202 0.0 1.0 1.0 1 0 0 0.0 1.0 0
cell 26.711542187198802 53.009158008525425 0.0 1.6431676725154984 0.6085806194501846 1 0 0 -0.4529952283972932 -0.8915129404833584 0.9402443927205049
cell 34.44900942783715 18.9178502253101 0.0 1.0 1.0 1 0 0 0.0 1.0 0
cell 49.743787000348306 57.964092329759936 0.0 1.6431676725154984 0.6085806194501846 1 0 0 0.4748546677815982 -0.8800642274777609 5.293587534853862
cell 46.43070896766047 12.434762488695185 0.0 1.6431676725154984 0.6085806194501846 1 0 0 0.8105461761807248 -0.5856747359062071 4.3930171608506985
cell 38.51829946449596 42.631137411416944 0.0 1.0 1.0 1 0 0 0.0 1.0 0
cell 37.965868339246065 1.2249704520027125 0.0 1.0 1.0 1 0 0 0.0 1.0 0
cell 44.62101576959355 31.951282645556933 0.0 1.0 1.0 1 0 0 0.0 1.0 0
cell 19.267567769373496 28.45526205262085 0.0 1.0 1.0 1 0 0 0.0 1.0 0
cell 30.25182433238347 27.00635930268156 0.0 1.0 1.0 1 0 0 0.0 1.0 0
cell 21.669165323116854 35.10849146782826 0.0 1.0 1.0 1 0 0 0.0 1.0 0
cell 7.274004102230376 15.046085255235203 0.0 1.6431676725154984 0.6085806194501846 1 0 0 0.5299155433967567 -0.8480504211817361 5.166183360951151
cell 45.2294333344505 1.186665490451022 0.0 1.6431676725154984 0.6085806194501846 1 0 0 0.15252252037935093 -0.9882999953339727 5.976944994537019
cell 28.949947974616663 25.54127456821819 0.0 1.0 1.0 1 0 0 0.0 1.0 0
cell 0.1931306484084647 1.7792687573008152 0.0 1.6431676725154984 0.6085806194501846 1 0 0 0.3092335943049113 0.9509861114407852 0.6287740408645118
cell 4.3281469953272715 29.2355630650467 0.0 1.0 1.0 1 0 0 0.0 1.0 0
cell 38.07153453012574 28.730726321194176 0.0 1.0 1.0 1 0 0 0.0 1.0 0
cell 27.87072072528493 49.12816699019508 0.0 1.0 1.0 1 0 0 0.0 1.0 0
cell 52.73919228952763 33.796083101176876 0.0 1.0 1.0 1 0 0 0.0 1.0 0
cell 40.049912962715325 28.460451107019896 0.0 1.0 1.0 1 0 0 0.0 1.0 0
cell 47.41180349929648 53.422560185806326 0.0 1.6431676725154984 0.6085806194501846 1 0 0 0.7591140517176186 -0.6509576456919918 4.559283225898196
cell 32.868110116821434 24.878719414027977 0.0 1.0 1.0 1 0 0 0.0 1.0 0
cell 33.91402414887849 9.757545155916933 0.0 1.6431676725154984 0.6085806194501846 1 0 0 0.5711738030640549 0.8208291458600531 1.2158703321883422
cell 33.031328543136524 6.021575353032671 0.0 1.0 1.0 1 0 0 0.0 1.0 0
cell 40.20476989460062 24.71469069360206 0.0 1.6431676725154984 0.6085806194501846 1 0 0 0.9435762553551479 -0.3311553265915508 3.81664810364731
cell 34.3067490210463 23.5228611978097 0.0 1.0 1.0 1 0 0 0.0 1.0 0
cell 12.850454649304016 59.6385421470611 0.0 1.0 1.0 1 0 0 0.0 1.0 0
cell 47.7955783195151 18.991468274220118 0.0 1.0 1.0 1 0 0 0.0 1.0 0
cell 46.25177434535392 44.28748558958925 0.0 1.0 1.0 1 0 0 0.0 1.0 0
cell 45.89785248189792 50.46246214589344 0.0 1.0 1.0 1 0 0 0.0 1.0 0
cell 20.532671495930103 13.31925296813878 0.0 1.6431676725154984 0.6085806194501846 1 0 0 0.6828252142471722 -0.7305817728278631 4.779939795905158
cell 0.07646310408760496 7.780256787660443 0.0 1.6431676725154984 0.6085806194501846 1 0 0 0.5865295624377881 -0.8099278192447379 5.02965073470393
cell 52.54088908944177 31.82984101874808 0.0 1.0 1.0 1 0 0 0.0 1.0 0
cell 24.820118106236443 56.40937787796008 0.0 1.0 1.0 1 0 0 0.0 1.0 0
cell 55.54675776443954 22.10364273762824 0.0 1.0 1.0 1 0 0 0.0 1.0 0
cell 15.343425249550158 14.692054784504293 0.0 1.6431676725154984 0.6085806194501846 1 0 0 0.41749417686738527 -0.9086795982533252 5.4218134786995265
cell 55.680678584713036 46.4446936923926 0.0 1.0 1.0 1 0 0 0.0 1.0 0
cell 10.388898686628252 37.64514951766035 0.0 1.0 1.0 1 0 0 0.0 1.0 0
cell 23.288741815590974 32.39786289653474 0.0 1.6431676725154984 0.6085806194501846 1 0 0 -0.6468479669720067 -0.7626189793233458 1.4068879712086853
cell 22.3349746105351 54.222238375365045 0.0 1.0 1.0 1 0 0 0.0 1.0 0
cell 33.53386115729988 31.932882586563384 0.0 1.0 1.0 1 0 0 0.0 1.0 0
cell 47.15647846030271 23.346096425223987 0.0 1.6431676725154984 0.6085806194501846 1 0 0 0.5897660824390939 -0.8075741253931084 5.021646996117674
cell 9.202244257093614 42.82261774081895 0.0 1.0 1.0 1 0 0 0.0 1.0 0
cell 29.42329940432541 10.871342907017771 0.0 1.6431676725154984 0.6085806194501846 1 0 0 0.5436044446797241 0.8393415322289542 1.1494510780832237
cell 37.42269952771981 4.47663402620175 0.0 1.0 1.0 1 0 0 0.0 1.0 0
cell 0.8990576156260461 25.25468132909039 0.0 1.0 1.0 1 0 0 0.0 1.0 0
cell 46.34138171684079 27.885823564265042 0.0 1.6431676725154984 0.6085806194501846 1 0 0 0.8789689296124944 0.47687904208076265 2.1473915037841573
cell 58.720369510678466 22.182767179135283 0.0 1.0 1.0 1 0 0 0.0 1.0 0
cell 32.72629519543961 54.28576727486771 0.0 1.0 1.0 1 0 0 0.0 1.0 0
cell 52.41455726920558 42.4433643841631 0.0 1.0 1.0 1 0 0 0.0 1.0 0
cell 31.103872281414205 12.48991709408246 0.0 1.6431676725154984 0.6085806194501846 1 0 0 0.7943586608077869 0.6074490250215728 1.8359021169827192
cell 14.47766653441708 4.10550450556927 0.0 1.6431676725154984 0.6085806194501846 1 0 0 0.2198620484773972 -0.9755309731829752 5.83983919415404
cell 55.283759749637085 19.21569987815054 0.0 1.0 1.0 1 0 0 0.0 1.0 0
cell 23.51912464977973 3.158893862508242 0.0 1.0 1.0 1 0 0 0.0 1.0 0
cell 23.400662374140424 1.188340726320531 0.0 1.0 1.0 1 0 0 0.0 1.0 0
cell 8.114771512783243 56.0683339612465 0.0 1.6431676725154984 0.6085806194501846 1 0 0 0.9157793169171332 0.40168176795417154 2.31488757015309
cell 29.200162313433182 39.53693142155682 0.0 1.6431676725154984 0.6085806194501846 1 0 0 0.7667281412683689 0.6419719288155458 1.7474578933917637
cell 15.832694092908643 53.112504168655505 0.0 1.0 1.0 1 0 0 0.0 1.0 0
cell 18.261916624660586 3.5239377682771997 0.0 1.0 1.0 1 0 0 0.0 1.0 0
cell 40.47583232837293 42.860443928235206 0.0 1.0 1.0 1 0 0 0.0 1.0 0
cell 11.767317706693454 56.9327503867751 0.0 1.0 1.0 1 0 0 0.0 1.0 0
cell 30.44584662511503 33.707109158929924 0.0 1.0 1.0 1 0 0 0.0 1.0 0
cell 23.28794511919946 55.975913791935945 0.0 1.0 1.0 1 0 0 0.0 1.0 0
cell 59.3022294930202 46.188731596191175 0.0 1.0 1.0 1 0 0 0.0 1.0 0
cell 25.4082940918986 12.347618833233623 0.0 1.0 1.0 1 0 0 0.0 1.0 0
cell 30.297214145931886 58.222302725991405 0.0 1.6431676725154984 0.6085806194501846 1 0 0 0.8558445319616542 0.5172331554640877 2.0543628566644134
cell 18.248167719942852 49.930137617463046 0.0 1.6431676725154984 0.6085806194501846 1 0 0 -0.09505456404276248 0.9954720638243146 6.092788724396555
cell 5.690226218314637 40.95154702667422 0.0 1.0 1.0 1 0 0 0.0 1.0 0
cell 55.75407293397163 31.979408900812437 0.0 1.0 1.0 1 0 0 0.0 1.0 0
cell 15.929151245023558 28.672850202453837 0.0 1.0 1.0 1 0 0 0.0 1.0 0
cell 6.029541391895381 22.231889709240054 0.0 1.0 1.0 1 0 0 0.0 1.0 0
cell 22.83054042030184 59.08451916673801 0.0 1.0 1.0 1 0 0 0.0 1.0 0
cell 54.769550827874454 58.00809863154674 0.0 1.6431676725154984 0.6085806194501846 1 0 0 0.5665134371126949 -0.8240525017077254 5.078647956882613
cell 2.532955679980938 22.28125931663969 0.0 1.0 1.0 1 0 0 0.0 1.0 0
cell 39.33135358523789 51.34374388248691 0.0 1.0 1.0 1 0 0 0.0 1.0 0
cell 51.48216343244745 55.8259764870555 0.0 1.6431676725154984 0.6085806194501846 1 0 0 0.9889031870278877 0.1485613902940013 2.8433659327140535
cell 6.083925745906934 26.26063926573482 0.0 1.0 1.0 1 0 0 0.0 1.0 0
cell 19.220456388781066 57.98976533895392 0.0 1.0 1.0 1 0 0 0.0 1.0 0
cell 4.243368644997065 21.272729986967526 0.0 1.0 1.0 1 0 0 0.0 1.0 0
cell 12.82264499979086 24.352583221479122 0.0 1.0 1.0 1 0 0 0.0 1.0 0
cell 42.600915419062154 4.766647233455244 0.0 1.6431676725154984 0.6085806194501846 1 0 0 0.24664428527465587 0.9691060811600318 0.4984320604992506
cell 45.05169905496433 10.96435492557171 0.0 1.6431676725154984 0.6085806194501846 1 0 0 0.5840500644972482 -0.8117176369654415 5.035766734964826
cell 13.249729266048938 41.613311487275844 0.0 1.0 1.0 1 0 0 0.0 1.0 0
cell 28.81329335654306 21.475542428539573 0.0 1.0 1.0 1 0 0 0.0 1.0 0
cell 14.201406337114559 18.846616152274315 0.0 1.6431676725154984 0.6085806194501846 1 0 0 0.3824992792141095 -0.9239557897435823 5.498185779197649
cell 18.460913141574558 59.63885544632488 0.0 1.0 1.0 1 0 0 0.0 1.0 0
cell 49.04216004770446 49.488905455464575 0.0 1.0 1.0 1 0 0 0.0 1.0 0
cell 25.81710076987905 34.615524363097 0.0 1.6431676725154984 0.6085806194501846 1 0 0 0.5992870896196006 0.8005341867873406 1.2852205365974652
cell 26.431831188429864 48.98535667594003 0.0 1.0 1.0 1 0 0 0.0 1.0 0
cell 17.42426586889038 21.028817931597445 0.0 1.6431676725154984 0.6085806194501846 1 0 0 0.38044233973059965 0.9248046421489822 0.7805491111528616
cell 16.003811622961777 34.33077690655807 0.0 1.6431676725154984 0.6085806194501846 1 0 0 0.06383523427867942 0.99796045155336 0.12775733613168394
cell 42.55777787403394 54.215525065528425 0.0 1.6431676725154984 0.6085806194501846 1 0 0 -0.6227930207698077 0.782386639252242 4.938570255847006
cell 59.179087678561686 18.193945393783657 0.0 1.0 1.0 1 0 0 0.0 1.0 0
cell 56.01548274428145 17.51302861290817 0.0 1.0 1.0 1 0 0 0.0 1.0 0
cell 5.883394226116617 4.693564254900312 0.0 1.6431676725154984 0.6085806194501846 1 0 0 0.13607768330274256 0.9906981700331128 0.27300236655316634
cell 6.078099613242263 32.21775904293393 0.0 1.0 1.0 1 0 0 0.0 1.0 0
cell 47.9173033940246 14.784043813767534 0.0 1.0 1.0 1 0 0 0.0 1.0 0
cell 0.8265379679361552 23.268799708068993 0.0 1.0 1.0 1 0 0 0.0 1.0 0
cell 18.981344329398272 19.555972863476352 0.0 1.6431676725154984 0.6085806194501846 1 0 0 0.9569059991266595 -0.2903978457830041 3.7308778019787447
cell 14.024711911488305 38.45304432918836 0.0 1.0 1.0 1 0 0 0.0 1.0 0
cell 32.21028322244308 36.94855488295869 0.0 1.0 1.0 1 0 0 0.0 1.0 0
cell 21.426690802274248 44.18912161135313 0.0 1.0 1.0 1 0 0 0.0 1.0 0
cell 49.49961743035445 33.92791696692308 0.0 1.0 1.0 1 0 0 0.0 1.0 0
cell 40.396093905362235 21.057120963125623 0.0 1.6431676725154984 0.6085806194501846 1 0 0 -0.3463563560277792 -0.9381030192037324 0.7073684993125138
cell 12.15401405972627 5.905331687797906 0.0 1.6431676725154984 0.6085806194501846 1 0 0 0.2313017404334296 -0.9728820611320091 5.816354316343114
cell 26.30993572533553 44.261941139365156 0.0 1.6431676725154984 0.6085806194501846 1 0 0 -0.023888409218685853 -0.9997146312348343 0.047781363626758555
cell 15.948495855748947 17.07190688853131 0.0 1.6431676725154984 0.6085806194501846 1 0 0 0.7721825061104398 -0.6354008004850171 4.5186475699242585
cell 20.806129311162742 7.748367222722301 0.0 1.6431676725154984 0.6085806194501846 1 0 0 0.6574679922140773 -0.7534824743907387 4.848278494562763
cell 35.61220490335009 26.647717620972163 0.0 1.6431676725154984 0.6085806194501846 1 0 0 0.9132093849969855 0.40749063689050274 2.3021836110765634
cell 23.19782527510236 20.484968683899545 0.0 1.6431676725154984 0.6085806194501846 1 0 0 0.9784697656784885 0.2063902072606252 2.7258240690637
cell 48.27912761339576 38.09552169144513 0.0 1.0 1.0 1 0 0 0.0 1.0 0
cell 41.947343327221304 22.426058357205633 0.0 1.6431676725154984 0.6085806194501846 1 0 0 0.40670047639069107 -0.9135615592304577 5.445506444255714
cell 41.759566974031344 34.19533080048518 0.0 1.0 1.0 1 0 0 0.0 1.0 0
cell 52.24407955303182 25.947218407888464 0.0 1.0 1.0 1 0 0 0.0 1.0 0
cell 32.673193249335746 17.72267663114659 0.0 1.6431676725154984 0.6085806194501846 1 0 0 0.15505847860566563 0.9879052931392241 0.31137329523117235
cell 50.80532908897156 30.854583466509112 0.0 1.0 1.0 1 0 0 0.0 1.0 0
cell 41.40036744704083 19.9379636016144 0.0 1.0 1.0 1 0 0 0.0 1.0 0
cell 40.071100206572154 49.50379225217938 0.0 1.0 1.0 1 0 0 0.0 1.0 0
cell 20.512566575191915 1.973711725072685 0.0 1.0 1.0 1 0 0 0.0 1.0 0
cell 43.30294506751449 35.04725786898008 0.0 1.0 1.0 1 0 0 0.0 1.0 0
cell 33.24369848400785 38.55838869220948 0.0 1.0 1.0 1 0 0 0.0 1.0 0
cell 3.7212111310098828 38.88873930890155 0.0 1.0 1.0 1 0 0 0.0 1.0 0
cell 51.49354053626198 36.70494357729845 0.0 1.0 1.0 1 0 0 0.0 1.0 0
cell 18.71804892345102 41.26298613803437 0.0 1.0 1.0 1 0 0 0.0 1.0 0
cell 8.064503644227303 32.272728235303475 0.0 1.0 1.0 1 0 0 0.0 1.0 0
cell 43.43818166150099 13.370115379002534 0.0 1.0 1.0 1 0 0 0.0 1.0 0
cell 53.77389664523864 8.514556113315805 0.0 1.6431676725154984 0.6085806194501846 1 0 0 0.07442025591516069 0.9972269679012506 0.14897824445619823
cell 1.2043273305164024 44.84694434342615 0.0 1.0 1.0 1 0 0 0.0 1.0 0
cell 44.9930261168351 37.89734954128569 0.0 1.0 1.0 1 0 0 0.0 1.0 0
cell 31.557985778446657 28.60104523595427 0.0 1.0 1.0 1 0 0 0.0 1.0 0
cell 12.915366351672313 7.836983259102234 0.0 1.6431676725154984 0.6085806194501846 1 0 0 0.33714552183104274 -0.9414525463926867 5.595418804493971
cell 2.5928081921064563 24.2486475802725 0.0 1.0 1.0 1 0 0 0.0 1.0 0
cell 7.6120419077505845 41.6105458499208 0.0 1.0 1.0 1 0 0 0.0 1.0 0
cell 38.94233039639405 12.421697244485461 0.0 1.0 1.0 1 0 0 0.0 1.0 0
cell 40.09627857524406 18.972178022040477 0.0 1.0 1.0 1 0 0 0.0 1.0 0
cell 27.306754360945394 7.812275324005068 0.0 1.6431676725154984 0.6085806194501846 1 0 0 0.3605980192916456 0.9327213241279209 0.7378179388261463
cell 36.25669620278347 19.26834534248525 0.0 1.0 1.0 1 0 0 0.0 1.0 0
cell 46.024834671738496 52.650777194096946 0.0 1.6431676725154984 0.6085806194501846 1 0 0 0.5250809021936569 -0.8510523169297498 5.1775649638338335
cell 56.665875970385635 56.51601326965631 0.0 1.6431676725154984 0.6085806194501846 1 0 0 0.4889362215839898 -0.8723195350461731 5.261445601049248
cell 18.265894469485705 48.006606096947955 0.0 1.6431676725154984 0.6085806194501846 1 0 0 0.0038896506813931695 0.9999924352801759 0.007779320978924108
cell 23.76816414625139 40.12074081395828 0.0 1.0 1.0 1 0 0 0.0 1.0 0
cell 0.6219185634869941 39.25164429660205 0.0 1.0 1.0 1 0 0 0.0 1.0 0
cell 39.578336444439884 53.354992225868614 0.0 1.0 1.0 1 0 0 0.0 1.0 0
cell 2.6310227490853557 36.297558557569594 0.0 1.0 1.0 1 0 0 0.0 1.0 0
cell 36.404135396582454 33.68040449895908 0.0 1.0 1.0 1 0 0 0.0 1.0 0
cell 41.79211157755885 26.781500101442806 0.0 1.0 1.0 1 0 0 0.0 1.0 0
cell 7.516183409652041 17.727868076042085 0.0 1.6431676725154984 0.6085806194501846 1 0 0 0.8252888406837935 0.5647108370155474 1.941426986298869
cell 41.33081849038758 44.66535431683716 0.0 1.0 1.0 1 0 0 0.0 1.0 0
cell 58.99446050259242 34.25043141028432 0.0 1.0 1.0 1 0 0 0.0 1.0 0
cell 58.95231804152178 36.21533836785434 0.0 1.0 1.0 1 0 0 0.0 1.0 0
cell 49.83889852527408 35.65749092289006 0.0 1.0 1.0 1 0 0 0.0 1.0 0
cell 19.092341969802117 8.38224477298061 0.0 1.0 1.0 1 0 0 0.0 1.0 0
cell 26.397169095684394 23.64194074832808 0.0 1.6431676725154984 0.6085806194501846 1 0 0 0.6813631597862342 0.7319455201626134 1.4992468057982045
cell 51.01563747702415 32.799192641641106 0.0 1.0 1.0 1 0 0 0.0 1.0 0
cell 31.94369687684642 52.37815193486406 0.0 1.6431676725154984 0.6085806194501846 1 0 0 0.797287148801627 0.6036002007585586 1.8455746628165306
cell 29.32655616406337 35.385704597053646 0.0 1.0 1.0 1 0 0 0.0 1.0 0
cell 42.50051848442147 58.897354960268004 0.0 1.0 1.0 1 0 0 0.0 1.0 0
cell 6.571997802343006 2.623127942004082 0.0 1.6431676725154984 0.6085806194501846 1 0 0 0.3384857932854936 0.9409715020891388 0.6906144714608884
cell 45.201503435687435 45.53393618387229 0.0 1.0 1.0 1 0 0 0.0 1.0 0
cell 6.196300546294654 48.44678449740494 0.0 1.6431676725154984 0.6085806194501846 1 0 0 0.5653595185800179 -0.8248446003648022 5.0814472057692885
cell 30.668083085011887 45.23366563705246 0.0 1.6431676725154984 0.6085806194501846 1 0 0 0.5581153684776881 0.8297633611271436 1.184225544997351
cell 35.85622150895711 40.583103716260965 0.0 1.0 1.0 1 0 0 0.0 1.0 0
cell 28.4846429750587 15.861664471917974 0.0 1.6431676725154984 0.6085806194501846 1 0 0 -0.3856035547631616 -0.9226645644837638 0.7917237528455257
cell 46.692344607730455 36.895440518018376 0.0 1.0 1.0 1 0 0 0.0 1.0 0
cell 44.223468624305205 18.840923143424263 0.0 1.6431676725154984 0.6085806194501846 1 0 0 -0.07721613127424498 0.9970143775648567 6.128599168706652
cell 31.753411839741528 7.924465459002651 0.0 1.6431676725154984 0.6085806194501846 1 0 0 0.8109932046711601 0.5850555716999897 1.8916954954230576
cell 36.94768150005612 22.446726243998864 0.0 1.0 1.0 1 0 0 0.0 1.0 0
cell 57.033932733296666 54.203287662061264 0.0 1.6431676725154984 0.6085806194501846 1 0 0 0.4336723068670558 -0.9010706577492168 5.38605672382765
cell 5.764332545957922 20.0337018099309 0.0 1.0 1.0 1 0 0 0.0 1.0 0
cell 20.723004492705883 41.27623566969767 0.0 1.0 1.0 1 0 0 0.0 1.0 0
cell 39.82011291929249 6.798802699114306 0.0 1.6431676725154984 0.6085806194501846 1 0 0 0.9106550812933213 -0.4131674272188629 3.9934516826052255
cell 16.023290728308794 38.80050808165019 0.0 1.0 1.0 1 0 0 0.0 1.0 0
cell 24.045284405152028 4.88131891996882 0.0 1.0 1.0 1 0 0 0.0 1.0 0
cell 15.195030341375258 26.92332616603207 0.0 1.0 1.0 1 0 0 0.0 1.0 0
cell 10.25473069810397 9.523109870691245 0.0 1.6431676725154984 0.6085806194501846 1 0 0 0.7330417247174813 -0.6801836735935526 4.637618991928091
cell 23.325941270079184 48.60623802614445 0.0 1.6431676725154984 0.6085806194501846 1 0 0 0.05664536007400575 0.9983943625552412 0.11335139372517801
cell 14.611938142514177 40.16274719547284 0.0 1.0 1.0 1 0 0 0.0 1.0 0
cell 28.500854785574965 33.77963085763768 0.0 1.0 1.0 1 0 0 0.0 1.0 0
cell 42.46927135276567 31.047988689163677 0.0 1.6431676725154984 0.6085806194501846 1 0 0 0.5414928459071162 0.8407053573228924 1.1444236049243977
cell 11.491245778674983 4.861808263184812 0.0 1.6431676725154984 0.6085806194501846 1 0 0 0.020593622270407373 -0.9997879288738106 6.24199515084999
cell 26.044155644474895 29.47922940230174 0.0 1.6431676725154984 0.6085806194501846 1 0 0 0.7869487442859829 0.6170183740106242 1.8116962424077487
cell 9.439575989987965 5.7939755177229255 0.0 1.6431676725154984 0.6085806194501846 1 0 0 -0.042121658091082884 -0.9991124891220498 0.08426824731955485
cell 18.52772911867623 20.639427876003626 0.0 1.6431676725154984 0.6085806194501846 1 0 0 0.923862420867045 -0.3827247409166059 3.927080241923302
cell 25.791837288114692 17.27796329224445 0.0 1.6431676725154984 0.6085806194501846 1 0 0 0.9720891228001364 0.23461188659925444 2.6679540699267106
cell 6.093767453318822 24.233482968665875 0.0 1.0 1.0 1 0 0 0.0 1.0 0
cell 31.268126046315437 40.88055832423791 0.0 1.0 1.0 1 0 0 0.0 1.0 0
cell 18.21305345672579 43.18567529702194 0.0 1.0 1.0 1 0 0 0.0 1.0 0
cell 21.83601489580229 42.72509269419582 0.0 1.0 1.0 1 0 0 0.0 1.0 0
cell 20.91561549151401 38.268380474210176 0.0 1.0 1.0 1 0 0 0.0 1.0 0
cell 38.86039709734898 39.17810420352345 0.0 1.0 1.0 1 0 0 0.0 1.0 0
cell 11.038981941397088 31.284786714879544 0.0 1.6431676725154984 0.6085806194501846 1 0 0 0.4341951748646608 0.9008188220304051 0.8982892937923862
cell 31.170145730700284 16.227619495953416 0.0 1.6431676725154984 0.6085806194501846 1 0 0 0.335594357000669 0.942006596340656 0.6844722141194841
cell 11.025919668971756 34.27160649329679 0.0 1.0 1.0 1 0 0 0.0 1.0 0
cell 37.761998868242266 54.201180498401726 0.0 1.0 1.0 1 0 0 0.0 1.0 0
cell 54.19947449844252 32.82904640270781 0.0 1.0 1.0 1 0 0 0.0 1.0 0
cell 9.80516814525766 35.743234010025034 0.0 1.0 1.0 1 0 0 0.0 1.0 0
cell 29.679984705302758 9.200348951616974 0.0 1.6431676725154984 0.6085806194501846 1 0 0 0.6100102629273803 0.792393512797315 1.3121470853335333
cell 23.601098201898452 36.687872422983965 0.0 1.6431676725154984 0.6085806194501846 1 0 0 0.4946219426157285 0.8691082406024252 1.0347995663392426
cell 27.20518702796205 43.22401084136898 0.0 1.6431676725154984 0.6085806194501846 1 0 0 0.38890586578518976 0.9212774975857556 0.7988873347377095
cell 33.74139157587911 57.30333353207219 0.0 1.0 1.0 1 0 0 0.0 1.0 0
cell 22.796103018139128 38.47963163496062 0.0 1.0 1.0 1 0 0 0.0 1.0 0
cell 52.97543540954009 37.72417573392001 0.0 1.0 1.0 1 0 0 0.0 1.0 0
cell 38.45794796470778 7.775305578742994 0.0 1.0 1.0 1 0 0 0.0 1.0 0
cell 36.57087771027668 30.212315253748077 0.0 1.0 1.0 1 0 0 0.0 1.0 0
cell 52.790362185840664 47.00019038162315 0.0 1.6431676725154984 0.6085806194501846 1 0 0 0.9974994276645975 0.07067454852208346 3.000125620693774
cell 43.164230094896034 33.09654110524437 0.0 1.0 1.0 1 0 0 0.0 1.0 0
cell 25.68393878705884 5.56389109215915 0.0 1.6431676725154984 0.6085806194501846 1 0 0 -0.48805617661823014 -0.872812218329232 1.0197225635519453
cell 24.40855735236368 33.179662830518104 0.0 1.6431676725154984 0.6085806194501846 1 0 0 -0.6456416516752909 -0.7636405290593228 1.403726477271647
cell 7.012380030025724 37.888036106728535 0.0 1.0 1.0 1 0 0 0.0 1.0 0
cell 43.101303919840056 48.26202419271358 0.0 1.0 1.0 1 0 0 0.0 1.0 0
cell 7.337590534630414 33.716982709010274 0.0 1.0 1.0 1 0 0 0.0 1.0 0
cell 39.282971172679616 55.40723248215068 0.0 1.0 1.0 1 0 0 0.0 1.0 0
cell 8.996946509183964 46.758194068440396 0.0 1.0 1.0 1 0 0 0.0 1.0 0
cell 28.33614943413287 24.173224011222235 0.0 1.6431676725154984 0.6085806194501846 1 0 0 0.9995694507205501 0.029341322162056382 3.0829015858915816
cell 44.16187561572943 46.86920669792064 0.0 1.0 1.0 1 0 0 0.0 1.0 0
cell 32.481820607266584 10.832346759341236 0.0 1.6431676725154984 0.6085806194501846 1 0 0 0.8172215304353084 0.5763236679097713 1.9131467693673478
cell 12.763442758558458 51.685502329106065 0.0 1.6431676725154984 0.6085806194501846 1 0 0 0.5140379461220522 -0.8577674451426927 5.203413921333848
cell 0.9459190928355267 33.260148547533525 0.0 1.0 1.0 1 0 0 0.0 1.0 0
cell 50.215497519549146 13.200640661213411 0.0 1.6431676725154984 0.6085806194501846 1 0 0 0.15498924608733752 -0.9879161571698677 5.971952171411282
cell 50.98686891461553 10.801484975538035 0.0 1.6431676725154984 0.6085806194501846 1 0 0 0.8562860542389286 -0.5165018812317403 4.227113996279793
cell 36.46948940016335 7.437427133149539 0.0 1.0 1.0 1 0 0 0.0 1.0 0
cell 58.39607567039179 52.05914583824501 0.0 1.6431676725154984 0.6085806194501846 1 0 0 0.23587417742521408 -0.9717836037019655 5.806949247598822
cell 34.09648708300841 40.39542287041791 0.0 1.0 1.0 1 0 0 0.0 1.0 0
cell 23.564391989048815 30.020234568145078 0.0 1.6431676725154984 0.6085806194501846 1 0 0 0.564811552270338 0.8252199163992416 1.200409750224101
cell 12.107629246147964 38.08416593695167 0.0 1.0 1.0 1 0 0 0.0 1.0 0
cell 30.653271581112424 17.637795798310847 0.0 1.6431676725154984 0.6085806194501846 1 0 0 -0.508260187018733 -0.8612035661164453 1.0663267441209516
cell 11.753006440409923 21.62118056211112 0.0 1.6431676725154984 0.6085806194501846 1 0 0 0.6061885207800128 -0.7953209900879895 4.980666488790518
cell 19.30411764913565 30.597067545333665 0.0 1.0 1.0 1 0 0 0.0 1.0 0
cell 42.782263240491915 51.6374688681829 0.0 1.0 1.0 1 0 0 0.0 1.0 0
cell 40.509471012271156 13.110391402276568 0.0 1.0 1.0 1 0 0 0.0 1.0 0
cell 29.029559810894252 55.40595744312346 0.0 1.6431676725154984 0.6085806194501846 1 0 0 0.7458154313488362 0.6661526419387297 1.6835161891994865
cell 40.92551936283786 51.30753553386312 0.0 1.0 1.0 1 0 0 0.0 1.0 0
cell 35.95013932128974 5.84218618321572 0.0 1.0 1.0 1 0 0 0.0 1.0 0
cell 49.2455263619763 31.948368304252675 0.0 1.0 1.0 1 0 0 0.0 1.0 0
cell 55.63592029612364 42.397504025734534 0.0 1.0 1.0 1 0 0 0.0 1.0 0
cell 53.90754865885513 5.153803020990981 0.0 1.6431676725154984 0.6085806194501846 1 0 0 0.5143960115846649 0.857552764129292 1.0806063680385127
cell 13.483664360690414 36.68788586942312 0.0 1.0 1.0 1 0 0 0.0 1.0 0
cell 48.570745226286725 22.893617897315067 0.0 1.0 1.0 1 0 0 0.0 1.0 0
cell 16.686400376606468 25.842527371628822 0.0 1.0 1.0 1 0 0 0.0 1.0 0
cell 43.87984320016474 55.232446444887316 0.0 1.0 1.0 1 0 0 0.0 1.0 0
cell 35.95399503736938 1.1961977859570947 0.0 1.0 1.0 1 0 0 0.0 1.0 0
cell 55.7242372468225 44.39950420182669 0.0 1.0 1.0 1 0 0 0.0 1.0 0
cell 38.30330839288123 15.219852860407999 0.0 1.6431676725154984 0.6085806194501846 1 0 0 0.46451233148391435 0.8855666513026437 0.9661676927139662
cell 53.10479968702241 19.266451481399763 0.0 1.0 1.0 1 0 0 0.0 1.0 0
cell 58.72077146506951 50.623104325614385 0.0 1.6431676725154984 0.6085806194501846 1 0 0 -0.20096058048917995 0.979599328853104 5.878508492336368
cell 33.44798884625175 50.50404396762689 0.0 1.0 1.0 1 0 0 0.0 1.0 0
cell 39.26237969730858 47.61205174563171 0.0 1.0 1.0 1 0 0 0.0 1.0 0
cell 31.868032324081437 50.01014580204603 0.0 1.6431676725154984 0.6085806194501846 1 0 0 0.7456637506996249 0.6663224226247888 1.683060854153931
cell 35.573895962777904 56.74751336913191 0.0 1.0 1.0 1 0 0 0.0 1.0 0
cell 6.467645841195522 8.597510621953846 0.0 1.6431676725154984 0.6085806194501846 1 0 0 0.11056043454771865 -0.9938694030468086 6.06161145943533
cell 41.945297718984094 14.47429317081721 0.0 1.0 1.0 1 0 0 0.0 1.0 0
cell 17.133592168026876 1.337119796899047 0.0 1.0 1.0 1 0 0 0.0 1.0 0
cell 17.706475927561034 10.167796227635742 0.0 1.0 1.0 1 0 0 0.0 1.0 0
cell 35.555910100974174 17.93100028356477 0.0 1.6431676725154984 0.6085806194501846 1 0 0 0.1332340505155994 0.991084601728433 0.2672628256184468
cell 16.487835122304453 51.26243900738624 0.0 1.0 1.0 1 0 0 0.0 1.0 0
cell 18.6811214738252 46.14422260776767 0.0 1.0 1.0 1 0 0 0.0 1.0 0
cell 54.01157259648003 26.8561236157796 0.0 1.0 1.0 1 0 0 0.0 1.0 0
cell 36.30169705340782 10.613699096043264 0.0 1.0 1.0 1 0 0 0.0 1.0 0
cell 4.322484916587861 25.23268344048947 0.0 1.0 1.0 1 0 0 0.0 1.0 0
cell 57.21185659068073 39.342343554440646 0.0 1.0 1.0 1 0 0 0.0 1.0 0
cell 10.633145129312169 47.90241207759137 0.0 1.0 1.0 1 0 0 0.0 1.0 0
cell 9.385196690108492 3.6470280982858343 0.0 1.6431676725154984 0.6085806194501846 1 0 0 -0.19989836156674645 -0.9798166384803487 0.4025083751936771
cell 27.09947487961591 35.24697166849598 0.0 1.6431676725154984 0.6085806194501846 1 0 0 0.7410032062557449 0.6715014879497334 1.6691262083347596
cell 33.38352643473348 43.658904194158694 0.0 1.0 1.0 1 0 0 0.0 1.0 0
cell 27.714598699364824 28.7644555975442 0.0 1.0 1.0 1 0 0 0.0 1.0 0
cell 6.431673657003232 5.9619774639391 0.0 1.6431676725154984 0.6085806194501846 1 0 0 0.06491400275836978 0.997890861891162 0.12991935765577417
cell 50.595398049079186 54.05979765751568 0.0 1.6431676725154984 0.6085806194501846 1 0 0 0.11185976873518146 -0.9937240019937688 6.058996570496624
cell 59.07405242939866 28.25754137513507 0.0 1.0 1.0 1 0 0 0.0 1.0 0
cell 13.046319176020397 34.84334949280586 0.0 1.0 1.0 1 0 0 0.0 1.0 0
cell 11.110249652606704 53.743632491783934 0.0 1.0 1.0 1 0 0 0.0 1.0 0
cell 49.01851651479176 8.800110183059347 0.0 1.0 1.0 1 0 0 0.0 1.0 0
cell 55.49824155821283 40.345232582257744 0.0 1.0 1.0 1 0 0 0.0 1.0 0
cell 26.723420328938058 26.55577723745154 0.0 1.6431676725154984 0.6085806194501846 1 0 0 0.871910553993797 0.4896651772734406 2.1181812513877234
cell 14.657853939147545 12.789225478585516 0.0 1.6431676725154984 0.6085806194501846 1 0 0 0.7334777180146437 0.6797134963909653 1.6468487453994427
cell 47.89761910218514 58.651251071914416 0.0 1.6431676725154984 0.6085806194501846 1 0 0 0.4198101889696749 -0.907611924358228 5.416712952009381
cell 53.99053610393922 17.634628394138993 0.0 1.0 1.0 1 0 0 0.0 1.0 0
cell 52.544251161001824 5.3691068917719695 0.0 1.6431676725154984 0.6085806194501846 1 0 0 0.43622278994573616 0.8998386952848595 0.9027934578648845
cell 7.214441527310734 39.78135002966599 0.0 1.0 1.0 1 0 0 0.0 1.0 0
cell 21.73380847311233 0.7513620203447849 0.0 1.0 1.0 1 0 0 0.0 1.0 0
cell 20.627095416976356 45.73653283826048 0.0 1.0 1.0 1 0 0 0.0 1.0 0
cell 21.019643657108386 58.67471804106943 0.0 1.0 1.0 1 0 0 0.0 1.0 0
cell 52.88821966471628 24.340635053054676 0.0 1.0 1.0 1 0 0 0.0 1.0 0
cell 57.55970427012844 47.1585488929227 0.0 1.0 1.0 1 0 0 0.0 1.0 0
cell 36.202899872488715 37.10990546886987 0.0 1.0 1.0 1 0 0 0.0 1.0 0
cell 30.91251172383721 25.188733663932084 0.0 1.0 1.0 1 0 0 0.0 1.0 0
cell 25.65776094510787 55.245156340557614 0.0 1.0 1.0 1 0 0 0.0 1.0 0
cell 9.726195809956463 57.30703292408729 0.0 1.0 1.0 1 0 0 0.0 1.0 0
cell 5.280979374321381 3.2311939225152098 0.0 1.6431676725154984 0.6085806194501846 1 0 0 0.21118748586706557 0.9774455717906486 0.42557937519751293
cell 28.742101534725467 42.811976516583734 0.0 1.6431676725154984 0.6085806194501846 1 0 0 0.4488552991254576 0.8936044541333688 0.9309678670145921
cell 19.845238521399796 47.1768874783038 0.0 1.0 1.0 1 0 0 0.0 1.0 0
cell 24.26578724460255 9.123120383372182 0.0 1.0 1.0 1 0 0 0.0 1.0 0
cell 30.166295733401896 2.8643123422429775 0.0 1.6431676725154984 0.6085806194501846 1 0 0 0.8167282598277358 0.5770224862158827 1.9114360233758432
cell 34.42686785695226 33.598250586335446 0.0 1.0 1.0 1 0 0 0.0 1.0 0
cell 10.710817636430004 39.60088332196966 0.0 1.0 1.0 1 0 0 0.0 1.0 0
cell 12.16161581763083 47.261980764900095 0.0 1.0 1.0 1 0 0 0.0 1.0 0
cell 30.74726117231798 4.535608403623994 0.0 1.6431676725154984 0.6085806194501846 1 0 0 0.7435150629671065 0.668719187059127 1.6766230446904438
cell 14.858389357921592 57.92886392389753 0.0 1.6431676725154984 0.6085806194501846 1 0 0 0.5955231477423549 -0.8033381482931315 5.007351889207723
cell 0.9364260698653609 19.247406388576767 0.0 1.0 1.0 1 0 0 0.0 1.0 0
cell 39.99904734659364 0.8280403947648706 0.0 1.0 1.0 1 0 0 0.0 1.0 0
cell 27.66844784268261 5.443454227073114 0.0 1.6431676725154984 0.6085806194501846 1 0 0 0.505964150689496 0.8625545073889864 1.0609987691419889
cell 56.24154779863639 58.828394410448986 0.0 1.6431676725154984 0.6085806194501846 1 0 0 0.8958558424127637 0.4443448093709631 2.220707111868444
cell 12.27334521736586 49.93571148428999 0.0 1.0 1.0 1 0 0 0.0 1.0 0
cell 31.31122896284626 35.34627812329046 0.0 1.0 1.0 1 0 0 0.0 1.0 0
cell 31.9543733811842 45.33725045780396 0.0 1.6431676725154984 0.6085806194501846 1 0 0 0.7731206395432428 0.6342589981326612 1.7674932794032299
cell 0.9523729382281786 27.29448933530325 0.0 1.0 1.0 1 0 0 0.0 1.0 0
cell 50.586488458578785 28.87488192644465 0.0 1.0 1.0 1 0 0 0.0 1.0 0
cell 17.10288416660769 14.395524695742713 0.0 1.6431676725154984 0.6085806194501846 1 0 0 0.4813645581877547 -0.8765204858534156 5.278763631278048
cell 50.974405409876155 42.22927755776439 0.0 1.6431676725154984 0.6085806194501846 1 0 0 0.7562306524184969 -0.6543051278590858 4.568119437785333
cell 57.44353099981291 7.0838624238586085 0.0 1.6431676725154984 0.6085806194501846 1 0 0 0.45286480802429036 -0.8915791976336833 5.343233485706484
cell 7.107136356781958 50.74769272505574 0.0 1.6431676725154984 0.6085806194501846 1 0 0 0.8890031929065706 -0.4579009969435781 4.0928580217239965
cell 33.73528385644856 4.262779896838399 0.0 1.0 1.0 1 0 0 0.0 1.0 0
cell 27.741358799740865 32.1791469950102 0.0 1.0 1.0 1 0 0 0.0 1.0 0
cell 56.89433803632396 5.722355252302453 0.0 1.6431676725154984 0.6085806194501846 1 0 0 -0.2804144686172712 0.9598790162255311 5.714733558077237
cell 7.807723233345486 23.23993723710866 0.0 1.0 1.0 1 0 0 0.0 1.0 0
cell 27.46914363220663 3.6480801743659668 0.0 1.6431676725154984 0.6085806194501846 1 0 0 0.5230617985214172 0.8522947582424406 1.100878848776662
cell 32.526803332339036 46.806067263189966 0.0 1.6431676725154984 0.6085806194501846 1 0 0 0.792475831431279 0.6099033174178536 1.8297154845361192
cell 55.68611115614099 38.31223798046262 0.0 1.0 1.0 1 0 0 0.0 1.0 0
cell 22.136283297522535 36.85256341866673 0.0 1.0 1.0 1 0 0 0.0 1.0 0
cell 1.240461313507788 46.81391061918326 0.0 1.6431676725154984 0.6085806194501846 1 0 0 0.3176035057422151 -0.9482236092506107 5.636783182044653
cell 14.602831627497109 54.644279326385885 0.0 1.0 1.0 1 0 0 0.0 1.0 0
cell 51.579335931711064 9.203883355283024 0.0 1.6431676725154984 0.6085806194501846 1 0 0 0.9785017866847119 -0.2062383413791591 3.5570508281235127
cell 7.3556463930685965 20.83017529040284 0.0 1.6431676725154984 0.6085806194501846 1 0 0 0.7012569714409745 0.712908591619874 1.5543182610884942
cell 53.119932441895045 54.32112003911974 0.0 1.6431676725154984 0.6085806194501846 1 0 0 0.12790872830196603 -0.9917859432479238 6.026665108050217
cell 16.598216513129138 40.47953561690597 0.0 1.0 1.0 1 0 0 0.0 1.0 0
cell 27.54857953037999 19.921655989462213 0.0 1.0 1.0 1 0 0 0.0 1.0 0
cell 9.208858533162065 53.12729550818713 0.0 1.0 1.0 1 0 0 0.0 1.0 0
cell 44.16816719663642 6.357354343893574 0.0 1.0 1.0 1 0 0 0.0 1.0 0
cell 41.268342535557 35.96813933671404 0.0 1.0 1.0 1 0 0 0.0 1.0 0
cell 52.268554712570975 44.429065359333414 0.0 1.0 1.0 1 0 0 0.0 1.0 0
cell 41.49936122307492 41.3289091538942 0.0 1.0 1.0 1 0 0 0.0 1.0 0
cell 50.628111990394466 24.72716524304363 0.0 1.0 1.0 1 0 0 0.0 1.0 0
cell 51.48976696462318 22.882667209250723 0.0 1.0 1.0 1 0 0 0.0 1.0 0
cell 31.94739228638393 13.883931668779983 0.0 1.6431676725154984 0.6085806194501846 1 0 0 0.7298346050803332 0.6836237629187814 1.6361599617164506
cell 46.3101598358296 20.11890018586313 0.0 1.0 1.0 1 0 0 0.0 1.0 0
cell 4.302650483335798 23.268245205782684 0.0 1.0 1.0 1 0 0 0.0 1.0 0
cell 28.255581548282528 27.13081154421888 0.0 1.0 1.0 1 0 0 0.0 1.0 0
cell 51.75466412298535 6.311508412020151 0.0 1.6431676725154984 0.6085806194501846 1 0 0 0.42509812704673755 0.9051472711008721 0.8781405857692789
cell 26.780418731755006 54.56039242134667 0.0 1.0 1.0 1 0 0 0.0 1.0 0
cell 4.334635045803778 48.84578562190941 0.0 1.6431676725154984 0.6085806194501846 1 0 0 0.8926222866232476 -0.45080533872557993 4.076927354401964
cell 35.90615186351315 54.88385846225609 0.0 1.0 1.0 1 0 0 0.0 1.0 0
cell 46.67763410399941 21.942141926785318 0.0 1.6431676725154984 0.6085806194501846 1 0 0 0.38300836919407283 -0.923744872314481 5.497083674343687
cell 15.881315263427812 9.8259840327977 0.0 1.0 1.0 1 0 0 0.0 1.0 0
cell 21.786826411201304 6.11702781538733 0.0 1.0 1.0 1 0 0 0.0 1.0 0
cell 39.89431983804843 22.822366189387964 0.0 1.0 1.0 1 0 0 0.0 1.0 0
cell 1.3070461521813266 48.44720060691897 0.0 1.6431676725154984 0.6085806194501846 1 0 0 0.4418243872452757 -0.8971015610483223 5.36792269985842
cell 32.576275612184375 30.250490694317442 0.0 1.0 1.0 1 0 0 0.0 1.0 0
cell 9.419124662336793 7.4795528437959975 0.0 1.6431676725154984 0.6085806194501846 1 0 0 0.3291545830856197 -0.9442760509690649 5.612369050516953
cell 41.918081319747785 7.163700571709377 0.0 1.0 1.0 1 0 0 0.0 1.0 0
cell 11.25775044074399 29.73369913211194 0.0 1.6431676725154984 0.6085806194501846 1 0 0 0.5423578349747277 0.8401475934867195 1.1464820574281398
cell 16.663169868373917 3.5863273967219755 0.0 1.6431676725154984 0.6085806194501846 1 0 0 0.29572602345117227 -0.955272798238156 5.682754414709006
cell 7.632377733401866 35.46509795937731 0.0 1.0 1.0 1 0 0 0.0 1.0 0
cell 34.14725641584428 0.7097853817007604 0.0 1.0 1.0 1 0 0 0.0 1.0 0
cell 47.42017302646395 25.303512385623787 0.0 1.6431676725154984 0.6085806194501846 1 0 0 0.9073365149926224 0.4204051005411837 2.2738091613375553
cell 8.834168245410968 44.841398970037005 0.0 1.0 1.0 1 0 0 0.0 1.0 0
cell 32.028211413711496 20.27087084283217 0.0 1.6431676725154984 0.6085806194501846 1 0 0 -0.6020788970813864 -0.7984365984154667 1.2922045406847475
cell 58.36005912587054 14.529218405151141 0.0 1.0 1.0 1 0 0 0.0 1.0 0
cell 18.183275091593654 34.14473621322888 0.0 1.0 1.0 1 0 0 0.0 1.0 0
cell 25.22074680091654 50.915470383660114 0.0 1.6431676725154984 0.6085806194501846 1 0 0 0.5633402555922117 0.826225003512543 1.1968460920696775
cell 46.57497100743442 17.757609871223778 0.0 1.0 1.0 1 0 0 0.0 1.0 0
cell 36.156478234196726 53.0345194468237 0.0 1.0 1.0 1 0 0 0.0 1.0 0
cell 31.89821635302601 58.087610433854124 0.0 1.0 1.0 1 0 0 0.0 1.0 0
cell 6.697838128720832 44.729257805202835 0.0 1.0 1.0 1 0 0 0.0 1.0 0
cell 27.47368279725281 50.67127973168249 0.0 1.0 1.0 1 0 0 0.0 1.0 0
cell 21.042914095477713 33.28923506590069 0.0 1.0 1.0 1 0 0 0.0 1.0 0
cell 39.30336117254447 35.68609904267489 0.0 1.0 1.0 1 0 0 0.0 1.0 0
cell 46.1566821973593 47.31936705810506 0.0 1.0 1.0 1 0 0 0.0 1.0 0
cell 17.926627806976498 39.43042926396855 0.0 1.0 1.0 1 0 0 0.0 1.0 0
cell 30.618307348852053 14.539438779210084 0.0 1.6431676725154984 0.6085806194501846 1 0 0 0.377282840890824 0.9260980822619973 0.7737211007353965
cell 26.653000331592096 45.60691603971304 0.0 1.0 1.0 1 0 0 0.0 1.0 0
cell 46.706296749316216 34.88804158654609 0.0 1.0 1.0 1 0 0 0.0 1.0 0
cell 37.0711839360686 12.771058973878393 0.0 1.0 1.0 1 0 0 0.0 1.0 0
cell 31.213531968381456 22.18774535216045 0.0 1.0 1.0 1 0 0 0.0 1.0 0
cell 32.53339955942141 40.14468917026186 0.0 1.0 1.0 1 0 0 0.0 1.0 0
cell 48.99909780673725 25.882034304784177 0.0 1.0 1.0 1 0 0 0.0 1.0 0
cell 49.01791473533112 29.94753365493837 0.0 1.0 1.0 1 0 0 0.0 1.0 0
cell 35.64948888590417 47.676961495411206 0.0 1.0 1.0 1 0 0 0.0 1.0 0
cell 31.24426232462893 6.4641876308274675 0.0 1.6431676725154984 0.6085806194501846 1 0 0 0.7918766744051948 0.6106810399324422 1.827751975912232
cell 33.13267787429836 16.612152230970278 0.0 1.6431676725154984 0.6085806194501846 1 0 0 0.361245508610117 0.9324707408326643 0.7392065128065439
cell 9.017223225235961 40.604520492896484 0.0 1.0 1.0 1 0 0 0.0 1.0 0
cell 50.75973960240918 7.573839232775021 0.0 1.0 1.0 1 0 0 0.0 1.0 0
cell 47.96005416318385 12.396894653563393 0.0 1.0 1.0 1 0 0 0.0 1.0 0
cell 29.04651071424741 44.55470593475773 0.0 1.6431676725154984 0.6085806194501846 1 0 0 0.4558487817924393 0.8900572386865628 0.9466512151702353
cell 17.47942937753469 44.850694540719864 0.0 1.0 1.0 1 0 0 0.0 1.0 0
cell 34.481008373967335 53.6403111321048 0.0 1.0 1.0 1 0 0 0.0 1.0 0
cell 44.13983186159208 53.36460724974785 0.0 1.0 1.0 1 0 0 0.0 1.0 0
cell 4.301611385731044 31.3057378556935 0.0 1.0 1.0 1 0 0 0.0 1.0 0
cell 7.865297545573821 25.232625698404405 0.0 1.0 1.0 1 0 0 0.0 1.0 0
cell 42.71062370302881 24.972257069184103 0.0 1.0 1.0 1 0 0 0.0 1.0 0
cell 53.97291935852987 43.460123508032225 0.0 1.0 1.0 1 0 0 0.0 1.0 0
cell 14.642136470272723 29.94610857781301 0.0 1.0 1.0 1 0 0 0.0 1.0 0
cell 50.15945397781776 47.82467024862278 0.0 1.0 1.0 1 0 0 0.0 1.0 0
cell 10.496994074357197 41.58816266590408 0.0 1.0 1.0 1 0 0 0.0 1.0 0
cell 16.485681480305317 23.95223730763831 0.0 1.0 1.0 1 0 0 0.0 1.0 0
cell 37.85698608118494 11.249433015270384 0.0 1.0 1.0 1 0 0 0.0 1.0 0
cell 10.553468944987458 45.92361316056953 0.0 1.0 1.0 1 0 0 0.0 1.0 0
cell 3.2860316528208156 46.74746021879818 0.0 1.0 1.0 1 0 0 0.0 1.0 0
cell 30.343031744243596 46.89226144064361 0.0 1.6431676725154984 0.6085806194501846 1 0 0 0.5909406713364058 0.806715019669572 1.2644487901260046
cell 59.02206433240504 32.22652560052601 0.0 1.0 1.0 1 0 0 0.0 1.0 0
cell 51.17885498338748 46.13481214062277 0.0 1.0 1.0 1 0 0 0.0 1.0 0
cell 52.401209407411926 21.12471747694568 0.0 1.0 1.0 1 0 0 0.0 1.0 0
cell 12.619957733926402 55.03023883062886 0.0 1.0 1.0 1 0 0 0.0 1.0 0
cell 33.86693477447824 26.61991542938181 0.0 1.0 1.0 1 0 0 0.0 1.0 0
cell 49.872080164624435 39.350857322870624 0.0 1.0 1.0 1 0 0 0.0 1.0 0
cell 44.50452278597059 28.322855468162924 0.0 1.0 1.0 1 0 0 0.0 1.0 0
cell 26.459940953268003 51.15338869643612 0.0 1.6431676725154984 0.6085806194501846 1 0 0 0.47762195334832214 0.8785654612376549 0.9958919530745343
cell 2.3476862746996106 56.871674678550825 0.0 1.6431676725154984 0.6085806194501846 1 0 0 0.9925261692793553 -0.12203197652930362 3.386266461108152
cell 48.228312625124 42.00942925475215 0.0 1.0 1.0 1 0 0 0.0 1.0 0
cell 46.81734780533026 42.85262491745135 0.0 1.0 1.0 1 0 0 0.0 1.0 0
cell 40.84016571539845 17.084067742228633 0.0 1.0 1.0 1 0 0 0.0 1.0 0
cell 40.64145062562137 39.44043112540427 0.0 1.0 1.0 1 0 0 0.0 1.0 0
cell 16.023588694871904 43.81791952693863 0.0 1.0 1.0 1 0 0 0.0 1.0 0
cell 36.35332568029219 20.876977019308914 0.0 1.6431676725154984 0.6085806194501846 1 0 0 0.037328270697056194 -0.9993030572387774 6.20851141717028
cell 46.29877414182686 32.6834352194672 0.0 1.0 1.0 1 0 0 0.0 1.0 0
cell 49.62647607190388 5.580864158584721 0.0 1.6431676725154984 0.6085806194501846 1 0 0 -0.3154201071193453 -0.9489521357923278 0.6417986556575128
cell 13.89807190889576 28.19596051961251 0.0 1.0 1.0 1 0 0 0.0 1.0 0
cell 24.66925336211809 14.150230937560892 0.0 1.0 1.0 1 0 0 0.0 1.0 0
cell 32.8535081522639 48.81243021896112 0.0 1.6431676725154984 0.6085806194501846 1 0 0 0.7720927342254694 0.6355098817140757 1.7642551937655975
cell 46.5283611898397 38.90709943833101 0.0 1.0 1.0 1 0 0 0.0 1.0 0
cell 28.11906185069245 53.880838608249846 0.0 1.6431676725154984 0.6085806194501846 1 0 0 0.6008111313508373 0.7993910084839126 1.2890308179150523
cell 0.7073758653103402 4.745551858796239 0.0 1.6431676725154984 0.6085806194501846 1 0 0 0.7799679184806466 -0.6258194996490342 4.493956202415916
cell 14.170265459749817 56.25001588631671 0.0 1.0 1.0 1 0 0 0.0 1.0 0
cell 35.38248217291799 43.89527029178938 0.0 1.0 1.0 1 0 0 0.0 1.0 0
cell 57.27131774943928 37.18381520422917 0.0 1.0 1.0 1 0 0 0.0 1.0 0
cell 18.73118047982927 1.6742998579072554 0.0 1.0 1.0 1 0 0 0.0 1.0 0
cell 43.13006317611909 22.618169494222776 0.0 1.6431676725154984 0.6085806194501846 1 0 0 0.44560124746516655 -0.8952315500793565 5.359493787607296
cell 25.099782139023006 28.175707016988383 0.0 1.6431676725154984 0.6085806194501846 1 0 0 0.6720866451992663 0.7404725122141912 1.4740463758925926
cell 18.445747556308522 54.80448407790026 0.0 1.0 1.0 1 0 0 0.0 1.0 0
cell 28.04845365472348 59.744595235505834 0.0 1.6431676725154984 0.6085806194501846 1 0 0 0.6236575571651419 0.781697672627217 1.346826022443849
cell 28.780126776645837 30.47799107016449 0.0 1.0 1.0 1 0 0 0.0 1.0 0
cell 37.96309012992599 25.716796063985196 0.0 1.0 1.0 1 0 0 0.0 1.0 0
cell 38.86103758059449 17.24946483266879 0.0 1.6431676725154984 0.6085806194501846 1 0 0 0.2924799240255244 0.9562716633059998 0.5936382776595436
cell 53.21743532306978 15.7565710053031 0.0 1.0 1.0 1 0 0 0.0 1.0 0
cell 27.06914356041893 40.50972734110286 0.0 1.6431676725154984 0.6085806194501846 1 0 0 0.4992293779117846 0.8664698657367217 1.0454183323994104
cell 45.70927802037236 30.314835619149367 0.0 1.0 1.0 1 0 0 0.0 1.0 0
cell 23.47893416751065 10.875935698406396 0.0 1.0 1.0 1 0 0 0.0 1.0 0
cell 38.87014354234401 21.649292947725122 0.0 1.6431676725154984 0.6085806194501846 1 0 0 -0.05523301175376783 -0.9984734920931092 0.11052226693755962
cell 41.17381539910498 47.972814373365225 0.0 1.0 1.0 1 0 0 0.0 1.0 0
cell 42.96023290498736 20.307293839830976 0.0 1.6431676725154984 0.6085806194501846 1 0 0 -0.3093855024991321 0.9509367018068866 5.654091782910513
cell 53.95634353031345 45.43046180607792 0.0 1.0 1.0 1 0 0 0.0 1.0 0
cell 54.01067282795326 28.89515384592858 0.0 1.0 1.0 1 0 0 0.0 1.0 0
cell 39.69915062233129 16.211032801537616 0.0 1.0 1.0 1 0 0 0.0 1.0 0
cell 25.112835826291047 48.358420385009694 0.0 1.0 1.0 1 0 0 0.0 1.0 0
cell 32.10424941309894 3.9468036421561195 0.0 1.0 1.0 1 0 0 0.0 1.0 0
cell 52.025926102425856 17.199721967485555 0.0 1.0 1.0 1 0 0 0.0 1.0 0
cell 1.2169868443820933 17.305669504670973 0.0 1.0 1.0 1 0 0 0.0 1.0 0
cell 59.0670366191747 42.2446486409062 0.0 1.0 1.0 1 0 0 0.0 1.0 0
cell 54.434767776075276 34.781760813390186 0.0 1.0 1.0 1 0 0 0.0 1.0 0
cell 12.721720869051008 29.78794445236368 0.0 1.0 1.0 1 0 0 0.0 1.0 0
cell 44.412975164267635 43.643995056422305 0.0 1.0 1.0 1 0 0 0.0 1.0 0
cell 41.835842578762154 18.30235895544188 0.0 1.0 1.0 1 0 0 0.0 1.0 0
cell 35.176724358238666 58.6806593422778 0.0 1.0 1.0 1 0 0 0.0 1.0 0
cell 43.24033908033917 9.13715822278631 0.0 1.6431676725154984 0.6085806194501846 1 0 0 0.9906803978008909 0.13620700941239644 2.8683292039471664
cell 30.68890426751982 10.947196258998916 0.0 1.6431676725154984 0.6085806194501846 1 0 0 0.7673446413885021 0.6412349033952777 1.7493796414910552
cell 4.862969947466727 45.50241526136448 0.0 1.0 1.0 1 0 0 0.0 1.0 0
cell 18.18848966224943 51.720025661012386 0.0 1.6431676725154984 0.6085806194501846 1 0 0 0.30732384609469027 -0.951604988228607 5.658426312047544
cell 39.05264002696759 57.30366474428397 0.0 1.0 1.0 1 0 0 0.0 1.0 0
cell 39.45031428800699 32.05713380635935 0.0 1.0 1.0 1 0 0 0.0 1.0 0
cell 19.2428526396335 26.47985733885063 0.0 1.0 1.0 1 0 0 0.0 1.0 0
cell 57.376283592963716 43.322258742076976 0.0 1.0 1.0 1 0 0 0.0 1.0 0
cell 32.25701636133037 56.23406340464972 0.0 1.0 1.0 1 0 0 0.0 1.0 0
cell 24.401594056642374 57.957771860297576 0.0 1.0 1.0 1 0 0 0.0 1.0 0
cell 57.514692641462695 25.450164628932303 0.0 1.0 1.0 1 0 0 0.0 1.0 0
cell 17.532237623537934 27.537877901849782 0.0 1.0 1.0 1 0 0 0.0 1.0 0
cell 44.69615652985509 51.7638782244631 0.0 1.0 1.0 1 0 0 0.0 1.0 0
cell 36.1567244420648 16.340542714538923 0.0 1.6431676725154984 0.6085806194501846 1 0 0 0.21921141314346426 0.9756773833330592 0.44201230301464667
cell 49.83533589522117 21.776489940256603 0.0 1.0 1.0 1 0 0 0.0 1.0 0
cell 2.536688770450905 20.35169653214193 0.0 1.0 1.0 1 0 0 0.0 1.0 0
cell 9.92584856854975 32.52110438088554 0.0 1.0 1.0 1 0 0 0.0 1.0 0
cell 1.8607600173441254 50.52666666547848 0.0 1.6431676725154984 0.6085806194501846 1 0 0 0.7055213132432965 -0.7086887021531063 4.716868348483142
cell 38.484285155485956 9.791622625058572 0.0 1.0 1.0 1 0 0 0.0 1.0 0
cell 14.977677595750032 7.447261994681618 0.0 1.6431676725154984 0.6085806194501846 1 0 0 0.3183823892383989 -0.9479623696238415 5.635140129177359
cell 51.31270515776051 34.75316316557682 0.0 1.0 1.0 1 0 0 0.0 1.0 0
cell 35.52143020657623 28.56606155542735 0.0 1.0 1.0 1 0 0 0.0 1.0 0
cell 12.843277187164722 9.67008021414375 0.0 1.6431676725154984 0.6085806194501846 1 0 0 0.4773769378263442 -0.8786986168371625 5.287851074537507
cell 53.477399440369076 22.50811341235909 0.0 1.0 1.0 1 0 0 0.0 1.0 0
cell 19.902685106695966 18.49902459496519 0.0 1.6431676725154984 0.6085806194501846 1 0 0 0.9966822302439786 -0.08139122751186927 3.304555372768243
cell 59.08510996855928 26.261886514627864 0.0 1.0 1.0 1 0 0 0.0 1.0 0
cell 34.71014177314359 12.51699728797669 0.0 1.6431676725154984 0.6085806194501846 1 0 0 0.4729588221186475 0.881084532028648 0.9852918443445549
cell 47.55264746579443 16.419158661337594 0.0 1.6431676725154984 0.6085806194501846 1 0 0 0.9853599778152896 -0.1704866977797739 3.4842398075008294
cell 18.342769608863968 24.775579019448934 0.0 1.0 1.0 1 0 0 0.0 1.0 0
cell 31.2580285726561 38.6752838697095 0.0 1.0 1.0 1 0 0 0.0 1.0 0
cell 34.726019414286995 51.67356962238925 0.0 1.0 1.0 1 0 0 0.0 1.0 0
cell 17.297204420664297 8.469391141577127 0.0 1.0 1.0 1 0 0 0.0 1.0 0
cell 35.49884625480489 17.03193245257392 0.0 1.6431676725154984 0.6085806194501846 1 0 0 0.1976001000447452 0.9802827145585639 0.3978182854485534
cell 29.832139291099924 52.8540345185943 0.0 1.6431676725154984 0.6085806194501846 1 0 0 0.7616176174408551 0.6480267006873369 1.7316113739462948
cell 38.15368637411987 23.837545573872937 0.0 1.0 1.0 1 0 0 0.0 1.0 0
cell 29.580356214027884 28.674331016849703 0.0 1.0 1.0 1 0 0 0.0 1.0 0
cell 49.73643122687161 41.079462367829414 0.0 1.0 1.0 1 0 0 0.0 1.0 0
cell 55.16998586284308 12.547600184675536 0.0 1.0 1.0 1 0 0 0.0 1.0 0
cell 5.742952761622238 30.22309535643795 0.0 1.0 1.0 1 0 0 0.0 1.0 0
cell 29.637246108811393 32.08984472895945 0.0 1.0 1.0 1 0 0 0.0 1.0 0
cell 57.10443724234231 12.081247472746401 0.0 1.6431676725154984 0.6085806194501846 1 0 0 0.9212099413051427 0.38906586080068184 2.342357973167738
cell 28.46499889649726 7.819434578343903 0.0 1.6431676725154984 0.6085806194501846 1 0 0 0.5353038990208093 0.844659538330752 1.1297349898155453
cell 38.25844067545421 45.915295635045524 0.0 1.0 1.0 1 0 0 0.0 1.0 0
cell 36.68559469763881 49.186695979842625 0.0 1.0 1.0 1 0 0 0.0 1.0 0
cell 15.432651156248875 37.072199070612506 0.0 1.0 1.0 1 0 0 0.0 1.0 0
cell 38.31417943845559 18.986436658446088 0.0 1.6431676725154984 0.6085806194501846 1 0 0 0.23069178358972395 0.9730268757769192 0.46557716685291545
cell 2.5180976044285677 42.09663541981242 0.0 1.0 1.0 1 0 0 0.0 1.0 0
cell 27.729998756681034 37.00589436852427 0.0 1.6431676725154984 0.6085806194501846 1 0 0 0.7811791774050266 0.624306889909767 1.7931047402368823
cell 23.341255841039068 6.448158402525759 0.0 1.0 1.0 1 0 0 0.0 1.0 0
cell 34.05075637714177 55.501982074263864 0.0 1.0 1.0 1 0 0 0.0 1.0 0
cell 47.184014629979615 45.90429133840086 0.0 1.0 1.0 1 0 0 0.0 1.0 0
cell 26.871084257115907 57.53383222800498 0.0 1.6431676725154984 0.6085806194501846 1 0 0 0.6496801771234908 0.7602076475889924 1.4143273128537652
cell 19.576154780058143 55.95730059890355 0.0 1.0 1.0 1 0 0 0.0 1.0 0
cell 44.9282872580051 17.31932242696027 0.0 1.0 1.0 1 0 0 0.0 1.0 0
cell 12.859538732998038 1.6790153870816291 0.0 1.6431676725154984 0.6085806194501846 1 0 0 0.13614800847162176 0.9906885079525306 0.2731443381726004
cell 39.92849092548215 11.158611621924319 0.0 1.0 1.0 1 0 0 0.0 1.0 0
cell 20.997927896722615 27.38875612705392 0.0 1.0 1.0 1 0 0 0.0 1.0 0
cell 26.11467319678693 9.573493154959342 0.0 1.0 1.0 1 0 0 0.0 1.0 0
cell 57.31051813218177 18.919031542577134 0.0 1.0 1.0 1 0 0 0.0 1.0 0
cell 14.844707433391696 35.433283413574586 0.0 1.0 1.0 1 0 0 0.0 1.0 0
cell 55.321733863956986 10.976137043409175 0.0 1.6431676725154984 0.6085806194501846 1 0 0 0.0353110585009015 0.9993763701166573 0.07063680135243731
cell 54.346177713601236 37.3049639985166 0.0 1.6431676725154984 0.6085806194501846 1 0 0 -0.7268773108373637 0.6867673368687846 4.655657303603553
cell 29.197719190336063 47.40948585063601 0.0 1.6431676725154984 0.6085806194501846 1 0 0 0.37171212276493815 0.9283480477652676 0.7617052189489059
