1000
 Lattice="59.08179503018386 0.0 0.0 0.0 59.08179503018386 0.0 0.0 0.0 1.0"Properties=species:S:1:pos:R:3:aspherical_shape:R:3:orientation:R:4:Color:R:1
cell 51.105084970426255 28.865962609115446 0.0 1.6431676725154984 0.6085806194501846 1 0 0 -0.3026632484250638 0.9530975595671138 5.668213852624173
cell 39.607715326446865 24.60379191253792 0.0 1.0 1.0 1 0 0 0.0 1.0 0
cell 39.826768812978514 44.41400618047048 0.0 1.0 1.0 1 0 0 0.0 1.0 0
cell 20.549108289056026 15.92468878668692 0.0 1.0 1.0 1 0 0 0.0 1.0 0
cell 58.755797835376235 57.83036459918482 0.0 1.0 1.0 1 0 0 0.0 1.0 0
cell 52.133063819705114 13.40005611611588 0.0 1.0 1.0 1 0 0 0.0 1.0 0
cell 55.664010566182284 33.12201888992602 0.0 1.6431676725154984 0.6085806194501846 1 0 0 0.8766588900413881 0.48111245100433786 2.137746177659565
cell 50.42294626689535 25.135790848229778 0.0 1.6431676725154984 0.6085806194501846 1 0 0 -0.19040772862873223 0.9817050966957679 5.900030393555727
cell 1.7314381703159316 42.77224855555316 0.0 1.0 1.0 1 0 0 0.0 1.0 0
cell 54.580468048597325 18.147135643099368 0.0 1.0 1.0 1 0 0 0.0 1.0 0
cell 28.948344536054474 2.5672246180184035 0.0 1.0 1.0 1 0 0 0.0 1.0 0
cell 56.26234217765319 20.96336371957034 0.0 1.6431676725154984 0.6085806194501846 1 0 0 -0.19319731053948117 0.9811599253945869 5.894345682684074
cell 34.942668078498855 52.23127988830708 0.0 1.0 1.0 1 0 0 0.0 1.0 0
cell 23.710462473077193 54.11651898202373 0.0 1.0 1.0 1 0 0 0.0 1.0 0
cell 9.123029918168426 42.355373491427464 0.0 1.0 1.0 1 0 0 0.0 1.0 0
cell 47.598241986617325 7.580035062725853 0.0 1.6431676725154984 0.6085806194501846 1 0 0 0.9600603072577578 -0.2797931493588427 3.7087499467077483
cell 57.67483223050198 22.184062347985993 0.0 1.6431676725154984 0.6085806194501846 1 0 0 0.07181866288214993 0.9974177057090075 0.14376109156238875
cell 43.70431333491847 39.14493841964382 0.0 1.0 1.0 1 0 0 0.0 1.0 0
cell 22.337284349116317 12.009525009442104 0.0 1.0 1.0 1 0 0 0.0 1.0 0
cell 15.114494018845352 41.16161692428207 0.0 1.0 1.0 1 0 0 0.0 1.0 0
cell 56.01038230176029 11.990448823255644 0.0 1.0 1.0 1 0 0 0.0 1.0 0
cell 0.00022781016237871654 8.605891522129603 0.0 1.6431676725154984 0.6085806194501846 1 0 0 0.0845650552322188 0.9964179602122655 0.1693323438523341
cell 10.046396031294623 27.202646304167732 0.0 1.0 1.0 1 0 0 0.0 1.0 0
cell 55.22722407472068 40.25210893190004 0.0 1.6431676725154984 0.6085806194501846 1 0 0 0.8649565582931283 0.5018467418103918 2.090127603019585
cell 9.979607059319388 35.10101917187239 0.0 1.6431676725154984 0.6085806194501846 1 0 0 0.9897701952469835 -0.14267081201404874 3.4279112729453796
cell 24.816440835426327 29.578452462579968 0.0 1.0 1.0 1 0 0 0.0 1.0 0
cell 21.051163984232556 28.4060054719567 0.0 1.0 1.0 1 0 0 0.0 1.0 0
cell 45.83289655174863 1.6626774765172128 0.0 1.0 1.0 1 0 0 0.0 1.0 0
cell 51.797378666634366 31.62713051600323 0.0 1.0 1.0 1 0 0 0.0 1.0 0
cell 44.62652182115486 14.953038433066691 0.0 1.0 1.0 1 0 0 0.0 1.0 0
cell 51.5450542085137 44.60286790365833 0.0 1.0 1.0 1 0 0 0.0 1.0 0
cell 25.694044385742895 54.1207304122404 0.0 1.0 1.0 1 0 0 0.0 1.0 0
cell 0.16305303480053163 34.8836779525182 0.0 1.0 1.0 1 0 0 0.0 1.0 0
cell 7.069333372289688 28.88385752243134 0.0 1.6431676725154984 0.6085806194501846 1 0 0 -0.09953029302751322 -0.9950345324509383 0.19939071814569953
cell 52.288489811243096 15.353305280689364 0.0 1.0 1.0 1 0 0 0.0 1.0 0
cell 2.250041049488327 53.65513840484377 0.0 1.0 1.0 1 0 0 0.0 1.0 0
cell 30.256819842793963 22.218812286167704 0.0 1.0 1.0 1 0 0 0.0 1.0 0
cell 13.384986772514003 41.83159493670605 0.0 1.0 1.0 1 0 0 0.0 1.0 0
cell 12.721544633710797 45.12292008706597 0.0 1.6431676725154984 0.6085806194501846 1 0 0 0.22151847762959315 -0.9751561741939941 5.8364425884886035
cell 1.2480013996945658 48.835387534241846 0.0 1.0 1.0 1 0 0 0.0 1.0 0
cell 55.48452173855677 46.98528991540423 0.0 1.0 1.0 1 0 0 0.0 1.0 0
cell 6.133219909225544 32.27620002695251 0.0 1.6431676725154984 0.6085806194501846 1 0 0 0.9990826463529536 0.04282365883923328 3.0559191366710765
cell 51.00952904639447 50.072162947033135 0.0 1.0 1.0 1 0 0 0.0 1.0 0
cell 51.56217818048679 4.43889552219405 0.0 1.0 1.0 1 0 0 0.0 1.0 0
cell 33.77816095437688 8.410847253297556 0.0 1.0 1.0 1 0 0 0.0 1.0 0
cell 58.31833702567557 31.20978563872752 0.0 1.6431676725154984 0.6085806194501846 1 0 0 0.9537542387692834 0.30058751143323426 2.5309754675176235
cell 24.77062667094375 27.101732193613966 0.0 1.0 1.0 1 0 0 0.0 1.0 0
cell 0.007434580346931341 56.06043709157875 0.0 1.0 1.0 1 0 0 0.0 1.0 0
cell 32.963387790175766 19.168224092201317 0.0 1.6431676725154984 0.6085806194501846 1 0 0 0.6457144800745765 -0.7635789482574931 4.879268082211719
cell 16.896609555712853 36.66116919012077 0.0 1.0 1.0 1 0 0 0.0 1.0 0
cell 23.549572708849315 34.305587128222655 0.0 1.0 1.0 1 0 0 0.0 1.0 0
cell 49.068313012600846 46.79722769765925 0.0 1.0 1.0 1 0 0 0.0 1.0 0
cell 52.804016023151846 19.14808609876164 0.0 1.0 1.0 1 0 0 0.0 1.0 0
cell 58.787956082590675 13.892862363820722 0.0 1.0 1.0 1 0 0 0.0 1.0 0
cell 22.359580774269386 39.22417577643637 0.0 1.0 1.0 1 0 0 0.0 1.0 0
cell 9.783765821492487 7.18386413376216 0.0 1.0 1.0 1 0 0 0.0 1.0 0
cell 51.12489842836904 20.182048306980533 0.0 1.0 1.0 1 0 0 0.0 1.0 0
cell 6.381255521487633 40.05775142420735 0.0 1.0 1.0 1 0 0 0.0 1.0 0
cell 30.838106556857838 2.4310111051189867 0.0 1.0 1.0 1 0 0 0.0 1.0 0
cell 55.6249025962139 14.05511241464811 0.0 1.6431676725154984 0.6085806194501846 1 0 0 0.8040039252315399 -0.5946239889310525 4.415188442789736
cell 47.647144597901075 0.8821337218248688 0.0 1.0 1.0 1 0 0 0.0 1.0 0
cell 18.687258862263338 34.27355927338292 0.0 1.0 1.0 1 0 0 0.0 1.0 0
cell 56.175277021705064 51.846916825430526 0.0 1.0 1.0 1 0 0 0.0 1.0 0
cell 15.188087510092325 39.30385921494461 0.0 1.0 1.0 1 0 0 0.0 1.0 0
cell 51.63534654885291 41.530922086787534 0.0 1.0 1.0 1 0 0 0.0 1.0 0
cell 18.756035274330458 55.36418917393984 0.0 1.0 1.0 1 0 0 0.0 1.0 0
cell 10.973714861037386 53.83520103289062 0.0 1.0 1.0 1 0 0 0.0 1.0 0
cell 1.6707549059427844 26.4834810150229 0.0 1.6431676725154984 0.6085806194501846 1 0 0 -0.017427498604873373 0.9998481296138815 6.248328545382016
cell 51.088035033463555 27.59483436237096 0.0 1.6431676725154984 0.6085806194501846 1 0 0 -0.284048707724946 0.9588098516597481 5.707157061809792
cell 56.51942496516811 1.1753570101146702 0.0 1.0 1.0 1 0 0 0.0 1.0 0
cell 58.52850471119108 2.9495399608684436 0.0 1.0 1.0 1 0 0 0.0 1.0 0
cell 27.293355563154098 1.503673564225634 0.0 1.0 1.0 1 0 0 0.0 1.0 0
cell 17.67086500316126 14.16533771983392 0.0 1.6431676725154984 0.6085806194501846 1 0 0 0.992204265834917 -0.12462220853039487 3.3914867781540856
cell 29.800324269368378 50.57802705964032 0.0 1.0 1.0 1 0 0 0.0 1.0 0
cell 16.171731823041547 24.9293486662214 0.0 1.6431676725154984 0.6085806194501846 1 0 0 0.6787413040954453 0.7343774520740777 1.492094621876077
cell 47.429886947950926 23.231709452025683 0.0 1.0 1.0 1 0 0 0.0 1.0 0
cell 32.06452243930143 17.389815216398844 0.0 1.0 1.0 1 0 0 0.0 1.0 0
cell 52.40500371364809 9.481392796113267 0.0 1.6431676725154984 0.6085806194501846 1 0 0 0.9217596285833162 -0.38776176592586725 3.9379969136327686
cell 32.51793631373149 3.2355735177278597 0.0 1.0 1.0 1 0 0 0.0 1.0 0
cell 13.522626298229307 24.07290094063815 0.0 1.0 1.0 1 0 0 0.0 1.0 0
cell 7.646759225769335 49.273805910707416 0.0 1.0 1.0 1 0 0 0.0 1.0 0
cell 13.423504730953875 22.30740763161927 0.0 1.6431676725154984 0.6085806194501846 1 0 0 0.305899502862075 -0.952063807813707 5.661419149813831
cell 28.37288910329881 5.140598833423259 0.0 1.0 1.0 1 0 0 0.0 1.0 0
cell 58.32490076776948 0.4114574225813456 0.0 1.0 1.0 1 0 0 0.0 1.0 0
cell 42.695399896966045 48.764311559396546 0.0 1.0 1.0 1 0 0 0.0 1.0 0
cell 16.381008128595987 58.56978776433223 0.0 1.0 1.0 1 0 0 0.0 1.0 0
cell 26.680077907054038 5.224576403050001 0.0 1.0 1.0 1 0 0 0.0 1.0 0
cell 54.54551186229639 16.175429638840555 0.0 1.0 1.0 1 0 0 0.0 1.0 0
cell 36.542840127832086 39.67837330908622 0.0 1.6431676725154984 0.6085806194501846 1 0 0 0.8907541107286616 -0.4544855489671715 4.085181820532569
cell 9.132747138318509 32.6676520131388 0.0 1.6431676725154984 0.6085806194501846 1 0 0 0.9537248512944367 0.30068074102510217 2.5307799642646036
cell 52.88852695450895 28.615884878422765 0.0 1.6431676725154984 0.6085806194501846 1 0 0 0.39823472718008146 -0.9172835450763336 5.464002140819303
cell 53.555888073330486 6.6006960348685135 0.0 1.0 1.0 1 0 0 0.0 1.0 0
cell 53.45116369893175 26.6035633828707 0.0 1.6431676725154984 0.6085806194501846 1 0 0 -0.39056286655263744 0.9205762582590248 5.480699423284193
cell 44.86332907580407 37.439294210175014 0.0 1.0 1.0 1 0 0 0.0 1.0 0
cell 11.977159004433728 36.50154600557552 0.0 1.6431676725154984 0.6085806194501846 1 0 0 0.33635443108999225 -0.9417354706530532 5.597099126771632
cell 41.81960465331771 7.893596836423785 0.0 1.0 1.0 1 0 0 0.0 1.0 0
cell 36.26806221519253 16.01021746852234 0.0 1.0 1.0 1 0 0 0.0 1.0 0
cell 46.8737278410468 43.131942990330614 0.0 1.0 1.0 1 0 0 0.0 1.0 0
cell 33.44450900828082 43.843863405202235 0.0 1.0 1.0 1 0 0 0.0 1.0 0
cell 51.94998170871817 25.92548216987974 0.0 1.0 1.0 1 0 0 0.0 1.0 0
cell 45.174775019171655 30.79194597761744 0.0 1.6431676725154984 0.6085806194501846 1 0 0 0.4299077959537789 -0.9028727966763447 5.39440400420266
cell 41.35078491144467 56.96295655444371 0.0 1.0 1.0 1 0 0 0.0 1.0 0
cell 29.368471049308134 53.71515380510506 0.0 1.0 1.0 1 0 0 0.0 1.0 0
cell 38.55587748293382 26.05455927644909 0.0 1.6431676725154984 0.6085806194501846 1 0 0 0.4682918645596172 0.8835738393520245 0.9747131470646505
cell 17.583985891029005 29.54137240219971 0.0 1.0 1.0 1 0 0 0.0 1.0 0
cell 7.093895165515676 9.763070722037634 0.0 1.6431676725154984 0.6085806194501846 1 0 0 0.3909994463294193 -0.9203909131288116 5.47975083544323
cell 43.757695210040694 24.948383305541693 0.0 1.0 1.0 1 0 0 0.0 1.0 0
cell 28.10124558943084 43.73909224744473 0.0 1.0 1.0 1 0 0 0.0 1.0 0
cell 23.429012929114478 28.78304146610553 0.0 1.6431676725154984 0.6085806194501846 1 0 0 -0.17873612452792825 0.9838970463360163 5.923781826608972
cell 40.273529228979264 33.80014452528246 0.0 1.0 1.0 1 0 0 0.0 1.0 0
cell 40.20422319065533 7.531458481524649 0.0 1.0 1.0 1 0 0 0.0 1.0 0
cell 48.59202227912897 26.871432594432928 0.0 1.6431676725154984 0.6085806194501846 1 0 0 0.3716962895584206 -0.928354387251174 5.52151419861093
cell 47.268243390218025 34.10785282831964 0.0 1.0 1.0 1 0 0 0.0 1.0 0
cell 38.90676940429868 48.205495341288874 0.0 1.6431676725154984 0.6085806194501846 1 0 0 0.45671644091653574 -0.8896123271383622 5.334583934357589
cell 51.418039250578296 37.97694639651298 0.0 1.6431676725154984 0.6085806194501846 1 0 0 0.7621016443362512 0.647457399139111 1.733105878967045
cell 17.434296609927877 20.76590017032743 0.0 1.0 1.0 1 0 0 0.0 1.0 0
cell 2.925688389799869 19.887025343942348 0.0 1.0 1.0 1 0 0 0.0 1.0 0
cell 16.886945935725183 12.826845371350444 0.0 1.6431676725154984 0.6085806194501846 1 0 0 0.9968642731054902 -0.07913040506570525 3.3000190923792188
cell 8.765276934689872 58.74480872262935 0.0 1.0 1.0 1 0 0 0.0 1.0 0
cell 4.671695110144004 45.3374651723941 0.0 1.0 1.0 1 0 0 0.0 1.0 0
cell 25.30029776204482 21.70685845940633 0.0 1.6431676725154984 0.6085806194501846 1 0 0 0.713954567332691 -0.7001920277929404 4.692925503095929
cell 55.00319657009655 48.891484053629675 0.0 1.0 1.0 1 0 0 0.0 1.0 0
cell 7.65241645599803 31.013578626367337 0.0 1.6431676725154984 0.6085806194501846 1 0 0 0.9981225033278511 0.06124923142818935 3.0190174696274217
cell 47.77847593783484 49.646173474869244 0.0 1.0 1.0 1 0 0 0.0 1.0 0
cell 52.96024606262385 0.8110645032158688 0.0 1.0 1.0 1 0 0 0.0 1.0 0
cell 33.82113786786338 50.43078625825247 0.0 1.0 1.0 1 0 0 0.0 1.0 0
cell 44.58465430838221 27.633732143908077 0.0 1.6431676725154984 0.6085806194501846 1 0 0 -0.06274420243287232 0.9980296413739738 6.157614418247238
cell 41.19562893762964 42.925565304321225 0.0 1.0 1.0 1 0 0 0.0 1.0 0
cell 54.41078151800466 1.9374825255739938 0.0 1.0 1.0 1 0 0 0.0 1.0 0
cell 22.55681364013946 50.72691855627583 0.0 1.0 1.0 1 0 0 0.0 1.0 0
cell 16.734350094621515 8.18305234355643 0.0 1.0 1.0 1 0 0 0.0 1.0 0
cell 16.86976540292052 4.729960844581802 0.0 1.0 1.0 1 0 0 0.0 1.0 0
cell 58.72442416840815 24.6206155438535 0.0 1.6431676725154984 0.6085806194501846 1 0 0 -0.013588246808054387 -0.9999076755124362 0.02717732999894551
cell 52.79624886970127 17.209088315319743 0.0 1.0 1.0 1 0 0 0.0 1.0 0
cell 15.029655522715071 23.06910625429589 0.0 1.0 1.0 1 0 0 0.0 1.0 0
cell 37.79010268691776 3.742372518665882 0.0 1.0 1.0 1 0 0 0.0 1.0 0
cell 27.261746090438645 48.404511849522805 0.0 1.0 1.0 1 0 0 0.0 1.0 0
cell 59.054323466778285 33.329698270017836 0.0 1.6431676725154984 0.6085806194501846 1 0 0 0.9938796907467867 0.11046791534681676 2.920204984676907
cell 27.1543170047646 35.88119818349219 0.0 1.0 1.0 1 0 0 0.0 1.0 0
cell 9.623977047078027 38.73713423714187 0.0 1.0 1.0 1 0 0 0.0 1.0 0
cell 2.8661000134787185 49.977193703293736 0.0 1.0 1.0 1 0 0 0.0 1.0 0
cell 24.280090693200137 59.06828529459609 0.0 1.0 1.0 1 0 0 0.0 1.0 0
cell 18.67662988839325 31.203647059601625 0.0 1.0 1.0 1 0 0 0.0 1.0 0
cell 2.6923734339062073 11.747075078300298 0.0 1.6431676725154984 0.6085806194501846 1 0 0 0.989463919637773 -0.1447796661657107 3.4321732313216304
cell 0.5852228291546414 41.419655098791225 0.0 1.0 1.0 1 0 0 0.0 1.0 0
cell 56.06333088827009 24.104118053274487 0.0 1.6431676725154984 0.6085806194501846 1 0 0 -0.07772821081130245 0.9969745860572744 6.127571922247133
cell 20.277141389493735 34.698624801238005 0.0 1.0 1.0 1 0 0 0.0 1.0 0
cell 4.164177748594912 36.77995008474074 0.0 1.0 1.0 1 0 0 0.0 1.0 0
cell 26.234273874291475 18.658453012326422 0.0 1.0 1.0 1 0 0 0.0 1.0 0
cell 57.15113943152835 56.70066268593371 0.0 1.0 1.0 1 0 0 0.0 1.0 0
cell 52.46477604893157 42.83112200726827 0.0 1.0 1.0 1 0 0 0.0 1.0 0
cell 57.02904540489296 13.908652150378755 0.0 1.6431676725154984 0.6085806194501846 1 0 0 0.6833951522938191 -0.7300486735973896 4.778378995857162
cell 12.308325090708378 52.574623770882816 0.0 1.0 1.0 1 0 0 0.0 1.0 0
cell 22.487515364925894 41.01603410542622 0.0 1.0 1.0 1 0 0 0.0 1.0 0
cell 57.255791891524034 46.52007881749938 0.0 1.0 1.0 1 0 0 0.0 1.0 0
cell 21.120638011843905 19.72645662879617 0.0 1.6431676725154984 0.6085806194501846 1 0 0 -0.39245511734427546 0.9197711567940642 5.476586612606534
cell 23.051308143135103 13.853287148665096 0.0 1.0 1.0 1 0 0 0.0 1.0 0
cell 46.57018919744592 37.70691699546381 0.0 1.0 1.0 1 0 0 0.0 1.0 0
cell 42.7825826762498 17.192174293546696 0.0 1.0 1.0 1 0 0 0.0 1.0 0
cell 33.81895443360016 45.71204466679775 0.0 1.0 1.0 1 0 0 0.0 1.0 0
cell 10.73129179250171 16.719580140942018 0.0 1.6431676725154984 0.6085806194501846 1 0 0 0.9986383184765772 -0.052168082869453944 3.245976202681157
cell 44.165358090984256 35.53378191750969 0.0 1.0 1.0 1 0 0 0.0 1.0 0
cell 49.294627472098355 36.211406088837215 0.0 1.0 1.0 1 0 0 0.0 1.0 0
cell 0.3110574717143967 54.285148799423986 0.0 1.0 1.0 1 0 0 0.0 1.0 0
cell 19.990164212287155 3.221556954663983 0.0 1.0 1.0 1 0 0 0.0 1.0 0
cell 26.253067932422102 42.933385447622 0.0 1.0 1.0 1 0 0 0.0 1.0 0
cell 17.600483853014467 17.756273009131146 0.0 1.0 1.0 1 0 0 0.0 1.0 0
cell 44.09054905742009 13.082269551436562 0.0 1.0 1.0 1 0 0 0.0 1.0 0
cell 39.0771254068496 35.29137226618572 0.0 1.0 1.0 1 0 0 0.0 1.0 0
cell 48.28664097774272 56.21733200796832 0.0 1.0 1.0 1 0 0 0.0 1.0 0
cell 32.271644617415646 55.027229859973914 0.0 1.0 1.0 1 0 0 0.0 1.0 0
cell 0.5815139957291875 36.5491248881213 0.0 1.0 1.0 1 0 0 0.0 1.0 0
cell 42.490951355066 41.4182242238994 0.0 1.0 1.0 1 0 0 0.0 1.0 0
cell 49.11221255549201 12.86676388792282 0.0 1.0 1.0 1 0 0 0.0 1.0 0
cell 12.06653201532722 25.263040441351542 0.0 1.0 1.0 1 0 0 0.0 1.0 0
cell 32.08425296811029 21.699404068604895 0.0 1.0 1.0 1 0 0 0.0 1.0 0
cell 39.89561800721724 39.153572685444296 0.0 1.0 1.0 1 0 0 0.0 1.0 0
cell 49.08943331301042 34.554300356866285 0.0 1.0 1.0 1 0 0 0.0 1.0 0
cell 10.033123621765764 20.599034513112816 0.0 1.6431676725154984 0.6085806194501846 1 0 0 0.2915410596217675 -0.9565583152921817 5.69151032858764
cell 1.911734372185323 55.52309585174494 0.0 1.0 1.0 1 0 0 0.0 1.0 0
cell 55.28789230337199 23.140033623712007 0.0 1.6431676725154984 0.6085806194501846 1 0 0 -0.12942991453984096 0.9915885725552758 6.023597233722944
cell 1.628992133838985 57.411881020428126 0.0 1.0 1.0 1 0 0 0.0 1.0 0
cell 34.934831940734156 42.74328540925975 0.0 1.0 1.0 1 0 0 0.0 1.0 0
cell 21.174455199846808 1.5748180123970523 0.0 1.0 1.0 1 0 0 0.0 1.0 0
cell 25.776011974987604 3.428319050925865 0.0 1.0 1.0 1 0 0 0.0 1.0 0
cell 51.44237720830204 58.65507773743451 0.0 1.0 1.0 1 0 0 0.0 1.0 0
cell 22.302877456376088 59.04294074091864 0.0 1.0 1.0 1 0 0 0.0 1.0 0
cell 55.52034411437188 7.945777634261394 0.0 1.0 1.0 1 0 0 0.0 1.0 0
cell 36.37766442148131 35.382132992412934 0.0 1.6431676725154984 0.6085806194501846 1 0 0 0.46455825018699626 -0.8855425637332156 5.3169139083752635
cell 38.75758912530402 12.975071516611072 0.0 1.0 1.0 1 0 0 0.0 1.0 0
cell 15.170197457604244 1.1050273153098873 0.0 1.0 1.0 1 0 0 0.0 1.0 0
cell 40.36616019724931 46.22545203497518 0.0 1.0 1.0 1 0 0 0.0 1.0 0
cell 27.844295310083915 50.28096145074527 0.0 1.0 1.0 1 0 0 0.0 1.0 0
cell 52.63631200128594 51.24867788072074 0.0 1.0 1.0 1 0 0 0.0 1.0 0
cell 23.486812799669234 47.60197640658016 0.0 1.0 1.0 1 0 0 0.0 1.0 0
cell 9.012506041841224 24.994363759343784 0.0 1.0 1.0 1 0 0 0.0 1.0 0
cell 21.57808645228383 10.212555665866184 0.0 1.0 1.0 1 0 0 0.0 1.0 0
cell 40.674326703037586 21.36228377937591 0.0 1.6431676725154984 0.6085806194501846 1 0 0 0.8454413156429266 0.5340683306506363 2.0147819109211587
cell 57.45633388109113 54.83930876787545 0.0 1.0 1.0 1 0 0 0.0 1.0 0
cell 8.768321098472192 12.550169952871414 0.0 1.6431676725154984 0.6085806194501846 1 0 0 0.99319535112841 -0.1164602700362427 3.3750429500289414
cell 30.7066783949728 37.320453320652994 0.0 1.0 1.0 1 0 0 0.0 1.0 0
cell 36.02959103210628 3.8791782143588547 0.0 1.0 1.0 1 0 0 0.0 1.0 0
cell 40.85118772640569 48.09091757295715 0.0 1.0 1.0 1 0 0 0.0 1.0 0
cell 6.876912564944517 0.10335567173831041 0.0 1.0 1.0 1 0 0 0.0 1.0 0
cell 19.917907536267844 32.74013914780155 0.0 1.0 1.0 1 0 0 0.0 1.0 0
cell 1.8320718573665733 2.139334718179455 0.0 1.0 1.0 1 0 0 0.0 1.0 0
cell 31.398506421234934 53.53864485862605 0.0 1.0 1.0 1 0 0 0.0 1.0 0
cell 12.453645785233748 58.10953277156941 0.0 1.0 1.0 1 0 0 0.0 1.0 0
cell 28.15157356985196 12.133063766546329 0.0 1.0 1.0 1 0 0 0.0 1.0 0
cell 8.369992564808715 27.123534733132313 0.0 1.6431676725154984 0.6085806194501846 1 0 0 0.30193056289728787 -0.9533299193818092 5.669751147905095
cell 4.452460631316002 30.644300727097182 0.0 1.6431676725154984 0.6085806194501846 1 0 0 0.9911376558318405 -0.132838801530893 3.4080578915957296
cell 50.98228539452916 46.39170544136683 0.0 1.0 1.0 1 0 0 0.0 1.0 0
cell 19.96036370817788 53.78499934953628 0.0 1.0 1.0 1 0 0 0.0 1.0 0
cell 43.677918705222645 20.46606473873103 0.0 1.6431676725154984 0.6085806194501846 1 0 0 0.25164434874669994 -0.9678197775122439 5.774427498086195
cell 55.871097588962535 41.67516742546507 0.0 1.0 1.0 1 0 0 0.0 1.0 0
cell 44.83775737188288 55.62520691885963 0.0 1.0 1.0 1 0 0 0.0 1.0 0
cell 53.57132860919106 22.579125012026385 0.0 1.6431676725154984 0.6085806194501846 1 0 0 -0.19268370806504873 0.9812609177208186 5.895392557954498
cell 20.70399606031642 55.57903904273069 0.0 1.0 1.0 1 0 0 0.0 1.0 0
cell 0.00043828233734890393 16.258643149554352 0.0 1.6431676725154984 0.6085806194501846 1 0 0 0.8223175217194796 0.5690289038995587 1.9309437614312155
cell 0.2472963938224712 38.16067262452988 0.0 1.0 1.0 1 0 0 0.0 1.0 0
cell 19.974163302741143 44.0606947386714 0.0 1.6431676725154984 0.6085806194501846 1 0 0 -0.17690979758305972 -0.9842270690847315 0.355691669092173
cell 52.3994255206681 53.120735477355765 0.0 1.0 1.0 1 0 0 0.0 1.0 0
cell 56.30166397058131 17.184799090005104 0.0 1.0 1.0 1 0 0 0.0 1.0 0
cell 28.109605763242605 13.911536452315032 0.0 1.0 1.0 1 0 0 0.0 1.0 0
cell 5.488734229419723 21.49163545850488 0.0 1.6431676725154984 0.6085806194501846 1 0 0 0.30072043730384074 0.9537123353442519 0.6108959345906398
cell 49.674951438207714 44.90589600248908 0.0 1.0 1.0 1 0 0 0.0 1.0 0
cell 46.995354027523156 53.19818435102228 0.0 1.0 1.0 1 0 0 0.0 1.0 0
cell 32.773861881855275 31.858397950928186 0.0 1.0 1.0 1 0 0 0.0 1.0 0
cell 3.0663705160578107 46.15702256535391 0.0 1.0 1.0 1 0 0 0.0 1.0 0
cell 49.955116482970055 5.230192243790819 0.0 1.0 1.0 1 0 0 0.0 1.0 0
cell 21.07565146353405 45.55714926483065 0.0 1.0 1.0 1 0 0 0.0 1.0 0
cell 13.689753197683574 51.15064882459349 0.0 1.0 1.0 1 0 0 0.0 1.0 0
cell 16.146534363098493 53.37755830338577 0.0 1.0 1.0 1 0 0 0.0 1.0 0
cell 25.7687675949548 39.00940081465538 0.0 1.0 1.0 1 0 0 0.0 1.0 0
cell 6.440901197081188 45.56145160979484 0.0 1.0 1.0 1 0 0 0.0 1.0 0
cell 9.946902301865098 44.16293149838167 0.0 1.0 1.0 1 0 0 0.0 1.0 0
cell 54.26721674343001 39.53233062757048 0.0 1.0 1.0 1 0 0 0.0 1.0 0
cell 42.01954307042834 51.09665027935985 0.0 1.0 1.0 1 0 0 0.0 1.0 0
cell 24.522079915970004 55.73134163169869 0.0 1.0 1.0 1 0 0 0.0 1.0 0
cell 23.559271929677422 10.373826591792188 0.0 1.0 1.0 1 0 0 0.0 1.0 0
cell 7.291198058967104 41.883981137850284 0.0 1.0 1.0 1 0 0 0.0 1.0 0
cell 18.91908191008473 4.853718584145244 0.0 1.0 1.0 1 0 0 0.0 1.0 0
cell 44.523819066266796 48.72453417011546 0.0 1.0 1.0 1 0 0 0.0 1.0 0
cell 48.74053941738357 29.365645139344632 0.0 1.6431676725154984 0.6085806194501846 1 0 0 0.33251398249060315 -0.9430983254402686 5.605249327161005
cell 55.61749358120524 26.454397714070794 0.0 1.6431676725154984 0.6085806194501846 1 0 0 -0.20364516781836514 0.979044761808279 5.873025953347563
cell 5.802010646619385 54.33843765989232 0.0 1.0 1.0 1 0 0 0.0 1.0 0
cell 7.831441653053465 55.08181040799205 0.0 1.0 1.0 1 0 0 0.0 1.0 0
cell 30.68931594251445 47.51495747395277 0.0 1.0 1.0 1 0 0 0.0 1.0 0
cell 44.95571752572767 16.719947090296333 0.0 1.0 1.0 1 0 0 0.0 1.0 0
cell 25.358392737597363 57.33236549471281 0.0 1.0 1.0 1 0 0 0.0 1.0 0
cell 53.960245648619306 54.28258078945698 0.0 1.0 1.0 1 0 0 0.0 1.0 0
cell 56.73551922433048 33.55669327716952 0.0 1.6431676725154984 0.6085806194501846 1 0 0 0.8684878580492496 0.495710440096864 2.10428733268631
cell 46.558706943959535 15.540657600007439 0.0 1.0 1.0 1 0 0 0.0 1.0 0
cell 13.704913984419827 17.932427184983734 0.0 1.6431676725154984 0.6085806194501846 1 0 0 0.09250171168533183 0.9957125254486275 0.18526827680385047
cell 16.97300651711344 50.07482653945438 0.0 1.0 1.0 1 0 0 0.0 1.0 0
cell 21.69405987500472 43.93784022644156 0.0 1.6431676725154984 0.6085806194501846 1 0 0 -0.27551058578171306 -0.961298037614879 0.5582416080319286
cell 14.209204083704572 53.05222464288628 0.0 1.0 1.0 1 0 0 0.0 1.0 0
cell 22.07182075629711 48.99403561191616 0.0 1.0 1.0 1 0 0 0.0 1.0 0
cell 45.610049904836515 50.33147784789626 0.0 1.0 1.0 1 0 0 0.0 1.0 0
cell 32.928012405863385 23.44820659352553 0.0 1.6431676725154984 0.6085806194501846 1 0 0 0.5690803881541001 -0.8222818931597478 5.0724111948511394
cell 38.422134103013775 33.35357402757535 0.0 1.0 1.0 1 0 0 0.0 1.0 0
cell 14.817233650439274 20.48920325452156 0.0 1.6431676725154984 0.6085806194501846 1 0 0 -0.20829119309891408 0.9780668580815071 5.863530293507187
cell 55.41239054790007 29.37855978928539 0.0 1.0 1.0 1 0 0 0.0 1.0 0
cell 13.60958241545423 28.417937055972146 0.0 1.6431676725154984 0.6085806194501846 1 0 0 0.9967802373898085 -0.08018203258284946 3.3021290521319653
cell 47.51534692622188 21.264917481986267 0.0 1.0 1.0 1 0 0 0.0 1.0 0
cell 29.25705041546364 56.915569497367194 0.0 1.0 1.0 1 0 0 0.0 1.0 0
cell 58.19947090349655 12.031746775117014 0.0 1.6431676725154984 0.6085806194501846 1 0 0 0.98016108577499 -0.19820253765376689 3.540640125184782
cell 8.470895622440722 50.98137091107826 0.0 1.6431676725154984 0.6085806194501846 1 0 0 0.5321266890117603 -0.8466647428831445 5.160964444150976
cell 10.503230879694659 25.43789248244072 0.0 1.0 1.0 1 0 0 0.0 1.0 0
cell 23.099275764511177 30.503908675285185 0.0 1.0 1.0 1 0 0 0.0 1.0 0
cell 27.36864538836841 53.62118873885864 0.0 1.0 1.0 1 0 0 0.0 1.0 0
cell 24.672764465938215 8.59656378547146 0.0 1.0 1.0 1 0 0 0.0 1.0 0
cell 32.866870384514876 48.67099846270764 0.0 1.0 1.0 1 0 0 0.0 1.0 0
cell 50.40159538415645 37.06575677113908 0.0 1.0 1.0 1 0 0 0.0 1.0 0
cell 50.98453030972934 35.16501801883872 0.0 1.0 1.0 1 0 0 0.0 1.0 0
cell 6.537648327364248 50.744788768244575 0.0 1.0 1.0 1 0 0 0.0 1.0 0
cell 35.74487697800372 8.771785941088638 0.0 1.0 1.0 1 0 0 0.0 1.0 0
cell 16.87056610604605 40.195318682385015 0.0 1.0 1.0 1 0 0 0.0 1.0 0
cell 22.122682770154327 22.98378440817391 0.0 1.0 1.0 1 0 0 0.0 1.0 0
cell 41.64608920786458 24.23591774919243 0.0 1.6431676725154984 0.6085806194501846 1 0 0 0.3845131126351283 0.9231195297531328 0.7893606552230504
cell 29.9255687218294 12.460618338862544 0.0 1.0 1.0 1 0 0 0.0 1.0 0
cell 18.988295097327804 20.16291970046259 0.0 1.0 1.0 1 0 0 0.0 1.0 0
cell 23.961260173634436 3.368593391552259 0.0 1.0 1.0 1 0 0 0.0 1.0 0
cell 56.81644249998891 39.952377918382 0.0 1.0 1.0 1 0 0 0.0 1.0 0
cell 16.79598598335376 55.15840419605785 0.0 1.0 1.0 1 0 0 0.0 1.0 0
cell 4.532396835175249 51.05647658643877 0.0 1.0 1.0 1 0 0 0.0 1.0 0
cell 31.573338391007585 6.139033070723415 0.0 1.0 1.0 1 0 0 0.0 1.0 0
cell 16.03967065123673 2.9721592473149627 0.0 1.0 1.0 1 0 0 0.0 1.0 0
cell 27.33919586711918 37.846327415054404 0.0 1.0 1.0 1 0 0 0.0 1.0 0
cell 47.961111948774516 5.232992464175068 0.0 1.0 1.0 1 0 0 0.0 1.0 0
cell 52.896363292713666 49.47299449734107 0.0 1.0 1.0 1 0 0 0.0 1.0 0
cell 19.1553161738725 17.186528670813036 0.0 1.0 1.0 1 0 0 0.0 1.0 0
cell 33.09967438327993 11.754458546437176 0.0 1.0 1.0 1 0 0 0.0 1.0 0
cell 34.44434006848355 10.266814358640737 0.0 1.0 1.0 1 0 0 0.0 1.0 0
cell 45.18255886057037 3.519971185185708 0.0 1.0 1.0 1 0 0 0.0 1.0 0
cell 26.878153237377585 15.344428334953827 0.0 1.0 1.0 1 0 0 0.0 1.0 0
cell 50.511530428537 33.207686195151126 0.0 1.0 1.0 1 0 0 0.0 1.0 0
cell 4.962691116451117 8.283352109035178 0.0 1.6431676725154984 0.6085806194501846 1 0 0 0.9984346132438648 -0.0559314140405373 3.2535138877736207
cell 36.74526659253351 1.5081888864858315 0.0 1.6431676725154984 0.6085806194501846 1 0 0 0.9941639952692756 -0.10787933310060766 3.357772024915408
cell 54.04346140759893 12.366456791090874 0.0 1.0 1.0 1 0 0 0.0 1.0 0
cell 0.1451496135341009 21.52674494654279 0.0 1.6431676725154984 0.6085806194501846 1 0 0 0.21627067190469143 0.9763334453320204 0.4359862319072053
cell 6.165344472694192 52.53115391245801 0.0 1.0 1.0 1 0 0 0.0 1.0 0
cell 42.77267958869079 6.728809201039144 0.0 1.6431676725154984 0.6085806194501846 1 0 0 0.8909638740365666 -0.45407419565722196 4.084258322411861
cell 7.773125562625337 5.357305301983983 0.0 1.0 1.0 1 0 0 0.0 1.0 0
cell 54.886405663938866 0.11437179284798818 0.0 1.0 1.0 1 0 0 0.0 1.0 0
cell 40.88943096954386 4.434764004037142 0.0 1.6431676725154984 0.6085806194501846 1 0 0 0.902699412958088 -0.4302717395380777 4.031180224136475
cell 37.35692977952694 28.51726280380814 0.0 1.6431676725154984 0.6085806194501846 1 0 0 0.18770607684174276 0.982225243371744 0.37765237613014835
cell 20.722970432897746 8.394168420989278 0.0 1.0 1.0 1 0 0 0.0 1.0 0
cell 17.921712337528582 46.87331161249173 0.0 1.0 1.0 1 0 0 0.0 1.0 0
cell 58.43310987152191 49.50174010736174 0.0 1.0 1.0 1 0 0 0.0 1.0 0
cell 53.277227590961 41.03181003083329 0.0 1.0 1.0 1 0 0 0.0 1.0 0
cell 47.941486969960124 41.49827383028397 0.0 1.0 1.0 1 0 0 0.0 1.0 0
cell 1.645875097421441 23.07980276630322 0.0 1.6431676725154984 0.6085806194501846 1 0 0 0.1442624100862987 0.989539467144233 0.28953508974310915
cell 40.0815060880001 19.335629727188905 0.0 1.6431676725154984 0.6085806194501846 1 0 0 0.7305234404408814 0.6828876210376186 1.638176294138679
cell 41.658649570514655 28.069143482177953 0.0 1.0 1.0 1 0 0 0.0 1.0 0
cell 54.35254186258309 42.58990192706135 0.0 1.0 1.0 1 0 0 0.0 1.0 0
cell 16.96667960981001 31.944173662101225 0.0 1.6431676725154984 0.6085806194501846 1 0 0 0.5321647741278673 -0.8466408052872457 5.160874477833576
cell 21.453356088836106 57.346652148851234 0.0 1.0 1.0 1 0 0 0.0 1.0 0
cell 44.94578757217319 42.91847553301144 0.0 1.0 1.0 1 0 0 0.0 1.0 0
cell 2.381309918792806 35.880048443194326 0.0 1.0 1.0 1 0 0 0.0 1.0 0
cell 25.372322520415356 35.09269742448321 0.0 1.0 1.0 1 0 0 0.0 1.0 0
cell 33.91243179349509 54.14474364782673 0.0 1.0 1.0 1 0 0 0.0 1.0 0
cell 53.645255602578295 35.53647059045524 0.0 1.6431676725154984 0.6085806194501846 1 0 0 0.8789883772577737 0.4768431950292945 2.1474730690220003
cell 14.018612235782351 2.773338151023829 0.0 1.0 1.0 1 0 0 0.0 1.0 0
cell 24.871248213746274 46.20952311444152 0.0 1.0 1.0 1 0 0 0.0 1.0 0
cell 38.20618322904556 16.530755142954515 0.0 1.0 1.0 1 0 0 0.0 1.0 0
cell 15.875831680378164 21.0717884182888 0.0 1.6431676725154984 0.6085806194501846 1 0 0 0.3806100764909219 -0.9247356215013968 5.5022734318022115
cell 30.048803457731257 7.4408716138354345 0.0 1.0 1.0 1 0 0 0.0 1.0 0
cell 14.001847360365373 27.399584993896582 0.0 1.6431676725154984 0.6085806194501846 1 0 0 0.988770708113959 -0.1494405794147631 3.4415976030501407
cell 20.30748161798617 58.9713459359064 0.0 1.0 1.0 1 0 0 0.0 1.0 0
cell 47.313197951715594 51.39090701706382 0.0 1.0 1.0 1 0 0 0.0 1.0 0
cell 22.707586220307018 8.532358312505037 0.0 1.0 1.0 1 0 0 0.0 1.0 0
cell 41.122206082770965 58.91573300144445 0.0 1.0 1.0 1 0 0 0.0 1.0 0
cell 39.94706036161753 5.2404219628530395 0.0 1.6431676725154984 0.6085806194501846 1 0 0 0.9288808849186126 -0.37037859229822556 3.900425786682022
cell 2.9370162695774975 9.923403289875862 0.0 1.6431676725154984 0.6085806194501846 1 0 0 0.9516374188914611 0.30722340888284816 2.5170447449938074
cell 50.58057871512551 16.287556983356072 0.0 1.0 1.0 1 0 0 0.0 1.0 0
cell 11.53154041975823 6.3620016984096175 0.0 1.0 1.0 1 0 0 0.0 1.0 0
cell 12.183016726790207 34.4934602892205 0.0 1.6431676725154984 0.6085806194501846 1 0 0 -0.05221806903951291 -0.998635705983811 0.10448365787851355
cell 49.117228526518765 9.551068306865865 0.0 1.0 1.0 1 0 0 0.0 1.0 0
cell 36.69452092705797 21.290400797816034 0.0 1.6431676725154984 0.6085806194501846 1 0 0 0.7284177052761932 0.6851333057443383 1.6320192728229397
cell 18.839819422390665 50.292375306837606 0.0 1.0 1.0 1 0 0 0.0 1.0 0
cell 53.48860540113001 32.1672971731203 0.0 1.0 1.0 1 0 0 0.0 1.0 0
cell 58.429170450458045 18.44033083242934 0.0 1.6431676725154984 0.6085806194501846 1 0 0 0.9538986065371081 0.30012905298648357 2.531936771224537
cell 15.571522854181524 56.73266991062149 0.0 1.0 1.0 1 0 0 0.0 1.0 0
cell 52.78736743630138 37.81717761004542 0.0 1.6431676725154984 0.6085806194501846 1 0 0 0.913576395326175 0.4066671487873498 2.3039867519948767
cell 6.744648578929938 33.920281535394345 0.0 1.6431676725154984 0.6085806194501846 1 0 0 0.9687636921533291 -0.24798570274402873 3.642793563211096
cell 31.110805932774905 49.28833281621307 0.0 1.0 1.0 1 0 0 0.0 1.0 0
cell 57.01434743289818 6.600788162325832 0.0 1.0 1.0 1 0 0 0.0 1.0 0
cell 39.98173036612237 11.35378207668406 0.0 1.0 1.0 1 0 0 0.0 1.0 0
cell 15.385115564321927 45.63616143106886 0.0 1.6431676725154984 0.6085806194501846 1 0 0 0.3841777814537373 -0.9232591360161482 5.494551114374936
cell 23.413445997972243 57.38445784967611 0.0 1.0 1.0 1 0 0 0.0 1.0 0
cell 29.820484249684 17.572015135203227 0.0 1.0 1.0 1 0 0 0.0 1.0 0
cell 17.49284878932377 45.09305967427802 0.0 1.0 1.0 1 0 0 0.0 1.0 0
cell 45.735487224748006 22.2432151144483 0.0 1.0 1.0 1 0 0 0.0 1.0 0
cell 11.996184542557854 15.326844464979327 0.0 1.6431676725154984 0.6085806194501846 1 0 0 0.9814372746380882 0.19178340895646293 2.7556347234906347
cell 29.227726126759002 1.0336103187328667 0.0 1.0 1.0 1 0 0 0.0 1.0 0
cell 44.887651146034635 9.74542138482561 0.0 1.0 1.0 1 0 0 0.0 1.0 0
cell 23.34598023758116 18.27726745601944 0.0 1.0 1.0 1 0 0 0.0 1.0 0
cell 49.48518078879645 21.07692452521694 0.0 1.0 1.0 1 0 0 0.0 1.0 0
cell 30.62525896715093 9.302450945859299 0.0 1.0 1.0 1 0 0 0.0 1.0 0
cell 56.743709853216984 58.46017599411346 0.0 1.0 1.0 1 0 0 0.0 1.0 0
cell 29.191489073832603 48.83482243810165 0.0 1.0 1.0 1 0 0 0.0 1.0 0
cell 20.68215341200356 40.13448913198417 0.0 1.0 1.0 1 0 0 0.0 1.0 0
cell 20.8772828271828 4.969810071340679 0.0 1.0 1.0 1 0 0 0.0 1.0 0
cell 10.489608245706611 14.905355096930547 0.0 1.6431676725154984 0.6085806194501846 1 0 0 0.9214053745584041 0.3886027994429364 2.3433631994762587
cell 41.746351162436056 53.025909322047966 0.0 1.0 1.0 1 0 0 0.0 1.0 0
cell 23.07741397971449 52.40605508839568 0.0 1.0 1.0 1 0 0 0.0 1.0 0
cell 7.126764632234962 14.391135256788935 0.0 1.0 1.0 1 0 0 0.0 1.0 0
cell 38.898546390593005 6.0669804614270495 0.0 1.0 1.0 1 0 0 0.0 1.0 0
cell 6.38934375889606 43.600573512986976 0.0 1.0 1.0 1 0 0 0.0 1.0 0
cell 46.220904521351265 48.82216988315522 0.0 1.6431676725154984 0.6085806194501846 1 0 0 0.5449237906328586 0.8384855767407788 1.1525964455031423
cell 8.811285791369581 17.411254290164507 0.0 1.0 1.0 1 0 0 0.0 1.0 0
cell 13.174995936641402 37.74017760054666 0.0 1.0 1.0 1 0 0 0.0 1.0 0
cell 42.39844585846518 4.5336208405243354 0.0 1.6431676725154984 0.6085806194501846 1 0 0 0.8800175987814904 -0.47494107617141285 4.131386799489646
cell 8.292862425914947 3.543045094643653 0.0 1.0 1.0 1 0 0 0.0 1.0 0
cell 47.688449682339275 36.05664028719209 0.0 1.0 1.0 1 0 0 0.0 1.0 0
cell 43.031381629141016 56.284463270286885 0.0 1.0 1.0 1 0 0 0.0 1.0 0
cell 5.5341752484259015 27.682821323006667 0.0 1.6431676725154984 0.6085806194501846 1 0 0 0.1139697560540163 -0.9934842196557467 6.054749433225503
cell 46.51663455463989 28.214333787646815 0.0 1.6431676725154984 0.6085806194501846 1 0 0 -0.4049762248340993 0.9143272156723331 5.449279652054443
cell 45.944507918176114 35.60225794214442 0.0 1.0 1.0 1 0 0 0.0 1.0 0
cell 36.02140303719802 41.41791143864469 0.0 1.6431676725154984 0.6085806194501846 1 0 0 0.8038905050933118 -0.5947773161619565 4.415569878853068
cell 15.058608532309401 13.889706160093512 0.0 1.0 1.0 1 0 0 0.0 1.0 0
cell 34.18406565237933 58.06964325321748 0.0 1.0 1.0 1 0 0 0.0 1.0 0
cell 55.823754791809634 2.9188775670419598 0.0 1.0 1.0 1 0 0 0.0 1.0 0
cell 28.84606727306367 15.794133005823408 0.0 1.0 1.0 1 0 0 0.0 1.0 0
cell 59.02766837756866 4.971506464007452 0.0 1.6431676725154984 0.6085806194501846 1 0 0 0.9116336566750377 -0.4110037420964673 3.988702305493825
cell 25.992476452267205 40.98765995399909 0.0 1.0 1.0 1 0 0 0.0 1.0 0
cell 54.34950394792713 3.8828508228740666 0.0 1.0 1.0 1 0 0 0.0 1.0 0
cell 1.359384166826952 39.53700154894974 0.0 1.0 1.0 1 0 0 0.0 1.0 0
cell 17.162433652558114 43.72631186873469 0.0 1.6431676725154984 0.6085806194501846 1 0 0 0.09884266470396266 -0.99510307387437 6.08517666089465
cell 33.63405377345699 33.68493982572784 0.0 1.0 1.0 1 0 0 0.0 1.0 0
cell 33.21534887129847 56.53300277168985 0.0 1.0 1.0 1 0 0 0.0 1.0 0
cell 8.06426094893179 43.98710061575865 0.0 1.0 1.0 1 0 0 0.0 1.0 0
cell 35.546159857420605 37.34611537106977 0.0 1.6431676725154984 0.6085806194501846 1 0 0 0.9144705367074752 -0.40465248979086016 3.9747902259552412
cell 24.18676900381623 23.631571583986833 0.0 1.0 1.0 1 0 0 0.0 1.0 0
cell 49.29687538578987 19.31823086415904 0.0 1.0 1.0 1 0 0 0.0 1.0 0
cell 21.211113738230427 52.21466013036033 0.0 1.0 1.0 1 0 0 0.0 1.0 0
cell 57.10525355964981 28.468674189973758 0.0 1.0 1.0 1 0 0 0.0 1.0 0
cell 17.61719138179004 9.969211765136246 0.0 1.0 1.0 1 0 0 0.0 1.0 0
cell 40.19654829166697 27.21824027987188 0.0 1.6431676725154984 0.6085806194501846 1 0 0 0.6770859740221762 0.7359039229291016 1.4875911862697968
cell 7.254415213430144 26.34234205793635 0.0 1.6431676725154984 0.6085806194501846 1 0 0 -0.07034770463110106 0.9975225313009904 6.142373593161817
cell 30.78908961427712 16.00969792968461 0.0 1.0 1.0 1 0 0 0.0 1.0 0
cell 14.8706531587239 4.5882412945266635 0.0 1.0 1.0 1 0 0 0.0 1.0 0
cell 9.956561092322938 30.002741375651794 0.0 1.6431676725154984 0.6085806194501846 1 0 0 0.13019733401117958 0.9914881008950038 0.2611360104442625
cell 3.920788041685687 34.60786111670327 0.0 1.0 1.0 1 0 0 0.0 1.0 0
cell 5.731688803819946 15.824391658787832 0.0 1.0 1.0 1 0 0 0.0 1.0 0
cell 14.692475562384383 47.834852020566494 0.0 1.0 1.0 1 0 0 0.0 1.0 0
cell 49.590317918614794 0.2226264244790278 0.0 1.0 1.0 1 0 0 0.0 1.0 0
cell 25.42205886534774 47.922008719639 0.0 1.0 1.0 1 0 0 0.0 1.0 0
cell 22.878523670139966 5.042866781441051 0.0 1.0 1.0 1 0 0 0.0 1.0 0
cell 17.705790875189855 15.802078063475774 0.0 1.0 1.0 1 0 0 0.0 1.0 0
cell 47.31133639358086 2.7893363424155413 0.0 1.0 1.0 1 0 0 0.0 1.0 0
cell 44.204805142951855 29.96084762797718 0.0 1.6431676725154984 0.6085806194501846 1 0 0 0.25336517194010794 -0.9673707095254432 5.770870591928648
cell 22.782631617013372 42.879792104712486 0.0 1.0 1.0 1 0 0 0.0 1.0 0
cell 29.71905668368391 3.864429865186171 0.0 1.6431676725154984 0.6085806194501846 1 0 0 0.9969894755900642 0.07753699480021524 2.9863628583401813
cell 38.17384869592759 56.365132147368804 0.0 1.0 1.0 1 0 0 0.0 1.0 0
cell 49.832681498951175 41.35328246898024 0.0 1.0 1.0 1 0 0 0.0 1.0 0
cell 29.21956248540958 25.88747980792665 0.0 1.6431676725154984 0.6085806194501846 1 0 0 0.9719163291160596 -0.23532668611435317 3.616702013957089
cell 37.649523613541994 30.915650851064193 0.0 1.6431676725154984 0.6085806194501846 1 0 0 -0.14760651390008475 -0.989046165279591 0.29629567786167677
cell 34.21764683960172 39.986651281152234 0.0 1.6431676725154984 0.6085806194501846 1 0 0 -0.8407057198169968 0.541492283109358 4.2860149196440815
cell 44.350992188664016 0.4197155218429448 0.0 1.0 1.0 1 0 0 0.0 1.0 0
cell 26.948021092034164 33.89761452652687 0.0 1.0 1.0 1 0 0 0.0 1.0 0
cell 50.350941996874326 14.315388287437322 0.0 1.0 1.0 1 0 0 0.0 1.0 0
cell 56.97579613335508 30.4889613020934 0.0 1.0 1.0 1 0 0 0.0 1.0 0
cell 18.692497566956604 37.588676282534905 0.0 1.0 1.0 1 0 0 0.0 1.0 0
cell 1.8650790392387184 29.423236610080284 0.0 1.6431676725154984 0.6085806194501846 1 0 0 0.9826804747471678 0.1853080801008982 2.768821927562652
cell 17.255085514461673 23.038851908108732 0.0 1.6431676725154984 0.6085806194501846 1 0 0 0.8386365543001811 0.5446914078554199 1.9895504498360153
cell 58.559468896229774 39.97628371188255 0.0 1.0 1.0 1 0 0 0.0 1.0 0
cell 3.265446103117399 39.0654564633497 0.0 1.0 1.0 1 0 0 0.0 1.0 0
cell 16.23445725476427 46.61113628992537 0.0 1.0 1.0 1 0 0 0.0 1.0 0
cell 35.22661025305716 20.747859230501366 0.0 1.6431676725154984 0.6085806194501846 1 0 0 0.6831449034734576 0.7302828499001195 1.5041208537701212
cell 29.35462509584147 10.558050236564487 0.0 1.0 1.0 1 0 0 0.0 1.0 0
cell 51.140554265154464 22.180094876727427 0.0 1.0 1.0 1 0 0 0.0 1.0 0
cell 23.177316853438736 1.6458030604719127 0.0 1.0 1.0 1 0 0 0.0 1.0 0
cell 42.85340693037554 31.901841048017236 0.0 1.6431676725154984 0.6085806194501846 1 0 0 0.28930465937366756 -0.9572370730726459 5.696184598875308
cell 50.4872422379186 43.110312452114094 0.0 1.0 1.0 1 0 0 0.0 1.0 0
cell 34.740271450195245 31.72285376249166 0.0 1.0 1.0 1 0 0 0.0 1.0 0
cell 37.79306111007785 27.089426973700892 0.0 1.6431676725154984 0.6085806194501846 1 0 0 0.507143360601333 0.8618617126882864 1.0637340942086362
cell 36.926929165227314 12.613574924149194 0.0 1.0 1.0 1 0 0 0.0 1.0 0
cell 41.77719913195411 11.715715948462748 0.0 1.0 1.0 1 0 0 0.0 1.0 0
cell 40.55955349896986 13.306654365723592 0.0 1.0 1.0 1 0 0 0.0 1.0 0
cell 20.64778646845551 24.60124402827114 0.0 1.0 1.0 1 0 0 0.0 1.0 0
cell 17.908187156600253 33.01230354212807 0.0 1.0 1.0 1 0 0 0.0 1.0 0
cell 50.47810116537622 53.766300878687154 0.0 1.0 1.0 1 0 0 0.0 1.0 0
cell 16.958983376248355 11.505003342359744 0.0 1.6431676725154984 0.6085806194501846 1 0 0 0.980314979691905 -0.19743996705748304 3.539084236650854
cell 19.501033238826846 57.20036593477543 0.0 1.0 1.0 1 0 0 0.0 1.0 0
cell 24.913910134053793 52.63442898894403 0.0 1.0 1.0 1 0 0 0.0 1.0 0
cell 33.71479891910038 13.689044841831572 0.0 1.0 1.0 1 0 0 0.0 1.0 0
cell 28.76617414864635 34.645147143477885 0.0 1.0 1.0 1 0 0 0.0 1.0 0
cell 35.14484302684382 56.458565106020515 0.0 1.0 1.0 1 0 0 0.0 1.0 0
cell 44.594030219907395 57.5247013827187 0.0 1.0 1.0 1 0 0 0.0 1.0 0
cell 37.42445700297192 23.24640016677854 0.0 1.6431676725154984 0.6085806194501846 1 0 0 0.7808413687704078 0.6247293468509032 1.7920229185364693
cell 36.85959553158353 48.56660597205037 0.0 1.0 1.0 1 0 0 0.0 1.0 0
cell 46.25332063072161 31.496963568523224 0.0 1.6431676725154984 0.6085806194501846 1 0 0 0.3062912172230768 -0.9519378604993112 5.660596221216668
cell 43.086278714231746 37.41742353947103 0.0 1.0 1.0 1 0 0 0.0 1.0 0
cell 47.29203025276571 19.285826220955272 0.0 1.0 1.0 1 0 0 0.0 1.0 0
cell 49.215575480958435 22.708013179396172 0.0 1.0 1.0 1 0 0 0.0 1.0 0
cell 46.69118807454823 55.01193297455157 0.0 1.0 1.0 1 0 0 0.0 1.0 0
cell 47.444898559086674 26.23183728778924 0.0 1.6431676725154984 0.6085806194501846 1 0 0 0.26275330636156846 -0.964863047274619 5.751435965006313
cell 38.41668191929268 7.768694960866497 0.0 1.0 1.0 1 0 0 0.0 1.0 0
cell 34.30701951339369 15.598079763072704 0.0 1.0 1.0 1 0 0 0.0 1.0 0
cell 8.358963335496435 40.308118968566625 0.0 1.0 1.0 1 0 0 0.0 1.0 0
cell 28.754064204548914 45.58989499742137 0.0 1.6431676725154984 0.6085806194501846 1 0 0 0.25307151263702266 0.9674475745442795 0.5117076105874192
cell 19.347186971930853 52.05474836741364 0.0 1.0 1.0 1 0 0 0.0 1.0 0
cell 6.286447015519583 37.11334704325465 0.0 1.0 1.0 1 0 0 0.0 1.0 0
cell 20.684437027800485 50.49251962427863 0.0 1.0 1.0 1 0 0 0.0 1.0 0
cell 52.43157166125263 11.479545087091948 0.0 1.0 1.0 1 0 0 0.0 1.0 0
cell 13.777472887708617 25.914198811396222 0.0 1.0 1.0 1 0 0 0.0 1.0 0
cell 20.35744692283909 36.56652227910714 0.0 1.0 1.0 1 0 0 0.0 1.0 0
cell 25.846429835373897 16.700149739952288 0.0 1.0 1.0 1 0 0 0.0 1.0 0
cell 45.47722018186354 5.424495319040211 0.0 1.6431676725154984 0.6085806194501846 1 0 0 0.9287074233923656 -0.37081332464720507 3.9013619087260674
cell 26.16565834678666 44.579198593358484 0.0 1.6431676725154984 0.6085806194501846 1 0 0 0.30772985223589555 0.9514737716000762 0.6256123620942846
cell 10.170594299576255 46.15306575739401 0.0 1.0 1.0 1 0 0 0.0 1.0 0
cell 38.4023250385363 52.37172366372936 0.0 1.0 1.0 1 0 0 0.0 1.0 0
cell 15.129283007757186 35.8660148360931 0.0 1.0 1.0 1 0 0 0.0 1.0 0
cell 4.402984716781913 40.461429942900246 0.0 1.0 1.0 1 0 0 0.0 1.0 0
cell 7.824559162727143 23.503270805512706 0.0 1.6431676725154984 0.6085806194501846 1 0 0 0.23345325586078233 0.9723680256610663 0.47125513056973184
cell 43.587744456489034 52.44701203191528 0.0 1.0 1.0 1 0 0 0.0 1.0 0
cell 48.81654570321077 3.7811290312031165 0.0 1.0 1.0 1 0 0 0.0 1.0 0
cell 33.730088911902136 36.485137209205824 0.0 1.6431676725154984 0.6085806194501846 1 0 0 0.7022231722866443 -0.711956892166711 4.726154647738906
cell 3.0958098434668604 3.737969927310326 0.0 1.0 1.0 1 0 0 0.0 1.0 0
cell 48.62861587439436 32.62538536520419 0.0 1.0 1.0 1 0 0 0.0 1.0 0
cell 45.66337916121177 24.109200218131846 0.0 1.0 1.0 1 0 0 0.0 1.0 0
cell 23.262979767467833 32.37135229990326 0.0 1.0 1.0 1 0 0 0.0 1.0 0
cell 49.17033104164179 1.9914741347339024 0.0 1.0 1.0 1 0 0 0.0 1.0 0
cell 24.52588023722658 51.03840735885453 0.0 1.0 1.0 1 0 0 0.0 1.0 0
cell 35.449223851253095 33.03675647422283 0.0 1.6431676725154984 0.6085806194501846 1 0 0 0.4908224580092641 -0.8712596138429373 5.257118328173483
cell 49.40192147034488 48.76140792564161 0.0 1.0 1.0 1 0 0 0.0 1.0 0
cell 52.48685504501813 7.658384056863569 0.0 1.6431676725154984 0.6085806194501846 1 0 0 0.9955651925651248 -0.09407415879382681 3.3300195993576445
cell 46.600372607856414 4.437457726533228 0.0 1.0 1.0 1 0 0 0.0 1.0 0
cell 3.0522023169907797 32.82179330684838 0.0 1.6431676725154984 0.6085806194501846 1 0 0 0.9924681019309877 -0.12250333321792767 3.3872163009874927
cell 17.53690063916902 56.97182653507473 0.0 1.0 1.0 1 0 0 0.0 1.0 0
cell 20.032777600324046 30.07612609908091 0.0 1.0 1.0 1 0 0 0.0 1.0 0
cell 3.140013748967613 48.11950298379276 0.0 1.0 1.0 1 0 0 0.0 1.0 0
cell 48.714617124069726 43.24423771680761 0.0 1.0 1.0 1 0 0 0.0 1.0 0
cell 48.585023796761654 54.39242821754241 0.0 1.0 1.0 1 0 0 0.0 1.0 0
cell 21.55260225372382 21.42205687353115 0.0 1.0 1.0 1 0 0 0.0 1.0 0
cell 30.073101418062343 24.489116315072298 0.0 1.0 1.0 1 0 0 0.0 1.0 0
cell 27.414284532572417 3.3618396530046346 0.0 1.0 1.0 1 0 0 0.0 1.0 0
cell 44.75406343234134 7.760347645763522 0.0 1.6431676725154984 0.6085806194501846 1 0 0 0.9180513217962966 -0.3964615625102548 3.9569113172914245
cell 3.242231495313396 58.86256331729012 0.0 1.0 1.0 1 0 0 0.0 1.0 0
cell 9.630463410397791 36.70626009170887 0.0 1.0 1.0 1 0 0 0.0 1.0 0
cell 55.55623814471554 55.504838249369946 0.0 1.0 1.0 1 0 0 0.0 1.0 0
cell 10.773752048881764 0.9060564063960821 0.0 1.0 1.0 1 0 0 0.0 1.0 0
cell 39.855085888116356 55.59873604099997 0.0 1.0 1.0 1 0 0 0.0 1.0 0
cell 53.35078511733312 30.30335696493542 0.0 1.0 1.0 1 0 0 0.0 1.0 0
cell 5.1151874096967616 58.14252866716684 0.0 1.0 1.0 1 0 0 0.0 1.0 0
cell 18.669145878493552 8.28428947753702 0.0 1.0 1.0 1 0 0 0.0 1.0 0
cell 28.290009399113153 55.406607066479786 0.0 1.0 1.0 1 0 0 0.0 1.0 0
cell 19.06420191728642 28.3412291213648 0.0 1.0 1.0 1 0 0 0.0 1.0 0
cell 38.798445880578704 2.95885026654586 0.0 1.6431676725154984 0.6085806194501846 1 0 0 0.9202222045124014 -0.39139633917850575 3.9458896484476704
cell 30.157120984659358 58.34611369740546 0.0 1.0 1.0 1 0 0 0.0 1.0 0
cell 23.95231518380472 38.231555308515816 0.0 1.0 1.0 1 0 0 0.0 1.0 0
cell 31.570622968555348 26.049355378826476 0.0 1.6431676725154984 0.6085806194501846 1 0 0 0.6556472227627811 0.7550673607589273 1.430078948068432
cell 16.021760931091944 16.558351513344817 0.0 1.0 1.0 1 0 0 0.0 1.0 0
cell 2.437507783465958 24.356541292624392 0.0 1.6431676725154984 0.6085806194501846 1 0 0 0.12237451770102424 0.9924839935321081 0.24536406326563498
cell 10.69887115436271 49.755803734484985 0.0 1.6431676725154984 0.6085806194501846 1 0 0 0.3249631274395911 -0.9457266866302759 5.621239828725287
cell 35.50812465578566 54.69331279821547 0.0 1.0 1.0 1 0 0 0.0 1.0 0
cell 10.867160205132697 23.770045726393064 0.0 1.6431676725154984 0.6085806194501846 1 0 0 0.004311958084077045 0.9999907034655278 0.008623942892431449
cell 22.14883129440003 37.38719160710667 0.0 1.0 1.0 1 0 0 0.0 1.0 0
cell 14.659455275170245 8.293624971586773 0.0 1.6431676725154984 0.6085806194501846 1 0 0 0.2761918132969793 -0.9611025347317145 5.723526247454081
cell 45.45882058193584 39.36391981766492 0.0 1.0 1.0 1 0 0 0.0 1.0 0
cell 57.77120548720229 53.05931736640527 0.0 1.0 1.0 1 0 0 0.0 1.0 0
cell 56.293104146387336 37.596629930997494 0.0 1.0 1.0 1 0 0 0.0 1.0 0
cell 10.993501498266284 42.45880334801203 0.0 1.0 1.0 1 0 0 0.0 1.0 0
cell 47.947646781169404 58.066940586620845 0.0 1.0 1.0 1 0 0 0.0 1.0 0
cell 12.327841443010618 18.97200294534314 0.0 1.6431676725154984 0.6085806194501846 1 0 0 -0.0620160431322524 0.9980751526785038 6.159073578649018
cell 7.2646653224062625 24.84446385890337 0.0 1.6431676725154984 0.6085806194501846 1 0 0 0.28138454542858693 0.959595090438643 0.5704732959945041
cell 16.758907905136674 34.70073581624033 0.0 1.0 1.0 1 0 0 0.0 1.0 0
cell 2.5854730484614383 51.83323124086501 0.0 1.0 1.0 1 0 0 0.0 1.0 0
cell 41.66753328858924 26.089472441661208 0.0 1.0 1.0 1 0 0 0.0 1.0 0
cell 15.712472953186412 6.385193565913412 0.0 1.0 1.0 1 0 0 0.0 1.0 0
cell 7.090928629638084 57.192666182750806 0.0 1.0 1.0 1 0 0 0.0 1.0 0
cell 9.82767566927521 55.19023869376868 0.0 1.0 1.0 1 0 0 0.0 1.0 0
cell 57.79453100406806 36.28201749182221 0.0 1.0 1.0 1 0 0 0.0 1.0 0
cell 49.96344071603338 38.74269962462487 0.0 1.0 1.0 1 0 0 0.0 1.0 0
cell 43.722522970671555 50.49300723919092 0.0 1.0 1.0 1 0 0 0.0 1.0 0
cell 53.99364651885305 14.254656889000008 0.0 1.0 1.0 1 0 0 0.0 1.0 0
cell 57.84699713530368 44.63292816595843 0.0 1.0 1.0 1 0 0 0.0 1.0 0
cell 58.412726799630484 23.429629120928723 0.0 1.6431676725154984 0.6085806194501846 1 0 0 0.09556393485741062 0.9954232940586475 0.19141998323753975
cell 10.589878986518563 18.212788708690617 0.0 1.6431676725154984 0.6085806194501846 1 0 0 0.15479603487437105 -0.9879464497568542 5.972343314422286
cell 36.28294708535382 17.71721490268093 0.0 1.6431676725154984 0.6085806194501846 1 0 0 0.9794399448473041 -0.20173595226808186 3.547852635751448
cell 43.182665349626376 9.217913835321207 0.0 1.0 1.0 1 0 0 0.0 1.0 0
cell 16.031477545777257 30.861057914306304 0.0 1.0 1.0 1 0 0 0.0 1.0 0
cell 8.196568493734892 45.951035311777645 0.0 1.0 1.0 1 0 0 0.0 1.0 0
cell 49.850345527197035 27.107624108737767 0.0 1.6431676725154984 0.6085806194501846 1 0 0 -0.4151190318211777 0.9097671072422041 5.427038033674638
cell 24.81593891718347 5.148946134936506 0.0 1.0 1.0 1 0 0 0.0 1.0 0
cell 20.034272952282283 18.64515625690299 0.0 1.0 1.0 1 0 0 0.0 1.0 0
cell 43.91478389204031 2.294741286903456 0.0 1.0 1.0 1 0 0 0.0 1.0 0
cell 3.54352185737159 56.898596670862815 0.0 1.0 1.0 1 0 0 0.0 1.0 0
cell 26.66536519299536 30.232054528649737 0.0 1.0 1.0 1 0 0 0.0 1.0 0
cell 54.89746366220429 35.444557499569086 0.0 1.6431676725154984 0.6085806194501846 1 0 0 0.9114920904131045 0.4113176012698082 2.29379438397359
cell 17.755967821112446 6.555956505033696 0.0 1.0 1.0 1 0 0 0.0 1.0 0
cell 24.559288906115324 17.52315015740021 0.0 1.6431676725154984 0.6085806194501846 1 0 0 0.5257565161763882 0.8506351072569643 1.1072084468661285
cell 21.584510646649626 47.2702444849481 0.0 1.0 1.0 1 0 0 0.0 1.0 0
cell 50.15578771718855 55.582820735018636 0.0 1.0 1.0 1 0 0 0.0 1.0 0
cell 32.25142450913244 36.02066338632559 0.0 1.0 1.0 1 0 0 0.0 1.0 0
cell 41.82563077201574 2.473305415633752 0.0 1.6431676725154984 0.6085806194501846 1 0 0 0.9572980967378746 -0.2891026703128889 3.7281713501949096
cell 18.331676144988663 58.77972027454878 0.0 1.0 1.0 1 0 0 0.0 1.0 0
cell 54.05561254913054 33.5942254631168 0.0 1.6431676725154984 0.6085806194501846 1 0 0 0.9030140342032337 0.42961104970892117 2.2534686370764763
cell 39.30978229337405 42.51263934702383 0.0 1.0 1.0 1 0 0 0.0 1.0 0
cell 57.23150738103913 3.3974803455827915 0.0 1.6431676725154984 0.6085806194501846 1 0 0 0.7514948870529035 -0.6597389140662719 4.582535225113881
cell 28.197029161070663 28.846599165380905 0.0 1.0 1.0 1 0 0 0.0 1.0 0
cell 35.93705388668867 25.65787085658538 0.0 1.6431676725154984 0.6085806194501846 1 0 0 0.4698946945650955 0.8827224796160884 0.978342956057185
cell 15.131372089447307 49.755200974936066 0.0 1.0 1.0 1 0 0 0.0 1.0 0
cell 5.0928598758034545 38.56633925840716 0.0 1.0 1.0 1 0 0 0.0 1.0 0
cell 4.888588502333709 47.21456943286268 0.0 1.0 1.0 1 0 0 0.0 1.0 0
cell 14.812493943263961 54.9091013523992 0.0 1.0 1.0 1 0 0 0.0 1.0 0
cell 13.578130945225471 56.441188062619645 0.0 1.0 1.0 1 0 0 0.0 1.0 0
cell 40.002314483460744 53.647692930838474 0.0 1.0 1.0 1 0 0 0.0 1.0 0
cell 1.3603519551392833 13.93958295445534 0.0 1.6431676725154984 0.6085806194501846 1 0 0 0.7395818758394527 0.6730666006643001 1.6648978471266924
cell 22.457444431869895 24.56793731519424 0.0 1.0 1.0 1 0 0 0.0 1.0 0
cell 1.9715396064293118 34.1353854391695 0.0 1.0 1.0 1 0 0 0.0 1.0 0
cell 38.64308615645625 40.66784421500622 0.0 1.0 1.0 1 0 0 0.0 1.0 0
cell 47.47449401770434 29.04071285776408 0.0 1.6431676725154984 0.6085806194501846 1 0 0 0.3901505788489872 -0.9207510661540395 5.481595054802379
cell 0.22928634679760174 1.6662871707624445 0.0 1.0 1.0 1 0 0 0.0 1.0 0
cell 1.578813110616768 18.40647253737014 0.0 1.0 1.0 1 0 0 0.0 1.0 0
cell 33.01054728067443 52.39672683617579 0.0 1.0 1.0 1 0 0 0.0 1.0 0
cell 2.517761490711433 40.91336391401463 0.0 1.0 1.0 1 0 0 0.0 1.0 0
cell 32.66395085950943 39.99935981687093 0.0 1.0 1.0 1 0 0 0.0 1.0 0
cell 15.554042324953166 19.22843758861542 0.0 1.6431676725154984 0.6085806194501846 1 0 0 0.1304466206925783 0.9914553339156972 0.26163887235289635
cell 43.11129536569523 43.32923245613509 0.0 1.0 1.0 1 0 0 0.0 1.0 0
cell 39.59850400806526 30.422606947561537 0.0 1.6431676725154984 0.6085806194501846 1 0 0 0.02898819250424089 0.999579754044337 0.057984507821037756
cell 5.159161340284259 1.0982484278616795 0.0 1.0 1.0 1 0 0 0.0 1.0 0
cell 34.78601571558373 38.496687173939996 0.0 1.6431676725154984 0.6085806194501846 1 0 0 0.8118087217945902 -0.5839234532181711 4.38869928438608
cell 54.60642061840724 38.0838004566148 0.0 1.0 1.0 1 0 0 0.0 1.0 0
cell 32.51924649387326 9.819633230274675 0.0 1.0 1.0 1 0 0 0.0 1.0 0
cell 34.97921010507812 28.2648402113582 0.0 1.6431676725154984 0.6085806194501846 1 0 0 0.2725218757870934 0.9621495867158516 0.5520262943389183
cell 24.949366451716944 31.30100893709145 0.0 1.0 1.0 1 0 0 0.0 1.0 0
cell 11.572252136491754 38.96972320206221 0.0 1.0 1.0 1 0 0 0.0 1.0 0
cell 15.160320999198548 37.62172972153032 0.0 1.0 1.0 1 0 0 0.0 1.0 0
cell 41.21742296361054 37.64176851520222 0.0 1.0 1.0 1 0 0 0.0 1.0 0
cell 37.45388466026735 9.213582782749679 0.0 1.0 1.0 1 0 0 0.0 1.0 0
cell 24.427675540023714 44.68166127859282 0.0 1.6431676725154984 0.6085806194501846 1 0 0 -0.22092827109171462 -0.9752900589221782 0.44553231563584017
cell 39.63185537859701 1.2441541253854767 0.0 1.6431676725154984 0.6085806194501846 1 0 0 0.9999897275527795 -0.004532635978981011 3.1506579565887254
cell 37.05172852914834 44.39471884054387 0.0 1.6431676725154984 0.6085806194501846 1 0 0 0.7594551569860362 -0.6505596548567357 4.558234894814271
cell 28.686921920864805 8.699296197076787 0.0 1.0 1.0 1 0 0 0.0 1.0 0
cell 22.606210629299664 55.71745848087469 0.0 1.0 1.0 1 0 0 0.0 1.0 0
cell 43.76948826422211 33.53861624372947 0.0 1.0 1.0 1 0 0 0.0 1.0 0
cell 4.841648279920063 29.464426826773863 0.0 1.6431676725154984 0.6085806194501846 1 0 0 0.9973389748980578 -0.07290383494228106 3.2875297939176864
cell 19.791655104977202 6.604185070132383 0.0 1.0 1.0 1 0 0 0.0 1.0 0
cell 56.01148038392437 45.18331395944212 0.0 1.0 1.0 1 0 0 0.0 1.0 0
cell 26.32893622932234 11.901633530675621 0.0 1.0 1.0 1 0 0 0.0 1.0 0
cell 39.78974394737107 32.28824036683339 0.0 1.6431676725154984 0.6085806194501846 1 0 0 0.08356224364876137 0.9965025596737748 0.16731959625138418
cell 47.09757410277757 17.374296468280534 0.0 1.0 1.0 1 0 0 0.0 1.0 0
cell 45.69918290902036 44.76363145826009 0.0 1.0 1.0 1 0 0 0.0 1.0 0
cell 16.726834135371448 18.70512477283727 0.0 1.6431676725154984 0.6085806194501846 1 0 0 -0.2831031357745776 -0.9590894715899039 0.5740561462876546
cell 58.99461633041535 27.77762000788349 0.0 1.0 1.0 1 0 0 0.0 1.0 0
cell 35.46098837279332 44.65434379647918 0.0 1.0 1.0 1 0 0 0.0 1.0 0
cell 12.101230467705559 46.582156838206 0.0 1.6431676725154984 0.6085806194501846 1 0 0 -0.25423044659763044 0.9671436708280572 5.769081461574059
cell 12.00866588366514 29.326930278053034 0.0 1.0 1.0 1 0 0 0.0 1.0 0
cell 41.88615844925716 39.538817089967374 0.0 1.0 1.0 1 0 0 0.0 1.0 0
cell 30.308428027141254 33.167955774444025 0.0 1.0 1.0 1 0 0 0.0 1.0 0
cell 53.972486390325344 47.6746464608101 0.0 1.6431676725154984 0.6085806194501846 1 0 0 0.7733120137244316 0.6340256536051712 1.7680968479459038
cell 41.744999808422335 29.91435269313212 0.0 1.6431676725154984 0.6085806194501846 1 0 0 0.33375691442947614 0.9426591759859527 0.6805724415104601
cell 8.892580546481408 1.64965162874167 0.0 1.0 1.0 1 0 0 0.0 1.0 0
cell 21.414629326575948 31.488379831409738 0.0 1.0 1.0 1 0 0 0.0 1.0 0
cell 57.86214598927646 15.992825687773182 0.0 1.6431676725154984 0.6085806194501846 1 0 0 0.6780373981569968 -0.735027405407778 4.793006851242447
cell 31.950182166346586 34.06556158546495 0.0 1.0 1.0 1 0 0 0.0 1.0 0
cell 13.206272714449762 49.23429051863472 0.0 1.0 1.0 1 0 0 0.0 1.0 0
cell 42.345829234754994 13.581458824578514 0.0 1.0 1.0 1 0 0 0.0 1.0 0
cell 0.18955407418491457 32.245077901391774 0.0 1.6431676725154984 0.6085806194501846 1 0 0 0.9942269434562504 0.1072976463192078 2.9265834480569857
cell 43.42433443075455 18.86043392224957 0.0 1.0 1.0 1 0 0 0.0 1.0 0
cell 20.176779349019053 48.76699825125724 0.0 1.0 1.0 1 0 0 0.0 1.0 0
cell 10.298428240448414 51.95291175486746 0.0 1.0 1.0 1 0 0 0.0 1.0 0
cell 25.1261288530046 33.145320287120555 0.0 1.0 1.0 1 0 0 0.0 1.0 0
cell 3.593223580828878 42.266572603678505 0.0 1.0 1.0 1 0 0 0.0 1.0 0
cell 37.58947564020346 42.3797049394547 0.0 1.6431676725154984 0.6085806194501846 1 0 0 0.8511652461335689 -0.5248978222229361 4.246782781729247
cell 22.742112096637218 20.00927804019053 0.0 1.0 1.0 1 0 0 0.0 1.0 0
cell 33.297049059193796 6.457701000381975 0.0 1.0 1.0 1 0 0 0.0 1.0 0
cell 52.86571808028856 39.216233867317776 0.0 1.0 1.0 1 0 0 0.0 1.0 0
cell 48.51796950758629 11.01163612576816 0.0 1.0 1.0 1 0 0 0.0 1.0 0
cell 51.00467978435404 10.301577508889595 0.0 1.0 1.0 1 0 0 0.0 1.0 0
cell 36.63440786801225 53.05737122014901 0.0 1.0 1.0 1 0 0 0.0 1.0 0
cell 27.174951942573646 24.424822198756612 0.0 1.0 1.0 1 0 0 0.0 1.0 0
cell 28.910173618943723 36.64556632546214 0.0 1.0 1.0 1 0 0 0.0 1.0 0
cell 28.590484792121575 30.794145195006255 0.0 1.0 1.0 1 0 0 0.0 1.0 0
cell 41.51695815279502 54.956545099415074 0.0 1.0 1.0 1 0 0 0.0 1.0 0
cell 39.39401156984654 59.074175913324254 0.0 1.0 1.0 1 0 0 0.0 1.0 0
cell 36.874863069517644 0.4212255731628713 0.0 1.6431676725154984 0.6085806194501846 1 0 0 0.9973498372014118 -0.0727550839070188 3.287231499699392
cell 18.53300281606101 35.859372258498155 0.0 1.0 1.0 1 0 0 0.0 1.0 0
cell 8.919788351264877 53.390045790995146 0.0 1.0 1.0 1 0 0 0.0 1.0 0
cell 26.871312762053996 22.504964468047948 0.0 1.0 1.0 1 0 0 0.0 1.0 0
cell 30.008755531173904 44.46679823699626 0.0 1.0 1.0 1 0 0 0.0 1.0 0
cell 14.845206720764505 34.4597212123382 0.0 1.6431676725154984 0.6085806194501846 1 0 0 0.2779001716913748 -0.960609959647465 5.719970340003065
cell 50.651048676638176 3.1343618045651582 0.0 1.0 1.0 1 0 0 0.0 1.0 0
cell 40.689339327919456 35.76736773437157 0.0 1.0 1.0 1 0 0 0.0 1.0 0
cell 11.806649447649725 4.429986660683043 0.0 1.0 1.0 1 0 0 0.0 1.0 0
cell 14.206334009792272 17.01227067108753 0.0 1.6431676725154984 0.6085806194501846 1 0 0 -0.14286157675626887 -0.989742678622435 0.2867040975086166
cell 27.713868399514872 6.933292700486597 0.0 1.0 1.0 1 0 0 0.0 1.0 0
cell 46.137546387548326 41.28755608691251 0.0 1.0 1.0 1 0 0 0.0 1.0 0
cell 24.58305918659962 19.80541075332749 0.0 1.0 1.0 1 0 0 0.0 1.0 0
cell 7.496922415163569 11.120700317632636 0.0 1.6431676725154984 0.6085806194501846 1 0 0 0.9687435660314813 0.2480643127751532 2.6402294528993875
cell 13.70625859101839 33.24200675349921 0.0 1.0 1.0 1 0 0 0.0 1.0 0
cell 19.44587749596359 41.275254793791184 0.0 1.0 1.0 1 0 0 0.0 1.0 0
cell 27.798161870143065 41.774433734501905 0.0 1.0 1.0 1 0 0 0.0 1.0 0
cell 4.18497412161724 53.00792645830977 0.0 1.0 1.0 1 0 0 0.0 1.0 0
cell 12.164658435580694 21.814237164460163 0.0 1.6431676725154984 0.6085806194501846 1 0 0 0.3686505098367918 -0.9295680725998895 5.528071580975333
cell 53.422636123652175 44.185116607072196 0.0 1.0 1.0 1 0 0 0.0 1.0 0
cell 5.002522626638084 3.1184362352413206 0.0 1.0 1.0 1 0 0 0.0 1.0 0
cell 46.137528284928024 58.78427633707459 0.0 1.0 1.0 1 0 0 0.0 1.0 0
cell 36.79091000068539 7.079777498547117 0.0 1.0 1.0 1 0 0 0.0 1.0 0
cell 18.065976556485023 53.59632783127258 0.0 1.0 1.0 1 0 0 0.0 1.0 0
cell 54.76241509939857 44.68363960706204 0.0 1.6431676725154984 0.6085806194501846 1 0 0 0.8378102399503498 0.5459615387866963 1.9865199195678052
cell 20.01042430705332 22.710332184570188 0.0 1.0 1.0 1 0 0 0.0 1.0 0
cell 32.341497507973436 15.154471126490888 0.0 1.0 1.0 1 0 0 0.0 1.0 0
cell 42.39012777359875 46.772183493676614 0.0 1.0 1.0 1 0 0 0.0 1.0 0
cell 34.39114373276548 3.1880391243390376 0.0 1.0 1.0 1 0 0 0.0 1.0 0
cell 47.60825945316405 47.87988964276654 0.0 1.0 1.0 1 0 0 0.0 1.0 0
cell 23.751398906159494 36.258046601885404 0.0 1.0 1.0 1 0 0 0.0 1.0 0
cell 30.034851635644195 27.79458079366727 0.0 1.6431676725154984 0.6085806194501846 1 0 0 0.9175316851180074 -0.39766267967274677 3.9595287243747057
cell 9.077217752061639 14.251187581512527 0.0 1.0 1.0 1 0 0 0.0 1.0 0
cell 39.42089382958852 9.462244371320846 0.0 1.0 1.0 1 0 0 0.0 1.0 0
cell 26.672690059765426 8.59903671850703 0.0 1.0 1.0 1 0 0 0.0 1.0 0
cell 15.976658687229833 42.76892169447184 0.0 1.6431676725154984 0.6085806194501846 1 0 0 0.030567945435224685 0.9995326911671619 0.06114541576483579
cell 31.904310135259152 50.88896819951403 0.0 1.0 1.0 1 0 0 0.0 1.0 0
cell 52.566313219246474 47.581737335744435 0.0 1.0 1.0 1 0 0 0.0 1.0 0
cell 5.890019854197738 4.931174965172421 0.0 1.6431676725154984 0.6085806194501846 1 0 0 0.878416329209351 0.47789617342930163 2.1450764024599374
cell 43.255283738439275 54.32659861451895 0.0 1.0 1.0 1 0 0 0.0 1.0 0
cell 33.25111806917403 29.41150755880686 0.0 1.6431676725154984 0.6085806194501846 1 0 0 0.6061446221518793 0.7953544474235091 1.3024084284827755
cell 8.362554326571505 22.42294008815154 0.0 1.6431676725154984 0.6085806194501846 1 0 0 0.22419572913728394 0.9745441370387499 0.45223535734842885
cell 32.17835308202024 58.24853898208321 0.0 1.0 1.0 1 0 0 0.0 1.0 0
cell 34.15456168345085 47.296998774938494 0.0 1.6431676725154984 0.6085806194501846 1 0 0 -0.030112299419250577 -0.9995465218906449 0.06023370400252581
cell 51.568651780370224 6.263722240414939 0.0 1.0 1.0 1 0 0 0.0 1.0 0
cell 30.294397260236543 55.229163404110146 0.0 1.0 1.0 1 0 0 0.0 1.0 0
cell 13.468870905566812 13.145566641237906 0.0 1.6431676725154984 0.6085806194501846 1 0 0 0.6739756545749508 0.7387535563638706 1.4791544750234835
cell 48.653065417047706 15.736980534565197 0.0 1.0 1.0 1 0 0 0.0 1.0 0
cell 11.583237490158549 56.2350185151363 0.0 1.0 1.0 1 0 0 0.0 1.0 0
cell 22.546805756789297 15.762936223303306 0.0 1.0 1.0 1 0 0 0.0 1.0 0
cell 1.8842057500212093 27.89977158950269 0.0 1.0 1.0 1 0 0 0.0 1.0 0
cell 5.3320616292824825 22.834322517377647 0.0 1.6431676725154984 0.6085806194501846 1 0 0 0.3317652440205948 0.9433619787016833 0.6763483750654364
cell 19.743865671534223 47.05833513289686 0.0 1.0 1.0 1 0 0 0.0 1.0 0
cell 0.6473254666526366 52.487739111612704 0.0 1.0 1.0 1 0 0 0.0 1.0 0
cell 24.01675506849216 49.32235158338353 0.0 1.0 1.0 1 0 0 0.0 1.0 0
cell 7.93774362916008 6.941537137835656 0.0 1.6431676725154984 0.6085806194501846 1 0 0 -0.25353020129767145 0.9673274714541928 5.770529392750841
cell 56.49784437757359 50.11939646407081 0.0 1.0 1.0 1 0 0 0.0 1.0 0
cell 55.15451629466304 36.62480263554285 0.0 1.6431676725154984 0.6085806194501846 1 0 0 0.9793474677437645 0.20218441439407803 2.734416876043141
cell 32.466521931539454 38.04234192887861 0.0 1.0 1.0 1 0 0 0.0 1.0 0
cell 1.1534904611104544 4.000178805771623 0.0 1.0 1.0 1 0 0 0.0 1.0 0
cell 22.011229638940993 3.2554556645337676 0.0 1.0 1.0 1 0 0 0.0 1.0 0
cell 48.87711203030776 52.55210588516475 0.0 1.0 1.0 1 0 0 0.0 1.0 0
cell 50.17313051280387 8.600507793447205 0.0 1.6431676725154984 0.6085806194501846 1 0 0 0.9644666769306575 -0.2642045213283353 3.6763507395249415
cell 59.042075154357306 45.89481928579735 0.0 1.0 1.0 1 0 0 0.0 1.0 0
cell 16.78845507039718 27.52628263769578 0.0 1.6431676725154984 0.6085806194501846 1 0 0 0.7423886753866172 0.6699694430775958 1.6732574007630518
cell 17.002260662110885 38.46851783978109 0.0 1.0 1.0 1 0 0 0.0 1.0 0
cell 51.3420644049314 40.04820245252492 0.0 1.0 1.0 1 0 0 0.0 1.0 0
cell 28.551859465560142 21.193880315086176 0.0 1.0 1.0 1 0 0 0.0 1.0 0
cell 51.07831554631905 48.27114935900786 0.0 1.0 1.0 1 0 0 0.0 1.0 0
cell 37.61516951353699 14.572348733844962 0.0 1.0 1.0 1 0 0 0.0 1.0 0
cell 13.52364418487838 6.028850155589043 0.0 1.0 1.0 1 0 0 0.0 1.0 0
cell 50.393416649255 11.817163206039897 0.0 1.0 1.0 1 0 0 0.0 1.0 0
cell 29.153914143579435 38.581919369980156 0.0 1.0 1.0 1 0 0 0.0 1.0 0
cell 10.224001776394038 3.160537293176816 0.0 1.0 1.0 1 0 0 0.0 1.0 0
cell 47.70490398668297 45.006274485189195 0.0 1.0 1.0 1 0 0 0.0 1.0 0
cell 14.816151490560678 11.739294639646765 0.0 1.0 1.0 1 0 0 0.0 1.0 0
cell 24.587706998694493 15.169754573544536 0.0 1.0 1.0 1 0 0 0.0 1.0 0
cell 44.41200057666522 26.565508698478208 0.0 1.6431676725154984 0.6085806194501846 1 0 0 0.002002874964374449 0.999997994243927 0.0040057526069367955
cell 18.360408519255536 48.5553569218113 0.0 1.0 1.0 1 0 0 0.0 1.0 0
cell 15.183128746720019 32.48354326586488 0.0 1.6431676725154984 0.6085806194501846 1 0 0 0.5168262124024147 0.8560903376243504 1.0862789592241615
cell 55.15163313526409 31.203944975370586 0.0 1.0 1.0 1 0 0 0.0 1.0 0
cell 47.221402490763005 12.211048179402692 0.0 1.0 1.0 1 0 0 0.0 1.0 0
cell 55.21424126516764 57.31714549388037 0.0 1.0 1.0 1 0 0 0.0 1.0 0
cell 1.1993373179000248 44.70681050166509 0.0 1.0 1.0 1 0 0 0.0 1.0 0
cell 58.591411221870786 6.258434923055015 0.0 1.6431676725154984 0.6085806194501846 1 0 0 0.874059137836976 -0.4858195380629337 4.156193747091418
cell 12.063527764922178 2.4634382641411743 0.0 1.0 1.0 1 0 0 0.0 1.0 0
cell 8.88557098284638 47.681319579655565 0.0 1.0 1.0 1 0 0 0.0 1.0 0
cell 26.825627467140116 46.47154694711703 0.0 1.0 1.0 1 0 0 0.0 1.0 0
cell 3.273301242264017 31.711304148989832 0.0 1.6431676725154984 0.6085806194501846 1 0 0 0.999295673557923 -0.037525415499590695 3.2166611096495172
cell 57.73987742371675 41.74699338864156 0.0 1.0 1.0 1 0 0 0.0 1.0 0
cell 52.22232175134134 33.60796633658017 0.0 1.0 1.0 1 0 0 0.0 1.0 0
cell 2.6005742833520538 25.52246261095415 0.0 1.6431676725154984 0.6085806194501846 1 0 0 0.13725707729115305 0.9905354585947392 0.2753834968389808
cell 28.49077199469072 52.040072700586805 0.0 1.0 1.0 1 0 0 0.0 1.0 0
cell 13.458005714897197 30.016878349327243 0.0 1.0 1.0 1 0 0 0.0 1.0 0
cell 10.565780219030735 48.44284085967537 0.0 1.6431676725154984 0.6085806194501846 1 0 0 0.2851220937361653 -0.9584912058352467 5.704917693308155
cell 56.67518806448691 9.369585982650742 0.0 1.6431676725154984 0.6085806194501846 1 0 0 0.9999386300505482 -0.01107863405988891 3.163750374984173
cell 32.3613842038646 1.270612006691441 0.0 1.0 1.0 1 0 0 0.0 1.0 0
cell 27.963594934996348 19.30549271229629 0.0 1.0 1.0 1 0 0 0.0 1.0 0
cell 39.970234899611135 2.482700543808094 0.0 1.6431676725154984 0.6085806194501846 1 0 0 0.966227973406069 -0.2576887723739642 3.662851506559143
cell 31.255248453673126 19.23352010601776 0.0 1.0 1.0 1 0 0 0.0 1.0 0
cell 22.926043298110073 45.773559511901695 0.0 1.0 1.0 1 0 0 0.0 1.0 0
cell 46.22873815175387 25.49848141769595 0.0 1.6431676725154984 0.6085806194501846 1 0 0 -0.06431454142623344 0.9979296767614105 6.154467382824051
cell 31.76213996669391 13.20361929163846 0.0 1.0 1.0 1 0 0 0.0 1.0 0
cell 25.50108535850116 10.236868565467248 0.0 1.0 1.0 1 0 0 0.0 1.0 0
cell 48.3362845535771 37.95583109107946 0.0 1.0 1.0 1 0 0 0.0 1.0 0
cell 21.82675661077739 53.98944276171859 0.0 1.0 1.0 1 0 0 0.0 1.0 0
cell 36.197898562938036 46.535449483572414 0.0 1.0 1.0 1 0 0 0.0 1.0 0
cell 52.65248206704214 2.807439431903562 0.0 1.0 1.0 1 0 0 0.0 1.0 0
cell 16.532444418911002 48.33931461041807 0.0 1.0 1.0 1 0 0 0.0 1.0 0
cell 54.24010139967969 52.44829259081149 0.0 1.0 1.0 1 0 0 0.0 1.0 0
cell 38.15975374286595 11.040809830055302 0.0 1.0 1.0 1 0 0 0.0 1.0 0
cell 34.85565973771321 48.756078668899214 0.0 1.0 1.0 1 0 0 0.0 1.0 0
cell 45.45074348985519 11.643940780686696 0.0 1.0 1.0 1 0 0 0.0 1.0 0
cell 21.726765777175512 33.41250985544708 0.0 1.0 1.0 1 0 0 0.0 1.0 0
cell 55.08371097100136 5.978123423105928 0.0 1.0 1.0 1 0 0 0.0 1.0 0
cell 17.843951386695036 24.210594266289714 0.0 1.6431676725154984 0.6085806194501846 1 0 0 0.8796534470484119 0.47561519434922056 2.150266134587758
cell 5.805644966332591 35.235266578736145 0.0 1.0 1.0 1 0 0 0.0 1.0 0
cell 54.54362128602571 50.6274210451122 0.0 1.0 1.0 1 0 0 0.0 1.0 0
cell 29.538080640632632 19.419968070167048 0.0 1.6431676725154984 0.6085806194501846 1 0 0 0.858076676879861 -0.5135215833777727 4.2201602873649
cell 5.252128942842604 49.170868060602395 0.0 1.0 1.0 1 0 0 0.0 1.0 0
cell 8.95886290036789 19.783908114458853 0.0 1.6431676725154984 0.6085806194501846 1 0 0 -0.17862642979103413 0.9839169673199608 5.9240048044636255
cell 12.610812843818916 10.694909712005213 0.0 1.6431676725154984 0.6085806194501846 1 0 0 0.5104475706986816 -0.8599088774793608 5.211774914955601
cell 33.782511757627354 4.778202182415988 0.0 1.0 1.0 1 0 0 0.0 1.0 0
cell 34.31264638057386 1.3919172487714424 0.0 1.6431676725154984 0.6085806194501846 1 0 0 0.9514241954498784 0.3078830952042537 2.5156581660412165
cell 31.24675085293948 56.70165167086074 0.0 1.0 1.0 1 0 0 0.0 1.0 0
cell 13.765386005878073 43.504154913141974 0.0 1.0 1.0 1 0 0 0.0 1.0 0
cell 31.661363109195282 46.24107607860155 0.0 1.6431676725154984 0.6085806194501846 1 0 0 0.14324169262630929 0.9896877373664634 0.28747222931521593
cell 9.795214047224057 8.847803448938135 0.0 1.6431676725154984 0.6085806194501846 1 0 0 0.23068598112642996 -0.9730282514458336 5.817620066943164
cell 4.674696676464257 18.96429983920074 0.0 1.0 1.0 1 0 0 0.0 1.0 0
cell 37.366147827416896 5.312649218771279 0.0 1.0 1.0 1 0 0 0.0 1.0 0
cell 40.25536903997468 51.69934179129856 0.0 1.0 1.0 1 0 0 0.0 1.0 0
cell 49.198833484587034 50.72964327761038 0.0 1.0 1.0 1 0 0 0.0 1.0 0
cell 21.059891010378617 42.02348871521839 0.0 1.0 1.0 1 0 0 0.0 1.0 0
cell 17.53873673784341 41.40538204011254 0.0 1.6431676725154984 0.6085806194501846 1 0 0 0.15991475695192647 -0.9871308274534872 5.9619767111984325
cell 2.9489073134128367 13.289967587919868 0.0 1.6431676725154984 0.6085806194501846 1 0 0 0.9218342526797991 -0.38758432706480306 3.937611928930184
cell 33.63058498541234 0.354755524450248 0.0 1.0 1.0 1 0 0 0.0 1.0 0
cell 24.36475017357005 12.21154719921996 0.0 1.0 1.0 1 0 0 0.0 1.0 0
cell 20.46622047006208 38.434176181743744 0.0 1.0 1.0 1 0 0 0.0 1.0 0
cell 42.485685615489196 1.0966709917664679 0.0 1.0 1.0 1 0 0 0.0 1.0 0
cell 43.7443508567953 28.860989808078113 0.0 1.6431676725154984 0.6085806194501846 1 0 0 -0.0930163522453632 0.9956645811793079 6.096883292372299
cell 4.36098669766836 26.73285156465197 0.0 1.6431676725154984 0.6085806194501846 1 0 0 0.15973439476201837 -0.9871600291391521 5.962342132916928
cell 48.71719508628205 24.588974625428143 0.0 1.6431676725154984 0.6085806194501846 1 0 0 -0.028829282427879774 0.9995843498548251 6.225518752398455
cell 5.390957617705903 56.20560255736241 0.0 1.0 1.0 1 0 0 0.0 1.0 0
cell 41.26525044862443 9.828541000195814 0.0 1.0 1.0 1 0 0 0.0 1.0 0
cell 34.157129920479825 17.590761008362396 0.0 1.0 1.0 1 0 0 0.0 1.0 0
cell 27.917621962039174 26.57695753513613 0.0 1.6431676725154984 0.6085806194501846 1 0 0 0.8976376532751313 -0.4407342094990075 4.054425542758068
cell 6.8901595582754975 2.1009843384706217 0.0 1.0 1.0 1 0 0 0.0 1.0 0
cell 25.564246782935793 37.04393952261036 0.0 1.0 1.0 1 0 0 0.0 1.0 0
cell 34.93141956787467 29.925246713136374 0.0 1.0 1.0 1 0 0 0.0 1.0 0
cell 24.140845213065255 40.19973577250491 0.0 1.0 1.0 1 0 0 0.0 1.0 0
cell 27.4951063534471 10.304973767845283 0.0 1.0 1.0 1 0 0 0.0 1.0 0
cell 31.955410665672837 44.90140585953633 0.0 1.0 1.0 1 0 0 0.0 1.0 0
cell 26.796793905594836 32.0464925787689 0.0 1.0 1.0 1 0 0 0.0 1.0 0
cell 58.086599554132896 51.29843130797552 0.0 1.0 1.0 1 0 0 0.0 1.0 0
cell 58.65842169296984 25.631196978898046 0.0 1.6431676725154984 0.6085806194501846 1 0 0 0.01037320435277374 -0.9999461968683393 6.262438526392112
cell 15.428855639455584 26.409554843854632 0.0 1.6431676725154984 0.6085806194501846 1 0 0 -0.5944038603731383 -0.8041666809645316 1.273048263817521
cell 38.46950843028935 45.437764211199976 0.0 1.6431676725154984 0.6085806194501846 1 0 0 0.8071897271690612 -0.5902920839319603 4.404433945204378
cell 28.550728987266734 32.66658426533526 0.0 1.0 1.0 1 0 0 0.0 1.0 0
cell 26.276740980127958 58.94259406986995 0.0 1.0 1.0 1 0 0 0.0 1.0 0
cell 37.94081116110395 38.831412930626456 0.0 1.0 1.0 1 0 0 0.0 1.0 0
cell 25.948827452591104 49.85425463721025 0.0 1.0 1.0 1 0 0 0.0 1.0 0
cell 14.397129318029208 58.317900736756734 0.0 1.0 1.0 1 0 0 0.0 1.0 0
cell 17.978306923991124 3.119786105295619 0.0 1.0 1.0 1 0 0 0.0 1.0 0
cell 34.98986735253543 12.217379327355149 0.0 1.0 1.0 1 0 0 0.0 1.0 0
cell 18.204989078328897 26.565169501213063 0.0 1.0 1.0 1 0 0 0.0 1.0 0
cell 14.715441469461444 44.79269112010065 0.0 1.6431676725154984 0.6085806194501846 1 0 0 -0.4272128102661638 0.9041511017216574 5.40036957818736
cell 39.53762262592915 28.723790668460925 0.0 1.6431676725154984 0.6085806194501846 1 0 0 0.48424236590706216 0.8749339009666565 1.010994054037484
cell 35.553328135043444 27.10706011387021 0.0 1.6431676725154984 0.6085806194501846 1 0 0 0.14577334116328025 0.989318014091573 0.29258923749794274
cell 40.783341503963655 49.68106510571226 0.0 1.6431676725154984 0.6085806194501846 1 0 0 0.04742356378418854 0.9988748698400651 0.09488271537319391
cell 44.463373997999774 46.882409658990994 0.0 1.0 1.0 1 0 0 0.0 1.0 0
cell 53.29042020771181 24.471939706165212 0.0 1.6431676725154984 0.6085806194501846 1 0 0 -0.03173567676819667 0.9994962965514502 6.21970329458234
cell 0.10735233411915317 19.750354568128696 0.0 1.0 1.0 1 0 0 0.0 1.0 0
cell 4.70031232111618 24.07167405017668 0.0 1.6431676725154984 0.6085806194501846 1 0 0 0.13960149246546527 0.9902077677444339 0.2801179097570416
cell 56.291765862463194 19.21566804941536 0.0 1.0 1.0 1 0 0 0.0 1.0 0
cell 25.742862151741665 6.904254333585992 0.0 1.0 1.0 1 0 0 0.0 1.0 0
cell 30.098211019674984 30.17615744945051 0.0 1.6431676725154984 0.6085806194501846 1 0 0 0.8347162028168866 -0.5506803616935674 4.307950854353399
cell 35.62117988246834 14.130451696962185 0.0 1.0 1.0 1 0 0 0.0 1.0 0
cell 58.939338720881885 43.23726897651791 0.0 1.0 1.0 1 0 0 0.0 1.0 0
cell 19.471215917400272 11.698233719130625 0.0 1.6431676725154984 0.6085806194501846 1 0 0 0.9740514266098589 -0.22632679540721357 3.598202577852081
cell 41.79363108264126 44.88503564139195 0.0 1.0 1.0 1 0 0 0.0 1.0 0
cell 37.199722815101424 36.96997186040611 0.0 1.0 1.0 1 0 0 0.0 1.0 0
cell 42.011185813822884 33.899135766102646 0.0 1.0 1.0 1 0 0 0.0 1.0 0
cell 37.69393882355995 34.81008981716474 0.0 1.6431676725154984 0.6085806194501846 1 0 0 0.76845754501108 -0.6399007747421032 4.5303309257007776
cell 54.768975987177846 28.128955151033804 0.0 1.6431676725154984 0.6085806194501846 1 0 0 0.33850739272071645 -0.9409637320712327 5.592524926731333
cell 54.67194029152767 10.493117468114853 0.0 1.0 1.0 1 0 0 0.0 1.0 0
cell 18.750581490709123 39.50793392993042 0.0 1.0 1.0 1 0 0 0.0 1.0 0
cell 49.97063455167858 7.471066310956151 0.0 1.6431676725154984 0.6085806194501846 1 0 0 0.9927263250811132 -0.12039287142911698 3.382963899378814
cell 39.23476130763724 37.295278673704914 0.0 1.0 1.0 1 0 0 0.0 1.0 0
cell 6.90250987988161 17.907274633198234 0.0 1.0 1.0 1 0 0 0.0 1.0 0
cell 46.776610828153224 10.033241951798859 0.0 1.0 1.0 1 0 0 0.0 1.0 0
cell 35.814097999229304 2.351942562424845 0.0 1.6431676725154984 0.6085806194501846 1 0 0 0.9951948186419941 -0.09791462070665698 3.3377361641409555
cell 1.4851469866745606 30.796449479608714 0.0 1.6431676725154984 0.6085806194501846 1 0 0 0.978090680921595 0.20817929746814545 2.722166446909501
cell 39.72930096207555 57.51679597271864 0.0 1.0 1.0 1 0 0 0.0 1.0 0
cell 1.5112023799889214 46.94211381360277 0.0 1.0 1.0 1 0 0 0.0 1.0 0
cell 57.31039773922946 10.66595124053457 0.0 1.6431676725154984 0.6085806194501846 1 0 0 0.9974046370046599 -0.071999931122208 3.28571722261216
cell 17.187321509602736 1.3121253334365985 0.0 1.0 1.0 1 0 0 0.0 1.0 0
cell 31.208649078089003 41.27187211395261 0.0 1.0 1.0 1 0 0 0.0 1.0 0
cell 45.983855363548386 13.603975695789478 0.0 1.0 1.0 1 0 0 0.0 1.0 0
cell 30.110976463374108 14.274027189213172 0.0 1.0 1.0 1 0 0 0.0 1.0 0
cell 36.26497970263684 10.709189527964392 0.0 1.0 1.0 1 0 0 0.0 1.0 0
cell 3.022505852676683 44.18995283274782 0.0 1.0 1.0 1 0 0 0.0 1.0 0
cell 6.340844084581162 20.080114914058278 0.0 1.0 1.0 1 0 0 0.0 1.0 0
cell 58.7271435681073 47.70359176148352 0.0 1.0 1.0 1 0 0 0.0 1.0 0
cell 25.876666711351373 13.620459451763992 0.0 1.0 1.0 1 0 0 0.0 1.0 0
cell 14.176130346362354 15.62672657998902 0.0 1.6431676725154984 0.6085806194501846 1 0 0 0.9925630508497636 0.1217316314184999 2.897524048307115
cell 49.10426509191935 17.564342834960442 0.0 1.0 1.0 1 0 0 0.0 1.0 0
cell 6.874039085546103 47.475251504605225 0.0 1.0 1.0 1 0 0 0.0 1.0 0
cell 48.91110911143719 39.879564255203206 0.0 1.0 1.0 1 0 0 0.0 1.0 0
cell 26.629108817548055 20.60673730347025 0.0 1.0 1.0 1 0 0 0.0 1.0 0
cell 40.60087793539928 41.03062908395187 0.0 1.0 1.0 1 0 0 0.0 1.0 0
cell 38.26589878162724 54.36684271180233 0.0 1.0 1.0 1 0 0 0.0 1.0 0
cell 12.998622725828042 47.421998665487415 0.0 1.6431676725154984 0.6085806194501846 1 0 0 0.40511195230859776 -0.9142670868497434 5.4489827519185035
cell 13.247332212790258 19.92873423100322 0.0 1.6431676725154984 0.6085806194501846 1 0 0 -0.11906236763550798 0.9928867773381954 6.0444943490918455
cell 12.575684129069824 7.798637580536437 0.0 1.6431676725154984 0.6085806194501846 1 0 0 0.9971650047437803 0.07524595214585696 2.9909583732191996
cell 7.726640711198868 16.08820775481438 0.0 1.6431676725154984 0.6085806194501846 1 0 0 0.9847007619934047 0.17425386460451325 2.7912966751384234
cell 26.45109168990468 55.67761908234501 0.0 1.0 1.0 1 0 0 0.0 1.0 0
cell 19.612273364197492 10.02236784593584 0.0 1.0 1.0 1 0 0 0.0 1.0 0
cell 4.89758511227037 7.00441545326046 0.0 1.6431676725154984 0.6085806194501846 1 0 0 0.14390959328324093 0.9895908391658909 0.2888220153220963
cell 40.906839775467766 31.31810355055593 0.0 1.6431676725154984 0.6085806194501846 1 0 0 0.014899626978897943 -0.9998889943968229 6.253384950544776
cell 43.51977044061543 11.191756217319346 0.0 1.0 1.0 1 0 0 0.0 1.0 0
cell 0.9627049832518836 50.66196798508024 0.0 1.0 1.0 1 0 0 0.0 1.0 0
cell 34.217812914496555 24.958340688743753 0.0 1.6431676725154984 0.6085806194501846 1 0 0 0.6050864345132465 0.7961597872086021 1.2997488544502716
cell 35.94440322234323 58.1047766228249 0.0 1.0 1.0 1 0 0 0.0 1.0 0
cell 28.207217252867316 58.760986921544564 0.0 1.0 1.0 1 0 0 0.0 1.0 0
cell 21.67284230609922 17.562801614056966 0.0 1.0 1.0 1 0 0 0.0 1.0 0
cell 31.797923783281963 30.106797222769202 0.0 1.0 1.0 1 0 0 0.0 1.0 0
cell 27.3270681072973 57.238004910793045 0.0 1.0 1.0 1 0 0 0.0 1.0 0
cell 10.418237551449172 9.811581403412669 0.0 1.6431676725154984 0.6085806194501846 1 0 0 0.9698475429574666 0.2437124195016846 2.64920893483947
cell 2.1507214446775316 15.883141989767955 0.0 1.0 1.0 1 0 0 0.0 1.0 0
cell 42.38813811987677 35.75814481243094 0.0 1.0 1.0 1 0 0 0.0 1.0 0
cell 7.9113435829684295 36.69879053766399 0.0 1.6431676725154984 0.6085806194501846 1 0 0 0.49687710106135397 0.8678209184162738 1.0399930013546332
cell 20.076870824906397 26.655385880363365 0.0 1.0 1.0 1 0 0 0.0 1.0 0
cell 46.41380831965218 56.863680424063794 0.0 1.0 1.0 1 0 0 0.0 1.0 0
cell 10.858734907786193 21.48753904474601 0.0 1.6431676725154984 0.6085806194501846 1 0 0 0.4061052946933086 -0.9138262907260115 5.446809247437536
cell 2.875394896906566 5.406944308055674 0.0 1.6431676725154984 0.6085806194501846 1 0 0 0.9985213329670414 -0.05436126939028349 3.25036881223068
cell 57.660891456557415 38.26406714717931 0.0 1.0 1.0 1 0 0 0.0 1.0 0
cell 7.61395495443781 38.56506095048709 0.0 1.0 1.0 1 0 0 0.0 1.0 0
cell 43.79830471928188 4.722615935219913 0.0 1.6431676725154984 0.6085806194501846 1 0 0 0.7987346654783234 -0.6016834168923313 4.432806742743354
cell 30.910415133200413 39.323431731380026 0.0 1.0 1.0 1 0 0 0.0 1.0 0
cell 10.185795281443419 40.622027402561656 0.0 1.0 1.0 1 0 0 0.0 1.0 0
cell 38.63152479410314 23.30623829759967 0.0 1.6431676725154984 0.6085806194501846 1 0 0 0.8707480515144957 0.49172942842960815 2.113443088252002
cell 42.85421507996357 58.229733060344934 0.0 1.0 1.0 1 0 0 0.0 1.0 0
cell 35.52524146464678 5.5120932175576804 0.0 1.0 1.0 1 0 0 0.0 1.0 0
cell 11.866019645557348 43.970206659412 0.0 1.0 1.0 1 0 0 0.0 1.0 0
cell 19.185508273413216 45.35426088214314 0.0 1.0 1.0 1 0 0 0.0 1.0 0
cell 1.975210289177471 21.110341999904577 0.0 1.6431676725154984 0.6085806194501846 1 0 0 0.14944589683989015 0.9887699044356685 0.30001570509306275
cell 53.55893609324824 8.791140305786715 0.0 1.6431676725154984 0.6085806194501846 1 0 0 0.9926340382051403 -0.12115141846695851 3.384492180118086
cell 24.40380554733157 42.20202554570629 0.0 1.0 1.0 1 0 0 0.0 1.0 0
cell 29.64189074821812 42.51172413319046 0.0 1.0 1.0 1 0 0 0.0 1.0 0
cell 5.156120203655877 13.966647891711558 0.0 1.0 1.0 1 0 0 0.0 1.0 0
cell 41.149551029712754 17.23868942416492 0.0 1.6431676725154984 0.6085806194501846 1 0 0 0.7076901806450027 0.7065228999959191 1.5724471111073652
cell 22.83182892983493 27.516721818347925 0.0 1.0 1.0 1 0 0 0.0 1.0 0
cell 53.64216619521172 56.08916674341907 0.0 1.0 1.0 1 0 0 0.0 1.0 0
cell 26.225114034097963 28.482302020367584 0.0 1.0 1.0 1 0 0 0.0 1.0 0
cell 19.616080376644405 13.326200007036569 0.0 1.6431676725154984 0.6085806194501846 1 0 0 0.9249071379471197 -0.380193090645356 3.921602763831449
cell 5.493844989545374 41.84791420258524 0.0 1.0 1.0 1 0 0 0.0 1.0 0
cell 21.77877238628941 6.742470717290557 0.0 1.0 1.0 1 0 0 0.0 1.0 0
cell 19.15733991517519 1.5029954886649404 0.0 1.0 1.0 1 0 0 0.0 1.0 0
cell 21.730354479521722 26.284791415067833 0.0 1.0 1.0 1 0 0 0.0 1.0 0
cell 31.065392115033248 4.668517871197418 0.0 1.6431676725154984 0.6085806194501846 1 0 0 0.9996407955834882 0.026800742624239846 3.0879847494556163
cell 50.12790436951159 31.326533270836286 0.0 1.0 1.0 1 0 0 0.0 1.0 0
cell 25.43199262573977 25.157467089043482 0.0 1.0 1.0 1 0 0 0.0 1.0 0
cell 26.53208510525465 26.826733394361394 0.0 1.0 1.0 1 0 0 0.0 1.0 0
cell 38.602843633902985 50.68081469555134 0.0 1.6431676725154984 0.6085806194501846 1 0 0 -0.08086926515654096 0.9967247172379348 6.121269965395017
cell 29.387795735726595 40.55933911533267 0.0 1.0 1.0 1 0 0 0.0 1.0 0
cell 27.773901944157796 17.338927336330887 0.0 1.0 1.0 1 0 0 0.0 1.0 0
cell 31.5363318466186 43.13464752125663 0.0 1.0 1.0 1 0 0 0.0 1.0 0
cell 18.870902607469578 42.62751876946166 0.0 1.6431676725154984 0.6085806194501846 1 0 0 -0.07469931375109083 -0.9972061033332659 0.1495379179556684
cell 42.14884653373649 22.208343543239938 0.0 1.6431676725154984 0.6085806194501846 1 0 0 0.9824475681301585 0.18653893929991533 2.766316525347225
cell 56.60670235620635 43.32181583375782 0.0 1.0 1.0 1 0 0 0.0 1.0 0
cell 49.882267667999635 57.44600636354336 0.0 1.0 1.0 1 0 0 0.0 1.0 0
cell 1.136789462462034 10.162694579354929 0.0 1.6431676725154984 0.6085806194501846 1 0 0 0.9004881972783945 0.43488045088542127 2.2417816292309793
cell 37.60795185787256 29.626025511121778 0.0 1.6431676725154984 0.6085806194501846 1 0 0 -0.011158294120031772 -0.9999377442982792 0.022317051363216933
cell 3.4711865767851466 1.7817500225325829 0.0 1.0 1.0 1 0 0 0.0 1.0 0
cell 53.33188304996036 57.992852526766356 0.0 1.0 1.0 1 0 0 0.0 1.0 0
cell 52.351801803800264 36.04710917565682 0.0 1.6431676725154984 0.6085806194501846 1 0 0 0.7948254695928926 0.6068380944588414 1.837439838184306
cell 15.475680869714793 9.748678901222833 0.0 1.0 1.0 1 0 0 0.0 1.0 0
cell 29.751886190759663 5.873679805591334 0.0 1.0 1.0 1 0 0 0.0 1.0 0
cell 23.755390307692544 6.820780739711909 0.0 1.0 1.0 1 0 0 0.0 1.0 0
cell 4.376031642088615 10.54325391012362 0.0 1.6431676725154984 0.6085806194501846 1 0 0 0.9876603669956147 0.15661098130746687 2.827075950040609
cell 45.68950364288318 20.48777297569005 0.0 1.0 1.0 1 0 0 0.0 1.0 0
cell 45.56353565063197 33.566390368428955 0.0 1.0 1.0 1 0 0 0.0 1.0 0
cell 56.884878378574776 48.313150961590125 0.0 1.0 1.0 1 0 0 0.0 1.0 0
cell 52.84129260930808 21.122805542484546 0.0 1.0 1.0 1 0 0 0.0 1.0 0
cell 36.12257792794197 23.776603220005562 0.0 1.6431676725154984 0.6085806194501846 1 0 0 0.5813046594603457 0.8136859915776427 1.240662336710215
cell 58.65406030286985 29.455713845566976 0.0 1.0 1.0 1 0 0 0.0 1.0 0
cell 3.8461166961092044 54.91576438582021 0.0 1.0 1.0 1 0 0 0.0 1.0 0
cell 45.683870323576784 7.184514297357472 0.0 1.6431676725154984 0.6085806194501846 1 0 0 0.920699009293532 -0.390273409657779 3.9434497191926154
cell 45.09944565567715 53.77270040021742 0.0 1.0 1.0 1 0 0 0.0 1.0 0
cell 47.21907047546406 39.61227236345863 0.0 1.0 1.0 1 0 0 0.0 1.0 0
cell 52.09011348308905 54.91633426245449 0.0 1.0 1.0 1 0 0 0.0 1.0 0
cell 22.015810889413697 35.41009588282464 0.0 1.0 1.0 1 0 0 0.0 1.0 0
cell 57.52461379557109 26.819289534796283 0.0 1.6431676725154984 0.6085806194501846 1 0 0 -0.14306844968235966 0.9897127960703984 5.996063169602916
cell 13.219820046485172 0.8685006824932903 0.0 1.0 1.0 1 0 0 0.0 1.0 0
cell 25.27446826870839 1.5858470365502075 0.0 1.0 1.0 1 0 0 0.0 1.0 0
cell 31.232068316361485 11.18396430073275 0.0 1.0 1.0 1 0 0 0.0 1.0 0
cell 1.2574056881463576 0.16577861215317446 0.0 1.0 1.0 1 0 0 0.0 1.0 0
cell 35.88370632736439 50.47616147566055 0.0 1.0 1.0 1 0 0 0.0 1.0 0
cell 28.614996544442455 23.195979390993827 0.0 1.0 1.0 1 0 0 0.0 1.0 0
cell 4.727972178279645 43.58821085257085 0.0 1.0 1.0 1 0 0 0.0 1.0 0
cell 36.84426330342637 32.37100576648024 0.0 1.6431676725154984 0.6085806194501846 1 0 0 0.7127993145121748 -0.7013680469132977 4.696222550663809
cell 19.038438700367173 24.934039495072128 0.0 1.0 1.0 1 0 0 0.0 1.0 0
cell 36.81937743957508 55.59848049993769 0.0 1.6431676725154984 0.6085806194501846 1 0 0 0.6523568699346427 -0.7579119435983811 4.86180534826822
cell 44.32072043732449 41.032040718610915 0.0 1.0 1.0 1 0 0 0.0 1.0 0
cell 23.64140580401148 21.71697589963974 0.0 1.0 1.0 1 0 0 0.0 1.0 0
cell 11.969216543793857 40.891418393886006 0.0 1.0 1.0 1 0 0 0.0 1.0 0
cell 11.792199167210288 27.189465114134386 0.0 1.0 1.0 1 0 0 0.0 1.0 0
cell 50.88944045724039 23.793731793943916 0.0 1.6431676725154984 0.6085806194501846 1 0 0 -0.030093760907795784 0.9995470802090437 6.222988697010856
cell 3.274263888724104 17.51853691976725 0.0 1.0 1.0 1 0 0 0.0 1.0 0
cell 52.92248291405989 45.93125288722065 0.0 1.0 1.0 1 0 0 0.0 1.0 0
cell 34.97431473803113 7.0600183144302955 0.0 1.0 1.0 1 0 0 0.0 1.0 0
cell 2.180599470208535 37.70324654877933 0.0 1.0 1.0 1 0 0 0.0 1.0 0
cell 34.578161586211 22.730579080663706 0.0 1.6431676725154984 0.6085806194501846 1 0 0 0.54134991629812 0.8407974001648783 1.144083600465849
cell 6.046941521866978 12.599215917467916 0.0 1.6431676725154984 0.6085806194501846 1 0 0 0.9885815495902411 -0.15068682692842675 3.444118645709673
cell 54.54367560329436 20.16788765206304 0.0 1.0 1.0 1 0 0 0.0 1.0 0
cell 45.41737590353381 18.5234081635272 0.0 1.0 1.0 1 0 0 0.0 1.0 0
cell 9.018040908645185 56.781006059414665 0.0 1.0 1.0 1 0 0 0.0 1.0 0
cell 43.953443671088614 23.051709704494 0.0 1.0 1.0 1 0 0 0.0 1.0 0
cell 47.90867857407634 14.089995548440992 0.0 1.0 1.0 1 0 0 0.0 1.0 0
cell 45.38553587489898 52.01984032472675 0.0 1.0 1.0 1 0 0 0.0 1.0 0
cell 35.59083791222335 34.600054753296206 0.0 1.6431676725154984 0.6085806194501846 1 0 0 0.388951223423668 -0.9212583491058477 5.484199504586176
cell 17.468761141216515 51.8421483708509 0.0 1.0 1.0 1 0 0 0.0 1.0 0
cell 10.60627756393838 58.01083710692921 0.0 1.0 1.0 1 0 0 0.0 1.0 0
cell 55.86289557238226 53.6428920992307 0.0 1.0 1.0 1 0 0 0.0 1.0 0
cell 31.971031150253324 7.93674364838701 0.0 1.0 1.0 1 0 0 0.0 1.0 0
cell 28.71574227095941 47.08629527322825 0.0 1.0 1.0 1 0 0 0.0 1.0 0
cell 5.339698459171689 25.37385955193643 0.0 1.6431676725154984 0.6085806194501846 1 0 0 0.06780048446376995 0.9976988996217637 0.1357050752377678
cell 27.56349271627895 39.803615077331465 0.0 1.0 1.0 1 0 0 0.0 1.0 0
cell 3.9020878465155677 15.76360968019088 0.0 1.6431676725154984 0.6085806194501846 1 0 0 0.8778014519064522 -0.47902464553603546 4.140679137098708
cell 56.97382702641811 35.015209694851265 0.0 1.6431676725154984 0.6085806194501846 1 0 0 0.9569933530631899 0.29010984504644577 2.5529094192650374
cell 51.1112279804267 1.4356473187827596 0.0 1.0 1.0 1 0 0 0.0 1.0 0
cell 43.78867074764741 45.13432124198605 0.0 1.0 1.0 1 0 0 0.0 1.0 0
cell 9.796393468479218 11.353248925002525 0.0 1.6431676725154984 0.6085806194501846 1 0 0 0.9966649983043615 0.0816019678375899 2.9782070470750734
cell 48.38032927742302 6.461434035832255 0.0 1.6431676725154984 0.6085806194501846 1 0 0 0.999637515586329 -0.02692280506172922 3.195444770721542
cell 42.66776750855417 15.359394859579368 0.0 1.0 1.0 1 0 0 0.0 1.0 0
cell 12.850240840583115 54.54189843924883 0.0 1.0 1.0 1 0 0 0.0 1.0 0
cell 30.447793376556366 35.33273342091014 0.0 1.0 1.0 1 0 0 0.0 1.0 0
cell 13.45986584361582 39.756777103988235 0.0 1.0 1.0 1 0 0 0.0 1.0 0
cell 15.582898251325274 51.55650602592893 0.0 1.0 1.0 1 0 0 0.0 1.0 0
cell 30.462160928254512 52.15046642012177 0.0 1.0 1.0 1 0 0 0.0 1.0 0
cell 51.026260595821874 18.21236108361893 0.0 1.0 1.0 1 0 0 0.0 1.0 0
cell 33.09465185782119 41.86827581025308 0.0 1.0 1.0 1 0 0 0.0 1.0 0
cell 15.151670960733242 29.780681994234197 0.0 1.6431676725154984 0.6085806194501846 1 0 0 0.9156105339566226 0.40206635037972077 2.3140475907905036
cell 10.161764872704865 28.63027361246077 0.0 1.6431676725154984 0.6085806194501846 1 0 0 0.044640851341702086 -0.9990031002912294 6.193873924359463
cell 13.188917805161292 31.653775150429606 0.0 1.0 1.0 1 0 0 0.0 1.0 0
cell 11.618878670552489 32.82813049775706 0.0 1.0 1.0 1 0 0 0.0 1.0 0
cell 11.888217386818338 50.689246910689974 0.0 1.0 1.0 1 0 0 0.0 1.0 0
cell 55.72505605002654 25.220739516779698 0.0 1.6431676725154984 0.6085806194501846 1 0 0 -0.03917117932468476 0.9992325148384201 6.204822900176094
cell 56.14661342230374 4.76986315967715 0.0 1.0 1.0 1 0 0 0.0 1.0 0
cell 51.724546677432784 56.792809202480484 0.0 1.0 1.0 1 0 0 0.0 1.0 0
cell 50.77982454353466 51.93012786653079 0.0 1.0 1.0 1 0 0 0.0 1.0 0
cell 26.508443856987828 51.76658181584069 0.0 1.0 1.0 1 0 0 0.0 1.0 0
cell 53.0981052049434 4.9487848234771965 0.0 1.0 1.0 1 0 0 0.0 1.0 0
cell 48.6560900512095 30.783785616593377 0.0 1.6431676725154984 0.6085806194501846 1 0 0 -0.29859535307935947 0.9543798065337576 5.676744258805826
cell 9.882478855170184 5.153005373359801 0.0 1.0 1.0 1 0 0 0.0 1.0 0
cell 39.57636582574264 15.032891948302334 0.0 1.0 1.0 1 0 0 0.0 1.0 0
cell 3.1997539335968956 22.576463530878424 0.0 1.6431676725154984 0.6085806194501846 1 0 0 0.18628317898264707 0.9824960952737263 0.37475548162946204
cell 23.66982691504525 25.692238731999986 0.0 1.0 1.0 1 0 0 0.0 1.0 0
cell 37.800771335779466 58.13008352299403 0.0 1.0 1.0 1 0 0 0.0 1.0 0
cell 46.41775653117494 46.50427346569115 0.0 1.0 1.0 1 0 0 0.0 1.0 0
cell 30.908658583769135 0.6401503126406192 0.0 1.0 1.0 1 0 0 0.0 1.0 0
