1000
 Lattice="59.08179503018386 0.0 0.0 0.0 59.08179503018386 0.0 0.0 0.0 1.0"Properties=species:S:1:pos:R:3:aspherical_shape:R:3:orientation:R:4:Color:R:1
cell 14.902970519728472 28.636198493983326 0.0 1.0 1.0 1 0 0 0.0 1.0 0
cell 33.77692790243909 38.091826337683514 0.0 1.0 1.0 1 0 0 0.0 1.0 0
cell 44.38093628180087 5.064377944179844 0.0 1.6431676725154984 0.6085806194501846 1 0 0 0.8099895169514706 -0.586444355782135 4.394916828525599
cell 27.792196233343276 6.988760306426565 0.0 1.0 1.0 1 0 0 0.0 1.0 0
cell 54.1084042701879 13.179491763194775 0.0 1.0 1.0 1 0 0 0.0 1.0 0
cell 9.887331823667411 18.56702410357251 0.0 1.6431676725154984 0.6085806194501846 1 0 0 0.998860911704852 0.04771665399157538 3.0461230934336374
cell 29.95661610770545 3.8199092893297713 0.0 1.6431676725154984 0.6085806194501846 1 0 0 0.8457004377572805 0.5336579143769388 2.015752654538162
cell 49.672119613512045 46.18651054722767 0.0 1.0 1.0 1 0 0 0.0 1.0 0
cell 53.366091072678415 22.042016299406573 0.0 1.0 1.0 1 0 0 0.0 1.0 0
cell 11.488923207805493 23.030629007195426 0.0 1.6431676725154984 0.6085806194501846 1 0 0 -0.07470975938462249 0.9972053208104597 6.133626439417062
cell 31.16946393832834 42.54562133238158 0.0 1.0 1.0 1 0 0 0.0 1.0 0
cell 57.601555815147435 28.263368214015046 0.0 1.0 1.0 1 0 0 0.0 1.0 0
cell 11.301662755913698 16.80537496301652 0.0 1.6431676725154984 0.6085806194501846 1 0 0 0.9929878166786557 0.11821673285857864 2.904604994851095
cell 44.74049451592724 12.687784354281943 0.0 1.6431676725154984 0.6085806194501846 1 0 0 0.11809040140641228 -0.9930028484831614 6.046452093648939
cell 6.013455753370927 3.595715316861835 0.0 1.6431676725154984 0.6085806194501846 1 0 0 0.612295746972106 -0.7906288119211636 4.9652632370689425
cell 15.52381184222645 15.610329562722349 0.0 1.6431676725154984 0.6085806194501846 1 0 0 0.6813984352840509 0.7319126808523316 1.499343196275876
cell 41.759299475872545 54.166588961122706 0.0 1.6431676725154984 0.6085806194501846 1 0 0 0.8043534601702166 -0.5941510844155716 4.414012324829524
cell 26.1790330676829 13.604293750360325 0.0 1.6431676725154984 0.6085806194501846 1 0 0 0.9709294802829882 -0.23936571249326086 3.625017693030745
cell 7.968392543888914 17.662474254796827 0.0 1.6431676725154984 0.6085806194501846 1 0 0 0.997690667378302 0.06792151519392217 3.005644957598654
cell 31.459737355552665 40.62240415603517 0.0 1.0 1.0 1 0 0 0.0 1.0 0
cell 0.433455942211539 17.89657210843565 0.0 1.6431676725154984 0.6085806194501846 1 0 0 0.9215099983709335 -0.38835463548463306 3.939283474274037
cell 56.82528769444077 33.09744451110514 0.0 1.0 1.0 1 0 0 0.0 1.0 0
cell 16.12933928489304 31.97890097029782 0.0 1.0 1.0 1 0 0 0.0 1.0 0
cell 0.8552640170871154 43.81260701013595 0.0 1.0 1.0 1 0 0 0.0 1.0 0
cell 47.980207523178024 21.08473131284289 0.0 1.0 1.0 1 0 0 0.0 1.0 0
cell 17.934305011092924 21.431723286946045 0.0 1.0 1.0 1 0 0 0.0 1.0 0
cell 26.22566943320736 49.983372902455216 0.0 1.6431676725154984 0.6085806194501846 1 0 0 0.6338934501455672 0.7734203862470587 1.3731539146761058
cell 14.3033309155013 39.2521850033224 0.0 1.0 1.0 1 0 0 0.0 1.0 0
cell 36.51009168633454 18.878243749485577 0.0 1.0 1.0 1 0 0 0.0 1.0 0
cell 48.975087100218175 18.954339619149074 0.0 1.6431676725154984 0.6085806194501846 1 0 0 0.2996153079339704 -0.9540600962474178 5.67460648175345
cell 25.736404050868313 21.723802317907943 0.0 1.0 1.0 1 0 0 0.0 1.0 0
cell 26.068189272286048 24.729346186919592 0.0 1.0 1.0 1 0 0 0.0 1.0 0
cell 32.52325775771145 0.907999477235502 0.0 1.6431676725154984 0.6085806194501846 1 0 0 0.7102882096912159 0.7039109738977276 1.5798151307102555
cell 18.059722017746413 55.70516878211921 0.0 1.0 1.0 1 0 0 0.0 1.0 0
cell 40.28375550503882 7.428830403062896 0.0 1.0 1.0 1 0 0 0.0 1.0 0
cell 43.6934641069989 33.413194933913886 0.0 1.6431676725154984 0.6085806194501846 1 0 0 0.8149749706529053 -0.5794961580625848 4.377813303057827
cell 4.994846887112829 13.94939986965155 0.0 1.0 1.0 1 0 0 0.0 1.0 0
cell 42.26297172712433 57.311749563848714 0.0 1.6431676725154984 0.6085806194501846 1 0 0 0.6772679569962831 -0.7357364435897414 4.7950994811124055
cell 38.07315943161586 56.22192729190381 0.0 1.0 1.0 1 0 0 0.0 1.0 0
cell 21.95933523868155 33.07000646431797 0.0 1.0 1.0 1 0 0 0.0 1.0 0
cell 21.82675571568558 38.385016703872374 0.0 1.0 1.0 1 0 0 0.0 1.0 0
cell 9.719190007937911 41.823086386633335 0.0 1.0 1.0 1 0 0 0.0 1.0 0
cell 25.980616224562443 3.863497460278284 0.0 1.0 1.0 1 0 0 0.0 1.0 0
cell 48.091932664427944 0.04041945469764423 0.0 1.6431676725154984 0.6085806194501846 1 0 0 0.5497137444530183 0.835353098491555 1.1640430462203681
cell 43.42350357755561 24.023790151151687 0.0 1.6431676725154984 0.6085806194501846 1 0 0 0.884002131714416 -0.4674828671987545 4.114475050932528
cell 31.75378936165696 33.05618260650499 0.0 1.0 1.0 1 0 0 0.0 1.0 0
cell 6.479752261087996 9.81604340806064 0.0 1.0 1.0 1 0 0 0.0 1.0 0
cell 21.040825611395693 20.822619208329375 0.0 1.0 1.0 1 0 0 0.0 1.0 0
cell 52.875567208438625 33.38852430724549 0.0 1.0 1.0 1 0 0 0.0 1.0 0
cell 41.18960007083387 4.1531640168061195 0.0 1.6431676725154984 0.6085806194501846 1 0 0 0.6474155927100907 -0.7621371597788956 4.874808243525742
cell 48.29836556092551 33.668955617732415 0.0 1.6431676725154984 0.6085806194501846 1 0 0 -0.9327519006489328 0.36051892021890247 3.879240985966176
cell 35.77616876993999 30.080508252141197 0.0 1.0 1.0 1 0 0 0.0 1.0 0
cell 0.2564220431595202 10.26626985543681 0.0 1.0 1.0 1 0 0 0.0 1.0 0
cell 56.390128079067374 36.26063284816275 0.0 1.6431676725154984 0.6085806194501846 1 0 0 0.8249976283144921 0.5651361900245491 1.9403960065082129
cell 53.07861932280848 3.734230499246587 0.0 1.6431676725154984 0.6085806194501846 1 0 0 0.9085543391163412 0.4177666967014825 2.279620968753432
cell 3.6642455496001904 37.69101272443944 0.0 1.0 1.0 1 0 0 0.0 1.0 0
cell 25.421290933446098 37.082643029097625 0.0 1.0 1.0 1 0 0 0.0 1.0 0
cell 26.410611903698513 1.9336026124858885 0.0 1.0 1.0 1 0 0 0.0 1.0 0
cell 39.58325322160484 5.506848571431308 0.0 1.0 1.0 1 0 0 0.0 1.0 0
cell 58.64026054227424 47.392784200679046 0.0 1.0 1.0 1 0 0 0.0 1.0 0
cell 8.03951842174407 12.94357919198063 0.0 1.0 1.0 1 0 0 0.0 1.0 0
cell 12.058673432168101 58.76515556583926 0.0 1.6431676725154984 0.6085806194501846 1 0 0 0.4552763802927057 -0.8903501656918875 5.337820093131576
cell 15.551674511260675 12.03424831352922 0.0 1.0 1.0 1 0 0 0.0 1.0 0
cell 1.1839573465851163 52.21896646844506 0.0 1.0 1.0 1 0 0 0.0 1.0 0
cell 53.62488833387744 38.604578098686005 0.0 1.0 1.0 1 0 0 0.0 1.0 0
cell 34.547513942371204 24.72928006322509 0.0 1.0 1.0 1 0 0 0.0 1.0 0
cell 15.795003047267189 52.759415994874836 0.0 1.0 1.0 1 0 0 0.0 1.0 0
cell 30.917439826594176 23.529879773139232 0.0 1.0 1.0 1 0 0 0.0 1.0 0
cell 55.89765789542457 40.98303859821824 0.0 1.0 1.0 1 0 0 0.0 1.0 0
cell 44.49041654946133 41.46609605280335 0.0 1.0 1.0 1 0 0 0.0 1.0 0
cell 13.39266336610979 42.589604905449626 0.0 1.0 1.0 1 0 0 0.0 1.0 0
cell 45.11611051875787 14.129842703034218 0.0 1.0 1.0 1 0 0 0.0 1.0 0
cell 47.76823797455833 28.70083949639763 0.0 1.0 1.0 1 0 0 0.0 1.0 0
cell 24.114724996598994 35.74367396566057 0.0 1.0 1.0 1 0 0 0.0 1.0 0
cell 55.992383874425975 9.781162212396247 0.0 1.6431676725154984 0.6085806194501846 1 0 0 -0.24317950581258918 0.9699813028882283 5.791900476461225
cell 43.67519810150719 47.102926582064626 0.0 1.0 1.0 1 0 0 0.0 1.0 0
cell 19.067405464799176 22.709140687429258 0.0 1.6431676725154984 0.6085806194501846 1 0 0 0.15734274795158518 -0.9875440545449321 5.967186698056156
cell 1.9295305238294163 3.411852321734135 0.0 1.0 1.0 1 0 0 0.0 1.0 0
cell 39.993569015014415 18.578406735345943 0.0 1.6431676725154984 0.6085806194501846 1 0 0 0.9779985276884844 -0.20861179218624426 3.561903267196206
cell 27.418915080174973 57.291894155620625 0.0 1.0 1.0 1 0 0 0.0 1.0 0
cell 11.010191187687946 25.024659943132882 0.0 1.0 1.0 1 0 0 0.0 1.0 0
cell 37.64830174821401 16.616535273508294 0.0 1.0 1.0 1 0 0 0.0 1.0 0
cell 9.927256446150933 20.65246673506182 0.0 1.6431676725154984 0.6085806194501846 1 0 0 0.9871825913184468 0.15959489778121502 2.8210320989274527
cell 47.13642831530094 5.546868498420249 0.0 1.6431676725154984 0.6085806194501846 1 0 0 0.5098776369440217 0.8602469385847186 1.070085084996623
cell 55.68532083878943 31.67366101962763 0.0 1.0 1.0 1 0 0 0.0 1.0 0
cell 19.06861024937718 46.50508011631462 0.0 1.0 1.0 1 0 0 0.0 1.0 0
cell 57.415908425803124 10.778510351907524 0.0 1.0 1.0 1 0 0 0.0 1.0 0
cell 28.238188465014208 8.881144972692441 0.0 1.6431676725154984 0.6085806194501846 1 0 0 0.9387702023307919 -0.34454391188323746 3.845098465619298
cell 28.61052573008431 36.245758714051156 0.0 1.6431676725154984 0.6085806194501846 1 0 0 0.9216947324323923 -0.3879159963270151 3.938331568841055
cell 33.39771924585176 16.56743043674781 0.0 1.0 1.0 1 0 0 0.0 1.0 0
cell 14.76385827381472 41.16051133561093 0.0 1.0 1.0 1 0 0 0.0 1.0 0
cell 35.237840628271705 11.088899152396968 0.0 1.0 1.0 1 0 0 0.0 1.0 0
cell 33.21939225008481 5.713427955525172 0.0 1.0 1.0 1 0 0 0.0 1.0 0
cell 29.583876995381576 41.29285373385594 0.0 1.0 1.0 1 0 0 0.0 1.0 0
cell 50.47568975774702 23.942059874066434 0.0 1.0 1.0 1 0 0 0.0 1.0 0
cell 28.88595995370947 47.1108212382763 0.0 1.0 1.0 1 0 0 0.0 1.0 0
cell 53.9997500479788 53.83348653759956 0.0 1.6431676725154984 0.6085806194501846 1 0 0 0.554079537324403 0.8324637327345712 1.1745136993950698
cell 23.20799365977576 2.670292245690663 0.0 1.0 1.0 1 0 0 0.0 1.0 0
cell 38.26499511066958 44.679320000506436 0.0 1.0 1.0 1 0 0 0.0 1.0 0
cell 51.81258948816714 13.02025778598867 0.0 1.6431676725154984 0.6085806194501846 1 0 0 0.5238432716725459 -0.8518146668867608 5.180472132309014
cell 4.4562115020650195 6.477580635294344 0.0 1.6431676725154984 0.6085806194501846 1 0 0 0.38534018454999275 -0.9227745890362269 5.492032410784957
cell 35.29783713574125 39.67966272704539 0.0 1.0 1.0 1 0 0 0.0 1.0 0
cell 33.2981744563627 39.92270359227842 0.0 1.0 1.0 1 0 0 0.0 1.0 0
cell 49.091532302250336 9.00211718862354 0.0 1.6431676725154984 0.6085806194501846 1 0 0 0.9247419490776678 -0.38059470255908195 3.92247127864376
cell 35.055041545787645 19.622511511977233 0.0 1.0 1.0 1 0 0 0.0 1.0 0
cell 52.475263752924604 23.85119609558768 0.0 1.0 1.0 1 0 0 0.0 1.0 0
cell 25.820167172814056 26.463054478414204 0.0 1.0 1.0 1 0 0 0.0 1.0 0
cell 56.64686365198914 52.599262775794415 0.0 1.6431676725154984 0.6085806194501846 1 0 0 0.7705848270340057 0.6373374493507906 1.75951650610294
cell 42.6049022371201 30.77857805190662 0.0 1.6431676725154984 0.6085806194501846 1 0 0 -0.7402328977453914 0.672350546289256 4.616351935872597
cell 14.377812961975831 25.434569760993394 0.0 1.6431676725154984 0.6085806194501846 1 0 0 -0.14332449904935485 0.9896757489057977 5.995545738366452
cell 43.56683392946912 38.27266242543336 0.0 1.0 1.0 1 0 0 0.0 1.0 0
cell 54.767998749819085 37.35422175576299 0.0 1.0 1.0 1 0 0 0.0 1.0 0
cell 45.04813371449515 34.74088850298044 0.0 1.6431676725154984 0.6085806194501846 1 0 0 0.8031456622372366 -0.5957827164575276 4.418072374278714
cell 9.987089153334338 50.16004817988807 0.0 1.0 1.0 1 0 0 0.0 1.0 0
cell 24.54496564535614 33.82378850685962 0.0 1.0 1.0 1 0 0 0.0 1.0 0
cell 5.659027989241323 17.41764695006494 0.0 1.0 1.0 1 0 0 0.0 1.0 0
cell 35.301270960350514 21.62286178916897 0.0 1.0 1.0 1 0 0 0.0 1.0 0
cell 7.64145279190873 8.797452644264471 0.0 1.6431676725154984 0.6085806194501846 1 0 0 0.6328716052540228 0.774256760553756 1.3705129381774221
cell 15.175518562097517 35.80971983726378 0.0 1.0 1.0 1 0 0 0.0 1.0 0
cell 13.81281106859141 37.46718189129872 0.0 1.0 1.0 1 0 0 0.0 1.0 0
cell 12.883472609306745 50.536438254592724 0.0 1.6431676725154984 0.6085806194501846 1 0 0 0.7729429436865606 -0.6344755360178629 4.516252257992331
cell 39.012984805033035 42.89165542083449 0.0 1.0 1.0 1 0 0 0.0 1.0 0
cell 10.324694411080378 4.0783513336199535 0.0 1.6431676725154984 0.6085806194501846 1 0 0 -0.5162472967655254 0.8564395650495648 5.198258535999402
cell 58.32877598335625 36.43720583721041 0.0 1.0 1.0 1 0 0 0.0 1.0 0
cell 46.38866278395317 35.7226957844397 0.0 1.6431676725154984 0.6085806194501846 1 0 0 -0.7451406851565134 0.6669073093950025 4.60169377151207
cell 56.62570646557752 29.9273844114201 0.0 1.0 1.0 1 0 0 0.0 1.0 0
cell 37.89317414329502 18.2191262142109 0.0 1.6431676725154984 0.6085806194501846 1 0 0 0.9429977650894232 -0.3327990610508883 3.8201332232887113
cell 55.06880411370494 14.495473886181294 0.0 1.6431676725154984 0.6085806194501846 1 0 0 0.9960264414657998 0.08905800301475333 2.963240353821523
cell 10.206673751633083 48.452553069838544 0.0 1.0 1.0 1 0 0 0.0 1.0 0
cell 17.71006834710728 6.293730436495836 0.0 1.0 1.0 1 0 0 0.0 1.0 0
cell 24.366212641599553 51.19895386522898 0.0 1.0 1.0 1 0 0 0.0 1.0 0
cell 38.16844427680862 25.38131638642862 0.0 1.0 1.0 1 0 0 0.0 1.0 0
cell 56.198652678259585 43.18168432436865 0.0 1.0 1.0 1 0 0 0.0 1.0 0
cell 9.881227585254845 16.021966353655987 0.0 1.6431676725154984 0.6085806194501846 1 0 0 0.9697440713982555 0.24412381282442572 2.6483605225994356
cell 26.37237623376466 40.45837042243152 0.0 1.0 1.0 1 0 0 0.0 1.0 0
cell 37.04649836562365 11.88305095655493 0.0 1.0 1.0 1 0 0 0.0 1.0 0
cell 49.208689914323195 47.94849276978832 0.0 1.0 1.0 1 0 0 0.0 1.0 0
cell 31.05752999501461 25.569637051270675 0.0 1.0 1.0 1 0 0 0.0 1.0 0
cell 24.952187725106405 39.007243278968446 0.0 1.0 1.0 1 0 0 0.0 1.0 0
cell 43.0506527303802 40.13902135294815 0.0 1.0 1.0 1 0 0 0.0 1.0 0
cell 3.3367619456599606 33.110234524839974 0.0 1.0 1.0 1 0 0 0.0 1.0 0
cell 18.0899343560469 33.246845951803245 0.0 1.0 1.0 1 0 0 0.0 1.0 0
cell 13.970183811818655 49.907940031588645 0.0 1.0 1.0 1 0 0 0.0 1.0 0
cell 3.3689100937971803 55.661178693737035 0.0 1.6431676725154984 0.6085806194501846 1 0 0 0.7551672408866286 -0.6555321794478717 4.57136689849605
cell 45.435587294218436 58.413789841382936 0.0 1.6431676725154984 0.6085806194501846 1 0 0 0.55845526678338 0.8295346376143096 1.1850449235567069
cell 16.45120400034935 22.617431257352 0.0 1.0 1.0 1 0 0 0.0 1.0 0
cell 32.164323278749414 27.193897830763305 0.0 1.0 1.0 1 0 0 0.0 1.0 0
cell 39.864296815439765 35.613210205212205 0.0 1.0 1.0 1 0 0 0.0 1.0 0
cell 5.876846542866128 15.712682307755857 0.0 1.0 1.0 1 0 0 0.0 1.0 0
cell 21.306828236012525 49.78463797406524 0.0 1.0 1.0 1 0 0 0.0 1.0 0
cell 42.91126182426707 21.86158004111823 0.0 1.6431676725154984 0.6085806194501846 1 0 0 0.9016082545970876 -0.43255352875961295 4.036238758323622
cell 47.778199134651274 9.08680472768219 0.0 1.6431676725154984 0.6085806194501846 1 0 0 0.9011107664554244 -0.43358896039696104 4.038536246753914
cell 3.160292036753144 1.8628942788627436 0.0 1.0 1.0 1 0 0 0.0 1.0 0
cell 9.182790707670158 56.034618439075075 0.0 1.0 1.0 1 0 0 0.0 1.0 0
cell 17.08239781195945 26.01339436562536 0.0 1.0 1.0 1 0 0 0.0 1.0 0
cell 38.74269387285973 8.703846421755358 0.0 1.0 1.0 1 0 0 0.0 1.0 0
cell 33.97070828540576 47.14426653628248 0.0 1.0 1.0 1 0 0 0.0 1.0 0
cell 3.4714226333386353 13.797978195538043 0.0 1.6431676725154984 0.6085806194501846 1 0 0 0.559766921479084 -0.8286501032509614 5.094976310549941
cell 16.434814198192285 56.61831145341173 0.0 1.0 1.0 1 0 0 0.0 1.0 0
cell 28.903919213418472 14.667791111341444 0.0 1.6431676725154984 0.6085806194501846 1 0 0 0.9496158974703285 0.3134160928727538 2.504016155826472
cell 17.57281214506103 0.6140532206523995 0.0 1.0 1.0 1 0 0 0.0 1.0 0
cell 27.557494912100758 21.560806841845483 0.0 1.0 1.0 1 0 0 0.0 1.0 0
cell 19.429279661029117 39.02102924596828 0.0 1.0 1.0 1 0 0 0.0 1.0 0
cell 32.191457458865344 47.7668522664587 0.0 1.0 1.0 1 0 0 0.0 1.0 0
cell 16.680007029980697 48.86540424702023 0.0 1.0 1.0 1 0 0 0.0 1.0 0
cell 48.68988858565992 24.60182999025612 0.0 1.0 1.0 1 0 0 0.0 1.0 0
cell 11.566405381370803 27.924839142473317 0.0 1.0 1.0 1 0 0 0.0 1.0 0
cell 3.728711368387288 52.92645860933676 0.0 1.6431676725154984 0.6085806194501846 1 0 0 -0.5428135502134988 0.8398532310496981 5.135618214027802
cell 4.382420896369914 39.38568890305229 0.0 1.0 1.0 1 0 0 0.0 1.0 0
cell 43.123202589212916 14.581695911506984 0.0 1.0 1.0 1 0 0 0.0 1.0 0
cell 56.12417240336099 50.01801237547595 0.0 1.6431676725154984 0.6085806194501846 1 0 0 0.7136916487754162 0.7004600134684549 1.5895089579164678
cell 12.20170146762151 6.184105594327474 0.0 1.6431676725154984 0.6085806194501846 1 0 0 0.7200667799349869 -0.6939047718772793 4.675388203132009
cell 1.2327024384035863 46.50414626396558 0.0 1.0 1.0 1 0 0 0.0 1.0 0
cell 1.2603199854314653 1.861786778588522 0.0 1.6431676725154984 0.6085806194501846 1 0 0 -0.38360756676275304 0.9234962017909765 5.495786177106181
cell 58.73097814812576 8.833954168846144 0.0 1.6431676725154984 0.6085806194501846 1 0 0 -0.2344467007662938 0.972128975239294 5.8098865739329355
cell 51.33618444485313 17.45242210500244 0.0 1.6431676725154984 0.6085806194501846 1 0 0 0.5463115527775934 -0.8375820481013994 5.127276914575901
cell 4.744766862212084 26.255040635308756 0.0 1.6431676725154984 0.6085806194501846 1 0 0 0.6985995980742661 0.7155128241830987 1.5468768428301087
cell 7.500191036044075 54.8037529118296 0.0 1.0 1.0 1 0 0 0.0 1.0 0
cell 38.71539233077845 49.319563531371905 0.0 1.0 1.0 1 0 0 0.0 1.0 0
cell 21.872831963684554 29.607251233430585 0.0 1.0 1.0 1 0 0 0.0 1.0 0
cell 18.864567602494045 35.10113759242994 0.0 1.0 1.0 1 0 0 0.0 1.0 0
cell 2.097601767328029 57.372508090275204 0.0 1.6431676725154984 0.6085806194501846 1 0 0 -0.47123814268256364 0.8820060163519792 5.301797241665601
cell 27.17204526037342 36.602159485197504 0.0 1.0 1.0 1 0 0 0.0 1.0 0
cell 49.805098361858526 41.20724028111144 0.0 1.6431676725154984 0.6085806194501846 1 0 0 0.8117959744551281 -0.5839411749983461 4.388742944718463
cell 6.904729038497388 21.763617648969316 0.0 1.6431676725154984 0.6085806194501846 1 0 0 0.9729646718238861 0.23095399408245273 2.6754765111355394
cell 22.774083414372694 9.37374877754035 0.0 1.6431676725154984 0.6085806194501846 1 0 0 0.9999955867322229 0.002970945317103049 3.13565075421452
cell 19.827914604312614 55.286360593310114 0.0 1.0 1.0 1 0 0 0.0 1.0 0
cell 44.5994806172702 0.1285797931451537 0.0 1.6431676725154984 0.6085806194501846 1 0 0 0.8290167362191732 -0.5592237933676552 4.328491065778557
cell 5.054440731228077 42.61541133945763 0.0 1.0 1.0 1 0 0 0.0 1.0 0
cell 22.033935507312734 1.0609073232780446 0.0 1.0 1.0 1 0 0 0.0 1.0 0
cell 14.171015382158856 32.43102866042168 0.0 1.0 1.0 1 0 0 0.0 1.0 0
cell 31.44286713213474 5.554482126381133 0.0 1.0 1.0 1 0 0 0.0 1.0 0
cell 20.409245787109928 1.4806620199000076 0.0 1.0 1.0 1 0 0 0.0 1.0 0
cell 53.6382206366956 25.43118435295829 0.0 1.0 1.0 1 0 0 0.0 1.0 0
cell 56.8054452876703 19.17282128380326 0.0 1.6431676725154984 0.6085806194501846 1 0 0 0.3636756254885414 0.9315256515123554 0.7444213630318084
cell 1.9889818665496908 14.884804437024764 0.0 1.6431676725154984 0.6085806194501846 1 0 0 0.5014003869402054 -0.86521537895267 5.232752188409161
cell 52.08060188665716 48.91705980171371 0.0 1.6431676725154984 0.6085806194501846 1 0 0 0.9634682003293029 -0.267822752868785 3.683857688717364
cell 57.65111550626593 35.02134872093714 0.0 1.6431676725154984 0.6085806194501846 1 0 0 0.7975351711393044 0.6032724515472263 1.846396695973755
cell 40.64993552993081 31.953682388382823 0.0 1.0 1.0 1 0 0 0.0 1.0 0
cell 25.852525563831893 23.271245552048295 0.0 1.6431676725154984 0.6085806194501846 1 0 0 -0.24179362839355067 0.9703276978775168 5.794757500126668
cell 46.42325139999647 48.14950529401924 0.0 1.0 1.0 1 0 0 0.0 1.0 0
cell 5.341866029006852 51.67560634952696 0.0 1.0 1.0 1 0 0 0.0 1.0 0
cell 43.03236901058118 35.05656453863017 0.0 1.0 1.0 1 0 0 0.0 1.0 0
cell 1.115497799872177 13.81077312460164 0.0 1.0 1.0 1 0 0 0.0 1.0 0
cell 7.462531855765812 11.312289562799654 0.0 1.0 1.0 1 0 0 0.0 1.0 0
cell 17.423325167891367 52.16915623610516 0.0 1.0 1.0 1 0 0 0.0 1.0 0
cell 37.42620915747767 23.565050516685915 0.0 1.0 1.0 1 0 0 0.0 1.0 0
cell 14.391459283027102 53.75235767507392 0.0 1.0 1.0 1 0 0 0.0 1.0 0
cell 45.430236507816566 3.6059533599721623 0.0 1.6431676725154984 0.6085806194501846 1 0 0 0.7630662599976753 -0.6463202633781182 4.5470971059461105
cell 44.95612365457125 23.5427609981256 0.0 1.0 1.0 1 0 0 0.0 1.0 0
cell 57.69800525620382 12.577596919491548 0.0 1.0 1.0 1 0 0 0.0 1.0 0
cell 58.75767388581302 26.764380299515377 0.0 1.0 1.0 1 0 0 0.0 1.0 0
cell 52.82814734681714 30.281057861218894 0.0 1.0 1.0 1 0 0 0.0 1.0 0
cell 53.4240266946025 8.357797021716028 0.0 1.6431676725154984 0.6085806194501846 1 0 0 0.16075141264120169 0.9869949256879987 0.3229038388254392
cell 32.27650384641961 19.9254179492709 0.0 1.0 1.0 1 0 0 0.0 1.0 0
cell 0.514113384522487 50.360232256309494 0.0 1.0 1.0 1 0 0 0.0 1.0 0
cell 3.3305422666346924 28.508328875257174 0.0 1.6431676725154984 0.6085806194501846 1 0 0 0.5325262264987352 0.8464135030178913 1.1231647945463072
cell 56.508682326117714 21.058485751038052 0.0 1.6431676725154984 0.6085806194501846 1 0 0 -0.575914449917193 -0.8175099671420386 1.227444574870697
cell 1.9932885869279484 31.627305226247927 0.0 1.0 1.0 1 0 0 0.0 1.0 0
cell 27.974881387099636 17.539612221964124 0.0 1.6431676725154984 0.6085806194501846 1 0 0 0.9022976397474901 -0.4311136385062627 4.033045931132218
cell 7.768734414312816 34.38189708890137 0.0 1.0 1.0 1 0 0 0.0 1.0 0
cell 55.77728378854822 12.109271721814222 0.0 1.0 1.0 1 0 0 0.0 1.0 0
cell 1.9998595459628292 41.87874824986818 0.0 1.0 1.0 1 0 0 0.0 1.0 0
cell 57.88389800834785 17.884703171855257 0.0 1.0 1.0 1 0 0 0.0 1.0 0
cell 43.86090053461007 31.491686941229325 0.0 1.6431676725154984 0.6085806194501846 1 0 0 0.8243700297533358 -0.5660512821683953 4.34500855614295
cell 43.55184724247639 6.192398399451204 0.0 1.6431676725154984 0.6085806194501846 1 0 0 0.8400019746304522 -0.5425833416323625 4.288611583831068
cell 31.38265073152404 34.851542752513424 0.0 1.0 1.0 1 0 0 0.0 1.0 0
cell 25.9076058701931 46.25748673241785 0.0 1.0 1.0 1 0 0 0.0 1.0 0
cell 26.436170795300335 33.20713396220606 0.0 1.0 1.0 1 0 0 0.0 1.0 0
cell 32.21578781404124 38.11697502171394 0.0 1.0 1.0 1 0 0 0.0 1.0 0
cell 57.70825097302315 6.995804629396719 0.0 1.6431676725154984 0.6085806194501846 1 0 0 -0.0868542279223649 0.996221031243574 6.109257707100914
cell 13.566668059589231 8.577147405142172 0.0 1.0 1.0 1 0 0 0.0 1.0 0
cell 32.310168496256395 14.407199204468519 0.0 1.6431676725154984 0.6085806194501846 1 0 0 0.9703964630634164 -0.2415175034526721 3.629451343311001
cell 23.55922920589368 21.414627972894646 0.0 1.0 1.0 1 0 0 0.0 1.0 0
cell 11.127601136973162 21.709749836766626 0.0 1.6431676725154984 0.6085806194501846 1 0 0 0.9999811421166527 0.006141287411840898 3.1293100015577413
cell 22.535175426127314 51.34957648595602 0.0 1.0 1.0 1 0 0 0.0 1.0 0
cell 58.04508160168966 4.989867240021896 0.0 1.6431676725154984 0.6085806194501846 1 0 0 0.019057232446780693 0.9998183944554477 0.038116772327230125
cell 55.61024625460728 25.288006582457598 0.0 1.0 1.0 1 0 0 0.0 1.0 0
cell 47.74369360046874 46.60845067602333 0.0 1.0 1.0 1 0 0 0.0 1.0 0
cell 51.88822233348206 28.782609923978583 0.0 1.0 1.0 1 0 0 0.0 1.0 0
cell 21.748719957696604 18.13860158918418 0.0 1.6431676725154984 0.6085806194501846 1 0 0 0.9944859681085039 -0.10486972506539688 3.3517184593449048
cell 2.474648799854793 12.537488185840544 0.0 1.0 1.0 1 0 0 0.0 1.0 0
cell 53.81018131936559 35.041852642280936 0.0 1.0 1.0 1 0 0 0.0 1.0 0
cell 40.5141196509649 48.9741657590506 0.0 1.0 1.0 1 0 0 0.0 1.0 0
cell 29.91362943080076 7.19602160259452 0.0 1.0 1.0 1 0 0 0.0 1.0 0
cell 23.379717484387555 54.53425521823112 0.0 1.0 1.0 1 0 0 0.0 1.0 0
cell 54.749427846478376 19.030421682411443 0.0 1.0 1.0 1 0 0 0.0 1.0 0
cell 35.29156547806192 31.845698424602222 0.0 1.0 1.0 1 0 0 0.0 1.0 0
cell 30.431071246527143 48.35109574667675 0.0 1.0 1.0 1 0 0 0.0 1.0 0
cell 45.226691094332566 53.176898697707024 0.0 1.6431676725154984 0.6085806194501846 1 0 0 -0.038333914140815696 -0.9992649853900839 0.07668661779727426
cell 36.7271311169415 38.63837726170871 0.0 1.0 1.0 1 0 0 0.0 1.0 0
cell 30.750535936046038 27.95615086157452 0.0 1.0 1.0 1 0 0 0.0 1.0 0
cell 37.1277540449067 31.14463467665526 0.0 1.0 1.0 1 0 0 0.0 1.0 0
cell 23.642029976419916 0.7497699036899046 0.0 1.0 1.0 1 0 0 0.0 1.0 0
cell 26.770245890506892 38.500829511646046 0.0 1.0 1.0 1 0 0 0.0 1.0 0
cell 36.939313936664355 27.061499314967932 0.0 1.0 1.0 1 0 0 0.0 1.0 0
cell 55.288489139275974 47.59277346558472 0.0 1.6431676725154984 0.6085806194501846 1 0 0 0.15629600112989758 -0.9877102611752108 5.9693064184696185
cell 49.78535728323277 38.59202954688727 0.0 1.6431676725154984 0.6085806194501846 1 0 0 -0.8026879250973927 0.5963992747336657 4.419608170392841
cell 43.2311442092437 58.839661211214676 0.0 1.6431676725154984 0.6085806194501846 1 0 0 0.7037777849640399 -0.7104201780574012 4.721782777323096
cell 22.8462782379815 41.61697344958298 0.0 1.0 1.0 1 0 0 0.0 1.0 0
cell 46.343434237066056 2.5302792375414147 0.0 1.6431676725154984 0.6085806194501846 1 0 0 0.5848373600140377 0.811150579320394 1.2493590759405133
cell 24.081032989033037 57.905121265704224 0.0 1.0 1.0 1 0 0 0.0 1.0 0
cell 57.53191489268775 41.84392815496397 0.0 1.0 1.0 1 0 0 0.0 1.0 0
cell 4.398548277189289 22.145514710748568 0.0 1.6431676725154984 0.6085806194501846 1 0 0 0.974915904800725 0.2225735351891227 2.6926857944694405
cell 20.78461825459673 58.63879452806553 0.0 1.0 1.0 1 0 0 0.0 1.0 0
cell 52.46003425522133 14.338523353787547 0.0 1.6431676725154984 0.6085806194501846 1 0 0 0.5681507840910351 -0.8229244719515528 5.074671346486454
cell 36.1101870263326 55.518029746573525 0.0 1.0 1.0 1 0 0 0.0 1.0 0
cell 28.05981224018107 1.545265821376999 0.0 1.0 1.0 1 0 0 0.0 1.0 0
cell 32.509307960437084 45.79913657787415 0.0 1.0 1.0 1 0 0 0.0 1.0 0
cell 8.331626685311745 36.27436624035686 0.0 1.0 1.0 1 0 0 0.0 1.0 0
cell 29.281858376462818 22.56742544268552 0.0 1.0 1.0 1 0 0 0.0 1.0 0
cell 11.883707988656724 1.4625312813866678 0.0 1.6431676725154984 0.6085806194501846 1 0 0 0.429897147209531 -0.9028778670568389 5.394427592717867
cell 6.6339459001605965 43.00497817470384 0.0 1.0 1.0 1 0 0 0.0 1.0 0
cell 5.595419402301355 23.285649028488866 0.0 1.6431676725154984 0.6085806194501846 1 0 0 0.9991552195845756 -0.041095585856616164 3.22380697762406
cell 45.79396183044586 56.45247946421657 0.0 1.6431676725154984 0.6085806194501846 1 0 0 0.5490179503459283 0.835810558797839 1.1623776340655505
cell 43.47029661271922 56.11838496594918 0.0 1.6431676725154984 0.6085806194501846 1 0 0 0.8540770391111575 -0.5201465286466097 4.235637664528928
cell 4.177709892350256 34.504183460032685 0.0 1.0 1.0 1 0 0 0.0 1.0 0
cell 39.28540179677602 2.130218224592626 0.0 1.0 1.0 1 0 0 0.0 1.0 0
cell 17.210479451538482 53.978225857588015 0.0 1.0 1.0 1 0 0 0.0 1.0 0
cell 6.777399240773348 50.09518934295445 0.0 1.0 1.0 1 0 0 0.0 1.0 0
cell 3.8595377561795385 5.3744829755625325 0.0 1.6431676725154984 0.6085806194501846 1 0 0 0.296771436682046 -0.9549485401683561 5.680565321528054
cell 7.239853517687036 5.583694050498774 0.0 1.6431676725154984 0.6085806194501846 1 0 0 0.7176423058466959 0.6964118902338166 1.6008217963444957
cell 40.27963721267277 30.2742696183213 0.0 1.0 1.0 1 0 0 0.0 1.0 0
cell 32.65653466678162 43.852932838440495 0.0 1.0 1.0 1 0 0 0.0 1.0 0
cell 31.761461188497336 12.44652334191719 0.0 1.6431676725154984 0.6085806194501846 1 0 0 0.9285732332969222 0.37114922929261185 2.381099965211409
cell 24.26939769938405 48.13324600270321 0.0 1.6431676725154984 0.6085806194501846 1 0 0 0.4040352918976429 0.9147433972984919 0.8318479262506414
cell 6.6247027565198495 36.05536024879024 0.0 1.0 1.0 1 0 0 0.0 1.0 0
cell 35.29132274758871 17.306092133760743 0.0 1.0 1.0 1 0 0 0.0 1.0 0
cell 18.951109794017047 12.733031374146435 0.0 1.0 1.0 1 0 0 0.0 1.0 0
cell 23.16167518427661 11.048379728414101 0.0 1.6431676725154984 0.6085806194501846 1 0 0 -0.44150994889746514 0.8972563541288285 5.368623648854007
cell 50.94942840302722 33.44117090901329 0.0 1.0 1.0 1 0 0 0.0 1.0 0
cell 2.433865657954418 53.120171197916186 0.0 1.6431676725154984 0.6085806194501846 1 0 0 0.5025129186275107 -0.8645697002627728 5.230179541558934
cell 2.7693695794702236 29.977468124912452 0.0 1.0 1.0 1 0 0 0.0 1.0 0
cell 22.775742312964027 4.369471664736243 0.0 1.0 1.0 1 0 0 0.0 1.0 0
cell 10.219335380430408 1.898675718408408 0.0 1.6431676725154984 0.6085806194501846 1 0 0 0.5499144523273581 -0.8352209858004657 5.118661688740934
cell 54.73208997236593 20.704571595581633 0.0 1.0 1.0 1 0 0 0.0 1.0 0
cell 36.67644651085059 51.64370653585459 0.0 1.0 1.0 1 0 0 0.0 1.0 0
cell 0.7982082459756829 5.959105813852085 0.0 1.6431676725154984 0.6085806194501846 1 0 0 -0.01624006434859891 0.999868121459002 6.250703750596403
cell 30.401090568041276 12.180902247538132 0.0 1.6431676725154984 0.6085806194501846 1 0 0 0.8844862114509915 0.4665663315682691 2.170783293486957
cell 25.832764780924627 52.38372545540121 0.0 1.0 1.0 1 0 0 0.0 1.0 0
cell 13.185376381217988 35.873314623686014 0.0 1.0 1.0 1 0 0 0.0 1.0 0
cell 5.681324649863442 20.662631839719865 0.0 1.6431676725154984 0.6085806194501846 1 0 0 0.9999941735281269 -0.0034136358619934496 3.1484199385734466
cell 55.134241546187305 35.785199148664304 0.0 1.0 1.0 1 0 0 0.0 1.0 0
cell 22.081970457341292 27.686454818882094 0.0 1.0 1.0 1 0 0 0.0 1.0 0
cell 57.20484619868367 48.63436326070481 0.0 1.6431676725154984 0.6085806194501846 1 0 0 0.6831287551728569 0.7302979555332076 1.5040766294436343
cell 40.22203768862124 33.66420195001114 0.0 1.0 1.0 1 0 0 0.0 1.0 0
cell 36.89563870967772 49.89292353829746 0.0 1.0 1.0 1 0 0 0.0 1.0 0
cell 14.079316541126962 46.30815690164808 0.0 1.0 1.0 1 0 0 0.0 1.0 0
cell 35.51177193996724 35.689295452774736 0.0 1.0 1.0 1 0 0 0.0 1.0 0
cell 44.75774302681001 30.808459112367494 0.0 1.6431676725154984 0.6085806194501846 1 0 0 0.8999401573753104 -0.43601343229687484 4.043920815070941
cell 46.925400394231 0.4875228741050559 0.0 1.6431676725154984 0.6085806194501846 1 0 0 0.629355036891004 0.7771179045292438 1.3614459799001521
cell 1.2817661391085635 4.70073549200087 0.0 1.6431676725154984 0.6085806194501846 1 0 0 -0.25098584533188517 -0.9679907568995889 0.5073971317384354
cell 49.73617639500992 36.03044373716895 0.0 1.6431676725154984 0.6085806194501846 1 0 0 0.8077934132778831 -0.5894656915078833 4.402387131634001
cell 55.327149163393386 57.70853653068609 0.0 1.6431676725154984 0.6085806194501846 1 0 0 0.5741669177684565 0.8187382674214455 1.223172529963616
cell 39.72987535533928 39.353658487440455 0.0 1.0 1.0 1 0 0 0.0 1.0 0
cell 38.13544520461843 4.130091180362807 0.0 1.0 1.0 1 0 0 0.0 1.0 0
cell 4.395394738651473 54.77354195716655 0.0 1.6431676725154984 0.6085806194501846 1 0 0 0.7069008885858244 -0.7073126138537131 4.712971247850735
cell 10.204125504244622 57.76702614457021 0.0 1.0 1.0 1 0 0 0.0 1.0 0
cell 11.472360230050638 35.174102983189414 0.0 1.0 1.0 1 0 0 0.0 1.0 0
cell 58.65265288844033 40.27217398408657 0.0 1.0 1.0 1 0 0 0.0 1.0 0
cell 24.42695574245135 4.346031332790871 0.0 1.0 1.0 1 0 0 0.0 1.0 0
cell 15.938541625124586 54.76080717092648 0.0 1.0 1.0 1 0 0 0.0 1.0 0
cell 38.5687242297427 50.92409518855384 0.0 1.0 1.0 1 0 0 0.0 1.0 0
cell 25.999746848755674 10.290584903042497 0.0 1.6431676725154984 0.6085806194501846 1 0 0 0.8679699062447204 -0.49661679578275586 4.180985800922966
cell 10.69374677793611 33.624201615065815 0.0 1.0 1.0 1 0 0 0.0 1.0 0
cell 58.571951975981264 14.087307798373692 0.0 1.0 1.0 1 0 0 0.0 1.0 0
cell 12.855442727215053 19.999735639255654 0.0 1.6431676725154984 0.6085806194501846 1 0 0 0.9589225891401977 0.2836678833365872 2.5663587304627713
cell 22.118057132839827 22.291951411054285 0.0 1.6431676725154984 0.6085806194501846 1 0 0 0.04602515778441648 0.9989402809231989 0.09208284518329639
cell 49.952052231280234 13.446581778837894 0.0 1.0 1.0 1 0 0 0.0 1.0 0
cell 44.64912189596113 21.551424963361484 0.0 1.0 1.0 1 0 0 0.0 1.0 0
cell 56.61126066374501 6.048285462523452 0.0 1.6431676725154984 0.6085806194501846 1 0 0 -0.004622502616271512 0.9999893161777093 6.273940269022905
cell 18.615937488206423 27.360876074775625 0.0 1.0 1.0 1 0 0 0.0 1.0 0
cell 31.749859480618376 56.97486168385558 0.0 1.6431676725154984 0.6085806194501846 1 0 0 0.5344196926891449 0.8452192568002932 1.1276420438515615
cell 52.05813672808805 38.2256142124081 0.0 1.6431676725154984 0.6085806194501846 1 0 0 0.815732461400206 -0.5784293832594963 4.375196586827939
cell 8.448503427891202 43.340022609803775 0.0 1.0 1.0 1 0 0 0.0 1.0 0
cell 33.62252781510614 7.5718395017301265 0.0 1.0 1.0 1 0 0 0.0 1.0 0
cell 33.845319435853746 28.2016633143474 0.0 1.0 1.0 1 0 0 0.0 1.0 0
cell 20.958832750431334 23.40068627252383 0.0 1.6431676725154984 0.6085806194501846 1 0 0 0.07200308651743233 -0.9974044092202335 6.139054410944637
cell 20.256435542158947 44.861540127478 0.0 1.0 1.0 1 0 0 0.0 1.0 0
cell 38.06381035358369 52.82543455125973 0.0 1.0 1.0 1 0 0 0.0 1.0 0
cell 29.060555315119714 28.615269985450613 0.0 1.0 1.0 1 0 0 0.0 1.0 0
cell 44.97928786211755 39.5702771593704 0.0 1.0 1.0 1 0 0 0.0 1.0 0
cell 49.88486901757332 25.806970218681982 0.0 1.0 1.0 1 0 0 0.0 1.0 0
cell 14.309628944269782 51.76085924864246 0.0 1.0 1.0 1 0 0 0.0 1.0 0
cell 17.37027575754802 11.551957249442717 0.0 1.0 1.0 1 0 0 0.0 1.0 0
cell 33.23472503263663 10.163448864409114 0.0 1.6431676725154984 0.6085806194501846 1 0 0 0.477509371164751 0.878626655895349 0.9956356756138756
cell 29.211913530674604 45.13323313253197 0.0 1.0 1.0 1 0 0 0.0 1.0 0
cell 43.12213808881371 3.0241069603609825 0.0 1.6431676725154984 0.6085806194501846 1 0 0 0.7147193016994308 -0.6994114095282391 4.6907399288961384
cell 30.24747978012313 31.808158220447527 0.0 1.0 1.0 1 0 0 0.0 1.0 0
cell 18.32053149997138 42.27370157313767 0.0 1.0 1.0 1 0 0 0.0 1.0 0
cell 6.892874200427647 28.469403756433902 0.0 1.0 1.0 1 0 0 0.0 1.0 0
cell 5.165157409883529 8.675188267182664 0.0 1.0 1.0 1 0 0 0.0 1.0 0
cell 15.36136748839072 47.33142271804587 0.0 1.0 1.0 1 0 0 0.0 1.0 0
cell 15.288998399453885 26.728344178639354 0.0 1.0 1.0 1 0 0 0.0 1.0 0
cell 3.9121671847104 3.6709871916938184 0.0 1.0 1.0 1 0 0 0.0 1.0 0
cell 21.49366084031007 7.524208122084813 0.0 1.0 1.0 1 0 0 0.0 1.0 0
cell 39.446186252648765 17.267699928915633 0.0 1.0 1.0 1 0 0 0.0 1.0 0
cell 17.6173527406276 2.6038695826061775 0.0 1.0 1.0 1 0 0 0.0 1.0 0
cell 57.25097427615334 39.51650215080695 0.0 1.0 1.0 1 0 0 0.0 1.0 0
cell 37.14554890558233 48.0984163925079 0.0 1.0 1.0 1 0 0 0.0 1.0 0
cell 34.84732839801125 9.102144028999536 0.0 1.0 1.0 1 0 0 0.0 1.0 0
cell 58.616204446052876 38.0514338294834 0.0 1.0 1.0 1 0 0 0.0 1.0 0
cell 34.89992881713562 0.05572638310812404 0.0 1.0 1.0 1 0 0 0.0 1.0 0
cell 24.521615010519135 6.284873075728221 0.0 1.0 1.0 1 0 0 0.0 1.0 0
cell 3.8013453729342634 31.595229877790825 0.0 1.0 1.0 1 0 0 0.0 1.0 0
cell 41.05674851511338 50.2544507261402 0.0 1.6431676725154984 0.6085806194501846 1 0 0 0.32120521075808367 -0.9470096158866894 5.629181583186589
cell 40.723254401791436 42.37646983346185 0.0 1.0 1.0 1 0 0 0.0 1.0 0
cell 10.792510326126148 45.440960616290916 0.0 1.0 1.0 1 0 0 0.0 1.0 0
cell 9.527992546441213 54.10633032472675 0.0 1.0 1.0 1 0 0 0.0 1.0 0
cell 28.55825912827968 49.059246971413735 0.0 1.0 1.0 1 0 0 0.0 1.0 0
cell 38.44519238963049 38.00435948528713 0.0 1.0 1.0 1 0 0 0.0 1.0 0
cell 41.419038956036836 35.13985358724 0.0 1.0 1.0 1 0 0 0.0 1.0 0
cell 39.505804281924256 45.98015169555691 0.0 1.0 1.0 1 0 0 0.0 1.0 0
cell 7.542073185973571 30.790518569335553 0.0 1.0 1.0 1 0 0 0.0 1.0 0
cell 17.064505810209226 13.528675498855394 0.0 1.0 1.0 1 0 0 0.0 1.0 0
cell 17.670663739237792 45.313104825234106 0.0 1.0 1.0 1 0 0 0.0 1.0 0
cell 54.05125946535455 1.1520768297439723 0.0 1.6431676725154984 0.6085806194501846 1 0 0 0.9668080388700371 0.2555038472827228 2.6248550286718264
cell 34.88490554079995 57.13239042814201 0.0 1.0 1.0 1 0 0 0.0 1.0 0
cell 27.618645453022133 25.64984276962991 0.0 1.0 1.0 1 0 0 0.0 1.0 0
cell 20.268877803900505 8.615659530705463 0.0 1.6431676725154984 0.6085806194501846 1 0 0 0.9988885693160041 -0.047134128716104756 3.235895850767017
cell 12.934129651414239 40.70952418816697 0.0 1.0 1.0 1 0 0 0.0 1.0 0
cell 52.89448185157533 36.76792811378326 0.0 1.0 1.0 1 0 0 0.0 1.0 0
cell 46.08560321388184 28.94950515736182 0.0 1.6431676725154984 0.6085806194501846 1 0 0 0.9529687637003019 -0.3030685325326897 3.7574146223095273
cell 12.125567849103398 43.98053885421225 0.0 1.0 1.0 1 0 0 0.0 1.0 0
cell 20.907752346365346 46.580736537510404 0.0 1.0 1.0 1 0 0 0.0 1.0 0
cell 34.23977856429276 12.688152470708296 0.0 1.6431676725154984 0.6085806194501846 1 0 0 0.9999953343379979 0.0030547180288290903 3.135483208030596
cell 46.35895898126368 22.105221494528433 0.0 1.0 1.0 1 0 0 0.0 1.0 0
cell 33.61741826839856 32.44027633012384 0.0 1.0 1.0 1 0 0 0.0 1.0 0
cell 12.29134122349318 52.11439082620768 0.0 1.6431676725154984 0.6085806194501846 1 0 0 0.7250604880337991 -0.6886851883786881 4.660940864362157
cell 38.12303021891323 58.202557082296934 0.0 1.0 1.0 1 0 0 0.0 1.0 0
cell 28.10212044171443 39.96691938460911 0.0 1.0 1.0 1 0 0 0.0 1.0 0
cell 1.4760905870073115 27.711288914078352 0.0 1.0 1.0 1 0 0 0.0 1.0 0
cell 28.373628276974966 32.49460613394785 0.0 1.0 1.0 1 0 0 0.0 1.0 0
cell 53.78890488584194 17.640988863996455 0.0 1.0 1.0 1 0 0 0.0 1.0 0
cell 18.00553810303125 31.284385434444374 0.0 1.0 1.0 1 0 0 0.0 1.0 0
cell 2.7095118371880798 43.20462346578267 0.0 1.0 1.0 1 0 0 0.0 1.0 0
cell 34.37738034728035 45.20509934299913 0.0 1.0 1.0 1 0 0 0.0 1.0 0
cell 43.00768810685585 28.531712005474862 0.0 1.6431676725154984 0.6085806194501846 1 0 0 0.8170373223936266 -0.5765847845857996 4.370677645070809
cell 10.847633116472345 31.874611428793965 0.0 1.0 1.0 1 0 0 0.0 1.0 0
cell 5.412120373741738 44.55496787453533 0.0 1.0 1.0 1 0 0 0.0 1.0 0
cell 23.826541641780718 29.183224975384285 0.0 1.0 1.0 1 0 0 0.0 1.0 0
cell 30.37869094048177 19.28470343244094 0.0 1.0 1.0 1 0 0 0.0 1.0 0
cell 8.900423176429754 10.672162817617133 0.0 1.6431676725154984 0.6085806194501846 1 0 0 0.8123162071443663 -0.5832172662143937 4.386960041433299
cell 32.94904756728225 53.05059206786593 0.0 1.0 1.0 1 0 0 0.0 1.0 0
cell 49.25276643308929 50.10666158866847 0.0 1.6431676725154984 0.6085806194501846 1 0 0 0.8276367823943483 -0.5612640701380501 4.333417323963363
cell 31.8870641087004 49.696492263402 0.0 1.0 1.0 1 0 0 0.0 1.0 0
cell 23.81282511425111 23.24583231101568 0.0 1.6431676725154984 0.6085806194501846 1 0 0 -0.22546611299671884 0.9742510107206206 5.8283424234712
cell 9.354235660082935 0.5169882881051932 0.0 1.0 1.0 1 0 0 0.0 1.0 0
cell 18.950414877333188 25.360399454355203 0.0 1.0 1.0 1 0 0 0.0 1.0 0
cell 7.05750803155834 26.434662390944734 0.0 1.0 1.0 1 0 0 0.0 1.0 0
cell 4.130113236059294 11.535510262969732 0.0 1.0 1.0 1 0 0 0.0 1.0 0
cell 27.25576074919132 29.441488892593913 0.0 1.0 1.0 1 0 0 0.0 1.0 0
cell 43.059770210241446 8.356823417072375 0.0 1.6431676725154984 0.6085806194501846 1 0 0 -0.10182984550623747 0.9948018308005749 6.079171994940241
cell 11.548264701422033 42.11484647295701 0.0 1.0 1.0 1 0 0 0.0 1.0 0
cell 53.08715536326485 6.429597286779153 0.0 1.6431676725154984 0.6085806194501846 1 0 0 0.4690621396291632 0.8831651652813937 0.9764570945718264
cell 7.7025114645429245 46.63770635882344 0.0 1.0 1.0 1 0 0 0.0 1.0 0
cell 24.57048337481911 44.90632773672923 0.0 1.0 1.0 1 0 0 0.0 1.0 0
cell 40.61340572821644 27.642885411335413 0.0 1.6431676725154984 0.6085806194501846 1 0 0 0.7449363142510346 -0.6671355842031542 4.602306558116942
cell 29.96661855066263 17.31926617600752 0.0 1.0 1.0 1 0 0 0.0 1.0 0
cell 5.454801518641365 10.794153441555146 0.0 1.6431676725154984 0.6085806194501846 1 0 0 0.36294551673698433 0.9318103626170527 0.7428540478322819
cell 11.122324073134672 56.03833602470876 0.0 1.0 1.0 1 0 0 0.0 1.0 0
cell 41.152009058828064 0.7355095462159464 0.0 1.6431676725154984 0.6085806194501846 1 0 0 0.6209938364747223 -0.7838154470667225 4.943165278467335
cell 14.802166861537543 23.733725066482926 0.0 1.0 1.0 1 0 0 0.0 1.0 0
cell 33.69460120197612 18.538811989179774 0.0 1.0 1.0 1 0 0 0.0 1.0 0
cell 35.07696816742252 50.453586215957884 0.0 1.0 1.0 1 0 0 0.0 1.0 0
cell 33.27297700922827 34.38400925515241 0.0 1.0 1.0 1 0 0 0.0 1.0 0
cell 1.9490818413797184 23.633044016420744 0.0 1.6431676725154984 0.6085806194501846 1 0 0 0.4445670079742441 0.8957455974889458 0.9213816310796029
cell 35.59375125108969 28.387885283663323 0.0 1.0 1.0 1 0 0 0.0 1.0 0
cell 55.982880102067966 34.41262988194484 0.0 1.0 1.0 1 0 0 0.0 1.0 0
cell 31.251345270541453 58.10760533595512 0.0 1.6431676725154984 0.6085806194501846 1 0 0 0.4572991817815745 0.8893129136259647 0.9499116939773575
cell 25.749216801106545 57.5342178025337 0.0 1.0 1.0 1 0 0 0.0 1.0 0
cell 11.815737782536898 13.948787877217127 0.0 1.0 1.0 1 0 0 0.0 1.0 0
cell 36.179861301190414 3.836988387549504 0.0 1.0 1.0 1 0 0 0.0 1.0 0
cell 55.47819581939719 55.0159762786498 0.0 1.6431676725154984 0.6085806194501846 1 0 0 0.6504314242573936 0.7595649823013818 1.4163045746044747
cell 19.43655790358915 10.087766648146873 0.0 1.6431676725154984 0.6085806194501846 1 0 0 0.9411701010049551 -0.3379331901046753 3.8310327114698306
cell 15.989416530005437 50.765068648560366 0.0 1.0 1.0 1 0 0 0.0 1.0 0
cell 36.86086134483328 36.77628325251048 0.0 1.0 1.0 1 0 0 0.0 1.0 0
cell 18.546222939601567 18.175458924172162 0.0 1.6431676725154984 0.6085806194501846 1 0 0 0.9709490407565422 -0.23928635618010177 3.6248542300493996
cell 41.616404321674636 38.754837778458864 0.0 1.0 1.0 1 0 0 0.0 1.0 0
cell 8.283056164752773 22.57382412884303 0.0 1.6431676725154984 0.6085806194501846 1 0 0 0.9963377097835314 0.08550536862272172 2.9703728463923604
cell 22.219935828405703 48.052382423498315 0.0 1.0 1.0 1 0 0 0.0 1.0 0
cell 13.377981897936785 27.249676033031708 0.0 1.0 1.0 1 0 0 0.0 1.0 0
cell 28.85383072562272 12.126967035686555 0.0 1.6431676725154984 0.6085806194501846 1 0 0 0.7201553457434615 0.6938128551685356 1.6080523888594966
cell 20.472993612751917 26.6525184350241 0.0 1.0 1.0 1 0 0 0.0 1.0 0
cell 8.209085045238302 48.39410030851614 0.0 1.0 1.0 1 0 0 0.0 1.0 0
cell 57.62021236508825 25.156860899757653 0.0 1.0 1.0 1 0 0 0.0 1.0 0
cell 27.716444594502065 23.621498903375763 0.0 1.0 1.0 1 0 0 0.0 1.0 0
cell 5.682445566551232 58.174186046292796 0.0 1.6431676725154984 0.6085806194501846 1 0 0 0.8117876770416227 -0.5839527099032644 4.3887713631000045
cell 17.086326610923763 46.92220264183874 0.0 1.0 1.0 1 0 0 0.0 1.0 0
cell 43.07986147319527 11.51932929973643 0.0 1.0 1.0 1 0 0 0.0 1.0 0
cell 19.252336102834306 20.093706623697603 0.0 1.0 1.0 1 0 0 0.0 1.0 0
cell 46.726160321061336 33.460539200416484 0.0 1.6431676725154984 0.6085806194501846 1 0 0 0.8681202342889014 -0.49635396524877584 4.180380232062604
cell 29.792885122372482 1.4414519059114974 0.0 1.0 1.0 1 0 0 0.0 1.0 0
cell 2.575055631692282 58.58399868371505 0.0 1.6431676725154984 0.6085806194501846 1 0 0 0.4056183102165398 -0.914042551754063 5.447874935421114
cell 56.537893556727965 56.96156102977921 0.0 1.6431676725154984 0.6085806194501846 1 0 0 0.7323434957414846 0.6809353891854514 1.643514389203749
cell 34.590537850539846 54.10513204039468 0.0 1.0 1.0 1 0 0 0.0 1.0 0
cell 35.343162275743005 48.57023838667284 0.0 1.0 1.0 1 0 0 0.0 1.0 0
cell 51.32616430748236 3.783064087466307 0.0 1.6431676725154984 0.6085806194501846 1 0 0 0.9245319134396464 0.3811046326556871 2.3596110440747005
cell 16.01620925386416 20.712745439359438 0.0 1.6431676725154984 0.6085806194501846 1 0 0 0.9778052165290624 0.20951601019624594 2.719432737980046
cell 9.072635318041927 32.82421919642209 0.0 1.0 1.0 1 0 0 0.0 1.0 0
cell 48.88197882864643 42.899857518451576 0.0 1.0 1.0 1 0 0 0.0 1.0 0
cell 22.712526375660413 6.014439478421729 0.0 1.0 1.0 1 0 0 0.0 1.0 0
cell 11.814963766866752 11.958257453606873 0.0 1.0 1.0 1 0 0 0.0 1.0 0
cell 15.479838941456686 33.82820663609663 0.0 1.0 1.0 1 0 0 0.0 1.0 0
cell 50.753758791450004 7.228388028746335 0.0 1.6431676725154984 0.6085806194501846 1 0 0 0.41492294766146137 0.9098565532565692 0.8557162301783224
cell 26.303159561157692 55.65787258776671 0.0 1.0 1.0 1 0 0 0.0 1.0 0
cell 16.244352519131734 5.211629244220405 0.0 1.0 1.0 1 0 0 0.0 1.0 0
cell 1.5923923268415698 33.238690475435824 0.0 1.0 1.0 1 0 0 0.0 1.0 0
cell 20.766119767887798 51.55653421350291 0.0 1.0 1.0 1 0 0 0.0 1.0 0
cell 48.604094851027114 27.076021610438122 0.0 1.0 1.0 1 0 0 0.0 1.0 0
cell 9.504152036102306 34.787407529062385 0.0 1.0 1.0 1 0 0 0.0 1.0 0
cell 46.55641001678798 27.291845361470767 0.0 1.0 1.0 1 0 0 0.0 1.0 0
cell 13.680421938932597 12.710100798024557 0.0 1.0 1.0 1 0 0 0.0 1.0 0
cell 21.70959318724432 14.191564238622561 0.0 1.6431676725154984 0.6085806194501846 1 0 0 0.41286071781598627 -0.910794174160369 5.4319998284133515
cell 42.117308978522864 43.68513657676717 0.0 1.0 1.0 1 0 0 0.0 1.0 0
cell 16.09315463161741 39.71504188910063 0.0 1.0 1.0 1 0 0 0.0 1.0 0
cell 38.649235240378225 30.53011692286079 0.0 1.0 1.0 1 0 0 0.0 1.0 0
cell 57.1807463454895 15.293229246377667 0.0 1.0 1.0 1 0 0 0.0 1.0 0
cell 11.068090252493604 40.352670438275595 0.0 1.0 1.0 1 0 0 0.0 1.0 0
cell 12.916998503080675 54.178723418648154 0.0 1.6431676725154984 0.6085806194501846 1 0 0 0.5939851810550351 -0.804475981423322 5.011178118097776
cell 24.914170663743064 31.886569442286973 0.0 1.0 1.0 1 0 0 0.0 1.0 0
cell 45.38634569961905 18.561566624904867 0.0 1.6431676725154984 0.6085806194501846 1 0 0 0.1633167698788735 -0.9865736833487558 5.9550820427429105
cell 26.41118043298376 5.560339974259005 0.0 1.0 1.0 1 0 0 0.0 1.0 0
cell 18.161329988347507 16.32597624984855 0.0 1.0 1.0 1 0 0 0.0 1.0 0
cell 51.867331270145925 9.21688766777543 0.0 1.6431676725154984 0.6085806194501846 1 0 0 0.024217739809075975 0.9997067075290332 0.04844021542758073
cell 34.79106035020381 52.28104826379799 0.0 1.0 1.0 1 0 0 0.0 1.0 0
cell 31.784823072354758 7.529508306892707 0.0 1.0 1.0 1 0 0 0.0 1.0 0
cell 4.8217676059224415 36.03547760175439 0.0 1.0 1.0 1 0 0 0.0 1.0 0
cell 14.752295000955227 55.739692330294616 0.0 1.0 1.0 1 0 0 0.0 1.0 0
cell 4.807734792446167 29.161068157982395 0.0 1.6431676725154984 0.6085806194501846 1 0 0 0.5343199538636443 0.845282311954505 1.1274060456668136
cell 2.37599913898079 25.784922720689202 0.0 1.6431676725154984 0.6085806194501846 1 0 0 -0.508075506647956 -0.8613125330241183 1.0658978822481098
cell 51.19335696248309 20.300158276283337 0.0 1.0 1.0 1 0 0 0.0 1.0 0
cell 6.810537289139562 52.891616617932094 0.0 1.0 1.0 1 0 0 0.0 1.0 0
cell 39.956966669646334 20.7184739378914 0.0 1.6431676725154984 0.6085806194501846 1 0 0 0.8675353867980923 -0.49737546446631675 4.182734383628593
cell 51.65508669973119 25.51746875266649 0.0 1.0 1.0 1 0 0 0.0 1.0 0
cell 8.542823259850783 57.97548650425751 0.0 1.0 1.0 1 0 0 0.0 1.0 0
cell 22.210164427013552 46.06814907265285 0.0 1.6431676725154984 0.6085806194501846 1 0 0 0.508313077395617 0.8611723493869259 1.0664495753249674
cell 38.86992078279759 20.59407576552007 0.0 1.6431676725154984 0.6085806194501846 1 0 0 0.8172314359387212 -0.5763096217429794 4.3700041626002735
cell 29.435471316750217 5.873995608525885 0.0 1.6431676725154984 0.6085806194501846 1 0 0 0.9164869554388602 0.40006457042633586 2.3184180550663185
cell 28.079841833316852 55.50944531488814 0.0 1.0 1.0 1 0 0 0.0 1.0 0
cell 14.876384113361855 0.6185073880575603 0.0 1.0 1.0 1 0 0 0.0 1.0 0
cell 44.186248000115576 43.25907219141526 0.0 1.0 1.0 1 0 0 0.0 1.0 0
cell 8.839131460589229 38.185540839490216 0.0 1.0 1.0 1 0 0 0.0 1.0 0
cell 29.80352128059224 39.525235765713646 0.0 1.0 1.0 1 0 0 0.0 1.0 0
cell 17.071501528052416 36.480165980312194 0.0 1.0 1.0 1 0 0 0.0 1.0 0
cell 9.627271474686433 46.920939011163085 0.0 1.0 1.0 1 0 0 0.0 1.0 0
cell 55.142231545859005 51.4536189179086 0.0 1.6431676725154984 0.6085806194501846 1 0 0 0.8169146861999917 -0.5767585244023439 4.371102969229598
cell 12.332511371684511 33.14951385984549 0.0 1.0 1.0 1 0 0 0.0 1.0 0
cell 8.2944068275794 19.84035924666912 0.0 1.6431676725154984 0.6085806194501846 1 0 0 0.9988519563268122 0.04790375081452472 3.0457484713837997
cell 16.316988572921094 58.625378233337074 0.0 1.0 1.0 1 0 0 0.0 1.0 0
cell 32.163220163132905 55.036205309409496 0.0 1.6431676725154984 0.6085806194501846 1 0 0 0.668654538478039 0.7435732029684238 1.4647957158426204
cell 46.97836219928525 39.15208017197392 0.0 1.0 1.0 1 0 0 0.0 1.0 0
cell 11.182827563879087 29.901608847853577 0.0 1.0 1.0 1 0 0 0.0 1.0 0
cell 36.27797087779792 53.528464975606106 0.0 1.0 1.0 1 0 0 0.0 1.0 0
cell 57.586711633786706 58.01057745035309 0.0 1.6431676725154984 0.6085806194501846 1 0 0 0.798516985499475 0.6019722783225413 1.8496551682778775
cell 58.03359722649162 21.79537010585309 0.0 1.6431676725154984 0.6085806194501846 1 0 0 -0.5220207064712684 -0.8529328121342489 1.0984367303430167
cell 40.220093093616995 44.199958054573784 0.0 1.0 1.0 1 0 0 0.0 1.0 0
cell 16.16006844267933 9.968790385948044 0.0 1.0 1.0 1 0 0 0.0 1.0 0
cell 2.729617757090979 46.95730912364211 0.0 1.6431676725154984 0.6085806194501846 1 0 0 0.6727247157661287 -0.7398928684596043 4.8074148419893685
cell 3.484068176980365 49.74186121514054 0.0 1.6431676725154984 0.6085806194501846 1 0 0 0.9522408399127257 -0.30534797003141645 3.762200313934821
cell 49.36116738726761 7.782456030811349 0.0 1.6431676725154984 0.6085806194501846 1 0 0 -0.25488888983552327 -0.9669703479623429 0.5154655920301101
cell 36.85888343306449 34.804533116444695 0.0 1.0 1.0 1 0 0 0.0 1.0 0
cell 58.0447707092547 43.83783419074594 0.0 1.0 1.0 1 0 0 0.0 1.0 0
cell 48.31614426888866 17.090064828119683 0.0 1.6431676725154984 0.6085806194501846 1 0 0 0.23485053912704834 -0.9720314934567371 5.80905569940082
cell 8.570691308214146 50.0243444639732 0.0 1.6431676725154984 0.6085806194501846 1 0 0 0.5236949282663893 -0.8519058763197148 5.180820413384507
cell 32.90792255716768 41.873502211438215 0.0 1.0 1.0 1 0 0 0.0 1.0 0
cell 9.432483342748544 30.844629607441984 0.0 1.0 1.0 1 0 0 0.0 1.0 0
cell 16.135941798775534 1.5732628288417654 0.0 1.0 1.0 1 0 0 0.0 1.0 0
cell 36.78793422139092 8.194736387312387 0.0 1.0 1.0 1 0 0 0.0 1.0 0
cell 37.280074459519724 2.2921114863018097 0.0 1.0 1.0 1 0 0 0.0 1.0 0
cell 58.118771732343866 45.576283219066575 0.0 1.6431676725154984 0.6085806194501846 1 0 0 0.9966305871353939 0.08202117279190832 2.977365817201892
cell 17.522694219247818 38.396937030660574 0.0 1.0 1.0 1 0 0 0.0 1.0 0
cell 53.805202084161216 31.774884647533785 0.0 1.0 1.0 1 0 0 0.0 1.0 0
cell 46.54845281711048 15.387063447180122 0.0 1.0 1.0 1 0 0 0.0 1.0 0
cell 5.973219302208087 39.40963457570447 0.0 1.0 1.0 1 0 0 0.0 1.0 0
cell 29.935902852605402 15.324369456436056 0.0 1.6431676725154984 0.6085806194501846 1 0 0 0.3765690812518384 -0.9263885400009795 5.511005398904286
cell 35.867570904903246 23.29589400684182 0.0 1.0 1.0 1 0 0 0.0 1.0 0
cell 21.53023074079765 19.357202368455237 0.0 1.6431676725154984 0.6085806194501846 1 0 0 0.9740032313668704 -0.22653411506193682 3.598628273615989
cell 5.280722552850894 32.90951704664047 0.0 1.0 1.0 1 0 0 0.0 1.0 0
cell 26.128839977464587 15.353143178169478 0.0 1.0 1.0 1 0 0 0.0 1.0 0
cell 43.69032588682287 51.63767710659958 0.0 1.0 1.0 1 0 0 0.0 1.0 0
cell 50.608320442794664 35.29131294801073 0.0 1.6431676725154984 0.6085806194501846 1 0 0 0.8679176254367915 -0.49670815924057593 4.18119632944182
cell 38.504889156178656 34.15823720386732 0.0 1.0 1.0 1 0 0 0.0 1.0 0
cell 34.345025801552964 3.5191414867350814 0.0 1.0 1.0 1 0 0 0.0 1.0 0
cell 35.27533008564068 37.67640415275712 0.0 1.0 1.0 1 0 0 0.0 1.0 0
cell 13.610048539342923 57.82573101954288 0.0 1.6431676725154984 0.6085806194501846 1 0 0 0.5440119215004158 -0.8390774870448053 5.132763132348752
cell 23.225458466553388 45.18970780288595 0.0 1.6431676725154984 0.6085806194501846 1 0 0 0.6605055350101704 0.7508211759273499 1.4429837422104623
cell 27.442796890783004 3.4197597549157517 0.0 1.0 1.0 1 0 0 0.0 1.0 0
cell 55.2989140136297 2.4645988556489233 0.0 1.0 1.0 1 0 0 0.0 1.0 0
cell 30.838252545927862 21.35637332749711 0.0 1.0 1.0 1 0 0 0.0 1.0 0
cell 1.260363999347974 56.31121075399239 0.0 1.0 1.0 1 0 0 0.0 1.0 0
cell 15.1228743440673 49.04022212394208 0.0 1.0 1.0 1 0 0 0.0 1.0 0
cell 6.154645791372167 24.84277672250881 0.0 1.0 1.0 1 0 0 0.0 1.0 0
cell 0.07268013127413711 33.23272702653832 0.0 1.6431676725154984 0.6085806194501846 1 0 0 -0.8619615646282762 -0.5069736295938616 2.078252407194112
cell 56.87147385962519 37.780405757127554 0.0 1.0 1.0 1 0 0 0.0 1.0 0
cell 51.10775541512004 41.12645322919433 0.0 1.6431676725154984 0.6085806194501846 1 0 0 0.8078715890470667 -0.5893585458874483 4.402121864712643
cell 0.6738450948132394 23.848350970912676 0.0 1.6431676725154984 0.6085806194501846 1 0 0 0.5496714857579319 0.8353809057817084 1.163941872257381
cell 40.43556563634553 11.113984951077235 0.0 1.6431676725154984 0.6085806194501846 1 0 0 0.7195388351205496 -0.6944522048012826 4.676909266656328
cell 20.177425028141474 16.987011400988024 0.0 1.6431676725154984 0.6085806194501846 1 0 0 0.9938121304329808 0.11107407170109486 2.9189851651273595
cell 6.950449688928417 14.250957805272485 0.0 1.0 1.0 1 0 0 0.0 1.0 0
cell 16.43852480701029 30.023038300401694 0.0 1.0 1.0 1 0 0 0.0 1.0 0
cell 3.014980676989365 36.125378285635676 0.0 1.0 1.0 1 0 0 0.0 1.0 0
cell 20.896134563994956 10.00927628074693 0.0 1.6431676725154984 0.6085806194501846 1 0 0 0.9657836353073092 -0.259349127186884 3.6662890726621162
cell 36.90533080850549 32.99788173415539 0.0 1.0 1.0 1 0 0 0.0 1.0 0
cell 18.869243172008897 1.682567682919561 0.0 1.0 1.0 1 0 0 0.0 1.0 0
cell 48.48083882264295 35.730206401154284 0.0 1.6431676725154984 0.6085806194501846 1 0 0 0.8201914695553431 -0.5720891130485238 4.359694060466537
cell 28.581965598926494 58.926097897305 0.0 1.0 1.0 1 0 0 0.0 1.0 0
cell 2.2438391269236444 34.739255145997035 0.0 1.0 1.0 1 0 0 0.0 1.0 0
cell 43.802564331481946 27.28320304287885 0.0 1.6431676725154984 0.6085806194501846 1 0 0 0.914637843386832 -0.40427418350011557 3.9739629238894536
cell 32.60876770680336 24.31304808820937 0.0 1.0 1.0 1 0 0 0.0 1.0 0
cell 52.05608869667789 35.04106570444939 0.0 1.0 1.0 1 0 0 0.0 1.0 0
cell 13.787400250317807 6.710379464067876 0.0 1.0 1.0 1 0 0 0.0 1.0 0
cell 21.98695041567803 43.63701383341738 0.0 1.6431676725154984 0.6085806194501846 1 0 0 0.6160618090604043 0.7876978147851001 1.3274664948886588
cell 30.80768319470965 38.5642933081969 0.0 1.6431676725154984 0.6085806194501846 1 0 0 0.9394838234233626 -0.34259326544142704 3.8409442975168773
cell 57.49575066602383 53.99060299982938 0.0 1.6431676725154984 0.6085806194501846 1 0 0 0.9103315934417454 0.41387968056164914 2.2881690808764934
cell 14.405004161990336 4.512763080296896 0.0 1.0 1.0 1 0 0 0.0 1.0 0
cell 8.780536589600901 4.52732612127571 0.0 1.6431676725154984 0.6085806194501846 1 0 0 0.6189255986263696 -0.785449618603886 4.948437139024396
cell 23.10001638182493 39.66852147765502 0.0 1.0 1.0 1 0 0 0.0 1.0 0
cell 39.354985224882704 28.73958438934675 0.0 1.0 1.0 1 0 0 0.0 1.0 0
cell 48.23737862974918 14.44640888915659 0.0 1.0 1.0 1 0 0 0.0 1.0 0
cell 44.57189598484974 9.348818136667365 0.0 1.0 1.0 1 0 0 0.0 1.0 0
cell 54.99753198859707 7.359696355739979 0.0 1.0 1.0 1 0 0 0.0 1.0 0
cell 20.49214637568947 37.40607775812847 0.0 1.6431676725154984 0.6085806194501846 1 0 0 0.6711330098651287 0.7413369564977677 1.471472130761576
cell 13.486835863649889 0.8643176308510354 0.0 1.6431676725154984 0.6085806194501846 1 0 0 0.5233780719964852 -0.8521005772520296 5.181564204619776
cell 30.57836581078538 29.920292331840788 0.0 1.0 1.0 1 0 0 0.0 1.0 0
cell 10.114691531843865 26.815860896487056 0.0 1.6431676725154984 0.6085806194501846 1 0 0 0.5823183717998361 0.8129608316914092 1.2431551020573288
cell 40.12566911683389 52.06685414612564 0.0 1.6431676725154984 0.6085806194501846 1 0 0 0.9942710383231254 -0.1068882704128675 3.355778371436301
cell 17.484776292343593 24.234053146197503 0.0 1.6431676725154984 0.6085806194501846 1 0 0 -0.136195411241918 0.990681992344993 6.009945272073414
cell 58.52844268783289 30.011028529733085 0.0 1.0 1.0 1 0 0 0.0 1.0 0
cell 12.559469291246321 45.7457660210744 0.0 1.0 1.0 1 0 0 0.0 1.0 0
cell 41.70373003806523 12.85641215771463 0.0 1.0 1.0 1 0 0 0.0 1.0 0
cell 46.5096546394385 31.533809140320553 0.0 1.6431676725154984 0.6085806194501846 1 0 0 0.928713850159031 -0.3707972283105538 3.9013272448899627
cell 42.620765207359064 24.793922158195674 0.0 1.6431676725154984 0.6085806194501846 1 0 0 0.8783568521417319 -0.4780054814493949 4.138357788345862
cell 25.24730180940481 54.132037554612765 0.0 1.0 1.0 1 0 0 0.0 1.0 0
cell 50.49556190794667 49.71895889784485 0.0 1.6431676725154984 0.6085806194501846 1 0 0 0.7437466004117415 -0.6684616626074956 4.605869648794058
cell 8.819275417363723 24.298145040130166 0.0 1.6431676725154984 0.6085806194501846 1 0 0 0.5090856898002923 -0.8607158418668501 5.2149409292495505
cell 4.801913913542538 0.8997426566488425 0.0 1.6431676725154984 0.6085806194501846 1 0 0 0.6665208641309023 -0.7454863765879262 4.824121189766317
cell 29.471646879680534 43.205931203846426 0.0 1.0 1.0 1 0 0 0.0 1.0 0
cell 26.874563874300982 31.332808995184493 0.0 1.0 1.0 1 0 0 0.0 1.0 0
cell 4.216304299508242 57.93696749816755 0.0 1.6431676725154984 0.6085806194501846 1 0 0 0.5819923517056046 -0.813194258806701 5.040832146073077
cell 32.39853806280334 22.3079547003891 0.0 1.0 1.0 1 0 0 0.0 1.0 0
cell 7.83361623122988 41.459948155961904 0.0 1.0 1.0 1 0 0 0.0 1.0 0
cell 29.07610501083217 20.620403014002466 0.0 1.0 1.0 1 0 0 0.0 1.0 0
cell 33.61958339783346 49.149029293305226 0.0 1.0 1.0 1 0 0 0.0 1.0 0
cell 27.793741557167873 41.88131627908175 0.0 1.0 1.0 1 0 0 0.0 1.0 0
cell 10.051286612786448 8.240348928828457 0.0 1.6431676725154984 0.6085806194501846 1 0 0 0.8617247694558849 -0.5073760160928007 4.205866681227857
cell 42.78767988561729 53.47358735456515 0.0 1.6431676725154984 0.6085806194501846 1 0 0 0.8729621983121538 -0.4877878640536395 4.160700446848577
cell 56.37231382128208 23.655186481938564 0.0 1.0 1.0 1 0 0 0.0 1.0 0
cell 52.145180499050895 47.48898646715492 0.0 1.6431676725154984 0.6085806194501846 1 0 0 0.06363347710640135 0.9979733366134333 0.12735299972977115
cell 38.52074309368922 27.315583505173876 0.0 1.0 1.0 1 0 0 0.0 1.0 0
cell 0.8147087106119524 38.93686968119615 0.0 1.0 1.0 1 0 0 0.0 1.0 0
cell 39.799772480017076 0.17897174589597872 0.0 1.0 1.0 1 0 0 0.0 1.0 0
cell 36.51126208258018 57.425029828125275 0.0 1.0 1.0 1 0 0 0.0 1.0 0
cell 27.779181769180642 43.78821015809445 0.0 1.0 1.0 1 0 0 0.0 1.0 0
cell 52.78405391597 27.0910774639263 0.0 1.0 1.0 1 0 0 0.0 1.0 0
cell 8.088197012218963 52.584452906042905 0.0 1.6431676725154984 0.6085806194501846 1 0 0 0.78256858724797 -0.6225643792032406 4.485623300816573
cell 32.73951662821164 3.9144388887758677 0.0 1.0 1.0 1 0 0 0.0 1.0 0
cell 31.842227857555493 17.948461722594253 0.0 1.0 1.0 1 0 0 0.0 1.0 0
cell 13.699629707976163 14.701605446694142 0.0 1.0 1.0 1 0 0 0.0 1.0 0
cell 15.809358663603419 45.36418906187588 0.0 1.0 1.0 1 0 0 0.0 1.0 0
cell 23.046185376669232 49.690462748054266 0.0 1.0 1.0 1 0 0 0.0 1.0 0
cell 48.87172136484939 54.208248573617624 0.0 1.6431676725154984 0.6085806194501846 1 0 0 0.45093822455718496 0.8925551622354855 0.9356324545877288
cell 19.25003272509634 5.2186573788342185 0.0 1.0 1.0 1 0 0 0.0 1.0 0
cell 6.655581114971871 18.80319974823343 0.0 1.6431676725154984 0.6085806194501846 1 0 0 0.9999735663830869 -0.00727093770363406 3.1561346571298707
cell 31.394020518825315 3.5965034428847535 0.0 1.6431676725154984 0.6085806194501846 1 0 0 0.8753965915768877 0.48340542762319877 2.1325112399905435
cell 32.475888754006476 36.25605279986897 0.0 1.0 1.0 1 0 0 0.0 1.0 0
cell 4.9148028354863005 30.985754185246474 0.0 1.6431676725154984 0.6085806194501846 1 0 0 -0.4602472917055786 -0.8877907582745385 0.9565474513980217
cell 50.911686198837884 38.112757645209946 0.0 1.6431676725154984 0.6085806194501846 1 0 0 0.7666854970478496 -0.6420228567710746 4.535860262366282
cell 48.09709164323241 41.08636896068055 0.0 1.0 1.0 1 0 0 0.0 1.0 0
cell 55.752809875368726 28.375691305248928 0.0 1.0 1.0 1 0 0 0.0 1.0 0
cell 48.73884003542291 32.61892888316929 0.0 1.6431676725154984 0.6085806194501846 1 0 0 0.9197295554408481 -0.39255260137792997 3.948403327495966
cell 0.2860837879828505 28.658369252133458 0.0 1.0 1.0 1 0 0 0.0 1.0 0
cell 23.31716380868551 31.95203281234889 0.0 1.6431676725154984 0.6085806194501846 1 0 0 0.6620252088103816 0.7494815694195359 1.447035386547451
cell 44.089924011110256 36.44203776948705 0.0 1.0 1.0 1 0 0 0.0 1.0 0
cell 35.45428853858683 1.9807769025613844 0.0 1.0 1.0 1 0 0 0.0 1.0 0
cell 1.2466510414440612 48.498113068234474 0.0 1.0 1.0 1 0 0 0.0 1.0 0
cell 29.454591762199062 51.37298050592841 0.0 1.6431676725154984 0.6085806194501846 1 0 0 0.4077203663437077 0.9131068408836683 0.8399121962359811
cell 39.05532839090703 47.62400732829128 0.0 1.0 1.0 1 0 0 0.0 1.0 0
cell 23.251505268893993 7.86445186594147 0.0 1.0 1.0 1 0 0 0.0 1.0 0
cell 0.1484308309251966 42.16439369074658 0.0 1.0 1.0 1 0 0 0.0 1.0 0
cell 33.28327765515786 51.10209241296537 0.0 1.0 1.0 1 0 0 0.0 1.0 0
cell 27.465247795498478 27.48178080927751 0.0 1.0 1.0 1 0 0 0.0 1.0 0
cell 37.77430633079598 54.571542864527714 0.0 1.0 1.0 1 0 0 0.0 1.0 0
cell 2.2187073216618503 44.88479107154506 0.0 1.0 1.0 1 0 0 0.0 1.0 0
cell 32.972440833005805 56.618838669702825 0.0 1.6431676725154984 0.6085806194501846 1 0 0 0.7343465811011066 0.6787747040256552 1.6494070685934847
cell 23.958801247396952 27.19535278269101 0.0 1.0 1.0 1 0 0 0.0 1.0 0
cell 11.628121540089003 47.2316176756738 0.0 1.0 1.0 1 0 0 0.0 1.0 0
cell 1.0080996281317671 7.085450723429432 0.0 1.6431676725154984 0.6085806194501846 1 0 0 -0.2310129344939762 0.9729506791695465 5.816948007530133
cell 22.843256161313718 56.36224390458061 0.0 1.0 1.0 1 0 0 0.0 1.0 0
cell 46.76592306358351 24.036675960618506 0.0 1.0 1.0 1 0 0 0.0 1.0 0
cell 46.90655735131458 42.757353602986576 0.0 1.0 1.0 1 0 0 0.0 1.0 0
cell 27.010105743705104 47.8113630259615 0.0 1.0 1.0 1 0 0 0.0 1.0 0
cell 25.262083666286816 0.39599815085075923 0.0 1.0 1.0 1 0 0 0.0 1.0 0
cell 3.8254263201927605 41.081485130646215 0.0 1.0 1.0 1 0 0 0.0 1.0 0
cell 7.292884827551715 32.645353591914414 0.0 1.0 1.0 1 0 0 0.0 1.0 0
cell 12.651590022017762 31.183709810042046 0.0 1.0 1.0 1 0 0 0.0 1.0 0
cell 53.82337719700105 43.956939595200524 0.0 1.6431676725154984 0.6085806194501846 1 0 0 0.833843148053022 -0.552001453299741 4.311117877041398
cell 22.433537573016597 25.732951413102732 0.0 1.0 1.0 1 0 0 0.0 1.0 0
cell 7.5614387898945 39.71555252663498 0.0 1.0 1.0 1 0 0 0.0 1.0 0
cell 17.163523225245576 18.80140857626321 0.0 1.6431676725154984 0.6085806194501846 1 0 0 0.4458141409981146 0.8951255507950341 0.9241671644184288
cell 36.682673102031316 41.20610719967868 0.0 1.0 1.0 1 0 0 0.0 1.0 0
cell 34.02158680078871 22.93779895173835 0.0 1.0 1.0 1 0 0 0.0 1.0 0
cell 11.91622980910571 57.24765500082493 0.0 1.6431676725154984 0.6085806194501846 1 0 0 0.5073422116333189 -0.8617446723334079 5.218989736307063
cell 42.14928908496398 5.024207751094097 0.0 1.6431676725154984 0.6085806194501846 1 0 0 0.6892900569419387 -0.7244854846033694 4.762167970930525
cell 35.12036214642439 33.7925277176717 0.0 1.0 1.0 1 0 0 0.0 1.0 0
cell 41.60949089999943 30.155540357498914 0.0 1.6431676725154984 0.6085806194501846 1 0 0 0.7556903423522483 -0.6549290850737519 4.5697702044097825
cell 18.680001126957965 53.76425555743911 0.0 1.0 1.0 1 0 0 0.0 1.0 0
cell 36.303909770649994 44.74385904135843 0.0 1.0 1.0 1 0 0 0.0 1.0 0
cell 45.76997137720304 7.888438570014971 0.0 1.6431676725154984 0.6085806194501846 1 0 0 0.8812228753143486 -0.4727010091196251 4.126299326479904
cell 38.30945415095873 6.883529842957744 0.0 1.0 1.0 1 0 0 0.0 1.0 0
cell 41.06289491053192 16.58897272474169 0.0 1.0 1.0 1 0 0 0.0 1.0 0
cell 45.25391929007871 50.981653732274104 0.0 1.6431676725154984 0.6085806194501846 1 0 0 0.8506609673925434 -0.5257146740911673 4.248702723493003
cell 3.9752382591306645 45.740536713227115 0.0 1.6431676725154984 0.6085806194501846 1 0 0 0.8612517220121786 -0.5081785821254738 4.2077298894111435
cell 26.89650228041212 0.024973295784747395 0.0 1.0 1.0 1 0 0 0.0 1.0 0
cell 31.51732715462049 51.698218807197755 0.0 1.0 1.0 1 0 0 0.0 1.0 0
cell 15.26492518721356 6.2616509061893915 0.0 1.6431676725154984 0.6085806194501846 1 0 0 0.9547657725179627 -0.29735890709406687 3.74544312778003
cell 35.46039139107345 7.1275505321062536 0.0 1.0 1.0 1 0 0 0.0 1.0 0
cell 14.093132442471354 20.66092546302765 0.0 1.6431676725154984 0.6085806194501846 1 0 0 0.9468980593077052 0.321533925549547 2.4868946723371246
cell 8.550034506407489 7.688832220994348 0.0 1.6431676725154984 0.6085806194501846 1 0 0 0.7926165311446399 -0.6097204560749442 4.453008369805978
cell 33.371308171771375 26.125524100904343 0.0 1.0 1.0 1 0 0 0.0 1.0 0
cell 51.84015435405923 31.77190841087541 0.0 1.0 1.0 1 0 0 0.0 1.0 0
cell 29.653670851887405 35.300404375344144 0.0 1.0 1.0 1 0 0 0.0 1.0 0
cell 17.966295202232168 40.30753270223135 0.0 1.0 1.0 1 0 0 0.0 1.0 0
cell 16.827599559388737 43.6331956195332 0.0 1.0 1.0 1 0 0 0.0 1.0 0
cell 21.03918605618091 4.522676624386793 0.0 1.0 1.0 1 0 0 0.0 1.0 0
cell 54.835878533528096 16.57828849121767 0.0 1.6431676725154984 0.6085806194501846 1 0 0 -0.45248167987728355 -0.8917736985219016 0.939092478060056
cell 27.728448516795037 12.806646991956166 0.0 1.6431676725154984 0.6085806194501846 1 0 0 -0.5862396428167325 -0.8101376927350744 1.2528187505145896
cell 49.76673668443219 15.361850536040329 0.0 1.6431676725154984 0.6085806194501846 1 0 0 0.21279965078697513 -0.977095854368926 5.854306611675585
cell 47.781685961310885 49.01901875669192 0.0 1.6431676725154984 0.6085806194501846 1 0 0 0.7543734184250042 -0.6564455389244211 4.573787129735154
cell 21.30443050506863 40.55695121201639 0.0 1.6431676725154984 0.6085806194501846 1 0 0 0.5772729195107108 0.816551269914866 1.2307699564408574
cell 2.258811866518196 7.517760718458079 0.0 1.6431676725154984 0.6085806194501846 1 0 0 0.35018115151700785 -0.9366819957286584 5.567656319806048
cell 17.81464141126535 4.29381894221167 0.0 1.0 1.0 1 0 0 0.0 1.0 0
cell 18.73717523865248 44.00564509548348 0.0 1.0 1.0 1 0 0 0.0 1.0 0
cell 58.25522501509183 0.5550042805429952 0.0 1.6431676725154984 0.6085806194501846 1 0 0 0.8219431280946434 0.5695695692169592 1.9296284826207042
cell 18.310410122949904 29.30179675286268 0.0 1.0 1.0 1 0 0 0.0 1.0 0
cell 30.47031284676318 9.05405421594625 0.0 1.0 1.0 1 0 0 0.0 1.0 0
cell 49.27855971067966 4.5625407927874875 0.0 1.6431676725154984 0.6085806194501846 1 0 0 0.5133817834354109 0.8581603256016191 1.0782418047856361
cell 27.511532783424475 45.76655284538717 0.0 1.0 1.0 1 0 0 0.0 1.0 0
cell 42.99240562237287 16.57554390645066 0.0 1.0 1.0 1 0 0 0.0 1.0 0
cell 36.90876445727225 5.710583667213953 0.0 1.0 1.0 1 0 0 0.0 1.0 0
cell 45.345813685114805 32.99013755719796 0.0 1.6431676725154984 0.6085806194501846 1 0 0 0.8491860081268371 -0.5280938587046884 4.254301305233999
cell 24.245871892392906 25.18809738091741 0.0 1.0 1.0 1 0 0 0.0 1.0 0
cell 56.777420943743635 26.710697166038365 0.0 1.0 1.0 1 0 0 0.0 1.0 0
cell 28.52648873659604 38.048649531541685 0.0 1.0 1.0 1 0 0 0.0 1.0 0
cell 50.81141698710994 27.33414523441923 0.0 1.0 1.0 1 0 0 0.0 1.0 0
cell 11.437659714160791 54.46789123041447 0.0 1.0 1.0 1 0 0 0.0 1.0 0
cell 44.2106571054389 2.208421217832807 0.0 1.6431676725154984 0.6085806194501846 1 0 0 0.7727089369978759 -0.6347605049809043 4.516989730545818
cell 25.232249024063016 17.96041951983186 0.0 1.6431676725154984 0.6085806194501846 1 0 0 0.7608766529178179 0.648896539553555 1.729326074648922
cell 30.7365759771366 46.423966760236745 0.0 1.0 1.0 1 0 0 0.0 1.0 0
cell 32.31876226217929 29.175662084050735 0.0 1.0 1.0 1 0 0 0.0 1.0 0
cell 38.36104917384104 36.11866339318912 0.0 1.0 1.0 1 0 0 0.0 1.0 0
cell 44.691303548300986 16.080255198280316 0.0 1.0 1.0 1 0 0 0.0 1.0 0
cell 9.499965592924195 13.695037787648985 0.0 1.6431676725154984 0.6085806194501846 1 0 0 0.6349838698701686 -0.7725253944076561 4.907210026948708
cell 3.6538403298463797 26.359371464740057 0.0 1.6431676725154984 0.6085806194501846 1 0 0 -0.6267039676607168 -0.7792574266045305 1.3546325420017542
cell 19.19193844767445 58.993940549031024 0.0 1.0 1.0 1 0 0 0.0 1.0 0
cell 7.171958670803193 58.8523071682652 0.0 1.6431676725154984 0.6085806194501846 1 0 0 0.8698817998069134 -0.49326022986318807 4.173260028386634
cell 39.50205669110329 23.325160032843176 0.0 1.6431676725154984 0.6085806194501846 1 0 0 0.6519498587959172 -0.7582620797692469 4.862879132999196
cell 1.8601738868668085 37.72456695518915 0.0 1.0 1.0 1 0 0 0.0 1.0 0
cell 55.43139487480128 39.15041887067662 0.0 1.0 1.0 1 0 0 0.0 1.0 0
cell 1.827555036655524 21.464350181983463 0.0 1.0 1.0 1 0 0 0.0 1.0 0
cell 1.0787231673854498 19.98598324735516 0.0 1.0 1.0 1 0 0 0.0 1.0 0
cell 19.78908302339533 40.96637582854519 0.0 1.0 1.0 1 0 0 0.0 1.0 0
cell 57.4329371674053 31.432505243432423 0.0 1.0 1.0 1 0 0 0.0 1.0 0
cell 28.133878065830835 4.990346690056759 0.0 1.0 1.0 1 0 0 0.0 1.0 0
cell 5.647757755911614 54.01465664035848 0.0 1.0 1.0 1 0 0 0.0 1.0 0
cell 4.506445294086274 19.393411356510114 0.0 1.6431676725154984 0.6085806194501846 1 0 0 0.9932893227975507 -0.11565604703768523 3.3734235608331913
cell 20.25854288994031 42.86547487437759 0.0 1.0 1.0 1 0 0 0.0 1.0 0
cell 9.03844332005115 45.15033523456735 0.0 1.0 1.0 1 0 0 0.0 1.0 0
cell 19.039238921487012 14.626871740948767 0.0 1.0 1.0 1 0 0 0.0 1.0 0
cell 37.72801348482748 20.365699598675665 0.0 1.6431676725154984 0.6085806194501846 1 0 0 0.727527999456145 -0.6860779911987699 4.653761420486197
cell 0.3699179064995223 34.8031822742662 0.0 1.0 1.0 1 0 0 0.0 1.0 0
cell 25.517599149139485 20.11315651806719 0.0 1.6431676725154984 0.6085806194501846 1 0 0 0.8629919129856874 0.5052177333796821 2.082324158996075
cell 29.95781834262108 55.88249709806938 0.0 1.6431676725154984 0.6085806194501846 1 0 0 0.35875277484789275 0.9334326148892255 0.7338627584869514
cell 38.17259164263621 0.7880754957392896 0.0 1.0 1.0 1 0 0 0.0 1.0 0
cell 30.745656691784543 36.77008871493507 0.0 1.0 1.0 1 0 0 0.0 1.0 0
cell 20.76635683958409 6.052558126692408 0.0 1.0 1.0 1 0 0 0.0 1.0 0
cell 53.967728874819706 40.501325035943665 0.0 1.0 1.0 1 0 0 0.0 1.0 0
cell 13.385687614581487 48.02664905301534 0.0 1.0 1.0 1 0 0 0.0 1.0 0
cell 42.1029875077015 33.282021969024576 0.0 1.0 1.0 1 0 0 0.0 1.0 0
cell 52.34342527040946 40.84742465147979 0.0 1.6431676725154984 0.6085806194501846 1 0 0 0.8610715330294768 -0.5084838394740453 4.208438832623706
cell 20.849359395414307 24.824043126883023 0.0 1.0 1.0 1 0 0 0.0 1.0 0
cell 37.55610852542016 46.30106894695263 0.0 1.0 1.0 1 0 0 0.0 1.0 0
cell 2.6896449171395145 39.45636078284046 0.0 1.0 1.0 1 0 0 0.0 1.0 0
cell 13.740779320076212 34.34282774720588 0.0 1.0 1.0 1 0 0 0.0 1.0 0
cell 8.23597107386775 29.29648390431988 0.0 1.0 1.0 1 0 0 0.0 1.0 0
cell 42.34846700587495 50.59152529486413 0.0 1.6431676725154984 0.6085806194501846 1 0 0 0.5527296958612216 -0.833360596208605 5.111912864726894
cell 25.984648796299663 42.38929883183687 0.0 1.0 1.0 1 0 0 0.0 1.0 0
cell 51.56281831603108 22.223743645332657 0.0 1.0 1.0 1 0 0 0.0 1.0 0
cell 10.583887898926621 6.516642615459527 0.0 1.0 1.0 1 0 0 0.0 1.0 0
cell 22.46130153234517 15.663837219174509 0.0 1.6431676725154984 0.6085806194501846 1 0 0 0.07708840739849608 -0.9970242612117137 6.128855380142259
cell 10.266847790566688 43.63648962947403 0.0 1.0 1.0 1 0 0 0.0 1.0 0
cell 0.1562783291778712 55.550570883556695 0.0 1.6431676725154984 0.6085806194501846 1 0 0 0.8586592061555289 0.5125469419324994 2.065295937199685
cell 45.49675754386454 25.452780963038173 0.0 1.0 1.0 1 0 0 0.0 1.0 0
cell 57.02106934536564 8.236716955488607 0.0 1.6431676725154984 0.6085806194501846 1 0 0 -0.08897619222939461 0.9960337530507477 6.104997281132638
cell 47.83976411664708 44.63923414998563 0.0 1.0 1.0 1 0 0 0.0 1.0 0
cell 29.32220232971162 24.60979565230382 0.0 1.0 1.0 1 0 0 0.0 1.0 0
cell 25.41732876225904 30.149531978296636 0.0 1.0 1.0 1 0 0 0.0 1.0 0
cell 47.411756580687374 25.762312720285514 0.0 1.0 1.0 1 0 0 0.0 1.0 0
cell 24.57217226386824 40.99687576785614 0.0 1.0 1.0 1 0 0 0.0 1.0 0
cell 21.423536732396865 2.8788796804629904 0.0 1.0 1.0 1 0 0 0.0 1.0 0
cell 39.192778612175644 13.674342510966943 0.0 1.6431676725154984 0.6085806194501846 1 0 0 0.42705752813857767 -0.9042244564598814 5.400713051370244
cell 11.872837090709933 37.138535632156696 0.0 1.0 1.0 1 0 0 0.0 1.0 0
cell 36.58348380864923 0.3597249874954343 0.0 1.0 1.0 1 0 0 0.0 1.0 0
cell 51.89956029376622 52.01343522815564 0.0 1.6431676725154984 0.6085806194501846 1 0 0 0.8410138287388494 -0.5410136226288772 4.284876417167932
cell 39.94174725568353 3.554281486820236 0.0 1.0 1.0 1 0 0 0.0 1.0 0
cell 24.80731608188827 49.91461814703527 0.0 1.6431676725154984 0.6085806194501846 1 0 0 0.4101141879978269 0.9120341840100529 0.8451585202160264
cell 47.76043202651884 12.847377291896244 0.0 1.6431676725154984 0.6085806194501846 1 0 0 -0.00269265487462648 0.9999963747982921 6.277799990922713
cell 11.858301868201709 3.5226784148768475 0.0 1.6431676725154984 0.6085806194501846 1 0 0 0.5560510059489309 -0.8311481689706006 5.103931397162965
cell 36.336168279366355 25.209397612615657 0.0 1.0 1.0 1 0 0 0.0 1.0 0
cell 33.64291017330168 58.221870738157655 0.0 1.0 1.0 1 0 0 0.0 1.0 0
cell 6.246153040318448 7.2206548305181055 0.0 1.6431676725154984 0.6085806194501846 1 0 0 0.6049317368206182 0.7962773347189975 1.2993602734758354
cell 39.717669045675564 57.28603138285006 0.0 1.0 1.0 1 0 0 0.0 1.0 0
cell 4.227803719115578 15.5898574837285 0.0 1.6431676725154984 0.6085806194501846 1 0 0 0.7783271487516379 -0.6278589407790142 4.4991912570815895
cell 17.812151123440014 57.676838518749285 0.0 1.0 1.0 1 0 0 0.0 1.0 0
cell 31.0718664578615 53.90199780133396 0.0 1.6431676725154984 0.6085806194501846 1 0 0 0.6113861786524855 0.7913323831063096 1.3156222204752657
cell 3.9797424003559874 43.509086152201974 0.0 1.6431676725154984 0.6085806194501846 1 0 0 0.7750663072705698 -0.631879908949448 4.509545257671029
cell 40.90855459388684 23.17992920084396 0.0 1.6431676725154984 0.6085806194501846 1 0 0 0.8638932851293233 -0.5036748871131712 4.197287440197158
cell 10.552091766291825 38.56762186380905 0.0 1.0 1.0 1 0 0 0.0 1.0 0
cell 58.10014323710213 2.743906184771048 0.0 1.6431676725154984 0.6085806194501846 1 0 0 0.9184837418144453 0.3954587412392544 2.32845814894116
cell 3.394842069108486 16.735968444332293 0.0 1.6431676725154984 0.6085806194501846 1 0 0 0.8506518421697111 -0.525729439363326 4.248737438501496
cell 54.75928548151328 26.933592398438247 0.0 1.0 1.0 1 0 0 0.0 1.0 0
cell 0.022179907183201 15.911747284072817 0.0 1.0 1.0 1 0 0 0.0 1.0 0
cell 14.421275776200101 10.386399805589289 0.0 1.0 1.0 1 0 0 0.0 1.0 0
cell 20.303184547825705 53.370741637650084 0.0 1.0 1.0 1 0 0 0.0 1.0 0
cell 14.307117993331774 22.09276151925655 0.0 1.6431676725154984 0.6085806194501846 1 0 0 -0.07501273533938217 0.9971825758289722 6.133018782395197
cell 32.12456526243963 31.14460250131465 0.0 1.0 1.0 1 0 0 0.0 1.0 0
cell 28.91950707134217 3.1522763340827162 0.0 1.0 1.0 1 0 0 0.0 1.0 0
cell 16.802742796359837 28.024915995476366 0.0 1.0 1.0 1 0 0 0.0 1.0 0
cell 42.15128241481074 1.5003937909152445 0.0 1.6431676725154984 0.6085806194501846 1 0 0 0.6747303748518463 -0.7380643069897683 4.801986652626804
cell 10.90181685731661 52.866569539607426 0.0 1.0 1.0 1 0 0 0.0 1.0 0
cell 24.146350219987134 19.528815395911533 0.0 1.6431676725154984 0.6085806194501846 1 0 0 0.6622954030808984 0.7492428171546994 1.4477565178508713
cell 46.95272852536422 30.534616005886686 0.0 1.6431676725154984 0.6085806194501846 1 0 0 0.9635021106304216 -0.26770073367610103 3.683604401592333
cell 40.973863308354254 47.25404221692796 0.0 1.0 1.0 1 0 0 0.0 1.0 0
cell 17.797364864706754 50.31811265355608 0.0 1.0 1.0 1 0 0 0.0 1.0 0
cell 23.88291267344758 52.784415073052166 0.0 1.0 1.0 1 0 0 0.0 1.0 0
cell 19.503468822561903 3.2980267391236517 0.0 1.0 1.0 1 0 0 0.0 1.0 0
cell 24.82614844458472 2.319821564751184 0.0 1.0 1.0 1 0 0 0.0 1.0 0
cell 51.32907861163621 43.819140195985675 0.0 1.6431676725154984 0.6085806194501846 1 0 0 -0.8144807975913803 0.5801905121207249 4.379517808401621
cell 45.91839813713663 44.22528660966221 0.0 1.0 1.0 1 0 0 0.0 1.0 0
cell 42.027666572800314 25.912328132334125 0.0 1.6431676725154984 0.6085806194501846 1 0 0 0.8557106507129921 -0.5174546185477018 4.229340022100641
cell 53.90435382138585 11.415837438315968 0.0 1.0 1.0 1 0 0 0.0 1.0 0
cell 37.847078769778456 39.89777377482251 0.0 1.0 1.0 1 0 0 0.0 1.0 0
cell 56.801138479648316 1.8358373144861115 0.0 1.6431676725154984 0.6085806194501846 1 0 0 0.7254021052808959 0.6883253486935115 1.6232367874099833
cell 52.46574483726001 43.62646274755366 0.0 1.6431676725154984 0.6085806194501846 1 0 0 0.7758213779573823 -0.6309526048003199 4.5071535847021735
cell 20.019536876105768 32.6485116058184 0.0 1.0 1.0 1 0 0 0.0 1.0 0
cell 30.210735526804562 50.1830343681331 0.0 1.0 1.0 1 0 0 0.0 1.0 0
cell 41.729170021081096 27.71695307147317 0.0 1.6431676725154984 0.6085806194501846 1 0 0 0.8038502379393028 -0.5948317366826743 4.415705275112528
cell 27.4248270508884 19.538001697052884 0.0 1.0 1.0 1 0 0 0.0 1.0 0
cell 50.488908751870895 2.7153225363133386 0.0 1.6431676725154984 0.6085806194501846 1 0 0 0.8781940357700748 0.4783045426690704 2.1441464996412964
cell 36.59497535020196 14.134586974964098 0.0 1.6431676725154984 0.6085806194501846 1 0 0 0.12601021245758978 0.9920289443138205 0.2526921902225054
cell 40.618488102983854 24.921661103105944 0.0 1.6431676725154984 0.6085806194501846 1 0 0 0.7955353156510986 -0.6059072219010984 4.4434041827662085
cell 12.87656912334586 24.293119334158675 0.0 1.0 1.0 1 0 0 0.0 1.0 0
cell 5.831611934737315 55.99371845471685 0.0 1.0 1.0 1 0 0 0.0 1.0 0
cell 8.558779322351429 27.314291124300524 0.0 1.0 1.0 1 0 0 0.0 1.0 0
cell 40.24548814658557 37.38636236292529 0.0 1.0 1.0 1 0 0 0.0 1.0 0
cell 36.577797658976884 15.403905466414443 0.0 1.6431676725154984 0.6085806194501846 1 0 0 -0.009185366333259642 0.9999578136328171 6.264814316177216
cell 5.8014180445299095 46.333685141431786 0.0 1.0 1.0 1 0 0 0.0 1.0 0
cell 41.14976761297663 14.675473958588077 0.0 1.0 1.0 1 0 0 0.0 1.0 0
cell 25.62176815819578 28.292462888165254 0.0 1.0 1.0 1 0 0 0.0 1.0 0
cell 44.95999043735435 11.154763515484808 0.0 1.0 1.0 1 0 0 0.0 1.0 0
cell 41.10534994172159 40.67450677140562 0.0 1.0 1.0 1 0 0 0.0 1.0 0
cell 46.33366211454896 10.4421364695575 0.0 1.6431676725154984 0.6085806194501846 1 0 0 0.8309682245601729 -0.5563198807981916 4.32149362983586
cell 3.678704963994912 23.886190703192668 0.0 1.0 1.0 1 0 0 0.0 1.0 0
cell 0.5270636982752424 12.072008018771253 0.0 1.0 1.0 1 0 0 0.0 1.0 0
cell 5.109817771185384 48.81369228209642 0.0 1.6431676725154984 0.6085806194501846 1 0 0 0.7640885880129915 -0.645111331219901 4.543930611317857
cell 7.455147086183262 2.729102793096139 0.0 1.6431676725154984 0.6085806194501846 1 0 0 0.5714085486574615 0.8206657483538432 1.2164423609960682
cell 22.051131960696825 53.077110720593396 0.0 1.0 1.0 1 0 0 0.0 1.0 0
cell 1.0907503879190845 30.274526617522103 0.0 1.6431676725154984 0.6085806194501846 1 0 0 -0.8369668332344792 -0.5472536158541554 1.9834339522906106
cell 6.018503640833063 34.42588485474095 0.0 1.0 1.0 1 0 0 0.0 1.0 0
cell 10.01173803007953 10.392179440817136 0.0 1.6431676725154984 0.6085806194501846 1 0 0 0.8316603949354667 -0.5552846004489802 4.319002922763288
cell 40.73103533020673 19.901945077455633 0.0 1.6431676725154984 0.6085806194501846 1 0 0 0.9673324155989622 -0.2535113364949912 3.654209564154746
cell 27.540919916951733 50.39458855780645 0.0 1.6431676725154984 0.6085806194501846 1 0 0 0.5348488304167153 0.8449477667890908 1.128657654054244
cell 30.22224808283874 58.86180008542912 0.0 1.0 1.0 1 0 0 0.0 1.0 0
cell 41.62152697892594 22.056470455523066 0.0 1.6431676725154984 0.6085806194501846 1 0 0 0.861686702844876 -0.5074406626792205 4.206016724528435
cell 29.731997588556556 54.550516232284814 0.0 1.6431676725154984 0.6085806194501846 1 0 0 0.2827200113356356 0.9592024787240586 0.5732572596869258
cell 38.7773918585411 10.529704670449009 0.0 1.0 1.0 1 0 0 0.0 1.0 0
cell 22.723490738324475 34.64143162900984 0.0 1.0 1.0 1 0 0 0.0 1.0 0
cell 18.91018769598421 37.07755759098417 0.0 1.0 1.0 1 0 0 0.0 1.0 0
cell 49.60132426893645 20.16719958828285 0.0 1.0 1.0 1 0 0 0.0 1.0 0
cell 34.17989500717332 55.63452170907209 0.0 1.0 1.0 1 0 0 0.0 1.0 0
cell 58.637650345820255 32.09070017950756 0.0 1.6431676725154984 0.6085806194501846 1 0 0 0.8463791309301301 0.5325808546370755 2.0182987749791397
cell 53.854405493428466 28.6129629134515 0.0 1.0 1.0 1 0 0 0.0 1.0 0
cell 42.12355670019123 18.138168895852775 0.0 1.0 1.0 1 0 0 0.0 1.0 0
cell 26.16758524696242 7.347016615423714 0.0 1.6431676725154984 0.6085806194501846 1 0 0 0.8438883629179766 -0.5365188076215198 4.274205639084745
cell 36.567379210214156 20.87031980934219 0.0 1.0 1.0 1 0 0 0.0 1.0 0
cell 44.35362391578683 45.26503729949159 0.0 1.0 1.0 1 0 0 0.0 1.0 0
cell 12.430203036746505 38.89674607507347 0.0 1.0 1.0 1 0 0 0.0 1.0 0
cell 31.234161800454842 1.6562142287420267 0.0 1.6431676725154984 0.6085806194501846 1 0 0 0.7629391912038519 0.6464702549423387 1.7356950399544797
cell 54.78300122320606 30.119357138920765 0.0 1.0 1.0 1 0 0 0.0 1.0 0
cell 5.430646814475851 37.653729085120645 0.0 1.0 1.0 1 0 0 0.0 1.0 0
cell 38.507743962797484 22.66354943594037 0.0 1.6431676725154984 0.6085806194501846 1 0 0 0.736409862026715 -0.6765356717201204 4.627688771941181
cell 47.7426279317561 10.792500552362702 0.0 1.6431676725154984 0.6085806194501846 1 0 0 0.8819100768683182 -0.47141766653161926 4.123387822024662
cell 41.781124636534905 10.043897644949547 0.0 1.0 1.0 1 0 0 0.0 1.0 0
cell 2.5263715739339063 50.54334617330152 0.0 1.6431676725154984 0.6085806194501846 1 0 0 0.9362017960588228 -0.3514629383821775 3.8598592089227832
cell 24.518203066593426 14.164771542281732 0.0 1.6431676725154984 0.6085806194501846 1 0 0 0.6825605813233802 -0.7308290175023767 4.78066411769791
cell 38.75131078657715 32.35934051313197 0.0 1.0 1.0 1 0 0 0.0 1.0 0
cell 7.8122595972191435 15.981633192315382 0.0 1.0 1.0 1 0 0 0.0 1.0 0
cell 54.382264182875474 23.757374187487596 0.0 1.0 1.0 1 0 0 0.0 1.0 0
cell 42.331605095975185 47.83289525328965 0.0 1.6431676725154984 0.6085806194501846 1 0 0 0.6305373396856652 -0.7761589162421083 4.918694660545164
cell 20.98037369849154 12.64277292322657 0.0 1.0 1.0 1 0 0 0.0 1.0 0
cell 24.95704522050527 47.265365909171706 0.0 1.6431676725154984 0.6085806194501846 1 0 0 0.4498036048593163 0.8931274920500231 0.9330908617857783
cell 54.516265713616576 42.346269766868794 0.0 1.0 1.0 1 0 0 0.0 1.0 0
cell 42.64984250879423 41.95967088521293 0.0 1.0 1.0 1 0 0 0.0 1.0 0
cell 29.426007406340794 52.91033115207975 0.0 1.6431676725154984 0.6085806194501846 1 0 0 0.4229829201050791 0.9061376547188513 0.8734694134982021
cell 47.72427111623995 18.539587646467634 0.0 1.6431676725154984 0.6085806194501846 1 0 0 0.24940915152697848 -0.968398200708052 5.779045152197327
cell 23.659518331760953 12.743316246709512 0.0 1.6431676725154984 0.6085806194501846 1 0 0 0.5996914296387021 -0.8002313348138084 4.996954403966784
cell 45.49965537790841 37.769489330951124 0.0 1.0 1.0 1 0 0 0.0 1.0 0
cell 46.31381759041153 6.537355858568447 0.0 1.6431676725154984 0.6085806194501846 1 0 0 0.9166010058983236 -0.3998031965682381 3.9641969055465145
cell 26.14212585372935 44.29140440103331 0.0 1.0 1.0 1 0 0 0.0 1.0 0
cell 55.66745384142799 4.033226278706485 0.0 1.6431676725154984 0.6085806194501846 1 0 0 0.9997273084059424 -0.023351848479504996 3.188300596247104
cell 36.90408846495398 9.948766357353847 0.0 1.0 1.0 1 0 0 0.0 1.0 0
cell 14.021514265235073 44.43912282795169 0.0 1.0 1.0 1 0 0 0.0 1.0 0
cell 39.3473905412511 15.523370817521556 0.0 1.0 1.0 1 0 0 0.0 1.0 0
cell 27.90719973605873 34.36400641099455 0.0 1.0 1.0 1 0 0 0.0 1.0 0
cell 5.878135504065103 41.124338012563435 0.0 1.0 1.0 1 0 0 0.0 1.0 0
cell 49.74533030459295 28.672099458307702 0.0 1.0 1.0 1 0 0 0.0 1.0 0
cell 14.560795997383188 30.581687836488427 0.0 1.0 1.0 1 0 0 0.0 1.0 0
cell 50.21379572674312 11.317551517431156 0.0 1.6431676725154984 0.6085806194501846 1 0 0 0.9893849725984709 -0.14531818880072456 3.433261788661875
cell 35.78180514614334 42.945835038914524 0.0 1.0 1.0 1 0 0 0.0 1.0 0
cell 27.73663872052741 52.44569098025468 0.0 1.6431676725154984 0.6085806194501846 1 0 0 0.426252113000835 0.9046044086573553 0.8806911805510992
cell 11.16260208170933 51.09624452702749 0.0 1.0 1.0 1 0 0 0.0 1.0 0
cell 56.29786067199883 16.827015077618366 0.0 1.6431676725154984 0.6085806194501846 1 0 0 0.5220337539055799 0.8529248265722181 1.0984673247701604
cell 55.70757491975112 45.100118217302004 0.0 1.0 1.0 1 0 0 0.0 1.0 0
cell 39.13529155756776 41.17586238498552 0.0 1.0 1.0 1 0 0 0.0 1.0 0
cell 18.632872530280096 10.78835809360224 0.0 1.6431676725154984 0.6085806194501846 1 0 0 0.9528326013806734 -0.30349634881846416 3.7583125464823754
cell 37.45537650590515 28.984031211338177 0.0 1.0 1.0 1 0 0 0.0 1.0 0
cell 28.74150022079014 30.565439473270327 0.0 1.0 1.0 1 0 0 0.0 1.0 0
cell 24.897357754178966 11.00079987935782 0.0 1.6431676725154984 0.6085806194501846 1 0 0 0.7728234650945296 -0.6346210615787065 4.516628836392759
cell 5.912764620281946 12.551676443653884 0.0 1.0 1.0 1 0 0 0.0 1.0 0
cell 21.14792561950244 56.790609784229744 0.0 1.0 1.0 1 0 0 0.0 1.0 0
cell 52.93747991815295 19.98408345088232 0.0 1.0 1.0 1 0 0 0.0 1.0 0
cell 47.67807923441511 2.967599021529492 0.0 1.6431676725154984 0.6085806194501846 1 0 0 0.7648290742241269 0.6442332552899337 1.741551944052695
cell 39.67773258293663 25.973395341581583 0.0 1.6431676725154984 0.6085806194501846 1 0 0 0.717090370092542 -0.6969802013834691 4.683947948492252
cell 16.539779713009633 41.64237623282012 0.0 1.0 1.0 1 0 0 0.0 1.0 0
cell 7.155252714665847 37.84669555965836 0.0 1.0 1.0 1 0 0 0.0 1.0 0
cell 34.69686815998286 41.36853858243785 0.0 1.0 1.0 1 0 0 0.0 1.0 0
cell 46.358085529553605 16.950443006631378 0.0 1.6431676725154984 0.6085806194501846 1 0 0 0.2050907954806561 -0.9787429517545001 5.870072359575283
cell 43.67085437864307 49.12276785134425 0.0 1.0 1.0 1 0 0 0.0 1.0 0
cell 41.16264084199537 56.638708308606546 0.0 1.6431676725154984 0.6085806194501846 1 0 0 0.6910127565272456 -0.722842562607251 4.757406925153521
cell 34.03022656451195 36.12985968392855 0.0 1.0 1.0 1 0 0 0.0 1.0 0
cell 41.388702299810895 45.5389955597448 0.0 1.0 1.0 1 0 0 0.0 1.0 0
cell 35.05882798066638 26.628084133142252 0.0 1.0 1.0 1 0 0 0.0 1.0 0
cell 9.807516120655908 28.883034219615585 0.0 1.0 1.0 1 0 0 0.0 1.0 0
cell 6.453750786633685 48.11134665044655 0.0 1.0 1.0 1 0 0 0.0 1.0 0
cell 7.37354040221885 56.80148199388387 0.0 1.0 1.0 1 0 0 0.0 1.0 0
cell 3.2463393695905953 21.589697292018297 0.0 1.6431676725154984 0.6085806194501846 1 0 0 0.8697743473952819 0.4934496778934113 2.109489679999986
cell 34.95101935245145 5.3608504493364695 0.0 1.0 1.0 1 0 0 0.0 1.0 0
cell 9.393197456122557 51.937035414487326 0.0 1.0 1.0 1 0 0 0.0 1.0 0
cell 40.402275482166374 54.55273322904806 0.0 1.6431676725154984 0.6085806194501846 1 0 0 0.6607410734681366 -0.7506139046355154 4.8395740627638455
cell 33.71302256410223 20.9423185415852 0.0 1.0 1.0 1 0 0 0.0 1.0 0
cell 6.2451545769299175 30.875360130810602 0.0 1.6431676725154984 0.6085806194501846 1 0 0 0.6782360500862233 0.7348441061636393 1.490719052653119
cell 1.0614981527739138 36.33382719592871 0.0 1.0 1.0 1 0 0 0.0 1.0 0
cell 2.1962539737572966 10.926240677593466 0.0 1.0 1.0 1 0 0 0.0 1.0 0
cell 19.41286075309376 57.111910044646315 0.0 1.0 1.0 1 0 0 0.0 1.0 0
cell 45.942178707027225 46.23491063139868 0.0 1.0 1.0 1 0 0 0.0 1.0 0
cell 19.519384998678852 49.99578345154939 0.0 1.0 1.0 1 0 0 0.0 1.0 0
cell 22.452954911877935 58.27415907022728 0.0 1.0 1.0 1 0 0 0.0 1.0 0
cell 48.202814312782515 22.946603317946575 0.0 1.0 1.0 1 0 0 0.0 1.0 0
cell 52.8904815057348 16.22758598492189 0.0 1.6431676725154984 0.6085806194501846 1 0 0 0.5672358293874629 -0.8235554103150056 5.076894160428478
cell 1.7301616574019272 17.089588450790473 0.0 1.0 1.0 1 0 0 0.0 1.0 0
cell 33.71016284002289 1.6502679474345787 0.0 1.0 1.0 1 0 0 0.0 1.0 0
cell 12.018334469399694 8.93703192405973 0.0 1.6431676725154984 0.6085806194501846 1 0 0 0.3532751606279898 0.9355194604513943 0.7221394005512187
cell 46.233037859435434 41.03037310289085 0.0 1.0 1.0 1 0 0 0.0 1.0 0
cell 58.18520407923493 55.139198355899836 0.0 1.6431676725154984 0.6085806194501846 1 0 0 0.8715340906252461 0.49033491501016463 2.116644666430244
cell 1.1628522922373135 26.115864845809718 0.0 1.6431676725154984 0.6085806194501846 1 0 0 -0.31815626165589456 -0.9480382867633279 0.6475681157592996
cell 51.5205877908488 6.232791838773963 0.0 1.6431676725154984 0.6085806194501846 1 0 0 0.4053038473720657 0.9141820340093111 0.8346223537899549
cell 58.87149093647509 20.732563426339233 0.0 1.6431676725154984 0.6085806194501846 1 0 0 0.5971605294323482 0.8021217501651963 1.2799129496346646
cell 15.630900911542556 37.80399120180204 0.0 1.0 1.0 1 0 0 0.0 1.0 0
cell 20.185984571330735 28.63329254462043 0.0 1.0 1.0 1 0 0 0.0 1.0 0
cell 25.99042589107722 35.13218559431256 0.0 1.0 1.0 1 0 0 0.0 1.0 0
cell 13.042386630525526 29.253886773145698 0.0 1.0 1.0 1 0 0 0.0 1.0 0
cell 29.167163254598353 57.180478253948735 0.0 1.0 1.0 1 0 0 0.0 1.0 0
cell 15.008249702826348 57.69020555578888 0.0 1.0 1.0 1 0 0 0.0 1.0 0
cell 24.97977973038874 8.281787751367135 0.0 1.0 1.0 1 0 0 0.0 1.0 0
cell 24.579339082103974 55.98316718845681 0.0 1.0 1.0 1 0 0 0.0 1.0 0
cell 48.66713116747119 5.831841803956969 0.0 1.6431676725154984 0.6085806194501846 1 0 0 0.4620182243056326 0.886870430451636 0.9605390460155665
cell 21.60117818486912 31.379341466928732 0.0 1.0 1.0 1 0 0 0.0 1.0 0
cell 21.57956101467237 54.90031349497233 0.0 1.0 1.0 1 0 0 0.0 1.0 0
cell 39.341645646468656 53.944513593736815 0.0 1.6431676725154984 0.6085806194501846 1 0 0 0.6803100830054483 -0.7329244101277567 4.786814051155736
cell 49.91087507361689 31.784592453760393 0.0 1.0 1.0 1 0 0 0.0 1.0 0
cell 48.832465543757756 30.245338346985168 0.0 1.0 1.0 1 0 0 0.0 1.0 0
cell 1.312692477619074 40.563499785044186 0.0 1.0 1.0 1 0 0 0.0 1.0 0
cell 33.93693721556526 30.308597974333686 0.0 1.0 1.0 1 0 0 0.0 1.0 0
cell 15.16462717370395 43.11715277072536 0.0 1.0 1.0 1 0 0 0.0 1.0 0
cell 48.51956905247962 38.6043895941582 0.0 1.6431676725154984 0.6085806194501846 1 0 0 0.754374244538087 -0.6564445895714204 4.573784612805321
cell 1.9441394692121046 9.215427180104982 0.0 1.0 1.0 1 0 0 0.0 1.0 0
cell 13.027367553847633 3.7228912160014285 0.0 1.6431676725154984 0.6085806194501846 1 0 0 0.6780614932418223 -0.7350051777931025 4.792941287839027
cell 21.95249569066657 36.4200780683049 0.0 1.0 1.0 1 0 0 0.0 1.0 0
cell 44.515747840993896 29.082802204053795 0.0 1.6431676725154984 0.6085806194501846 1 0 0 0.9192205525833645 -0.39374303258385907 3.9509926985386064
cell 54.778966178133565 5.047671833893081 0.0 1.6431676725154984 0.6085806194501846 1 0 0 0.048252212535696296 0.9988351835940752 0.09654191251756016
cell 57.97476538263685 51.18023011489352 0.0 1.6431676725154984 0.6085806194501846 1 0 0 0.7486895617092887 0.6629207646374891 1.692166203159634
cell 45.01512281219587 48.099780549149024 0.0 1.6431676725154984 0.6085806194501846 1 0 0 0.7532233813994501 -0.6577648042523851 4.5772874422626675
cell 17.797668404623796 7.850534926945363 0.0 1.6431676725154984 0.6085806194501846 1 0 0 0.9409368972815294 -0.33858197727316885 3.8324115643052674
cell 53.950160618830694 9.757683495224496 0.0 1.6431676725154984 0.6085806194501846 1 0 0 0.22303400436287238 -0.9748106651539376 5.833333763461333
cell 20.720260086617103 34.607759855259204 0.0 1.0 1.0 1 0 0 0.0 1.0 0
cell 15.204839765079976 8.177338843117727 0.0 1.0 1.0 1 0 0 0.0 1.0 0
cell 42.97321635413284 45.083022508876596 0.0 1.6431676725154984 0.6085806194501846 1 0 0 0.5816742460465157 -0.8134218287495224 5.041614397416752
cell 9.267145221347741 40.078704551230295 0.0 1.0 1.0 1 0 0 0.0 1.0 0
cell 12.658373135526341 10.72807226533457 0.0 1.6431676725154984 0.6085806194501846 1 0 0 0.2856273759187819 0.9583407547035401 0.5793220248606372
cell 45.901788656589055 20.098844442863253 0.0 1.6431676725154984 0.6085806194501846 1 0 0 0.04073678561923769 0.999169912626182 0.08149612212059565
cell 30.982856044785354 44.51907375723853 0.0 1.0 1.0 1 0 0 0.0 1.0 0
cell 46.95140590452807 50.821012534885796 0.0 1.6431676725154984 0.6085806194501846 1 0 0 0.4553873583409547 0.8902934088620711 0.9456145127840208
cell 37.40466794400134 43.03976102820995 0.0 1.0 1.0 1 0 0 0.0 1.0 0
cell 18.403515207381805 48.39886046074152 0.0 1.0 1.0 1 0 0 0.0 1.0 0
cell 24.105567169483603 43.00091360253839 0.0 1.0 1.0 1 0 0 0.0 1.0 0
cell 19.86345116105198 30.58106570933494 0.0 1.0 1.0 1 0 0 0.0 1.0 0
cell 19.444277355507776 7.222054115253258 0.0 1.0 1.0 1 0 0 0.0 1.0 0
cell 3.8237583214148114 47.721874367705496 0.0 1.6431676725154984 0.6085806194501846 1 0 0 0.7894205137649265 -0.6138527937927134 4.463456490052365
cell 27.16198296312781 53.90077800717716 0.0 1.0 1.0 1 0 0 0.0 1.0 0
cell 58.28427568181718 23.765070141457926 0.0 1.6431676725154984 0.6085806194501846 1 0 0 0.4155882008413567 0.9095528831912106 0.857178799596556
cell 31.534234204852986 15.907594975132744 0.0 1.0 1.0 1 0 0 0.0 1.0 0
cell 49.77930407239121 22.042513551774 0.0 1.0 1.0 1 0 0 0.0 1.0 0
cell 55.36445821078809 22.27379657265486 0.0 1.0 1.0 1 0 0 0.0 1.0 0
cell 10.097925159062468 36.64171080563538 0.0 1.0 1.0 1 0 0 0.0 1.0 0
cell 35.75063065741974 46.638959330968774 0.0 1.0 1.0 1 0 0 0.0 1.0 0
cell 7.187340222644771 44.875971282835614 0.0 1.0 1.0 1 0 0 0.0 1.0 0
cell 3.5830994811022183 9.127294667091794 0.0 1.6431676725154984 0.6085806194501846 1 0 0 0.8200780266382581 0.5722517192854036 1.9230947112980474
cell 54.746100122383254 33.34306630894298 0.0 1.0 1.0 1 0 0 0.0 1.0 0
cell 20.237239610754813 48.140587182230774 0.0 1.0 1.0 1 0 0 0.0 1.0 0
cell 11.73737676955981 49.15998364607821 0.0 1.0 1.0 1 0 0 0.0 1.0 0
cell 42.132371641798635 36.88858048187874 0.0 1.0 1.0 1 0 0 0.0 1.0 0
cell 47.51361646250662 36.53965951089902 0.0 1.6431676725154984 0.6085806194501846 1 0 0 0.7278480150618991 -0.685738482929501 4.652828305580568
cell 19.07406910297398 51.82476361106951 0.0 1.0 1.0 1 0 0 0.0 1.0 0
cell 16.91697628289955 8.530070156678429 0.0 1.6431676725154984 0.6085806194501846 1 0 0 0.9214305696272876 -0.3885430547009331 3.9396924277018694
cell 15.999410653016334 3.4523412926804538 0.0 1.0 1.0 1 0 0 0.0 1.0 0
cell 34.21178107669193 43.310617796389266 0.0 1.0 1.0 1 0 0 0.0 1.0 0
cell 29.356564053059948 26.58971364038527 0.0 1.0 1.0 1 0 0 0.0 1.0 0
cell 50.52557464418135 16.553870214872145 0.0 1.6431676725154984 0.6085806194501846 1 0 0 -0.4335086721198764 0.901149394493977 5.38641990865966
cell 50.80761076587234 30.18427140879533 0.0 1.0 1.0 1 0 0 0.0 1.0 0
cell 38.628191653501716 12.443399240441508 0.0 1.6431676725154984 0.6085806194501846 1 0 0 -0.4233346572435166 0.9059733814944644 5.408939479594188
cell 5.641360899555737 27.840239363301094 0.0 1.6431676725154984 0.6085806194501846 1 0 0 0.7104558179818053 0.7037418068409776 1.5802914080766368
cell 14.397528004404784 2.5075929723085193 0.0 1.0 1.0 1 0 0 0.0 1.0 0
cell 49.84740799189647 44.464460058259526 0.0 1.0 1.0 1 0 0 0.0 1.0 0
cell 44.64613148439654 26.6280902555077 0.0 1.6431676725154984 0.6085806194501846 1 0 0 0.9041922852870512 -0.4271256386912168 4.0242155617372495
cell 23.513937550695807 37.67282020688601 0.0 1.0 1.0 1 0 0 0.0 1.0 0
cell 16.896542954388348 34.754424711539684 0.0 1.0 1.0 1 0 0 0.0 1.0 0
cell 2.593454399024799 18.811011515735977 0.0 1.6431676725154984 0.6085806194501846 1 0 0 0.6727187253835568 -0.7398983149854598 4.807431034497173
cell 42.599442135789026 19.922981906032657 0.0 1.6431676725154984 0.6085806194501846 1 0 0 0.9200417645635867 -0.39182030506179977 3.9468111811906192
cell 13.376344703016109 55.83722552945127 0.0 1.6431676725154984 0.6085806194501846 1 0 0 0.5865424013619962 -0.8099185214603398 5.029619030649329
cell 29.838534139599048 33.606198628110064 0.0 1.0 1.0 1 0 0 0.0 1.0 0
