1000
 Lattice="59.74940712514713 0.0 0.0 0.0 59.74940712514713 0.0 0.0 0.0 1.0"Properties=species:S:1:pos:R:3:aspherical_shape:R:3:orientation:R:4:Color:R:1
cell 28.397941094992373 34.29339341949855 0.0 1.0 1.0 1 0 0 0.0 1.0 0
cell 46.390841816485235 16.570776930505303 0.0 1.0 1.0 1 0 0 0.0 1.0 0
cell 1.3586712714641567 32.1813625027932 0.0 1.0 1.0 1 0 0 0.0 1.0 0
cell 41.929673933525976 41.80025776237616 0.0 1.6431676725154984 0.6085806194501846 1 0 0 0.7709117704029499 0.636941945748739 1.7605427908032263
cell 44.13581943228454 22.09538859674465 0.0 1.0 1.0 1 0 0 0.0 1.0 0
cell 59.098168820442766 45.35884237993723 0.0 1.0 1.0 1 0 0 0.0 1.0 0
cell 6.666176685996085 42.83594130631219 0.0 1.0 1.0 1 0 0 0.0 1.0 0
cell 50.07943262411449 21.18034295613523 0.0 1.0 1.0 1 0 0 0.0 1.0 0
cell 50.65667228206015 50.25262213518575 0.0 1.0 1.0 1 0 0 0.0 1.0 0
cell 44.86218618487228 8.051465525189675 0.0 1.0 1.0 1 0 0 0.0 1.0 0
cell 55.95682445825516 49.12256539498521 0.0 1.0 1.0 1 0 0 0.0 1.0 0
cell 23.55420350252873 39.8805648537281 0.0 1.0 1.0 1 0 0 0.0 1.0 0
cell 17.95488528966765 20.611682313156507 0.0 1.6431676725154984 0.6085806194501846 1 0 0 0.8709697621582542 -0.4913366192397979 4.168840099927442
cell 50.968835973108376 57.209717013340054 0.0 1.0 1.0 1 0 0 0.0 1.0 0
cell 57.81538345540904 55.66795165223082 0.0 1.0 1.0 1 0 0 0.0 1.0 0
cell 31.1063469181182 12.559550993219112 0.0 1.6431676725154984 0.6085806194501846 1 0 0 -0.2901883524808818 -0.9569695502388942 0.5888473073781189
cell 34.86755907055023 24.118067625371815 0.0 1.0 1.0 1 0 0 0.0 1.0 0
cell 46.72259594009815 48.04398894274973 0.0 1.6431676725154984 0.6085806194501846 1 0 0 0.9982688320185711 -0.05881614591485868 3.259292872878441
cell 49.46253683395373 47.530905630142165 0.0 1.6431676725154984 0.6085806194501846 1 0 0 0.9858176139746131 0.16782023709136162 2.8043563953242834
cell 54.37802256607208 55.41422952405997 0.0 1.0 1.0 1 0 0 0.0 1.0 0
cell 59.4585941202202 41.94761139599295 0.0 1.0 1.0 1 0 0 0.0 1.0 0
cell 9.665048978623044 32.54325901669463 0.0 1.0 1.0 1 0 0 0.0 1.0 0
cell 41.41472865603932 6.438737970171268 0.0 1.6431676725154984 0.6085806194501846 1 0 0 0.9722641961270666 0.23388529866023836 2.6694488350974677
cell 48.09290681107315 39.72122888037359 0.0 1.0 1.0 1 0 0 0.0 1.0 0
cell 1.5321644071627707 49.706792754333954 0.0 1.0 1.0 1 0 0 0.0 1.0 0
cell 25.60293226678461 35.68848182619792 0.0 1.0 1.0 1 0 0 0.0 1.0 0
cell 6.922350950169954 10.5919289047644 0.0 1.0 1.0 1 0 0 0.0 1.0 0
cell 50.71980778061116 3.3540029980975823 0.0 1.0 1.0 1 0 0 0.0 1.0 0
cell 29.105027802924408 47.9159946196005 0.0 1.6431676725154984 0.6085806194501846 1 0 0 0.898862627600153 -0.43823050635909483 4.04885092293617
cell 26.565750935473666 40.506874705605604 0.0 1.6431676725154984 0.6085806194501846 1 0 0 0.8681196794279454 -0.4963549356961421 4.1803824678074655
cell 41.69179057313844 32.30617520873337 0.0 1.6431676725154984 0.6085806194501846 1 0 0 0.698779907580237 0.7153367324289697 1.547380905620451
cell 44.40634391584796 30.368670137941283 0.0 1.0 1.0 1 0 0 0.0 1.0 0
cell 3.546231955673682 8.043676172955367 0.0 1.0 1.0 1 0 0 0.0 1.0 0
cell 3.3083950652611387 50.59773876711855 0.0 1.0 1.0 1 0 0 0.0 1.0 0
cell 31.11212718549312 38.39262035344564 0.0 1.6431676725154984 0.6085806194501846 1 0 0 0.3979459875326767 0.9174088461567409 0.8185536556119954
cell 56.75377457387003 18.719871303754058 0.0 1.0 1.0 1 0 0 0.0 1.0 0
cell 14.058798115120998 17.48332947073576 0.0 1.0 1.0 1 0 0 0.0 1.0 0
cell 45.67620780781304 3.074306704392288 0.0 1.0 1.0 1 0 0 0.0 1.0 0
cell 52.495481299689516 51.06714385578033 0.0 1.0 1.0 1 0 0 0.0 1.0 0
cell 40.568821522552426 25.338236850173857 0.0 1.6431676725154984 0.6085806194501846 1 0 0 0.6149351257098589 0.7885777014145151 1.3246073927911113
cell 24.717905323845915 51.83086480289178 0.0 1.0 1.0 1 0 0 0.0 1.0 0
cell 23.23961563763859 43.056962046761704 0.0 1.0 1.0 1 0 0 0.0 1.0 0
cell 54.09770150947876 33.275662521913375 0.0 1.0 1.0 1 0 0 0.0 1.0 0
cell 48.07982123678847 13.004792700818255 0.0 1.0 1.0 1 0 0 0.0 1.0 0
cell 49.307611109469924 42.71521771323908 0.0 1.0 1.0 1 0 0 0.0 1.0 0
cell 4.352980470949714 43.53534468609283 0.0 1.0 1.0 1 0 0 0.0 1.0 0
cell 8.2504620956877 12.023584352488324 0.0 1.0 1.0 1 0 0 0.0 1.0 0
cell 2.2662483057175384 13.171407041313568 0.0 1.0 1.0 1 0 0 0.0 1.0 0
cell 57.43031567270111 24.75297964902937 0.0 1.0 1.0 1 0 0 0.0 1.0 0
cell 4.663331520450538 32.82643889375229 0.0 1.0 1.0 1 0 0 0.0 1.0 0
cell 58.04900729856282 20.234101980631124 0.0 1.0 1.0 1 0 0 0.0 1.0 0
cell 12.552184798326092 46.15257153235716 0.0 1.0 1.0 1 0 0 0.0 1.0 0
cell 11.266738913281106 53.2207511281648 0.0 1.0 1.0 1 0 0 0.0 1.0 0
cell 50.769241084954146 43.97364467909718 0.0 1.0 1.0 1 0 0 0.0 1.0 0
cell 51.6681349936539 29.261156617640676 0.0 1.0 1.0 1 0 0 0.0 1.0 0
cell 57.4912126603402 22.09538319611727 0.0 1.0 1.0 1 0 0 0.0 1.0 0
cell 8.427669130821117 3.473889543019729 0.0 1.6431676725154984 0.6085806194501846 1 0 0 0.9627661805020812 -0.2703354983745826 3.68907562918298
cell 14.185367744762496 30.653378733654353 0.0 1.0 1.0 1 0 0 0.0 1.0 0
cell 27.88779636146202 45.3727942424749 0.0 1.6431676725154984 0.6085806194501846 1 0 0 0.8691754230732244 -0.49450387655253153 4.1761205357028475
cell 11.85669002036975 59.24406620823347 0.0 1.0 1.0 1 0 0 0.0 1.0 0
cell 55.75986108567645 43.41646313130808 0.0 1.0 1.0 1 0 0 0.0 1.0 0
cell 31.929360021531938 7.0217209091425605 0.0 1.6431676725154984 0.6085806194501846 1 0 0 0.957302200583556 -0.289089081007708 3.7281429592974473
cell 2.851657167500432 46.60446433219649 0.0 1.0 1.0 1 0 0 0.0 1.0 0
cell 7.164456370798413 27.979047399609396 0.0 1.0 1.0 1 0 0 0.0 1.0 0
cell 2.046062597649854 6.710305720118721 0.0 1.0 1.0 1 0 0 0.0 1.0 0
cell 56.14267815661701 56.450724480942014 0.0 1.0 1.0 1 0 0 0.0 1.0 0
cell 37.749775204730874 28.31008356278222 0.0 1.0 1.0 1 0 0 0.0 1.0 0
cell 19.936676072355958 39.635825992449625 0.0 1.0 1.0 1 0 0 0.0 1.0 0
cell 42.959471586751846 54.44065059041651 0.0 1.6431676725154984 0.6085806194501846 1 0 0 0.8175147062537177 0.5759077226942678 1.9141645365084732
cell 50.47960039264928 7.339237728172169 0.0 1.0 1.0 1 0 0 0.0 1.0 0
cell 57.38565489185859 44.4683513704642 0.0 1.0 1.0 1 0 0 0.0 1.0 0
cell 42.06514547135387 45.2651335499158 0.0 1.6431676725154984 0.6085806194501846 1 0 0 0.8938430764774511 0.448379922201391 2.2116885983061025
cell 21.084068781494132 13.856635697942421 0.0 1.0 1.0 1 0 0 0.0 1.0 0
cell 47.048122877560985 56.23013864974113 0.0 1.0 1.0 1 0 0 0.0 1.0 0
cell 47.63213250584462 18.134843260528925 0.0 1.0 1.0 1 0 0 0.0 1.0 0
cell 18.165099791609855 0.8121614683972772 0.0 1.0 1.0 1 0 0 0.0 1.0 0
cell 48.95390724547886 51.22780930090347 0.0 1.0 1.0 1 0 0 0.0 1.0 0
cell 18.54863758140158 10.85669848331764 0.0 1.0 1.0 1 0 0 0.0 1.0 0
cell 20.428538522571703 15.792667283717165 0.0 1.0 1.0 1 0 0 0.0 1.0 0
cell 58.80655857538411 6.098295487783967 0.0 1.6431676725154984 0.6085806194501846 1 0 0 0.8736761182334598 -0.48650800654101634 4.157769428396881
cell 19.904592743533094 50.518674210997624 0.0 1.0 1.0 1 0 0 0.0 1.0 0
cell 48.200064084725334 46.41338086843087 0.0 1.0 1.0 1 0 0 0.0 1.0 0
cell 40.173795131999064 53.62909673093839 0.0 1.0 1.0 1 0 0 0.0 1.0 0
cell 21.869581193213026 9.440246513532752 0.0 1.0 1.0 1 0 0 0.0 1.0 0
cell 9.999199878090835 16.428759645902137 0.0 1.6431676725154984 0.6085806194501846 1 0 0 0.7082076657541705 0.706004179992604 1.5739125275042545
cell 13.691214595605807 59.19651676950183 0.0 1.0 1.0 1 0 0 0.0 1.0 0
cell 39.19941092574323 39.007878161559674 0.0 1.6431676725154984 0.6085806194501846 1 0 0 0.5903537821402522 0.8071446040906793 1.2629941675265126
cell 38.28241567686843 32.079193656362456 0.0 1.6431676725154984 0.6085806194501846 1 0 0 0.2319337169304897 -0.9727315924502542 5.8150550317216885
cell 11.68641542095234 9.896459629272773 0.0 1.0 1.0 1 0 0 0.0 1.0 0
cell 52.052165509368386 20.982703315674236 0.0 1.0 1.0 1 0 0 0.0 1.0 0
cell 9.024071034974389 45.620070389063734 0.0 1.0 1.0 1 0 0 0.0 1.0 0
cell 57.14720601647623 3.4347170891158862 0.0 1.6431676725154984 0.6085806194501846 1 0 0 0.92330508357311 -0.3840673412932324 3.9299876125585413
cell 33.30229180042889 47.90717008416806 0.0 1.6431676725154984 0.6085806194501846 1 0 0 0.9647370551588045 0.26321552842398527 2.6088851397145323
cell 42.593534606080276 43.11077847928599 0.0 1.6431676725154984 0.6085806194501846 1 0 0 0.8606831277734894 0.509140995762513 2.0732197616704333
cell 4.638302433637705 2.193167531298578 0.0 1.0 1.0 1 0 0 0.0 1.0 0
cell 56.29217109443539 23.566212399204414 0.0 1.0 1.0 1 0 0 0.0 1.0 0
cell 54.30271185861229 51.90344766166042 0.0 1.0 1.0 1 0 0 0.0 1.0 0
cell 37.52612549841361 44.68951683433219 0.0 1.6431676725154984 0.6085806194501846 1 0 0 0.7487818393824617 0.6628165334472409 1.6924446223401375
cell 3.466747383853762 29.25487207958 0.0 1.0 1.0 1 0 0 0.0 1.0 0
cell 29.52103769925132 5.660496394711817 0.0 1.6431676725154984 0.6085806194501846 1 0 0 0.9324414727922703 0.3613210481233854 2.402224118114997
cell 38.10205514666717 5.038103261789182 0.0 1.6431676725154984 0.6085806194501846 1 0 0 0.810753066428485 0.5853883029893991 1.8908748213369315
cell 1.4183555130447845 8.223190369673464 0.0 1.6431676725154984 0.6085806194501846 1 0 0 0.9459631332837586 -0.3242741902587592 3.8020813664726547
cell 4.4251737231933355 16.404649801066164 0.0 1.0 1.0 1 0 0 0.0 1.0 0
cell 50.75917710197785 55.46944445626721 0.0 1.0 1.0 1 0 0 0.0 1.0 0
cell 33.45372251833279 8.934545684893294 0.0 1.6431676725154984 0.6085806194501846 1 0 0 0.1942903083807503 0.9809440738744044 0.39106784018361174
cell 15.21108765075225 28.07035002876909 0.0 1.0 1.0 1 0 0 0.0 1.0 0
cell 55.73681879936246 6.48202173770517 0.0 1.0 1.0 1 0 0 0.0 1.0 0
cell 12.814147072668769 19.003131049332065 0.0 1.0 1.0 1 0 0 0.0 1.0 0
cell 30.45853338197877 54.4254401230447 0.0 1.6431676725154984 0.6085806194501846 1 0 0 0.9881313523611048 -0.15361129672330145 3.450036485691984
cell 21.173024169253413 45.50129535656326 0.0 1.6431676725154984 0.6085806194501846 1 0 0 0.9977263236293518 0.06739572046545764 3.0066989622877287
cell 14.761850941039327 11.763784082625403 0.0 1.0 1.0 1 0 0 0.0 1.0 0
cell 49.81606744859549 29.311540798342648 0.0 1.0 1.0 1 0 0 0.0 1.0 0
cell 13.263384139697738 48.131608478351254 0.0 1.0 1.0 1 0 0 0.0 1.0 0
cell 11.970031051140127 7.959137125278517 0.0 1.0 1.0 1 0 0 0.0 1.0 0
cell 9.864831266764892 56.432930888536426 0.0 1.0 1.0 1 0 0 0.0 1.0 0
cell 25.469635833915028 50.01609526143249 0.0 1.0 1.0 1 0 0 0.0 1.0 0
cell 11.450229659038055 55.24471743770986 0.0 1.0 1.0 1 0 0 0.0 1.0 0
cell 38.84719114351097 46.21837492349426 0.0 1.6431676725154984 0.6085806194501846 1 0 0 0.5885941556568887 0.8084286733698616 1.258637507727519
cell 57.40651078280874 7.544094642110485 0.0 1.0 1.0 1 0 0 0.0 1.0 0
cell 44.99238098098937 20.250340637107918 0.0 1.0 1.0 1 0 0 0.0 1.0 0
cell 49.714513841900335 26.093743873548327 0.0 1.0 1.0 1 0 0 0.0 1.0 0
cell 41.54145003034148 20.914785168031965 0.0 1.0 1.0 1 0 0 0.0 1.0 0
cell 2.06830167723772 19.094271572667278 0.0 1.0 1.0 1 0 0 0.0 1.0 0
cell 17.11089783689888 40.77425596174346 0.0 1.0 1.0 1 0 0 0.0 1.0 0
cell 24.423971207000232 19.399089658379634 0.0 1.6431676725154984 0.6085806194501846 1 0 0 0.9393262055036244 -0.3430251880753988 3.841863863880081
cell 30.796991927019615 33.85144310587293 0.0 1.6431676725154984 0.6085806194501846 1 0 0 0.8958531891977107 -0.4443501585509908 4.062490137384176
cell 30.928705904610144 17.36155210105682 0.0 1.0 1.0 1 0 0 0.0 1.0 0
cell 8.60107922113212 30.647630676834527 0.0 1.0 1.0 1 0 0 0.0 1.0 0
cell 1.2094666698180307 15.469675407143608 0.0 1.0 1.0 1 0 0 0.0 1.0 0
cell 47.493419264355175 43.33068962134971 0.0 1.0 1.0 1 0 0 0.0 1.0 0
cell 12.88313182736434 34.21643567058404 0.0 1.0 1.0 1 0 0 0.0 1.0 0
cell 24.25911063918932 8.42600127516076 0.0 1.0 1.0 1 0 0 0.0 1.0 0
cell 35.899516667384 22.470808657544254 0.0 1.0 1.0 1 0 0 0.0 1.0 0
cell 43.33811413945808 24.24472770831662 0.0 1.0 1.0 1 0 0 0.0 1.0 0
cell 46.851286577909484 8.225697809235772 0.0 1.0 1.0 1 0 0 0.0 1.0 0
cell 16.990339952467753 26.6044457280733 0.0 1.0 1.0 1 0 0 0.0 1.0 0
cell 15.818977394054217 31.78713802618764 0.0 1.0 1.0 1 0 0 0.0 1.0 0
cell 50.797529395663084 31.030343987626804 0.0 1.0 1.0 1 0 0 0.0 1.0 0
cell 21.14677293758372 31.714398196462344 0.0 1.6431676725154984 0.6085806194501846 1 0 0 0.846627828172539 -0.5321854193454099 4.263952253029653
cell 59.58215975863335 30.9704104441919 0.0 1.0 1.0 1 0 0 0.0 1.0 0
cell 41.6386368817505 38.64441731959616 0.0 1.6431676725154984 0.6085806194501846 1 0 0 -0.6583861946357124 -0.7526802898396542 1.43734533341867
cell 7.004604730246947 50.046596771581 0.0 1.0 1.0 1 0 0 0.0 1.0 0
cell 20.59190240898722 56.374196925874465 0.0 1.6431676725154984 0.6085806194501846 1 0 0 0.979659233347542 0.20066834956441518 2.7375124540749156
cell 11.77524652412842 22.627632473956954 0.0 1.0 1.0 1 0 0 0.0 1.0 0
cell 40.48119841041544 33.34585099477601 0.0 1.6431676725154984 0.6085806194501846 1 0 0 0.5089636140903189 0.8607880340316778 1.0679607289380635
cell 34.79827044166469 50.81163945313365 0.0 1.6431676725154984 0.6085806194501846 1 0 0 0.9987012382090236 0.05094935524384091 3.0396498061213135
cell 44.15550486729815 49.54395995107894 0.0 1.0 1.0 1 0 0 0.0 1.0 0
cell 9.062417496365462 36.37343613176436 0.0 1.0 1.0 1 0 0 0.0 1.0 0
cell 37.16981408845125 23.548300000810638 0.0 1.6431676725154984 0.6085806194501846 1 0 0 0.3596956442484478 -0.9330696884524189 5.547301936516231
cell 25.112566129705403 29.646002190565376 0.0 1.6431676725154984 0.6085806194501846 1 0 0 0.9780994465781123 0.20813810944560426 2.7222506678079834
cell 57.44954844064699 46.326239315338135 0.0 1.0 1.0 1 0 0 0.0 1.0 0
cell 16.617271776351583 12.870755478416793 0.0 1.6431676725154984 0.6085806194501846 1 0 0 0.9302311797210369 -0.3669740485031715 3.89310069842289
cell 11.62236883397284 3.248016823358166 0.0 1.0 1.0 1 0 0 0.0 1.0 0
cell 8.339201389756829 22.239248197120716 0.0 1.0 1.0 1 0 0 0.0 1.0 0
cell 50.475622043310594 24.489956692062574 0.0 1.0 1.0 1 0 0 0.0 1.0 0
cell 36.290065516685246 31.646628494749162 0.0 1.6431676725154984 0.6085806194501846 1 0 0 0.1009411454999074 -0.994892398777459 6.080958601010704
cell 47.68795592066097 3.7498570384641083 0.0 1.6431676725154984 0.6085806194501846 1 0 0 0.4620112883275771 0.8868740437389587 0.9605234045786935
cell 18.342758846028946 53.88301965900216 0.0 1.0 1.0 1 0 0 0.0 1.0 0
cell 8.247793556822653 57.57895834612314 0.0 1.0 1.0 1 0 0 0.0 1.0 0
cell 57.788512921815126 49.952969849869085 0.0 1.0 1.0 1 0 0 0.0 1.0 0
cell 5.527664498741601 18.04170277930305 0.0 1.0 1.0 1 0 0 0.0 1.0 0
cell 22.56764947796794 12.668905060544326 0.0 1.6431676725154984 0.6085806194501846 1 0 0 0.6314562587133052 -0.7754114993548878 4.916325657086571
cell 46.812038263706285 30.8489639809277 0.0 1.0 1.0 1 0 0 0.0 1.0 0
cell 0.9632284397892479 9.839125707793317 0.0 1.0 1.0 1 0 0 0.0 1.0 0
cell 50.20678629797308 45.866618027924794 0.0 1.0 1.0 1 0 0 0.0 1.0 0
cell 16.537293063175895 59.08178212377306 0.0 1.6431676725154984 0.6085806194501846 1 0 0 0.9969023097037338 -0.07864976101273763 3.299054798870037
cell 42.909075823874204 30.39750374135778 0.0 1.6431676725154984 0.6085806194501846 1 0 0 0.789431150348063 0.6138391148013737 1.8197634726725151
cell 29.0507186219844 44.20233328632889 0.0 1.0 1.0 1 0 0 0.0 1.0 0
cell 25.829818003398437 44.22009604176331 0.0 1.6431676725154984 0.6085806194501846 1 0 0 0.9390728667633335 -0.34371812711711125 3.8433394587534173
cell 4.5929723072517765 23.611487308456745 0.0 1.0 1.0 1 0 0 0.0 1.0 0
cell 14.822143449539384 19.202983367156648 0.0 1.0 1.0 1 0 0 0.0 1.0 0
cell 52.81089707772048 57.90199345836099 0.0 1.0 1.0 1 0 0 0.0 1.0 0
cell 18.350993368070004 35.90725868318332 0.0 1.0 1.0 1 0 0 0.0 1.0 0
cell 55.70094021595759 45.383268098524134 0.0 1.0 1.0 1 0 0 0.0 1.0 0
cell 43.21310367973949 1.9231085049231562 0.0 1.0 1.0 1 0 0 0.0 1.0 0
cell 59.62281272380249 50.784622134299845 0.0 1.0 1.0 1 0 0 0.0 1.0 0
cell 21.518274790421636 43.32989592987088 0.0 1.0 1.0 1 0 0 0.0 1.0 0
cell 24.684531785595148 58.66644955806717 0.0 1.6431676725154984 0.6085806194501846 1 0 0 0.6882595639379397 -0.725464521977441 4.765010807789227
cell 11.750605909732164 44.31299742325842 0.0 1.0 1.0 1 0 0 0.0 1.0 0
cell 10.432112579498641 37.239652962802964 0.0 1.0 1.0 1 0 0 0.0 1.0 0
cell 23.357774388516685 15.010535815526907 0.0 1.6431676725154984 0.6085806194501846 1 0 0 0.7459276489652203 -0.6660269833191588 4.599332173580137
cell 25.74245468519362 57.060565670835004 0.0 1.6431676725154984 0.6085806194501846 1 0 0 0.9122613452152258 -0.40960864007746045 3.985642695712602
cell 33.643146572499724 38.10771103088088 0.0 1.6431676725154984 0.6085806194501846 1 0 0 0.2071298408784828 0.9783134615334976 0.4172805222253694
cell 40.628254319744386 41.718195163754416 0.0 1.6431676725154984 0.6085806194501846 1 0 0 -0.559908150106057 -0.8285546834366535 1.1885498805753487
cell 30.871701323768466 42.26341750189352 0.0 1.6431676725154984 0.6085806194501846 1 0 0 0.9382828941661814 -0.3458687764386003 3.8479217514130277
cell 53.0191055342161 14.396793706965521 0.0 1.0 1.0 1 0 0 0.0 1.0 0
cell 33.299168814796744 15.658103134144596 0.0 1.0 1.0 1 0 0 0.0 1.0 0
cell 8.518518161984723 40.05954902416674 0.0 1.0 1.0 1 0 0 0.0 1.0 0
cell 2.5091955746637544 35.414080200786366 0.0 1.0 1.0 1 0 0 0.0 1.0 0
cell 59.27136294021919 32.894709260827376 0.0 1.0 1.0 1 0 0 0.0 1.0 0
cell 17.70407329360306 24.52524136889426 0.0 1.6431676725154984 0.6085806194501846 1 0 0 0.7876408794741675 -0.6161345997273322 4.469243973918572
cell 1.2560397594973793 55.97986520131655 0.0 1.0 1.0 1 0 0 0.0 1.0 0
cell 37.8874011546209 19.97874947530986 0.0 1.0 1.0 1 0 0 0.0 1.0 0
cell 24.31218139458508 25.401088309171094 0.0 1.6431676725154984 0.6085806194501846 1 0 0 0.9582391479050609 -0.2859680671371939 3.721625718390607
cell 27.47792168954813 5.145941522722734 0.0 1.6431676725154984 0.6085806194501846 1 0 0 0.9397727626215453 0.3417998751238343 2.443929741848291
cell 6.500535327970044 22.946607051807657 0.0 1.0 1.0 1 0 0 0.0 1.0 0
cell 42.826153318415614 33.382192789573345 0.0 1.6431676725154984 0.6085806194501846 1 0 0 -0.7522531583798372 -0.6588741804833147 1.7029502905089098
cell 50.72415814797929 5.3418468296041075 0.0 1.0 1.0 1 0 0 0.0 1.0 0
cell 31.644256575797062 10.198190993973599 0.0 1.6431676725154984 0.6085806194501846 1 0 0 0.3271204608343427 0.9449826475145071 0.6665095484984168
cell 20.890366308428696 1.496104870630008 0.0 1.6431676725154984 0.6085806194501846 1 0 0 0.5370767966041007 0.843533351177935 1.133935687360364
cell 30.293070000571444 50.40444883382625 0.0 1.6431676725154984 0.6085806194501846 1 0 0 0.9211853331833004 -0.38912412149335057 3.9409538230306946
cell 39.548436581866376 49.002400189738786 0.0 1.6431676725154984 0.6085806194501846 1 0 0 -0.7929393350715565 -0.6093005915771607 1.8312361608217778
cell 13.06308235099512 14.117307057427833 0.0 1.6431676725154984 0.6085806194501846 1 0 0 0.7890587500602578 -0.6143177426652624 4.4646347097978065
cell 39.84520377496629 19.330283143920678 0.0 1.6431676725154984 0.6085806194501846 1 0 0 0.2991805380791287 0.9541965235918034 0.6076674808138891
cell 17.28789250750728 37.45575163132811 0.0 1.0 1.0 1 0 0 0.0 1.0 0
cell 1.7217518585575269 30.161721193344324 0.0 1.0 1.0 1 0 0 0.0 1.0 0
cell 35.33382308096413 15.579858391764569 0.0 1.6431676725154984 0.6085806194501846 1 0 0 -0.2953913998882414 -0.9553763242157851 0.5997303482302447
cell 55.36188057565056 12.271725386685615 0.0 1.0 1.0 1 0 0 0.0 1.0 0
cell 7.601972467628085 32.478657111093554 0.0 1.6431676725154984 0.6085806194501846 1 0 0 0.9620468045777317 0.27288449168425755 2.5888125569996863
cell 51.175025533880316 1.8727575824738434 0.0 1.6431676725154984 0.6085806194501846 1 0 0 0.8821766602802479 -0.47091861298613813 4.122256237002999
cell 26.30110343861185 48.672662000633785 0.0 1.6431676725154984 0.6085806194501846 1 0 0 0.851648686330638 -0.5241130746998196 4.244939368417672
cell 43.29760773140255 26.240785549958506 0.0 1.0 1.0 1 0 0 0.0 1.0 0
cell 55.54113236966758 25.441796533964045 0.0 1.0 1.0 1 0 0 0.0 1.0 0
cell 42.867794749449054 8.074338203625135 0.0 1.0 1.0 1 0 0 0.0 1.0 0
cell 45.26823391535833 26.29897767230353 0.0 1.0 1.0 1 0 0 0.0 1.0 0
cell 23.62723431252035 31.678946866690485 0.0 1.0 1.0 1 0 0 0.0 1.0 0
cell 51.73030948173306 26.07563921412226 0.0 1.0 1.0 1 0 0 0.0 1.0 0
cell 16.66634206669361 54.946477297226444 0.0 1.0 1.0 1 0 0 0.0 1.0 0
cell 52.30975276214582 4.507689582249364 0.0 1.0 1.0 1 0 0 0.0 1.0 0
cell 58.94940605743493 3.0728700667355917 0.0 1.0 1.0 1 0 0 0.0 1.0 0
cell 53.15101536742017 39.25757333884489 0.0 1.0 1.0 1 0 0 0.0 1.0 0
cell 27.23779156952467 48.21596480540791 0.0 1.6431676725154984 0.6085806194501846 1 0 0 0.8201347380918785 -0.5721704390956998 4.359892377232385
cell 52.27839647340159 6.503750013376957 0.0 1.0 1.0 1 0 0 0.0 1.0 0
cell 36.098644008761944 45.079666176253454 0.0 1.6431676725154984 0.6085806194501846 1 0 0 0.816078517458311 0.5779410465982194 1.909185762541033
cell 0.329693367595795 38.095628237189445 0.0 1.0 1.0 1 0 0 0.0 1.0 0
cell 49.831653538741996 12.930103499263772 0.0 1.0 1.0 1 0 0 0.0 1.0 0
cell 45.36640821603704 55.53898928992553 0.0 1.6431676725154984 0.6085806194501846 1 0 0 0.9591964140814221 0.2827405864274547 2.5682924933530487
cell 23.992945723219396 2.3412578562348916 0.0 1.6431676725154984 0.6085806194501846 1 0 0 0.49110623583495333 -0.8710996872482639 5.256466848715711
cell 59.352494976928334 58.81517758695909 0.0 1.0 1.0 1 0 0 0.0 1.0 0
cell 15.193505528272645 57.85574287253623 0.0 1.0 1.0 1 0 0 0.0 1.0 0
cell 1.0692227412227409 45.752631909844744 0.0 1.0 1.0 1 0 0 0.0 1.0 0
cell 28.180889417976523 38.7949681079889 0.0 1.6431676725154984 0.6085806194501846 1 0 0 -0.95613190324329 0.29293648390114163 3.7361858758539785
cell 30.191120748445623 51.71554544854688 0.0 1.6431676725154984 0.6085806194501846 1 0 0 0.9442451467796069 -0.3292432273914812 3.812596664154056
cell 34.87350566914137 5.19168966889753 0.0 1.6431676725154984 0.6085806194501846 1 0 0 0.9910708708682284 -0.1333361500737566 3.4090615166447145
cell 17.9346820185141 50.16042425665888 0.0 1.0 1.0 1 0 0 0.0 1.0 0
cell 48.31638171635246 2.206967636700737 0.0 1.0 1.0 1 0 0 0.0 1.0 0
cell 39.95491346304944 45.875528701441944 0.0 1.6431676725154984 0.6085806194501846 1 0 0 0.6828155963836887 0.730590761873696 1.5032191821086247
cell 43.02926657911274 57.79860959556815 0.0 1.6431676725154984 0.6085806194501846 1 0 0 0.9126354558356401 0.40877441792714153 2.2993711468487747
cell 40.27267519974179 55.401655559564446 0.0 1.6431676725154984 0.6085806194501846 1 0 0 -0.19024355625085404 -0.9817369246926735 0.38282045530890585
cell 44.133900369727115 43.44801537526509 0.0 1.0 1.0 1 0 0 0.0 1.0 0
cell 14.745092133992296 24.674741569736362 0.0 1.0 1.0 1 0 0 0.0 1.0 0
cell 33.88942390723785 19.118605035081263 0.0 1.0 1.0 1 0 0 0.0 1.0 0
cell 53.064008723989254 1.6424210030351616 0.0 1.6431676725154984 0.6085806194501846 1 0 0 0.9208515931117951 -0.3899132512027117 3.942667425293105
cell 33.40156805759727 1.783585476198909 0.0 1.6431676725154984 0.6085806194501846 1 0 0 -0.3526115013565061 -0.935769805620544 0.7207207866454128
cell 11.54587905483435 24.569503746928227 0.0 1.0 1.0 1 0 0 0.0 1.0 0
cell 1.3330651112470169 47.751054602132335 0.0 1.0 1.0 1 0 0 0.0 1.0 0
cell 26.577848505198794 34.567833508988194 0.0 1.0 1.0 1 0 0 0.0 1.0 0
cell 48.80396882902584 8.287469753923595 0.0 1.0 1.0 1 0 0 0.0 1.0 0
cell 28.500611742241013 40.28803000523329 0.0 1.6431676725154984 0.6085806194501846 1 0 0 0.9844444113840728 -0.1756963314775424 3.4948187697161677
cell 49.08868695394167 5.955702370962401 0.0 1.0 1.0 1 0 0 0.0 1.0 0
cell 42.81438687066109 36.279808525406985 0.0 1.6431676725154984 0.6085806194501846 1 0 0 0.8171662526303483 0.5764020433361369 1.9129549533806705
cell 27.86265890901903 55.63424357705045 0.0 1.6431676725154984 0.6085806194501846 1 0 0 0.9996150579754368 0.027744114128300506 3.0860973043197344
cell 46.940453756660226 44.90443949560494 0.0 1.0 1.0 1 0 0 0.0 1.0 0
cell 54.32809906896967 15.831819863955285 0.0 1.0 1.0 1 0 0 0.0 1.0 0
cell 6.240887505772972 54.87235292514019 0.0 1.0 1.0 1 0 0 0.0 1.0 0
cell 4.243663403865636 25.43796768938916 0.0 1.0 1.0 1 0 0 0.0 1.0 0
cell 35.496258324002234 4.054709234045064 0.0 1.6431676725154984 0.6085806194501846 1 0 0 0.29260413777726074 0.9562336631575077 0.5938980704033188
cell 48.8748290097008 44.574057659168155 0.0 1.0 1.0 1 0 0 0.0 1.0 0
cell 33.33013367597297 59.36376959369108 0.0 1.6431676725154984 0.6085806194501846 1 0 0 0.2933460485397903 0.9560063262374842 0.5954499900983735
cell 21.226230985881067 20.232050906519646 0.0 1.6431676725154984 0.6085806194501846 1 0 0 0.9847508498992824 -0.17397058263580356 3.491313280069994
cell 22.241226893190827 5.634283159484381 0.0 1.0 1.0 1 0 0 0.0 1.0 0
cell 59.31808003207377 47.05411389607184 0.0 1.0 1.0 1 0 0 0.0 1.0 0
cell 20.01922481420637 36.24876247261543 0.0 1.0 1.0 1 0 0 0.0 1.0 0
cell 19.714815594206446 6.498939306155069 0.0 1.0 1.0 1 0 0 0.0 1.0 0
cell 40.27108250216917 8.066529990678722 0.0 1.6431676725154984 0.6085806194501846 1 0 0 0.9846000480605348 0.1748220391117565 2.79014261174988
cell 28.584678881317668 0.031427322120253176 0.0 1.6431676725154984 0.6085806194501846 1 0 0 0.7073538343933022 -0.7068596416326884 4.711690086265979
cell 54.35061819024866 31.315645510444998 0.0 1.0 1.0 1 0 0 0.0 1.0 0
cell 54.01730742799079 44.344902759602526 0.0 1.0 1.0 1 0 0 0.0 1.0 0
cell 1.2884479288359005 1.8179793453422046 0.0 1.0 1.0 1 0 0 0.0 1.0 0
cell 20.768630254579847 57.53908221578135 0.0 1.6431676725154984 0.6085806194501846 1 0 0 0.9935472207314966 0.11341922313575764 2.914265031660276
cell 17.32307156033169 2.6449151646913425 0.0 1.0 1.0 1 0 0 0.0 1.0 0
cell 1.1737620895738743 22.97092476537467 0.0 1.0 1.0 1 0 0 0.0 1.0 0
cell 28.16074471070823 29.575500262342636 0.0 1.6431676725154984 0.6085806194501846 1 0 0 0.9884455795078259 -0.15157617342919807 3.4459180068366773
cell 10.004304080097517 2.605993099171437 0.0 1.0 1.0 1 0 0 0.0 1.0 0
cell 39.32453950997828 12.2512831558919 0.0 1.0 1.0 1 0 0 0.0 1.0 0
cell 49.60857338287595 17.913761722826457 0.0 1.0 1.0 1 0 0 0.0 1.0 0
cell 13.224378758347703 23.756232379728917 0.0 1.0 1.0 1 0 0 0.0 1.0 0
cell 35.647156477568934 57.68621168264891 0.0 1.6431676725154984 0.6085806194501846 1 0 0 0.6399112610889247 -0.7684488128246293 4.894419742978182
cell 27.737507794408106 32.7764980314447 0.0 1.6431676725154984 0.6085806194501846 1 0 0 0.9948522197780055 -0.10133637452945977 3.34461389192259
cell 40.19590650185264 31.02417789106962 0.0 1.6431676725154984 0.6085806194501846 1 0 0 0.48745327063385935 0.8731490760164345 1.0183413050730559
cell 13.20790898610861 35.92531455593252 0.0 1.0 1.0 1 0 0 0.0 1.0 0
cell 27.70165727214332 51.31189666941222 0.0 1.6431676725154984 0.6085806194501846 1 0 0 0.7568970459475757 -0.6535341321123431 4.566081286792919
cell 43.11571551541497 4.299920387456027 0.0 1.6431676725154984 0.6085806194501846 1 0 0 0.9258516689028301 0.37788713551779496 2.3665663455070725
cell 5.498357215822971 29.451636921143105 0.0 1.6431676725154984 0.6085806194501846 1 0 0 -0.23134417217052872 0.9728719720511702 5.816267086947478
cell 1.2914823833701927 0.058682512341739906 0.0 1.0 1.0 1 0 0 0.0 1.0 0
cell 27.506496197013774 57.84288853306483 0.0 1.6431676725154984 0.6085806194501846 1 0 0 0.5758120504817092 0.8175820952785412 1.2271940704796516
cell 59.20653802245359 43.713268450976784 0.0 1.0 1.0 1 0 0 0.0 1.0 0
cell 10.28864682998486 49.37497511921309 0.0 1.0 1.0 1 0 0 0.0 1.0 0
cell 39.31110433501909 59.27867719849689 0.0 1.6431676725154984 0.6085806194501846 1 0 0 0.9974285331885823 -0.07166813225746273 3.2850519061001964
cell 53.66485930916434 25.900547130018268 0.0 1.0 1.0 1 0 0 0.0 1.0 0
cell 31.535381722083176 49.0856870840421 0.0 1.6431676725154984 0.6085806194501846 1 0 0 0.9976763843466588 -0.06813099233812675 3.2779602766179234
cell 5.888743611680586 26.54773722114921 0.0 1.0 1.0 1 0 0 0.0 1.0 0
cell 44.45479346742565 41.47025167289879 0.0 1.0 1.0 1 0 0 0.0 1.0 0
cell 49.264667372920485 22.915074567028302 0.0 1.0 1.0 1 0 0 0.0 1.0 0
cell 8.372707121024282 43.741530078653575 0.0 1.0 1.0 1 0 0 0.0 1.0 0
cell 14.212179099942132 4.616336627702718 0.0 1.0 1.0 1 0 0 0.0 1.0 0
cell 11.024854518338236 15.966664697633341 0.0 1.6431676725154984 0.6085806194501846 1 0 0 0.700055184157229 0.7140887473798955 1.5509495456276534
cell 36.52701744773459 8.38571498900868 0.0 1.6431676725154984 0.6085806194501846 1 0 0 0.962084987596451 -0.2727498426058881 3.6940928336405086
cell 28.15393023322642 35.95974010185471 0.0 1.0 1.0 1 0 0 0.0 1.0 0
cell 48.503247367844864 54.85911795636236 0.0 1.0 1.0 1 0 0 0.0 1.0 0
cell 34.73180700189212 45.63497695045564 0.0 1.6431676725154984 0.6085806194501846 1 0 0 0.6983548592026225 0.7157516962104143 1.546192863409754
cell 14.212883252513166 46.48855150459593 0.0 1.0 1.0 1 0 0 0.0 1.0 0
cell 38.07822129976589 50.611635698248925 0.0 1.6431676725154984 0.6085806194501846 1 0 0 0.816761436880589 0.5769755239390625 1.9115510220242016
cell 9.98779127954158 40.93373124978099 0.0 1.0 1.0 1 0 0 0.0 1.0 0
cell 13.406023580004794 57.229130458834206 0.0 1.0 1.0 1 0 0 0.0 1.0 0
cell 52.53756870525773 54.57497432658049 0.0 1.0 1.0 1 0 0 0.0 1.0 0
cell 54.80662309626871 19.072933101319475 0.0 1.0 1.0 1 0 0 0.0 1.0 0
cell 17.813218479942236 33.71552371593177 0.0 1.0 1.0 1 0 0 0.0 1.0 0
cell 47.70349100160477 41.59711387247223 0.0 1.0 1.0 1 0 0 0.0 1.0 0
cell 28.061897782032144 42.87099200036523 0.0 1.0 1.0 1 0 0 0.0 1.0 0
cell 26.964029457246625 17.50628367947871 0.0 1.0 1.0 1 0 0 0.0 1.0 0
cell 17.902620611511097 42.50725810654275 0.0 1.0 1.0 1 0 0 0.0 1.0 0
cell 45.8406787063247 6.490123555102173 0.0 1.0 1.0 1 0 0 0.0 1.0 0
cell 39.48021973654226 6.036011295990609 0.0 1.0 1.0 1 0 0 0.0 1.0 0
cell 40.05705325576374 27.06126916357228 0.0 1.6431676725154984 0.6085806194501846 1 0 0 0.565676792541897 0.8246270468396678 1.2025074967703306
cell 41.53885330779478 27.6295974083572 0.0 1.6431676725154984 0.6085806194501846 1 0 0 0.805763893336174 0.5922369020887931 1.8739283659767376
cell 30.503619544634116 36.10620457832423 0.0 1.6431676725154984 0.6085806194501846 1 0 0 0.4554528103854584 0.8902599269381879 0.9457615503215283
cell 1.8222133395986841 39.32272802700192 0.0 1.0 1.0 1 0 0 0.0 1.0 0
cell 19.879735443709052 18.830576953363103 0.0 1.6431676725154984 0.6085806194501846 1 0 0 0.993859182754559 -0.11065226999226074 3.3633513061311087
cell 45.230102958618694 23.61018783820892 0.0 1.0 1.0 1 0 0 0.0 1.0 0
cell 37.176905777134245 3.273598223310458 0.0 1.0 1.0 1 0 0 0.0 1.0 0
cell 44.88641947005503 1.232161160645704 0.0 1.0 1.0 1 0 0 0.0 1.0 0
cell 3.7352867276203066 27.260536537466148 0.0 1.0 1.0 1 0 0 0.0 1.0 0
cell 50.84177938278282 19.46588993500944 0.0 1.0 1.0 1 0 0 0.0 1.0 0
cell 45.368014767981606 35.588896589553514 0.0 1.0 1.0 1 0 0 0.0 1.0 0
cell 57.47923299837066 16.83816105810024 0.0 1.0 1.0 1 0 0 0.0 1.0 0
cell 23.4531745212917 10.254734895502324 0.0 1.0 1.0 1 0 0 0.0 1.0 0
cell 3.8365674445055533 18.431408440174263 0.0 1.0 1.0 1 0 0 0.0 1.0 0
cell 6.580265232717074 58.647540880741296 0.0 1.0 1.0 1 0 0 0.0 1.0 0
cell 50.365564344171084 16.185447685965784 0.0 1.0 1.0 1 0 0 0.0 1.0 0
cell 55.203545555023375 2.913633514414419 0.0 1.6431676725154984 0.6085806194501846 1 0 0 0.937492370442605 -0.34800582662062646 3.852478905561996
cell 16.135253470670307 42.46777470515417 0.0 1.0 1.0 1 0 0 0.0 1.0 0
cell 29.924901712850875 28.975550449948155 0.0 1.6431676725154984 0.6085806194501846 1 0 0 0.9998879694252849 -0.014968253023664198 3.1715302776218803
cell 18.671387031823844 17.737747911379774 0.0 1.6431676725154984 0.6085806194501846 1 0 0 0.9776149567073374 0.2104019876857408 2.717620385952601
cell 16.6136480638643 51.40558678788834 0.0 1.0 1.0 1 0 0 0.0 1.0 0
cell 25.634370060199284 1.102314073810764 0.0 1.6431676725154984 0.6085806194501846 1 0 0 0.7424248785846487 -0.6699293243757656 4.609819829003817
cell 57.62858822961293 48.122386912640145 0.0 1.0 1.0 1 0 0 0.0 1.0 0
cell 9.145868640691797 5.88023147784734 0.0 1.0 1.0 1 0 0 0.0 1.0 0
cell 46.897802900975364 19.956725248225055 0.0 1.0 1.0 1 0 0 0.0 1.0 0
cell 9.63983518838491 34.548617874871624 0.0 1.0 1.0 1 0 0 0.0 1.0 0
cell 5.823909007154201 44.37761078417056 0.0 1.0 1.0 1 0 0 0.0 1.0 0
cell 43.3608271569603 40.20864022175516 0.0 1.6431676725154984 0.6085806194501846 1 0 0 0.8179817552335478 0.5752441639035065 1.9157874290551147
cell 23.84116508280812 12.976616164398076 0.0 1.6431676725154984 0.6085806194501846 1 0 0 0.8369238261075566 -0.547319385088349 4.299908519835904
cell 12.799144903475689 51.52388850105258 0.0 1.0 1.0 1 0 0 0.0 1.0 0
cell 53.225885086082634 22.539905516800356 0.0 1.0 1.0 1 0 0 0.0 1.0 0
cell 33.88430102894418 13.651541765730633 0.0 1.6431676725154984 0.6085806194501846 1 0 0 0.2674271987148889 0.9635780681333025 0.5414439772114966
cell 34.89859655981283 20.859687003256248 0.0 1.0 1.0 1 0 0 0.0 1.0 0
cell 50.11182172190611 11.215005113803272 0.0 1.0 1.0 1 0 0 0.0 1.0 0
cell 18.63612083874106 4.637546874692836 0.0 1.6431676725154984 0.6085806194501846 1 0 0 0.6632375614682565 0.7484089370508884 1.4502728792424286
cell 53.47264662768015 12.832663404857268 0.0 1.0 1.0 1 0 0 0.0 1.0 0
cell 35.194281514419174 16.820873573533973 0.0 1.6431676725154984 0.6085806194501846 1 0 0 0.0784248564926123 0.9969200278277657 0.1570109425528236
cell 33.649427566377426 10.680531946263523 0.0 1.6431676725154984 0.6085806194501846 1 0 0 0.4143716547856663 0.9101077582957903 0.8545045737619102
cell 16.193865492372716 39.008836431321754 0.0 1.0 1.0 1 0 0 0.0 1.0 0
cell 35.96825097377931 19.59714741454675 0.0 1.0 1.0 1 0 0 0.0 1.0 0
cell 19.30069610244491 9.252937599120152 0.0 1.6431676725154984 0.6085806194501846 1 0 0 0.9868689956089968 0.16152270894734894 2.8171257966483245
cell 50.23064807253867 36.91448849283551 0.0 1.0 1.0 1 0 0 0.0 1.0 0
cell 52.23290970377052 45.28922356067548 0.0 1.0 1.0 1 0 0 0.0 1.0 0
cell 34.12907684175246 25.506959302514748 0.0 1.6431676725154984 0.6085806194501846 1 0 0 0.1333356979628966 0.9910709316939667 0.2674679506865742
cell 38.24138546852885 40.66511332679208 0.0 1.6431676725154984 0.6085806194501846 1 0 0 -0.018789369394700415 0.9998234642164333 6.245604356903323
cell 56.17890376114947 58.34558920884299 0.0 1.0 1.0 1 0 0 0.0 1.0 0
cell 44.50838240265585 16.830347231944536 0.0 1.0 1.0 1 0 0 0.0 1.0 0
cell 40.99718372631724 44.824484108077634 0.0 1.6431676725154984 0.6085806194501846 1 0 0 0.7537989522676647 0.6571051206315249 1.707648823914639
cell 45.937312215816576 42.59928861925935 0.0 1.0 1.0 1 0 0 0.0 1.0 0
cell 52.44209621296742 49.270803380447944 0.0 1.0 1.0 1 0 0 0.0 1.0 0
cell 46.94937982856793 36.679634720058466 0.0 1.0 1.0 1 0 0 0.0 1.0 0
cell 30.262448804657204 0.43948268163299253 0.0 1.6431676725154984 0.6085806194501846 1 0 0 0.9057255321896279 -0.42386467220070984 4.017008686529005
cell 23.02906068700092 29.766612162759785 0.0 1.0 1.0 1 0 0 0.0 1.0 0
cell 22.49320964210944 41.60725869354326 0.0 1.0 1.0 1 0 0 0.0 1.0 0
cell 24.774372894299262 15.869648900387576 0.0 1.6431676725154984 0.6085806194501846 1 0 0 0.8352693704460953 -0.5498409577273992 4.305940288731956
cell 11.712300563458268 13.846670504113133 0.0 1.0 1.0 1 0 0 0.0 1.0 0
cell 11.695387596746356 40.873997956736495 0.0 1.0 1.0 1 0 0 0.0 1.0 0
cell 29.80100875943617 18.908883950148407 0.0 1.0 1.0 1 0 0 0.0 1.0 0
cell 15.484061768438977 0.25388572453477 0.0 1.0 1.0 1 0 0 0.0 1.0 0
cell 30.83210035139183 58.936324945450735 0.0 1.6431676725154984 0.6085806194501846 1 0 0 0.23034962644825535 0.9731079331683352 0.46487391210124973
cell 15.47367707887817 37.1342618799764 0.0 1.0 1.0 1 0 0 0.0 1.0 0
cell 22.913926691832945 19.80836418065969 0.0 1.6431676725154984 0.6085806194501846 1 0 0 0.9662994959746167 -0.25742044223254995 3.6622961092487474
cell 40.363348993824495 29.49139102517541 0.0 1.6431676725154984 0.6085806194501846 1 0 0 -0.43708753117732907 -0.8994189736098007 0.9047158977243033
cell 1.0407978113796144 3.5753340135500897 0.0 1.0 1.0 1 0 0 0.0 1.0 0
cell 18.484842227397912 55.87334627532535 0.0 1.0 1.0 1 0 0 0.0 1.0 0
cell 45.2339501818411 44.94996231503855 0.0 1.0 1.0 1 0 0 0.0 1.0 0
cell 19.426659310117678 27.84501758037714 0.0 1.0 1.0 1 0 0 0.0 1.0 0
cell 53.8063913255293 35.29413148651251 0.0 1.0 1.0 1 0 0 0.0 1.0 0
cell 45.96756457666998 49.274900944116794 0.0 1.0 1.0 1 0 0 0.0 1.0 0
cell 54.643740298483884 1.3643158724814801 0.0 1.6431676725154984 0.6085806194501846 1 0 0 0.96835107088167 -0.24959207423779062 3.646110601842357
cell 43.55393562226719 55.665004470870954 0.0 1.6431676725154984 0.6085806194501846 1 0 0 0.8982681910364333 0.43944767262113665 2.231625252413257
cell 11.970287513629502 20.80321185562088 0.0 1.0 1.0 1 0 0 0.0 1.0 0
cell 24.007747430664168 36.930016561173645 0.0 1.6431676725154984 0.6085806194501846 1 0 0 0.9061134627559726 -0.4230347416139491 4.015176447503284
cell 38.86235885514858 43.60222513812775 0.0 1.6431676725154984 0.6085806194501846 1 0 0 0.6272306256640292 0.7788335780056678 1.3559846016226527
cell 57.923668437878035 53.67449838685769 0.0 1.0 1.0 1 0 0 0.0 1.0 0
cell 16.0438379429705 29.854980483612888 0.0 1.0 1.0 1 0 0 0.0 1.0 0
cell 47.71116646427354 26.143214796908946 0.0 1.0 1.0 1 0 0 0.0 1.0 0
cell 53.514409046076885 37.25189675957495 0.0 1.0 1.0 1 0 0 0.0 1.0 0
cell 27.10629039581886 30.444038784797478 0.0 1.6431676725154984 0.6085806194501846 1 0 0 0.9927533556837502 -0.12016977481319259 3.3825144430239655
cell 5.777912302438703 5.425591528122383 0.0 1.0 1.0 1 0 0 0.0 1.0 0
cell 8.451399872120867 59.430011483512494 0.0 1.0 1.0 1 0 0 0.0 1.0 0
cell 0.6590607032854605 36.118938381300595 0.0 1.0 1.0 1 0 0 0.0 1.0 0
cell 50.733122714744184 52.01881796333082 0.0 1.0 1.0 1 0 0 0.0 1.0 0
cell 41.220844934380985 16.185870008054252 0.0 1.0 1.0 1 0 0 0.0 1.0 0
cell 5.236505767686107 9.368521912410591 0.0 1.0 1.0 1 0 0 0.0 1.0 0
cell 4.349974659431241 4.170449588486887 0.0 1.0 1.0 1 0 0 0.0 1.0 0
cell 15.511146588707431 45.493359527639996 0.0 1.6431676725154984 0.6085806194501846 1 0 0 0.9964425935022079 -0.08427430127027859 3.3103414062634364
cell 45.327881887209166 32.029846806388385 0.0 1.0 1.0 1 0 0 0.0 1.0 0
cell 30.70654428631071 23.22710213840443 0.0 1.6431676725154984 0.6085806194501846 1 0 0 0.9957738074777887 0.09183966649105327 2.9576541276538126
cell 13.478866212299256 8.284231165460247 0.0 1.6431676725154984 0.6085806194501846 1 0 0 0.5484019400542339 -0.8362148719944846 5.122281359464682
cell 58.24095729323438 38.76536162946078 0.0 1.0 1.0 1 0 0 0.0 1.0 0
cell 11.590249859236712 6.153066880224003 0.0 1.6431676725154984 0.6085806194501846 1 0 0 0.33665243134949757 -0.9416289823845015 5.596466216329816
cell 52.27832239354065 47.27778521849144 0.0 1.0 1.0 1 0 0 0.0 1.0 0
cell 6.202029156827922 24.82916063692952 0.0 1.0 1.0 1 0 0 0.0 1.0 0
cell 43.85721975312418 6.346175570107064 0.0 1.0 1.0 1 0 0 0.0 1.0 0
cell 9.877076384432534 11.01676882566406 0.0 1.6431676725154984 0.6085806194501846 1 0 0 0.8290137796366313 0.5592281763042586 1.954683667562824
cell 36.54112589374326 15.221140875104652 0.0 1.6431676725154984 0.6085806194501846 1 0 0 0.3498985795278787 0.9367875874734746 0.7149256746973789
cell 5.628398091385146 51.17010064450875 0.0 1.0 1.0 1 0 0 0.0 1.0 0
cell 10.253754328295315 0.6501976143622942 0.0 1.0 1.0 1 0 0 0.0 1.0 0
cell 18.22374128023455 19.29731288421878 0.0 1.6431676725154984 0.6085806194501846 1 0 0 0.9665313479180829 -0.2565485402251468 3.6604917052037345
cell 45.82667239521369 29.128830716672873 0.0 1.0 1.0 1 0 0 0.0 1.0 0
cell 31.77399839341622 50.23030417929268 0.0 1.6431676725154984 0.6085806194501846 1 0 0 0.9816147730272989 -0.1908728303729069 3.52569514940369
cell 33.397430529135626 55.569919414915354 0.0 1.6431676725154984 0.6085806194501846 1 0 0 0.9303027085916067 -0.3667926803892359 3.892710771392804
cell 9.102882198555703 18.354812233418407 0.0 1.0 1.0 1 0 0 0.0 1.0 0
cell 59.33571488852062 16.430543714525648 0.0 1.0 1.0 1 0 0 0.0 1.0 0
cell 49.17549459036097 32.17797284541131 0.0 1.0 1.0 1 0 0 0.0 1.0 0
cell 3.376907043826189 40.62666993872602 0.0 1.0 1.0 1 0 0 0.0 1.0 0
cell 12.888801294593955 32.193623350869586 0.0 1.0 1.0 1 0 0 0.0 1.0 0
cell 16.845590278403844 44.239400648831584 0.0 1.0 1.0 1 0 0 0.0 1.0 0
cell 48.42514248817114 37.77048813165141 0.0 1.0 1.0 1 0 0 0.0 1.0 0
cell 32.859779030883054 36.045621501659724 0.0 1.6431676725154984 0.6085806194501846 1 0 0 0.9497698824593712 0.31294914982008193 2.5049995117054076
cell 8.099131990024683 33.730819077849695 0.0 1.0 1.0 1 0 0 0.0 1.0 0
cell 23.394440820373088 37.67839523151026 0.0 1.6431676725154984 0.6085806194501846 1 0 0 0.8782811793314176 -0.4781445074788733 4.138674361314675
cell 11.23795716301397 28.19499571710491 0.0 1.0 1.0 1 0 0 0.0 1.0 0
cell 10.846537294928881 51.289358748231365 0.0 1.0 1.0 1 0 0 0.0 1.0 0
cell 2.5415422848736844 16.927046894839645 0.0 1.0 1.0 1 0 0 0.0 1.0 0
cell 2.9059321949342705 2.8693942506646133 0.0 1.0 1.0 1 0 0 0.0 1.0 0
cell 44.157417985824296 9.68356362427307 0.0 1.0 1.0 1 0 0 0.0 1.0 0
cell 19.97570339095186 12.29613479400371 0.0 1.0 1.0 1 0 0 0.0 1.0 0
cell 42.23755981317225 22.613842991076826 0.0 1.0 1.0 1 0 0 0.0 1.0 0
cell 50.89448639774989 27.67059423579486 0.0 1.0 1.0 1 0 0 0.0 1.0 0
cell 38.167308847389336 26.406486296036356 0.0 1.0 1.0 1 0 0 0.0 1.0 0
cell 1.491838069936423 41.33083735373258 0.0 1.0 1.0 1 0 0 0.0 1.0 0
cell 14.518904287110214 15.565912892900426 0.0 1.6431676725154984 0.6085806194501846 1 0 0 0.8396414985909958 -0.5431410073303864 4.289939641091847
cell 7.641365767638185 4.7786729742013625 0.0 1.0 1.0 1 0 0 0.0 1.0 0
cell 31.708955256147956 53.577784355583205 0.0 1.6431676725154984 0.6085806194501846 1 0 0 0.9904789127030893 -0.1376645324348504 3.4177988706348565
cell 26.650351903673897 43.07003897685395 0.0 1.0 1.0 1 0 0 0.0 1.0 0
cell 28.84632655719339 12.5562512010373 0.0 1.6431676725154984 0.6085806194501846 1 0 0 0.08112607726227483 0.9967038474833111 0.16243065918065358
cell 4.309674452436572 13.47024390093405 0.0 1.0 1.0 1 0 0 0.0 1.0 0
cell 46.733833006648695 1.3063778557482562 0.0 1.0 1.0 1 0 0 0.0 1.0 0
cell 18.082092279715926 39.27502953081845 0.0 1.0 1.0 1 0 0 0.0 1.0 0
cell 19.524117347976848 29.987905096900246 0.0 1.0 1.0 1 0 0 0.0 1.0 0
cell 35.95444053490529 53.50262656225129 0.0 1.6431676725154984 0.6085806194501846 1 0 0 0.9984109342008799 0.056352519625356395 3.028827877792814
cell 48.862235841238956 19.646428003615807 0.0 1.0 1.0 1 0 0 0.0 1.0 0
cell 22.115649283520387 24.317483995928708 0.0 1.6431676725154984 0.6085806194501846 1 0 0 0.795863670740527 -0.6054758604563968 4.442319950746895
cell 24.23431421244271 41.360451496978165 0.0 1.0 1.0 1 0 0 0.0 1.0 0
cell 41.023637151244614 12.675039471165947 0.0 1.0 1.0 1 0 0 0.0 1.0 0
cell 2.660403619601146 44.57868473582754 0.0 1.0 1.0 1 0 0 0.0 1.0 0
cell 26.43560959992619 19.0755244626508 0.0 1.6431676725154984 0.6085806194501846 1 0 0 0.9930730244811266 -0.11749880019773712 3.377134369455662
cell 43.038814643273795 48.06922092271775 0.0 1.0 1.0 1 0 0 0.0 1.0 0
cell 11.655467673791636 57.23039520729706 0.0 1.0 1.0 1 0 0 0.0 1.0 0
cell 58.73870043880609 25.87978690076276 0.0 1.0 1.0 1 0 0 0.0 1.0 0
cell 26.41724092607887 51.75960884373463 0.0 1.0 1.0 1 0 0 0.0 1.0 0
cell 25.525590896734656 36.962138736330665 0.0 1.6431676725154984 0.6085806194501846 1 0 0 0.9500944876217203 -0.31196228071807147 3.776108028179223
cell 20.978073367092325 28.69469509672631 0.0 1.6431676725154984 0.6085806194501846 1 0 0 0.7136820820313675 -0.700469760794406 4.6937036646767085
cell 22.610558642186067 54.600267458390405 0.0 1.6431676725154984 0.6085806194501846 1 0 0 0.41121257529350597 0.9115394768853857 0.8475678271420959
cell 42.74421440227168 13.46827290841891 0.0 1.0 1.0 1 0 0 0.0 1.0 0
cell 48.093443122623995 21.413857449599 0.0 1.0 1.0 1 0 0 0.0 1.0 0
cell 23.74981454997785 50.11171022325992 0.0 1.0 1.0 1 0 0 0.0 1.0 0
cell 11.24433378593993 31.469363064633956 0.0 1.0 1.0 1 0 0 0.0 1.0 0
cell 41.97607415169201 11.660383871325545 0.0 1.6431676725154984 0.6085806194501846 1 0 0 0.30222107190457315 0.9532378631259099 0.6140436503352391
cell 25.186626943849472 39.81878223473216 0.0 1.6431676725154984 0.6085806194501846 1 0 0 0.8152364649903114 -0.5791282294536338 4.376910527884841
cell 20.162181146922265 44.41059957676854 0.0 1.0 1.0 1 0 0 0.0 1.0 0
cell 53.69647523640257 11.167485453932834 0.0 1.0 1.0 1 0 0 0.0 1.0 0
cell 6.369169305178707 16.590383984817734 0.0 1.0 1.0 1 0 0 0.0 1.0 0
cell 0.5433319656200885 5.372532867601262 0.0 1.0 1.0 1 0 0 0.0 1.0 0
cell 55.00379854415283 27.316155619840963 0.0 1.0 1.0 1 0 0 0.0 1.0 0
cell 58.3662187130385 27.807366237919837 0.0 1.0 1.0 1 0 0 0.0 1.0 0
cell 18.941063493057836 41.00447976818835 0.0 1.0 1.0 1 0 0 0.0 1.0 0
cell 19.068961169508448 37.81422346685135 0.0 1.0 1.0 1 0 0 0.0 1.0 0
cell 10.026516794689389 13.136984149384734 0.0 1.0 1.0 1 0 0 0.0 1.0 0
cell 48.73600858511939 35.815086331782226 0.0 1.0 1.0 1 0 0 0.0 1.0 0
cell 27.020585218389535 22.55463576754563 0.0 1.6431676725154984 0.6085806194501846 1 0 0 0.9593260715227455 -0.2823003515703375 3.7139749515597282
cell 7.619985037111833 35.33463195804934 0.0 1.0 1.0 1 0 0 0.0 1.0 0
cell 31.652300042114632 47.398464082700514 0.0 1.0 1.0 1 0 0 0.0 1.0 0
cell 6.93990813210613 30.03719261588415 0.0 1.0 1.0 1 0 0 0.0 1.0 0
cell 32.06989540333448 5.54904357122767 0.0 1.6431676725154984 0.6085806194501846 1 0 0 0.9999952018786009 0.003097776585892142 3.1353970905089845
cell 6.777716373687784 41.01501723047513 0.0 1.0 1.0 1 0 0 0.0 1.0 0
cell 33.11078520800251 46.09597855367573 0.0 1.0 1.0 1 0 0 0.0 1.0 0
cell 27.34631833996789 54.48833399586504 0.0 1.6431676725154984 0.6085806194501846 1 0 0 0.9963178205636676 0.08573680905692437 2.9699082594537005
cell 2.5588208047727075 11.087733496515515 0.0 1.0 1.0 1 0 0 0.0 1.0 0
cell 52.513346443808004 43.24148536544781 0.0 1.0 1.0 1 0 0 0.0 1.0 0
cell 57.35295853260951 9.521234253481223 0.0 1.0 1.0 1 0 0 0.0 1.0 0
cell 8.994822186998743 15.071471135751311 0.0 1.6431676725154984 0.6085806194501846 1 0 0 0.666559613786076 0.7454517296709139 1.459168077879508
cell 34.87016969458716 26.89763232996025 0.0 1.6431676725154984 0.6085806194501846 1 0 0 0.9967455912668255 -0.08061157665091534 3.3029909302280376
cell 19.541242844044604 21.527670774114668 0.0 1.6431676725154984 0.6085806194501846 1 0 0 0.8643686644823609 -0.5028586400381122 4.195398265897969
cell 39.29146698316475 15.306085560556188 0.0 1.6431676725154984 0.6085806194501846 1 0 0 0.5583630580900698 0.8295967064545914 1.1848226176047523
cell 57.10319318515516 35.621819012610445 0.0 1.0 1.0 1 0 0 0.0 1.0 0
cell 43.27419953543582 15.372301969242773 0.0 1.0 1.0 1 0 0 0.0 1.0 0
cell 16.691117897614532 35.55099549963476 0.0 1.0 1.0 1 0 0 0.0 1.0 0
cell 47.2546604773118 32.756816944177935 0.0 1.0 1.0 1 0 0 0.0 1.0 0
cell 17.45609987545929 28.431512736868022 0.0 1.0 1.0 1 0 0 0.0 1.0 0
cell 40.27257223900395 57.43054218534115 0.0 1.6431676725154984 0.6085806194501846 1 0 0 0.920823230858606 0.38998022707711544 2.340372414568359
cell 9.619986751746314 27.081158448014204 0.0 1.0 1.0 1 0 0 0.0 1.0 0
cell 25.693165579387088 53.524224536114296 0.0 1.0 1.0 1 0 0 0.0 1.0 0
cell 36.60668002775517 39.47884140141205 0.0 1.6431676725154984 0.6085806194501846 1 0 0 0.8599289111514755 0.5104138201164206 2.070260758494967
cell 54.95850115709968 38.408471736530906 0.0 1.0 1.0 1 0 0 0.0 1.0 0
cell 23.255125339964348 23.483697041663653 0.0 1.6431676725154984 0.6085806194501846 1 0 0 0.9490779597206244 -0.3150413089938157 3.7825930118517146
cell 56.093475747226705 50.953026720874995 0.0 1.0 1.0 1 0 0 0.0 1.0 0
cell 2.66889001183602 53.17963193118091 0.0 1.0 1.0 1 0 0 0.0 1.0 0
cell 56.87590863091516 13.479904017259484 0.0 1.0 1.0 1 0 0 0.0 1.0 0
cell 48.375591629740505 16.35737240435571 0.0 1.0 1.0 1 0 0 0.0 1.0 0
cell 18.51466444099309 51.91120003637958 0.0 1.0 1.0 1 0 0 0.0 1.0 0
cell 46.11080559292573 13.155022548087882 0.0 1.0 1.0 1 0 0 0.0 1.0 0
cell 20.035515340551445 52.96574891545942 0.0 1.0 1.0 1 0 0 0.0 1.0 0
cell 39.98844611695034 50.75279422790274 0.0 1.6431676725154984 0.6085806194501846 1 0 0 0.9621138837872402 0.27264789495580727 2.5893044010097808
cell 52.1211218123445 8.466217187882988 0.0 1.0 1.0 1 0 0 0.0 1.0 0
cell 34.56313045853896 12.805874208981491 0.0 1.6431676725154984 0.6085806194501846 1 0 0 0.35964745438091755 0.9330882640765159 0.73578007851179
cell 51.16146440350431 14.371217432140382 0.0 1.0 1.0 1 0 0 0.0 1.0 0
cell 7.811169474468051 46.95910970154984 0.0 1.0 1.0 1 0 0 0.0 1.0 0
cell 32.38610523950316 14.25425827080868 0.0 1.6431676725154984 0.6085806194501846 1 0 0 0.10737321644828926 0.9942187849711697 0.21516122402235388
cell 37.64024588872112 54.93767523855692 0.0 1.6431676725154984 0.6085806194501846 1 0 0 0.9661222117342462 -0.25808500923867767 3.663671724058449
cell 48.83249854716547 49.29281111720752 0.0 1.0 1.0 1 0 0 0.0 1.0 0
cell 4.9454166433816695 41.82234232014988 0.0 1.0 1.0 1 0 0 0.0 1.0 0
cell 16.532053651680894 53.06424550886105 0.0 1.0 1.0 1 0 0 0.0 1.0 0
cell 10.597730124424531 19.59359783951777 0.0 1.0 1.0 1 0 0 0.0 1.0 0
cell 20.94724524341902 24.14481647174804 0.0 1.6431676725154984 0.6085806194501846 1 0 0 0.7579287915807182 -0.6523372953411387 4.562920959070694
cell 46.12860811087065 9.738298841207929 0.0 1.0 1.0 1 0 0 0.0 1.0 0
cell 40.894125404304425 48.229865591153164 0.0 1.6431676725154984 0.6085806194501846 1 0 0 0.7100863724572294 0.7041145813363994 1.579241739888324
cell 8.478326195403302 42.05166159987006 0.0 1.0 1.0 1 0 0 0.0 1.0 0
cell 45.744559505130624 59.297972536424496 0.0 1.0 1.0 1 0 0 0.0 1.0 0
cell 31.17871852885564 55.836490388842584 0.0 1.6431676725154984 0.6085806194501846 1 0 0 0.9870631975039138 -0.16033166915288363 3.463645973421772
cell 39.03312291634702 17.164766837018348 0.0 1.6431676725154984 0.6085806194501846 1 0 0 0.4288157810374754 0.9033919558714367 0.8863630200940493
cell 50.502383646837096 34.99340488930111 0.0 1.0 1.0 1 0 0 0.0 1.0 0
cell 53.99599359591656 46.30180259916924 0.0 1.0 1.0 1 0 0 0.0 1.0 0
cell 30.530721816213674 7.520619201613867 0.0 1.6431676725154984 0.6085806194501846 1 0 0 -0.1956764295178245 -0.9806685142958124 0.39389433286566167
cell 10.154701033242123 21.50312234319862 0.0 1.0 1.0 1 0 0 0.0 1.0 0
cell 48.84429784016895 53.11235949613722 0.0 1.0 1.0 1 0 0 0.0 1.0 0
cell 13.149840483071726 53.267652522198084 0.0 1.0 1.0 1 0 0 0.0 1.0 0
cell 58.92697885981239 34.91235220554092 0.0 1.0 1.0 1 0 0 0.0 1.0 0
cell 30.645144437475533 45.197543199112694 0.0 1.0 1.0 1 0 0 0.0 1.0 0
cell 5.173373940823115 39.85507883643438 0.0 1.0 1.0 1 0 0 0.0 1.0 0
cell 23.81251837355806 56.873670894089095 0.0 1.6431676725154984 0.6085806194501846 1 0 0 0.6169935392212343 -0.7869682157236435 4.9533520118798124
cell 43.83469207152727 18.69726040121752 0.0 1.0 1.0 1 0 0 0.0 1.0 0
cell 3.911102187579401 6.114023558315321 0.0 1.0 1.0 1 0 0 0.0 1.0 0
cell 0.7583057372965714 24.92754625759916 0.0 1.0 1.0 1 0 0 0.0 1.0 0
cell 8.743712375522946 20.278916074719717 0.0 1.0 1.0 1 0 0 0.0 1.0 0
cell 1.6476443962450917 51.68379237782582 0.0 1.0 1.0 1 0 0 0.0 1.0 0
cell 0.44271427796501267 27.000676189014285 0.0 1.0 1.0 1 0 0 0.0 1.0 0
cell 36.347188008715996 55.490366200218546 0.0 1.6431676725154984 0.6085806194501846 1 0 0 0.9178752594883713 -0.3968690061206026 3.9577990294860452
cell 49.88005856715043 38.87030260730437 0.0 1.0 1.0 1 0 0 0.0 1.0 0
cell 21.70471593847186 11.389688273966406 0.0 1.0 1.0 1 0 0 0.0 1.0 0
cell 19.7276012548676 42.66835777970774 0.0 1.0 1.0 1 0 0 0.0 1.0 0
cell 41.708366851796654 24.65917415168928 0.0 1.6431676725154984 0.6085806194501846 1 0 0 0.5407538335515094 0.8411808910688274 1.1426660251623808
cell 58.02993527968336 29.768716536324806 0.0 1.0 1.0 1 0 0 0.0 1.0 0
cell 24.52393795032477 44.24417661255988 0.0 1.6431676725154984 0.6085806194501846 1 0 0 0.8848549249957638 -0.4658666780429153 4.110820287083839
cell 13.435586512484573 1.1404591050066164 0.0 1.6431676725154984 0.6085806194501846 1 0 0 0.052042685155932564 -0.9986448612603784 6.179052894661401
cell 54.971734494462865 14.07793532471048 0.0 1.0 1.0 1 0 0 0.0 1.0 0
cell 5.864673897245449 12.585698493441258 0.0 1.6431676725154984 0.6085806194501846 1 0 0 0.6908916583659135 0.7229583088950551 1.525443347891183
cell 9.972513305004181 23.396725259372182 0.0 1.0 1.0 1 0 0 0.0 1.0 0
cell 8.842103430098685 38.339344678363084 0.0 1.0 1.0 1 0 0 0.0 1.0 0
cell 46.65014850452174 38.66985229679838 0.0 1.0 1.0 1 0 0 0.0 1.0 0
cell 25.19775469805843 42.47018736745162 0.0 1.0 1.0 1 0 0 0.0 1.0 0
cell 11.50407916170814 47.83484855037976 0.0 1.0 1.0 1 0 0 0.0 1.0 0
cell 4.766607904663541 57.842516555820616 0.0 1.0 1.0 1 0 0 0.0 1.0 0
cell 58.35214655696486 14.786562664512273 0.0 1.0 1.0 1 0 0 0.0 1.0 0
cell 20.75602246961329 38.09614611355356 0.0 1.0 1.0 1 0 0 0.0 1.0 0
cell 31.127403178782487 21.332783282270988 0.0 1.0 1.0 1 0 0 0.0 1.0 0
cell 49.52164779637881 40.819274127529525 0.0 1.0 1.0 1 0 0 0.0 1.0 0
cell 6.175766476642885 1.717536786752187 0.0 1.6431676725154984 0.6085806194501846 1 0 0 0.9734583907906826 -0.2288640675143537 3.603413890573412
cell 13.402865364818776 2.8154923639049168 0.0 1.0 1.0 1 0 0 0.0 1.0 0
cell 4.443292677813741 54.06025774351956 0.0 1.0 1.0 1 0 0 0.0 1.0 0
cell 55.53289330610196 17.23057030528238 0.0 1.0 1.0 1 0 0 0.0 1.0 0
cell 24.311966631580624 34.27452980697855 0.0 1.0 1.0 1 0 0 0.0 1.0 0
cell 15.711802111802879 15.58632137800662 0.0 1.6431676725154984 0.6085806194501846 1 0 0 0.8145227042980198 -0.5801316783136744 4.379373342642139
cell 49.69853200066215 1.5399190851345743 0.0 1.0 1.0 1 0 0 0.0 1.0 0
cell 6.84438515602117 21.019048380921994 0.0 1.0 1.0 1 0 0 0.0 1.0 0
cell 24.945920808089397 54.98161571679028 0.0 1.6431676725154984 0.6085806194501846 1 0 0 0.35518362610742577 0.9347965509912733 0.7262209884869232
cell 38.56156501526297 10.419294462598987 0.0 1.0 1.0 1 0 0 0.0 1.0 0
cell 36.61894112409407 34.50667184398849 0.0 1.6431676725154984 0.6085806194501846 1 0 0 0.997245127932588 -0.07417651120615112 3.29008205749855
cell 40.8568864969866 4.832738553697139 0.0 1.0 1.0 1 0 0 0.0 1.0 0
cell 32.27781855488624 4.179111883261938 0.0 1.6431676725154984 0.6085806194501846 1 0 0 0.9999792994742975 0.006434331580907651 3.128723901631212
cell 48.48152255389064 59.23126595124278 0.0 1.6431676725154984 0.6085806194501846 1 0 0 0.9550796563215771 -0.2963492029357564 3.743328393154933
cell 43.65820426198922 45.396968534267664 0.0 1.0 1.0 1 0 0 0.0 1.0 0
cell 10.01207413302099 44.153755509894594 0.0 1.0 1.0 1 0 0 0.0 1.0 0
cell 33.844285339760845 22.514631720677922 0.0 1.0 1.0 1 0 0 0.0 1.0 0
cell 52.81896678863053 41.23283112251206 0.0 1.0 1.0 1 0 0 0.0 1.0 0
cell 51.344853000684374 40.0125887951033 0.0 1.0 1.0 1 0 0 0.0 1.0 0
cell 18.992283187286997 48.70483549675005 0.0 1.0 1.0 1 0 0 0.0 1.0 0
cell 31.93188462749482 11.721998209968476 0.0 1.6431676725154984 0.6085806194501846 1 0 0 0.25908841464690435 0.9658536086777094 0.5241565401914235
cell 47.15798479594156 34.723466166467496 0.0 1.0 1.0 1 0 0 0.0 1.0 0
cell 2.1595035278502115 37.397193298342366 0.0 1.0 1.0 1 0 0 0.0 1.0 0
cell 57.88838247496906 51.85259467112653 0.0 1.0 1.0 1 0 0 0.0 1.0 0
cell 50.75480419397109 33.034469118456244 0.0 1.0 1.0 1 0 0 0.0 1.0 0
cell 31.946579268662052 32.85615679790754 0.0 1.6431676725154984 0.6085806194501846 1 0 0 0.8501478066701741 -0.5265441166833907 4.250653424921918
cell 57.89570718794249 40.7212069307025 0.0 1.0 1.0 1 0 0 0.0 1.0 0
cell 2.8400905607232634 33.43189838505517 0.0 1.0 1.0 1 0 0 0.0 1.0 0
cell 45.90713500598888 53.67518397296509 0.0 1.6431676725154984 0.6085806194501846 1 0 0 0.920941862688148 0.38969999428853513 2.3409810324369453
cell 51.250246251939025 22.780181413815995 0.0 1.0 1.0 1 0 0 0.0 1.0 0
cell 40.284206010445935 9.650719644575746 0.0 1.0 1.0 1 0 0 0.0 1.0 0
cell 19.8777113440844 47.070807924612254 0.0 1.0 1.0 1 0 0 0.0 1.0 0
cell 4.616860253238094 47.5001672514339 0.0 1.0 1.0 1 0 0 0.0 1.0 0
cell 25.340256408379037 23.841166553053984 0.0 1.6431676725154984 0.6085806194501846 1 0 0 0.9330214097905367 -0.3598208566390772 3.8777444192753627
cell 56.067419007627045 41.484870126367106 0.0 1.0 1.0 1 0 0 0.0 1.0 0
cell 21.90611159696457 50.291026953016186 0.0 1.0 1.0 1 0 0 0.0 1.0 0
cell 54.06846332093703 20.771239417305416 0.0 1.0 1.0 1 0 0 0.0 1.0 0
cell 2.449552523581019 4.811270379425075 0.0 1.0 1.0 1 0 0 0.0 1.0 0
cell 39.863716626046596 42.78370392200537 0.0 1.6431676725154984 0.6085806194501846 1 0 0 -0.5915874344428076 -0.8062408495042761 1.2660527101937493
cell 9.396996352569055 52.563320723071115 0.0 1.0 1.0 1 0 0 0.0 1.0 0
cell 52.69589612103695 2.7079903475160254 0.0 1.6431676725154984 0.6085806194501846 1 0 0 0.8807946330249256 -0.47349848408890044 4.128109694222675
cell 42.255613969410255 46.77092750703214 0.0 1.0 1.0 1 0 0 0.0 1.0 0
cell 35.280710956771586 11.306178458037731 0.0 1.6431676725154984 0.6085806194501846 1 0 0 0.600725254367618 0.7994555452087131 1.2888159705729145
cell 31.735037199282935 29.925851148466027 0.0 1.6431676725154984 0.6085806194501846 1 0 0 0.9996973369120632 0.02460151562259726 3.092384657763098
cell 15.912882918966238 1.6346691393781057 0.0 1.6431676725154984 0.6085806194501846 1 0 0 -0.10198812093328675 0.9947856166976367 6.078853787410505
cell 52.037864346984165 36.07358934742417 0.0 1.0 1.0 1 0 0 0.0 1.0 0
cell 3.1995737244998645 31.454824756834267 0.0 1.0 1.0 1 0 0 0.0 1.0 0
cell 3.092084393458477 22.351031403742418 0.0 1.0 1.0 1 0 0 0.0 1.0 0
cell 32.95860574074333 20.790019358267493 0.0 1.0 1.0 1 0 0 0.0 1.0 0
cell 22.360406361124838 3.09890088887549 0.0 1.6431676725154984 0.6085806194501846 1 0 0 0.7759206406221103 0.6308305314873194 1.776346396724258
cell 46.247313963467704 46.571755893445 0.0 1.0 1.0 1 0 0 0.0 1.0 0
cell 4.14146613542741 52.17923956002721 0.0 1.0 1.0 1 0 0 0.0 1.0 0
cell 37.76935204403428 17.174663058439684 0.0 1.6431676725154984 0.6085806194501846 1 0 0 -0.3096137660430751 -0.9508624063851846 0.6295736244896784
cell 41.98029595187412 19.01727397721324 0.0 1.0 1.0 1 0 0 0.0 1.0 0
cell 14.157407826411252 10.075270085414001 0.0 1.0 1.0 1 0 0 0.0 1.0 0
cell 59.40886798190558 21.629524571397837 0.0 1.0 1.0 1 0 0 0.0 1.0 0
cell 43.88390489339149 37.01406776611921 0.0 1.6431676725154984 0.6085806194501846 1 0 0 0.7377006505329305 0.6751279509865453 1.6593163853613258
cell 14.451304002012348 33.24127784494308 0.0 1.0 1.0 1 0 0 0.0 1.0 0
cell 37.08063457154138 49.419635316432725 0.0 1.6431676725154984 0.6085806194501846 1 0 0 0.7439016546340396 0.6682891052776023 1.6777796318511222
cell 25.397692736101458 13.679811477016194 0.0 1.6431676725154984 0.6085806194501846 1 0 0 0.8320979748420858 -0.5546286688079688 4.317425935097429
cell 38.67649185413716 1.3918907213951757 0.0 1.6431676725154984 0.6085806194501846 1 0 0 0.11376497740991053 -0.993507689912324 6.055161671730138
cell 17.85358188726161 22.329210026782334 0.0 1.6431676725154984 0.6085806194501846 1 0 0 -0.8526205065342871 0.5225306420079263 4.241225325486512
cell 56.8947073351529 26.65417778604866 0.0 1.0 1.0 1 0 0 0.0 1.0 0
cell 34.552493494772015 54.90468848239695 0.0 1.6431676725154984 0.6085806194501846 1 0 0 0.8936087204242457 -0.4488468054712458 4.072541510775379
cell 22.077970391408464 31.19444791670369 0.0 1.6431676725154984 0.6085806194501846 1 0 0 0.6243294149418562 0.7811611751990492 1.3485455833274467
cell 39.388279345960164 21.882748289168678 0.0 1.6431676725154984 0.6085806194501846 1 0 0 0.5982875970870364 0.8012814431720106 1.2827246378581725
cell 16.41992718674348 24.503175479634336 0.0 1.6431676725154984 0.6085806194501846 1 0 0 0.5803147952757377 -0.8143922509356769 5.044954952021092
cell 0.7989799410991396 17.81621078818953 0.0 1.0 1.0 1 0 0 0.0 1.0 0
cell 33.61355654986416 43.96978459866099 0.0 1.6431676725154984 0.6085806194501846 1 0 0 0.33394884103095446 -0.9425912006665892 5.602205648456618
cell 33.54015794550469 40.674501580410194 0.0 1.6431676725154984 0.6085806194501846 1 0 0 0.47540502712501365 0.8797670488170519 0.9908487088964892
cell 59.39248251344495 54.85460782653721 0.0 1.0 1.0 1 0 0 0.0 1.0 0
cell 52.83015262053159 19.266209011700763 0.0 1.0 1.0 1 0 0 0.0 1.0 0
cell 46.277831300665696 40.63069487057201 0.0 1.0 1.0 1 0 0 0.0 1.0 0
cell 23.077415989661926 33.14455176425426 0.0 1.0 1.0 1 0 0 0.0 1.0 0
cell 39.785989693046176 3.0025801301280057 0.0 1.0 1.0 1 0 0 0.0 1.0 0
cell 46.47131384696383 24.807852396319642 0.0 1.0 1.0 1 0 0 0.0 1.0 0
cell 35.0639343806409 40.59279318720096 0.0 1.6431676725154984 0.6085806194501846 1 0 0 0.6924704496359574 0.7214462394253469 1.52981550427392
cell 40.52989068165345 35.669727524430925 0.0 1.6431676725154984 0.6085806194501846 1 0 0 0.5653537069729031 0.8248485836879378 1.2017240100455011
cell 36.73426197394044 14.0635003231798 0.0 1.6431676725154984 0.6085806194501846 1 0 0 0.471964244594928 0.8816176902852727 0.9830349063193241
cell 25.247158933822433 46.29908059059714 0.0 1.6431676725154984 0.6085806194501846 1 0 0 0.9085164132683572 -0.4178491675497266 4.003745885232913
cell 13.833295435611777 37.54805429587261 0.0 1.0 1.0 1 0 0 0.0 1.0 0
cell 38.15237415222309 7.5852111603988215 0.0 1.0 1.0 1 0 0 0.0 1.0 0
cell 17.015958852631947 48.51102361647369 0.0 1.0 1.0 1 0 0 0.0 1.0 0
cell 20.834559879868575 41.454613746610676 0.0 1.0 1.0 1 0 0 0.0 1.0 0
cell 18.015596845017992 46.99510253639113 0.0 1.0 1.0 1 0 0 0.0 1.0 0
cell 7.29495302022334 6.633089757545903 0.0 1.0 1.0 1 0 0 0.0 1.0 0
cell 33.112542197332715 51.722632480670576 0.0 1.6431676725154984 0.6085806194501846 1 0 0 0.9959759417370264 -0.08962099910759448 3.321075466218084
cell 56.74846064034449 37.581257026920625 0.0 1.0 1.0 1 0 0 0.0 1.0 0
cell 7.3760690871239 13.682848419803257 0.0 1.0 1.0 1 0 0 0.0 1.0 0
cell 13.197084054884193 27.91595568407487 0.0 1.0 1.0 1 0 0 0.0 1.0 0
cell 53.832044839817975 9.378390152079202 0.0 1.0 1.0 1 0 0 0.0 1.0 0
cell 20.14873962469378 54.742283055588025 0.0 1.0 1.0 1 0 0 0.0 1.0 0
cell 37.20682875807285 41.83200296744649 0.0 1.6431676725154984 0.6085806194501846 1 0 0 -0.030344879822334275 0.9995394880986784 6.222486229699637
cell 26.613790265925182 13.259240251358463 0.0 1.6431676725154984 0.6085806194501846 1 0 0 0.4712976109740811 0.8819742410581636 0.9815229157567704
cell 4.327926305186804 45.54718031260149 0.0 1.0 1.0 1 0 0 0.0 1.0 0
cell 8.482173245246493 1.6285320980745108 0.0 1.0 1.0 1 0 0 0.0 1.0 0
cell 35.447162291878215 18.054196893071488 0.0 1.0 1.0 1 0 0 0.0 1.0 0
cell 7.285866903934686 37.15851520496508 0.0 1.0 1.0 1 0 0 0.0 1.0 0
cell 16.822383316774285 4.28008890857908 0.0 1.0 1.0 1 0 0 0.0 1.0 0
cell 40.091935495271535 14.16008041950633 0.0 1.0 1.0 1 0 0 0.0 1.0 0
cell 15.502837133267516 5.788990711126464 0.0 1.0 1.0 1 0 0 0.0 1.0 0
cell 13.268599302557396 6.367366656304357 0.0 1.0 1.0 1 0 0 0.0 1.0 0
cell 6.995621339913117 39.043177139449135 0.0 1.0 1.0 1 0 0 0.0 1.0 0
cell 11.347657526906152 17.936857490464693 0.0 1.0 1.0 1 0 0 0.0 1.0 0
cell 49.16340164448132 14.647536104000169 0.0 1.0 1.0 1 0 0 0.0 1.0 0
cell 45.54662932245843 33.77317071981132 0.0 1.0 1.0 1 0 0 0.0 1.0 0
cell 54.58928187369892 29.27979341818789 0.0 1.0 1.0 1 0 0 0.0 1.0 0
cell 24.602478432658568 21.864675148529045 0.0 1.6431676725154984 0.6085806194501846 1 0 0 0.9379468934712465 -0.346778928177071 3.8498621356305174
cell 15.948275533941393 49.933015078608854 0.0 1.0 1.0 1 0 0 0.0 1.0 0
cell 5.308214490479006 19.763375691099828 0.0 1.0 1.0 1 0 0 0.0 1.0 0
cell 27.010052452570758 2.192848018226131 0.0 1.6431676725154984 0.6085806194501846 1 0 0 0.7784407901727679 -0.6277180387683604 4.498829219794603
cell 16.14865454633139 46.933067075060784 0.0 1.0 1.0 1 0 0 0.0 1.0 0
cell 21.66504733650112 36.58649444739445 0.0 1.0 1.0 1 0 0 0.0 1.0 0
cell 3.4605788270611875 20.38281348379768 0.0 1.0 1.0 1 0 0 0.0 1.0 0
cell 41.55777991546022 57.80302685415633 0.0 1.6431676725154984 0.6085806194501846 1 0 0 0.8350059245721221 0.5502409526102683 1.976287104799705
cell 56.33378612033521 15.411880085945286 0.0 1.0 1.0 1 0 0 0.0 1.0 0
cell 45.2286864790444 11.377663013206176 0.0 1.0 1.0 1 0 0 0.0 1.0 0
cell 40.5752281047154 51.7790329274382 0.0 1.6431676725154984 0.6085806194501846 1 0 0 0.9410564499462704 0.3382495499103034 2.45148028598702
cell 55.18706708246753 22.2448258778873 0.0 1.0 1.0 1 0 0 0.0 1.0 0
cell 32.884381324823636 17.464741563332296 0.0 1.0 1.0 1 0 0 0.0 1.0 0
cell 18.34422992375094 45.57676075028976 0.0 1.6431676725154984 0.6085806194501846 1 0 0 0.9976572258298627 -0.06841096220243081 3.2785215258467018
cell 2.6631381781949672 24.27127520801928 0.0 1.0 1.0 1 0 0 0.0 1.0 0
cell 23.400543641053144 46.63664285888353 0.0 1.0 1.0 1 0 0 0.0 1.0 0
cell 11.987692434579415 37.33756753074324 0.0 1.0 1.0 1 0 0 0.0 1.0 0
cell 40.745553555248065 39.68627179476863 0.0 1.6431676725154984 0.6085806194501846 1 0 0 -0.5197720738262741 -0.8543049755622019 1.0931682636750626
cell 11.10908644024867 5.116465577732147 0.0 1.6431676725154984 0.6085806194501846 1 0 0 0.9679810976115629 0.25102309588305605 2.6341185567837524
cell 6.0405116766873554 46.34852023957721 0.0 1.0 1.0 1 0 0 0.0 1.0 0
cell 53.97797385066097 5.52678047502605 0.0 1.0 1.0 1 0 0 0.0 1.0 0
cell 25.019561544219357 31.587008319947397 0.0 1.6431676725154984 0.6085806194501846 1 0 0 0.9419277692140543 -0.33581554100939887 3.8265344891817823
cell 20.477918724529378 7.655391098881986 0.0 1.6431676725154984 0.6085806194501846 1 0 0 0.9689750160220443 0.24715869057162262 2.642098913503171
cell 3.1139706611780054 0.9589728739169363 0.0 1.0 1.0 1 0 0 0.0 1.0 0
cell 24.679777429238193 48.11851242536808 0.0 1.0 1.0 1 0 0 0.0 1.0 0
cell 58.98913564504072 23.594439429074416 0.0 1.0 1.0 1 0 0 0.0 1.0 0
cell 51.689777671859794 38.0642025190316 0.0 1.0 1.0 1 0 0 0.0 1.0 0
cell 14.26940799324841 22.641047959775037 0.0 1.6431676725154984 0.6085806194501846 1 0 0 0.9638057232359417 -0.26660556606650826 3.681331453861878
cell 52.488306829130494 32.10758120621959 0.0 1.0 1.0 1 0 0 0.0 1.0 0
cell 5.07126987726655 31.00008995737331 0.0 1.0 1.0 1 0 0 0.0 1.0 0
cell 57.14405690756558 11.49331750669514 0.0 1.0 1.0 1 0 0 0.0 1.0 0
cell 50.311789882461994 9.347539117246397 0.0 1.0 1.0 1 0 0 0.0 1.0 0
cell 21.098163730284885 4.283820935092561 0.0 1.6431676725154984 0.6085806194501846 1 0 0 0.6441176643420253 0.7649264242282221 1.3997384626805114
cell 28.944132697628795 52.00585159794813 0.0 1.6431676725154984 0.6085806194501846 1 0 0 0.8297596074070184 -0.5581209491819409 4.325831649932763
cell 18.54156087180516 44.16681664834308 0.0 1.0 1.0 1 0 0 0.0 1.0 0
cell 6.159751002506981 34.066435027395826 0.0 1.0 1.0 1 0 0 0.0 1.0 0
cell 44.6732478035892 52.88437289364599 0.0 1.6431676725154984 0.6085806194501846 1 0 0 0.8446772525727183 0.5352759465791492 2.0119238493727813
cell 46.113504601650476 21.791141034541326 0.0 1.0 1.0 1 0 0 0.0 1.0 0
cell 0.7461229372208127 11.862221892537478 0.0 1.0 1.0 1 0 0 0.0 1.0 0
cell 56.194370507703375 30.51340682194423 0.0 1.0 1.0 1 0 0 0.0 1.0 0
cell 27.19627405845806 7.043138349080712 0.0 1.6431676725154984 0.6085806194501846 1 0 0 0.9133976612731657 0.4070684369743143 2.303108166600494
cell 11.317561823000206 33.442827441022416 0.0 1.0 1.0 1 0 0 0.0 1.0 0
cell 16.13168582024725 33.73242669404404 0.0 1.0 1.0 1 0 0 0.0 1.0 0
cell 47.196330871368176 14.754694995865892 0.0 1.0 1.0 1 0 0 0.0 1.0 0
cell 29.36392699511211 13.704206896167047 0.0 1.6431676725154984 0.6085806194501846 1 0 0 0.051340424907639126 -0.9986812107826516 6.180459295407248
cell 54.59116125546803 40.39991944690338 0.0 1.0 1.0 1 0 0 0.0 1.0 0
cell 17.462551887539863 8.886108364199305 0.0 1.6431676725154984 0.6085806194501846 1 0 0 0.9843459545777502 0.1762471041078911 2.787247530329896
cell 44.50720592452245 47.15867442744203 0.0 1.0 1.0 1 0 0 0.0 1.0 0
cell 17.74577624951949 30.335022072353958 0.0 1.6431676725154984 0.6085806194501846 1 0 0 0.5227845212686041 -0.8524648639808895 5.182957053939687
cell 42.61793648020429 17.252259698067146 0.0 1.0 1.0 1 0 0 0.0 1.0 0
cell 41.62370869766398 14.585885306426647 0.0 1.0 1.0 1 0 0 0.0 1.0 0
cell 47.27976957534948 23.135071297429352 0.0 1.0 1.0 1 0 0 0.0 1.0 0
cell 41.79784218899874 35.551346593192775 0.0 1.6431676725154984 0.6085806194501846 1 0 0 0.7159295684068874 0.6981725095423967 1.595909260168217
cell 12.127332309141268 49.72773663778426 0.0 1.0 1.0 1 0 0 0.0 1.0 0
cell 26.06761028111373 28.06145288060474 0.0 1.6431676725154984 0.6085806194501846 1 0 0 0.9823469587175545 -0.18706804296397436 3.5179459502467463
cell 51.77093915828791 59.44530914854961 0.0 1.6431676725154984 0.6085806194501846 1 0 0 0.9459835750789019 -0.32421455192655946 3.801955277652253
cell 22.06962536437519 15.688357661684975 0.0 1.6431676725154984 0.6085806194501846 1 0 0 0.6591840326560411 -0.7519816560869815 4.843718997822858
cell 19.25510093802754 58.78875408446496 0.0 1.6431676725154984 0.6085806194501846 1 0 0 0.9996468437803033 -0.026574192745552585 3.1947472965258172
cell 40.43615340794836 21.917299645147704 0.0 1.6431676725154984 0.6085806194501846 1 0 0 -0.6029507027962672 -0.7977784466864767 1.2943892228323532
cell 7.668871042879046 15.593125499974676 0.0 1.0 1.0 1 0 0 0.0 1.0 0
cell 26.119022967794127 38.55778836063582 0.0 1.6431676725154984 0.6085806194501846 1 0 0 0.9542143900968895 -0.299123549276919 3.7491406867484964
cell 22.7810705419297 48.494354870123786 0.0 1.0 1.0 1 0 0 0.0 1.0 0
cell 34.732408053604274 48.702356819853975 0.0 1.6431676725154984 0.6085806194501846 1 0 0 0.9952051901851959 0.09780914797935808 2.945661105913897
cell 55.63157249807215 8.482988403206093 0.0 1.0 1.0 1 0 0 0.0 1.0 0
cell 28.49244455354811 49.100354852669916 0.0 1.6431676725154984 0.6085806194501846 1 0 0 0.8103470187799268 -0.585950261672853 4.3936970964932165
cell 25.382652229648166 33.244510557499346 0.0 1.0 1.0 1 0 0 0.0 1.0 0
cell 56.15170149383666 52.76213518865281 0.0 1.0 1.0 1 0 0 0.0 1.0 0
cell 57.47757874652876 1.7859648385895923 0.0 1.0 1.0 1 0 0 0.0 1.0 0
cell 57.606968527643915 42.62320215882868 0.0 1.0 1.0 1 0 0 0.0 1.0 0
cell 45.71599034484892 18.39275222689638 0.0 1.0 1.0 1 0 0 0.0 1.0 0
cell 1.353436436957265 57.93399178589587 0.0 1.0 1.0 1 0 0 0.0 1.0 0
cell 0.14579247010020246 28.96742029848257 0.0 1.0 1.0 1 0 0 0.0 1.0 0
cell 49.26872724969604 3.961769352742185 0.0 1.0 1.0 1 0 0 0.0 1.0 0
cell 27.19233022809737 15.565420003437366 0.0 1.0 1.0 1 0 0 0.0 1.0 0
cell 13.624654563781519 20.79095886022525 0.0 1.0 1.0 1 0 0 0.0 1.0 0
cell 6.448336372616239 48.268253357830766 0.0 1.0 1.0 1 0 0 0.0 1.0 0
cell 5.789750245470946 35.96724435785674 0.0 1.0 1.0 1 0 0 0.0 1.0 0
cell 20.86672145011424 34.74694291811519 0.0 1.0 1.0 1 0 0 0.0 1.0 0
cell 52.31232120725212 34.12487784073937 0.0 1.0 1.0 1 0 0 0.0 1.0 0
cell 8.87713153067359 28.71636408534718 0.0 1.0 1.0 1 0 0 0.0 1.0 0
cell 7.839309517860335 53.761287455499605 0.0 1.0 1.0 1 0 0 0.0 1.0 0
cell 16.834098743556442 11.476134876274967 0.0 1.0 1.0 1 0 0 0.0 1.0 0
cell 36.59691274492284 11.850160825699561 0.0 1.6431676725154984 0.6085806194501846 1 0 0 -0.5830032622547714 -0.8124698124855435 1.2448405394935094
cell 47.491220640162844 59.694211597978466 0.0 1.6431676725154984 0.6085806194501846 1 0 0 0.9211788992506944 -0.38913935238585035 3.9409868911770065
cell 6.431454340832273 56.75458430169463 0.0 1.0 1.0 1 0 0 0.0 1.0 0
cell 20.29843156078038 10.417483989223964 0.0 1.0 1.0 1 0 0 0.0 1.0 0
cell 31.798982203906725 19.161633101105632 0.0 1.0 1.0 1 0 0 0.0 1.0 0
cell 57.74725735776637 57.61986773718771 0.0 1.0 1.0 1 0 0 0.0 1.0 0
cell 16.424401717597107 19.973975105589115 0.0 1.0 1.0 1 0 0 0.0 1.0 0
cell 10.625562128457032 39.160990161353546 0.0 1.0 1.0 1 0 0 0.0 1.0 0
cell 23.715778681382233 26.631139645890848 0.0 1.6431676725154984 0.6085806194501846 1 0 0 0.9923717918318723 -0.12328108847831906 3.388783692338359
cell 10.824054325592149 45.98815089832602 0.0 1.0 1.0 1 0 0 0.0 1.0 0
cell 29.502043486978813 27.909945781413704 0.0 1.6431676725154984 0.6085806194501846 1 0 0 0.9861136436763507 0.16607191741938582 2.807902805387201
cell 57.72079979016921 59.59875947683436 0.0 1.0 1.0 1 0 0 0.0 1.0 0
cell 26.729335714584376 46.03579938451159 0.0 1.6431676725154984 0.6085806194501846 1 0 0 0.9354726534176963 -0.3533990870215353 3.863996996772134
cell 50.675004308973634 48.49438107172707 0.0 1.0 1.0 1 0 0 0.0 1.0 0
cell 6.826859108975872 0.5211549068597596 0.0 1.0 1.0 1 0 0 0.0 1.0 0
cell 38.22501363534103 30.268232179173168 0.0 1.0 1.0 1 0 0 0.0 1.0 0
cell 28.55149827717947 22.157881126371613 0.0 1.6431676725154984 0.6085806194501846 1 0 0 -0.2559540845645417 -0.9666889399360724 0.5176690714702321
cell 52.897819360378165 30.272789004175372 0.0 1.0 1.0 1 0 0 0.0 1.0 0
cell 54.56631982230121 58.8073771336974 0.0 1.0 1.0 1 0 0 0.0 1.0 0
cell 44.93108695368803 39.50127279693949 0.0 1.0 1.0 1 0 0 0.0 1.0 0
cell 14.93201247851943 7.460224270100046 0.0 1.0 1.0 1 0 0 0.0 1.0 0
cell 54.429064454045765 57.10862541921844 0.0 1.0 1.0 1 0 0 0.0 1.0 0
cell 16.3801769789572 22.366144359825157 0.0 1.0 1.0 1 0 0 0.0 1.0 0
cell 55.6255203231238 34.43429683737055 0.0 1.0 1.0 1 0 0 0.0 1.0 0
cell 52.338517461469586 15.981587434902696 0.0 1.0 1.0 1 0 0 0.0 1.0 0
cell 28.789051210212648 31.871241545413007 0.0 1.6431676725154984 0.6085806194501846 1 0 0 0.9909758864097792 -0.134040264675777 3.4104825014319102
cell 14.555371481834122 26.319710889094964 0.0 1.6431676725154984 0.6085806194501846 1 0 0 0.13954569759152294 0.9902156322153752 0.2800052169380642
cell 56.13321536402819 54.57395516258649 0.0 1.0 1.0 1 0 0 0.0 1.0 0
cell 56.07820405631173 20.59966368087817 0.0 1.0 1.0 1 0 0 0.0 1.0 0
cell 52.53194567168192 52.85330112673104 0.0 1.0 1.0 1 0 0 0.0 1.0 0
cell 31.16854514552594 15.494580780730846 0.0 1.0 1.0 1 0 0 0.0 1.0 0
cell 14.898332206620417 54.028945725464375 0.0 1.0 1.0 1 0 0 0.0 1.0 0
cell 19.302188901064444 34.39868304048095 0.0 1.0 1.0 1 0 0 0.0 1.0 0
cell 37.28032139916752 25.011841225869507 0.0 1.6431676725154984 0.6085806194501846 1 0 0 0.2083587511619403 -0.9780524683340034 5.8633921463868415
cell 46.80428030019975 27.569099392507507 0.0 1.0 1.0 1 0 0 0.0 1.0 0
cell 18.34407848493623 15.33724371957108 0.0 1.6431676725154984 0.6085806194501846 1 0 0 0.908248723123823 -0.41843070745817057 4.005026270632067
cell 58.57919802813919 36.82541838547627 0.0 1.0 1.0 1 0 0 0.0 1.0 0
cell 37.89036467315874 12.35265855472071 0.0 1.6431676725154984 0.6085806194501846 1 0 0 0.5595461773962565 0.8287991767377891 1.1876762645957
cell 11.314165087799442 35.460840070247045 0.0 1.0 1.0 1 0 0 0.0 1.0 0
cell 49.55340677363365 58.23964788287126 0.0 1.6431676725154984 0.6085806194501846 1 0 0 0.9986531864435708 -0.05188268695916475 3.2454046368228058
cell 42.37941448288947 0.08590222797440239 0.0 1.0 1.0 1 0 0 0.0 1.0 0
cell 35.97307877300728 47.21627343537404 0.0 1.6431676725154984 0.6085806194501846 1 0 0 0.9668397305480316 0.25538389814906015 2.625103158937133
cell 9.683031655799363 47.489555672564734 0.0 1.0 1.0 1 0 0 0.0 1.0 0
cell 42.172866020144276 29.109599580819065 0.0 1.6431676725154984 0.6085806194501846 1 0 0 0.8245816045338836 0.5657430312998348 1.938924500961037
cell 43.47523382875028 11.376578656156084 0.0 1.0 1.0 1 0 0 0.0 1.0 0
cell 5.462677840676478 7.368896905115421 0.0 1.0 1.0 1 0 0 0.0 1.0 0
cell 8.94138539592935 50.69902415956355 0.0 1.0 1.0 1 0 0 0.0 1.0 0
cell 58.667506468402465 12.672431670163553 0.0 1.0 1.0 1 0 0 0.0 1.0 0
cell 26.604926734719054 11.081078738809188 0.0 1.6431676725154984 0.6085806194501846 1 0 0 0.2293763422802694 0.9733378106300632 0.4628737863027892
cell 37.153080100507 0.1506165961410034 0.0 1.6431676725154984 0.6085806194501846 1 0 0 0.9927675798613192 -0.120052206878087 3.3822775924667874
cell 4.9454467678465255 49.428074475435245 0.0 1.0 1.0 1 0 0 0.0 1.0 0
cell 7.513259849158333 51.87949793854574 0.0 1.0 1.0 1 0 0 0.0 1.0 0
cell 5.988418415894202 53.00015043806649 0.0 1.0 1.0 1 0 0 0.0 1.0 0
cell 7.670315848595168 17.508231050326774 0.0 1.6431676725154984 0.6085806194501846 1 0 0 0.958860113890927 0.28387899180650644 2.5659184126546424
cell 5.458179593559107 37.889385442560574 0.0 1.0 1.0 1 0 0 0.0 1.0 0
cell 27.998318473807416 37.34628717688016 0.0 1.6431676725154984 0.6085806194501846 1 0 0 0.9819107533419755 -0.18934432252220867 3.5225813471710836
cell 3.0791754989310123 58.88204547892066 0.0 1.0 1.0 1 0 0 0.0 1.0 0
cell 17.438653485345856 5.783133261986709 0.0 1.0 1.0 1 0 0 0.0 1.0 0
cell 42.13848358711525 9.873804858760044 0.0 1.0 1.0 1 0 0 0.0 1.0 0
cell 44.18675545657724 28.0265293110773 0.0 1.0 1.0 1 0 0 0.0 1.0 0
cell 7.843596214971232 26.11046145284596 0.0 1.0 1.0 1 0 0 0.0 1.0 0
cell 45.21467156768709 37.56614363958186 0.0 1.0 1.0 1 0 0 0.0 1.0 0
cell 10.077958838545559 8.705645587733171 0.0 1.6431676725154984 0.6085806194501846 1 0 0 0.45314967647417465 -0.8914344455490548 5.342594413877618
cell 33.09546060656632 52.81884377466225 0.0 1.6431676725154984 0.6085806194501846 1 0 0 0.9939437890413098 -0.10988969117348739 3.361816790301958
cell 1.2200409746575684 54.048285899589786 0.0 1.0 1.0 1 0 0 0.0 1.0 0
cell 56.91428239636131 5.231187436902671 0.0 1.6431676725154984 0.6085806194501846 1 0 0 0.9062484578467547 -0.42274547028960446 4.014538006982988
cell 12.603257663217045 39.129373510518214 0.0 1.0 1.0 1 0 0 0.0 1.0 0
cell 52.4528344019763 24.337723561379157 0.0 1.0 1.0 1 0 0 0.0 1.0 0
cell 20.231296419193118 32.88273821481477 0.0 1.0 1.0 1 0 0 0.0 1.0 0
cell 16.34052721758399 10.305614863798453 0.0 1.6431676725154984 0.6085806194501846 1 0 0 0.9880222256612148 0.15431163792617691 2.8317312369813292
cell 18.278165596458372 12.637387636215541 0.0 1.0 1.0 1 0 0 0.0 1.0 0
cell 38.820180093848464 33.654963233746365 0.0 1.0 1.0 1 0 0 0.0 1.0 0
cell 40.65386549645463 17.953931943170264 0.0 1.6431676725154984 0.6085806194501846 1 0 0 -0.5753596968467378 -0.8179004947085128 1.2260877215005657
cell 20.85676936860471 48.736617771586474 0.0 1.0 1.0 1 0 0 0.0 1.0 0
cell 8.37387169372506 48.80564915021626 0.0 1.0 1.0 1 0 0 0.0 1.0 0
cell 54.239387418160675 50.12828068622429 0.0 1.0 1.0 1 0 0 0.0 1.0 0
cell 42.76931201586714 38.8004375009991 0.0 1.6431676725154984 0.6085806194501846 1 0 0 0.773692395736871 0.6335614230514205 1.7692971820547838
cell 38.17122641725681 47.746214799076675 0.0 1.6431676725154984 0.6085806194501846 1 0 0 -0.5961079092097336 -0.8029043284088087 1.2772896400554563
cell 23.333132941498437 44.82898598716096 0.0 1.6431676725154984 0.6085806194501846 1 0 0 0.9161860727745261 -0.4007531410407043 3.966270129214349
cell 14.401748937719237 13.526477059900724 0.0 1.0 1.0 1 0 0 0.0 1.0 0
cell 38.037589912234935 14.729197300726325 0.0 1.6431676725154984 0.6085806194501846 1 0 0 0.5486404397375448 0.8360584117659444 1.161474427872687
cell 28.84635725397939 8.755074351010586 0.0 1.6431676725154984 0.6085806194501846 1 0 0 -0.23162906707911987 0.972804181366454 5.815681388436337
cell 54.28308616075275 42.346143193658854 0.0 1.0 1.0 1 0 0 0.0 1.0 0
cell 4.072088170623793 10.608327192240969 0.0 1.6431676725154984 0.6085806194501846 1 0 0 0.7896745969289712 -0.613525900810281 4.462628438656223
cell 54.09877236919216 48.21973578884256 0.0 1.0 1.0 1 0 0 0.0 1.0 0
cell 24.18181450995448 28.35585613987822 0.0 1.0 1.0 1 0 0 0.0 1.0 0
cell 30.362653647037437 39.37978087928059 0.0 1.6431676725154984 0.6085806194501846 1 0 0 0.9190951490013082 -0.3940356672717118 3.9516294437617008
cell 36.2524782196424 29.671222008867637 0.0 1.6431676725154984 0.6085806194501846 1 0 0 0.4672284658176546 0.884136618815034 0.9723068737775888
cell 38.993490460420574 23.72592891563437 0.0 1.0 1.0 1 0 0 0.0 1.0 0
cell 47.110256502484745 50.69036407554259 0.0 1.0 1.0 1 0 0 0.0 1.0 0
cell 51.93470876092837 10.479347409293979 0.0 1.0 1.0 1 0 0 0.0 1.0 0
cell 16.720136260597226 56.73088475374076 0.0 1.0 1.0 1 0 0 0.0 1.0 0
cell 59.39687994499027 56.82881046721095 0.0 1.0 1.0 1 0 0 0.0 1.0 0
cell 43.17581479691332 20.553974173421647 0.0 1.0 1.0 1 0 0 0.0 1.0 0
cell 26.336698440597917 9.283872862550325 0.0 1.6431676725154984 0.6085806194501846 1 0 0 0.4511315045825316 0.8924574867034851 0.9360655720218404
cell 33.68495242917771 57.63084654019208 0.0 1.6431676725154984 0.6085806194501846 1 0 0 0.8674756700210963 -0.497479609553447 4.1829744860454525
cell 2.98458156401016 42.58351978827822 0.0 1.0 1.0 1 0 0 0.0 1.0 0
cell 13.477724781493123 40.86421326180151 0.0 1.0 1.0 1 0 0 0.0 1.0 0
cell 28.91263366815285 17.150277101189005 0.0 1.0 1.0 1 0 0 0.0 1.0 0
cell 34.02176614193221 7.414080194407364 0.0 1.6431676725154984 0.6085806194501846 1 0 0 0.9233004976155935 -0.3840783658354078 3.9300114932232324
cell 20.276695494940768 5.242309764807247 0.0 1.6431676725154984 0.6085806194501846 1 0 0 0.4705697904652141 0.8823627781709316 0.9798728444616606
cell 0.3629326818552476 13.834985866667724 0.0 1.0 1.0 1 0 0 0.0 1.0 0
cell 33.2715658174712 30.965537983005568 0.0 1.6431676725154984 0.6085806194501846 1 0 0 0.9912959404044366 0.1316524156165912 2.877521212329277
cell 47.13964836567521 11.46200480076354 0.0 1.0 1.0 1 0 0 0.0 1.0 0
cell 54.375892935732814 53.6695296924166 0.0 1.0 1.0 1 0 0 0.0 1.0 0
cell 35.22153981522835 2.098220061482497 0.0 1.6431676725154984 0.6085806194501846 1 0 0 0.47546701567474847 0.8797335488688314 0.9909896319511121
cell 3.066505917672724 14.99181465332595 0.0 1.0 1.0 1 0 0 0.0 1.0 0
cell 14.969659937498093 55.92956110586846 0.0 1.0 1.0 1 0 0 0.0 1.0 0
cell 12.427036297378027 29.79195771537439 0.0 1.0 1.0 1 0 0 0.0 1.0 0
cell 15.037936457017697 48.28749093128408 0.0 1.0 1.0 1 0 0 0.0 1.0 0
cell 55.94886202763591 0.5344961157602275 0.0 1.0 1.0 1 0 0 0.0 1.0 0
cell 26.494905473078006 59.260166662688434 0.0 1.6431676725154984 0.6085806194501846 1 0 0 0.9167380501959895 -0.39948885757034 3.963511077153184
cell 55.514959112497145 10.392511569823974 0.0 1.0 1.0 1 0 0 0.0 1.0 0
cell 22.266107710412296 7.901952226486799 0.0 1.6431676725154984 0.6085806194501846 1 0 0 0.9777921395775593 0.209577030660182 2.7193079260626525
cell 44.350695417092474 13.163557353947684 0.0 1.0 1.0 1 0 0 0.0 1.0 0
cell 4.9695395549379064 21.680858198670503 0.0 1.0 1.0 1 0 0 0.0 1.0 0
cell 4.872547798449725 0.03400737991789066 0.0 1.0 1.0 1 0 0 0.0 1.0 0
cell 2.2595696682240174 26.196044679413706 0.0 1.0 1.0 1 0 0 0.0 1.0 0
cell 23.226864043706833 34.91241117168204 0.0 1.6431676725154984 0.6085806194501846 1 0 0 0.8969929322879494 -0.4420448839489789 4.057346866461084
cell 48.78829377346134 30.7062858535513 0.0 1.0 1.0 1 0 0 0.0 1.0 0
cell 41.79753354917961 3.2392620506490233 0.0 1.0 1.0 1 0 0 0.0 1.0 0
cell 24.6337396230083 11.529344804650087 0.0 1.0 1.0 1 0 0 0.0 1.0 0
cell 18.396677161667807 7.295689660942802 0.0 1.0 1.0 1 0 0 0.0 1.0 0
cell 48.44418354791438 10.163360856617027 0.0 1.0 1.0 1 0 0 0.0 1.0 0
cell 9.654461113379853 54.50409394534223 0.0 1.0 1.0 1 0 0 0.0 1.0 0
cell 3.6588448696507174 38.64668983158114 0.0 1.0 1.0 1 0 0 0.0 1.0 0
cell 35.04168470111248 6.5661568753752935 0.0 1.6431676725154984 0.6085806194501846 1 0 0 0.9801187699871653 -0.19841168493525296 3.5410668954340965
cell 6.402582901172968 31.842203450272216 0.0 1.0 1.0 1 0 0 0.0 1.0 0
cell 0.20470271593269498 19.704647845769905 0.0 1.0 1.0 1 0 0 0.0 1.0 0
cell 13.464054231266752 44.3825477870343 0.0 1.0 1.0 1 0 0 0.0 1.0 0
cell 15.203762581189974 21.232781582268 0.0 1.0 1.0 1 0 0 0.0 1.0 0
cell 45.14724697071655 57.27634970747753 0.0 1.0 1.0 1 0 0 0.0 1.0 0
cell 42.83807031723663 51.729129446617186 0.0 1.6431676725154984 0.6085806194501846 1 0 0 0.7469842203787221 0.6648417665168102 1.6870287170419387
cell 14.844807615736165 35.19660881435732 0.0 1.0 1.0 1 0 0 0.0 1.0 0
cell 53.1432393246243 59.36030262678301 0.0 1.6431676725154984 0.6085806194501846 1 0 0 0.9607920100769439 -0.27727010904947114 3.703495948083039
cell 51.707528355167696 12.433792078404403 0.0 1.0 1.0 1 0 0 0.0 1.0 0
cell 26.001865529762533 31.14220988776562 0.0 1.6431676725154984 0.6085806194501846 1 0 0 0.9703306798447704 -0.241781661322743 3.629995794640813
cell 37.64437404524393 21.673647464885686 0.0 1.0 1.0 1 0 0 0.0 1.0 0
cell 43.98914602180392 33.73465786886491 0.0 1.6431676725154984 0.6085806194501846 1 0 0 0.7128512964981258 0.7013152137811792 1.5871109923645503
cell 29.195970615826777 15.251913578259286 0.0 1.0 1.0 1 0 0 0.0 1.0 0
cell 55.795582805952705 47.26120747639362 0.0 1.0 1.0 1 0 0 0.0 1.0 0
cell 28.806290487442677 41.74942004872998 0.0 1.6431676725154984 0.6085806194501846 1 0 0 0.9420702531602717 -0.3354156199561101 3.8256853990181354
cell 48.92902564375824 33.90744370367788 0.0 1.0 1.0 1 0 0 0.0 1.0 0
cell 4.291852631249698 34.76935116759906 0.0 1.0 1.0 1 0 0 0.0 1.0 0
cell 5.747972668098999 14.903377483331717 0.0 1.0 1.0 1 0 0 0.0 1.0 0
cell 3.1435924547624468 48.58615119451612 0.0 1.0 1.0 1 0 0 0.0 1.0 0
cell 47.74034884644143 6.782808272685946 0.0 1.0 1.0 1 0 0 0.0 1.0 0
cell 22.363544206729657 38.44317143393263 0.0 1.0 1.0 1 0 0 0.0 1.0 0
cell 44.86073317748896 4.749667548861573 0.0 1.0 1.0 1 0 0 0.0 1.0 0
cell 53.04844169747212 27.825628668441226 0.0 1.0 1.0 1 0 0 0.0 1.0 0
cell 10.082188437684646 58.39954343409136 0.0 1.0 1.0 1 0 0 0.0 1.0 0
cell 4.630700443142378 55.94137149447541 0.0 1.0 1.0 1 0 0 0.0 1.0 0
cell 51.575700198497096 17.718449321816426 0.0 1.0 1.0 1 0 0 0.0 1.0 0
cell 29.58931763986575 26.45241997982969 0.0 1.6431676725154984 0.6085806194501846 1 0 0 0.9393797540487907 0.34287851738368413 2.441633723548942
cell 56.432505237190526 39.52931267827165 0.0 1.0 1.0 1 0 0 0.0 1.0 0
cell 59.68898471262694 52.75990051533634 0.0 1.0 1.0 1 0 0 0.0 1.0 0
cell 29.231555096741957 20.656911269732973 0.0 1.0 1.0 1 0 0 0.0 1.0 0
cell 14.066910584743068 50.0388417804153 0.0 1.0 1.0 1 0 0 0.0 1.0 0
cell 21.47239066645831 18.093107162032272 0.0 1.6431676725154984 0.6085806194501846 1 0 0 0.9932608744923799 -0.1159001087257156 3.3739149890128273
cell 15.39993427795515 9.005975148007783 0.0 1.0 1.0 1 0 0 0.0 1.0 0
cell 15.31320496368124 40.81957859587848 0.0 1.0 1.0 1 0 0 0.0 1.0 0
cell 59.14661580331636 8.60335746422959 0.0 1.0 1.0 1 0 0 0.0 1.0 0
cell 16.639980472750235 7.4588240186811126 0.0 1.0 1.0 1 0 0 0.0 1.0 0
cell 46.93689371864657 4.991149687536907 0.0 1.0 1.0 1 0 0 0.0 1.0 0
cell 7.2350925510186626 19.140471232410714 0.0 1.0 1.0 1 0 0 0.0 1.0 0
cell 10.400701236913429 29.903773772659864 0.0 1.0 1.0 1 0 0 0.0 1.0 0
cell 15.164188417854922 44.103180374179246 0.0 1.0 1.0 1 0 0 0.0 1.0 0
cell 14.490250331937736 39.162542284033364 0.0 1.0 1.0 1 0 0 0.0 1.0 0
cell 21.669794253821312 39.874158419207056 0.0 1.0 1.0 1 0 0 0.0 1.0 0
cell 19.237185949997023 25.306547637301662 0.0 1.6431676725154984 0.6085806194501846 1 0 0 0.86277376728056 -0.5055901764201023 4.201724401031559
cell 19.24318065284425 14.146369107095472 0.0 1.0 1.0 1 0 0 0.0 1.0 0
cell 1.5669937248655388 21.02799511810511 0.0 1.0 1.0 1 0 0 0.0 1.0 0
cell 59.46899393135184 48.907112066831615 0.0 1.0 1.0 1 0 0 0.0 1.0 0
cell 39.97708588477531 37.14904213270411 0.0 1.6431676725154984 0.6085806194501846 1 0 0 -0.48939858979789624 -0.8720602159850147 1.022799952794644
cell 5.002588181923784e-05 39.990458420824616 0.0 1.0 1.0 1 0 0 0.0 1.0 0
cell 19.49576271116547 23.498771469728503 0.0 1.6431676725154984 0.6085806194501846 1 0 0 0.8449807620395026 -0.5347967013577604 4.270126920037877
cell 19.728409330363473 2.577297380083937 0.0 1.6431676725154984 0.6085806194501846 1 0 0 0.6106093530045877 0.791931952899565 1.313659628208403
cell 45.21405351580366 14.961035179544135 0.0 1.0 1.0 1 0 0 0.0 1.0 0
cell 44.073233009126504 58.98571249672749 0.0 1.0 1.0 1 0 0 0.0 1.0 0
cell 57.75889788314688 31.70610394612158 0.0 1.0 1.0 1 0 0 0.0 1.0 0
cell 1.0316754605349778 34.135113465714255 0.0 1.0 1.0 1 0 0 0.0 1.0 0
cell 50.75007648148236 53.74804337497069 0.0 1.0 1.0 1 0 0 0.0 1.0 0
cell 53.59233111444462 17.547316786836838 0.0 1.0 1.0 1 0 0 0.0 1.0 0
cell 9.70698011106976 25.296139839075206 0.0 1.0 1.0 1 0 0 0.0 1.0 0
cell 8.048060586238465 24.16602190852368 0.0 1.0 1.0 1 0 0 0.0 1.0 0
cell 17.126798723309157 15.72547597589327 0.0 1.6431676725154984 0.6085806194501846 1 0 0 0.9308104423110987 -0.3655022851975304 3.8899373881961874
cell 13.110652328439198 11.365736107793824 0.0 1.6431676725154984 0.6085806194501846 1 0 0 0.7831072422182362 -0.6218866835568588 4.483891919156834
cell 8.077530988388673 55.62194941036055 0.0 1.0 1.0 1 0 0 0.0 1.0 0
cell 55.916261070101264 32.50398631532103 0.0 1.0 1.0 1 0 0 0.0 1.0 0
cell 1.9578506245118679 28.204470412709824 0.0 1.0 1.0 1 0 0 0.0 1.0 0
cell 52.61122783566381 56.219880583137304 0.0 1.0 1.0 1 0 0 0.0 1.0 0
cell 2.895917313830878 55.07993453449473 0.0 1.0 1.0 1 0 0 0.0 1.0 0
cell 58.66707559166538 18.31195453784161 0.0 1.0 1.0 1 0 0 0.0 1.0 0
cell 20.730134422769584 21.431584799557655 0.0 1.6431676725154984 0.6085806194501846 1 0 0 0.9056365569598445 -0.4240547449303195 4.017428420893659
cell 37.39630758310887 18.421030058758625 0.0 1.0 1.0 1 0 0 0.0 1.0 0
cell 36.436623404837704 51.954073174118236 0.0 1.0 1.0 1 0 0 0.0 1.0 0
cell 47.083055032515105 57.74297317404518 0.0 1.6431676725154984 0.6085806194501846 1 0 0 0.9979833478364434 0.06347627463205728 3.0145546957148754
cell 54.82250044535971 4.156808896632306 0.0 1.6431676725154984 0.6085806194501846 1 0 0 0.917892724590416 -0.3968286105411032 3.957711010564606
cell 56.50560725889212 28.57050534852409 0.0 1.0 1.0 1 0 0 0.0 1.0 0
cell 55.29822070373196 36.44933853496103 0.0 1.0 1.0 1 0 0 0.0 1.0 0
cell 12.564027787995206 16.340679233606302 0.0 1.0 1.0 1 0 0 0.0 1.0 0
cell 51.06594300949853 42.0098117088725 0.0 1.0 1.0 1 0 0 0.0 1.0 0
cell 13.290307858337043 55.22386453918311 0.0 1.0 1.0 1 0 0 0.0 1.0 0
cell 21.629029650231924 46.90997131332534 0.0 1.0 1.0 1 0 0 0.0 1.0 0
cell 7.051284076885431 8.601594483256772 0.0 1.0 1.0 1 0 0 0.0 1.0 0
cell 23.75081393401093 5.827646545944484 0.0 1.6431676725154984 0.6085806194501846 1 0 0 0.899353408733901 0.4372224218846887 2.236576794161762
cell 15.319491135355404 3.1374410231147483 0.0 1.0 1.0 1 0 0 0.0 1.0 0
cell 48.87993843572984 27.66534360366034 0.0 1.0 1.0 1 0 0 0.0 1.0 0
cell 11.527649340734941 26.385582002130953 0.0 1.0 1.0 1 0 0 0.0 1.0 0
cell 12.585795587072518 42.62029333489247 0.0 1.0 1.0 1 0 0 0.0 1.0 0
cell 17.166691787135708 17.47306783337468 0.0 1.6431676725154984 0.6085806194501846 1 0 0 0.23830495897305903 -0.9711903760483053 5.801945000902788
cell 30.4921271295699 56.89388861570495 0.0 1.6431676725154984 0.6085806194501846 1 0 0 0.9665528237405718 -0.2564676176813108 3.660324257670978
cell 17.799845700146637 57.78450915099411 0.0 1.6431676725154984 0.6085806194501846 1 0 0 0.9886010631054382 0.15055875274057465 2.8393257658881916
cell 37.51199813430928 58.29113070148039 0.0 1.6431676725154984 0.6085806194501846 1 0 0 0.9746822704605089 0.22359443564173798 2.6905912082675094
cell 5.163456807962817 28.151297054839965 0.0 1.0 1.0 1 0 0 0.0 1.0 0
cell 22.059984894281264 34.66799414287068 0.0 1.6431676725154984 0.6085806194501846 1 0 0 0.825778070927271 -0.563995192865715 4.340024547161475
cell 48.49050775027547 24.56084085825105 0.0 1.0 1.0 1 0 0 0.0 1.0 0
cell 27.746798066950163 26.947721072379093 0.0 1.6431676725154984 0.6085806194501846 1 0 0 0.7452959509107481 0.6667337891212982 1.6819572254357928
cell 53.92474336663786 7.530002540619171 0.0 1.0 1.0 1 0 0 0.0 1.0 0
cell 8.864183830402125 7.816484450608606 0.0 1.0 1.0 1 0 0 0.0 1.0 0
cell 54.3571259437464 24.061374639572755 0.0 1.0 1.0 1 0 0 0.0 1.0 0
cell 30.06735546294421 30.949575518917634 0.0 1.6431676725154984 0.6085806194501846 1 0 0 0.9978243285674847 -0.06592882009294776 3.273546003374229
cell 11.531839477207475 11.846475669050948 0.0 1.0 1.0 1 0 0 0.0 1.0 0
cell 58.90657107106899 10.659520905771572 0.0 1.0 1.0 1 0 0 0.0 1.0 0
cell 14.725575192322452 51.98388260338057 0.0 1.0 1.0 1 0 0 0.0 1.0 0
cell 7.330596889605062 45.06491812622873 0.0 1.0 1.0 1 0 0 0.0 1.0 0
cell 10.693351366557474 42.612708400704335 0.0 1.0 1.0 1 0 0 0.0 1.0 0
cell 1.173648308580726 43.298087105759166 0.0 1.0 1.0 1 0 0 0.0 1.0 0
cell 18.65729530864244 31.883954268776346 0.0 1.0 1.0 1 0 0 0.0 1.0 0
cell 41.76716107172796 54.384968678168214 0.0 1.6431676725154984 0.6085806194501846 1 0 0 0.6859420786758134 0.7276561445503668 1.5117951715047249
cell 22.745310546827632 21.8642180256634 0.0 1.6431676725154984 0.6085806194501846 1 0 0 0.9622294237570463 -0.2722398502353807 3.693032731703823
cell 16.05240572779046 13.719305007185314 0.0 1.6431676725154984 0.6085806194501846 1 0 0 0.9171477716638091 -0.3985473183100214 3.961457428738723
cell 38.4306868792033 52.62508586888678 0.0 1.0 1.0 1 0 0 0.0 1.0 0
cell 23.032684659016333 51.998172228398104 0.0 1.0 1.0 1 0 0 0.0 1.0 0
cell 34.348157761660886 49.768935456109816 0.0 1.6431676725154984 0.6085806194501846 1 0 0 -0.9990421471195506 -0.04375829382823414 3.054048112551083
cell 49.101401661113684 56.59110647294392 0.0 1.0 1.0 1 0 0 0.0 1.0 0
cell 41.045233750602144 1.4055865464515644 0.0 1.0 1.0 1 0 0 0.0 1.0 0
cell 2.988037018430088 56.975288893581265 0.0 1.0 1.0 1 0 0 0.0 1.0 0
cell 59.30254392107619 1.0849454972610881 0.0 1.0 1.0 1 0 0 0.0 1.0 0
cell 29.759928995824467 46.70480325373184 0.0 1.6431676725154984 0.6085806194501846 1 0 0 0.8604472253920271 -0.5095395689396085 4.2108918511064894
cell 57.42518988671508 33.69586729570097 0.0 1.0 1.0 1 0 0 0.0 1.0 0
cell 21.301581412949954 51.94318596863352 0.0 1.0 1.0 1 0 0 0.0 1.0 0
cell 47.8015961601047 29.135596730151644 0.0 1.0 1.0 1 0 0 0.0 1.0 0
cell 6.164690189020974 3.450167123051785 0.0 1.0 1.0 1 0 0 0.0 1.0 0
cell 14.34590157704095 42.554089154302076 0.0 1.0 1.0 1 0 0 0.0 1.0 0
cell 3.9909057891591146 36.72331609757551 0.0 1.0 1.0 1 0 0 0.0 1.0 0
cell 21.64884766090333 26.88079110200118 0.0 1.6431676725154984 0.6085806194501846 1 0 0 0.9466165173543133 -0.3223618604487682 3.7980396255429563
cell 50.59468397358428 0.09687825863495986 0.0 1.6431676725154984 0.6085806194501846 1 0 0 0.9419181358864067 -0.33584256026935705 3.826591859606578
