1000
 Lattice="59.08179503018386 0.0 0.0 0.0 59.08179503018386 0.0 0.0 0.0 1.0"Properties=species:S:1:pos:R:3:aspherical_shape:R:3:orientation:R:4:Color:R:1
cell 37.639262212245235 0.12652713596480522 0.0 1.0 1.0 1 0 0 0.0 1.0 0
cell 17.27613452615997 31.468756467896355 0.0 1.6431676725154984 0.6085806194501846 1 0 0 0.7665527723531332 0.6421813195645957 1.7469116379838001
cell 25.103448031797395 48.35378867997004 0.0 1.0 1.0 1 0 0 0.0 1.0 0
cell 1.673269372497411 6.995242599621139 0.0 1.0 1.0 1 0 0 0.0 1.0 0
cell 4.799776699341649 46.941987928259316 0.0 1.0 1.0 1 0 0 0.0 1.0 0
cell 49.15598765049014 44.363861519999034 0.0 1.6431676725154984 0.6085806194501846 1 0 0 0.9356273607463308 0.3529892942043079 2.4200643572410225
cell 16.76448343121764 1.54547999673927 0.0 1.0 1.0 1 0 0 0.0 1.0 0
cell 20.718689205034618 17.967646875478813 0.0 1.0 1.0 1 0 0 0.0 1.0 0
cell 48.67282153875789 55.77462361446283 0.0 1.0 1.0 1 0 0 0.0 1.0 0
cell 37.6914167483253 25.976721118523546 0.0 1.6431676725154984 0.6085806194501846 1 0 0 0.9355211572364847 -0.35327066728347056 3.8637224480544807
cell 18.146033153097914 0.3893967198435766 0.0 1.0 1.0 1 0 0 0.0 1.0 0
cell 31.075626688750962 17.8617381401129 0.0 1.0 1.0 1 0 0 0.0 1.0 0
cell 25.944771933795362 16.92787878820504 0.0 1.0 1.0 1 0 0 0.0 1.0 0
cell 20.527704799227557 2.7744793396584475 0.0 1.0 1.0 1 0 0 0.0 1.0 0
cell 22.95217814392495 34.803818327668274 0.0 1.0 1.0 1 0 0 0.0 1.0 0
cell 12.331629156497307 11.134592922161819 0.0 1.6431676725154984 0.6085806194501846 1 0 0 0.7625115778311733 -0.6469745695724173 4.548812668765536
cell 40.85504058480091 51.40302797182197 0.0 1.0 1.0 1 0 0 0.0 1.0 0
cell 8.675229703814274 57.64844332952196 0.0 1.0 1.0 1 0 0 0.0 1.0 0
cell 4.140861821358116 33.9643200860498 0.0 1.0 1.0 1 0 0 0.0 1.0 0
cell 20.94414418934483 44.84714425506299 0.0 1.0 1.0 1 0 0 0.0 1.0 0
cell 20.694159146095473 53.62877181231544 0.0 1.0 1.0 1 0 0 0.0 1.0 0
cell 34.53674505866566 23.766886101571618 0.0 1.0 1.0 1 0 0 0.0 1.0 0
cell 27.977284861156427 46.328017063381985 0.0 1.6431676725154984 0.6085806194501846 1 0 0 0.9943278635314297 -0.1063583555957054 3.3547124655784133
cell 31.00498583315067 40.252079514952435 0.0 1.6431676725154984 0.6085806194501846 1 0 0 0.9392056058646581 0.3433552532180055 2.440618628181417
cell 12.853586257573898 54.981440343198265 0.0 1.0 1.0 1 0 0 0.0 1.0 0
cell 7.885893268975711 56.22367668302679 0.0 1.6431676725154984 0.6085806194501846 1 0 0 0.40151405174787463 -0.91585286277273 5.4568464898692115
cell 34.418415958968744 20.018085248306075 0.0 1.0 1.0 1 0 0 0.0 1.0 0
cell 9.361285536306069 33.21141393777204 0.0 1.6431676725154984 0.6085806194501846 1 0 0 0.9588874594795719 -0.28378661006610656 3.7170742065161337
cell 48.68790833819324 20.197309923935215 0.0 1.0 1.0 1 0 0 0.0 1.0 0
cell 14.175168905745627 5.7199625223188955 0.0 1.0 1.0 1 0 0 0.0 1.0 0
cell 50.97466336090719 12.35144125441143 0.0 1.0 1.0 1 0 0 0.0 1.0 0
cell 2.7134126901055966 13.48749855665396 0.0 1.0 1.0 1 0 0 0.0 1.0 0
cell 55.54879149521948 53.72158269499081 0.0 1.6431676725154984 0.6085806194501846 1 0 0 0.45475602251810177 -0.8906160564370685 5.338988802011803
cell 8.835124562106602 47.99523812971688 0.0 1.0 1.0 1 0 0 0.0 1.0 0
cell 35.006726547600444 6.682812700567344 0.0 1.0 1.0 1 0 0 0.0 1.0 0
cell 35.83718351197853 58.877223455509835 0.0 1.0 1.0 1 0 0 0.0 1.0 0
cell 19.154644832018672 38.057465458771496 0.0 1.6431676725154984 0.6085806194501846 1 0 0 0.9688517833569957 -0.247641317000958 3.6420826156700654
cell 34.647564941123804 21.875097412070716 0.0 1.0 1.0 1 0 0 0.0 1.0 0
cell 46.38385819728803 45.477730445416135 0.0 1.6431676725154984 0.6085806194501846 1 0 0 0.9997442737135681 0.02261387133885167 3.0963610552101257
cell 30.29746661109602 58.181635545437345 0.0 1.0 1.0 1 0 0 0.0 1.0 0
cell 20.735184669858157 15.245379775389837 0.0 1.0 1.0 1 0 0 0.0 1.0 0
cell 45.784662110930135 19.828574722649865 0.0 1.6431676725154984 0.6085806194501846 1 0 0 0.516759503849141 -0.8561306063805858 5.197062188948898
cell 29.364282978513362 16.77675240148455 0.0 1.0 1.0 1 0 0 0.0 1.0 0
cell 3.905392849521814 24.644739854663854 0.0 1.6431676725154984 0.6085806194501846 1 0 0 0.9951121281295141 0.09875146808807177 2.943767297264124
cell 51.21060436833537 9.83076371966192 0.0 1.6431676725154984 0.6085806194501846 1 0 0 0.535629220756704 -0.8444532774947149 5.152679920670998
cell 47.99133572365917 10.605132573561018 0.0 1.0 1.0 1 0 0 0.0 1.0 0
cell 21.073422995553248 57.06992846926313 0.0 1.0 1.0 1 0 0 0.0 1.0 0
cell 9.468174820354452 26.11835981926862 0.0 1.6431676725154984 0.6085806194501846 1 0 0 0.18981140570401997 0.9818205692817115 0.38194011329461214
cell 49.74219210270861 0.527040970487553 0.0 1.0 1.0 1 0 0 0.0 1.0 0
cell 54.99542384317271 28.568145145525467 0.0 1.0 1.0 1 0 0 0.0 1.0 0
cell 19.136249097997176 9.517872392193556 0.0 1.0 1.0 1 0 0 0.0 1.0 0
cell 21.682986564357076 47.44623697597645 0.0 1.0 1.0 1 0 0 0.0 1.0 0
cell 23.303165340333003 10.504849528619882 0.0 1.0 1.0 1 0 0 0.0 1.0 0
cell 57.736741283810716 11.990183892289702 0.0 1.0 1.0 1 0 0 0.0 1.0 0
cell 25.760854415568442 28.01668378443863 0.0 1.0 1.0 1 0 0 0.0 1.0 0
cell 2.693256207480059 21.708776144916374 0.0 1.6431676725154984 0.6085806194501846 1 0 0 0.7907797027550256 0.6121008590997674 1.8241635310497315
cell 19.500422903205763 45.27567054434579 0.0 1.6431676725154984 0.6085806194501846 1 0 0 0.5155101757233856 -0.8568834569097737 5.199979451406976
cell 24.365318459786696 39.21993615929989 0.0 1.0 1.0 1 0 0 0.0 1.0 0
cell 19.322899392781043 51.1821109262245 0.0 1.0 1.0 1 0 0 0.0 1.0 0
cell 1.142670369325945 43.025293387325235 0.0 1.0 1.0 1 0 0 0.0 1.0 0
cell 44.87694647757302 18.551621733404488 0.0 1.0 1.0 1 0 0 0.0 1.0 0
cell 37.38304247405946 52.20455821164367 0.0 1.0 1.0 1 0 0 0.0 1.0 0
cell 48.18750449218925 1.8184378212777876 0.0 1.0 1.0 1 0 0 0.0 1.0 0
cell 16.449860975575167 36.53998559732777 0.0 1.6431676725154984 0.6085806194501846 1 0 0 0.9778743515856095 -0.2091930986218804 3.5630921101413273
cell 51.504101611654626 50.82444481647797 0.0 1.6431676725154984 0.6085806194501846 1 0 0 0.07443390359972954 -0.9972259493188623 6.13417969143886
cell 32.761125042649574 18.917264920660884 0.0 1.0 1.0 1 0 0 0.0 1.0 0
cell 54.722075549571194 45.883683914559356 0.0 1.6431676725154984 0.6085806194501846 1 0 0 0.9352727256472219 -0.35392785798862536 3.865127606974732
cell 37.10812250518583 32.343449214453436 0.0 1.0 1.0 1 0 0 0.0 1.0 0
cell 15.280380424441084 2.794642033150602 0.0 1.0 1.0 1 0 0 0.0 1.0 0
cell 46.85583937505719 27.769656088339 0.0 1.6431676725154984 0.6085806194501846 1 0 0 0.8833126117544033 0.46878441731313414 2.1657644314948272
cell 17.15995588740486 50.48110005937769 0.0 1.0 1.0 1 0 0 0.0 1.0 0
cell 27.242409031418738 52.235139767239794 0.0 1.0 1.0 1 0 0 0.0 1.0 0
cell 16.02958433506097 6.4162308965651 0.0 1.0 1.0 1 0 0 0.0 1.0 0
cell 39.89112915784949 2.5048991151702293 0.0 1.0 1.0 1 0 0 0.0 1.0 0
cell 30.64066201593568 4.38095156615296 0.0 1.0 1.0 1 0 0 0.0 1.0 0
cell 23.003376101674633 42.355583932770486 0.0 1.6431676725154984 0.6085806194501846 1 0 0 0.8579337959322649 -0.5137602571212129 4.220716633018222
cell 23.872632450344042 33.3060409465334 0.0 1.0 1.0 1 0 0 0.0 1.0 0
cell 8.009280305953713 41.67102249683215 0.0 1.0 1.0 1 0 0 0.0 1.0 0
cell 22.43620242261631 15.42758603681457 0.0 1.0 1.0 1 0 0 0.0 1.0 0
cell 58.62251437772189 32.071471390349046 0.0 1.6431676725154984 0.6085806194501846 1 0 0 0.9925791302589478 -0.12160045301885443 3.385396938461162
cell 29.948183937474433 47.81342731240653 0.0 1.0 1.0 1 0 0 0.0 1.0 0
cell 36.527995210308845 40.021722099883235 0.0 1.6431676725154984 0.6085806194501846 1 0 0 0.9591326631943503 0.28295677124556123 2.567841716018227
cell 12.487906138598294 6.726971098234821 0.0 1.0 1.0 1 0 0 0.0 1.0 0
cell 4.111929519819265 31.670755360165863 0.0 1.6431676725154984 0.6085806194501846 1 0 0 0.8830583719542825 -0.46926315828269755 4.118504998923323
cell 52.46124969973949 21.911005758696906 0.0 1.6431676725154984 0.6085806194501846 1 0 0 0.9941263800832938 0.10822541486400745 2.9247170423905766
cell 40.84913224513601 58.43029724962204 0.0 1.0 1.0 1 0 0 0.0 1.0 0
cell 41.86649487112885 37.97222214069102 0.0 1.6431676725154984 0.6085806194501846 1 0 0 0.999698684112359 -0.024546710248378192 3.190691005556785
cell 45.91940313845892 13.468563912984397 0.0 1.0 1.0 1 0 0 0.0 1.0 0
cell 20.132809265475046 42.76699477444344 0.0 1.6431676725154984 0.6085806194501846 1 0 0 0.7967509113169982 -0.6043078564072563 4.439386400212088
cell 20.531226215693348 50.05978708556849 0.0 1.0 1.0 1 0 0 0.0 1.0 0
cell 6.618685576858068 30.362453435340928 0.0 1.6431676725154984 0.6085806194501846 1 0 0 0.9924218641287752 -0.12287735185609591 3.387970032710937
cell 30.985524580927578 27.414565949188678 0.0 1.0 1.0 1 0 0 0.0 1.0 0
cell 35.274583185537224 51.97185523556082 0.0 1.0 1.0 1 0 0 0.0 1.0 0
cell 2.827699593934843 46.81415235180222 0.0 1.0 1.0 1 0 0 0.0 1.0 0
cell 39.50795452350837 15.801756112960508 0.0 1.0 1.0 1 0 0 0.0 1.0 0
cell 17.79878340047107 41.94999187326827 0.0 1.0 1.0 1 0 0 0.0 1.0 0
cell 52.819196143592215 12.392472297563371 0.0 1.0 1.0 1 0 0 0.0 1.0 0
cell 10.193186511513584 12.592409284694266 0.0 1.0 1.0 1 0 0 0.0 1.0 0
cell 15.968080805978873 15.842067065446576 0.0 1.0 1.0 1 0 0 0.0 1.0 0
cell 29.92937718025947 11.124833830326123 0.0 1.0 1.0 1 0 0 0.0 1.0 0
cell 31.333991176167928 41.56896841936877 0.0 1.6431676725154984 0.6085806194501846 1 0 0 0.9073764536278578 0.42031889251106946 2.273999181536981
cell 52.67094832599359 48.53239750937565 0.0 1.6431676725154984 0.6085806194501846 1 0 0 0.9458832459874684 -0.32450714161665284 3.802573904047098
cell 33.41338411954116 56.79204220300648 0.0 1.0 1.0 1 0 0 0.0 1.0 0
cell 32.15953506857957 8.038772342397122 0.0 1.0 1.0 1 0 0 0.0 1.0 0
cell 1.6704638787319137 1.876580036227266 0.0 1.6431676725154984 0.6085806194501846 1 0 0 0.4496276189948065 -0.8932161016445355 5.350488514854043
cell 58.72929673752652 43.20491586709722 0.0 1.6431676725154984 0.6085806194501846 1 0 0 0.6193384209033457 -0.7851241433002493 4.947385746781682
cell 25.764675866470817 53.451567744963825 0.0 1.0 1.0 1 0 0 0.0 1.0 0
cell 26.071171427976516 33.40923839776687 0.0 1.0 1.0 1 0 0 0.0 1.0 0
cell 25.45256055320568 13.221464193802598 0.0 1.0 1.0 1 0 0 0.0 1.0 0
cell 15.680297446688812 32.51244357435806 0.0 1.0 1.0 1 0 0 0.0 1.0 0
cell 37.9556367894123 24.179462688096454 0.0 1.0 1.0 1 0 0 0.0 1.0 0
cell 29.49938361511321 30.14323583201171 0.0 1.0 1.0 1 0 0 0.0 1.0 0
cell 24.946787633093972 11.29377793832697 0.0 1.0 1.0 1 0 0 0.0 1.0 0
cell 58.73931702182272 33.450868968601476 0.0 1.0 1.0 1 0 0 0.0 1.0 0
cell 2.8259506305787543 37.75907661066261 0.0 1.0 1.0 1 0 0 0.0 1.0 0
cell 41.10242437423305 6.608552635821803 0.0 1.0 1.0 1 0 0 0.0 1.0 0
cell 0.8835968344004084 57.7917488467723 0.0 1.0 1.0 1 0 0 0.0 1.0 0
cell 38.44967436330557 41.297499081499424 0.0 1.6431676725154984 0.6085806194501846 1 0 0 0.9800362698655358 0.19881878620504315 2.741287658553707
cell 50.539995613483526 36.903668479610744 0.0 1.6431676725154984 0.6085806194501846 1 0 0 0.8536200264641255 -0.5208961992752354 4.237393644779946
cell 39.37454473097012 19.04315005494543 0.0 1.0 1.0 1 0 0 0.0 1.0 0
cell 54.75193994078307 5.583145095030918 0.0 1.6431676725154984 0.6085806194501846 1 0 0 0.6869356248904678 -0.7267182722736112 4.768657562690619
cell 50.83641464501015 30.043520118252655 0.0 1.6431676725154984 0.6085806194501846 1 0 0 0.946637018291953 -0.3223016531129195 3.797912421584913
cell 46.02150400981121 58.326324670741734 0.0 1.0 1.0 1 0 0 0.0 1.0 0
cell 44.59042770590958 38.263333492379694 0.0 1.6431676725154984 0.6085806194501846 1 0 0 0.4182044023265183 -0.9083529478538173 5.4202499944912
cell 12.242577894348099 26.80361213073933 0.0 1.0 1.0 1 0 0 0.0 1.0 0
cell 40.033455211790596 12.723664149783344 0.0 1.0 1.0 1 0 0 0.0 1.0 0
cell 15.671493538971665 19.504855605082895 0.0 1.0 1.0 1 0 0 0.0 1.0 0
cell 24.729641887437687 58.01701094868448 0.0 1.0 1.0 1 0 0 0.0 1.0 0
cell 51.507866939257234 24.462872083243116 0.0 1.6431676725154984 0.6085806194501846 1 0 0 0.9987154180004465 -0.050670640889903265 3.2429773514077986
cell 8.985419707265734 29.946791738090056 0.0 1.6431676725154984 0.6085806194501846 1 0 0 0.9980433881945391 -0.06252515718624403 3.266724590154158
cell 52.10286884583715 32.75765984741865 0.0 1.0 1.0 1 0 0 0.0 1.0 0
cell 28.807128497980766 4.241790809848914 0.0 1.0 1.0 1 0 0 0.0 1.0 0
cell 45.61265878611106 56.323786487891 0.0 1.0 1.0 1 0 0 0.0 1.0 0
cell 5.875045239821917 33.9979569473088 0.0 1.6431676725154984 0.6085806194501846 1 0 0 0.8846178225990488 -0.46631674636465487 4.111837693681698
cell 9.976265079168499 18.43288443530921 0.0 1.0 1.0 1 0 0 0.0 1.0 0
cell 15.70950726391084 4.613201748472988 0.0 1.0 1.0 1 0 0 0.0 1.0 0
cell 13.043544821501792 17.392728415283646 0.0 1.0 1.0 1 0 0 0.0 1.0 0
cell 42.58999845334153 9.652689284838068 0.0 1.0 1.0 1 0 0 0.0 1.0 0
cell 58.26471917738359 41.276820768146784 0.0 1.0 1.0 1 0 0 0.0 1.0 0
cell 20.36581133491815 13.182943661473663 0.0 1.0 1.0 1 0 0 0.0 1.0 0
cell 20.108724056130637 46.63905439145394 0.0 1.0 1.0 1 0 0 0.0 1.0 0
cell 20.098476137086784 48.402214501732864 0.0 1.0 1.0 1 0 0 0.0 1.0 0
cell 31.051212798122755 19.84615954449426 0.0 1.0 1.0 1 0 0 0.0 1.0 0
cell 11.917017791924954 33.15402089523198 0.0 1.6431676725154984 0.6085806194501846 1 0 0 0.937571380657184 0.34779290701879134 2.431160614656043
cell 32.815199857453045 22.754075024941212 0.0 1.0 1.0 1 0 0 0.0 1.0 0
cell 33.199977468544084 40.65646117413671 0.0 1.6431676725154984 0.6085806194501846 1 0 0 0.9006772076950594 0.4344888577842137 2.242651273060372
cell 32.50447659951776 35.953569295685206 0.0 1.0 1.0 1 0 0 0.0 1.0 0
cell 43.302782878350676 53.81895672355977 0.0 1.0 1.0 1 0 0 0.0 1.0 0
cell 27.6366112085664 19.74825760471804 0.0 1.0 1.0 1 0 0 0.0 1.0 0
cell 22.408614509370555 5.314522911386686 0.0 1.0 1.0 1 0 0 0.0 1.0 0
cell 2.086128285619201 49.94437386049737 0.0 1.6431676725154984 0.6085806194501846 1 0 0 0.9970398336025171 -0.0768867362414679 3.295518037650062
cell 52.45794492507465 10.617139223498894 0.0 1.0 1.0 1 0 0 0.0 1.0 0
cell 55.51678162052766 34.0755446365986 0.0 1.0 1.0 1 0 0 0.0 1.0 0
cell 20.591675209053097 52.04290164441968 0.0 1.0 1.0 1 0 0 0.0 1.0 0
cell 5.120610032349008 15.460226853056776 0.0 1.0 1.0 1 0 0 0.0 1.0 0
cell 33.300444175237 51.70627404224686 0.0 1.0 1.0 1 0 0 0.0 1.0 0
cell 41.28606100834223 1.2481468467261458 0.0 1.0 1.0 1 0 0 0.0 1.0 0
cell 13.224602554909527 39.79446581698089 0.0 1.0 1.0 1 0 0 0.0 1.0 0
cell 29.370054760494504 18.772289988792068 0.0 1.0 1.0 1 0 0 0.0 1.0 0
cell 49.424410850521376 11.232472234872311 0.0 1.6431676725154984 0.6085806194501846 1 0 0 0.45005909385531734 -0.8929987749365229 5.349522282050195
cell 34.636338419358125 16.290995683399224 0.0 1.0 1.0 1 0 0 0.0 1.0 0
cell 43.668114406977004 24.293504172777343 0.0 1.6431676725154984 0.6085806194501846 1 0 0 0.27874494731834776 0.960365167186155 0.5649740228992425
cell 2.3169288519568694 41.41049172141995 0.0 1.0 1.0 1 0 0 0.0 1.0 0
cell 12.726841446081313 20.736725587377 0.0 1.0 1.0 1 0 0 0.0 1.0 0
cell 3.30914008967843 11.612271564695996 0.0 1.0 1.0 1 0 0 0.0 1.0 0
cell 46.93495470547549 5.1226717333438785 0.0 1.0 1.0 1 0 0 0.0 1.0 0
cell 27.5903589618313 21.69572434215972 0.0 1.0 1.0 1 0 0 0.0 1.0 0
cell 24.202475447684204 19.788329039571718 0.0 1.0 1.0 1 0 0 0.0 1.0 0
cell 39.24408436804543 38.660826829357106 0.0 1.6431676725154984 0.6085806194501846 1 0 0 0.9997318875194484 0.023154979524950558 3.095278555336648
cell 14.828926437464661 1.0480831042431678 0.0 1.0 1.0 1 0 0 0.0 1.0 0
cell 56.531938368547365 45.17379023279706 0.0 1.6431676725154984 0.6085806194501846 1 0 0 0.11092338658016075 0.9938289602892382 0.2223042443378304
cell 28.71300253437282 12.680979996394502 0.0 1.0 1.0 1 0 0 0.0 1.0 0
cell 29.029933012027033 36.66597843814286 0.0 1.0 1.0 1 0 0 0.0 1.0 0
cell 24.44700064734365 56.35716464224317 0.0 1.0 1.0 1 0 0 0.0 1.0 0
cell 34.715967039746594 55.242658721615896 0.0 1.0 1.0 1 0 0 0.0 1.0 0
cell 14.655730465691608 55.267252135633406 0.0 1.0 1.0 1 0 0 0.0 1.0 0
cell 56.89636317897076 31.05569169340099 0.0 1.0 1.0 1 0 0 0.0 1.0 0
cell 3.9879506063979404 43.673622441424286 0.0 1.6431676725154984 0.6085806194501846 1 0 0 0.8642727697630772 0.5030234382671039 2.0874057054528494
cell 27.66072075192459 17.77768606118803 0.0 1.0 1.0 1 0 0 0.0 1.0 0
cell 51.84949337615599 3.1105595466403533 0.0 1.0 1.0 1 0 0 0.0 1.0 0
cell 25.363583859239792 3.831438189156406 0.0 1.0 1.0 1 0 0 0.0 1.0 0
cell 28.187015005226993 47.71680854631829 0.0 1.0 1.0 1 0 0 0.0 1.0 0
cell 51.54758414150218 49.50321631638582 0.0 1.6431676725154984 0.6085806194501846 1 0 0 0.10662044222558892 0.9942997944783152 0.21364698282889366
cell 39.81323746190099 7.811456734183142 0.0 1.0 1.0 1 0 0 0.0 1.0 0
cell 38.36058338342677 17.355584777674103 0.0 1.0 1.0 1 0 0 0.0 1.0 0
cell 16.67708737965697 9.515909440004547 0.0 1.0 1.0 1 0 0 0.0 1.0 0
cell 24.912474726901408 9.290962322431229 0.0 1.0 1.0 1 0 0 0.0 1.0 0
cell 8.44804772056571 39.69114704223847 0.0 1.0 1.0 1 0 0 0.0 1.0 0
cell 48.71956634361668 14.60434503098546 0.0 1.0 1.0 1 0 0 0.0 1.0 0
cell 34.64420754589983 1.3581891640637935 0.0 1.0 1.0 1 0 0 0.0 1.0 0
cell 47.00111608759008 54.9005414128543 0.0 1.0 1.0 1 0 0 0.0 1.0 0
cell 47.362798787729254 50.87386884861161 0.0 1.6431676725154984 0.6085806194501846 1 0 0 0.3582824761871331 0.9336132321562374 0.7328551803354948
cell 57.97618651475566 22.10100669443009 0.0 1.6431676725154984 0.6085806194501846 1 0 0 0.9925148815561595 0.1221237482620095 2.8967339194522053
cell 35.36474220688866 33.31851235529491 0.0 1.0 1.0 1 0 0 0.0 1.0 0
cell 6.094200337263205 22.27047872610424 0.0 1.6431676725154984 0.6085806194501846 1 0 0 0.44084072376683536 -0.8975853476236857 5.370115089796044
cell 11.767918373213739 56.41012851753735 0.0 1.0 1.0 1 0 0 0.0 1.0 0
cell 38.08979149531154 7.555739191103118 0.0 1.6431676725154984 0.6085806194501846 1 0 0 -0.47238336950331544 0.8813931882064293 5.299199471048984
cell 31.038371465605746 21.781969741269855 0.0 1.0 1.0 1 0 0 0.0 1.0 0
cell 23.866962651919867 27.129754192423203 0.0 1.0 1.0 1 0 0 0.0 1.0 0
cell 21.358953421071128 37.856936881654846 0.0 1.0 1.0 1 0 0 0.0 1.0 0
cell 22.920666258005127 38.32188212058429 0.0 1.0 1.0 1 0 0 0.0 1.0 0
cell 25.911444770658967 20.716210636310333 0.0 1.0 1.0 1 0 0 0.0 1.0 0
cell 46.94615670859022 37.500434584987225 0.0 1.6431676725154984 0.6085806194501846 1 0 0 -0.31179334194392144 0.950149941808892 5.649025547417572
cell 30.966592666804186 36.99387675904824 0.0 1.0 1.0 1 0 0 0.0 1.0 0
cell 25.581428582921408 42.70831332100708 0.0 1.6431676725154984 0.6085806194501846 1 0 0 0.9804921160724018 -0.19655841452317344 3.537285890496725
cell 23.283142776625862 46.08613362472979 0.0 1.0 1.0 1 0 0 0.0 1.0 0
cell 49.39690902578878 57.652601866173406 0.0 1.0 1.0 1 0 0 0.0 1.0 0
cell 14.406187870102682 37.47294770172288 0.0 1.6431676725154984 0.6085806194501846 1 0 0 0.8790079256969415 -0.4768071586731476 4.135630244000758
cell 15.993849756827961 46.979941849172526 0.0 1.6431676725154984 0.6085806194501846 1 0 0 0.3496499751652709 -0.936880405850675 5.568790365487275
cell 21.943320863270817 49.046663609709675 0.0 1.0 1.0 1 0 0 0.0 1.0 0
cell 8.201941391825285 52.70604269245981 0.0 1.6431676725154984 0.6085806194501846 1 0 0 -0.4115975006299122 0.911365732006207 5.434772838574385
cell 51.664997548244386 35.34058670856372 0.0 1.6431676725154984 0.6085806194501846 1 0 0 0.6611280933310332 -0.7502730464360776 4.838542619712009
cell 23.393668178288667 47.811193936183884 0.0 1.0 1.0 1 0 0 0.0 1.0 0
cell 37.1069275641268 57.38312122642021 0.0 1.0 1.0 1 0 0 0.0 1.0 0
cell 28.093630540033086 2.4429285353129346 0.0 1.0 1.0 1 0 0 0.0 1.0 0
cell 18.637268517395114 2.190267132018723 0.0 1.0 1.0 1 0 0 0.0 1.0 0
cell 10.461851332159119 57.82113000352149 0.0 1.0 1.0 1 0 0 0.0 1.0 0
cell 0.5955077786757346 8.769397134215575 0.0 1.0 1.0 1 0 0 0.0 1.0 0
cell 47.20524648698505 19.362591913962298 0.0 1.6431676725154984 0.6085806194501846 1 0 0 0.6592834246225212 -0.7518945178800018 4.843454635721627
cell 56.32832992612114 10.624941463796597 0.0 1.0 1.0 1 0 0 0.0 1.0 0
cell 33.1465133347123 14.982390977262055 0.0 1.0 1.0 1 0 0 0.0 1.0 0
cell 18.019061452515338 18.103268856058342 0.0 1.0 1.0 1 0 0 0.0 1.0 0
cell 36.38768560172397 17.22305143718378 0.0 1.0 1.0 1 0 0 0.0 1.0 0
cell 27.541606879520597 23.658792152833893 0.0 1.0 1.0 1 0 0 0.0 1.0 0
cell 14.055278275797345 30.861000880820047 0.0 1.6431676725154984 0.6085806194501846 1 0 0 0.8051244213606941 -0.5931059484852664 4.411414871840833
cell 22.11764256720539 50.77860444500526 0.0 1.0 1.0 1 0 0 0.0 1.0 0
cell 57.01916973226758 29.050718151225563 0.0 1.0 1.0 1 0 0 0.0 1.0 0
cell 12.325860290986498 5.04752451041077 0.0 1.0 1.0 1 0 0 0.0 1.0 0
cell 27.460182326073227 27.287706633437857 0.0 1.0 1.0 1 0 0 0.0 1.0 0
cell 14.989604332944186 12.478749497987508 0.0 1.0 1.0 1 0 0 0.0 1.0 0
cell 29.850896276940073 2.5397451649489495 0.0 1.0 1.0 1 0 0 0.0 1.0 0
cell 3.7780396578323123 28.242874589064268 0.0 1.6431676725154984 0.6085806194501846 1 0 0 0.9760678079702604 0.21746639796559572 2.7031566672391634
cell 48.49654024288082 22.0050700796561 0.0 1.0 1.0 1 0 0 0.0 1.0 0
cell 3.5885241861618313 29.842365754510347 0.0 1.6431676725154984 0.6085806194501846 1 0 0 0.9963782052352227 0.08503218292056544 2.9713226771026915
cell 40.26001130774502 46.70746692311649 0.0 1.0 1.0 1 0 0 0.0 1.0 0
cell 20.645561396215133 40.54805862909247 0.0 1.6431676725154984 0.6085806194501846 1 0 0 0.8810814346116889 -0.472964592313852 4.126897595895184
cell 46.09362898035531 39.698924352910275 0.0 1.6431676725154984 0.6085806194501846 1 0 0 0.4270615833047391 -0.9042225412282362 5.400704081981223
cell 36.04397089043226 24.827958207444546 0.0 1.0 1.0 1 0 0 0.0 1.0 0
cell 44.95975524974677 48.37329386656886 0.0 1.6431676725154984 0.6085806194501846 1 0 0 0.455895052283879 0.8900335394259473 0.9467551885001311
cell 36.06774523143233 5.049229204496334 0.0 1.0 1.0 1 0 0 0.0 1.0 0
cell 24.07867846405138 36.000066680131546 0.0 1.0 1.0 1 0 0 0.0 1.0 0
cell 46.800290198788716 52.50043820416673 0.0 1.0 1.0 1 0 0 0.0 1.0 0
cell 26.49924060865423 40.705717467835456 0.0 1.0 1.0 1 0 0 0.0 1.0 0
cell 26.353502504263194 31.429385173529187 0.0 1.0 1.0 1 0 0 0.0 1.0 0
cell 24.182247685040863 42.821396905292545 0.0 1.6431676725154984 0.6085806194501846 1 0 0 0.894711949304324 -0.4466436250211759 4.067613581746283
cell 49.75753355863427 13.451185691311467 0.0 1.6431676725154984 0.6085806194501846 1 0 0 0.9285940205197064 -0.3710972177948078 3.901973318675319
cell 15.641484411978233 26.63092321805499 0.0 1.6431676725154984 0.6085806194501846 1 0 0 0.9553878101617654 0.2953542486477999 2.541940077889959
cell 45.00444808908529 15.04574332617431 0.0 1.0 1.0 1 0 0 0.0 1.0 0
cell 48.95592478068252 16.608191820371303 0.0 1.0 1.0 1 0 0 0.0 1.0 0
cell 53.75427237294349 15.213201227554528 0.0 1.0 1.0 1 0 0 0.0 1.0 0
cell 26.285045901081343 56.794158599116365 0.0 1.0 1.0 1 0 0 0.0 1.0 0
cell 32.81479423994514 1.1042208401373168 0.0 1.0 1.0 1 0 0 0.0 1.0 0
cell 20.690964904724638 21.983404767466087 0.0 1.0 1.0 1 0 0 0.0 1.0 0
cell 49.87773577663371 28.155594650622447 0.0 1.6431676725154984 0.6085806194501846 1 0 0 0.965451090222316 -0.2605843287470324 3.6688474388211105
cell 4.428348886610747 4.095376610724669 0.0 1.0 1.0 1 0 0 0.0 1.0 0
cell 33.557156874145726 2.965778153475329 0.0 1.0 1.0 1 0 0 0.0 1.0 0
cell 17.133190104821605 3.336072942821955 0.0 1.0 1.0 1 0 0 0.0 1.0 0
cell 21.986384957318137 26.25665167341405 0.0 1.0 1.0 1 0 0 0.0 1.0 0
cell 6.555095500544798 45.3663025674548 0.0 1.0 1.0 1 0 0 0.0 1.0 0
cell 54.79048597045107 35.96426349097976 0.0 1.0 1.0 1 0 0 0.0 1.0 0
cell 22.646257252434495 29.717887301576088 0.0 1.0 1.0 1 0 0 0.0 1.0 0
cell 11.035710748081968 54.63572505971992 0.0 1.0 1.0 1 0 0 0.0 1.0 0
cell 21.128011343593588 34.53885134756866 0.0 1.0 1.0 1 0 0 0.0 1.0 0
cell 19.523083662686297 58.268505694519575 0.0 1.0 1.0 1 0 0 0.0 1.0 0
cell 14.079620917895726 28.762302767279202 0.0 1.6431676725154984 0.6085806194501846 1 0 0 0.9077598468393889 -0.4194902388210352 4.007360028875651
cell 20.019748257111313 0.9538298795295413 0.0 1.0 1.0 1 0 0 0.0 1.0 0
cell 55.818616966894425 12.50989474968149 0.0 1.0 1.0 1 0 0 0.0 1.0 0
cell 56.660549184342756 35.59529671511323 0.0 1.0 1.0 1 0 0 0.0 1.0 0
cell 34.327040490593724 42.19339033322538 0.0 1.6431676725154984 0.6085806194501846 1 0 0 0.921724724214546 0.38784472765736955 2.3450083828375967
cell 28.70167121695915 52.834818444228844 0.0 1.0 1.0 1 0 0 0.0 1.0 0
cell 29.270023162141992 22.72232578807683 0.0 1.0 1.0 1 0 0 0.0 1.0 0
cell 35.65571761687456 15.060898319905228 0.0 1.0 1.0 1 0 0 0.0 1.0 0
cell 7.175657469042429 49.213416733467746 0.0 1.0 1.0 1 0 0 0.0 1.0 0
cell 18.471521840715617 25.835604702600914 0.0 1.6431676725154984 0.6085806194501846 1 0 0 0.9849842509413599 0.17264421622947043 2.7945655186461855
cell 22.333931997591975 31.005399199328615 0.0 1.6431676725154984 0.6085806194501846 1 0 0 0.1488413215896821 0.9888610928676671 0.29879287791812753
cell 9.282868479335443 35.096039423331526 0.0 1.6431676725154984 0.6085806194501846 1 0 0 0.8192791301208385 -0.5733948961653236 4.362879925076603
cell 30.589004216141056 49.67907397024772 0.0 1.0 1.0 1 0 0 0.0 1.0 0
cell 50.29350913144467 4.342402977619535 0.0 1.0 1.0 1 0 0 0.0 1.0 0
cell 23.849291722576687 51.19449378413961 0.0 1.0 1.0 1 0 0 0.0 1.0 0
cell 24.971477328416487 34.667854277616314 0.0 1.0 1.0 1 0 0 0.0 1.0 0
cell 38.366817840406796 36.42275203868797 0.0 1.6431676725154984 0.6085806194501846 1 0 0 0.9954117117830416 0.0956845026383849 2.9499304247006086
cell 45.18203898312949 54.377651429545196 0.0 1.0 1.0 1 0 0 0.0 1.0 0
cell 1.1222870734312895 4.573519576532125 0.0 1.0 1.0 1 0 0 0.0 1.0 0
cell 8.26311993677324 18.614844518737918 0.0 1.0 1.0 1 0 0 0.0 1.0 0
cell 19.958703738126673 11.248219116041371 0.0 1.0 1.0 1 0 0 0.0 1.0 0
cell 55.049268843767074 0.7232403011559139 0.0 1.0 1.0 1 0 0 0.0 1.0 0
cell 14.351083087920903 7.454341837355606 0.0 1.0 1.0 1 0 0 0.0 1.0 0
cell 13.836329866315284 19.23151906792293 0.0 1.0 1.0 1 0 0 0.0 1.0 0
cell 0.2281484244801629 25.547906778734003 0.0 1.6431676725154984 0.6085806194501846 1 0 0 -0.2548779594745865 0.966973229088619 5.767742322553469
cell 16.457686970704195 17.705600968584015 0.0 1.0 1.0 1 0 0 0.0 1.0 0
cell 5.524334826931719 58.428413951155676 0.0 1.6431676725154984 0.6085806194501846 1 0 0 0.3904897981094746 -0.92060725479024 5.480858165620536
cell 50.4621559150354 19.158771931575217 0.0 1.0 1.0 1 0 0 0.0 1.0 0
cell 23.30907385425312 0.1313053953168816 0.0 1.0 1.0 1 0 0 0.0 1.0 0
cell 7.737040299699741 35.29399185385272 0.0 1.6431676725154984 0.6085806194501846 1 0 0 0.8914070156682428 -0.45320363239656103 4.082304602910581
cell 14.22666073590145 15.651271911040231 0.0 1.0 1.0 1 0 0 0.0 1.0 0
cell 11.39825885701026 13.06687393276145 0.0 1.6431676725154984 0.6085806194501846 1 0 0 0.5420221089947453 -0.8403642266070638 5.137502353861282
cell 31.169650277741468 46.833909577175895 0.0 1.0 1.0 1 0 0 0.0 1.0 0
cell 28.562454132842536 41.00904925928379 0.0 1.0 1.0 1 0 0 0.0 1.0 0
cell 24.97932057748909 32.228808957382824 0.0 1.6431676725154984 0.6085806194501846 1 0 0 0.08457983586676154 0.9964167056832958 0.16936201141040183
cell 39.228918174455586 39.82767647091639 0.0 1.6431676725154984 0.6085806194501846 1 0 0 0.9979770935604048 0.06357452893043898 3.014357789410994
cell 24.84942761763374 45.00177881773185 0.0 1.6431676725154984 0.6085806194501846 1 0 0 0.9356369069404638 -0.35296399019005026 3.8630668602737464
cell 0.510982988144842 17.33171859697018 0.0 1.0 1.0 1 0 0 0.0 1.0 0
cell 47.664936296253785 35.018403507895925 0.0 1.6431676725154984 0.6085806194501846 1 0 0 0.5541378747842335 -0.8324249009548028 5.108531448356129
cell 35.51750992101468 42.94493746096238 0.0 1.6431676725154984 0.6085806194501846 1 0 0 0.993807010231364 0.11111987407749215 2.9188929897695113
cell 12.055012316984213 49.16747124162009 0.0 1.6431676725154984 0.6085806194501846 1 0 0 0.3362612055520616 -0.9417687622981951 5.597297109948359
cell 35.02058371060558 46.92923308017264 0.0 1.0 1.0 1 0 0 0.0 1.0 0
cell 22.662102625873878 55.853609025275546 0.0 1.0 1.0 1 0 0 0.0 1.0 0
cell 26.89370925533083 48.91405002258246 0.0 1.0 1.0 1 0 0 0.0 1.0 0
cell 57.829441466844344 39.61738202015621 0.0 1.0 1.0 1 0 0 0.0 1.0 0
cell 38.82199580477194 20.82230007583385 0.0 1.0 1.0 1 0 0 0.0 1.0 0
cell 20.737660973097935 35.953527013316 0.0 1.0 1.0 1 0 0 0.0 1.0 0
cell 54.06567079086039 13.375546351272789 0.0 1.0 1.0 1 0 0 0.0 1.0 0
cell 22.382999467111283 17.093598980623856 0.0 1.0 1.0 1 0 0 0.0 1.0 0
cell 57.31891317727531 13.755366902314348 0.0 1.0 1.0 1 0 0 0.0 1.0 0
cell 5.18231241939937 20.677281262303282 0.0 1.0 1.0 1 0 0 0.0 1.0 0
cell 42.00668709406138 13.04572808982558 0.0 1.0 1.0 1 0 0 0.0 1.0 0
cell 47.73140428046002 41.290380056959194 0.0 1.6431676725154984 0.6085806194501846 1 0 0 0.579857277707034 -0.8147180723969413 5.046078307634577
cell 45.72471253978721 8.405170923912344 0.0 1.0 1.0 1 0 0 0.0 1.0 0
cell 23.69553446544733 6.2683284570404725 0.0 1.6431676725154984 0.6085806194501846 1 0 0 0.27436833177669984 -0.9616246765334544 5.727319777733151
cell 43.50235448318327 3.8742887813164257 0.0 1.0 1.0 1 0 0 0.0 1.0 0
cell 50.90775649581733 7.900623027756238 0.0 1.6431676725154984 0.6085806194501846 1 0 0 0.5667428110641969 -0.8238947664034844 5.07809120617958
cell 53.55445393533466 17.303286941397243 0.0 1.6431676725154984 0.6085806194501846 1 0 0 0.7782266942019879 -0.6279834491699965 4.4995112161791315
cell 25.736094735487065 5.673877622267595 0.0 1.0 1.0 1 0 0 0.0 1.0 0
cell 24.235098145285058 54.67698085437826 0.0 1.0 1.0 1 0 0 0.0 1.0 0
cell 1.2926952721199318 26.510704717932388 0.0 1.0 1.0 1 0 0 0.0 1.0 0
cell 30.577960233646454 12.93040800931738 0.0 1.0 1.0 1 0 0 0.0 1.0 0
cell 42.8273030771145 22.096328066845242 0.0 1.6431676725154984 0.6085806194501846 1 0 0 0.4593227314780775 0.8882694570610418 0.9544651793308875
cell 27.33301855830201 13.951412414746649 0.0 1.0 1.0 1 0 0 0.0 1.0 0
cell 41.70666474438899 43.299129884777784 0.0 1.0 1.0 1 0 0 0.0 1.0 0
cell 45.89453507263201 25.949055440656704 0.0 1.6431676725154984 0.6085806194501846 1 0 0 -0.07080094266670431 -0.9974904643742245 0.14172045602353744
cell 28.07825072043927 10.78767951632466 0.0 1.0 1.0 1 0 0 0.0 1.0 0
cell 42.278351701916144 46.7900375245742 0.0 1.0 1.0 1 0 0 0.0 1.0 0
cell 25.801237052449853 22.648629444140212 0.0 1.0 1.0 1 0 0 0.0 1.0 0
cell 4.85572761390151 44.91286118358235 0.0 1.0 1.0 1 0 0 0.0 1.0 0
cell 5.3735495007643275 37.925571806194334 0.0 1.6431676725154984 0.6085806194501846 1 0 0 0.6693995894493256 -0.7429025438407614 4.816384712588032
cell 38.10705941626024 2.0590005376685947 0.0 1.0 1.0 1 0 0 0.0 1.0 0
cell 21.983161693649777 33.23309227810139 0.0 1.0 1.0 1 0 0 0.0 1.0 0
cell 0.12449405176975645 13.453732922709536 0.0 1.0 1.0 1 0 0 0.0 1.0 0
cell 47.25771906182171 23.50890596438437 0.0 1.0 1.0 1 0 0 0.0 1.0 0
cell 2.0585666144014017 58.94851227181714 0.0 1.6431676725154984 0.6085806194501846 1 0 0 0.32827360384594584 -0.9445826808797603 5.614234683263198
cell 54.76105564672166 57.85851396347285 0.0 1.0 1.0 1 0 0 0.0 1.0 0
cell 17.511470358948998 46.95500074339579 0.0 1.6431676725154984 0.6085806194501846 1 0 0 0.3344204169995961 -0.9424239941203832 5.601204964833254
cell 30.565629347202833 35.44376224536281 0.0 1.0 1.0 1 0 0 0.0 1.0 0
cell 58.50092906274416 4.136015190295144 0.0 1.6431676725154984 0.6085806194501846 1 0 0 0.48269857363558893 -0.8757865533394356 5.2757184681638645
cell 52.27382234203781 6.876638934654475 0.0 1.6431676725154984 0.6085806194501846 1 0 0 0.6316120680325464 -0.7752845900155955 4.915923749015003
cell 49.5459743699074 23.267578264992714 0.0 1.6431676725154984 0.6085806194501846 1 0 0 0.9645938294930688 0.26373991753979237 2.6077979459997254
cell 56.822571000349505 20.21868953812614 0.0 1.0 1.0 1 0 0 0.0 1.0 0
cell 47.48567459754559 56.999339354934946 0.0 1.0 1.0 1 0 0 0.0 1.0 0
cell 18.713139176788964 36.308596081724076 0.0 1.0 1.0 1 0 0 0.0 1.0 0
cell 41.84045808929807 55.17565395285851 0.0 1.0 1.0 1 0 0 0.0 1.0 0
cell 16.089286233026574 11.141615845647367 0.0 1.0 1.0 1 0 0 0.0 1.0 0
cell 39.345637297039595 10.883561089805383 0.0 1.0 1.0 1 0 0 0.0 1.0 0
cell 4.544658180010091 36.31888217377948 0.0 1.6431676725154984 0.6085806194501846 1 0 0 0.6230564746475441 -0.7821768530196826 4.937896703443291
cell 26.48241144253984 47.10237738948707 0.0 1.0 1.0 1 0 0 0.0 1.0 0
cell 30.850335931297092 39.00420529168405 0.0 1.6431676725154984 0.6085806194501846 1 0 0 -0.4407047397638014 0.8976521221217717 5.370418078130602
cell 3.661758029115893 51.48243485178549 0.0 1.0 1.0 1 0 0 0.0 1.0 0
cell 1.4026508231278507 28.22898433061441 0.0 1.0 1.0 1 0 0 0.0 1.0 0
cell 37.98947860533062 47.38130912935736 0.0 1.0 1.0 1 0 0 0.0 1.0 0
cell 10.901541384471823 11.068878931034236 0.0 1.0 1.0 1 0 0 0.0 1.0 0
cell 35.82743710474978 11.961310678491147 0.0 1.0 1.0 1 0 0 0.0 1.0 0
cell 39.61635219714936 5.338227950699578 0.0 1.6431676725154984 0.6085806194501846 1 0 0 -0.6206123498768068 0.7841175365851653 4.944138500140366
cell 9.248847603652836 44.780612446374036 0.0 1.0 1.0 1 0 0 0.0 1.0 0
cell 21.577290720399617 43.41731503104408 0.0 1.6431676725154984 0.6085806194501846 1 0 0 0.8486178539424009 -0.5290063685535307 4.256451164311042
cell 49.88436935127888 52.6263758992444 0.0 1.6431676725154984 0.6085806194501846 1 0 0 0.44721770235312447 0.894425137561547 0.9273044012150077
cell 32.33762425278306 30.816847214744126 0.0 1.6431676725154984 0.6085806194501846 1 0 0 0.04006187539181758 -0.999197200826789 6.203040108414797
cell 0.7841427556661121 40.13378180387238 0.0 1.0 1.0 1 0 0 0.0 1.0 0
cell 33.61409268569273 32.442368778721146 0.0 1.0 1.0 1 0 0 0.0 1.0 0
cell 54.38647925255726 11.083653220162564 0.0 1.0 1.0 1 0 0 0.0 1.0 0
cell 32.77503270040553 20.88572228850211 0.0 1.0 1.0 1 0 0 0.0 1.0 0
cell 35.373695709203254 3.1601322811053865 0.0 1.0 1.0 1 0 0 0.0 1.0 0
cell 8.94924717678062 7.071934598694783 0.0 1.0 1.0 1 0 0 0.0 1.0 0
cell 14.538788963312454 45.37112768650552 0.0 1.6431676725154984 0.6085806194501846 1 0 0 0.17558342220949213 -0.9844645559110816 5.930188575488556
cell 44.89252769740812 33.64619211151809 0.0 1.6431676725154984 0.6085806194501846 1 0 0 0.9311721670382194 0.364579751677663 2.3952297494038293
cell 53.79553888683138 3.6968623365346516 0.0 1.0 1.0 1 0 0 0.0 1.0 0
cell 40.38663437763891 30.790719348041396 0.0 1.6431676725154984 0.6085806194501846 1 0 0 -0.27532508959121305 0.9613511819525633 5.725329617053091
cell 51.97583456074625 18.12022557602141 0.0 1.6431676725154984 0.6085806194501846 1 0 0 0.2323780692760615 0.9726255358150586 0.4690439428383242
cell 9.026578024004634 27.457443687145926 0.0 1.6431676725154984 0.6085806194501846 1 0 0 -0.11172855278822125 0.9937387637059599 6.059260657852692
cell 24.27913910263408 37.52302655843907 0.0 1.0 1.0 1 0 0 0.0 1.0 0
cell 29.18969453840852 54.60211296009901 0.0 1.0 1.0 1 0 0 0.0 1.0 0
cell 13.358264153491996 2.2206928615115262 0.0 1.0 1.0 1 0 0 0.0 1.0 0
cell 47.94411438235207 38.68387029352658 0.0 1.6431676725154984 0.6085806194501846 1 0 0 0.5491428215305749 -0.8357285214478677 5.1205088558482235
cell 52.94283829492328 57.177010237539335 0.0 1.0 1.0 1 0 0 0.0 1.0 0
cell 5.537228457498088 28.491136780831702 0.0 1.6431676725154984 0.6085806194501846 1 0 0 0.9812803480448459 0.1925847308095483 2.754001637203944
cell 36.37480048110337 22.899527506241892 0.0 1.0 1.0 1 0 0 0.0 1.0 0
cell 28.068890927047992 33.09293687906473 0.0 1.0 1.0 1 0 0 0.0 1.0 0
cell 24.865397659727478 40.57366344421001 0.0 1.0 1.0 1 0 0 0.0 1.0 0
cell 56.05999929259853 4.242847441388863 0.0 1.0 1.0 1 0 0 0.0 1.0 0
cell 54.03388079424235 32.93579757930195 0.0 1.0 1.0 1 0 0 0.0 1.0 0
cell 40.717732983242364 19.810899323737047 0.0 1.6431676725154984 0.6085806194501846 1 0 0 0.5702029768677442 -0.8215038436740042 5.069679479849683
cell 37.961673086000175 54.12940204590854 0.0 1.0 1.0 1 0 0 0.0 1.0 0
cell 34.5061112854253 25.773779606940874 0.0 1.0 1.0 1 0 0 0.0 1.0 0
cell 9.457761073204457 10.473601409904335 0.0 1.0 1.0 1 0 0 0.0 1.0 0
cell 11.068395907647078 16.92314795817981 0.0 1.0 1.0 1 0 0 0.0 1.0 0
cell 2.932891563126506 5.473730658421772 0.0 1.0 1.0 1 0 0 0.0 1.0 0
cell 27.4743452840349 25.463258535133107 0.0 1.0 1.0 1 0 0 0.0 1.0 0
cell 19.003724079548633 3.9592976310395183 0.0 1.0 1.0 1 0 0 0.0 1.0 0
cell 48.81529837014619 24.948526471143715 0.0 1.6431676725154984 0.6085806194501846 1 0 0 0.27636539700997903 -0.9610526350494631 5.723165020191565
cell 18.76285353479175 29.09803746554392 0.0 1.0 1.0 1 0 0 0.0 1.0 0
cell 8.074042429335975 13.74555696498176 0.0 1.0 1.0 1 0 0 0.0 1.0 0
cell 21.936540355980906 41.85833740400512 0.0 1.6431676725154984 0.6085806194501846 1 0 0 0.8240295258155245 -0.5665468564772395 4.346211114812029
cell 32.465675446893144 4.605950990457704 0.0 1.0 1.0 1 0 0 0.0 1.0 0
cell 25.248761357244902 0.6296231450284648 0.0 1.0 1.0 1 0 0 0.0 1.0 0
cell 29.312498344614202 51.201039912554386 0.0 1.0 1.0 1 0 0 0.0 1.0 0
cell 57.43260514249852 43.12474254009382 0.0 1.6431676725154984 0.6085806194501846 1 0 0 0.7165975963268176 -0.6974868349572108 4.685361459840661
cell 55.88575115160848 40.31980305645302 0.0 1.0 1.0 1 0 0 0.0 1.0 0
cell 14.357084814172413 42.89066306572685 0.0 1.0 1.0 1 0 0 0.0 1.0 0
cell 12.72018998633994 8.375990711530116 0.0 1.0 1.0 1 0 0 0.0 1.0 0
cell 36.97461005741972 38.34893127260317 0.0 1.6431676725154984 0.6085806194501846 1 0 0 0.9249091364702126 0.3801882287419296 2.3615930566158467
cell 57.07569078227364 25.609610353204317 0.0 1.6431676725154984 0.6085806194501846 1 0 0 0.15460671084151487 -0.9879760953397446 5.9727265764742254
cell 39.007682993952976 57.824156351902644 0.0 1.0 1.0 1 0 0 0.0 1.0 0
cell 6.356476982713228 13.858284677533396 0.0 1.0 1.0 1 0 0 0.0 1.0 0
cell 6.719394276446741 18.149577439502277 0.0 1.6431676725154984 0.6085806194501846 1 0 0 0.4895854116821676 -0.8719553455699451 5.259956867649675
cell 18.643948596309986 12.792124595795341 0.0 1.0 1.0 1 0 0 0.0 1.0 0
cell 2.2250353049598237 45.10338913078476 0.0 1.0 1.0 1 0 0 0.0 1.0 0
cell 24.61302992378796 7.38687673924368 0.0 1.0 1.0 1 0 0 0.0 1.0 0
cell 27.160962056983248 39.63667656702558 0.0 1.6431676725154984 0.6085806194501846 1 0 0 -0.1204240872638831 -0.9927225388831769 0.2414341350133773
cell 42.135144044782415 35.64650259049589 0.0 1.6431676725154984 0.6085806194501846 1 0 0 0.973659833845456 0.22800554369584747 2.681535097418173
cell 6.269768258258608 4.8208323995427635 0.0 1.0 1.0 1 0 0 0.0 1.0 0
cell 20.877953725233283 4.566118958321269 0.0 1.0 1.0 1 0 0 0.0 1.0 0
cell 52.153784984591496 23.261115885213446 0.0 1.6431676725154984 0.6085806194501846 1 0 0 0.996174822217907 0.08738262744459759 2.9666042211289896
cell 1.6842279796880526 54.268067072247284 0.0 1.0 1.0 1 0 0 0.0 1.0 0
cell 57.95397107945855 36.531928971693276 0.0 1.6431676725154984 0.6085806194501846 1 0 0 0.8498338718335213 0.5270506524846033 2.0313400205037992
cell 38.654933258182794 9.254886893495973 0.0 1.0 1.0 1 0 0 0.0 1.0 0
cell 33.80519991621694 45.48550958898051 0.0 1.0 1.0 1 0 0 0.0 1.0 0
cell 28.353705760757382 7.517908177462081 0.0 1.0 1.0 1 0 0 0.0 1.0 0
cell 29.23091315394957 14.60004513873768 0.0 1.0 1.0 1 0 0 0.0 1.0 0
cell 31.188243119010668 16.043071605511265 0.0 1.0 1.0 1 0 0 0.0 1.0 0
cell 2.4327876455678727 56.14531525113695 0.0 1.0 1.0 1 0 0 0.0 1.0 0
cell 58.173873623895 7.488817860277382 0.0 1.0 1.0 1 0 0 0.0 1.0 0
cell 54.14895041965977 27.171859316164365 0.0 1.6431676725154984 0.6085806194501846 1 0 0 0.14614540357437217 -0.9892631202132646 5.989843889444492
cell 43.78333069147976 20.253095976238665 0.0 1.0 1.0 1 0 0 0.0 1.0 0
cell 50.575616994509815 34.0428666452996 0.0 1.6431676725154984 0.6085806194501846 1 0 0 0.6970590063850731 -0.7170137666861457 4.740610209545921
cell 13.510713954703816 13.809953057185322 0.0 1.0 1.0 1 0 0 0.0 1.0 0
cell 33.295405320680324 38.96914559832357 0.0 1.6431676725154984 0.6085806194501846 1 0 0 0.8830357374827158 0.46930574930247354 2.1645838444958323
cell 10.941245295178732 0.3259755948680025 0.0 1.0 1.0 1 0 0 0.0 1.0 0
cell 3.434750972603739 48.60908922333805 0.0 1.0 1.0 1 0 0 0.0 1.0 0
cell 15.222761986622958 23.15129674216942 0.0 1.0 1.0 1 0 0 0.0 1.0 0
cell 41.30963779428905 11.203259011775344 0.0 1.0 1.0 1 0 0 0.0 1.0 0
cell 13.752914005292453 35.2668188437963 0.0 1.6431676725154984 0.6085806194501846 1 0 0 0.9133160766925141 -0.4072514506481146 3.980477890120489
cell 1.6515173975223234 33.37470752403393 0.0 1.6431676725154984 0.6085806194501846 1 0 0 0.9995834144144374 -0.02886169827946873 3.1993240670629577
cell 46.84462617170615 15.073989261618406 0.0 1.0 1.0 1 0 0 0.0 1.0 0
cell 35.991932797079535 53.70553290001049 0.0 1.0 1.0 1 0 0 0.0 1.0 0
cell 19.474090349457555 5.77572964013431 0.0 1.0 1.0 1 0 0 0.0 1.0 0
cell 47.17791508516104 12.208313486920034 0.0 1.0 1.0 1 0 0 0.0 1.0 0
cell 37.09266660393122 35.54834198522663 0.0 1.6431676725154984 0.6085806194501846 1 0 0 0.9711053534650201 0.23865119415493885 2.659639304138464
cell 53.18667275853864 47.36880824462893 0.0 1.6431676725154984 0.6085806194501846 1 0 0 0.9704697264902975 -0.2412229465988822 3.6288442806435923
cell 15.402565488172524 14.096715198007123 0.0 1.0 1.0 1 0 0 0.0 1.0 0
cell 42.24566059444232 32.913862481770785 0.0 1.6431676725154984 0.6085806194501846 1 0 0 0.9336504393159484 0.35818550663746374 2.4089451987106734
cell 0.5120540724725156 55.89807243085236 0.0 1.0 1.0 1 0 0 0.0 1.0 0
cell 58.60935852272855 54.6039996970782 0.0 1.6431676725154984 0.6085806194501846 1 0 0 0.865359353449347 0.5011518626102552 2.0917339667085857
cell 22.173460520474762 39.35629846184 0.0 1.6431676725154984 0.6085806194501846 1 0 0 0.969775125436153 -0.24400042230556435 3.634570308070929
cell 35.121868578068735 29.349845433565864 0.0 1.6431676725154984 0.6085806194501846 1 0 0 0.35297304228227794 -0.9356334920373433 5.5616917508768235
cell 14.125194111717727 47.408427706915184 0.0 1.6431676725154984 0.6085806194501846 1 0 0 0.277506338912217 -0.9607238062333721 5.720790255377761
cell 33.21664143423425 6.485064529362498 0.0 1.0 1.0 1 0 0 0.0 1.0 0
cell 1.4192665655716352 36.31915172339138 0.0 1.0 1.0 1 0 0 0.0 1.0 0
cell 37.001116882446276 10.384905275894631 0.0 1.0 1.0 1 0 0 0.0 1.0 0
cell 27.699340764041263 29.237648583361512 0.0 1.0 1.0 1 0 0 0.0 1.0 0
cell 40.63314517103935 9.39511240884495 0.0 1.0 1.0 1 0 0 0.0 1.0 0
cell 26.780893021636842 12.09726417839328 0.0 1.0 1.0 1 0 0 0.0 1.0 0
cell 20.197342058181654 41.168031441055355 0.0 1.6431676725154984 0.6085806194501846 1 0 0 0.8610866889969714 -0.5084581733360504 4.208379218733032
cell 36.52129755934856 50.52951981225281 0.0 1.0 1.0 1 0 0 0.0 1.0 0
cell 14.39299861417544 58.385225900324905 0.0 1.0 1.0 1 0 0 0.0 1.0 0
cell 18.613794156827424 49.608536727230344 0.0 1.0 1.0 1 0 0 0.0 1.0 0
cell 27.387224155279597 50.64526490522882 0.0 1.0 1.0 1 0 0 0.0 1.0 0
cell 52.12012064006458 4.803218112391745 0.0 1.0 1.0 1 0 0 0.0 1.0 0
cell 29.096904365025836 0.7139655545008388 0.0 1.0 1.0 1 0 0 0.0 1.0 0
cell 31.306110818730616 51.43683901289016 0.0 1.0 1.0 1 0 0 0.0 1.0 0
cell 42.34348322982901 18.87077602487735 0.0 1.0 1.0 1 0 0 0.0 1.0 0
cell 43.243926218160446 11.534703337526759 0.0 1.0 1.0 1 0 0 0.0 1.0 0
cell 42.78892205412425 36.75976097205358 0.0 1.6431676725154984 0.6085806194501846 1 0 0 0.9984059753986707 0.05644030730097889 3.0286520225601308
cell 18.83128654494145 53.122111532797575 0.0 1.0 1.0 1 0 0 0.0 1.0 0
cell 21.416245313263268 58.83741370156666 0.0 1.0 1.0 1 0 0 0.0 1.0 0
cell 45.65594739995404 22.229239764218853 0.0 1.0 1.0 1 0 0 0.0 1.0 0
cell 44.54411706897475 0.5762989700241223 0.0 1.0 1.0 1 0 0 0.0 1.0 0
cell 29.738697065511634 38.06715589417814 0.0 1.0 1.0 1 0 0 0.0 1.0 0
cell 12.545420545616349 35.4904102844974 0.0 1.6431676725154984 0.6085806194501846 1 0 0 0.8227909158381869 -0.5683441816488999 4.350576677474677
cell 5.78650822035482 1.0561914275171211 0.0 1.0 1.0 1 0 0 0.0 1.0 0
cell 21.406193952592425 9.882978754016449 0.0 1.0 1.0 1 0 0 0.0 1.0 0
cell 15.114379547164909 34.992860871396466 0.0 1.6431676725154984 0.6085806194501846 1 0 0 0.966421926939377 -0.25696042327716817 3.6613440445771586
cell 27.754879173898935 38.21740398917005 0.0 1.0 1.0 1 0 0 0.0 1.0 0
cell 12.422871317298448 58.08126654943872 0.0 1.0 1.0 1 0 0 0.0 1.0 0
cell 46.66483255923306 3.174317580224934 0.0 1.0 1.0 1 0 0 0.0 1.0 0
cell 0.05061989326702573 10.719919181461457 0.0 1.0 1.0 1 0 0 0.0 1.0 0
cell 31.53907877444976 56.62883188645702 0.0 1.0 1.0 1 0 0 0.0 1.0 0
cell 5.560320709216128 31.053237623923273 0.0 1.6431676725154984 0.6085806194501846 1 0 0 0.9775230073033973 -0.2108287698406512 3.5664380711652255
cell 26.610177041678515 58.31636538937504 0.0 1.0 1.0 1 0 0 0.0 1.0 0
cell 52.18713412179906 45.85875279684675 0.0 1.6431676725154984 0.6085806194501846 1 0 0 0.9957109919339946 -0.09251821735107339 3.3268940838953416
cell 0.8295778804291807 46.80931519286872 0.0 1.0 1.0 1 0 0 0.0 1.0 0
cell 56.083391818074894 56.40720117756214 0.0 1.0 1.0 1 0 0 0.0 1.0 0
cell 39.70175180897831 27.82044570286987 0.0 1.6431676725154984 0.6085806194501846 1 0 0 0.38511503781314876 -0.9228685755025886 5.492520363689512
cell 51.717863981558885 52.53100283662037 0.0 1.0 1.0 1 0 0 0.0 1.0 0
cell 48.49664674344232 53.564490681750534 0.0 1.0 1.0 1 0 0 0.0 1.0 0
cell 19.674168636885756 7.741025284731682 0.0 1.0 1.0 1 0 0 0.0 1.0 0
cell 6.541416814225096 40.19876715880555 0.0 1.6431676725154984 0.6085806194501846 1 0 0 0.5387555618719041 -0.8424621324143233 5.145266774718291
cell 10.756187947854034 20.273807661399637 0.0 1.0 1.0 1 0 0 0.0 1.0 0
cell 32.100780494836755 53.25062573337021 0.0 1.0 1.0 1 0 0 0.0 1.0 0
cell 23.227276319802176 40.93527492499213 0.0 1.6431676725154984 0.6085806194501846 1 0 0 0.9685949536759598 -0.24864395370381553 3.6441526320358055
cell 8.180757005059721 46.18904325648362 0.0 1.0 1.0 1 0 0 0.0 1.0 0
cell 7.711226290118931 33.23669775588191 0.0 1.6431676725154984 0.6085806194501846 1 0 0 0.8477563002414445 -0.5303859494754153 4.2597041745372115
cell 49.22320663764274 7.552661462660084 0.0 1.0 1.0 1 0 0 0.0 1.0 0
cell 58.18957693943013 18.762207621604503 0.0 1.0 1.0 1 0 0 0.0 1.0 0
cell 37.64156547322825 19.160384906009924 0.0 1.0 1.0 1 0 0 0.0 1.0 0
cell 54.652284249026835 43.65946565553175 0.0 1.0 1.0 1 0 0 0.0 1.0 0
cell 38.41545736380494 42.726711330583456 0.0 1.0 1.0 1 0 0 0.0 1.0 0
cell 26.372402207201368 7.435354255270436 0.0 1.0 1.0 1 0 0 0.0 1.0 0
cell 17.075279660250605 38.51349051361333 0.0 1.6431676725154984 0.6085806194501846 1 0 0 0.883822767215483 -0.46782188507119477 4.115242135655658
cell 15.898722745354648 24.778622541652126 0.0 1.6431676725154984 0.6085806194501846 1 0 0 0.9282029791380181 0.37207422581967164 2.3791072717584356
cell 48.46229693461828 3.779318630085681 0.0 1.0 1.0 1 0 0 0.0 1.0 0
cell 1.8508410996513145 30.938532600983567 0.0 1.6431676725154984 0.6085806194501846 1 0 0 0.99060273887791 -0.1367706610629028 3.4159940559558155
cell 9.446674285933765 14.592475658034775 0.0 1.6431676725154984 0.6085806194501846 1 0 0 0.39919999258197253 -0.9168638753503996 5.461897042173412
cell 17.718698822489166 16.146954825865983 0.0 1.0 1.0 1 0 0 0.0 1.0 0
cell 29.246285196173964 26.404960131036404 0.0 1.0 1.0 1 0 0 0.0 1.0 0
cell 56.435050721727144 42.0289132847664 0.0 1.6431676725154984 0.6085806194501846 1 0 0 0.5617639145222958 -0.8272975911608753 5.090152505832285
cell 55.13764547546036 22.59075872889031 0.0 1.6431676725154984 0.6085806194501846 1 0 0 0.9638832998155186 0.2663249600333155 2.6024361174232884
cell 37.217010864036695 3.615872999359871 0.0 1.0 1.0 1 0 0 0.0 1.0 0
cell 24.209086182223587 17.921000248975684 0.0 1.0 1.0 1 0 0 0.0 1.0 0
cell 15.673945605717428 37.71412463441322 0.0 1.6431676725154984 0.6085806194501846 1 0 0 0.8562097496270991 -0.5166283622135938 4.227409427033756
cell 9.215246070033352 8.873709070241329 0.0 1.0 1.0 1 0 0 0.0 1.0 0
cell 53.27330432555607 29.47825680771176 0.0 1.6431676725154984 0.6085806194501846 1 0 0 -0.22478377819068743 -0.9744086684047509 0.4534422599145991
cell 29.173803568320277 9.274953725239747 0.0 1.0 1.0 1 0 0 0.0 1.0 0
cell 41.764846155995784 3.184886202015133 0.0 1.0 1.0 1 0 0 0.0 1.0 0
cell 11.081224886219028 44.71486901553337 0.0 1.0 1.0 1 0 0 0.0 1.0 0
cell 50.023158251958094 55.33609188456023 0.0 1.6431676725154984 0.6085806194501846 1 0 0 0.6619068672239843 0.7495860851975114 1.4467196127108615
cell 24.04080344247267 52.91519681100662 0.0 1.0 1.0 1 0 0 0.0 1.0 0
cell 24.126588017602916 21.667351774860965 0.0 1.0 1.0 1 0 0 0.0 1.0 0
cell 19.302203626235183 34.618413896613305 0.0 1.0 1.0 1 0 0 0.0 1.0 0
cell 23.587026905693076 12.463434552764282 0.0 1.0 1.0 1 0 0 0.0 1.0 0
cell 56.486417891217656 23.520690629116352 0.0 1.6431676725154984 0.6085806194501846 1 0 0 0.997542406234979 0.07006531069600784 3.001347124517474
cell 23.752351076042157 25.32398767484821 0.0 1.0 1.0 1 0 0 0.0 1.0 0
cell 34.55963700829606 50.154732012435346 0.0 1.0 1.0 1 0 0 0.0 1.0 0
cell 42.719889265989075 59.02911012588312 0.0 1.0 1.0 1 0 0 0.0 1.0 0
cell 2.6005643585443603 8.736313032922956 0.0 1.0 1.0 1 0 0 0.0 1.0 0
cell 20.015295986530326 32.860145312807475 0.0 1.0 1.0 1 0 0 0.0 1.0 0
cell 17.621064419589384 57.65269483355696 0.0 1.0 1.0 1 0 0 0.0 1.0 0
cell 34.138380839517474 36.47697992144897 0.0 1.6431676725154984 0.6085806194501846 1 0 0 0.8858638046266872 0.46394538434209104 2.1767051626936693
cell 58.94030245209294 2.058852653264274 0.0 1.6431676725154984 0.6085806194501846 1 0 0 -0.31328324980425054 0.9496597313733417 5.645888585697852
cell 22.412561700995973 20.776613856420024 0.0 1.0 1.0 1 0 0 0.0 1.0 0
cell 4.139963064585467 22.61480536035906 0.0 1.6431676725154984 0.6085806194501846 1 0 0 -0.30117753207524073 0.9535680857563698 5.671330741110131
cell 43.68843408976651 5.985652664914881 0.0 1.0 1.0 1 0 0 0.0 1.0 0
cell 58.41048232382244 50.068706012909416 0.0 1.6431676725154984 0.6085806194501846 1 0 0 0.9862464797218287 -0.16528121864356107 3.47367894324527
cell 18.543297989148716 47.79953086089967 0.0 1.0 1.0 1 0 0 0.0 1.0 0
cell 13.310301479949938 22.6540798482025 0.0 1.0 1.0 1 0 0 0.0 1.0 0
cell 53.88486637600576 25.971373195099588 0.0 1.6431676725154984 0.6085806194501846 1 0 0 0.02608873513743251 -0.9996596310239445 6.231001916234585
cell 38.488221342140456 55.95469895336541 0.0 1.0 1.0 1 0 0 0.0 1.0 0
cell 43.21049138869831 48.67930524559979 0.0 1.0 1.0 1 0 0 0.0 1.0 0
cell 20.8858066504089 55.331234021422716 0.0 1.0 1.0 1 0 0 0.0 1.0 0
cell 53.8555987801309 40.41181951377592 0.0 1.0 1.0 1 0 0 0.0 1.0 0
cell 20.682248917980704 29.415196226406362 0.0 1.0 1.0 1 0 0 0.0 1.0 0
cell 17.824700981068204 24.676467888291228 0.0 1.6431676725154984 0.6085806194501846 1 0 0 0.9673339739758917 0.25350539006500195 2.6289880375062484
cell 14.56385707288581 51.78631606066498 0.0 1.0 1.0 1 0 0 0.0 1.0 0
cell 27.260994256623956 0.6781541034653886 0.0 1.0 1.0 1 0 0 0.0 1.0 0
cell 5.803350176344525 17.258564391188497 0.0 1.6431676725154984 0.6085806194501846 1 0 0 0.5443550688247597 -0.8388549094121052 5.131945108165454
cell 24.769951686669415 2.3956788877216764 0.0 1.6431676725154984 0.6085806194501846 1 0 0 0.3663774895849728 -0.9304662998332681 5.53295970380581
cell 55.47784648369978 24.764820215516703 0.0 1.6431676725154984 0.6085806194501846 1 0 0 -0.05530691591658964 0.9984694011594923 6.172515005637657
cell 45.39384070511128 16.719816232634162 0.0 1.0 1.0 1 0 0 0.0 1.0 0
cell 15.608517287113017 50.05943131105919 0.0 1.0 1.0 1 0 0 0.0 1.0 0
cell 4.145433174650163 17.22545752523825 0.0 1.0 1.0 1 0 0 0.0 1.0 0
cell 53.51299814084761 1.9321297696830015 0.0 1.0 1.0 1 0 0 0.0 1.0 0
cell 44.15712302324518 57.68632717515254 0.0 1.0 1.0 1 0 0 0.0 1.0 0
cell 11.381443913312344 1.917228579885946 0.0 1.0 1.0 1 0 0 0.0 1.0 0
cell 35.24988225330918 57.037206650163824 0.0 1.0 1.0 1 0 0 0.0 1.0 0
cell 11.975690843793375 46.118505129302804 0.0 1.6431676725154984 0.6085806194501846 1 0 0 -0.4325217394171572 0.9016235050904323 5.3886097188223285
cell 55.49715451549762 30.20966506841915 0.0 1.0 1.0 1 0 0 0.0 1.0 0
cell 31.03255911126988 29.26489975383939 0.0 1.0 1.0 1 0 0 0.0 1.0 0
cell 54.84811617911505 16.983432214386838 0.0 1.6431676725154984 0.6085806194501846 1 0 0 0.6654797066162791 -0.7464159430785968 4.826912679079994
cell 37.22651924898215 44.131379495115475 0.0 1.0 1.0 1 0 0 0.0 1.0 0
cell 11.659627225770167 51.121542297579154 0.0 1.6431676725154984 0.6085806194501846 1 0 0 0.5020962162791996 -0.8648117654137871 5.231143359776064
cell 39.43258832328139 0.6276389172458695 0.0 1.0 1.0 1 0 0 0.0 1.0 0
cell 31.358107436477543 6.206942620746928 0.0 1.0 1.0 1 0 0 0.0 1.0 0
cell 1.7010807294221666 18.97860498356424 0.0 1.0 1.0 1 0 0 0.0 1.0 0
cell 6.074927354535537 35.82498816829352 0.0 1.6431676725154984 0.6085806194501846 1 0 0 0.8887028461809924 -0.4584836433176253 4.094169028921752
cell 1.4110823580154643 12.143860400362945 0.0 1.0 1.0 1 0 0 0.0 1.0 0
cell 3.8714017457613226 58.65369376055539 0.0 1.6431676725154984 0.6085806194501846 1 0 0 -0.451336722259715 0.8923537208640175 5.346659814970313
cell 23.11804545823974 44.306579706029375 0.0 1.6431676725154984 0.6085806194501846 1 0 0 0.9015032410332808 -0.4327723494014959 4.036724187297568
cell 52.034632276753655 14.188318597075844 0.0 1.0 1.0 1 0 0 0.0 1.0 0
cell 32.83798756484026 16.941773050219673 0.0 1.0 1.0 1 0 0 0.0 1.0 0
cell 27.18352189658974 9.013311704442131 0.0 1.0 1.0 1 0 0 0.0 1.0 0
cell 26.062497932309178 55.194599335122724 0.0 1.0 1.0 1 0 0 0.0 1.0 0
cell 3.61657476493996 7.339894180138373 0.0 1.0 1.0 1 0 0 0.0 1.0 0
cell 7.1716299656263915 52.14431871075556 0.0 1.6431676725154984 0.6085806194501846 1 0 0 -0.4061644520532636 0.913799998844535 5.446679773791262
cell 27.37643367559725 36.573945884394696 0.0 1.0 1.0 1 0 0 0.0 1.0 0
cell 10.531546246938676 37.36647606933587 0.0 1.6431676725154984 0.6085806194501846 1 0 0 0.9535541573043005 0.3012216278551151 2.529645600989856
cell 36.59586487272489 55.53860378633887 0.0 1.0 1.0 1 0 0 0.0 1.0 0
cell 33.85429147791976 48.46605284156467 0.0 1.0 1.0 1 0 0 0.0 1.0 0
cell 29.49702875014634 5.943263117543935 0.0 1.0 1.0 1 0 0 0.0 1.0 0
cell 12.874781594218994 41.783610548605274 0.0 1.0 1.0 1 0 0 0.0 1.0 0
cell 40.89529021113384 14.48235523258919 0.0 1.0 1.0 1 0 0 0.0 1.0 0
cell 27.63651661987716 15.830806424472584 0.0 1.0 1.0 1 0 0 0.0 1.0 0
cell 16.858026937814653 12.638933591825587 0.0 1.0 1.0 1 0 0 0.0 1.0 0
cell 39.876385758417356 43.993755126879066 0.0 1.0 1.0 1 0 0 0.0 1.0 0
cell 55.69402752637724 49.37405505871486 0.0 1.6431676725154984 0.6085806194501846 1 0 0 0.9400906541392954 -0.34092456936975324 3.8373930774866567
cell 43.195288688464196 15.21263725746778 0.0 1.0 1.0 1 0 0 0.0 1.0 0
cell 23.664177877782453 49.520541098073686 0.0 1.0 1.0 1 0 0 0.0 1.0 0
cell 54.57306616660748 31.446038561928354 0.0 1.6431676725154984 0.6085806194501846 1 0 0 -0.12981725713450767 -0.991537936616685 0.2603693500679931
cell 10.615987068735242 5.977842060641696 0.0 1.0 1.0 1 0 0 0.0 1.0 0
cell 58.60584989190642 27.489419704994212 0.0 1.0 1.0 1 0 0 0.0 1.0 0
cell 54.969690691055824 9.181417996501358 0.0 1.0 1.0 1 0 0 0.0 1.0 0
cell 30.35137511004329 52.96266852371467 0.0 1.0 1.0 1 0 0 0.0 1.0 0
cell 53.26297762618504 34.78835402736855 0.0 1.0 1.0 1 0 0 0.0 1.0 0
cell 0.10082481192990263 45.25676923486985 0.0 1.6431676725154984 0.6085806194501846 1 0 0 0.9372426641841228 0.34867777163600155 2.429272716378471
cell 8.401435741278743 54.16360607083179 0.0 1.6431676725154984 0.6085806194501846 1 0 0 -0.4439144255487986 0.8960691841535898 5.363260483808633
cell 37.71825906864931 49.25513622627763 0.0 1.0 1.0 1 0 0 0.0 1.0 0
cell 4.899466537916596 6.067755716239626 0.0 1.0 1.0 1 0 0 0.0 1.0 0
cell 43.91327547191108 13.377553420863 0.0 1.0 1.0 1 0 0 0.0 1.0 0
cell 50.43630473306212 15.670133864580256 0.0 1.0 1.0 1 0 0 0.0 1.0 0
cell 48.04068816591102 46.64652113007006 0.0 1.6431676725154984 0.6085806194501846 1 0 0 0.9979635778618694 -0.06378634070972082 3.269252002887854
cell 49.09127862787239 39.51977549126584 0.0 1.6431676725154984 0.6085806194501846 1 0 0 0.7253929530964619 -0.688334993733425 4.659975112195205
cell 3.0520854585316624 27.003650667317714 0.0 1.0 1.0 1 0 0 0.0 1.0 0
cell 32.993988284691355 46.83889913805932 0.0 1.0 1.0 1 0 0 0.0 1.0 0
cell 49.26970897740589 9.333290146735285 0.0 1.0 1.0 1 0 0 0.0 1.0 0
cell 6.833278453159577 29.108315451456402 0.0 1.6431676725154984 0.6085806194501846 1 0 0 0.9915246633636362 0.12991859736630404 2.881018891958173
cell 50.07100648150554 31.02195335735911 0.0 1.6431676725154984 0.6085806194501846 1 0 0 0.886947302681642 -0.46187063369060355 4.101798879356849
cell 59.0724716597699 6.000473721861113 0.0 1.0 1.0 1 0 0 0.0 1.0 0
cell 35.03528485267917 10.09560895367562 0.0 1.0 1.0 1 0 0 0.0 1.0 0
cell 17.282520150992557 14.308155085241207 0.0 1.0 1.0 1 0 0 0.0 1.0 0
cell 47.227103330085654 16.786185489571096 0.0 1.6431676725154984 0.6085806194501846 1 0 0 -0.4683274079762332 0.8835550005168116 5.308391705502212
cell 7.817448949718022 10.360156832678921 0.0 1.0 1.0 1 0 0 0.0 1.0 0
cell 24.04395623357678 23.55747474443649 0.0 1.0 1.0 1 0 0 0.0 1.0 0
cell 58.619683968899835 30.828047890161038 0.0 1.6431676725154984 0.6085806194501846 1 0 0 0.9762625341992355 -0.21659054531277788 3.5782341637185624
cell 14.682123086389828 21.22028286957414 0.0 1.0 1.0 1 0 0 0.0 1.0 0
cell 23.974603043618583 4.600295051777064 0.0 1.0 1.0 1 0 0 0.0 1.0 0
cell 5.937282590667557 2.8787103098439686 0.0 1.0 1.0 1 0 0 0.0 1.0 0
cell 5.393012377162853 8.175212847007552 0.0 1.0 1.0 1 0 0 0.0 1.0 0
cell 5.941923984510456 42.86551198080126 0.0 1.0 1.0 1 0 0 0.0 1.0 0
cell 9.556585449483073 22.764093327042477 0.0 1.0 1.0 1 0 0 0.0 1.0 0
cell 43.4569954327208 17.240763986735267 0.0 1.0 1.0 1 0 0 0.0 1.0 0
cell 14.819496979021133 17.539516301276297 0.0 1.0 1.0 1 0 0 0.0 1.0 0
cell 57.64754573424087 16.87895585466522 0.0 1.0 1.0 1 0 0 0.0 1.0 0
cell 17.417186526333776 22.289180305041597 0.0 1.6431676725154984 0.6085806194501846 1 0 0 0.2799453832279359 0.9600159282060711 0.5674744344188314
cell 37.93569650792187 12.156801223432504 0.0 1.0 1.0 1 0 0 0.0 1.0 0
cell 32.588622974306844 49.992864438417975 0.0 1.0 1.0 1 0 0 0.0 1.0 0
cell 17.503053931677602 35.21345636476598 0.0 1.0 1.0 1 0 0 0.0 1.0 0
cell 11.38816785017857 28.545779745246485 0.0 1.6431676725154984 0.6085806194501846 1 0 0 -0.5661342453071827 -0.8243130572121654 1.203617185963834
cell 16.797898248874166 44.049282686806805 0.0 1.6431676725154984 0.6085806194501846 1 0 0 0.3207545030169435 -0.9471623666480598 5.630133361033141
cell 13.740830007926448 56.74937699487113 0.0 1.0 1.0 1 0 0 0.0 1.0 0
cell 27.85867133889457 56.04813118609773 0.0 1.0 1.0 1 0 0 0.0 1.0 0
cell 13.039514657977353 51.59561171844269 0.0 1.0 1.0 1 0 0 0.0 1.0 0
cell 7.080869516725876 20.127998982677045 0.0 1.0 1.0 1 0 0 0.0 1.0 0
cell 56.94178648237103 54.58702411694721 0.0 1.0 1.0 1 0 0 0.0 1.0 0
cell 29.23657591026818 28.22521302566405 0.0 1.0 1.0 1 0 0 0.0 1.0 0
cell 13.800996767759397 24.60004065663345 0.0 1.0 1.0 1 0 0 0.0 1.0 0
cell 54.42217744743934 37.89818821736278 0.0 1.0 1.0 1 0 0 0.0 1.0 0
cell 31.016782196653814 25.566751528066987 0.0 1.0 1.0 1 0 0 0.0 1.0 0
cell 18.026758061372046 6.675248412069832 0.0 1.0 1.0 1 0 0 0.0 1.0 0
cell 44.76733091659703 52.43124968829828 0.0 1.0 1.0 1 0 0 0.0 1.0 0
cell 56.59318600165014 27.339314829497255 0.0 1.0 1.0 1 0 0 0.0 1.0 0
cell 54.72728748910393 19.84787338521461 0.0 1.6431676725154984 0.6085806194501846 1 0 0 0.2498274965755618 -0.9682903603541593 5.778181110243473
cell 8.507604812091428 37.661249215309745 0.0 1.6431676725154984 0.6085806194501846 1 0 0 0.3243943175063366 -0.945921945389575 5.62244261005895
cell 38.97700917027161 50.77746395489416 0.0 1.0 1.0 1 0 0 0.0 1.0 0
cell 49.07492483767415 31.708692040418136 0.0 1.6431676725154984 0.6085806194501846 1 0 0 0.8798086768559396 -0.47532798374280577 4.132266221670154
cell 48.95512583173238 36.23392812740616 0.0 1.6431676725154984 0.6085806194501846 1 0 0 0.7816864110551157 -0.623671672253737 4.488454790226545
cell 12.051645441520341 38.15792172582452 0.0 1.0 1.0 1 0 0 0.0 1.0 0
cell 16.912771748362825 48.74855354013786 0.0 1.0 1.0 1 0 0 0.0 1.0 0
cell 7.219494482547984 15.659446414983348 0.0 1.6431676725154984 0.6085806194501846 1 0 0 0.9293522299980627 -0.3691943019571511 3.897876504417652
cell 8.947055992584056 20.863592114125698 0.0 1.0 1.0 1 0 0 0.0 1.0 0
cell 17.759276055608115 8.296930961410755 0.0 1.0 1.0 1 0 0 0.0 1.0 0
cell 29.684121097086795 56.42012060255782 0.0 1.0 1.0 1 0 0 0.0 1.0 0
cell 58.28921762509457 48.284294903194386 0.0 1.6431676725154984 0.6085806194501846 1 0 0 0.984153320298252 -0.17731960451660791 3.4981171026260003
cell 13.527751238792176 46.62323252831588 0.0 1.6431676725154984 0.6085806194501846 1 0 0 0.1968650684322824 -0.980430591541876 5.886866540453619
cell 24.184042164677138 28.880849598165295 0.0 1.0 1.0 1 0 0 0.0 1.0 0
cell 40.9088144974456 32.46009812318295 0.0 1.6431676725154984 0.6085806194501846 1 0 0 -0.8246282257718374 -0.5656750739252983 1.9390893250440602
cell 55.74124327371963 47.988970403256815 0.0 1.6431676725154984 0.6085806194501846 1 0 0 0.9553359509033787 -0.29552194658186903 3.741596296120021
cell 52.53784188256794 38.7881278134789 0.0 1.0 1.0 1 0 0 0.0 1.0 0
cell 48.80684942017933 5.67665811810294 0.0 1.0 1.0 1 0 0 0.0 1.0 0
cell 22.48060671964838 36.51904392694232 0.0 1.0 1.0 1 0 0 0.0 1.0 0
cell 32.17995236221681 58.36734061712421 0.0 1.0 1.0 1 0 0 0.0 1.0 0
cell 18.263662187549503 43.59539883976774 0.0 1.6431676725154984 0.6085806194501846 1 0 0 0.5265654888396104 -0.8501345693259992 5.174074256772597
cell 13.674607272159097 11.793521278922501 0.0 1.0 1.0 1 0 0 0.0 1.0 0
cell 27.58220574057336 5.851314506617744 0.0 1.0 1.0 1 0 0 0.0 1.0 0
cell 31.058489112268948 23.676509668821943 0.0 1.0 1.0 1 0 0 0.0 1.0 0
cell 4.997236017334146 52.997583885523 0.0 1.0 1.0 1 0 0 0.0 1.0 0
cell 53.54799895003764 6.055589176150239 0.0 1.6431676725154984 0.6085806194501846 1 0 0 -0.6921687815325723 0.7217356703611885 4.754205922308066
cell 57.22407745406696 46.70551260227898 0.0 1.6431676725154984 0.6085806194501846 1 0 0 0.9764344295109939 -0.21581428327508806 3.5766440306641774
cell 45.97175398677415 24.56271529416422 0.0 1.6431676725154984 0.6085806194501846 1 0 0 0.2684954567009694 0.9632809505699456 0.5436615922342118
cell 19.283449401749525 56.50466674682834 0.0 1.0 1.0 1 0 0 0.0 1.0 0
cell 45.469385264491514 6.45511190867423 0.0 1.0 1.0 1 0 0 0.0 1.0 0
cell 40.38513819682169 17.562641050754937 0.0 1.0 1.0 1 0 0 0.0 1.0 0
cell 32.928183948412546 28.883524336989417 0.0 1.0 1.0 1 0 0 0.0 1.0 0
cell 25.651978064860707 26.247652714552743 0.0 1.0 1.0 1 0 0 0.0 1.0 0
cell 26.00353082835892 29.75182625456683 0.0 1.0 1.0 1 0 0 0.0 1.0 0
cell 37.541204828102195 15.59114671556052 0.0 1.0 1.0 1 0 0 0.0 1.0 0
cell 31.892578505253066 34.22815489317953 0.0 1.0 1.0 1 0 0 0.0 1.0 0
cell 13.238372804398807 9.865619928127746 0.0 1.0 1.0 1 0 0 0.0 1.0 0
cell 50.62296477050755 6.142382532251624 0.0 1.0 1.0 1 0 0 0.0 1.0 0
cell 3.7305316067395777 54.54730987721479 0.0 1.0 1.0 1 0 0 0.0 1.0 0
cell 12.605416604439776 28.910846769835175 0.0 1.6431676725154984 0.6085806194501846 1 0 0 0.8077829828389228 -0.5894799849323576 4.4024225206741185
cell 8.550703523811379 31.797662021254215 0.0 1.6431676725154984 0.6085806194501846 1 0 0 0.9853819564856562 -0.1703596191369901 3.483981876940981
cell 2.5865539446814414 3.356002266225094 0.0 1.0 1.0 1 0 0 0.0 1.0 0
cell 0.9025038278354302 38.23587929674015 0.0 1.0 1.0 1 0 0 0.0 1.0 0
cell 11.260357620101137 48.19647435208936 0.0 1.6431676725154984 0.6085806194501846 1 0 0 0.18862141755869868 -0.982049876960507 5.903668954580509
cell 15.74865469628676 39.91160913995787 0.0 1.0 1.0 1 0 0 0.0 1.0 0
cell 41.81266592820848 27.97630713296856 0.0 1.6431676725154984 0.6085806194501846 1 0 0 0.32509493957491137 -0.9456813841155935 5.620961068922692
cell 31.49662307858638 45.50850754491802 0.0 1.6431676725154984 0.6085806194501846 1 0 0 0.9770263535363988 0.21311852217807806 2.7120612427397757
cell 39.68228626165539 25.183355023425197 0.0 1.6431676725154984 0.6085806194501846 1 0 0 0.9951318711400924 0.09855231626511102 2.9441675533580884
cell 6.133154419040044 9.98527070671449 0.0 1.0 1.0 1 0 0 0.0 1.0 0
cell 36.77254412171853 13.709908281399864 0.0 1.0 1.0 1 0 0 0.0 1.0 0
cell 15.896086400700085 8.083202256479115 0.0 1.6431676725154984 0.6085806194501846 1 0 0 0.29079075902081813 -0.9567866713474308 5.693078891638693
cell 25.91488494559101 18.805637197009236 0.0 1.0 1.0 1 0 0 0.0 1.0 0
cell 46.399047732045524 1.1738523157092922 0.0 1.0 1.0 1 0 0 0.0 1.0 0
cell 19.20633889787039 19.239281484131524 0.0 1.0 1.0 1 0 0 0.0 1.0 0
cell 2.9376180606650273 43.03588647962971 0.0 1.6431676725154984 0.6085806194501846 1 0 0 0.913628411766469 0.40655027390604387 2.3042426070160387
cell 44.27097203948463 44.95413637931003 0.0 1.6431676725154984 0.6085806194501846 1 0 0 0.7581139646726419 -0.6521220871649175 4.562353143489272
cell 55.437205873735664 2.592153736808595 0.0 1.0 1.0 1 0 0 0.0 1.0 0
cell 41.67820571840575 16.334989334772164 0.0 1.0 1.0 1 0 0 0.0 1.0 0
cell 36.819416529718396 46.11042864972141 0.0 1.0 1.0 1 0 0 0.0 1.0 0
cell 13.753006608289546 38.27461249601781 0.0 1.6431676725154984 0.6085806194501846 1 0 0 0.887052647107426 -0.46166828054319303 4.101342615202936
cell 10.997186947546066 35.316891681709805 0.0 1.0 1.0 1 0 0 0.0 1.0 0
cell 0.9863007344033415 34.686807140547444 0.0 1.6431676725154984 0.6085806194501846 1 0 0 0.998193783687747 0.06007636978995307 3.0213675210915483
cell 17.396342747920592 20.022603743765472 0.0 1.0 1.0 1 0 0 0.0 1.0 0
cell 24.171011778103313 16.13876677590188 0.0 1.0 1.0 1 0 0 0.0 1.0 0
cell 17.514960366644214 55.92636012648221 0.0 1.0 1.0 1 0 0 0.0 1.0 0
cell 49.87412502419657 47.96675469321379 0.0 1.6431676725154984 0.6085806194501846 1 0 0 0.9922683849483417 -0.12411064511962559 3.3904556459805364
cell 34.11979149280347 44.06591088791582 0.0 1.6431676725154984 0.6085806194501846 1 0 0 0.9937008697839562 0.11206507658770852 2.916990703094903
cell 56.27093702189542 18.099582322407368 0.0 1.0 1.0 1 0 0 0.0 1.0 0
cell 53.58879514978942 53.283254969020504 0.0 1.0 1.0 1 0 0 0.0 1.0 0
cell 44.85801378949349 50.37916717468328 0.0 1.0 1.0 1 0 0 0.0 1.0 0
cell 16.134823460001254 27.660236746947046 0.0 1.6431676725154984 0.6085806194501846 1 0 0 0.18143946489595308 -0.9834021154025805 5.918285278409144
cell 12.575320301070315 15.58683913502133 0.0 1.0 1.0 1 0 0 0.0 1.0 0
cell 3.2981528784099736 39.39500578171853 0.0 1.6431676725154984 0.6085806194501846 1 0 0 0.27225380790111886 -0.9622254746593132 5.7317162179086845
cell 43.716216742289774 55.74157512990286 0.0 1.0 1.0 1 0 0 0.0 1.0 0
cell 11.98646938274789 53.15489561153161 0.0 1.0 1.0 1 0 0 0.0 1.0 0
cell 7.092015641196176 26.047264159097736 0.0 1.6431676725154984 0.6085806194501846 1 0 0 0.24028196500601556 0.9707031355120102 0.48531263122796303
cell 26.537417614578523 45.041886754200746 0.0 1.6431676725154984 0.6085806194501846 1 0 0 0.9884921664716554 -0.15127206227249357 3.445302689222505
cell 43.639394110558264 33.32922918391558 0.0 1.6431676725154984 0.6085806194501846 1 0 0 0.8853062642814962 0.46500840683146966 2.174304439283987
cell 17.23117989441557 40.503260731274615 0.0 1.0 1.0 1 0 0 0.0 1.0 0
cell 31.702813184073378 2.749768315061785 0.0 1.0 1.0 1 0 0 0.0 1.0 0
cell 24.84875527460674 46.589409404968755 0.0 1.0 1.0 1 0 0 0.0 1.0 0
cell 11.642338188542938 40.4016734089698 0.0 1.0 1.0 1 0 0 0.0 1.0 0
cell 36.261050509728015 26.858408255656677 0.0 1.0 1.0 1 0 0 0.0 1.0 0
cell 19.98607509112358 37.21946410691851 0.0 1.0 1.0 1 0 0 0.0 1.0 0
cell 21.802983604497392 11.819849075234739 0.0 1.0 1.0 1 0 0 0.0 1.0 0
cell 35.851814859417495 48.64673846631776 0.0 1.0 1.0 1 0 0 0.0 1.0 0
cell 32.76774171903778 26.743464988945963 0.0 1.0 1.0 1 0 0 0.0 1.0 0
cell 19.094264935459233 54.75334437150286 0.0 1.0 1.0 1 0 0 0.0 1.0 0
cell 18.074633518121118 33.26340035859393 0.0 1.0 1.0 1 0 0 0.0 1.0 0
cell 21.552989006619498 8.092981171443437 0.0 1.6431676725154984 0.6085806194501846 1 0 0 -0.29798249065527754 0.9545713358690787 5.6780284454765315
cell 36.42281370306541 1.688538530864697 0.0 1.0 1.0 1 0 0 0.0 1.0 0
cell 6.174442558996539 56.39146359230094 0.0 1.6431676725154984 0.6085806194501846 1 0 0 -0.3864732217303048 0.9223006282581611 5.489576062063197
cell 2.259222720916933 32.26949324549735 0.0 1.6431676725154984 0.6085806194501846 1 0 0 0.9892777831195834 -0.14604611540880705 3.4347333412508934
cell 45.163914860800034 4.493056312526615 0.0 1.0 1.0 1 0 0 0.0 1.0 0
cell 21.61075750261196 24.412072769377758 0.0 1.0 1.0 1 0 0 0.0 1.0 0
cell 13.930242458485683 26.645266310246374 0.0 1.0 1.0 1 0 0 0.0 1.0 0
cell 17.97617075821381 11.01814604505338 0.0 1.0 1.0 1 0 0 0.0 1.0 0
cell 56.27729056935349 37.269654475619795 0.0 1.0 1.0 1 0 0 0.0 1.0 0
cell 40.61661844470587 4.851659602735388 0.0 1.6431676725154984 0.6085806194501846 1 0 0 0.7412887664706044 0.6711862369748726 1.6699769205450614
cell 21.828663463065578 31.912166316512273 0.0 1.6431676725154984 0.6085806194501846 1 0 0 -0.12381277306690473 -0.9923055966916055 0.24826261759345236
cell 9.084569279417833 0.3955554200063241 0.0 1.0 1.0 1 0 0 0.0 1.0 0
cell 45.13473320300684 27.22350468363892 0.0 1.6431676725154984 0.6085806194501846 1 0 0 0.12431158540037435 -0.9922432311360181 6.033917297698626
cell 34.509577882353945 18.03958978903415 0.0 1.0 1.0 1 0 0 0.0 1.0 0
cell 51.271645357461665 56.46333439204546 0.0 1.0 1.0 1 0 0 0.0 1.0 0
cell 25.492095982539738 50.06005134355979 0.0 1.0 1.0 1 0 0 0.0 1.0 0
cell 7.356343185483936 8.43500238399425 0.0 1.0 1.0 1 0 0 0.0 1.0 0
cell 22.424562797136005 22.671664724964117 0.0 1.0 1.0 1 0 0 0.0 1.0 0
cell 32.56658622277235 13.12984919600086 0.0 1.0 1.0 1 0 0 0.0 1.0 0
cell 22.0572427289952 13.746249350740849 0.0 1.0 1.0 1 0 0 0.0 1.0 0
cell 26.060365265806013 43.99609692614613 0.0 1.6431676725154984 0.6085806194501846 1 0 0 0.9949711620877005 -0.10016180216954378 3.3422527331701155
cell 7.6486274457629735 1.7282034442569185 0.0 1.0 1.0 1 0 0 0.0 1.0 0
cell 27.03038541089488 4.149349010791607 0.0 1.0 1.0 1 0 0 0.0 1.0 0
cell 33.837595357601955 11.65213271197823 0.0 1.0 1.0 1 0 0 0.0 1.0 0
cell 11.35187666571502 22.146673344880565 0.0 1.0 1.0 1 0 0 0.0 1.0 0
cell 9.958323196565905 53.68799848239535 0.0 1.6431676725154984 0.6085806194501846 1 0 0 -0.4881712707039922 0.8727478504466508 5.263199002292916
cell 11.12180557895379 9.39127903970866 0.0 1.0 1.0 1 0 0 0.0 1.0 0
cell 30.937825631193984 54.862154114898466 0.0 1.0 1.0 1 0 0 0.0 1.0 0
cell 16.2734303423683 55.01461535211233 0.0 1.0 1.0 1 0 0 0.0 1.0 0
cell 35.55044702719452 44.99175319589077 0.0 1.0 1.0 1 0 0 0.0 1.0 0
cell 9.882679423731012 24.50394068208618 0.0 1.0 1.0 1 0 0 0.0 1.0 0
cell 12.266780565300877 30.975400762838174 0.0 1.6431676725154984 0.6085806194501846 1 0 0 0.2943736666101922 0.9556904019641881 0.5976001595395091
cell 47.54317936067591 8.714017005023212 0.0 1.0 1.0 1 0 0 0.0 1.0 0
cell 47.30618025069724 7.007715002672768 0.0 1.0 1.0 1 0 0 0.0 1.0 0
cell 29.517904722860308 42.26204769249018 0.0 1.6431676725154984 0.6085806194501846 1 0 0 0.940220654126531 0.3405658843071016 2.4465552630411294
cell 1.3696513514093316 23.41604387228402 0.0 1.6431676725154984 0.6085806194501846 1 0 0 0.8903791724462764 -0.45521964948130705 4.086830434882776
cell 31.22674258298783 14.465306177470119 0.0 1.0 1.0 1 0 0 0.0 1.0 0
cell 55.62633298940819 38.93933329158125 0.0 1.6431676725154984 0.6085806194501846 1 0 0 0.9933300166393022 0.11530601911159555 2.9104665173420643
cell 8.047482771498059 5.5129516225662085 0.0 1.0 1.0 1 0 0 0.0 1.0 0
cell 9.89412465146311 41.08419674756965 0.0 1.0 1.0 1 0 0 0.0 1.0 0
cell 30.976684016799148 0.8784219247217327 0.0 1.0 1.0 1 0 0 0.0 1.0 0
cell 7.689678093922407 22.408921662697114 0.0 1.0 1.0 1 0 0 0.0 1.0 0
cell 58.17839663520789 52.08403684359309 0.0 1.6431676725154984 0.6085806194501846 1 0 0 0.336661728685546 -0.9416256583369316 5.596446468950258
cell 7.6367558161387015 43.67579081512472 0.0 1.0 1.0 1 0 0 0.0 1.0 0
cell 38.902504045822816 3.9003276591148315 0.0 1.0 1.0 1 0 0 0.0 1.0 0
cell 53.212812398448364 8.781031762875154 0.0 1.0 1.0 1 0 0 0.0 1.0 0
cell 40.88582981159688 49.56958083401421 0.0 1.0 1.0 1 0 0 0.0 1.0 0
cell 41.97410471253802 7.9415986029090115 0.0 1.0 1.0 1 0 0 0.0 1.0 0
cell 23.05905317122163 8.629118343886214 0.0 1.0 1.0 1 0 0 0.0 1.0 0
cell 31.62581716951324 32.495350121167405 0.0 1.0 1.0 1 0 0 0.0 1.0 0
cell 53.46557061223054 55.294250221412746 0.0 1.0 1.0 1 0 0 0.0 1.0 0
cell 22.3104414667157 52.47177531936841 0.0 1.0 1.0 1 0 0 0.0 1.0 0
cell 20.20013398515706 27.274416920810168 0.0 1.0 1.0 1 0 0 0.0 1.0 0
cell 16.556784091046 43.09668292855232 0.0 1.6431676725154984 0.6085806194501846 1 0 0 0.18644346040725684 -0.9824656920581846 5.908103546585744
cell 31.84870972920969 44.13551208529216 0.0 1.6431676725154984 0.6085806194501846 1 0 0 0.9799920001345837 0.19903688018108157 2.7408425752281724
cell 14.378206610443952 44.39684811470537 0.0 1.6431676725154984 0.6085806194501846 1 0 0 0.17277057363005668 -0.984962095152672 5.935901601998594
cell 19.432169908695766 16.70189855650228 0.0 1.0 1.0 1 0 0 0.0 1.0 0
cell 25.782625075475877 15.059073203295696 0.0 1.0 1.0 1 0 0 0.0 1.0 0
cell 18.363416668738203 45.12742572734979 0.0 1.6431676725154984 0.6085806194501846 1 0 0 0.39486017524705785 -0.9187412268989907 5.4713539983424875
cell 28.629254889552474 34.97834641702287 0.0 1.0 1.0 1 0 0 0.0 1.0 0
cell 26.290521756587783 10.371243318086945 0.0 1.0 1.0 1 0 0 0.0 1.0 0
cell 36.504280313283054 41.31910206123575 0.0 1.6431676725154984 0.6085806194501846 1 0 0 0.955175661758841 0.2960396175912272 2.540505173634536
cell 15.951798996408543 41.90501123698474 0.0 1.0 1.0 1 0 0 0.0 1.0 0
cell 52.30705731588253 19.98800184753293 0.0 1.0 1.0 1 0 0 0.0 1.0 0
cell 42.2629806127312 57.11668278050392 0.0 1.0 1.0 1 0 0 0.0 1.0 0
cell 43.151937068232954 1.9251980738661885 0.0 1.0 1.0 1 0 0 0.0 1.0 0
cell 9.160529902093398 4.278465409658434 0.0 1.6431676725154984 0.6085806194501846 1 0 0 0.7740835359400116 -0.6330834695256297 4.51265292434201
cell 5.981614665908371 54.82918714900642 0.0 1.6431676725154984 0.6085806194501846 1 0 0 0.2034976437193448 -0.9790754358070038 5.8733273119647125
cell 10.120186807092344 46.49058938338844 0.0 1.0 1.0 1 0 0 0.0 1.0 0
cell 57.032229120392856 15.441397563194302 0.0 1.6431676725154984 0.6085806194501846 1 0 0 0.31205257252501506 -0.9500648356720294 5.648479860514055
cell 27.459651058348353 54.164933140300725 0.0 1.0 1.0 1 0 0 0.0 1.0 0
cell 25.690154907442945 24.48122362775755 0.0 1.0 1.0 1 0 0 0.0 1.0 0
cell 22.492152609418525 54.14359670922887 0.0 1.0 1.0 1 0 0 0.0 1.0 0
cell 33.05091579445057 9.829289109581856 0.0 1.0 1.0 1 0 0 0.0 1.0 0
cell 34.681964880961054 40.26890655399544 0.0 1.6431676725154984 0.6085806194501846 1 0 0 0.9019618069674171 0.43181581579658684 2.2485826658832018
cell 26.934579488161646 34.77348310717692 0.0 1.0 1.0 1 0 0 0.0 1.0 0
cell 16.4296266760322 45.52921912750253 0.0 1.6431676725154984 0.6085806194501846 1 0 0 0.2825416025819254 -0.9592550457570903 5.7103000312367245
cell 38.735037917260215 22.610398421749316 0.0 1.0 1.0 1 0 0 0.0 1.0 0
cell 11.877593081291879 14.218608570978407 0.0 1.6431676725154984 0.6085806194501846 1 0 0 0.5001529913350984 -0.8659370561758822 5.235634419607086
cell 36.80448108800488 21.00394817956118 0.0 1.0 1.0 1 0 0 0.0 1.0 0
cell 7.740029354290895 3.5413118003000816 0.0 1.0 1.0 1 0 0 0.0 1.0 0
cell 34.86596035180011 37.67143213206968 0.0 1.6431676725154984 0.6085806194501846 1 0 0 0.8166773069213857 0.5770945991426646 1.9112594280998063
cell 38.74440499882444 13.99342109521234 0.0 1.0 1.0 1 0 0 0.0 1.0 0
cell 47.42222481292465 32.99315573274485 0.0 1.6431676725154984 0.6085806194501846 1 0 0 -0.5314102764095692 0.8471145838234078 5.162656311676274
cell 39.904529775410744 54.59669252457224 0.0 1.0 1.0 1 0 0 0.0 1.0 0
cell 21.841224507239026 45.85691129918218 0.0 1.0 1.0 1 0 0 0.0 1.0 0
cell 45.14750282935251 11.797147386378793 0.0 1.0 1.0 1 0 0 0.0 1.0 0
cell 2.2934363926128154 17.02324977066052 0.0 1.0 1.0 1 0 0 0.0 1.0 0
cell 8.504888038084642 49.91724824496354 0.0 1.6431676725154984 0.6085806194501846 1 0 0 -0.33151587299929897 0.943449641448611 5.607365593305719
cell 54.92851173699635 51.01252380187339 0.0 1.6431676725154984 0.6085806194501846 1 0 0 0.1097171072955157 -0.9939628546211897 6.063308438037734
cell 15.506657757475464 53.43562250363747 0.0 1.0 1.0 1 0 0 0.0 1.0 0
cell 32.439364641072075 37.966760368402866 0.0 1.0 1.0 1 0 0 0.0 1.0 0
cell 12.066162503756537 3.369694706827594 0.0 1.0 1.0 1 0 0 0.0 1.0 0
cell 46.07006291975452 47.25741981673638 0.0 1.0 1.0 1 0 0 0.0 1.0 0
cell 28.391211276089948 57.94559384337192 0.0 1.0 1.0 1 0 0 0.0 1.0 0
cell 25.634757039971245 51.67548905894046 0.0 1.0 1.0 1 0 0 0.0 1.0 0
cell 6.054316716822407 26.9047993579051 0.0 1.6431676725154984 0.6085806194501846 1 0 0 -0.12322152838491217 -0.9923791890917938 0.2470710033507526
cell 31.849790253390637 48.38723612916837 0.0 1.0 1.0 1 0 0 0.0 1.0 0
cell 3.0624164194220462 35.591370815460294 0.0 1.0 1.0 1 0 0 0.0 1.0 0
cell 3.3585197567674916 15.344483719742758 0.0 1.0 1.0 1 0 0 0.0 1.0 0
cell 22.891890442711937 57.52186723612473 0.0 1.0 1.0 1 0 0 0.0 1.0 0
cell 29.60163538068505 45.435249993819745 0.0 1.6431676725154984 0.6085806194501846 1 0 0 0.9886484337728806 0.15024737734293447 2.8399556821340832
cell 16.23595430615947 34.04525724348196 0.0 1.0 1.0 1 0 0 0.0 1.0 0
cell 43.85156696430956 8.001207840387707 0.0 1.0 1.0 1 0 0 0.0 1.0 0
cell 11.235393202313903 42.593022736976714 0.0 1.0 1.0 1 0 0 0.0 1.0 0
cell 37.930871189437184 5.469813981656135 0.0 1.0 1.0 1 0 0 0.0 1.0 0
cell 17.547400675929815 5.082952393571085 0.0 1.0 1.0 1 0 0 0.0 1.0 0
cell 4.590892640978797 13.488784406015087 0.0 1.0 1.0 1 0 0 0.0 1.0 0
cell 40.298483159573706 41.99381848611979 0.0 1.0 1.0 1 0 0 0.0 1.0 0
cell 22.09195125209251 28.041834624137124 0.0 1.0 1.0 1 0 0 0.0 1.0 0
cell 1.438553397079373 51.987955497345965 0.0 1.6431676725154984 0.6085806194501846 1 0 0 0.9537735450943374 -0.30052624623846064 3.75208136930306
cell 14.806408434517065 10.116335199307779 0.0 1.0 1.0 1 0 0 0.0 1.0 0
cell 10.216430241490793 51.485689341652005 0.0 1.6431676725154984 0.6085806194501846 1 0 0 -0.47678828256797934 0.8790181645483083 5.28919066517598
cell 17.87375461575816 51.806320711242876 0.0 1.0 1.0 1 0 0 0.0 1.0 0
cell 15.005272044616031 48.96307619389646 0.0 1.6431676725154984 0.6085806194501846 1 0 0 -0.4193358230962493 0.9078311888606775 5.417758131247829
cell 42.74214725750051 52.11779603800968 0.0 1.0 1.0 1 0 0 0.0 1.0 0
cell 28.867136366811142 44.63600291529131 0.0 1.6431676725154984 0.6085806194501846 1 0 0 0.9885380125937965 0.15097217510888267 2.8384893606653847
cell 28.762273582068048 43.676868612866336 0.0 1.6431676725154984 0.6085806194501846 1 0 0 0.9758541089754548 0.21842334581202902 2.701195630250016
cell 9.854273749410021 31.169531044399157 0.0 1.6431676725154984 0.6085806194501846 1 0 0 0.9906376145464602 -0.1365178253771244 3.415483596568152
cell 30.253725452706565 7.764230863616351 0.0 1.0 1.0 1 0 0 0.0 1.0 0
cell 42.79002014804341 44.4404262616373 0.0 1.6431676725154984 0.6085806194501846 1 0 0 0.4355701224079712 -0.9001548025009393 5.381842226796542
cell 27.957794472522643 31.15018894775861 0.0 1.0 1.0 1 0 0 0.0 1.0 0
cell 6.8817312960942845 12.071262265099746 0.0 1.0 1.0 1 0 0 0.0 1.0 0
cell 57.52173035460117 34.304215683876535 0.0 1.0 1.0 1 0 0 0.0 1.0 0
cell 31.09424073427204 9.591827589351483 0.0 1.0 1.0 1 0 0 0.0 1.0 0
cell 32.79260127265079 55.05796979685492 0.0 1.0 1.0 1 0 0 0.0 1.0 0
cell 56.364796388625166 5.905731598922113 0.0 1.6431676725154984 0.6085806194501846 1 0 0 0.40007068708305527 -0.916484285373673 5.459997360586959
cell 26.414387130815147 2.2959090398388717 0.0 1.0 1.0 1 0 0 0.0 1.0 0
cell 21.850146891884123 1.4893164205792868 0.0 1.0 1.0 1 0 0 0.0 1.0 0
cell 10.36021912458644 39.10271721633552 0.0 1.0 1.0 1 0 0 0.0 1.0 0
cell 49.322310050637824 26.224639869104372 0.0 1.6431676725154984 0.6085806194501846 1 0 0 0.8967635949880804 0.44250994870630206 2.2248013663110657
cell 15.952241631556733 30.57442502213744 0.0 1.0 1.0 1 0 0 0.0 1.0 0
cell 52.942514419254955 36.77410200200819 0.0 1.0 1.0 1 0 0 0.0 1.0 0
cell 5.868008595458556 50.90464435770004 0.0 1.0 1.0 1 0 0 0.0 1.0 0
cell 20.81873001124399 39.53424283073336 0.0 1.6431676725154984 0.6085806194501846 1 0 0 0.9606787340772612 -0.27766233070351976 3.7043124510660674
cell 42.15416563651148 5.117466311663605 0.0 1.0 1.0 1 0 0 0.0 1.0 0
cell 39.35583320420183 52.70370568229968 0.0 1.0 1.0 1 0 0 0.0 1.0 0
cell 44.766013921150865 35.276696711890786 0.0 1.6431676725154984 0.6085806194501846 1 0 0 0.9760063937206895 0.2177418641794324 2.702592208753375
cell 58.64291224357782 24.27242614254416 0.0 1.6431676725154984 0.6085806194501846 1 0 0 -0.00820321075485477 0.9999663531005988 6.266778701658995
cell 32.738688797615616 42.529159164463536 0.0 1.6431676725154984 0.6085806194501846 1 0 0 0.9246740078297233 0.3807597395262751 2.3603570791624016
cell 58.41263594161035 37.71660427928509 0.0 1.6431676725154984 0.6085806194501846 1 0 0 0.8958480217187312 0.4443605765396338 2.2206719114785
cell 57.77027313120996 9.389085795379104 0.0 1.0 1.0 1 0 0 0.0 1.0 0
cell 14.507847359379266 40.991762413727095 0.0 1.0 1.0 1 0 0 0.0 1.0 0
cell 7.932684174328266 24.369059623497037 0.0 1.0 1.0 1 0 0 0.0 1.0 0
cell 44.667244593000746 42.857668075692786 0.0 1.6431676725154984 0.6085806194501846 1 0 0 0.9156540538251337 -0.4019672296513726 3.9689212086732395
cell 9.76554241421601 28.709948032580623 0.0 1.0 1.0 1 0 0 0.0 1.0 0
cell 54.24150720294204 42.04322333109228 0.0 1.6431676725154984 0.6085806194501846 1 0 0 0.9852470811065793 0.17113792440883885 2.7976236194948623
cell 44.923696618460646 2.5240192043417657 0.0 1.0 1.0 1 0 0 0.0 1.0 0
cell 8.747807872621127 12.057747977188184 0.0 1.0 1.0 1 0 0 0.0 1.0 0
cell 46.31049332740064 10.2953583821649 0.0 1.0 1.0 1 0 0 0.0 1.0 0
cell 4.109863723273235 2.1167280774320316 0.0 1.0 1.0 1 0 0 0.0 1.0 0
cell 50.30375052402633 46.37786484649913 0.0 1.6431676725154984 0.6085806194501846 1 0 0 0.9559471980341925 -0.29353867644754483 3.737445640737326
cell 48.666281360615315 18.318925538242816 0.0 1.0 1.0 1 0 0 0.0 1.0 0
cell 15.770991645184207 56.91229140068991 0.0 1.0 1.0 1 0 0 0.0 1.0 0
cell 16.243847891305574 58.82829788452824 0.0 1.0 1.0 1 0 0 0.0 1.0 0
cell 34.49379109644448 27.769326612378055 0.0 1.0 1.0 1 0 0 0.0 1.0 0
cell 38.53475452978317 30.171967864629526 0.0 1.6431676725154984 0.6085806194501846 1 0 0 -0.07633259830387261 0.9970824110554651 6.130371465653515
cell 27.813111656211575 42.767113346488216 0.0 1.6431676725154984 0.6085806194501846 1 0 0 0.9364159564368788 0.3508919442369765 2.424545768692468
cell 19.0580506936151 14.739901807004554 0.0 1.0 1.0 1 0 0 0.0 1.0 0
cell 24.472347313318952 30.6749827818712 0.0 1.0 1.0 1 0 0 0.0 1.0 0
cell 57.12965481005716 1.4821905605026333 0.0 1.0 1.0 1 0 0 0.0 1.0 0
cell 48.3229465741232 28.78778574276056 0.0 1.6431676725154984 0.6085806194501846 1 0 0 0.7918654821140398 -0.6106955528217799 4.4554699859444495
cell 6.06971747734049 32.641303992051036 0.0 1.6431676725154984 0.6085806194501846 1 0 0 0.9184415374572122 -0.3955567497505663 3.9549405768512025
cell 29.26718730589576 24.583984496261852 0.0 1.0 1.0 1 0 0 0.0 1.0 0
cell 19.28354866730768 42.80976366694905 0.0 1.6431676725154984 0.6085806194501846 1 0 0 0.6973643578489835 -0.7167167867448584 4.739758302027977
cell 47.457236578746446 48.65367246623208 0.0 1.6431676725154984 0.6085806194501846 1 0 0 0.9996770226326736 0.02541358731610072 3.090760006241543
cell 43.13678592823523 50.61921399582933 0.0 1.6431676725154984 0.6085806194501846 1 0 0 0.37476959005873234 0.9271179829812437 0.7682964784509861
cell 29.952073829838127 33.697291953098905 0.0 1.0 1.0 1 0 0 0.0 1.0 0
cell 41.134891805464804 34.896512547499796 0.0 1.6431676725154984 0.6085806194501846 1 0 0 0.9519197417524358 0.30634752367527973 2.518885267913451
cell 13.650024650595592 49.19145891900053 0.0 1.6431676725154984 0.6085806194501846 1 0 0 0.44750092192417945 -0.8942834700904458 5.355247556144543
cell 1.5107674824877895 14.930556082466824 0.0 1.0 1.0 1 0 0 0.0 1.0 0
cell 42.830588196252044 30.807504817820405 0.0 1.6431676725154984 0.6085806194501846 1 0 0 0.8834981041278073 0.46843473398390334 2.166556102773525
cell 25.78400370704194 36.358347208100746 0.0 1.0 1.0 1 0 0 0.0 1.0 0
cell 28.790824048476125 49.39488678072829 0.0 1.0 1.0 1 0 0 0.0 1.0 0
cell 13.86596943768484 33.303089121796 0.0 1.0 1.0 1 0 0 0.0 1.0 0
cell 36.03820943094333 8.523686864119801 0.0 1.0 1.0 1 0 0 0.0 1.0 0
cell 58.77511450157473 29.2579277530862 0.0 1.0 1.0 1 0 0 0.0 1.0 0
cell 12.693400163352122 43.73208290809998 0.0 1.0 1.0 1 0 0 0.0 1.0 0
cell 36.76223777111973 6.846295910471102 0.0 1.0 1.0 1 0 0 0.0 1.0 0
cell 11.361011483943267 25.537370705991375 0.0 1.6431676725154984 0.6085806194501846 1 0 0 0.9991122576558061 0.042127148039216154 3.0573134166192655
cell 47.867619200731504 58.9650219983743 0.0 1.0 1.0 1 0 0 0.0 1.0 0
cell 17.09110225045384 53.44819845855136 0.0 1.6431676725154984 0.6085806194501846 1 0 0 -0.9013078485867875 0.43317913393405344 4.0376267433734565
cell 37.680631817197444 28.14394618227143 0.0 1.6431676725154984 0.6085806194501846 1 0 0 0.33629303209708383 -0.9417573979337511 5.597229520666742
cell 26.00356441480118 38.15389324991305 0.0 1.0 1.0 1 0 0 0.0 1.0 0
cell 34.52917286067109 13.531702217875326 0.0 1.0 1.0 1 0 0 0.0 1.0 0
cell 31.881092252733175 11.396646531584299 0.0 1.0 1.0 1 0 0 0.0 1.0 0
cell 43.13638816054235 26.191286990436403 0.0 1.6431676725154984 0.6085806194501846 1 0 0 0.09210878897804924 0.9957489497825228 0.1844790620345548
cell 22.441943200563543 3.328125784770413 0.0 1.0 1.0 1 0 0 0.0 1.0 0
cell 36.494095612894235 34.54474761147439 0.0 1.6431676725154984 0.6085806194501846 1 0 0 0.9476625765092104 0.31927361476314486 2.4916668810936002
cell 53.20253493373379 0.024810902769297295 0.0 1.0 1.0 1 0 0 0.0 1.0 0
cell 39.630370710813445 37.252384627627194 0.0 1.6431676725154984 0.6085806194501846 1 0 0 0.9824913460603516 0.18630822557396207 2.7667861862068617
cell 38.7180321880441 45.505239321155535 0.0 1.0 1.0 1 0 0 0.0 1.0 0
cell 13.794719175638248 53.449081175174406 0.0 1.0 1.0 1 0 0 0.0 1.0 0
cell 51.59659902296732 1.2635913746539245 0.0 1.0 1.0 1 0 0 0.0 1.0 0
cell 9.673005639344641 50.2430659413535 0.0 1.6431676725154984 0.6085806194501846 1 0 0 0.38446052424715854 -0.9231414329860836 5.493938586853101
cell 23.966698712055837 14.282202802281333 0.0 1.0 1.0 1 0 0 0.0 1.0 0
cell 0.255333847380364 20.427535362455135 0.0 1.0 1.0 1 0 0 0.0 1.0 0
cell 23.55819123765323 1.7718168873757028 0.0 1.0 1.0 1 0 0 0.0 1.0 0
cell 4.19059903601065 9.814950406947382 0.0 1.0 1.0 1 0 0 0.0 1.0 0
cell 35.293026488129094 31.365023800912272 0.0 1.0 1.0 1 0 0 0.0 1.0 0
cell 29.313636682147333 20.772494245410996 0.0 1.0 1.0 1 0 0 0.0 1.0 0
cell 49.99774872346206 2.481600134355326 0.0 1.0 1.0 1 0 0 0.0 1.0 0
cell 52.21750536724794 42.686403971996675 0.0 1.6431676725154984 0.6085806194501846 1 0 0 0.6230689989729324 0.7821668763881963 1.3453206282208197
cell 56.6611394417153 58.59212469705635 0.0 1.0 1.0 1 0 0 0.0 1.0 0
cell 4.151298594359881 56.748089916511866 0.0 1.6431676725154984 0.6085806194501846 1 0 0 -0.30597906863325197 0.9520382395462526 5.661252003790873
cell 34.0542944297955 53.5172375348076 0.0 1.0 1.0 1 0 0 0.0 1.0 0
cell 6.713510019162609 47.35343080223272 0.0 1.0 1.0 1 0 0 0.0 1.0 0
cell 21.168737945485606 6.553719155573287 0.0 1.0 1.0 1 0 0 0.0 1.0 0
cell 35.95590713003384 19.170028749363695 0.0 1.0 1.0 1 0 0 0.0 1.0 0
cell 33.792673766341615 34.44333407213767 0.0 1.0 1.0 1 0 0 0.0 1.0 0
cell 10.824952296990514 7.733342764558594 0.0 1.0 1.0 1 0 0 0.0 1.0 0
cell 18.916658719088133 31.34318261337986 0.0 1.0 1.0 1 0 0 0.0 1.0 0
cell 18.78458004903466 40.62337130026667 0.0 1.0 1.0 1 0 0 0.0 1.0 0
cell 39.48682644203516 48.5446151686382 0.0 1.0 1.0 1 0 0 0.0 1.0 0
cell 31.04099253596447 43.16060985401638 0.0 1.6431676725154984 0.6085806194501846 1 0 0 0.9170921321285063 0.3986753330568501 2.321448711585195
cell 5.3471023777265145 48.876148878960045 0.0 1.0 1.0 1 0 0 0.0 1.0 0
cell 40.7760802024192 22.084418106373306 0.0 1.6431676725154984 0.6085806194501846 1 0 0 0.5057678996459339 -0.8626695958985343 5.222641553805906
cell 51.58980192661707 54.52439273643384 0.0 1.0 1.0 1 0 0 0.0 1.0 0
cell 13.906122222909744 3.972122621842834 0.0 1.0 1.0 1 0 0 0.0 1.0 0
cell 35.9832688924847 37.85237955714153 0.0 1.6431676725154984 0.6085806194501846 1 0 0 0.8947788761799788 0.44650953264414667 2.2158714584632104
cell 47.35209295253972 30.041005487764856 0.0 1.6431676725154984 0.6085806194501846 1 0 0 0.7262727653526301 -0.6874066266097844 4.6574170384313085
cell 22.44791934072909 18.897552080453384 0.0 1.0 1.0 1 0 0 0.0 1.0 0
cell 58.567106774115096 0.10785812816956335 0.0 1.0 1.0 1 0 0 0.0 1.0 0
cell 11.87024368951987 24.02830205709504 0.0 1.0 1.0 1 0 0 0.0 1.0 0
cell 41.2620540531595 53.33064118965362 0.0 1.0 1.0 1 0 0 0.0 1.0 0
cell 32.76942495121697 24.73510318912846 0.0 1.0 1.0 1 0 0 0.0 1.0 0
cell 9.81642635240438 56.048880380979085 0.0 1.0 1.0 1 0 0 0.0 1.0 0
cell 9.570605234728397 2.2912790670962577 0.0 1.0 1.0 1 0 0 0.0 1.0 0
cell 29.0474197344725 39.35973103591624 0.0 1.0 1.0 1 0 0 0.0 1.0 0
cell 42.36163880358524 40.849337779259635 0.0 1.6431676725154984 0.6085806194501846 1 0 0 0.8336322665979685 -0.5523198747888161 4.3118817179530105
cell 51.08653435535518 44.6965741801222 0.0 1.6431676725154984 0.6085806194501846 1 0 0 0.9915811728815183 0.1294865923055845 2.8818902626051455
cell 9.510226280663417 42.99838249289343 0.0 1.0 1.0 1 0 0 0.0 1.0 0
cell 20.776300114427936 19.981956018356374 0.0 1.0 1.0 1 0 0 0.0 1.0 0
cell 15.96073895416819 51.559296018378696 0.0 1.6431676725154984 0.6085806194501846 1 0 0 -0.9457281144016803 0.3249589722260987 3.803529344705394
cell 18.93063852565865 21.225903871587384 0.0 1.0 1.0 1 0 0 0.0 1.0 0
cell 26.18605223877848 41.85984478400518 0.0 1.6431676725154984 0.6085806194501846 1 0 0 0.9999948527029351 0.0032085148644146132 3.135175612850822
cell 57.972814303159964 57.09342417088565 0.0 1.0 1.0 1 0 0 0.0 1.0 0
cell 52.04016542510351 16.337892652668238 0.0 1.0 1.0 1 0 0 0.0 1.0 0
cell 6.739677760380713 6.744078208874331 0.0 1.0 1.0 1 0 0 0.0 1.0 0
cell 56.36099280328709 7.943407579280543 0.0 1.0 1.0 1 0 0 0.0 1.0 0
cell 10.580678417379719 3.997601508801959 0.0 1.0 1.0 1 0 0 0.0 1.0 0
cell 56.67905660537936 32.698560131108 0.0 1.6431676725154984 0.6085806194501846 1 0 0 -0.0433111818077041 -0.9990616304965475 0.08664946838417453
cell 50.2439728732509 38.985241508232534 0.0 1.6431676725154984 0.6085806194501846 1 0 0 0.7980086865642159 -0.6026459459484109 4.435217972921984
cell 34.044353765744376 8.28810875970252 0.0 1.0 1.0 1 0 0 0.0 1.0 0
cell 12.912786356048544 0.6167680445612229 0.0 1.0 1.0 1 0 0 0.0 1.0 0
cell 51.274653132395315 58.42114092797187 0.0 1.0 1.0 1 0 0 0.0 1.0 0
cell 44.439856713366986 9.920163188083063 0.0 1.0 1.0 1 0 0 0.0 1.0 0
cell 58.9302743696996 15.47692761851857 0.0 1.0 1.0 1 0 0 0.0 1.0 0
cell 29.72363236255416 31.955612905303337 0.0 1.0 1.0 1 0 0 0.0 1.0 0
cell 40.40094799411502 56.485402186986825 0.0 1.0 1.0 1 0 0 0.0 1.0 0
cell 55.58507222038714 14.499166601267747 0.0 1.0 1.0 1 0 0 0.0 1.0 0
cell 39.522210854662504 34.123464471448834 0.0 1.6431676725154984 0.6085806194501846 1 0 0 -0.7239621466254699 -0.6898396989543597 1.6190574385463918
cell 11.886747825455307 18.88906323636478 0.0 1.0 1.0 1 0 0 0.0 1.0 0
cell 1.4249816368987605 29.703308492775548 0.0 1.6431676725154984 0.6085806194501846 1 0 0 0.9896532045225027 0.14348008495377154 2.853638663257535
cell 34.286178508063884 4.797900042418374 0.0 1.0 1.0 1 0 0 0.0 1.0 0
cell 49.166299316518895 33.89625335441282 0.0 1.6431676725154984 0.6085806194501846 1 0 0 0.843568068707559 -0.5370222653270524 4.2753990510891295
cell 5.093483257586435 11.571796929540861 0.0 1.0 1.0 1 0 0 0.0 1.0 0
cell 1.9330279402137587 10.304481624595656 0.0 1.0 1.0 1 0 0 0.0 1.0 0
cell 17.39632997145889 28.371669838678166 0.0 1.6431676725154984 0.6085806194501846 1 0 0 0.8926059612069845 0.4508376625990282 2.20618552758833
cell 50.446161708690845 21.159702292159952 0.0 1.0 1.0 1 0 0 0.0 1.0 0
cell 56.82084003701103 51.52889256577675 0.0 1.6431676725154984 0.6085806194501846 1 0 0 0.20120048963548026 -0.9795500819102835 5.878018669265636
cell 7.208297138325888 58.87783920661229 0.0 1.0 1.0 1 0 0 0.0 1.0 0
cell 34.00520277048261 58.60702773624507 0.0 1.0 1.0 1 0 0 0.0 1.0 0
cell 18.33624541028944 38.61439662655198 0.0 1.6431676725154984 0.6085806194501846 1 0 0 0.9276322449367402 -0.37349487031768397 3.9071400405002388
cell 9.812119310710765 15.879329799165742 0.0 1.6431676725154984 0.6085806194501846 1 0 0 0.4419545403009347 -0.8970374486649871 5.367632526009625
