1000
 Lattice="59.08179503018386 0.0 0.0 0.0 59.08179503018386 0.0 0.0 0.0 1.0"Properties=species:S:1:pos:R:3:aspherical_shape:R:3:orientation:R:4:Color:R:1
cell 53.65829654841948 46.121545926411905 0.0 1.0 1.0 1 0 0 0.0 1.0 0
cell 32.468086956798544 32.28658422305482 0.0 1.6431676725154984 0.6085806194501846 1 0 0 0.7910897252959306 -0.6117001279476808 4.458008465836582
cell 0.5547879136273907 49.03811913055423 0.0 1.0 1.0 1 0 0 0.0 1.0 0
cell 1.1184784027540977 35.436550774206424 0.0 1.0 1.0 1 0 0 0.0 1.0 0
cell 7.162679150489296 52.63721292532022 0.0 1.0 1.0 1 0 0 0.0 1.0 0
cell 8.099250014675162 29.142430443418704 0.0 1.6431676725154984 0.6085806194501846 1 0 0 -0.0655002481602114 0.997852552981126 6.15209095802819
cell 25.986894359814645 41.262663782853174 0.0 1.0 1.0 1 0 0 0.0 1.0 0
cell 29.858723427061044 5.615352547685408 0.0 1.0 1.0 1 0 0 0.0 1.0 0
cell 30.077238610807726 21.37858191486074 0.0 1.0 1.0 1 0 0 0.0 1.0 0
cell 17.385052417402022 53.36586711590916 0.0 1.0 1.0 1 0 0 0.0 1.0 0
cell 37.33747122060808 31.82806025757006 0.0 1.6431676725154984 0.6085806194501846 1 0 0 0.9923787426590847 -0.12322512373040716 3.3886709028528808
cell 10.067343108618216 8.251515852074176 0.0 1.0 1.0 1 0 0 0.0 1.0 0
cell 13.21493491308427 29.52907590686208 0.0 1.6431676725154984 0.6085806194501846 1 0 0 -0.17098555276658667 -0.9852735360016044 0.34365973179050346
cell 33.970844189029094 26.9422681016158 0.0 1.6431676725154984 0.6085806194501846 1 0 0 0.7990065354668275 0.601322339749071 1.851282533456746
cell 44.6853740718345 25.704107678842746 0.0 1.6431676725154984 0.6085806194501846 1 0 0 -0.3542499454816639 -0.9351507772152243 0.7242237545882215
cell 19.063725173403164 23.546344155260623 0.0 1.0 1.0 1 0 0 0.0 1.0 0
cell 54.69364041886773 47.82156924396467 0.0 1.0 1.0 1 0 0 0.0 1.0 0
cell 44.37049414533338 51.86369055220483 0.0 1.0 1.0 1 0 0 0.0 1.0 0
cell 17.357049406874705 43.89749233345696 0.0 1.0 1.0 1 0 0 0.0 1.0 0
cell 45.90154893222432 39.72437500293302 0.0 1.6431676725154984 0.6085806194501846 1 0 0 0.7792935956469328 0.6266589916243721 1.7870755419735451
cell 58.6526621502295 47.374940661454694 0.0 1.0 1.0 1 0 0 0.0 1.0 0
cell 15.996817875066444 8.003002354774072 0.0 1.0 1.0 1 0 0 0.0 1.0 0
cell 22.28723849148766 7.744480055443179 0.0 1.6431676725154984 0.6085806194501846 1 0 0 0.9526083165501352 0.304199597697823 2.5233964643905455
cell 35.97755636736724 46.51831244600963 0.0 1.0 1.0 1 0 0 0.0 1.0 0
cell 14.338767489568209 49.594072287083875 0.0 1.0 1.0 1 0 0 0.0 1.0 0
cell 27.19639133838909 56.61294886432614 0.0 1.0 1.0 1 0 0 0.0 1.0 0
cell 31.895046765471193 10.702303903637668 0.0 1.0 1.0 1 0 0 0.0 1.0 0
cell 5.870120079069915 32.154775599861615 0.0 1.0 1.0 1 0 0 0.0 1.0 0
cell 41.901359735301845 17.855372289872353 0.0 1.6431676725154984 0.6085806194501846 1 0 0 0.6867570544004297 0.7268870257689605 1.5140363580324645
cell 13.774578329742138 24.30909122889523 0.0 1.0 1.0 1 0 0 0.0 1.0 0
cell 16.70074279582821 46.88289289255465 0.0 1.0 1.0 1 0 0 0.0 1.0 0
cell 39.485202158042355 5.723711530907843 0.0 1.0 1.0 1 0 0 0.0 1.0 0
cell 22.03620678095609 16.213354449064145 0.0 1.0 1.0 1 0 0 0.0 1.0 0
cell 6.8198772268783765 18.244623692711755 0.0 1.0 1.0 1 0 0 0.0 1.0 0
cell 23.143682490438948 57.872007845753025 0.0 1.0 1.0 1 0 0 0.0 1.0 0
cell 40.248582991088966 49.44423613293989 0.0 1.0 1.0 1 0 0 0.0 1.0 0
cell 27.47987439663645 39.86146211916078 0.0 1.0 1.0 1 0 0 0.0 1.0 0
cell 30.34518703082142 52.648089203551606 0.0 1.0 1.0 1 0 0 0.0 1.0 0
cell 58.57076041051933 20.960142210684584 0.0 1.6431676725154984 0.6085806194501846 1 0 0 0.38121538519801373 0.9244862519736732 0.7822212016278494
cell 33.873480610604524 43.47164373110275 0.0 1.0 1.0 1 0 0 0.0 1.0 0
cell 7.248706368585471 14.483019724526283 0.0 1.0 1.0 1 0 0 0.0 1.0 0
cell 5.7399055539136254 21.491978974898156 0.0 1.6431676725154984 0.6085806194501846 1 0 0 0.2105321878459809 0.9775869259972663 0.42423863432024284
cell 30.423281792779907 26.140261812095986 0.0 1.0 1.0 1 0 0 0.0 1.0 0
cell 54.653135615414165 58.636634685356704 0.0 1.0 1.0 1 0 0 0.0 1.0 0
cell 37.402266825541254 9.704606613664096 0.0 1.6431676725154984 0.6085806194501846 1 0 0 0.9701350202969172 0.24256554246945308 2.651573650729904
cell 48.59462404513448 31.69207872126304 0.0 1.6431676725154984 0.6085806194501846 1 0 0 -0.8123229369345663 -0.5832078927192265 1.8962483440900577
cell 12.164642617739398 25.26509120010236 0.0 1.0 1.0 1 0 0 0.0 1.0 0
cell 14.718950794253415 46.62518524456671 0.0 1.0 1.0 1 0 0 0.0 1.0 0
cell 31.75927613281967 28.450640173833 0.0 1.6431676725154984 0.6085806194501846 1 0 0 0.9761934601081405 0.21690165615342005 2.7043137701447164
cell 49.02641235969082 36.96919237200469 0.0 1.0 1.0 1 0 0 0.0 1.0 0
cell 26.03499407544595 58.92328778999009 0.0 1.0 1.0 1 0 0 0.0 1.0 0
cell 28.36626644942488 58.71999211867272 0.0 1.6431676725154984 0.6085806194501846 1 0 0 0.8224591127189594 0.5688242328747448 1.9314415093186115
cell 47.89131391098067 8.138308513950525 0.0 1.6431676725154984 0.6085806194501846 1 0 0 0.6825286042277668 0.7308588813244978 1.5024336821673343
cell 3.113416016070885 8.994533556977016 0.0 1.0 1.0 1 0 0 0.0 1.0 0
cell 13.593197011344529 19.197167267144977 0.0 1.0 1.0 1 0 0 0.0 1.0 0
cell 24.491533425901356 42.57590274604405 0.0 1.0 1.0 1 0 0 0.0 1.0 0
cell 43.698409937769306 46.16870114284692 0.0 1.6431676725154984 0.6085806194501846 1 0 0 0.8271808606781617 0.561935782565709 1.9481443302570496
cell 1.8856077599423007 30.244175451554828 0.0 1.0 1.0 1 0 0 0.0 1.0 0
cell 8.758992399704319 45.902259700498185 0.0 1.0 1.0 1 0 0 0.0 1.0 0
cell 13.602803780563915 31.03491835688601 0.0 1.0 1.0 1 0 0 0.0 1.0 0
cell 35.54875346365939 38.22100530717786 0.0 1.6431676725154984 0.6085806194501846 1 0 0 0.8318115988594743 -0.5550580726400121 4.318458211921356
cell 44.82884966994401 9.844021057867407 0.0 1.6431676725154984 0.6085806194501846 1 0 0 0.5354676886535369 0.8445557142119393 1.130122837680328
cell 51.93852396899232 57.9297470748525 0.0 1.0 1.0 1 0 0 0.0 1.0 0
cell 17.473025927155092 48.561035264843575 0.0 1.0 1.0 1 0 0 0.0 1.0 0
cell 9.683650886606763 1.3807643881982317 0.0 1.0 1.0 1 0 0 0.0 1.0 0
cell 13.258195990807256 50.97030948035125 0.0 1.0 1.0 1 0 0 0.0 1.0 0
cell 26.75493718570621 1.9089019364988642 0.0 1.6431676725154984 0.6085806194501846 1 0 0 0.8763310639189933 0.481709317338377 2.1363842387400047
cell 16.831366389223422 51.69923061308978 0.0 1.0 1.0 1 0 0 0.0 1.0 0
cell 52.476982401294826 54.078186729406184 0.0 1.0 1.0 1 0 0 0.0 1.0 0
cell 56.97647342618005 51.085754293127096 0.0 1.0 1.0 1 0 0 0.0 1.0 0
cell 6.055637214399789 55.4482031651288 0.0 1.0 1.0 1 0 0 0.0 1.0 0
cell 24.349032315466687 29.918433917731043 0.0 1.0 1.0 1 0 0 0.0 1.0 0
cell 7.4249364552840325 16.4769808108693 0.0 1.0 1.0 1 0 0 0.0 1.0 0
cell 47.64650848856393 45.39524596608005 0.0 1.6431676725154984 0.6085806194501846 1 0 0 0.7955279840196429 0.6059168479598853 1.8397569240970515
cell 58.150518493728825 32.35599180992667 0.0 1.6431676725154984 0.6085806194501846 1 0 0 0.9242175265274658 0.38186642122534553 2.35796281958289
cell 43.143386253861685 16.786214253425626 0.0 1.6431676725154984 0.6085806194501846 1 0 0 0.469411339539078 0.8829796114928863 0.9772479694988575
cell 35.26012508983396 16.8497574447785 0.0 1.0 1.0 1 0 0 0.0 1.0 0
cell 42.597934462671404 25.512887826654936 0.0 1.0 1.0 1 0 0 0.0 1.0 0
cell 4.398958703878566 56.34845205896552 0.0 1.6431676725154984 0.6085806194501846 1 0 0 0.009038454050362703 -0.999959152339924 6.265108152941707
cell 41.8882949778068 49.18531300032825 0.0 1.6431676725154984 0.6085806194501846 1 0 0 0.6919036742517559 0.7219898237211658 1.5282448760499374
cell 25.42468337034799 1.7448659944841514 0.0 1.0 1.0 1 0 0 0.0 1.0 0
cell 1.5769629940090775 47.33762703497457 0.0 1.0 1.0 1 0 0 0.0 1.0 0
cell 44.10506105131127 1.9873236165722266 0.0 1.0 1.0 1 0 0 0.0 1.0 0
cell 9.125293249083054 53.1239212986621 0.0 1.0 1.0 1 0 0 0.0 1.0 0
cell 28.277806379693015 33.495658295022146 0.0 1.0 1.0 1 0 0 0.0 1.0 0
cell 15.883362867670892 26.753909132175774 0.0 1.0 1.0 1 0 0 0.0 1.0 0
cell 21.900957731545976 34.11373087479146 0.0 1.0 1.0 1 0 0 0.0 1.0 0
cell 38.72909531914173 16.70202048044234 0.0 1.0 1.0 1 0 0 0.0 1.0 0
cell 36.08248600750201 13.202992412559325 0.0 1.0 1.0 1 0 0 0.0 1.0 0
cell 13.015817602229143 32.44614276792345 0.0 1.0 1.0 1 0 0 0.0 1.0 0
cell 52.25492013938431 37.43175973501091 0.0 1.0 1.0 1 0 0 0.0 1.0 0
cell 39.57178089792704 55.846181592722694 0.0 1.0 1.0 1 0 0 0.0 1.0 0
cell 10.061451216653829 22.725753735492663 0.0 1.0 1.0 1 0 0 0.0 1.0 0
cell 57.11471609969409 15.802365811681465 0.0 1.0 1.0 1 0 0 0.0 1.0 0
cell 56.71398349890391 32.116746847792 0.0 1.0 1.0 1 0 0 0.0 1.0 0
cell 35.87894811609809 57.45167435931905 0.0 1.6431676725154984 0.6085806194501846 1 0 0 0.9988171170631714 -0.04862475358924489 3.238880523848062
cell 8.514307346103024 36.329961183941855 0.0 1.0 1.0 1 0 0 0.0 1.0 0
cell 18.711493254299814 51.97002886410403 0.0 1.0 1.0 1 0 0 0.0 1.0 0
cell 2.3082942514657465 40.59845824859651 0.0 1.0 1.0 1 0 0 0.0 1.0 0
cell 44.30450580554768 55.95464265548134 0.0 1.6431676725154984 0.6085806194501846 1 0 0 -0.86368094337185 -0.5040389152201556 2.085055001661585
cell 14.673331540003124 35.90104192530048 0.0 1.0 1.0 1 0 0 0.0 1.0 0
cell 23.754162108082184 56.193746913394556 0.0 1.0 1.0 1 0 0 0.0 1.0 0
cell 49.4028697988949 53.40545253763523 0.0 1.0 1.0 1 0 0 0.0 1.0 0
cell 17.327972415231645 57.2454631829812 0.0 1.6431676725154984 0.6085806194501846 1 0 0 0.9961418757924226 -0.08775741161151886 3.3173335450605017
cell 24.780116027719192 23.776917235942445 0.0 1.6431676725154984 0.6085806194501846 1 0 0 0.35395964461210494 -0.9352606962692661 5.559582380406727
cell 7.0858567192508515 39.56629217923446 0.0 1.0 1.0 1 0 0 0.0 1.0 0
cell 55.88444142674023 39.61679780933938 0.0 1.0 1.0 1 0 0 0.0 1.0 0
cell 33.84512768561723 11.053598868510758 0.0 1.0 1.0 1 0 0 0.0 1.0 0
cell 38.454342620759135 43.3979510698236 0.0 1.6431676725154984 0.6085806194501846 1 0 0 0.9168533008800499 -0.399224278652184 3.9629338952938467
cell 11.903803985188981 23.538102924700247 0.0 1.0 1.0 1 0 0 0.0 1.0 0
cell 16.591099188058145 1.9959265988970936 0.0 1.0 1.0 1 0 0 0.0 1.0 0
cell 50.70643826035515 23.07883434846399 0.0 1.6431676725154984 0.6085806194501846 1 0 0 0.5567111532500607 0.830706140489516 1.1808428513880742
cell 39.98258058074888 40.867115330512924 0.0 1.6431676725154984 0.6085806194501846 1 0 0 -0.5062573398958736 -0.8623824591221426 1.0616786530084639
cell 41.27556342096372 46.02371244365687 0.0 1.6431676725154984 0.6085806194501846 1 0 0 -0.6434988593729503 -0.765447070662441 1.398121066829325
cell 13.63135691709716 20.942514960478995 0.0 1.0 1.0 1 0 0 0.0 1.0 0
cell 6.893544498720909 27.783802662083474 0.0 1.6431676725154984 0.6085806194501846 1 0 0 0.14246981381338678 0.9897991473788906 0.28591247404783043
cell 55.14809676153961 53.40271640531478 0.0 1.0 1.0 1 0 0 0.0 1.0 0
cell 27.467309753056607 27.734693291232997 0.0 1.0 1.0 1 0 0 0.0 1.0 0
cell 4.605709576570893 5.948593062571618 0.0 1.0 1.0 1 0 0 0.0 1.0 0
cell 55.53665812813571 1.150468248590127 0.0 1.0 1.0 1 0 0 0.0 1.0 0
cell 55.427731737301556 42.89140070116265 0.0 1.0 1.0 1 0 0 0.0 1.0 0
cell 2.9744373104359814 20.26478777041753 0.0 1.6431676725154984 0.6085806194501846 1 0 0 0.9895619130695971 0.1441083627068161 2.8523689119781372
cell 23.51198572820691 15.14512827761261 0.0 1.0 1.0 1 0 0 0.0 1.0 0
cell 50.176715092522855 16.04850302069142 0.0 1.6431676725154984 0.6085806194501846 1 0 0 0.812346619903868 0.5831749044075547 1.8963295626037628
cell 34.0806668394559 22.013799170729843 0.0 1.6431676725154984 0.6085806194501846 1 0 0 0.7453569335702627 0.6666656145165544 1.6821401643490865
cell 40.28284776048811 57.452725242576236 0.0 1.6431676725154984 0.6085806194501846 1 0 0 0.903111157532436 0.4294068433786583 2.253920889955351
cell 55.10865450442892 15.79697300232194 0.0 1.6431676725154984 0.6085806194501846 1 0 0 0.6999600792054244 0.7141819708720852 1.550683195697073
cell 17.946612308514787 55.10996990205788 0.0 1.0 1.0 1 0 0 0.0 1.0 0
cell 21.32550956756901 32.20818936027709 0.0 1.0 1.0 1 0 0 0.0 1.0 0
cell 14.884200255036099 14.866013263211743 0.0 1.0 1.0 1 0 0 0.0 1.0 0
cell 6.758059946400159 45.831055021296045 0.0 1.0 1.0 1 0 0 0.0 1.0 0
cell 32.81478326911924 29.807851389257706 0.0 1.0 1.0 1 0 0 0.0 1.0 0
cell 12.862423481680368 38.99579892656416 0.0 1.0 1.0 1 0 0 0.0 1.0 0
cell 11.649882069046635 37.415295894778524 0.0 1.0 1.0 1 0 0 0.0 1.0 0
cell 15.87433611014826 40.59130683961907 0.0 1.0 1.0 1 0 0 0.0 1.0 0
cell 58.64192693306323 27.357370470845943 0.0 1.6431676725154984 0.6085806194501846 1 0 0 0.39242110839853633 -0.9197856672525748 5.476660562908673
cell 33.79473760808961 35.40608211561525 0.0 1.6431676725154984 0.6085806194501846 1 0 0 0.9025787502268041 -0.4305247956146317 4.031740926813895
cell 23.969748089130274 40.893823385760314 0.0 1.0 1.0 1 0 0 0.0 1.0 0
cell 26.90645652419784 34.62180477559669 0.0 1.0 1.0 1 0 0 0.0 1.0 0
cell 28.971398555189875 53.70956868059271 0.0 1.0 1.0 1 0 0 0.0 1.0 0
cell 6.413323308362987 6.74723939800122 0.0 1.0 1.0 1 0 0 0.0 1.0 0
cell 26.87076024183082 44.83249892632502 0.0 1.0 1.0 1 0 0 0.0 1.0 0
cell 31.694930026179808 53.262587736450286 0.0 1.6431676725154984 0.6085806194501846 1 0 0 0.7004755472033328 0.7136764026995649 1.5521272268000346
cell 31.36444054659928 14.092900980603975 0.0 1.0 1.0 1 0 0 0.0 1.0 0
cell 1.6247862033201343 50.69722274374955 0.0 1.0 1.0 1 0 0 0.0 1.0 0
cell 53.90945912010091 13.46409433317893 0.0 1.6431676725154984 0.6085806194501846 1 0 0 0.5513873796498627 0.8342493377659093 1.1680527064842083
cell 43.13601728527984 52.99945319729297 0.0 1.6431676725154984 0.6085806194501846 1 0 0 0.6884495117572924 0.7252842682432493 1.5186982229172656
cell 7.328337258278918 53.96470032467742 0.0 1.0 1.0 1 0 0 0.0 1.0 0
cell 17.610388926505586 11.507139373570254 0.0 1.6431676725154984 0.6085806194501846 1 0 0 0.8931196662833352 0.4498191433208953 2.2084669960334384
cell 2.7122015999418503 58.286316948280316 0.0 1.0 1.0 1 0 0 0.0 1.0 0
cell 49.104797826686436 44.57672008940423 0.0 1.0 1.0 1 0 0 0.0 1.0 0
cell 20.424335065075134 17.247032656428665 0.0 1.0 1.0 1 0 0 0.0 1.0 0
cell 58.79572478158912 50.83402997669156 0.0 1.0 1.0 1 0 0 0.0 1.0 0
cell 43.325165897679405 11.919418675006346 0.0 1.6431676725154984 0.6085806194501846 1 0 0 0.6165109037375441 0.787346369505008 1.3286070207721832
cell 48.83074675504224 26.909208995102244 0.0 1.6431676725154984 0.6085806194501846 1 0 0 0.7101162236521655 0.7040844756888108 1.5793265324317725
cell 0.6138862084676676 39.944670282225886 0.0 1.0 1.0 1 0 0 0.0 1.0 0
cell 7.720160942729479 55.34878120745518 0.0 1.6431676725154984 0.6085806194501846 1 0 0 0.9859491519011119 -0.16704571190389253 3.477257681097107
cell 16.311497194537388 33.537716513165265 0.0 1.0 1.0 1 0 0 0.0 1.0 0
cell 39.1283518249709 47.76156874159477 0.0 1.0 1.0 1 0 0 0.0 1.0 0
cell 17.88594232583486 58.52900836391405 0.0 1.0 1.0 1 0 0 0.0 1.0 0
cell 28.89990260844944 47.64527066192559 0.0 1.0 1.0 1 0 0 0.0 1.0 0
cell 53.99016902115733 11.197391836471853 0.0 1.6431676725154984 0.6085806194501846 1 0 0 0.5813127943484034 0.8136801798783418 1.2406823319348925
cell 34.083404536719264 15.238265139722198 0.0 1.0 1.0 1 0 0 0.0 1.0 0
cell 45.71404209045627 16.329360937206502 0.0 1.6431676725154984 0.6085806194501846 1 0 0 0.5485375019689309 0.8361259527928104 1.1612281924200285
cell 20.86628077524045 22.821157050031307 0.0 1.0 1.0 1 0 0 0.0 1.0 0
cell 27.395187086274692 52.68782561793866 0.0 1.0 1.0 1 0 0 0.0 1.0 0
cell 53.0282598644294 51.32282363864453 0.0 1.0 1.0 1 0 0 0.0 1.0 0
cell 17.810857060558735 40.75069824081273 0.0 1.0 1.0 1 0 0 0.0 1.0 0
cell 11.119786220881334 42.74791140223503 0.0 1.0 1.0 1 0 0 0.0 1.0 0
cell 51.757861652367765 5.886707017733492 0.0 1.6431676725154984 0.6085806194501846 1 0 0 0.780981388606713 0.6245542975994404 1.7924712389362152
cell 5.888500056074591 37.95055859886686 0.0 1.0 1.0 1 0 0 0.0 1.0 0
cell 21.48641979801946 58.69879471801857 0.0 1.0 1.0 1 0 0 0.0 1.0 0
cell 33.67715193624247 57.93762607349871 0.0 1.6431676725154984 0.6085806194501846 1 0 0 0.9918338285158909 -0.12753688333776375 3.3973630215970094
cell 1.125619139886253 6.153736736729729 0.0 1.0 1.0 1 0 0 0.0 1.0 0
cell 0.20974673563528495 15.79945027710058 0.0 1.6431676725154984 0.6085806194501846 1 0 0 0.37979777546333365 0.9250695377932965 0.7791553639495767
cell 10.753239248830637 26.35521829633374 0.0 1.0 1.0 1 0 0 0.0 1.0 0
cell 54.93649229800327 31.266310061482947 0.0 1.6431676725154984 0.6085806194501846 1 0 0 0.4635401509741669 0.8860759157289213 0.9639727117843875
cell 32.45869226086093 47.255570147778634 0.0 1.0 1.0 1 0 0 0.0 1.0 0
cell 3.591029281158912 12.920227137028343 0.0 1.0 1.0 1 0 0 0.0 1.0 0
cell 43.02551141822826 19.533545330215176 0.0 1.6431676725154984 0.6085806194501846 1 0 0 0.7000359940352434 0.7141075598641207 1.5508957991730878
cell 39.57367448133028 50.91062325687544 0.0 1.0 1.0 1 0 0 0.0 1.0 0
cell 41.29395477297502 51.17343870248229 0.0 1.0 1.0 1 0 0 0.0 1.0 0
cell 18.34130930446436 2.948698451627282 0.0 1.0 1.0 1 0 0 0.0 1.0 0
cell 4.432144555559802 52.12359305053429 0.0 1.0 1.0 1 0 0 0.0 1.0 0
cell 46.13554906984251 49.46088587963026 0.0 1.6431676725154984 0.6085806194501846 1 0 0 0.6534691654779665 0.7569531357815555 1.4243169738536845
cell 14.869729231099834 1.4337594722985227 0.0 1.0 1.0 1 0 0 0.0 1.0 0
cell 27.503391510769408 18.57137719803684 0.0 1.0 1.0 1 0 0 0.0 1.0 0
cell 7.862487825190456 0.6546111083091766 0.0 1.0 1.0 1 0 0 0.0 1.0 0
cell 20.969782800838257 28.226099918402305 0.0 1.0 1.0 1 0 0 0.0 1.0 0
cell 5.033535032295575 29.55032501797796 0.0 1.6431676725154984 0.6085806194501846 1 0 0 -0.20684969907240364 0.9783727316282155 5.8664774711726695
cell 24.596700955076948 31.860090626045906 0.0 1.0 1.0 1 0 0 0.0 1.0 0
cell 51.68724125620611 27.175901848605804 0.0 1.0 1.0 1 0 0 0.0 1.0 0
cell 52.13474900810858 35.56253370730977 0.0 1.6431676725154984 0.6085806194501846 1 0 0 0.36592122800028903 0.9306458267777062 0.7492449820151397
cell 4.762836528732207 7.838692222064491 0.0 1.0 1.0 1 0 0 0.0 1.0 0
cell 8.606497959477576 11.350979646469357 0.0 1.0 1.0 1 0 0 0.0 1.0 0
cell 47.196931962690485 32.78266228230606 0.0 1.6431676725154984 0.6085806194501846 1 0 0 0.5718226770556881 0.8203772461525649 1.2174517882708487
cell 4.032128375297247 32.77830595344514 0.0 1.0 1.0 1 0 0 0.0 1.0 0
cell 24.430347191066225 0.004487114275187602 0.0 1.0 1.0 1 0 0 0.0 1.0 0
cell 55.56853806959476 46.09813168715046 0.0 1.0 1.0 1 0 0 0.0 1.0 0
cell 55.93566777873097 49.41168691383691 0.0 1.0 1.0 1 0 0 0.0 1.0 0
cell 38.57172009685483 57.2862491382812 0.0 1.0 1.0 1 0 0 0.0 1.0 0
cell 56.561681875478016 6.326307832094018 0.0 1.0 1.0 1 0 0 0.0 1.0 0
cell 56.21926665360731 13.94596557545332 0.0 1.6431676725154984 0.6085806194501846 1 0 0 0.7576665395476846 0.6526418733500302 1.7194604976389534
cell 11.921928209523871 44.51761312950259 0.0 1.0 1.0 1 0 0 0.0 1.0 0
cell 42.8798033196074 55.360196523338125 0.0 1.6431676725154984 0.6085806194501846 1 0 0 0.5959715969303419 0.8030055140858612 1.276950113450768
cell 38.244718163743165 53.872130148690154 0.0 1.0 1.0 1 0 0 0.0 1.0 0
cell 17.327424277878613 9.444622725837906 0.0 1.0 1.0 1 0 0 0.0 1.0 0
cell 45.002233972658466 13.17674185263249 0.0 1.6431676725154984 0.6085806194501846 1 0 0 0.7181317524334743 0.6959071677650885 1.6022279296982131
cell 22.206133740953433 2.6837930645896484 0.0 1.0 1.0 1 0 0 0.0 1.0 0
cell 52.51681809193859 34.2714089156606 0.0 1.6431676725154984 0.6085806194501846 1 0 0 0.426564810386894 0.9044569987233186 0.8813825830246007
cell 9.579314125225387 58.77588380151088 0.0 1.0 1.0 1 0 0 0.0 1.0 0
cell 21.864866960456933 46.119539779639915 0.0 1.0 1.0 1 0 0 0.0 1.0 0
cell 9.08813347254288 54.442415566051984 0.0 1.6431676725154984 0.6085806194501846 1 0 0 0.9989663808875474 0.0454551411441606 3.0506510361438783
cell 9.147019093597383 15.082321661384768 0.0 1.0 1.0 1 0 0 0.0 1.0 0
cell 20.792498952543326 38.31398133239443 0.0 1.6431676725154984 0.6085806194501846 1 0 0 -0.12533422144629813 -0.9921145765154599 0.2513294037546112
cell 19.452987426433207 30.32583748757324 0.0 1.0 1.0 1 0 0 0.0 1.0 0
cell 19.321654559172373 27.024960640286988 0.0 1.0 1.0 1 0 0 0.0 1.0 0
cell 32.50223557590923 12.477268173521486 0.0 1.0 1.0 1 0 0 0.0 1.0 0
cell 28.985401366325007 35.411089889207844 0.0 1.0 1.0 1 0 0 0.0 1.0 0
cell 15.026034748215936 3.269304512839288 0.0 1.0 1.0 1 0 0 0.0 1.0 0
cell 2.905271418417942 7.057987219552946 0.0 1.0 1.0 1 0 0 0.0 1.0 0
cell 34.67099305401074 53.9609180497387 0.0 1.0 1.0 1 0 0 0.0 1.0 0
cell 13.639171859107508 22.62486067586725 0.0 1.0 1.0 1 0 0 0.0 1.0 0
cell 45.66876572631572 54.60333381343171 0.0 1.6431676725154984 0.6085806194501846 1 0 0 0.5828700591654183 0.8125653783717971 1.2445126620670899
cell 5.548988886770861 47.34583361449017 0.0 1.0 1.0 1 0 0 0.0 1.0 0
cell 11.68174405195886 30.28774197644971 0.0 1.6431676725154984 0.6085806194501846 1 0 0 -0.030141657309282435 0.9995456370244681 6.222892860732599
cell 12.118164856783295 12.844727536375704 0.0 1.0 1.0 1 0 0 0.0 1.0 0
cell 46.93969094163118 44.147075774989474 0.0 1.6431676725154984 0.6085806194501846 1 0 0 0.7727923039523542 0.634659006831237 1.7664582697894438
cell 36.49564026995323 53.968524506823115 0.0 1.0 1.0 1 0 0 0.0 1.0 0
cell 30.706813034824147 46.82501949595828 0.0 1.0 1.0 1 0 0 0.0 1.0 0
cell 28.90670630217087 51.643834444657756 0.0 1.0 1.0 1 0 0 0.0 1.0 0
cell 42.70138926843936 13.924798496892894 0.0 1.6431676725154984 0.6085806194501846 1 0 0 0.638447985725755 0.7696649722591812 1.3849601892391308
cell 4.369933142611894 0.3402900892854031 0.0 1.0 1.0 1 0 0 0.0 1.0 0
cell 38.29220764818529 23.055645416451405 0.0 1.6431676725154984 0.6085806194501846 1 0 0 0.5427318566503979 0.8399060255628673 1.147372556791375
cell 51.77404047622297 39.49375443099948 0.0 1.6431676725154984 0.6085806194501846 1 0 0 0.930925493727895 0.3652091525790048 2.393877723909928
cell 23.190804844378956 13.142018043782157 0.0 1.0 1.0 1 0 0 0.0 1.0 0
cell 8.178876169213945 21.379576245361676 0.0 1.0 1.0 1 0 0 0.0 1.0 0
cell 18.884606401720575 20.0406322580649 0.0 1.0 1.0 1 0 0 0.0 1.0 0
cell 11.21837840636669 33.06809475335172 0.0 1.0 1.0 1 0 0 0.0 1.0 0
cell 1.0416859062289148 4.1764816078564 0.0 1.0 1.0 1 0 0 0.0 1.0 0
cell 54.504236197250336 44.412122606871336 0.0 1.0 1.0 1 0 0 0.0 1.0 0
cell 8.421384938244072 48.87377722954027 0.0 1.0 1.0 1 0 0 0.0 1.0 0
cell 4.411592535963665 54.98904667965145 0.0 1.0 1.0 1 0 0 0.0 1.0 0
cell 57.368022466179326 43.18725556702811 0.0 1.0 1.0 1 0 0 0.0 1.0 0
cell 22.829707012982727 39.50288658165512 0.0 1.0 1.0 1 0 0 0.0 1.0 0
cell 19.26913979323879 53.62481247699667 0.0 1.0 1.0 1 0 0 0.0 1.0 0
cell 53.906040347530364 39.28584731010329 0.0 1.0 1.0 1 0 0 0.0 1.0 0
cell 29.96988997197194 10.353316083310569 0.0 1.0 1.0 1 0 0 0.0 1.0 0
cell 45.85934982995213 43.96742577369215 0.0 1.6431676725154984 0.6085806194501846 1 0 0 -0.7652972302999276 -0.6436770535720996 1.7430059460960354
cell 17.33615100288652 24.34338290119964 0.0 1.0 1.0 1 0 0 0.0 1.0 0
cell 38.02452615207141 58.93273259611595 0.0 1.0 1.0 1 0 0 0.0 1.0 0
cell 52.521424500538025 32.32024857712133 0.0 1.0 1.0 1 0 0 0.0 1.0 0
cell 51.90222276263674 24.73855595077018 0.0 1.6431676725154984 0.6085806194501846 1 0 0 0.7933864230544466 0.6087183122864553 1.832704407205779
cell 28.975721460625643 55.74155460626913 0.0 1.0 1.0 1 0 0 0.0 1.0 0
cell 58.433722255955345 3.288050189362406 0.0 1.0 1.0 1 0 0 0.0 1.0 0
cell 6.111410007653356 1.3761585699807433 0.0 1.0 1.0 1 0 0 0.0 1.0 0
cell 41.5763542723737 58.46965515514064 0.0 1.0 1.0 1 0 0 0.0 1.0 0
cell 55.99861232012678 28.6918257889581 0.0 1.0 1.0 1 0 0 0.0 1.0 0
cell 5.115886677665508 26.16722461551279 0.0 1.0 1.0 1 0 0 0.0 1.0 0
cell 3.1952231293393716 26.18926936831084 0.0 1.6431676725154984 0.6085806194501846 1 0 0 0.41515165170245927 0.9097522223598686 0.856218984490916
cell 0.3472656039712781 56.09228791862368 0.0 1.0 1.0 1 0 0 0.0 1.0 0
cell 41.61612172253044 53.03935035961551 0.0 1.0 1.0 1 0 0 0.0 1.0 0
cell 35.52100648458696 32.261130579178946 0.0 1.6431676725154984 0.6085806194501846 1 0 0 0.9731771857546001 -0.23005687367856814 3.6058649009819352
cell 58.58322995825369 41.67337643881141 0.0 1.0 1.0 1 0 0 0.0 1.0 0
cell 10.140746371868739 10.19683692274413 0.0 1.0 1.0 1 0 0 0.0 1.0 0
cell 55.13020634198594 21.993143172373117 0.0 1.6431676725154984 0.6085806194501846 1 0 0 0.9673136225322614 -0.25358303504673524 3.654357805332301
cell 15.035156129899628 51.3788106314475 0.0 1.0 1.0 1 0 0 0.0 1.0 0
cell 52.68870818127715 40.81656984102093 0.0 1.0 1.0 1 0 0 0.0 1.0 0
cell 56.59158355451303 17.494999389815973 0.0 1.6431676725154984 0.6085806194501846 1 0 0 0.9950174087554152 -0.09970133536547489 3.341327166455618
cell 45.87227521660231 19.304641831838573 0.0 1.6431676725154984 0.6085806194501846 1 0 0 0.6996331734723905 0.7145022201343758 1.5497679319057145
cell 47.708321948860764 20.870867656979915 0.0 1.6431676725154984 0.6085806194501846 1 0 0 0.7380771308076803 0.674716347051635 1.6604320111132294
cell 27.219123135442914 16.713279248532242 0.0 1.0 1.0 1 0 0 0.0 1.0 0
cell 2.49551542476411 48.98333794350514 0.0 1.0 1.0 1 0 0 0.0 1.0 0
cell 46.84758992269749 4.357499049262672 0.0 1.0 1.0 1 0 0 0.0 1.0 0
cell 25.481861250642712 39.65580881600617 0.0 1.0 1.0 1 0 0 0.0 1.0 0
cell 16.447513805286476 10.92120320777799 0.0 1.0 1.0 1 0 0 0.0 1.0 0
cell 11.674776747712553 8.947144769392178 0.0 1.0 1.0 1 0 0 0.0 1.0 0
cell 8.944668404760167 26.14765172582799 0.0 1.0 1.0 1 0 0 0.0 1.0 0
cell 25.580738131692662 55.46189155933657 0.0 1.0 1.0 1 0 0 0.0 1.0 0
cell 38.11340801136248 13.074539632336396 0.0 1.0 1.0 1 0 0 0.0 1.0 0
cell 15.637813033713515 25.097400533473365 0.0 1.0 1.0 1 0 0 0.0 1.0 0
cell 51.28632395378358 52.73223146640961 0.0 1.0 1.0 1 0 0 0.0 1.0 0
cell 37.33592215344095 1.5919535006086087 0.0 1.0 1.0 1 0 0 0.0 1.0 0
cell 2.8268832237853956 38.13894041270265 0.0 1.6431676725154984 0.6085806194501846 1 0 0 -0.27756229752259903 0.9607076407492429 5.720673761790744
cell 56.586891957394855 26.908888239834592 0.0 1.0 1.0 1 0 0 0.0 1.0 0
cell 27.70182711927605 29.726309940384837 0.0 1.0 1.0 1 0 0 0.0 1.0 0
cell 0.4153997356507613 17.789858115450606 0.0 1.6431676725154984 0.6085806194501846 1 0 0 0.4451220230421617 0.8954699238963044 0.9226210465347039
cell 43.94339528483217 15.037577758864284 0.0 1.6431676725154984 0.6085806194501846 1 0 0 0.7069275090035847 0.7072860079303044 1.5702893327452034
cell 23.70548876131752 46.455224053769136 0.0 1.0 1.0 1 0 0 0.0 1.0 0
cell 29.949876827857935 41.86165632251408 0.0 1.0 1.0 1 0 0 0.0 1.0 0
cell 8.445850988359814 19.404348445855614 0.0 1.0 1.0 1 0 0 0.0 1.0 0
cell 44.254867107176075 4.399268212211293 0.0 1.0 1.0 1 0 0 0.0 1.0 0
cell 3.3206088371308655 23.9239213702851 0.0 1.6431676725154984 0.6085806194501846 1 0 0 0.9553237246510954 -0.2955614675812092 3.7416790340347634
cell 14.367916052552806 29.05777141393625 0.0 1.6431676725154984 0.6085806194501846 1 0 0 0.2723029608734069 0.9622115658728988 0.5515712551952572
cell 42.555392756460286 28.531984660344456 0.0 1.6431676725154984 0.6085806194501846 1 0 0 -0.09864138896622637 -0.9951230458505187 0.19760411790485932
cell 16.252112993250954 49.93422945183491 0.0 1.0 1.0 1 0 0 0.0 1.0 0
cell 35.89355566164483 28.769836542242878 0.0 1.6431676725154984 0.6085806194501846 1 0 0 0.41531491567183076 -0.9096777016177213 5.426607388350432
cell 47.599698543706644 54.20073528481177 0.0 1.0 1.0 1 0 0 0.0 1.0 0
cell 50.018309105775906 8.702386119492202 0.0 1.6431676725154984 0.6085806194501846 1 0 0 0.2993746398666151 -0.9541356428751284 5.6751109752100595
cell 28.739713490967535 1.151218817605117 0.0 1.6431676725154984 0.6085806194501846 1 0 0 0.9449821455837847 0.32712191080370445 2.4750800363159855
cell 53.711188806175244 24.518250863402987 0.0 1.6431676725154984 0.6085806194501846 1 0 0 0.40201181477745634 0.9156344798986854 0.827425940340338
cell 54.950975876230416 37.39280744254773 0.0 1.6431676725154984 0.6085806194501846 1 0 0 0.6917419834264269 0.7221447419771696 1.527797020764166
cell 35.471378861324055 24.007854335910455 0.0 1.6431676725154984 0.6085806194501846 1 0 0 0.928655442308754 0.37094348554777523 2.381543085106546
cell 12.170340754109134 52.30161953519076 0.0 1.0 1.0 1 0 0 0.0 1.0 0
cell 22.43370525785627 47.96517576772753 0.0 1.0 1.0 1 0 0 0.0 1.0 0
cell 49.346154788828684 1.9079882218288966 0.0 1.0 1.0 1 0 0 0.0 1.0 0
cell 25.12479770663304 37.066934948959414 0.0 1.6431676725154984 0.6085806194501846 1 0 0 -0.007453354656066582 0.9999722233664148 6.268278459846519
cell 44.79263971747569 17.577570790189277 0.0 1.6431676725154984 0.6085806194501846 1 0 0 0.6596481107916388 0.7515745937224209 1.4407009239470887
cell 41.81408618069429 43.2732094022819 0.0 1.0 1.0 1 0 0 0.0 1.0 0
cell 20.616889529744068 7.402164716831921 0.0 1.0 1.0 1 0 0 0.0 1.0 0
cell 14.995107681510921 11.35427778485486 0.0 1.0 1.0 1 0 0 0.0 1.0 0
cell 2.1239649004417163 55.17260837435781 0.0 1.0 1.0 1 0 0 0.0 1.0 0
cell 31.97361538730687 45.15805465964353 0.0 1.0 1.0 1 0 0 0.0 1.0 0
cell 6.4081800797982975 48.83544723526186 0.0 1.0 1.0 1 0 0 0.0 1.0 0
cell 26.28601923379692 9.727445397566624 0.0 1.0 1.0 1 0 0 0.0 1.0 0
cell 1.8595319616422634 15.209785632289286 0.0 1.0 1.0 1 0 0 0.0 1.0 0
cell 3.527805621500394 10.924355273386853 0.0 1.0 1.0 1 0 0 0.0 1.0 0
cell 15.286663845968144 18.273391723683577 0.0 1.0 1.0 1 0 0 0.0 1.0 0
cell 48.51466749760914 21.951226399210487 0.0 1.6431676725154984 0.6085806194501846 1 0 0 0.733896896583741 0.6792608815357717 1.648082553961582
cell 56.11440478004177 55.0238069127098 0.0 1.0 1.0 1 0 0 0.0 1.0 0
cell 44.948956885091214 57.874943587543974 0.0 1.6431676725154984 0.6085806194501846 1 0 0 0.9626433950800397 0.27077240241349315 2.5932020185833524
cell 21.37889152200779 12.371800777705204 0.0 1.0 1.0 1 0 0 0.0 1.0 0
cell 49.993901491345916 19.164089768209212 0.0 1.6431676725154984 0.6085806194501846 1 0 0 0.5823179114734027 0.8129611614199379 1.2431539695886487
cell 30.65912318190505 1.5367811328424046 0.0 1.0 1.0 1 0 0 0.0 1.0 0
cell 5.020420768113414 9.744982820277608 0.0 1.0 1.0 1 0 0 0.0 1.0 0
cell 13.254206372359887 9.420642457021227 0.0 1.0 1.0 1 0 0 0.0 1.0 0
cell 35.964137952020835 6.3561271861529 0.0 1.0 1.0 1 0 0 0.0 1.0 0
cell 22.753433997096206 0.7397546105264612 0.0 1.0 1.0 1 0 0 0.0 1.0 0
cell 29.04304423504187 31.654456298173162 0.0 1.0 1.0 1 0 0 0.0 1.0 0
cell 23.91081449066637 1.9474595115114508 0.0 1.0 1.0 1 0 0 0.0 1.0 0
cell 13.39430983821301 4.414332569536134 0.0 1.0 1.0 1 0 0 0.0 1.0 0
cell 37.82315952062362 27.932921652223417 0.0 1.6431676725154984 0.6085806194501846 1 0 0 0.4430034470229603 -0.8965199082707396 5.365293249602568
cell 22.58701528738872 29.04658315328913 0.0 1.0 1.0 1 0 0 0.0 1.0 0
cell 54.44644136928282 23.807723927390462 0.0 1.6431676725154984 0.6085806194501846 1 0 0 0.5234837538912963 0.8520356561857472 1.1018691622925993
cell 58.54473771238736 9.269301780709965 0.0 1.0 1.0 1 0 0 0.0 1.0 0
cell 18.594849929710083 16.417149792884924 0.0 1.0 1.0 1 0 0 0.0 1.0 0
cell 33.55589698897804 48.92469338618202 0.0 1.0 1.0 1 0 0 0.0 1.0 0
cell 1.1474726806084559 8.024770772357428 0.0 1.0 1.0 1 0 0 0.0 1.0 0
cell 37.840389194107104 15.025964515028736 0.0 1.0 1.0 1 0 0 0.0 1.0 0
cell 19.855381456742734 9.746128709271643 0.0 1.6431676725154984 0.6085806194501846 1 0 0 0.9431675490845814 0.33231758056681815 2.4640731618843974
cell 39.6053202760696 45.71915670431188 0.0 1.0 1.0 1 0 0 0.0 1.0 0
cell 27.216388288807046 5.237503492374209 0.0 1.0 1.0 1 0 0 0.0 1.0 0
cell 11.711349437300422 5.506175186055541 0.0 1.0 1.0 1 0 0 0.0 1.0 0
cell 4.699680434305404 34.66555188903321 0.0 1.0 1.0 1 0 0 0.0 1.0 0
cell 19.34699137070095 44.09424666944861 0.0 1.0 1.0 1 0 0 0.0 1.0 0
cell 50.230943390384724 5.250372410728223 0.0 1.0 1.0 1 0 0 0.0 1.0 0
cell 12.377946815211311 49.291046177513465 0.0 1.0 1.0 1 0 0 0.0 1.0 0
cell 29.174937099116402 17.40957513345154 0.0 1.0 1.0 1 0 0 0.0 1.0 0
cell 1.267301448172843 37.387202370701516 0.0 1.0 1.0 1 0 0 0.0 1.0 0
cell 16.973722621019732 30.368786187630043 0.0 1.6431676725154984 0.6085806194501846 1 0 0 0.1497024825442604 0.9887310891845595 0.30053471510369356
cell 49.54524496373063 42.858723691829546 0.0 1.0 1.0 1 0 0 0.0 1.0 0
cell 36.630573144580936 35.36405576385089 0.0 1.6431676725154984 0.6085806194501846 1 0 0 0.9731405896621316 -0.23021162601406292 3.6061829422332115
cell 26.36526069845208 12.995211992428708 0.0 1.0 1.0 1 0 0 0.0 1.0 0
cell 6.125666036872639 58.79410977580484 0.0 1.0 1.0 1 0 0 0.0 1.0 0
cell 36.06748674998703 52.019607914826786 0.0 1.0 1.0 1 0 0 0.0 1.0 0
cell 37.86002954391608 51.75122712431631 0.0 1.0 1.0 1 0 0 0.0 1.0 0
cell 36.67067444010823 8.22026365331731 0.0 1.0 1.0 1 0 0 0.0 1.0 0
cell 1.8758998148554005 21.816223822378525 0.0 1.6431676725154984 0.6085806194501846 1 0 0 0.9512654444569483 -0.3083732384337601 3.768557562933673
cell 25.3213593325101 6.833935497685437 0.0 1.6431676725154984 0.6085806194501846 1 0 0 0.9984997193800398 0.05475682969257693 3.0320241942435024
cell 13.845217854699516 52.86711116670558 0.0 1.0 1.0 1 0 0 0.0 1.0 0
cell 21.04468796830609 30.239030123081896 0.0 1.0 1.0 1 0 0 0.0 1.0 0
cell 9.381662925612648 57.0317025123008 0.0 1.0 1.0 1 0 0 0.0 1.0 0
cell 42.26687689230098 1.1716870011190026 0.0 1.0 1.0 1 0 0 0.0 1.0 0
cell 30.337180221652922 45.25108932832233 0.0 1.6431676725154984 0.6085806194501846 1 0 0 -0.41169678753028915 0.9113208848354348 5.434554947249873
cell 16.90850462373149 17.351873820954165 0.0 1.0 1.0 1 0 0 0.0 1.0 0
cell 17.62336141777608 27.715589394723608 0.0 1.0 1.0 1 0 0 0.0 1.0 0
cell 41.01960338427239 40.20237648409715 0.0 1.6431676725154984 0.6085806194501846 1 0 0 0.8464553192491109 -0.5324597567092614 4.264600389801597
cell 22.471819200122148 21.786958326303193 0.0 1.0 1.0 1 0 0 0.0 1.0 0
cell 16.741722922575576 42.25695063658849 0.0 1.0 1.0 1 0 0 0.0 1.0 0
cell 36.78471421073683 3.477679097109889 0.0 1.0 1.0 1 0 0 0.0 1.0 0
cell 53.410827056306495 42.63258357734995 0.0 1.0 1.0 1 0 0 0.0 1.0 0
cell 3.9271075017587322 44.17528037758236 0.0 1.0 1.0 1 0 0 0.0 1.0 0
cell 2.6888717290473125 1.1793543403633944 0.0 1.0 1.0 1 0 0 0.0 1.0 0
cell 5.454920315858581 13.69772577467453 0.0 1.0 1.0 1 0 0 0.0 1.0 0
cell 13.28808004277198 2.6820947345896795 0.0 1.0 1.0 1 0 0 0.0 1.0 0
cell 2.754420992225999 45.74765867649167 0.0 1.0 1.0 1 0 0 0.0 1.0 0
cell 34.13690319497608 33.878842348538384 0.0 1.6431676725154984 0.6085806194501846 1 0 0 0.863809871235531 -0.5038179297683394 4.197618614344324
cell 25.673321381823325 17.86075326541568 0.0 1.0 1.0 1 0 0 0.0 1.0 0
cell 45.97404228223265 24.2827051655343 0.0 1.6431676725154984 0.6085806194501846 1 0 0 0.43237907588772456 0.9016919289505021 0.8942591411590763
cell 48.92783802136839 33.76543526042656 0.0 1.0 1.0 1 0 0 0.0 1.0 0
cell 32.230158783753275 18.611426440296675 0.0 1.0 1.0 1 0 0 0.0 1.0 0
cell 32.688258445175215 7.596351952940797 0.0 1.0 1.0 1 0 0 0.0 1.0 0
cell 3.5372356462146715 47.3618219488467 0.0 1.0 1.0 1 0 0 0.0 1.0 0
cell 13.97634194180571 45.03578665763457 0.0 1.0 1.0 1 0 0 0.0 1.0 0
cell 24.19972501173995 38.386653196544465 0.0 1.0 1.0 1 0 0 0.0 1.0 0
cell 22.582764241313857 27.064805066261222 0.0 1.0 1.0 1 0 0 0.0 1.0 0
cell 1.9458617955091475 44.02697510286342 0.0 1.0 1.0 1 0 0 0.0 1.0 0
cell 31.884814899968163 43.111797889585596 0.0 1.0 1.0 1 0 0 0.0 1.0 0
cell 30.095025888849896 28.23019184305335 0.0 1.6431676725154984 0.6085806194501846 1 0 0 0.9215553935187238 0.38824690169600834 2.344135647264988
cell 30.00595428318163 33.74100677819808 0.0 1.6431676725154984 0.6085806194501846 1 0 0 0.811770998539046 -0.583975894991326 4.388828484751125
cell 15.900194724220835 56.02694155529962 0.0 1.6431676725154984 0.6085806194501846 1 0 0 0.9969126648630037 -0.07851839679810442 3.2987912554297103
cell 49.79837097573412 51.46520541166152 0.0 1.0 1.0 1 0 0 0.0 1.0 0
cell 24.19201708685871 48.27871021740388 0.0 1.0 1.0 1 0 0 0.0 1.0 0
cell 3.2121392145399947 17.419823303946064 0.0 1.6431676725154984 0.6085806194501846 1 0 0 0.6855424842230622 0.7280326244923867 1.5106971498638022
cell 28.627017170914655 11.864663139120024 0.0 1.0 1.0 1 0 0 0.0 1.0 0
cell 52.93828403725131 0.5367981212554586 0.0 1.0 1.0 1 0 0 0.0 1.0 0
cell 0.30747256072833173 19.74176090184533 0.0 1.6431676725154984 0.6085806194501846 1 0 0 0.27720384065768977 0.9608111316614864 0.5617653505227853
cell 10.617282596449979 13.959601417476781 0.0 1.0 1.0 1 0 0 0.0 1.0 0
cell 16.58365430820097 13.84616925156539 0.0 1.0 1.0 1 0 0 0.0 1.0 0
cell 26.720901164745044 11.40006803710362 0.0 1.0 1.0 1 0 0 0.0 1.0 0
cell 27.424851130275 54.66829037893312 0.0 1.0 1.0 1 0 0 0.0 1.0 0
cell 20.996998661912997 1.4552059342709396 0.0 1.0 1.0 1 0 0 0.0 1.0 0
cell 0.6759874168198299 13.538727219837128 0.0 1.0 1.0 1 0 0 0.0 1.0 0
cell 24.979334359292622 44.34725135238254 0.0 1.0 1.0 1 0 0 0.0 1.0 0
cell 17.17786453395489 20.879461403939676 0.0 1.0 1.0 1 0 0 0.0 1.0 0
cell 49.37041996984041 23.101065695703593 0.0 1.0 1.0 1 0 0 0.0 1.0 0
cell 50.27193774184635 31.310519023352224 0.0 1.6431676725154984 0.6085806194501846 1 0 0 0.5151580004822751 0.8570952307294121 1.0823839663554455
cell 48.707293358036665 57.368084659036 0.0 1.0 1.0 1 0 0 0.0 1.0 0
cell 7.910744050618973 22.95982421230748 0.0 1.6431676725154984 0.6085806194501846 1 0 0 0.07661446523083992 0.997060792388003 0.15337923106199525
cell 21.990991898455555 51.06568399179508 0.0 1.0 1.0 1 0 0 0.0 1.0 0
cell 0.9405230519987867 2.1426637545440457 0.0 1.0 1.0 1 0 0 0.0 1.0 0
cell 19.67021625063463 59.04462902012902 0.0 1.0 1.0 1 0 0 0.0 1.0 0
cell 40.75960976056854 9.71522933631967 0.0 1.6431676725154984 0.6085806194501846 1 0 0 0.7152997534304677 0.6988177607519088 1.59410591207871
cell 51.38133851443604 21.93760698671168 0.0 1.6431676725154984 0.6085806194501846 1 0 0 0.5710742788537401 0.8208983908083148 1.2156278456417746
cell 48.54647774448532 17.625595816659345 0.0 1.6431676725154984 0.6085806194501846 1 0 0 0.8204203475758514 0.5717608357377404 1.9242916244818173
cell 30.667509839742593 50.675786333122446 0.0 1.0 1.0 1 0 0 0.0 1.0 0
cell 33.94095344567574 24.162066250779205 0.0 1.6431676725154984 0.6085806194501846 1 0 0 0.3971188708369958 -0.9177671831271531 5.466434457677693
cell 35.603844464517195 1.9475824149045582 0.0 1.0 1.0 1 0 0 0.0 1.0 0
cell 12.617687050445037 54.24798290744847 0.0 1.0 1.0 1 0 0 0.0 1.0 0
cell 52.702640789646544 44.36071171467457 0.0 1.0 1.0 1 0 0 0.0 1.0 0
cell 11.294888595489638 50.64429906069277 0.0 1.0 1.0 1 0 0 0.0 1.0 0
cell 7.899193295327611 58.16245891027193 0.0 1.0 1.0 1 0 0 0.0 1.0 0
cell 40.77117474626756 4.249373223208107 0.0 1.0 1.0 1 0 0 0.0 1.0 0
cell 28.496265356062068 6.6844107393189365 0.0 1.0 1.0 1 0 0 0.0 1.0 0
cell 52.20084150104753 16.69879626960747 0.0 1.6431676725154984 0.6085806194501846 1 0 0 0.7634684464149001 -0.6458451295231844 4.545852106176122
cell 1.3423118310169315 27.68458526604646 0.0 1.6431676725154984 0.6085806194501846 1 0 0 0.9789512223557446 0.2040943513382805 2.7305156604660286
cell 33.759349960821964 45.42471498611303 0.0 1.0 1.0 1 0 0 0.0 1.0 0
cell 53.67743736078387 25.97760341830651 0.0 1.6431676725154984 0.6085806194501846 1 0 0 0.02456322946857035 -0.9996982783610635 6.234053906807497
cell 29.514739452872263 39.93181527561831 0.0 1.0 1.0 1 0 0 0.0 1.0 0
cell 39.93728411818803 13.253202947822365 0.0 1.6431676725154984 0.6085806194501846 1 0 0 0.5188945538826386 0.8548382548476275 1.0911145566459137
cell 33.019070482803734 52.91261477001123 0.0 1.0 1.0 1 0 0 0.0 1.0 0
cell 27.129222457911524 50.68697295715155 0.0 1.0 1.0 1 0 0 0.0 1.0 0
cell 2.8944904421767412 35.43433400040812 0.0 1.0 1.0 1 0 0 0.0 1.0 0
cell 7.766746736848771 37.94756666919786 0.0 1.0 1.0 1 0 0 0.0 1.0 0
cell 30.489153289074537 19.44868074054876 0.0 1.0 1.0 1 0 0 0.0 1.0 0
cell 57.85201513305821 12.948425195704882 0.0 1.0 1.0 1 0 0 0.0 1.0 0
cell 45.500266980334786 25.20312527141465 0.0 1.6431676725154984 0.6085806194501846 1 0 0 0.38699348050733384 0.922082450784538 0.7947375546723424
cell 10.756846705980177 46.00900788748191 0.0 1.0 1.0 1 0 0 0.0 1.0 0
cell 15.782775773109186 37.53053403899113 0.0 1.0 1.0 1 0 0 0.0 1.0 0
cell 15.848198775753522 31.126286811720266 0.0 1.6431676725154984 0.6085806194501846 1 0 0 -0.312885036852502 -0.9497910052815874 0.6364581360144097
cell 40.77197356575538 47.85096496708102 0.0 1.6431676725154984 0.6085806194501846 1 0 0 -0.6210946165712369 -0.7837355914249577 1.3402771944284577
cell 32.697511304590556 1.3848993072425304 0.0 1.0 1.0 1 0 0 0.0 1.0 0
cell 37.01539363668465 17.542865596555945 0.0 1.0 1.0 1 0 0 0.0 1.0 0
cell 28.570901355730964 20.0256579542649 0.0 1.0 1.0 1 0 0 0.0 1.0 0
cell 16.8851066881281 39.14404762780154 0.0 1.0 1.0 1 0 0 0.0 1.0 0
cell 28.101020741607286 9.948196579796074 0.0 1.0 1.0 1 0 0 0.0 1.0 0
cell 0.13715951727830025 11.51725241504463 0.0 1.0 1.0 1 0 0 0.0 1.0 0
cell 1.1566817117847816 23.61297562281931 0.0 1.6431676725154984 0.6085806194501846 1 0 0 0.6381343377634814 0.7699250398364526 1.3841453022744963
cell 30.653123436964123 23.90283266320459 0.0 1.0 1.0 1 0 0 0.0 1.0 0
cell 11.132017232347742 57.968755329902116 0.0 1.0 1.0 1 0 0 0.0 1.0 0
cell 42.63155693615754 3.219370065527425 0.0 1.0 1.0 1 0 0 0.0 1.0 0
cell 14.32398751711876 54.7499025774454 0.0 1.0 1.0 1 0 0 0.0 1.0 0
cell 19.803293077042966 40.98026354785559 0.0 1.0 1.0 1 0 0 0.0 1.0 0
cell 42.40004341276535 46.43508611918217 0.0 1.6431676725154984 0.6085806194501846 1 0 0 0.6874381768554343 0.7262429022039917 1.5159112692623848
cell 46.85601751019735 58.11587476340958 0.0 1.0 1.0 1 0 0 0.0 1.0 0
cell 9.342424782739204 50.360754236946555 0.0 1.0 1.0 1 0 0 0.0 1.0 0
cell 30.79519900081994 32.43737159504318 0.0 1.6431676725154984 0.6085806194501846 1 0 0 0.7949207648006957 -0.6067132582107276 4.445431365410302
cell 32.78491793949346 20.51737151048737 0.0 1.0 1.0 1 0 0 0.0 1.0 0
cell 56.05573783491323 30.326504024611324 0.0 1.0 1.0 1 0 0 0.0 1.0 0
cell 52.57168679978051 28.610801366877094 0.0 1.6431676725154984 0.6085806194501846 1 0 0 0.7940947278245312 0.6077940138248186 1.8350333756012212
cell 38.36942007254771 49.6098485031156 0.0 1.0 1.0 1 0 0 0.0 1.0 0
cell 30.974944797504712 30.000007043877062 0.0 1.0 1.0 1 0 0 0.0 1.0 0
cell 48.799643380797775 3.847022345494099 0.0 1.0 1.0 1 0 0 0.0 1.0 0
cell 46.76796975529044 52.921606528229965 0.0 1.6431676725154984 0.6085806194501846 1 0 0 0.7842690287400184 0.6204208979065648 1.8030341240544074
cell 30.40441327623268 15.834066528813276 0.0 1.0 1.0 1 0 0 0.0 1.0 0
cell 12.106533064401955 55.669110843164944 0.0 1.6431676725154984 0.6085806194501846 1 0 0 0.9997716255030784 -0.021370466511809124 3.1843368405570196
cell 4.442316712335069 57.713257687420324 0.0 1.0 1.0 1 0 0 0.0 1.0 0
cell 3.408480553530335 53.824948507533406 0.0 1.0 1.0 1 0 0 0.0 1.0 0
cell 34.92351911692936 41.93948476824114 0.0 1.6431676725154984 0.6085806194501846 1 0 0 0.8485345241347023 -0.5291400205536284 4.2567661672572665
cell 29.318642329396607 8.512672835988088 0.0 1.0 1.0 1 0 0 0.0 1.0 0
cell 31.364789443718998 37.08997937492528 0.0 1.6431676725154984 0.6085806194501846 1 0 0 -0.007758677742060522 -0.9999699010068728 0.015517511171587728
cell 56.76932325548173 9.324639495243398 0.0 1.6431676725154984 0.6085806194501846 1 0 0 0.8465694261625967 -0.5322783169421161 4.264171713807481
cell 52.351262930626646 49.49282570331835 0.0 1.0 1.0 1 0 0 0.0 1.0 0
cell 18.68025669581937 47.18237545632015 0.0 1.0 1.0 1 0 0 0.0 1.0 0
cell 29.957761115144685 56.87964021141678 0.0 1.6431676725154984 0.6085806194501846 1 0 0 0.9079900548074734 0.41899171873763985 2.2769234913792435
cell 6.116167196987791 51.67782303351814 0.0 1.0 1.0 1 0 0 0.0 1.0 0
cell 31.113411356235527 0.18010409681559014 0.0 1.0 1.0 1 0 0 0.0 1.0 0
cell 31.313201867403638 8.927841225232731 0.0 1.0 1.0 1 0 0 0.0 1.0 0
cell 25.33061248995226 15.95850123522436 0.0 1.0 1.0 1 0 0 0.0 1.0 0
cell 22.427309373161762 9.382359835929172 0.0 1.0 1.0 1 0 0 0.0 1.0 0
cell 25.75135389942812 27.121227864556577 0.0 1.0 1.0 1 0 0 0.0 1.0 0
cell 18.948605340090648 6.532287944460634 0.0 1.0 1.0 1 0 0 0.0 1.0 0
cell 37.008188855642686 11.446653227197435 0.0 1.0 1.0 1 0 0 0.0 1.0 0
cell 33.152038487313135 41.590105251661825 0.0 1.0 1.0 1 0 0 0.0 1.0 0
cell 0.9438416837889999 52.395776167738546 0.0 1.0 1.0 1 0 0 0.0 1.0 0
cell 16.695326653983212 36.15958763115542 0.0 1.0 1.0 1 0 0 0.0 1.0 0
cell 40.18201293214361 21.46995206501131 0.0 1.0 1.0 1 0 0 0.0 1.0 0
cell 14.846144321325779 56.85464366441845 0.0 1.6431676725154984 0.6085806194501846 1 0 0 0.9410444540985364 -0.3382829221382414 3.831775946673475
cell 38.79644177217874 3.722065419739829 0.0 1.0 1.0 1 0 0 0.0 1.0 0
cell 49.39453446411096 20.42686382213602 0.0 1.6431676725154984 0.6085806194501846 1 0 0 0.47892506886989183 0.8778557845158675 0.9988596131062619
cell 13.678839635397733 37.42612223794365 0.0 1.0 1.0 1 0 0 0.0 1.0 0
cell 41.7832872904414 23.606795246454812 0.0 1.6431676725154984 0.6085806194501846 1 0 0 -0.26743495251196026 -0.9635759161451295 0.5414600709894399
cell 9.095258818867995 42.75352039883704 0.0 1.0 1.0 1 0 0 0.0 1.0 0
cell 49.696016548718696 11.658448650381173 0.0 1.6431676725154984 0.6085806194501846 1 0 0 0.9555715304844545 -0.29475930880567147 3.739999907507521
cell 10.046972439943655 20.876451771658274 0.0 1.0 1.0 1 0 0 0.0 1.0 0
cell 9.187034463655992 16.761402074286146 0.0 1.0 1.0 1 0 0 0.0 1.0 0
cell 59.071183059755874 43.85779993550899 0.0 1.0 1.0 1 0 0 0.0 1.0 0
cell 40.07869708617651 43.094823032616446 0.0 1.6431676725154984 0.6085806194501846 1 0 0 -0.4684676915201102 -0.8834806291038977 0.9751111584741494
cell 24.155917357522718 25.911390306498866 0.0 1.0 1.0 1 0 0 0.0 1.0 0
cell 57.9779823827758 34.290536002435175 0.0 1.0 1.0 1 0 0 0.0 1.0 0
cell 7.927278701874557 2.2472221442908062 0.0 1.0 1.0 1 0 0 0.0 1.0 0
cell 25.950194057451792 19.747550578311504 0.0 1.0 1.0 1 0 0 0.0 1.0 0
cell 12.590051141515866 27.11129485692303 0.0 1.0 1.0 1 0 0 0.0 1.0 0
cell 7.531038761180071 47.38320502589308 0.0 1.0 1.0 1 0 0 0.0 1.0 0
cell 6.8452296799815695 36.17745641363623 0.0 1.0 1.0 1 0 0 0.0 1.0 0
cell 32.7432308368385 50.92246242996181 0.0 1.0 1.0 1 0 0 0.0 1.0 0
cell 15.204840403949628 13.137075692565714 0.0 1.6431676725154984 0.6085806194501846 1 0 0 0.9398062056557563 0.3417079100795447 2.444125455985911
cell 20.641737179857717 52.3533769650965 0.0 1.0 1.0 1 0 0 0.0 1.0 0
cell 48.81704622100705 49.93507627558625 0.0 1.0 1.0 1 0 0 0.0 1.0 0
cell 12.815965581107719 34.211993613863335 0.0 1.0 1.0 1 0 0 0.0 1.0 0
cell 23.003131677037654 11.234029256867966 0.0 1.0 1.0 1 0 0 0.0 1.0 0
cell 12.334221849476702 14.47258345717409 0.0 1.6431676725154984 0.6085806194501846 1 0 0 0.9837078018049503 0.17977474980673078 2.7800777222706885
cell 11.915069605154958 7.2585259869486904 0.0 1.0 1.0 1 0 0 0.0 1.0 0
cell 5.631565373051918 15.74021602634042 0.0 1.0 1.0 1 0 0 0.0 1.0 0
cell 23.19739189018558 44.665788626660465 0.0 1.0 1.0 1 0 0 0.0 1.0 0
cell 16.747004280539628 15.620846525321632 0.0 1.0 1.0 1 0 0 0.0 1.0 0
cell 10.997081748628538 34.73292204456792 0.0 1.0 1.0 1 0 0 0.0 1.0 0
cell 38.04494879115809 40.24192259823372 0.0 1.6431676725154984 0.6085806194501846 1 0 0 0.7475932535291712 -0.6641568544234625 4.594323531477634
cell 53.659983278867024 57.01156674175342 0.0 1.0 1.0 1 0 0 0.0 1.0 0
cell 39.01969418691553 1.744265395632848 0.0 1.0 1.0 1 0 0 0.0 1.0 0
cell 23.079778159553886 54.64455641240483 0.0 1.0 1.0 1 0 0 0.0 1.0 0
cell 44.52039167675179 57.088120728927066 0.0 1.6431676725154984 0.6085806194501846 1 0 0 0.9500631135793568 0.3120578155020289 2.506876169821174
cell 22.23370335359356 18.098184495243302 0.0 1.0 1.0 1 0 0 0.0 1.0 0
cell 4.7475100742914815 45.76983386782824 0.0 1.0 1.0 1 0 0 0.0 1.0 0
cell 6.403093507219838 34.06793096514728 0.0 1.0 1.0 1 0 0 0.0 1.0 0
cell 42.339018116807 56.97682396547326 0.0 1.0 1.0 1 0 0 0.0 1.0 0
cell 28.598780403766497 45.277234570837294 0.0 1.0 1.0 1 0 0 0.0 1.0 0
cell 0.699903479516865 54.106558505077494 0.0 1.0 1.0 1 0 0 0.0 1.0 0
cell 36.807927322287874 44.76286088650791 0.0 1.6431676725154984 0.6085806194501846 1 0 0 -0.046093300075590496 0.998937139007326 6.19096603262286
cell 50.71121068900741 3.3319219132553357 0.0 1.0 1.0 1 0 0 0.0 1.0 0
cell 37.394642849903384 29.92251213431868 0.0 1.6431676725154984 0.6085806194501846 1 0 0 0.3552143516758854 -0.9347848759813567 5.556898580837091
cell 6.614147347057661 8.605205235654468 0.0 1.0 1.0 1 0 0 0.0 1.0 0
cell 21.30765945383352 44.340178493870496 0.0 1.0 1.0 1 0 0 0.0 1.0 0
cell 4.910928550803853 17.615796106139843 0.0 1.0 1.0 1 0 0 0.0 1.0 0
cell 31.656926434886227 56.50734205480463 0.0 1.6431676725154984 0.6085806194501846 1 0 0 0.9601475213473434 0.27949371594107936 2.5750591125696594
cell 25.70938080694633 3.740479501463372 0.0 1.0 1.0 1 0 0 0.0 1.0 0
cell 28.281539971215306 43.37091060279956 0.0 1.0 1.0 1 0 0 0.0 1.0 0
cell 1.9892229701337174 11.823957478995098 0.0 1.0 1.0 1 0 0 0.0 1.0 0
cell 33.458816781780996 17.145732020917407 0.0 1.0 1.0 1 0 0 0.0 1.0 0
cell 20.700656175261205 42.60037644881701 0.0 1.0 1.0 1 0 0 0.0 1.0 0
cell 51.444694019342386 42.292091280443024 0.0 1.0 1.0 1 0 0 0.0 1.0 0
cell 43.077142206884176 50.292837457745726 0.0 1.6431676725154984 0.6085806194501846 1 0 0 0.8630302641353493 0.5051522178378208 2.0824759891236324
cell 47.42199816045837 48.171707095447985 0.0 1.6431676725154984 0.6085806194501846 1 0 0 0.813234313961131 0.5819363801964683 1.8993771474902146
cell 58.137752959867875 0.810211528572437 0.0 1.0 1.0 1 0 0 0.0 1.0 0
cell 58.59132366010837 57.91928865482206 0.0 1.0 1.0 1 0 0 0.0 1.0 0
cell 8.035922429454613 3.989683040937549 0.0 1.0 1.0 1 0 0 0.0 1.0 0
cell 53.17463970934215 15.515787793169531 0.0 1.6431676725154984 0.6085806194501846 1 0 0 0.9380464245434043 -0.34650960362064337 3.849287880803507
cell 44.57479507127884 21.836703126425473 0.0 1.6431676725154984 0.6085806194501846 1 0 0 0.47538790759480937 0.8797762995856555 0.9908097907755591
cell 50.483202401421316 33.273719290262285 0.0 1.6431676725154984 0.6085806194501846 1 0 0 -0.38278117146058377 -0.9238390415950515 0.7856097521031584
cell 36.11088314877947 24.914020772970044 0.0 1.6431676725154984 0.6085806194501846 1 0 0 0.9479054038719376 0.3185519507244918 2.4931897259849594
cell 45.03091511650575 27.25918541604245 0.0 1.6431676725154984 0.6085806194501846 1 0 0 -0.3234463602646791 -0.9462465070115352 0.6587387377772806
cell 40.11356035300495 26.47228884863219 0.0 1.0 1.0 1 0 0 0.0 1.0 0
cell 9.710791190757899 37.81500023914836 0.0 1.0 1.0 1 0 0 0.0 1.0 0
cell 55.50843167722297 9.660820011450534 0.0 1.6431676725154984 0.6085806194501846 1 0 0 0.48053511436700697 0.8769754864648656 1.0025295842811892
cell 14.845546445443853 38.99512092173009 0.0 1.0 1.0 1 0 0 0.0 1.0 0
cell 10.998782076235713 15.90927109357788 0.0 1.0 1.0 1 0 0 0.0 1.0 0
cell 54.06956837300661 49.6807267013198 0.0 1.0 1.0 1 0 0 0.0 1.0 0
cell 40.607609742932695 24.644958084508755 0.0 1.6431676725154984 0.6085806194501846 1 0 0 0.023154402324308387 -0.9997319008879351 6.2368723636373105
cell 55.473097193329465 34.87445760690465 0.0 1.0 1.0 1 0 0 0.0 1.0 0
cell 45.839735296844765 22.054940704826063 0.0 1.6431676725154984 0.6085806194501846 1 0 0 0.5904526349780399 0.8070722928260451 1.2632391230535
cell 46.94054520998911 27.834978545738345 0.0 1.6431676725154984 0.6085806194501846 1 0 0 0.4927189372507952 0.8701885134121496 1.030423074285946
cell 18.90403785719985 39.185553455019935 0.0 1.0 1.0 1 0 0 0.0 1.0 0
cell 50.15794448559714 58.725392587434925 0.0 1.0 1.0 1 0 0 0.0 1.0 0
cell 44.44275717955627 19.736701997894244 0.0 1.6431676725154984 0.6085806194501846 1 0 0 0.5316279075084271 0.8469780209416365 1.1210428543019368
cell 34.71143803533765 7.859674662198847 0.0 1.0 1.0 1 0 0 0.0 1.0 0
cell 56.646197246610996 58.43606184899861 0.0 1.0 1.0 1 0 0 0.0 1.0 0
cell 5.283692753569574 50.335544498714064 0.0 1.0 1.0 1 0 0 0.0 1.0 0
cell 15.279365342011408 9.374242826834868 0.0 1.0 1.0 1 0 0 0.0 1.0 0
cell 5.431424963446805 53.55037059051558 0.0 1.0 1.0 1 0 0 0.0 1.0 0
cell 56.74635348239314 53.10353693726963 0.0 1.0 1.0 1 0 0 0.0 1.0 0
cell 20.635147637051006 20.921959638748984 0.0 1.0 1.0 1 0 0 0.0 1.0 0
cell 20.567031982348308 47.545204206853704 0.0 1.0 1.0 1 0 0 0.0 1.0 0
cell 15.096574945634973 16.52643599919756 0.0 1.0 1.0 1 0 0 0.0 1.0 0
cell 49.872942507520406 24.65334804053541 0.0 1.0 1.0 1 0 0 0.0 1.0 0
cell 16.364791156906552 34.89150718772884 0.0 1.6431676725154984 0.6085806194501846 1 0 0 0.021496079828754514 0.9997689325799216 0.04299547132607042
cell 58.00130721374319 54.66266201233348 0.0 1.0 1.0 1 0 0 0.0 1.0 0
cell 2.5957303078363525 52.408135675976645 0.0 1.0 1.0 1 0 0 0.0 1.0 0
cell 15.981818248961092 45.25777437896707 0.0 1.0 1.0 1 0 0 0.0 1.0 0
cell 23.18439858312219 36.19222419800879 0.0 1.6431676725154984 0.6085806194501846 1 0 0 0.005948080399547195 0.9999823100133124 0.011896230947232815
cell 27.51783304927468 31.672273118884423 0.0 1.0 1.0 1 0 0 0.0 1.0 0
cell 47.12123266926777 56.116805560729816 0.0 1.0 1.0 1 0 0 0.0 1.0 0
cell 25.808343366339052 24.81204292040224 0.0 1.0 1.0 1 0 0 0.0 1.0 0
cell 19.948989324481097 13.4878058044398 0.0 1.0 1.0 1 0 0 0.0 1.0 0
cell 8.787469671186537 13.256020308914305 0.0 1.0 1.0 1 0 0 0.0 1.0 0
cell 0.7557374199536455 45.66283723957167 0.0 1.0 1.0 1 0 0 0.0 1.0 0
cell 2.625365575285456 33.988998692453926 0.0 1.6431676725154984 0.6085806194501846 1 0 0 -0.08982608021781731 0.99595746661828 6.103290671327411
cell 10.42919351158994 12.093090950536181 0.0 1.0 1.0 1 0 0 0.0 1.0 0
cell 50.84404331945031 36.535817127679245 0.0 1.0 1.0 1 0 0 0.0 1.0 0
cell 16.15612001862283 54.68996238090655 0.0 1.0 1.0 1 0 0 0.0 1.0 0
cell 57.76961543153772 49.17694132793654 0.0 1.0 1.0 1 0 0 0.0 1.0 0
cell 34.69867523293151 55.51391269306829 0.0 1.6431676725154984 0.6085806194501846 1 0 0 0.9920490079806596 0.12585215836285496 2.8892191082959666
cell 21.17402523061845 54.080243459984594 0.0 1.0 1.0 1 0 0 0.0 1.0 0
cell 24.89606393991132 13.98520650302952 0.0 1.0 1.0 1 0 0 0.0 1.0 0
cell 55.57896476760053 20.812720664723674 0.0 1.6431676725154984 0.6085806194501846 1 0 0 0.9324058218301932 -0.3614130371433245 3.881158500705344
cell 25.93586181515757 28.917281161792303 0.0 1.0 1.0 1 0 0 0.0 1.0 0
cell 9.57257935123383 33.30820474610987 0.0 1.0 1.0 1 0 0 0.0 1.0 0
cell 1.8302488921415636 56.92774645904146 0.0 1.6431676725154984 0.6085806194501846 1 0 0 0.3440118517374017 -0.9389653059960223 5.5808129031923475
cell 20.217717850453795 15.390434331348397 0.0 1.0 1.0 1 0 0 0.0 1.0 0
cell 22.70013404783257 23.74664068906656 0.0 1.0 1.0 1 0 0 0.0 1.0 0
cell 35.076471116900294 18.858156514745012 0.0 1.0 1.0 1 0 0 0.0 1.0 0
cell 9.837321097440013 4.754811283526061 0.0 1.0 1.0 1 0 0 0.0 1.0 0
cell 56.34594155595511 36.36276272134056 0.0 1.6431676725154984 0.6085806194501846 1 0 0 0.8796022454765396 0.47570987981397794 2.15005084930531
cell 43.61234317905966 0.21171038230681327 0.0 1.6431676725154984 0.6085806194501846 1 0 0 0.403636688514851 0.9149193536507823 0.8309765014456515
cell 6.200425352718191 57.21410532386044 0.0 1.0 1.0 1 0 0 0.0 1.0 0
cell 12.774670948355476 42.05712029139768 0.0 1.0 1.0 1 0 0 0.0 1.0 0
cell 20.74266306991035 35.28416324042371 0.0 1.6431676725154984 0.6085806194501846 1 0 0 0.0703413087428034 0.9975229823339158 0.14079889047413835
cell 51.00107987517019 29.07450641384299 0.0 1.0 1.0 1 0 0 0.0 1.0 0
cell 39.45558886603633 18.061474597437726 0.0 1.6431676725154984 0.6085806194501846 1 0 0 0.14223296051167353 -0.9898332106693959 5.997751413509815
cell 17.81920558302974 37.66889493376649 0.0 1.0 1.0 1 0 0 0.0 1.0 0
cell 57.76489614076931 39.8547808757475 0.0 1.0 1.0 1 0 0 0.0 1.0 0
cell 47.52938616367447 35.92990892017864 0.0 1.6431676725154984 0.6085806194501846 1 0 0 -0.7010820975673977 -0.7130805652031879 1.553827727561326
cell 51.91309830632615 9.291535285677378 0.0 1.6431676725154984 0.6085806194501846 1 0 0 0.6794229616282311 0.733746849541668 1.4939518419576516
cell 49.8620010092167 28.065279872157973 0.0 1.0 1.0 1 0 0 0.0 1.0 0
cell 35.12739412079059 11.909749135403214 0.0 1.6431676725154984 0.6085806194501846 1 0 0 0.49896430877774156 -0.8666225352285449 5.238378757814545
cell 5.938271905220368 44.30157834883571 0.0 1.0 1.0 1 0 0 0.0 1.0 0
cell 58.3649305292744 7.290849719154447 0.0 1.0 1.0 1 0 0 0.0 1.0 0
cell 53.67190212588787 52.91022697348208 0.0 1.0 1.0 1 0 0 0.0 1.0 0
cell 7.768110611421436 32.68954441106958 0.0 1.0 1.0 1 0 0 0.0 1.0 0
cell 38.1420982467492 26.2020359192329 0.0 1.6431676725154984 0.6085806194501846 1 0 0 0.3243552741749035 -0.9459353340027653 5.622525160327098
cell 53.49509502761462 19.477735858302847 0.0 1.6431676725154984 0.6085806194501846 1 0 0 0.8381330509967971 -0.5454658457014521 4.2954823092260925
cell 23.91749984636005 3.7328013561451745 0.0 1.0 1.0 1 0 0 0.0 1.0 0
cell 46.8111933129403 21.90556683153762 0.0 1.6431676725154984 0.6085806194501846 1 0 0 0.6570777517362015 0.7538228095337118 1.4338712149225317
cell 27.308684309347097 46.72885925538865 0.0 1.0 1.0 1 0 0 0.0 1.0 0
cell 41.95475428171252 20.81530286848409 0.0 1.6431676725154984 0.6085806194501846 1 0 0 -0.5836174199729852 -0.8120287600227446 1.2463527788991868
cell 43.191974623060204 48.497819765495514 0.0 1.6431676725154984 0.6085806194501846 1 0 0 0.860469580230824 0.5095018169716272 2.072381204575179
cell 39.49932629900471 30.359637962832565 0.0 1.6431676725154984 0.6085806194501846 1 0 0 0.941201322854456 0.3378462222032711 2.452337400685522
cell 17.596318133895995 7.547632067621994 0.0 1.0 1.0 1 0 0 0.0 1.0 0
cell 44.42428220953347 41.05634024415244 0.0 1.6431676725154984 0.6085806194501846 1 0 0 -0.8143440053798889 -0.5803824953440958 1.90319603438933
cell 54.285810737724205 27.24933076937399 0.0 1.6431676725154984 0.6085806194501846 1 0 0 0.9389385524582702 0.3440848655601816 2.4390647276413753
cell 58.34072341694146 52.69500641734422 0.0 1.0 1.0 1 0 0 0.0 1.0 0
cell 4.467488375573716 4.037866991415314 0.0 1.0 1.0 1 0 0 0.0 1.0 0
cell 52.020109302545485 11.964834339050125 0.0 1.6431676725154984 0.6085806194501846 1 0 0 0.4288666393561196 0.903367813045931 0.8864756157351649
cell 35.442169304557076 33.50135025665427 0.0 1.6431676725154984 0.6085806194501846 1 0 0 0.9524636107840062 -0.3046523758848652 3.7607395222295814
cell 16.02209440610093 28.5957469806512 0.0 1.0 1.0 1 0 0 0.0 1.0 0
cell 29.614599401666872 13.81226457485243 0.0 1.0 1.0 1 0 0 0.0 1.0 0
cell 48.15490444397397 24.204651365915893 0.0 1.6431676725154984 0.6085806194501846 1 0 0 0.5572039208966875 0.8303756924051655 1.182029469945723
cell 14.762729516404178 42.06234462649544 0.0 1.0 1.0 1 0 0 0.0 1.0 0
cell 22.106288861907615 4.441840462578208 0.0 1.0 1.0 1 0 0 0.0 1.0 0
cell 55.303743859941925 12.526783942709583 0.0 1.6431676725154984 0.6085806194501846 1 0 0 0.7600908466823142 0.649816824027943 1.726905814223046
cell 3.8172378624125423 14.903260185736878 0.0 1.0 1.0 1 0 0 0.0 1.0 0
cell 29.973347301292435 43.755802314795126 0.0 1.0 1.0 1 0 0 0.0 1.0 0
cell 28.051246487094506 21.86726868458466 0.0 1.0 1.0 1 0 0 0.0 1.0 0
cell 21.142614302846585 10.604221565881204 0.0 1.0 1.0 1 0 0 0.0 1.0 0
cell 36.31644541597648 42.07679258478252 0.0 1.6431676725154984 0.6085806194501846 1 0 0 0.8708098671697341 -0.49161995000185865 4.169490769517994
cell 32.854082333087504 54.72867766193005 0.0 1.0 1.0 1 0 0 0.0 1.0 0
cell 56.88997983986334 2.326869850518021 0.0 1.0 1.0 1 0 0 0.0 1.0 0
cell 6.155183870340992 24.216502356987636 0.0 1.0 1.0 1 0 0 0.0 1.0 0
cell 58.51773278810253 36.434753826619506 0.0 1.0 1.0 1 0 0 0.0 1.0 0
cell 51.36091151201193 50.92920338594952 0.0 1.0 1.0 1 0 0 0.0 1.0 0
cell 45.808946524337564 52.039810060160676 0.0 1.6431676725154984 0.6085806194501846 1 0 0 0.6901534011902384 0.7236631003620027 1.5234020201274414
cell 4.431331750742068 28.382601061263014 0.0 1.6431676725154984 0.6085806194501846 1 0 0 0.01431737018345854 -0.9998975012025132 6.254549588430405
cell 27.36792452000463 8.092793731768744 0.0 1.0 1.0 1 0 0 0.0 1.0 0
cell 52.88620143666388 2.666874639323804 0.0 1.6431676725154984 0.6085806194501846 1 0 0 0.9244871326564158 0.3812132494453973 2.359376072369429
cell 23.728536247209238 5.621133713104422 0.0 1.0 1.0 1 0 0 0.0 1.0 0
cell 57.40967883401368 56.54055048985318 0.0 1.0 1.0 1 0 0 0.0 1.0 0
cell 11.496185796640468 2.1502738871226663 0.0 1.0 1.0 1 0 0 0.0 1.0 0
cell 51.73463046198251 19.312827542691256 0.0 1.0 1.0 1 0 0 0.0 1.0 0
cell 2.799929967103047 5.075303874311368 0.0 1.0 1.0 1 0 0 0.0 1.0 0
cell 19.87230001808055 55.28859464640957 0.0 1.0 1.0 1 0 0 0.0 1.0 0
cell 0.9665840331483014 32.187443161180276 0.0 1.6431676725154984 0.6085806194501846 1 0 0 0.9723360075191257 0.2335865759879333 2.6700633010825996
cell 9.216968539420089 31.3067811354853 0.0 1.0 1.0 1 0 0 0.0 1.0 0
cell 26.912329604849802 23.43399565443916 0.0 1.0 1.0 1 0 0 0.0 1.0 0
cell 4.419378914189287 48.911829871783894 0.0 1.0 1.0 1 0 0 0.0 1.0 0
cell 52.68876827403306 47.812989599607484 0.0 1.0 1.0 1 0 0 0.0 1.0 0
cell 18.416207190550175 14.631093589980367 0.0 1.0 1.0 1 0 0 0.0 1.0 0
cell 56.383640291792254 44.615186081310604 0.0 1.0 1.0 1 0 0 0.0 1.0 0
cell 16.234963993216187 59.07826338212822 0.0 1.0 1.0 1 0 0 0.0 1.0 0
cell 51.24355722732699 1.3694616329482636 0.0 1.0 1.0 1 0 0 0.0 1.0 0
cell 8.262382596156808 34.62568138066409 0.0 1.0 1.0 1 0 0 0.0 1.0 0
cell 21.348471306477776 49.37615168497133 0.0 1.0 1.0 1 0 0 0.0 1.0 0
cell 40.31362652232918 31.347276013047967 0.0 1.6431676725154984 0.6085806194501846 1 0 0 0.9458723234772836 0.3245389771347736 2.480544088900922
cell 7.12675651894859 42.79177322808777 0.0 1.0 1.0 1 0 0 0.0 1.0 0
cell 54.63644308963422 41.11318418529468 0.0 1.0 1.0 1 0 0 0.0 1.0 0
cell 17.957526411175124 1.0160012210021603 0.0 1.0 1.0 1 0 0 0.0 1.0 0
cell 49.9594826379401 45.99433565226231 0.0 1.0 1.0 1 0 0 0.0 1.0 0
cell 6.592839612288943 20.17747082871284 0.0 1.0 1.0 1 0 0 0.0 1.0 0
cell 19.372354532148627 28.72313146843922 0.0 1.0 1.0 1 0 0 0.0 1.0 0
cell 10.27047867238771 19.11008367015249 0.0 1.0 1.0 1 0 0 0.0 1.0 0
cell 44.8733420011427 43.270815683614494 0.0 1.6431676725154984 0.6085806194501846 1 0 0 -0.7779549020447084 -0.6283201177621229 1.7828087200496974
cell 47.65824677150871 27.039282010103893 0.0 1.6431676725154984 0.6085806194501846 1 0 0 0.5188453011450987 0.8548681497632554 1.0909993257796236
cell 53.91657466495425 33.74358767918456 0.0 1.0 1.0 1 0 0 0.0 1.0 0
cell 5.20224513030397 11.735117919105692 0.0 1.0 1.0 1 0 0 0.0 1.0 0
cell 12.732545940401723 46.251134027188954 0.0 1.0 1.0 1 0 0 0.0 1.0 0
cell 12.658987643908285 35.82603040925429 0.0 1.0 1.0 1 0 0 0.0 1.0 0
cell 39.37637469014024 7.408715350534158 0.0 1.6431676725154984 0.6085806194501846 1 0 0 0.10979403978710066 0.9939543595292636 0.2200316693337293
cell 20.5470012862027 19.10915534961404 0.0 1.0 1.0 1 0 0 0.0 1.0 0
cell 31.444680747509093 40.56273152717232 0.0 1.0 1.0 1 0 0 0.0 1.0 0
cell 23.859137708099446 8.309141132274421 0.0 1.0 1.0 1 0 0 0.0 1.0 0
cell 51.55479866195005 30.754384872722206 0.0 1.0 1.0 1 0 0 0.0 1.0 0
cell 44.09660724962956 54.35651857076674 0.0 1.6431676725154984 0.6085806194501846 1 0 0 -0.8093801392067476 -0.5872851013414745 1.8861917558239618
cell 40.948816123392156 15.730294383561732 0.0 1.6431676725154984 0.6085806194501846 1 0 0 0.7065845838040019 -0.7076285932115275 4.713865432782163
cell 44.7813362144171 28.46573475238464 0.0 1.6431676725154984 0.6085806194501846 1 0 0 -0.36888961188495306 -0.929473213300614 0.755628189328136
cell 32.01735954447179 38.42739485552503 0.0 1.6431676725154984 0.6085806194501846 1 0 0 0.0502023441784007 -0.9987390673439152 6.182738396342678
cell 44.60027642025722 37.939941552086644 0.0 1.6431676725154984 0.6085806194501846 1 0 0 -0.6834995944420843 -0.7299508917711562 1.5050924542790787
cell 3.1060550810157195 42.448085499723625 0.0 1.0 1.0 1 0 0 0.0 1.0 0
cell 48.88466954483142 47.56253640068517 0.0 1.6431676725154984 0.6085806194501846 1 0 0 0.5757048562989106 0.817657580184915 1.226931860152313
cell 31.898633867507673 22.34580140449679 0.0 1.0 1.0 1 0 0 0.0 1.0 0
cell 26.043452907651275 21.624196009515074 0.0 1.0 1.0 1 0 0 0.0 1.0 0
cell 15.461317734812043 21.77927835422967 0.0 1.0 1.0 1 0 0 0.0 1.0 0
cell 32.375694751247345 26.66930637412782 0.0 1.6431676725154984 0.6085806194501846 1 0 0 0.9349238392072929 0.35484843931162474 2.4160887494197922
cell 49.72677899131918 35.179432569815674 0.0 1.0 1.0 1 0 0 0.0 1.0 0
cell 7.69579557593097 56.59538958896476 0.0 1.0 1.0 1 0 0 0.0 1.0 0
cell 56.67787665872861 4.340022525091143 0.0 1.0 1.0 1 0 0 0.0 1.0 0
cell 21.732893960381258 55.99565949365666 0.0 1.0 1.0 1 0 0 0.0 1.0 0
cell 26.364485953110915 38.22165173770195 0.0 1.0 1.0 1 0 0 0.0 1.0 0
cell 58.59030276579024 38.17185077975828 0.0 1.0 1.0 1 0 0 0.0 1.0 0
cell 19.46971084335351 32.552021733213266 0.0 1.0 1.0 1 0 0 0.0 1.0 0
cell 30.67189629587534 54.636577998446484 0.0 1.0 1.0 1 0 0 0.0 1.0 0
cell 10.103675841321898 55.19907303103972 0.0 1.6431676725154984 0.6085806194501846 1 0 0 0.9946668038782147 0.10314043466408862 2.934944288059492
cell 22.37122011941829 37.514069846333705 0.0 1.0 1.0 1 0 0 0.0 1.0 0
cell 8.960946275795626 39.493948166181056 0.0 1.0 1.0 1 0 0 0.0 1.0 0
cell 19.960462620337196 45.76877535933969 0.0 1.0 1.0 1 0 0 0.0 1.0 0
cell 47.76690456659924 13.888812637667698 0.0 1.6431676725154984 0.6085806194501846 1 0 0 0.7627624445967309 0.646678786657502 1.7351483230631253
cell 40.843009917167414 2.3180919975052947 0.0 1.0 1.0 1 0 0 0.0 1.0 0
cell 11.882209254933162 40.69692450483265 0.0 1.0 1.0 1 0 0 0.0 1.0 0
cell 0.9948713932014562 0.11925754550436869 0.0 1.0 1.0 1 0 0 0.0 1.0 0
cell 23.834006268372246 17.057252807554185 0.0 1.0 1.0 1 0 0 0.0 1.0 0
cell 25.010449574592876 33.80793300614523 0.0 1.0 1.0 1 0 0 0.0 1.0 0
cell 20.958369589969685 26.300062445321228 0.0 1.0 1.0 1 0 0 0.0 1.0 0
cell 51.79757618575039 46.061047120041884 0.0 1.0 1.0 1 0 0 0.0 1.0 0
cell 54.02536579846736 28.89835719464053 0.0 1.6431676725154984 0.6085806194501846 1 0 0 0.9229272163708125 0.3849744839363036 2.3512323025734743
cell 49.47156219858625 7.082490186029304 0.0 1.0 1.0 1 0 0 0.0 1.0 0
cell 44.89095088218039 48.75155403827262 0.0 1.6431676725154984 0.6085806194501846 1 0 0 0.5576784489275284 0.8300570749061693 1.1831726129317304
cell 50.7100890539265 54.69382642389934 0.0 1.0 1.0 1 0 0 0.0 1.0 0
cell 22.365300877731464 19.950009066631328 0.0 1.0 1.0 1 0 0 0.0 1.0 0
cell 25.757818667500306 47.986624755452986 0.0 1.0 1.0 1 0 0 0.0 1.0 0
cell 53.788740599538876 17.70187738969244 0.0 1.6431676725154984 0.6085806194501846 1 0 0 0.8638432875689426 -0.5037606321677798 4.197485954382464
cell 27.972561186115076 41.6330209912747 0.0 1.0 1.0 1 0 0 0.0 1.0 0
cell 39.98922357392843 54.14703831183776 0.0 1.0 1.0 1 0 0 0.0 1.0 0
cell 11.17214643069549 31.56173043150384 0.0 1.0 1.0 1 0 0 0.0 1.0 0
cell 3.43297680294154 50.623314637566374 0.0 1.0 1.0 1 0 0 0.0 1.0 0
cell 24.21348244102975 20.7527876261925 0.0 1.0 1.0 1 0 0 0.0 1.0 0
cell 34.29591390851745 0.5505758695528776 0.0 1.0 1.0 1 0 0 0.0 1.0 0
cell 22.01503672086502 41.204325442551784 0.0 1.0 1.0 1 0 0 0.0 1.0 0
cell 45.978430759682134 7.9113675568362245 0.0 1.0 1.0 1 0 0 0.0 1.0 0
cell 22.105215490783415 6.231117349312705 0.0 1.0 1.0 1 0 0 0.0 1.0 0
cell 6.818841615098504 10.548718755334113 0.0 1.0 1.0 1 0 0 0.0 1.0 0
cell 50.9783561039883 44.22751825512661 0.0 1.0 1.0 1 0 0 0.0 1.0 0
cell 27.234228654597633 48.74574527613135 0.0 1.0 1.0 1 0 0 0.0 1.0 0
cell 13.516826215260593 17.39966963893629 0.0 1.0 1.0 1 0 0 0.0 1.0 0
cell 10.223392503509078 36.06761942435743 0.0 1.0 1.0 1 0 0 0.0 1.0 0
cell 36.109535747961395 0.007703102713357807 0.0 1.0 1.0 1 0 0 0.0 1.0 0
cell 21.73538418950504 14.301136648689688 0.0 1.0 1.0 1 0 0 0.0 1.0 0
cell 5.283293742833706 36.440830788587796 0.0 1.6431676725154984 0.6085806194501846 1 0 0 0.4744975464577113 -0.880256825253637 5.294399026185931
cell 26.430561348345112 42.96776960342245 0.0 1.0 1.0 1 0 0 0.0 1.0 0
cell 5.3051216408087125 39.66102383639496 0.0 1.0 1.0 1 0 0 0.0 1.0 0
cell 25.318147018269745 49.918436561554216 0.0 1.0 1.0 1 0 0 0.0 1.0 0
cell 55.00650142674272 51.44520136688845 0.0 1.0 1.0 1 0 0 0.0 1.0 0
cell 46.03285195594025 33.25965980175931 0.0 1.6431676725154984 0.6085806194501846 1 0 0 0.4519989834788506 0.8920184521264601 0.9380100730579355
cell 43.4449264978548 44.141340684664385 0.0 1.6431676725154984 0.6085806194501846 1 0 0 0.8176549539286476 0.5757085862795005 1.9146516698466998
cell 6.302409520542624 4.933780141119215 0.0 1.0 1.0 1 0 0 0.0 1.0 0
cell 20.208465375032656 33.85477758641834 0.0 1.0 1.0 1 0 0 0.0 1.0 0
cell 11.864447672426996 20.048100352106207 0.0 1.0 1.0 1 0 0 0.0 1.0 0
cell 57.830217820211914 30.491136866327814 0.0 1.0 1.0 1 0 0 0.0 1.0 0
cell 50.44919946347187 56.64723604633137 0.0 1.0 1.0 1 0 0 0.0 1.0 0
cell 36.426518996557036 21.46404762128584 0.0 1.6431676725154984 0.6085806194501846 1 0 0 0.41848859865947713 -0.9082220503775644 5.419624209525719
cell 19.41124314567784 48.91349563566335 0.0 1.0 1.0 1 0 0 0.0 1.0 0
cell 56.69433119543765 47.55215247398777 0.0 1.0 1.0 1 0 0 0.0 1.0 0
cell 47.9457209213683 42.01674008753436 0.0 1.6431676725154984 0.6085806194501846 1 0 0 0.99600379435726 0.08931092668840059 2.962732482670293
cell 34.11961470421357 2.7926370569688785 0.0 1.0 1.0 1 0 0 0.0 1.0 0
cell 27.28534784686367 36.433914897059225 0.0 1.0 1.0 1 0 0 0.0 1.0 0
cell 1.1921950005733062 42.216470013269756 0.0 1.0 1.0 1 0 0 0.0 1.0 0
cell 37.81642595683862 46.221952471754044 0.0 1.0 1.0 1 0 0 0.0 1.0 0
cell 18.687390386074675 42.45759486801498 0.0 1.0 1.0 1 0 0 0.0 1.0 0
cell 3.7490430381894955 36.467693516527234 0.0 1.6431676725154984 0.6085806194501846 1 0 0 -0.2706629444506087 0.962674176708468 5.735022079774614
cell 1.3608572469419722 9.933945110180536 0.0 1.0 1.0 1 0 0 0.0 1.0 0
cell 52.62829494344831 21.10535842187678 0.0 1.0 1.0 1 0 0 0.0 1.0 0
cell 56.66537554188931 38.017344759915225 0.0 1.0 1.0 1 0 0 0.0 1.0 0
cell 32.02172945156433 6.0121732842316655 0.0 1.0 1.0 1 0 0 0.0 1.0 0
cell 10.304638299497153 29.504413202897037 0.0 1.6431676725154984 0.6085806194501846 1 0 0 -0.16191862460044604 0.9868041137974142 5.95791605667882
cell 26.69918977164339 14.875764565675174 0.0 1.0 1.0 1 0 0 0.0 1.0 0
cell 32.129440054141064 2.897854142840014 0.0 1.0 1.0 1 0 0 0.0 1.0 0
cell 11.510303200196404 47.67048134577205 0.0 1.0 1.0 1 0 0 0.0 1.0 0
cell 20.530174956353722 36.786295641300875 0.0 1.0 1.0 1 0 0 0.0 1.0 0
cell 48.97952605061984 55.4030524712105 0.0 1.0 1.0 1 0 0 0.0 1.0 0
cell 9.970241314830385 44.348428509579875 0.0 1.0 1.0 1 0 0 0.0 1.0 0
cell 22.648286746277073 42.88564602266061 0.0 1.0 1.0 1 0 0 0.0 1.0 0
cell 41.404681124456175 55.09699330863462 0.0 1.0 1.0 1 0 0 0.0 1.0 0
cell 11.882366397125105 10.861844240270258 0.0 1.0 1.0 1 0 0 0.0 1.0 0
cell 57.82981131866375 24.261457916804016 0.0 1.6431676725154984 0.6085806194501846 1 0 0 0.9955171043881837 0.09458168358919265 2.9521461120269303
cell 52.275335911530995 13.70057517160296 0.0 1.6431676725154984 0.6085806194501846 1 0 0 0.9594935698689616 -0.2817305261772606 3.712787085094253
cell 15.407460813257337 43.67411462791809 0.0 1.0 1.0 1 0 0 0.0 1.0 0
cell 48.21370215540096 51.96707651679045 0.0 1.0 1.0 1 0 0 0.0 1.0 0
cell 32.11970375610357 24.61466305724732 0.0 1.6431676725154984 0.6085806194501846 1 0 0 0.8681248853176341 0.4963458305377861 2.102823816044511
cell 13.101436625343661 0.9363834662770814 0.0 1.0 1.0 1 0 0 0.0 1.0 0
cell 54.170716497984934 4.705665552609858 0.0 1.6431676725154984 0.6085806194501846 1 0 0 0.968342566081547 -0.24962506828162273 3.6461787469391327
cell 9.569100249832259 47.460444040109756 0.0 1.0 1.0 1 0 0 0.0 1.0 0
cell 30.385056464220366 3.291499558132965 0.0 1.0 1.0 1 0 0 0.0 1.0 0
cell 50.495421948942095 49.33890779283869 0.0 1.0 1.0 1 0 0 0.0 1.0 0
cell 19.254817662826582 25.21822328734344 0.0 1.0 1.0 1 0 0 0.0 1.0 0
cell 43.27359364603093 30.769753007498007 0.0 1.6431676725154984 0.6085806194501846 1 0 0 0.9982599335637037 -0.05896698263765854 3.2595950708234205
cell 33.26242071800731 9.263727217647427 0.0 1.0 1.0 1 0 0 0.0 1.0 0
cell 27.945202579661988 13.56489400891648 0.0 1.0 1.0 1 0 0 0.0 1.0 0
cell 30.33246831241528 58.251640254598655 0.0 1.6431676725154984 0.6085806194501846 1 0 0 0.9686222139801035 0.24853773674088733 2.6392519937923975
cell 7.028375219499608 26.01187728147413 0.0 1.0 1.0 1 0 0 0.0 1.0 0
cell 55.01817575072029 3.0796162584047773 0.0 1.0 1.0 1 0 0 0.0 1.0 0
cell 7.019768217639971 12.520708661590218 0.0 1.0 1.0 1 0 0 0.0 1.0 0
cell 2.705191131823638 3.1051986147872688 0.0 1.0 1.0 1 0 0 0.0 1.0 0
cell 47.33590435539625 50.28131314436894 0.0 1.6431676725154984 0.6085806194501846 1 0 0 0.8495256403541398 0.5275473309390246 2.030170924884617
cell 13.904266488473658 7.8793302778041285 0.0 1.0 1.0 1 0 0 0.0 1.0 0
cell 29.143532910163124 23.139682859054847 0.0 1.6431676725154984 0.6085806194501846 1 0 0 0.29693397183631537 -0.95489801359596 5.680224906422858
cell 31.255490130909656 4.596076280170213 0.0 1.0 1.0 1 0 0 0.0 1.0 0
cell 18.221535319630096 12.832240241611728 0.0 1.0 1.0 1 0 0 0.0 1.0 0
cell 22.55285536487214 52.810083658556024 0.0 1.0 1.0 1 0 0 0.0 1.0 0
cell 39.693816363220996 52.502378644857835 0.0 1.0 1.0 1 0 0 0.0 1.0 0
cell 56.62958812046229 41.405243394537116 0.0 1.0 1.0 1 0 0 0.0 1.0 0
cell 4.139133168345736 31.169243266742406 0.0 1.6431676725154984 0.6085806194501846 1 0 0 0.9844416014828825 0.1757120749118216 2.7883345530129713
cell 20.47857180059124 5.399037823239842 0.0 1.0 1.0 1 0 0 0.0 1.0 0
cell 34.37966518493426 52.03580442289174 0.0 1.0 1.0 1 0 0 0.0 1.0 0
cell 43.55508297333657 39.355993629843134 0.0 1.6431676725154984 0.6085806194501846 1 0 0 -0.6801329476274214 -0.7330887896780548 1.4958879442032247
cell 50.27284964240457 26.144106175793247 0.0 1.0 1.0 1 0 0 0.0 1.0 0
cell 13.102127515074978 15.781244238885698 0.0 1.0 1.0 1 0 0 0.0 1.0 0
cell 29.30619533834872 29.952721388962697 0.0 1.6431676725154984 0.6085806194501846 1 0 0 0.9058509814911992 -0.4235965053342992 4.0164165683105875
cell 27.472919701324813 3.2778588956428365 0.0 1.0 1.0 1 0 0 0.0 1.0 0
cell 17.99664442515623 45.50728098748322 0.0 1.0 1.0 1 0 0 0.0 1.0 0
cell 34.28579305712469 47.1169386474441 0.0 1.0 1.0 1 0 0 0.0 1.0 0
cell 14.04639820089959 25.9426836297585 0.0 1.0 1.0 1 0 0 0.0 1.0 0
cell 10.560545505041885 17.476343523175164 0.0 1.6431676725154984 0.6085806194501846 1 0 0 0.23721488441758234 -0.9714572036949198 5.8041895139116
cell 11.84171089660361 21.818044948643006 0.0 1.0 1.0 1 0 0 0.0 1.0 0
cell 11.967149429386952 18.123868425282442 0.0 1.0 1.0 1 0 0 0.0 1.0 0
cell 2.0277693683189386 18.31531190203695 0.0 1.6431676725154984 0.6085806194501846 1 0 0 0.6001523839952375 0.7998856893236889 1.2873832047928264
cell 17.74041602003573 29.32885661927363 0.0 1.0 1.0 1 0 0 0.0 1.0 0
cell 11.015661947996405 53.555856302952456 0.0 1.0 1.0 1 0 0 0.0 1.0 0
cell 54.67850720107596 6.850924921199124 0.0 1.6431676725154984 0.6085806194501846 1 0 0 0.930892679147581 -0.3652927865554408 3.88948726564165
cell 11.592218019683738 3.7846987360122246 0.0 1.0 1.0 1 0 0 0.0 1.0 0
cell 28.968159804494626 27.27629711435273 0.0 1.0 1.0 1 0 0 0.0 1.0 0
cell 13.431014265588127 43.498725405379155 0.0 1.0 1.0 1 0 0 0.0 1.0 0
cell 19.00896663256029 21.816939467661225 0.0 1.0 1.0 1 0 0 0.0 1.0 0
cell 28.9577535330342 25.04595518231495 0.0 1.0 1.0 1 0 0 0.0 1.0 0
cell 35.01453767081378 39.923905055826744 0.0 1.6431676725154984 0.6085806194501846 1 0 0 0.18926676549584578 0.9819257056818201 0.38083072314344424
cell 13.746803133136003 12.684244707863762 0.0 1.0 1.0 1 0 0 0.0 1.0 0
cell 24.216004369599304 27.951430542874864 0.0 1.0 1.0 1 0 0 0.0 1.0 0
cell 4.446994612548293 2.188138573207874 0.0 1.0 1.0 1 0 0 0.0 1.0 0
cell 25.596311986695476 51.88524913512719 0.0 1.0 1.0 1 0 0 0.0 1.0 0
cell 18.64878196712178 31.438112476356117 0.0 1.6431676725154984 0.6085806194501846 1 0 0 -0.04621654144126126 -0.9989314447434359 0.09246602024664163
cell 27.340014914065552 58.65212057099911 0.0 1.6431676725154984 0.6085806194501846 1 0 0 0.8495601127713088 0.5274918149014267 2.0303016211428275
cell 35.956368919423305 15.00974137077721 0.0 1.0 1.0 1 0 0 0.0 1.0 0
cell 17.10120675154239 19.155558710454162 0.0 1.0 1.0 1 0 0 0.0 1.0 0
cell 10.241010214272443 51.9049903453883 0.0 1.0 1.0 1 0 0 0.0 1.0 0
cell 10.387828360657226 49.0568897962894 0.0 1.0 1.0 1 0 0 0.0 1.0 0
cell 33.22432887896682 4.432541657627641 0.0 1.0 1.0 1 0 0 0.0 1.0 0
cell 25.964498734801683 53.78130984012019 0.0 1.0 1.0 1 0 0 0.0 1.0 0
cell 43.04414244688931 23.298443231072334 0.0 1.6431676725154984 0.6085806194501846 1 0 0 0.3719294953630103 0.9282609818790276 0.7621735406980908
cell 47.46244691681129 2.4577898628138244 0.0 1.0 1.0 1 0 0 0.0 1.0 0
cell 11.3894057940231 0.5385556352376117 0.0 1.0 1.0 1 0 0 0.0 1.0 0
cell 8.282649940222743 51.62260723707499 0.0 1.0 1.0 1 0 0 0.0 1.0 0
cell 8.27757826871248 7.47644729308131 0.0 1.0 1.0 1 0 0 0.0 1.0 0
cell 26.049860462142128 30.801398771367477 0.0 1.0 1.0 1 0 0 0.0 1.0 0
cell 46.49476886719484 1.0266704489680238 0.0 1.0 1.0 1 0 0 0.0 1.0 0
cell 14.961192219664598 32.20391832263826 0.0 1.0 1.0 1 0 0 0.0 1.0 0
cell 39.60182865053788 15.244608640145628 0.0 1.6431676725154984 0.6085806194501846 1 0 0 0.5784192660597077 0.8157396353316105 1.2335791281561372
cell 18.13917543808948 50.277466762776974 0.0 1.0 1.0 1 0 0 0.0 1.0 0
cell 57.943023169975696 45.51651430129146 0.0 1.0 1.0 1 0 0 0.0 1.0 0
cell 55.46355790370657 56.82093958794514 0.0 1.0 1.0 1 0 0 0.0 1.0 0
cell 25.424334149335838 46.16803873064967 0.0 1.0 1.0 1 0 0 0.0 1.0 0
cell 6.175549250797497 41.27092107529184 0.0 1.0 1.0 1 0 0 0.0 1.0 0
cell 33.67132591927536 37.11451672046504 0.0 1.6431676725154984 0.6085806194501846 1 0 0 0.8810192461013564 -0.4730804244512741 4.127160536914442
cell 31.93574364697383 49.16373357144954 0.0 1.0 1.0 1 0 0 0.0 1.0 0
cell 45.23850757653861 0.17482470037694356 0.0 1.0 1.0 1 0 0 0.0 1.0 0
cell 5.079945748805181 42.72128645550387 0.0 1.0 1.0 1 0 0 0.0 1.0 0
cell 23.198479137227643 32.92381441780375 0.0 1.0 1.0 1 0 0 0.0 1.0 0
cell 14.448515797093703 33.817312117973806 0.0 1.0 1.0 1 0 0 0.0 1.0 0
cell 43.02727521246746 42.16711906436318 0.0 1.6431676725154984 0.6085806194501846 1 0 0 0.7444372897790665 0.6676923854488669 1.6793833520225312
cell 19.492283395779157 1.7726668731919575 0.0 1.0 1.0 1 0 0 0.0 1.0 0
cell 43.78240044720831 22.512414392227768 0.0 1.6431676725154984 0.6085806194501846 1 0 0 0.46553202975764 0.8850310329416318 0.9684713174618481
cell 35.22142967905355 9.638726469040105 0.0 1.0 1.0 1 0 0 0.0 1.0 0
cell 44.49676473050299 50.27485265971919 0.0 1.0 1.0 1 0 0 0.0 1.0 0
cell 28.395378166843475 38.107089932895605 0.0 1.0 1.0 1 0 0 0.0 1.0 0
cell 50.95307635450089 17.391983037102566 0.0 1.6431676725154984 0.6085806194501846 1 0 0 0.7648603416441752 0.6441961330060556 1.7416490154803606
cell 28.585025362525684 15.493034245759418 0.0 1.0 1.0 1 0 0 0.0 1.0 0
cell 24.323960221442942 53.42254411491851 0.0 1.0 1.0 1 0 0 0.0 1.0 0
cell 47.40058406142282 24.8601278101053 0.0 1.6431676725154984 0.6085806194501846 1 0 0 0.5164872062499943 0.856294905847323 1.0854870669807921
cell 20.858518656216535 39.72461679458246 0.0 1.0 1.0 1 0 0 0.0 1.0 0
cell 13.866628035771795 40.50456249642236 0.0 1.0 1.0 1 0 0 0.0 1.0 0
cell 55.97439632160668 19.49546824556723 0.0 1.6431676725154984 0.6085806194501846 1 0 0 0.9214602012059264 -0.38847277587178947 3.9395398872904206
cell 45.07781812485624 35.72490827615265 0.0 1.6431676725154984 0.6085806194501846 1 0 0 0.9437313182598414 -0.33071316716384597 3.8157109815252
cell 24.806698625321115 11.996021432464566 0.0 1.0 1.0 1 0 0 0.0 1.0 0
cell 19.523307146251202 11.584941116750327 0.0 1.0 1.0 1 0 0 0.0 1.0 0
cell 9.974087485137968 6.530452780885456 0.0 1.0 1.0 1 0 0 0.0 1.0 0
cell 57.81924223501186 25.66118467116437 0.0 1.6431676725154984 0.6085806194501846 1 0 0 0.9957895843563797 -0.09166844433799765 3.3251872845669976
cell 15.367301814044852 6.585478895114463 0.0 1.0 1.0 1 0 0 0.0 1.0 0
cell 25.52950210194175 8.27823363334933 0.0 1.0 1.0 1 0 0 0.0 1.0 0
cell 41.429431518945464 13.637179794535884 0.0 1.6431676725154984 0.6085806194501846 1 0 0 0.5758967197728379 0.8175224572786276 1.2274011992309488
cell 10.785585699360855 56.49808252061947 0.0 1.6431676725154984 0.6085806194501846 1 0 0 0.981988240492292 -0.18894204279316032 3.5217619980605948
cell 15.507001242828277 23.458677717653483 0.0 1.0 1.0 1 0 0 0.0 1.0 0
cell 39.15717014234628 28.10757015703647 0.0 1.6431676725154984 0.6085806194501846 1 0 0 0.6905408746037197 -0.7232933709785607 4.758712146594518
cell 25.353956306063274 57.323694105756516 0.0 1.0 1.0 1 0 0 0.0 1.0 0
cell 20.392311673076566 3.4638641257141507 0.0 1.0 1.0 1 0 0 0.0 1.0 0
cell 38.49383057953001 20.369708485808843 0.0 1.0 1.0 1 0 0 0.0 1.0 0
cell 46.38721739634887 11.304700010091217 0.0 1.6431676725154984 0.6085806194501846 1 0 0 0.8209644754363981 0.5709792728912668 1.9261962668946102
cell 33.32036893050347 56.828200067997415 0.0 1.6431676725154984 0.6085806194501846 1 0 0 0.9921539358075379 0.12502226866287458 2.8908921017852407
cell 47.121891283208775 18.729152588218852 0.0 1.6431676725154984 0.6085806194501846 1 0 0 0.7702478182976622 0.6377446968871568 1.758459291932103
cell 9.736046840040075 3.062296071412595 0.0 1.0 1.0 1 0 0 0.0 1.0 0
cell 46.320910169987556 46.83405288377211 0.0 1.6431676725154984 0.6085806194501846 1 0 0 0.6731027405034703 0.7395489846701961 1.4767925390981984
cell 17.25116636913699 22.615409838958566 0.0 1.0 1.0 1 0 0 0.0 1.0 0
cell 23.271160916856005 49.73724011361656 0.0 1.0 1.0 1 0 0 0.0 1.0 0
cell 55.71800090003216 33.35279610559063 0.0 1.6431676725154984 0.6085806194501846 1 0 0 0.28405554522986554 0.9588078260132026 0.5760425078685159
cell 32.07086532384477 34.591938532839755 0.0 1.6431676725154984 0.6085806194501846 1 0 0 0.7622799874280098 -0.6472474185091456 4.549528435930132
cell 48.37080514981704 15.712028190006025 0.0 1.6431676725154984 0.6085806194501846 1 0 0 0.8659544639218213 0.5001228513214239 2.0941113777991434
cell 18.75810007782685 18.215939258486518 0.0 1.0 1.0 1 0 0 0.0 1.0 0
cell 30.65512113503654 7.197989484844864 0.0 1.0 1.0 1 0 0 0.0 1.0 0
cell 20.070780065118647 50.657153490472076 0.0 1.0 1.0 1 0 0 0.0 1.0 0
cell 49.19943612767453 40.89994176412499 0.0 1.6431676725154984 0.6085806194501846 1 0 0 0.9999213441497135 0.012542149490029743 3.1165076969134193
cell 3.708875936044003 39.178634708619356 0.0 1.0 1.0 1 0 0 0.0 1.0 0
cell 35.52347395512191 27.464628882593928 0.0 1.6431676725154984 0.6085806194501846 1 0 0 0.3113268520701716 -0.9503028944394927 5.650007397333515
cell 16.890789956313508 3.9096407220153715 0.0 1.0 1.0 1 0 0 0.0 1.0 0
cell 14.369824645883401 27.610457932282397 0.0 1.0 1.0 1 0 0 0.0 1.0 0
cell 8.14964357228926 5.736439395417829 0.0 1.0 1.0 1 0 0 0.0 1.0 0
cell 48.1338894336916 30.080544061162424 0.0 1.6431676725154984 0.6085806194501846 1 0 0 0.8124127750145225 0.5830827411210204 1.896556459673504
cell 47.535222703621045 38.344056704004586 0.0 1.0 1.0 1 0 0 0.0 1.0 0
cell 48.31000330896472 0.24757325050110213 0.0 1.0 1.0 1 0 0 0.0 1.0 0
cell 21.18896331646299 24.63336584694604 0.0 1.0 1.0 1 0 0 0.0 1.0 0
cell 36.504381903833234 56.15464946918554 0.0 1.6431676725154984 0.6085806194501846 1 0 0 0.992308946956876 0.12378591918847552 2.8933841601153314
cell 18.31055649101237 34.17172350661317 0.0 1.0 1.0 1 0 0 0.0 1.0 0
cell 45.60159797190564 5.927043992176475 0.0 1.0 1.0 1 0 0 0.0 1.0 0
cell 45.03353126861096 30.03591575466486 0.0 1.6431676725154984 0.6085806194501846 1 0 0 -0.22202605520407204 -0.9750407328981279 0.44778379830950144
cell 46.684423604875434 40.931323684130476 0.0 1.6431676725154984 0.6085806194501846 1 0 0 0.8808861486979941 0.47332820857415153 2.1554622335433087
cell 19.110682216116956 8.508564526872426 0.0 1.0 1.0 1 0 0 0.0 1.0 0
cell 17.521354488894644 32.59641954454452 0.0 1.0 1.0 1 0 0 0.0 1.0 0
cell 23.951399531778428 51.43658781274608 0.0 1.0 1.0 1 0 0 0.0 1.0 0
cell 29.02295720580504 2.446767553070526 0.0 1.0 1.0 1 0 0 0.0 1.0 0
cell 43.605460443361444 6.319196395838728 0.0 1.0 1.0 1 0 0 0.0 1.0 0
cell 50.27533178689228 39.28117561598109 0.0 1.6431676725154984 0.6085806194501846 1 0 0 0.9435762380985656 0.33115537576152815 2.466537099311812
cell 24.054028428299766 18.931650831644703 0.0 1.0 1.0 1 0 0 0.0 1.0 0
cell 13.564929126639385 6.116598891362394 0.0 1.0 1.0 1 0 0 0.0 1.0 0
cell 6.214946513713457 3.149461220627653 0.0 1.0 1.0 1 0 0 0.0 1.0 0
cell 41.97276584327248 7.379807247181249 0.0 1.6431676725154984 0.6085806194501846 1 0 0 0.7074068069742515 0.7068066280436921 1.571645108003823
cell 26.357757750162378 32.79482458417416 0.0 1.0 1.0 1 0 0 0.0 1.0 0
cell 7.296007374941043 30.776493333868164 0.0 1.0 1.0 1 0 0 0.0 1.0 0
cell 45.1542394764491 46.59323633503806 0.0 1.6431676725154984 0.6085806194501846 1 0 0 0.6331550998419574 0.7740249476238611 1.3712453490384924
cell 17.131589880640018 5.772048507200023 0.0 1.0 1.0 1 0 0 0.0 1.0 0
cell 10.119749536060379 41.050811035017894 0.0 1.0 1.0 1 0 0 0.0 1.0 0
cell 46.71717520783229 15.642704227459381 0.0 1.6431676725154984 0.6085806194501846 1 0 0 0.6271555061346813 0.7788940692577854 1.3557917064668876
cell 4.884246518466247 22.44980963987516 0.0 1.6431676725154984 0.6085806194501846 1 0 0 0.22233677584530728 0.9749699267704177 0.44842117049424257
cell 45.543734507947704 2.890878469834779 0.0 1.0 1.0 1 0 0 0.0 1.0 0
cell 52.28891542917778 55.89586960950362 0.0 1.0 1.0 1 0 0 0.0 1.0 0
cell 35.47673723779025 48.503800397690654 0.0 1.0 1.0 1 0 0 0.0 1.0 0
cell 54.16094889178251 55.11994662342367 0.0 1.0 1.0 1 0 0 0.0 1.0 0
cell 24.20707619198313 22.472420443723912 0.0 1.0 1.0 1 0 0 0.0 1.0 0
cell 37.344787070823266 25.35706059013309 0.0 1.6431676725154984 0.6085806194501846 1 0 0 0.28409904656329926 -0.9587949372737762 5.707052058237353
cell 13.761975336718514 10.756132313235872 0.0 1.6431676725154984 0.6085806194501846 1 0 0 0.3511500086657776 -0.9363192144851158 5.56558721903436
cell 55.59435576649594 23.984572728377014 0.0 1.6431676725154984 0.6085806194501846 1 0 0 0.8335382083471646 -0.5524618133639635 4.312222267589505
cell 36.67494856322261 50.10651498957559 0.0 1.0 1.0 1 0 0 0.0 1.0 0
cell 28.822752576111867 4.34708378049418 0.0 1.0 1.0 1 0 0 0.0 1.0 0
cell 8.240123479957237 24.377958704940824 0.0 1.0 1.0 1 0 0 0.0 1.0 0
cell 17.567073432455736 26.00937393703858 0.0 1.0 1.0 1 0 0 0.0 1.0 0
cell 13.25819783947782 56.94363511654603 0.0 1.6431676725154984 0.6085806194501846 1 0 0 0.9761847486425047 -0.21694085949348021 3.5789518561859017
cell 58.41527065311664 5.258807984700931 0.0 1.0 1.0 1 0 0 0.0 1.0 0
cell 18.672446134398086 36.11358075564295 0.0 1.0 1.0 1 0 0 0.0 1.0 0
cell 52.86232373320146 7.238903316049169 0.0 1.6431676725154984 0.6085806194501846 1 0 0 0.7343463021380106 0.6787750058275789 1.6494062466328772
cell 8.17069100771503 41.195349272755344 0.0 1.0 1.0 1 0 0 0.0 1.0 0
cell 40.20320894813649 0.4459272478216291 0.0 1.0 1.0 1 0 0 0.0 1.0 0
cell 23.60238946950521 34.81725392813643 0.0 1.0 1.0 1 0 0 0.0 1.0 0
cell 22.82104995469857 31.014860558119004 0.0 1.0 1.0 1 0 0 0.0 1.0 0
cell 35.21605544583344 4.508027161544616 0.0 1.0 1.0 1 0 0 0.0 1.0 0
cell 14.577483147003578 58.66600721594845 0.0 1.0 1.0 1 0 0 0.0 1.0 0
cell 10.200298276723116 24.616817919520397 0.0 1.0 1.0 1 0 0 0.0 1.0 0
cell 20.531079036192587 57.48196351876374 0.0 1.6431676725154984 0.6085806194501846 1 0 0 0.9968186436129154 0.07970314765244646 2.9820171001318667
cell 24.4644862040853 10.03597178501959 0.0 1.0 1.0 1 0 0 0.0 1.0 0
cell 45.556945676400325 34.559269831501105 0.0 1.6431676725154984 0.6085806194501846 1 0 0 -0.3239756532901005 -0.9460654184966558 0.6598575660306638
cell 25.464177527115748 35.57137248855266 0.0 1.0 1.0 1 0 0 0.0 1.0 0
cell 0.8945784300972839 33.374301139011735 0.0 1.6431676725154984 0.6085806194501846 1 0 0 0.9934217688267623 0.11451283430736854 2.9120634652202795
cell 18.748171637854668 4.655698981497588 0.0 1.0 1.0 1 0 0 0.0 1.0 0
cell 12.817093222656457 58.24908748989996 0.0 1.0 1.0 1 0 0 0.0 1.0 0
cell 46.78247771238861 29.912437135976713 0.0 1.6431676725154984 0.6085806194501846 1 0 0 -0.5855929098910003 -0.8106052947553395 1.2512226112219373
cell 34.73282533055622 50.3826188949999 0.0 1.0 1.0 1 0 0 0.0 1.0 0
cell 11.455239419698252 28.015649046239595 0.0 1.6431676725154984 0.6085806194501846 1 0 0 0.21481089784974028 0.976655659976938 0.4329964071731526
cell 26.911714706259403 26.02425181864048 0.0 1.6431676725154984 0.6085806194501846 1 0 0 0.9991531474030266 -0.041145935821485846 3.223907762799543
cell 53.64938397383261 31.32744716900329 0.0 1.6431676725154984 0.6085806194501846 1 0 0 0.4312585175146496 0.9022284029396695 0.891774423382714
cell 28.89113760716385 49.72634548209019 0.0 1.0 1.0 1 0 0 0.0 1.0 0
cell 4.21426687248623 41.07934789504475 0.0 1.0 1.0 1 0 0 0.0 1.0 0
cell 15.494506042714752 53.15028317835959 0.0 1.0 1.0 1 0 0 0.0 1.0 0
cell 30.354336061941634 48.69351543277134 0.0 1.0 1.0 1 0 0 0.0 1.0 0
cell 15.371807818435503 20.054205335874478 0.0 1.0 1.0 1 0 0 0.0 1.0 0
cell 36.514622421225546 37.30552331460983 0.0 1.6431676725154984 0.6085806194501846 1 0 0 0.8694532378155653 -0.49401525001970353 4.17499637036276
cell 36.74015359717577 19.636939752784453 0.0 1.6431676725154984 0.6085806194501846 1 0 0 0.2838693090546105 -0.9588629805018327 5.707531262594835
cell 7.952248139054698 44.33680832070899 0.0 1.0 1.0 1 0 0 0.0 1.0 0
cell 48.869594816516575 39.15054131756795 0.0 1.6431676725154984 0.6085806194501846 1 0 0 -0.902592389015901 -0.4304962012498699 2.2515077413714994
cell 31.746028467598215 16.740188323919224 0.0 1.6431676725154984 0.6085806194501846 1 0 0 0.42399962100344085 -0.9056623661105382 5.407471273348113
cell 37.19308829646184 48.11190802085153 0.0 1.0 1.0 1 0 0 0.0 1.0 0
cell 34.01107740520333 6.094822033049251 0.0 1.0 1.0 1 0 0 0.0 1.0 0
cell 40.280268827525475 19.47139596637776 0.0 1.0 1.0 1 0 0 0.0 1.0 0
cell 53.86585589169747 36.90688068224496 0.0 1.6431676725154984 0.6085806194501846 1 0 0 0.7209305364761089 0.6930073315458284 1.6102882682022934
cell 32.55407461807597 58.69788361505756 0.0 1.0 1.0 1 0 0 0.0 1.0 0
cell 25.443833044556055 5.34375594421695 0.0 1.0 1.0 1 0 0 0.0 1.0 0
cell 15.26159388385775 4.990442385892417 0.0 1.0 1.0 1 0 0 0.0 1.0 0
cell 10.880896930969291 39.21877102161252 0.0 1.0 1.0 1 0 0 0.0 1.0 0
cell 30.60028157515778 12.223057960142093 0.0 1.0 1.0 1 0 0 0.0 1.0 0
cell 0.17004755452082446 29.93673838318141 0.0 1.6431676725154984 0.6085806194501846 1 0 0 0.6370380947737155 0.7708323201624817 1.3812993179988562
cell 8.41818948203757 9.380159224242691 0.0 1.0 1.0 1 0 0 0.0 1.0 0
cell 7.296797532693218 50.31989489860894 0.0 1.0 1.0 1 0 0 0.0 1.0 0
cell 15.472622361880552 48.2624084268096 0.0 1.0 1.0 1 0 0 0.0 1.0 0
cell 42.275139901507735 39.59495479567739 0.0 1.6431676725154984 0.6085806194501846 1 0 0 -0.6736677503838608 -0.7390343443255856 1.4783210558664024
cell 37.52716202803243 5.283989214493781 0.0 1.0 1.0 1 0 0 0.0 1.0 0
cell 9.448485973930243 27.983151559219593 0.0 1.6431676725154984 0.6085806194501846 1 0 0 0.21510276980710863 0.9765914183635396 0.4335941235776618
cell 18.929299181943776 56.53463533470834 0.0 1.6431676725154984 0.6085806194501846 1 0 0 0.9995187280835177 -0.03102115746240026 3.2036449235056454
cell 50.701041308425324 47.6705234996316 0.0 1.0 1.0 1 0 0 0.0 1.0 0
cell 33.155202494427684 13.971732991365307 0.0 1.6431676725154984 0.6085806194501846 1 0 0 0.48636101985380764 -0.8737579518189028 5.267344995279755
cell 42.30794159967097 27.076248272699146 0.0 1.6431676725154984 0.6085806194501846 1 0 0 -0.3043348446230169 -0.9525651171170841 0.6184801463919669
cell 13.523643053028602 47.927596783492845 0.0 1.0 1.0 1 0 0 0.0 1.0 0
