1000
 Lattice="59.08179503018386 0.0 0.0 0.0 59.08179503018386 0.0 0.0 0.0 1.0"Properties=species:S:1:pos:R:3:aspherical_shape:R:3:orientation:R:4:Color:R:1
cell 50.06151607595093 9.149276658029033 0.0 1.6431676725154984 0.6085806194501846 1 0 0 0.9965640619242652 0.08282554244319429 2.9757515852792866
cell 10.77241199085004 16.614720275282664 0.0 1.0 1.0 1 0 0 0.0 1.0 0
cell 56.43523608127058 39.281450339552606 0.0 1.0 1.0 1 0 0 0.0 1.0 0
cell 53.621279275481655 54.847343609545845 0.0 1.0 1.0 1 0 0 0.0 1.0 0
cell 54.98767214845762 40.71003125810075 0.0 1.0 1.0 1 0 0 0.0 1.0 0
cell 25.712647536979723 1.3482361685730848 0.0 1.0 1.0 1 0 0 0.0 1.0 0
cell 52.02347740911586 48.99281150471533 0.0 1.0 1.0 1 0 0 0.0 1.0 0
cell 35.00122202092348 10.509460465001306 0.0 1.0 1.0 1 0 0 0.0 1.0 0
cell 24.511782905169362 7.615594178330506 0.0 1.6431676725154984 0.6085806194501846 1 0 0 0.7559834707213895 -0.6545907057055134 4.568874827749394
cell 31.39883255155342 36.530810410749396 0.0 1.0 1.0 1 0 0 0.0 1.0 0
cell 10.08206795985939 40.77752765374045 0.0 1.0 1.0 1 0 0 0.0 1.0 0
cell 47.94119363073762 41.19349097814998 0.0 1.0 1.0 1 0 0 0.0 1.0 0
cell 15.108857671464964 31.678310699678008 0.0 1.0 1.0 1 0 0 0.0 1.0 0
cell 3.2275724339581364 19.675143696754386 0.0 1.0 1.0 1 0 0 0.0 1.0 0
cell 22.36768575482542 47.75329688240643 0.0 1.0 1.0 1 0 0 0.0 1.0 0
cell 47.33882505386381 18.543533231493612 0.0 1.0 1.0 1 0 0 0.0 1.0 0
cell 46.82568922714026 5.572123871571635 0.0 1.6431676725154984 0.6085806194501846 1 0 0 0.9938809125843373 0.11045692192219038 2.9202271069075376
cell 2.4854960058418003 24.661993540960918 0.0 1.0 1.0 1 0 0 0.0 1.0 0
cell 8.742842889959322 0.5713741345068494 0.0 1.0 1.0 1 0 0 0.0 1.0 0
cell 28.038779950838677 4.286424039893012 0.0 1.0 1.0 1 0 0 0.0 1.0 0
cell 1.3669436744284893 47.54533190434807 0.0 1.0 1.0 1 0 0 0.0 1.0 0
cell 44.62394485913215 28.705201399052626 0.0 1.0 1.0 1 0 0 0.0 1.0 0
cell 51.372798021449796 18.06992447395114 0.0 1.0 1.0 1 0 0 0.0 1.0 0
cell 50.41307706516615 11.658451531091123 0.0 1.6431676725154984 0.6085806194501846 1 0 0 -0.19753010839382976 0.9802968204977113 5.885509819612239
cell 11.753859455125658 33.26194087051483 0.0 1.0 1.0 1 0 0 0.0 1.0 0
cell 3.155518713089593 28.472746710959964 0.0 1.0 1.0 1 0 0 0.0 1.0 0
cell 27.56295241480311 28.886538791450945 0.0 1.0 1.0 1 0 0 0.0 1.0 0
cell 21.731979376107756 33.019874622751594 0.0 1.0 1.0 1 0 0 0.0 1.0 0
cell 37.771511801198855 21.436046892361475 0.0 1.0 1.0 1 0 0 0.0 1.0 0
cell 49.61456287118558 46.27319316582083 0.0 1.0 1.0 1 0 0 0.0 1.0 0
cell 18.61054086090598 18.10722849684944 0.0 1.6431676725154984 0.6085806194501846 1 0 0 0.5957849105586653 0.8031440346230576 1.2764851844633376
cell 29.385739917210365 0.963389238392787 0.0 1.0 1.0 1 0 0 0.0 1.0 0
cell 1.80533838610054 34.086197539015615 0.0 1.6431676725154984 0.6085806194501846 1 0 0 0.35114440156124527 -0.9363213173116347 5.5655991959288835
cell 20.465868871450485 47.84591635321267 0.0 1.0 1.0 1 0 0 0.0 1.0 0
cell 54.75118292189642 17.355047658625796 0.0 1.0 1.0 1 0 0 0.0 1.0 0
cell 17.38821186535467 13.690281896779533 0.0 1.6431676725154984 0.6085806194501846 1 0 0 -0.1450223450547038 0.9894283801442297 5.992114194641376
cell 35.19869084776937 55.458129906062226 0.0 1.0 1.0 1 0 0 0.0 1.0 0
cell 7.381776997169847 36.77429807394502 0.0 1.0 1.0 1 0 0 0.0 1.0 0
cell 33.253905435092136 35.81334766712676 0.0 1.0 1.0 1 0 0 0.0 1.0 0
cell 42.57530500420622 8.10754290559482 0.0 1.6431676725154984 0.6085806194501846 1 0 0 0.9702055642217526 -0.2422832292032418 3.6310296694181856
cell 26.560475349479358 34.83610948945982 0.0 1.0 1.0 1 0 0 0.0 1.0 0
cell 23.66705203904485 12.121619228412888 0.0 1.6431676725154984 0.6085806194501846 1 0 0 0.7071589171236323 -0.7070546414051263 4.712241512249219
cell 3.1310058850256044 11.088264987769556 0.0 1.0 1.0 1 0 0 0.0 1.0 0
cell 22.493095304598338 15.259076685232653 0.0 1.6431676725154984 0.6085806194501846 1 0 0 0.721915920735976 -0.6919807825279023 4.670051139915524
cell 26.87418072670741 32.87660429852294 0.0 1.0 1.0 1 0 0 0.0 1.0 0
cell 43.414543673327984 35.80165634861413 0.0 1.0 1.0 1 0 0 0.0 1.0 0
cell 52.22770343510696 43.4066455837769 0.0 1.0 1.0 1 0 0 0.0 1.0 0
cell 37.90412973456231 8.432552139622164 0.0 1.0 1.0 1 0 0 0.0 1.0 0
cell 54.38476624050652 33.12531457260757 0.0 1.0 1.0 1 0 0 0.0 1.0 0
cell 22.61853680362393 51.92558465577876 0.0 1.0 1.0 1 0 0 0.0 1.0 0
cell 34.92475258535339 12.963399674029507 0.0 1.6431676725154984 0.6085806194501846 1 0 0 0.8916429394519999 0.45273929421400705 2.201922375974779
cell 36.06290229738368 50.9272080737995 0.0 1.0 1.0 1 0 0 0.0 1.0 0
cell 39.95784838610358 19.01215119275155 0.0 1.0 1.0 1 0 0 0.0 1.0 0
cell 25.9434256475868 56.03642762162206 0.0 1.0 1.0 1 0 0 0.0 1.0 0
cell 47.35467798055193 8.99281313155504 0.0 1.6431676725154984 0.6085806194501846 1 0 0 0.9876587682407174 0.15662106345325624 2.8270555338038412
cell 32.93611198901121 5.153828433879779 0.0 1.0 1.0 1 0 0 0.0 1.0 0
cell 34.29509976898199 29.917146875430383 0.0 1.0 1.0 1 0 0 0.0 1.0 0
cell 26.032836000731155 43.70127285236783 0.0 1.0 1.0 1 0 0 0.0 1.0 0
cell 57.3258800714529 2.0723138044912113 0.0 1.0 1.0 1 0 0 0.0 1.0 0
cell 14.165888122991507 53.751927297673326 0.0 1.0 1.0 1 0 0 0.0 1.0 0
cell 18.817827609773214 11.666618540902848 0.0 1.6431676725154984 0.6085806194501846 1 0 0 0.7656093111700281 -0.6433058235783002 4.539209399883525
cell 31.673634792840158 52.49993874286414 0.0 1.0 1.0 1 0 0 0.0 1.0 0
cell 6.368749386108466 52.236455393774975 0.0 1.0 1.0 1 0 0 0.0 1.0 0
cell 3.7646158067474835 7.177956291975131 0.0 1.0 1.0 1 0 0 0.0 1.0 0
cell 5.170643497480557 34.67110716247238 0.0 1.0 1.0 1 0 0 0.0 1.0 0
cell 50.16420282071971 29.897336677558897 0.0 1.0 1.0 1 0 0 0.0 1.0 0
cell 17.64854782764082 9.913312168002308 0.0 1.0 1.0 1 0 0 0.0 1.0 0
cell 7.477890608352719 2.1135893615577523 0.0 1.0 1.0 1 0 0 0.0 1.0 0
cell 11.328721428964293 2.5755423685751215 0.0 1.0 1.0 1 0 0 0.0 1.0 0
cell 19.386005420508237 26.403721815388714 0.0 1.0 1.0 1 0 0 0.0 1.0 0
cell 45.61840498491217 49.730485558163814 0.0 1.0 1.0 1 0 0 0.0 1.0 0
cell 10.259659269075703 18.458397356431945 0.0 1.0 1.0 1 0 0 0.0 1.0 0
cell 20.875790308839584 51.36596609141236 0.0 1.0 1.0 1 0 0 0.0 1.0 0
cell 4.230310130440853 14.42815654300517 0.0 1.0 1.0 1 0 0 0.0 1.0 0
cell 13.619403920344121 39.648829681357995 0.0 1.0 1.0 1 0 0 0.0 1.0 0
cell 11.03991485037615 44.3787696586516 0.0 1.0 1.0 1 0 0 0.0 1.0 0
cell 53.974312147927094 22.419076511616943 0.0 1.0 1.0 1 0 0 0.0 1.0 0
cell 23.185456535401403 34.278961111099036 0.0 1.0 1.0 1 0 0 0.0 1.0 0
cell 56.338329070510525 51.94282533295635 0.0 1.0 1.0 1 0 0 0.0 1.0 0
cell 29.629646981167497 8.823275360627537 0.0 1.0 1.0 1 0 0 0.0 1.0 0
cell 12.919063006882508 34.408502344346495 0.0 1.0 1.0 1 0 0 0.0 1.0 0
cell 12.616346128098613 1.3879989795934302 0.0 1.0 1.0 1 0 0 0.0 1.0 0
cell 4.478464190286889 51.81444526138419 0.0 1.0 1.0 1 0 0 0.0 1.0 0
cell 29.260380569685093 16.648930998900813 0.0 1.6431676725154984 0.6085806194501846 1 0 0 0.9776865772485083 -0.2100689331340947 3.5648835847831863
cell 41.92271056992012 38.96243333577106 0.0 1.0 1.0 1 0 0 0.0 1.0 0
cell 40.56528274763519 53.205097915560096 0.0 1.6431676725154984 0.6085806194501846 1 0 0 0.49407580183119176 -0.8694188300496286 5.249642300547215
cell 37.96374868695828 19.405436574678397 0.0 1.0 1.0 1 0 0 0.0 1.0 0
cell 46.756365073408745 20.43373699289987 0.0 1.0 1.0 1 0 0 0.0 1.0 0
cell 29.156512204317846 49.116032621341695 0.0 1.0 1.0 1 0 0 0.0 1.0 0
cell 48.74900405273077 38.60502047044159 0.0 1.0 1.0 1 0 0 0.0 1.0 0
cell 5.529585855964481 43.279184307812436 0.0 1.0 1.0 1 0 0 0.0 1.0 0
cell 55.570367529438535 55.33468280703725 0.0 1.0 1.0 1 0 0 0.0 1.0 0
cell 29.991695792286244 54.42335555521549 0.0 1.0 1.0 1 0 0 0.0 1.0 0
cell 39.399996397817844 41.78544077869865 0.0 1.0 1.0 1 0 0 0.0 1.0 0
cell 1.1852594716071165 40.420955213751355 0.0 1.0 1.0 1 0 0 0.0 1.0 0
cell 39.82943543591274 13.094342837799385 0.0 1.6431676725154984 0.6085806194501846 1 0 0 0.15613181143433333 -0.9877362286856921 5.969638879401421
cell 34.6368655382855 51.87365625133267 0.0 1.0 1.0 1 0 0 0.0 1.0 0
cell 30.735185875351544 46.19153483109093 0.0 1.0 1.0 1 0 0 0.0 1.0 0
cell 17.484472444392242 45.51791919549714 0.0 1.0 1.0 1 0 0 0.0 1.0 0
cell 38.42703103480504 26.65205046934196 0.0 1.0 1.0 1 0 0 0.0 1.0 0
cell 8.287834716833975 40.47357893568288 0.0 1.0 1.0 1 0 0 0.0 1.0 0
cell 19.35338960112828 44.83982382909091 0.0 1.0 1.0 1 0 0 0.0 1.0 0
cell 36.74374282395094 34.21417881598238 0.0 1.0 1.0 1 0 0 0.0 1.0 0
cell 8.207768235421948 33.41390267800071 0.0 1.0 1.0 1 0 0 0.0 1.0 0
cell 9.311770402738556 44.19399860730759 0.0 1.0 1.0 1 0 0 0.0 1.0 0
cell 45.380160872142774 38.5830636045895 0.0 1.0 1.0 1 0 0 0.0 1.0 0
cell 28.259325766689706 24.964634965843118 0.0 1.0 1.0 1 0 0 0.0 1.0 0
cell 38.3500897837318 37.16088173102103 0.0 1.0 1.0 1 0 0 0.0 1.0 0
cell 57.857447888581476 37.90960996728701 0.0 1.0 1.0 1 0 0 0.0 1.0 0
cell 16.408510646382844 15.262170922335677 0.0 1.6431676725154984 0.6085806194501846 1 0 0 0.2433167096765248 -0.9699468948309437 5.791617571426146
cell 52.842593252639794 14.835659440989954 0.0 1.6431676725154984 0.6085806194501846 1 0 0 0.47586518183803084 0.8795182367149972 0.9918949399001996
cell 6.193253478742495 57.449682599075835 0.0 1.0 1.0 1 0 0 0.0 1.0 0
cell 27.744231598524415 38.0948556373304 0.0 1.0 1.0 1 0 0 0.0 1.0 0
cell 17.20885538663455 28.992045137375786 0.0 1.0 1.0 1 0 0 0.0 1.0 0
cell 21.064786603302572 36.9618664376793 0.0 1.0 1.0 1 0 0 0.0 1.0 0
cell 51.054709536762616 57.28004640808344 0.0 1.6431676725154984 0.6085806194501846 1 0 0 0.8256873378318185 0.5641280175139367 1.9428390465938257
cell 11.123332082866483 25.41127631759307 0.0 1.0 1.0 1 0 0 0.0 1.0 0
cell 50.15498577983901 48.45817962639979 0.0 1.0 1.0 1 0 0 0.0 1.0 0
cell 24.87316080854433 42.67074783367402 0.0 1.0 1.0 1 0 0 0.0 1.0 0
cell 39.051725357374096 50.15892765471232 0.0 1.0 1.0 1 0 0 0.0 1.0 0
cell 26.192586865636237 10.145864355477512 0.0 1.0 1.0 1 0 0 0.0 1.0 0
cell 10.854139079268869 54.77747782457811 0.0 1.0 1.0 1 0 0 0.0 1.0 0
cell 24.08122112700612 46.71590855081138 0.0 1.0 1.0 1 0 0 0.0 1.0 0
cell 1.7021302921381865 42.32623428170675 0.0 1.0 1.0 1 0 0 0.0 1.0 0
cell 4.947885728225531 20.092736661296605 0.0 1.0 1.0 1 0 0 0.0 1.0 0
cell 37.10780640459895 32.2689122110331 0.0 1.0 1.0 1 0 0 0.0 1.0 0
cell 30.918370946621014 3.7735619624435413 0.0 1.0 1.0 1 0 0 0.0 1.0 0
cell 44.38065490068648 9.73195923809831 0.0 1.6431676725154984 0.6085806194501846 1 0 0 0.9957986364710344 -0.09157005843849177 3.3249896816721884
cell 6.788153652595271 0.24026254870937966 0.0 1.0 1.0 1 0 0 0.0 1.0 0
cell 8.01731997525728 22.905732007541275 0.0 1.0 1.0 1 0 0 0.0 1.0 0
cell 1.2978058141876483 27.781831214384653 0.0 1.0 1.0 1 0 0 0.0 1.0 0
cell 29.140061511425696 2.89898925292424 0.0 1.0 1.0 1 0 0 0.0 1.0 0
cell 19.886448784889428 6.701254032138092 0.0 1.0 1.0 1 0 0 0.0 1.0 0
cell 1.864739728493185 7.718464860155267 0.0 1.0 1.0 1 0 0 0.0 1.0 0
cell 23.839687491204625 30.298802831044863 0.0 1.0 1.0 1 0 0 0.0 1.0 0
cell 56.93248727202287 28.519653165784504 0.0 1.0 1.0 1 0 0 0.0 1.0 0
cell 25.099261915897685 22.129366533065234 0.0 1.0 1.0 1 0 0 0.0 1.0 0
cell 41.10645814593179 41.88208398167319 0.0 1.0 1.0 1 0 0 0.0 1.0 0
cell 35.574362533979524 2.74154106368716 0.0 1.0 1.0 1 0 0 0.0 1.0 0
cell 17.89950212440751 25.045835623185784 0.0 1.0 1.0 1 0 0 0.0 1.0 0
cell 27.015734347123516 21.822945661563477 0.0 1.0 1.0 1 0 0 0.0 1.0 0
cell 53.39036977126736 47.55991747233761 0.0 1.0 1.0 1 0 0 0.0 1.0 0
cell 23.49189745393223 8.887674717386894 0.0 1.6431676725154984 0.6085806194501846 1 0 0 0.682344115042142 -0.7310311270167339 4.781256421361069
cell 33.09611603774217 9.997066228565346 0.0 1.0 1.0 1 0 0 0.0 1.0 0
cell 28.697870154444985 13.017561742039522 0.0 1.0 1.0 1 0 0 0.0 1.0 0
cell 11.742315249351226 51.47143831772126 0.0 1.0 1.0 1 0 0 0.0 1.0 0
cell 12.898895836452313 48.6328811949465 0.0 1.0 1.0 1 0 0 0.0 1.0 0
cell 28.98749451222467 43.25607998474022 0.0 1.0 1.0 1 0 0 0.0 1.0 0
cell 13.11944602617687 3.3873914218846544 0.0 1.0 1.0 1 0 0 0.0 1.0 0
cell 27.714450622032984 56.92694834764801 0.0 1.0 1.0 1 0 0 0.0 1.0 0
cell 35.93602122883057 20.114017977335102 0.0 1.6431676725154984 0.6085806194501846 1 0 0 0.43132844869656256 0.9021949730213624 0.8919294450540347
cell 15.630708008913592 51.43344926811596 0.0 1.0 1.0 1 0 0 0.0 1.0 0
cell 9.768449682096493 6.059000501227907 0.0 1.0 1.0 1 0 0 0.0 1.0 0
cell 44.27317167898422 2.978224232055692 0.0 1.0 1.0 1 0 0 0.0 1.0 0
cell 32.42050732720972 1.312596535304874 0.0 1.0 1.0 1 0 0 0.0 1.0 0
cell 56.92636047479235 41.277745571813306 0.0 1.0 1.0 1 0 0 0.0 1.0 0
cell 28.53300975216932 10.443632900858491 0.0 1.0 1.0 1 0 0 0.0 1.0 0
cell 54.94661585525485 12.129565593427241 0.0 1.0 1.0 1 0 0 0.0 1.0 0
cell 47.599594417010984 14.557092794358276 0.0 1.0 1.0 1 0 0 0.0 1.0 0
cell 29.60562143393546 37.30633552324953 0.0 1.0 1.0 1 0 0 0.0 1.0 0
cell 6.139148277368501 23.72682680386439 0.0 1.0 1.0 1 0 0 0.0 1.0 0
cell 10.282853525467115 52.926310599743545 0.0 1.0 1.0 1 0 0 0.0 1.0 0
cell 41.57507846427309 14.08337810757332 0.0 1.0 1.0 1 0 0 0.0 1.0 0
cell 23.594079386695586 6.103431851182652 0.0 1.6431676725154984 0.6085806194501846 1 0 0 0.5534719090300527 -0.8328678442073683 5.110131084745859
cell 20.005058375956043 14.326743660386581 0.0 1.6431676725154984 0.6085806194501846 1 0 0 0.7517061954367562 -0.6594981393013912 4.581894526366052
cell 24.521252775337732 26.32510584869962 0.0 1.0 1.0 1 0 0 0.0 1.0 0
cell 15.3995951962409 29.67230154010985 0.0 1.0 1.0 1 0 0 0.0 1.0 0
cell 28.576288281489845 22.993170338008667 0.0 1.0 1.0 1 0 0 0.0 1.0 0
cell 55.121562655628324 19.319789262497913 0.0 1.0 1.0 1 0 0 0.0 1.0 0
cell 8.26353228885866 27.97904479448924 0.0 1.0 1.0 1 0 0 0.0 1.0 0
cell 28.166749830537764 53.685576827812675 0.0 1.0 1.0 1 0 0 0.0 1.0 0
cell 31.72147198769881 34.58119539842993 0.0 1.0 1.0 1 0 0 0.0 1.0 0
cell 20.871178627666346 27.672871475516526 0.0 1.0 1.0 1 0 0 0.0 1.0 0
cell 55.29893937552517 1.643807021470976 0.0 1.0 1.0 1 0 0 0.0 1.0 0
cell 26.69317676182724 23.7013084011847 0.0 1.0 1.0 1 0 0 0.0 1.0 0
cell 51.71277707090168 28.671853472443424 0.0 1.0 1.0 1 0 0 0.0 1.0 0
cell 11.413454598705256 14.752929758651451 0.0 1.0 1.0 1 0 0 0.0 1.0 0
cell 1.2633295423182105 31.449392707554047 0.0 1.0 1.0 1 0 0 0.0 1.0 0
cell 27.169876843232295 19.962502141732227 0.0 1.0 1.0 1 0 0 0.0 1.0 0
cell 5.812646364693549 50.375742086198926 0.0 1.0 1.0 1 0 0 0.0 1.0 0
cell 13.706740335499472 46.77172645096259 0.0 1.0 1.0 1 0 0 0.0 1.0 0
cell 15.162747351297096 57.42380998699192 0.0 1.0 1.0 1 0 0 0.0 1.0 0
cell 28.397613371111674 54.997602440789244 0.0 1.6431676725154984 0.6085806194501846 1 0 0 0.9741947776113333 -0.22570896144106622 3.5969340853092033
cell 11.500679434161272 23.411178804459567 0.0 1.0 1.0 1 0 0 0.0 1.0 0
cell 5.490892331929038 1.7864879338230286 0.0 1.0 1.0 1 0 0 0.0 1.0 0
cell 30.5211053182858 56.797679162522215 0.0 1.6431676725154984 0.6085806194501846 1 0 0 0.8829196130251545 -0.46952418141722085 4.1190962251670085
cell 12.0666820816787 30.951580878914626 0.0 1.0 1.0 1 0 0 0.0 1.0 0
cell 57.519013823251875 55.835483827084914 0.0 1.0 1.0 1 0 0 0.0 1.0 0
cell 29.80263208836975 15.639524554556429 0.0 1.6431676725154984 0.6085806194501846 1 0 0 0.9861218459435428 -0.16602320606740412 3.475183707602284
cell 5.559917381980674 16.092368426989015 0.0 1.0 1.0 1 0 0 0.0 1.0 0
cell 26.06222861470192 27.656563512872594 0.0 1.0 1.0 1 0 0 0.0 1.0 0
cell 21.80803218278134 1.2922872138312684 0.0 1.0 1.0 1 0 0 0.0 1.0 0
cell 24.763445700519853 20.43015567633709 0.0 1.6431676725154984 0.6085806194501846 1 0 0 0.25877870778418643 -0.9659366337382317 5.759670051643742
cell 21.41925451743165 55.23460025624842 0.0 1.0 1.0 1 0 0 0.0 1.0 0
cell 42.99470874471207 21.574402746568186 0.0 1.0 1.0 1 0 0 0.0 1.0 0
cell 21.172382011428873 53.29728603218173 0.0 1.0 1.0 1 0 0 0.0 1.0 0
cell 14.956577271372174 22.32354565463628 0.0 1.6431676725154984 0.6085806194501846 1 0 0 0.48505916684811395 0.8744813346530694 1.0128616515410798
cell 40.911407121958476 50.822645634734656 0.0 1.0 1.0 1 0 0 0.0 1.0 0
cell 30.565308487720888 31.384144251547454 0.0 1.0 1.0 1 0 0 0.0 1.0 0
cell 44.8038853389545 55.51834600066981 0.0 1.0 1.0 1 0 0 0.0 1.0 0
cell 50.08684821735893 33.57162514010087 0.0 1.0 1.0 1 0 0 0.0 1.0 0
cell 58.27392512866372 14.085525228793516 0.0 1.0 1.0 1 0 0 0.0 1.0 0
cell 18.54308437621018 15.075780906804125 0.0 1.0 1.0 1 0 0 0.0 1.0 0
cell 46.825634185860956 35.632539876808806 0.0 1.0 1.0 1 0 0 0.0 1.0 0
cell 15.120323684469515 3.6463532797132623 0.0 1.0 1.0 1 0 0 0.0 1.0 0
cell 30.53699256525392 19.93669426323205 0.0 1.0 1.0 1 0 0 0.0 1.0 0
cell 22.027883803749525 30.994235470890644 0.0 1.0 1.0 1 0 0 0.0 1.0 0
cell 34.208089148396695 48.09415159618587 0.0 1.0 1.0 1 0 0 0.0 1.0 0
cell 50.91860403926613 16.446066997614412 0.0 1.0 1.0 1 0 0 0.0 1.0 0
cell 9.81469377988526 13.249658480828217 0.0 1.0 1.0 1 0 0 0.0 1.0 0
cell 39.60975414264269 29.95127021903577 0.0 1.0 1.0 1 0 0 0.0 1.0 0
cell 58.481863968320155 16.07952070115007 0.0 1.0 1.0 1 0 0 0.0 1.0 0
cell 7.762336707773294 50.79463789616285 0.0 1.0 1.0 1 0 0 0.0 1.0 0
cell 4.371115046533946 31.489634319365102 0.0 1.6431676725154984 0.6085806194501846 1 0 0 0.4581267300892735 -0.8888868877296536 5.331412071552469
cell 5.348527193226479 8.458131824512035 0.0 1.0 1.0 1 0 0 0.0 1.0 0
cell 27.440682870091624 44.4975109458268 0.0 1.0 1.0 1 0 0 0.0 1.0 0
cell 40.00644282272825 34.06930544597233 0.0 1.0 1.0 1 0 0 0.0 1.0 0
cell 45.373759992284064 19.060103671221867 0.0 1.0 1.0 1 0 0 0.0 1.0 0
cell 19.04816300933227 3.603153238056719 0.0 1.0 1.0 1 0 0 0.0 1.0 0
cell 33.50112405337164 33.83883898908213 0.0 1.0 1.0 1 0 0 0.0 1.0 0
cell 0.8043018886431228 4.440181731483705 0.0 1.0 1.0 1 0 0 0.0 1.0 0
cell 30.415062079795092 22.263319413349347 0.0 1.0 1.0 1 0 0 0.0 1.0 0
cell 23.3934263401615 23.056527511983482 0.0 1.0 1.0 1 0 0 0.0 1.0 0
cell 57.90584226055719 17.27739022296525 0.0 1.6431676725154984 0.6085806194501846 1 0 0 0.1420987972757115 0.9898524798235322 0.2851628137980507
cell 16.567545810045832 32.986112466376575 0.0 1.0 1.0 1 0 0 0.0 1.0 0
cell 36.8050676537164 56.3333889467859 0.0 1.0 1.0 1 0 0 0.0 1.0 0
cell 32.537830066712644 43.40854002602638 0.0 1.0 1.0 1 0 0 0.0 1.0 0
cell 32.14839832193695 21.388211364355893 0.0 1.0 1.0 1 0 0 0.0 1.0 0
cell 0.8174444566616165 15.251142544946982 0.0 1.0 1.0 1 0 0 0.0 1.0 0
cell 10.410708922375257 30.15316619026332 0.0 1.0 1.0 1 0 0 0.0 1.0 0
cell 55.148489256556694 10.137173224062503 0.0 1.0 1.0 1 0 0 0.0 1.0 0
cell 25.382543060436127 31.58530491913569 0.0 1.0 1.0 1 0 0 0.0 1.0 0
cell 4.55768521634296 39.605565753311446 0.0 1.0 1.0 1 0 0 0.0 1.0 0
cell 15.126053222351947 40.943066670199286 0.0 1.0 1.0 1 0 0 0.0 1.0 0
cell 21.860741527091506 6.640586589285428 0.0 1.0 1.0 1 0 0 0.0 1.0 0
cell 21.366732297244333 34.94167838445429 0.0 1.0 1.0 1 0 0 0.0 1.0 0
cell 30.83058739594234 48.06643506098854 0.0 1.0 1.0 1 0 0 0.0 1.0 0
cell 4.913832086009738 5.041320286834536 0.0 1.6431676725154984 0.6085806194501846 1 0 0 0.03739563592038669 0.9993005385839187 0.07480871459072058
cell 32.47094962022809 47.108628531509844 0.0 1.0 1.0 1 0 0 0.0 1.0 0
cell 4.553742013575975 29.47190608066206 0.0 1.0 1.0 1 0 0 0.0 1.0 0
cell 56.47029157404927 5.488534197884637 0.0 1.0 1.0 1 0 0 0.0 1.0 0
cell 34.2562634876832 42.566905968678014 0.0 1.0 1.0 1 0 0 0.0 1.0 0
cell 5.26613053713912 48.49952874010406 0.0 1.0 1.0 1 0 0 0.0 1.0 0
cell 14.407986500900254 1.8337657437199766 0.0 1.0 1.0 1 0 0 0.0 1.0 0
cell 33.40506995805745 54.63871914564364 0.0 1.0 1.0 1 0 0 0.0 1.0 0
cell 25.93899276999343 51.46319749961054 0.0 1.0 1.0 1 0 0 0.0 1.0 0
cell 24.582353221726006 10.452963944758766 0.0 1.6431676725154984 0.6085806194501846 1 0 0 0.7387747709434767 -0.6739524002608891 4.620684173978486
cell 6.073188294384092 45.15275420689214 0.0 1.0 1.0 1 0 0 0.0 1.0 0
cell 58.17792727926117 25.40806064841563 0.0 1.0 1.0 1 0 0 0.0 1.0 0
cell 35.359207441906335 24.023697972417686 0.0 1.0 1.0 1 0 0 0.0 1.0 0
cell 47.06656919874429 46.22659464833129 0.0 1.0 1.0 1 0 0 0.0 1.0 0
cell 18.045739051252728 2.135499696511541 0.0 1.0 1.0 1 0 0 0.0 1.0 0
cell 12.036638146100048 28.959705303287677 0.0 1.0 1.0 1 0 0 0.0 1.0 0
cell 15.113234148745049 6.869073339258444 0.0 1.0 1.0 1 0 0 0.0 1.0 0
cell 0.22544965821215565 2.539111406327979 0.0 1.0 1.0 1 0 0 0.0 1.0 0
cell 11.513722819777813 20.242785756854314 0.0 1.6431676725154984 0.6085806194501846 1 0 0 0.7364135500335188 -0.6765316572984815 4.62767786928549
cell 54.758373274036536 26.09594554011907 0.0 1.0 1.0 1 0 0 0.0 1.0 0
cell 21.66984682051752 4.321954227051371 0.0 1.6431676725154984 0.6085806194501846 1 0 0 0.5696996000892457 -0.8218530073304797 5.070904720155701
cell 30.862174395396227 51.29998927078325 0.0 1.0 1.0 1 0 0 0.0 1.0 0
cell 19.148678982605006 0.48919150283905155 0.0 1.0 1.0 1 0 0 0.0 1.0 0
cell 24.70984478778988 35.584007794809736 0.0 1.0 1.0 1 0 0 0.0 1.0 0
cell 39.55450205346302 52.08776769828008 0.0 1.0 1.0 1 0 0 0.0 1.0 0
cell 32.4376608529274 19.416294576148573 0.0 1.0 1.0 1 0 0 0.0 1.0 0
cell 39.54207355670756 45.44935051374685 0.0 1.0 1.0 1 0 0 0.0 1.0 0
cell 49.29340160026329 58.29514162379064 0.0 1.0 1.0 1 0 0 0.0 1.0 0
cell 35.098007235578976 53.762386167446934 0.0 1.0 1.0 1 0 0 0.0 1.0 0
cell 2.0311383182907483 35.582954476471144 0.0 1.0 1.0 1 0 0 0.0 1.0 0
cell 27.920569004889053 58.67476448442246 0.0 1.0 1.0 1 0 0 0.0 1.0 0
cell 43.14795008269145 31.81924060446002 0.0 1.0 1.0 1 0 0 0.0 1.0 0
cell 14.342423301348827 26.21775917282722 0.0 1.0 1.0 1 0 0 0.0 1.0 0
cell 33.378313865893524 52.931013750397966 0.0 1.0 1.0 1 0 0 0.0 1.0 0
cell 48.452046328033575 20.19179164796067 0.0 1.0 1.0 1 0 0 0.0 1.0 0
cell 18.04012201523909 34.35950377171608 0.0 1.0 1.0 1 0 0 0.0 1.0 0
cell 54.96114179795397 53.39616777478356 0.0 1.0 1.0 1 0 0 0.0 1.0 0
cell 19.004217349995592 50.768002142502745 0.0 1.0 1.0 1 0 0 0.0 1.0 0
cell 51.783341867643564 34.314746114185425 0.0 1.0 1.0 1 0 0 0.0 1.0 0
cell 33.74101995758589 11.94989739345564 0.0 1.0 1.0 1 0 0 0.0 1.0 0
cell 18.408991417856697 41.57287097081405 0.0 1.0 1.0 1 0 0 0.0 1.0 0
cell 2.929220511833155 17.894835563631506 0.0 1.0 1.0 1 0 0 0.0 1.0 0
cell 50.50656999771527 31.848333970543962 0.0 1.0 1.0 1 0 0 0.0 1.0 0
cell 15.38503609886844 12.910244166217428 0.0 1.0 1.0 1 0 0 0.0 1.0 0
cell 43.518529831239064 4.818047763331157 0.0 1.0 1.0 1 0 0 0.0 1.0 0
cell 54.811320872967094 36.39044408492241 0.0 1.0 1.0 1 0 0 0.0 1.0 0
cell 46.38654288230922 27.863773861584818 0.0 1.0 1.0 1 0 0 0.0 1.0 0
cell 21.46394456392782 11.41161402782794 0.0 1.6431676725154984 0.6085806194501846 1 0 0 0.5524256390874135 0.8335621832106245 1.1705428183232731
cell 14.754226371435914 33.66795166170988 0.0 1.0 1.0 1 0 0 0.0 1.0 0
cell 52.64512352435184 56.71776056417391 0.0 1.6431676725154984 0.6085806194501846 1 0 0 0.7611296669409721 -0.648599745684752 4.553079225611722
cell 11.1553039905021 49.66336705244806 0.0 1.0 1.0 1 0 0 0.0 1.0 0
cell 58.99134490712009 30.74203058833112 0.0 1.0 1.0 1 0 0 0.0 1.0 0
cell 4.149867286838506 23.36993570554073 0.0 1.0 1.0 1 0 0 0.0 1.0 0
cell 44.949855843451935 32.729285656089615 0.0 1.0 1.0 1 0 0 0.0 1.0 0
cell 55.4153515675979 14.192823782416228 0.0 1.0 1.0 1 0 0 0.0 1.0 0
cell 5.015657706474421 10.484501838116035 0.0 1.0 1.0 1 0 0 0.0 1.0 0
cell 34.234348128111655 44.42151394849924 0.0 1.0 1.0 1 0 0 0.0 1.0 0
cell 3.576818013297522 42.8301618549629 0.0 1.0 1.0 1 0 0 0.0 1.0 0
cell 41.822864275464 27.35382369385727 0.0 1.0 1.0 1 0 0 0.0 1.0 0
cell 3.728877100190085 36.037838576600095 0.0 1.0 1.0 1 0 0 0.0 1.0 0
cell 21.224171483852306 44.1604782575829 0.0 1.0 1.0 1 0 0 0.0 1.0 0
cell 19.80242472486497 20.41254819084483 0.0 1.6431676725154984 0.6085806194501846 1 0 0 0.7213985878999984 0.6925200916766879 1.6116395266421917
cell 13.310900922523741 41.62644900088253 0.0 1.0 1.0 1 0 0 0.0 1.0 0
cell 38.46477599610264 33.21544340068471 0.0 1.0 1.0 1 0 0 0.0 1.0 0
cell 4.145322605632329 37.785852403403084 0.0 1.0 1.0 1 0 0 0.0 1.0 0
cell 37.75495245266802 42.739433710538506 0.0 1.0 1.0 1 0 0 0.0 1.0 0
cell 51.74589775155736 19.933860707163475 0.0 1.0 1.0 1 0 0 0.0 1.0 0
cell 40.22644533351107 40.05210319755236 0.0 1.0 1.0 1 0 0 0.0 1.0 0
cell 5.004710616396144 53.683594179939 0.0 1.0 1.0 1 0 0 0.0 1.0 0
cell 58.83286764128755 41.804531725892865 0.0 1.0 1.0 1 0 0 0.0 1.0 0
cell 53.793495463727886 13.763217136399858 0.0 1.0 1.0 1 0 0 0.0 1.0 0
cell 35.024504507536065 57.23528211232949 0.0 1.0 1.0 1 0 0 0.0 1.0 0
cell 35.026832405860574 25.989970986530352 0.0 1.0 1.0 1 0 0 0.0 1.0 0
cell 2.444952073321276 32.48623993347298 0.0 1.6431676725154984 0.6085806194501846 1 0 0 0.3342506066210651 -0.9424842343368137 5.601565322702158
cell 41.543411209437856 20.2492664421925 0.0 1.0 1.0 1 0 0 0.0 1.0 0
cell 24.30887970329034 44.71790261624618 0.0 1.0 1.0 1 0 0 0.0 1.0 0
cell 7.463594911078378 43.73663811680626 0.0 1.0 1.0 1 0 0 0.0 1.0 0
cell 0.18945508670823774 32.89233146359906 0.0 1.6431676725154984 0.6085806194501846 1 0 0 0.20590672061435142 -0.9785716235441551 5.8684049217566905
cell 36.32717053527314 7.1416419750606295 0.0 1.0 1.0 1 0 0 0.0 1.0 0
cell 30.988580838364225 49.81383082380204 0.0 1.0 1.0 1 0 0 0.0 1.0 0
cell 2.841901494022234 26.532069323535108 0.0 1.0 1.0 1 0 0 0.0 1.0 0
cell 35.30128207663974 33.06047298938826 0.0 1.0 1.0 1 0 0 0.0 1.0 0
cell 18.31736909053431 5.460824903287253 0.0 1.0 1.0 1 0 0 0.0 1.0 0
cell 33.848227822025116 22.674789024893798 0.0 1.0 1.0 1 0 0 0.0 1.0 0
cell 36.014659090420686 45.42405554691904 0.0 1.0 1.0 1 0 0 0.0 1.0 0
cell 9.874980089794327 33.584286151926655 0.0 1.0 1.0 1 0 0 0.0 1.0 0
cell 57.734150036187536 50.46922946784977 0.0 1.0 1.0 1 0 0 0.0 1.0 0
cell 37.17389030714795 10.565743825832074 0.0 1.6431676725154984 0.6085806194501846 1 0 0 0.9518747785733503 0.3064872035109056 2.518591791209145
cell 52.88028587154853 45.64267339793486 0.0 1.0 1.0 1 0 0 0.0 1.0 0
cell 23.734584993806752 16.96931319037783 0.0 1.6431676725154984 0.6085806194501846 1 0 0 0.6989504140693408 0.7151701326763422 1.5478576778540014
cell 20.208556402533485 31.64052005386361 0.0 1.0 1.0 1 0 0 0.0 1.0 0
cell 47.49389249248937 10.237752049424557 0.0 1.6431676725154984 0.6085806194501846 1 0 0 0.9987880547504093 0.0492181032537153 3.0431166613634946
cell 52.98331713086696 11.984771761222747 0.0 1.0 1.0 1 0 0 0.0 1.0 0
cell 12.61845038576922 36.31794193113349 0.0 1.0 1.0 1 0 0 0.0 1.0 0
cell 32.71242334524292 58.822647659407416 0.0 1.6431676725154984 0.6085806194501846 1 0 0 0.9314008337900701 -0.36399517416466154 3.886700138538934
cell 27.261642617508098 11.784896595708188 0.0 1.0 1.0 1 0 0 0.0 1.0 0
cell 9.221346718390034 7.940260604468027 0.0 1.0 1.0 1 0 0 0.0 1.0 0
cell 32.61201087177054 41.510307663439214 0.0 1.0 1.0 1 0 0 0.0 1.0 0
cell 34.41898968231198 40.68727124852257 0.0 1.0 1.0 1 0 0 0.0 1.0 0
cell 37.74911703651333 44.56616194986928 0.0 1.0 1.0 1 0 0 0.0 1.0 0
cell 26.443569066549365 0.06666271444782468 0.0 1.0 1.0 1 0 0 0.0 1.0 0
cell 41.61916846842042 4.43396685111542 0.0 1.0 1.0 1 0 0 0.0 1.0 0
cell 32.748014407179234 13.725770884724774 0.0 1.0 1.0 1 0 0 0.0 1.0 0
cell 14.720838195626898 42.88587988107134 0.0 1.0 1.0 1 0 0 0.0 1.0 0
cell 22.131417488962583 8.503035305788298 0.0 1.0 1.0 1 0 0 0.0 1.0 0
cell 42.33204211369147 49.474892023732046 0.0 1.0 1.0 1 0 0 0.0 1.0 0
cell 0.39057667736923146 36.66172055304978 0.0 1.0 1.0 1 0 0 0.0 1.0 0
cell 30.876564068531714 2.061965186404998 0.0 1.0 1.0 1 0 0 0.0 1.0 0
cell 47.355058405061484 58.75965745302183 0.0 1.0 1.0 1 0 0 0.0 1.0 0
cell 38.37970344053156 57.08818498705656 0.0 1.0 1.0 1 0 0 0.0 1.0 0
cell 43.10545722195032 44.77169524937472 0.0 1.0 1.0 1 0 0 0.0 1.0 0
cell 55.89590410020528 23.00502207359507 0.0 1.0 1.0 1 0 0 0.0 1.0 0
cell 26.37242510739247 4.750551713824084 0.0 1.0 1.0 1 0 0 0.0 1.0 0
cell 32.72917329797039 39.647883806469224 0.0 1.0 1.0 1 0 0 0.0 1.0 0
cell 38.57594243056105 14.581635083668006 0.0 1.6431676725154984 0.6085806194501846 1 0 0 0.9985716566752383 -0.05342889185515594 3.2485013429195937
cell 45.995320812012054 24.262658027901463 0.0 1.0 1.0 1 0 0 0.0 1.0 0
cell 11.935450188561523 5.634511725396734 0.0 1.0 1.0 1 0 0 0.0 1.0 0
cell 13.015558421319316 20.59280344271727 0.0 1.6431676725154984 0.6085806194501846 1 0 0 0.4823809189503256 0.8759615568234941 1.0067414957316307
cell 6.026583772046961 31.624039684187057 0.0 1.6431676725154984 0.6085806194501846 1 0 0 -0.5632147424864493 -0.8263105674296576 1.196542284738137
cell 27.958042334384785 18.421297347432574 0.0 1.6431676725154984 0.6085806194501846 1 0 0 0.9244050522480773 -0.3814122433512452 3.924239749702706
cell 48.178641579061996 3.2529231494181934 0.0 1.0 1.0 1 0 0 0.0 1.0 0
cell 7.397893702150532 26.660331653551964 0.0 1.0 1.0 1 0 0 0.0 1.0 0
cell 26.129712917802777 57.64958653980278 0.0 1.0 1.0 1 0 0 0.0 1.0 0
cell 40.29767435727083 26.051509892589063 0.0 1.0 1.0 1 0 0 0.0 1.0 0
cell 51.618132003566885 3.6946901457536385 0.0 1.6431676725154984 0.6085806194501846 1 0 0 0.9908780074874547 0.1347619170154966 2.8712462860515533
cell 6.57407126152974 29.736701941944393 0.0 1.0 1.0 1 0 0 0.0 1.0 0
cell 1.5791995316411314 1.0496474035099859 0.0 1.0 1.0 1 0 0 0.0 1.0 0
cell 15.73045971908897 10.21362420550245 0.0 1.0 1.0 1 0 0 0.0 1.0 0
cell 25.36556554411533 6.133835342546387 0.0 1.0 1.0 1 0 0 0.0 1.0 0
cell 45.652290059610635 51.7354265319121 0.0 1.0 1.0 1 0 0 0.0 1.0 0
cell 24.198168185273918 28.335973791792238 0.0 1.0 1.0 1 0 0 0.0 1.0 0
cell 13.360651353170889 22.892515378275814 0.0 1.0 1.0 1 0 0 0.0 1.0 0
cell 9.100229365646275 31.649163809843007 0.0 1.0 1.0 1 0 0 0.0 1.0 0
cell 6.436686639659501 40.07639556480872 0.0 1.0 1.0 1 0 0 0.0 1.0 0
cell 47.90237251280295 56.90573573312866 0.0 1.0 1.0 1 0 0 0.0 1.0 0
cell 14.143366558405436 37.62340762032861 0.0 1.0 1.0 1 0 0 0.0 1.0 0
cell 1.2701078319704004 11.584612208520285 0.0 1.0 1.0 1 0 0 0.0 1.0 0
cell 52.06499493850494 30.606023055347528 0.0 1.0 1.0 1 0 0 0.0 1.0 0
cell 43.31186982501295 54.49806740306283 0.0 1.0 1.0 1 0 0 0.0 1.0 0
cell 49.74642697719281 53.7405048036387 0.0 1.0 1.0 1 0 0 0.0 1.0 0
cell 20.647493760302428 38.904207340435384 0.0 1.0 1.0 1 0 0 0.0 1.0 0
cell 19.880016471244506 33.67161024558284 0.0 1.0 1.0 1 0 0 0.0 1.0 0
cell 54.43981603684982 51.48625419113447 0.0 1.0 1.0 1 0 0 0.0 1.0 0
cell 37.75857344765987 48.19885385184998 0.0 1.0 1.0 1 0 0 0.0 1.0 0
cell 58.51195738648714 27.2332332752092 0.0 1.0 1.0 1 0 0 0.0 1.0 0
cell 44.95127980819479 21.020367685017803 0.0 1.0 1.0 1 0 0 0.0 1.0 0
cell 52.048685911970246 36.30081565804217 0.0 1.0 1.0 1 0 0 0.0 1.0 0
cell 10.94926532117591 27.25782644479558 0.0 1.0 1.0 1 0 0 0.0 1.0 0
cell 34.866190300874194 16.62069882780218 0.0 1.6431676725154984 0.6085806194501846 1 0 0 0.7123441231185116 0.7018303571793676 1.5856651741457615
cell 21.91111428871804 57.17579935057423 0.0 1.0 1.0 1 0 0 0.0 1.0 0
cell 3.298124155421232 48.02437189681132 0.0 1.0 1.0 1 0 0 0.0 1.0 0
cell 29.079343385793635 41.2821902959565 0.0 1.0 1.0 1 0 0 0.0 1.0 0
cell 4.851678106318671 58.984637278731604 0.0 1.0 1.0 1 0 0 0.0 1.0 0
cell 13.580203029846194 11.786968125154683 0.0 1.6431676725154984 0.6085806194501846 1 0 0 0.9986801732682615 0.05136060280872114 3.0388262327032254
cell 49.86365585210851 27.940074602485794 0.0 1.0 1.0 1 0 0 0.0 1.0 0
cell 25.891124738568138 38.8867044320444 0.0 1.0 1.0 1 0 0 0.0 1.0 0
cell 49.61832883375254 5.40690773069624 0.0 1.6431676725154984 0.6085806194501846 1 0 0 0.6697992774664677 0.7425422061441341 1.4678768729452272
cell 14.79247542543437 24.271882757597535 0.0 1.0 1.0 1 0 0 0.0 1.0 0
cell 48.56544993706913 36.59557768332279 0.0 1.0 1.0 1 0 0 0.0 1.0 0
cell 43.24954564119828 33.79853767311404 0.0 1.0 1.0 1 0 0 0.0 1.0 0
cell 18.727757819923742 30.355466553567663 0.0 1.0 1.0 1 0 0 0.0 1.0 0
cell 2.252717799802833 37.35051208681218 0.0 1.0 1.0 1 0 0 0.0 1.0 0
cell 5.969856176706916 25.73374646542207 0.0 1.0 1.0 1 0 0 0.0 1.0 0
cell 46.416592088456255 44.36868191455101 0.0 1.0 1.0 1 0 0 0.0 1.0 0
cell 18.393544991878144 32.35071978972954 0.0 1.0 1.0 1 0 0 0.0 1.0 0
cell 39.540518580359254 47.352702615367846 0.0 1.0 1.0 1 0 0 0.0 1.0 0
cell 17.153678134588898 19.004033376742623 0.0 1.0 1.0 1 0 0 0.0 1.0 0
cell 4.250940954537624 57.06512091745194 0.0 1.0 1.0 1 0 0 0.0 1.0 0
cell 0.9927395505943432 58.195405467995705 0.0 1.0 1.0 1 0 0 0.0 1.0 0
cell 43.57215040321663 37.818090873070055 0.0 1.0 1.0 1 0 0 0.0 1.0 0
cell 32.96791059258607 37.74722080829142 0.0 1.0 1.0 1 0 0 0.0 1.0 0
cell 7.881900483084528 20.94105089433423 0.0 1.0 1.0 1 0 0 0.0 1.0 0
cell 48.79751958692792 42.89465672852146 0.0 1.0 1.0 1 0 0 0.0 1.0 0
cell 1.712378365707859 54.76035473790559 0.0 1.0 1.0 1 0 0 0.0 1.0 0
cell 55.560983856442746 42.70610361148802 0.0 1.0 1.0 1 0 0 0.0 1.0 0
cell 51.29447049045269 26.760054103091008 0.0 1.0 1.0 1 0 0 0.0 1.0 0
cell 41.368828969732895 30.9152911161581 0.0 1.0 1.0 1 0 0 0.0 1.0 0
cell 31.63688159755932 55.53543434630275 0.0 1.0 1.0 1 0 0 0.0 1.0 0
cell 8.912650761593353 42.36512406943125 0.0 1.0 1.0 1 0 0 0.0 1.0 0
cell 32.43450927259733 16.260301564521864 0.0 1.6431676725154984 0.6085806194501846 1 0 0 0.9417299479669581 0.336369893275469 2.455473635444924
cell 37.76236545743671 46.368434045904884 0.0 1.0 1.0 1 0 0 0.0 1.0 0
cell 2.963375072134268 30.620694874786306 0.0 1.0 1.0 1 0 0 0.0 1.0 0
cell 55.43908493622412 29.862390724801894 0.0 1.0 1.0 1 0 0 0.0 1.0 0
cell 47.11451192972617 48.908719769873905 0.0 1.0 1.0 1 0 0 0.0 1.0 0
cell 58.79982911864969 10.203074946717258 0.0 1.0 1.0 1 0 0 0.0 1.0 0
cell 0.9869291825453598 13.462708706607105 0.0 1.0 1.0 1 0 0 0.0 1.0 0
cell 44.888760536263675 45.6831619395058 0.0 1.0 1.0 1 0 0 0.0 1.0 0
cell 6.551305160595245 12.247096697796655 0.0 1.0 1.0 1 0 0 0.0 1.0 0
cell 41.675071018815906 34.90937018635972 0.0 1.0 1.0 1 0 0 0.0 1.0 0
cell 36.575831828728575 38.075628228594816 0.0 1.0 1.0 1 0 0 0.0 1.0 0
cell 5.593971379476309 55.56809730327027 0.0 1.0 1.0 1 0 0 0.0 1.0 0
cell 40.13921310835416 16.07677218710579 0.0 1.0 1.0 1 0 0 0.0 1.0 0
cell 30.928746307904554 29.420072425210954 0.0 1.0 1.0 1 0 0 0.0 1.0 0
cell 16.193206056396512 21.17510120965255 0.0 1.0 1.0 1 0 0 0.0 1.0 0
cell 12.541219284891957 8.879828540949966 0.0 1.0 1.0 1 0 0 0.0 1.0 0
cell 54.4098746980821 24.22155773571617 0.0 1.0 1.0 1 0 0 0.0 1.0 0
cell 48.37523191542617 47.67146292312975 0.0 1.0 1.0 1 0 0 0.0 1.0 0
cell 9.491323608735145 38.86730350315645 0.0 1.0 1.0 1 0 0 0.0 1.0 0
cell 56.63042114732208 46.60477329388354 0.0 1.0 1.0 1 0 0 0.0 1.0 0
cell 7.103938347226235 35.074897522394956 0.0 1.0 1.0 1 0 0 0.0 1.0 0
cell 11.035972377825034 35.15596981304642 0.0 1.0 1.0 1 0 0 0.0 1.0 0
cell 5.497879040740215 6.25554542860542 0.0 1.6431676725154984 0.6085806194501846 1 0 0 0.9933450353735149 -0.11517656314889027 3.3724581413487
cell 22.721400248793408 58.66189490795249 0.0 1.0 1.0 1 0 0 0.0 1.0 0
cell 28.057171224678125 36.13135942434721 0.0 1.0 1.0 1 0 0 0.0 1.0 0
cell 45.98967011312687 12.365291674456426 0.0 1.6431676725154984 0.6085806194501846 1 0 0 0.0611685475968234 -0.9981274511728926 6.160771794016285
cell 26.905776052399318 2.9543350508082225 0.0 1.0 1.0 1 0 0 0.0 1.0 0
cell 52.74438926819362 10.190472071695064 0.0 1.6431676725154984 0.6085806194501846 1 0 0 -0.10043202137190149 0.9949439225821494 6.081982050249078
cell 31.653714755162003 25.472778822892618 0.0 1.0 1.0 1 0 0 0.0 1.0 0
cell 11.423941828307926 56.66467932180565 0.0 1.0 1.0 1 0 0 0.0 1.0 0
cell 2.2117185975817133 22.871496071686746 0.0 1.0 1.0 1 0 0 0.0 1.0 0
cell 28.380603417586055 34.085753736707346 0.0 1.0 1.0 1 0 0 0.0 1.0 0
cell 16.40549436963021 55.362039271106454 0.0 1.0 1.0 1 0 0 0.0 1.0 0
cell 36.87833228200404 25.34586051450461 0.0 1.0 1.0 1 0 0 0.0 1.0 0
cell 21.497503431160958 23.5588733190629 0.0 1.0 1.0 1 0 0 0.0 1.0 0
cell 26.365140780405223 25.682570260612017 0.0 1.0 1.0 1 0 0 0.0 1.0 0
cell 29.942103227459693 11.646814564951312 0.0 1.0 1.0 1 0 0 0.0 1.0 0
cell 42.15736154669813 10.072258859358914 0.0 1.6431676725154984 0.6085806194501846 1 0 0 0.9848244228885888 -0.17355361155031607 3.490466455711425
cell 0.8338109218057704 45.65802843593964 0.0 1.0 1.0 1 0 0 0.0 1.0 0
cell 19.746458462331077 54.69495984049996 0.0 1.0 1.0 1 0 0 0.0 1.0 0
cell 16.84556501649312 23.36964708768127 0.0 1.0 1.0 1 0 0 0.0 1.0 0
cell 28.852358809550413 21.022437896259706 0.0 1.0 1.0 1 0 0 0.0 1.0 0
cell 53.44959552957385 34.93396989620754 0.0 1.0 1.0 1 0 0 0.0 1.0 0
cell 9.951262938843387 46.060486482090965 0.0 1.0 1.0 1 0 0 0.0 1.0 0
cell 18.700374338073185 22.645059380639893 0.0 1.0 1.0 1 0 0 0.0 1.0 0
cell 57.43186477287448 43.21683047250798 0.0 1.0 1.0 1 0 0 0.0 1.0 0
cell 8.769419885527588 9.872491918874427 0.0 1.0 1.0 1 0 0 0.0 1.0 0
cell 39.63350148678389 55.723464761457976 0.0 1.0 1.0 1 0 0 0.0 1.0 0
cell 31.38554187628713 5.700493876620458 0.0 1.0 1.0 1 0 0 0.0 1.0 0
cell 4.626845096382086 12.434005872869854 0.0 1.0 1.0 1 0 0 0.0 1.0 0
cell 56.06806489106747 44.644099136785535 0.0 1.0 1.0 1 0 0 0.0 1.0 0
cell 53.61568588445495 20.57553262338188 0.0 1.0 1.0 1 0 0 0.0 1.0 0
cell 13.582817158932652 15.042652947784688 0.0 1.0 1.0 1 0 0 0.0 1.0 0
cell 4.148852071678691 44.71794903341779 0.0 1.0 1.0 1 0 0 0.0 1.0 0
cell 38.409637938589974 58.760110867485004 0.0 1.6431676725154984 0.6085806194501846 1 0 0 0.977684257366805 -0.21007972985778298 3.564905671076992
cell 10.606146424122647 9.356820099330344 0.0 1.0 1.0 1 0 0 0.0 1.0 0
cell 45.62342527447811 57.38327299375338 0.0 1.0 1.0 1 0 0 0.0 1.0 0
cell 29.305181147789693 39.31793300973246 0.0 1.0 1.0 1 0 0 0.0 1.0 0
cell 4.885255072766907 32.8542407402388 0.0 1.0 1.0 1 0 0 0.0 1.0 0
cell 40.366809671818366 49.038534608694185 0.0 1.0 1.0 1 0 0 0.0 1.0 0
cell 50.14549293789749 21.164284877521 0.0 1.0 1.0 1 0 0 0.0 1.0 0
cell 56.553389224238245 18.19656799241906 0.0 1.0 1.0 1 0 0 0.0 1.0 0
cell 32.447535040293005 45.248895779130066 0.0 1.0 1.0 1 0 0 0.0 1.0 0
cell 41.51104798323348 47.653651758248245 0.0 1.0 1.0 1 0 0 0.0 1.0 0
cell 42.54533900486694 2.9596941806758337 0.0 1.0 1.0 1 0 0 0.0 1.0 0
cell 11.028591291163389 42.4996897874979 0.0 1.0 1.0 1 0 0 0.0 1.0 0
cell 37.000378260914545 54.58397558802048 0.0 1.0 1.0 1 0 0 0.0 1.0 0
cell 58.82293373820669 54.314628679309216 0.0 1.0 1.0 1 0 0 0.0 1.0 0
cell 15.91583142436229 5.244699423547651 0.0 1.0 1.0 1 0 0 0.0 1.0 0
cell 13.911717000485812 58.957169826865254 0.0 1.0 1.0 1 0 0 0.0 1.0 0
cell 17.713256409343 36.33193233478221 0.0 1.0 1.0 1 0 0 0.0 1.0 0
cell 57.974006912124345 45.14547759023158 0.0 1.0 1.0 1 0 0 0.0 1.0 0
cell 25.014712215855667 2.8023982442592796 0.0 1.0 1.0 1 0 0 0.0 1.0 0
cell 2.423142236367142 14.990345168475537 0.0 1.0 1.0 1 0 0 0.0 1.0 0
cell 41.772729454090374 36.95458778497999 0.0 1.0 1.0 1 0 0 0.0 1.0 0
cell 47.497415564776766 25.48076830003079 0.0 1.0 1.0 1 0 0 0.0 1.0 0
cell 13.65059439373315 30.29869488910717 0.0 1.0 1.0 1 0 0 0.0 1.0 0
cell 34.022103827109326 2.033390975263405 0.0 1.0 1.0 1 0 0 0.0 1.0 0
cell 13.311464568636787 57.0463140059129 0.0 1.0 1.0 1 0 0 0.0 1.0 0
cell 17.890280760123286 54.05532969486408 0.0 1.0 1.0 1 0 0 0.0 1.0 0
cell 22.812808885584566 4.892251453970271 0.0 1.0 1.0 1 0 0 0.0 1.0 0
cell 19.516243190011416 35.654047307434546 0.0 1.0 1.0 1 0 0 0.0 1.0 0
cell 4.672769765702546 46.59563770412307 0.0 1.0 1.0 1 0 0 0.0 1.0 0
cell 51.797401352691836 58.96670330122169 0.0 1.6431676725154984 0.6085806194501846 1 0 0 0.669302358066481 -0.7429901435999323 4.816646457957742
cell 51.64777680368876 54.36804066681259 0.0 1.0 1.0 1 0 0 0.0 1.0 0
cell 33.87678170219494 31.889172856880673 0.0 1.0 1.0 1 0 0 0.0 1.0 0
cell 55.08614802203166 27.981031911764124 0.0 1.0 1.0 1 0 0 0.0 1.0 0
cell 35.932229183771064 48.982070069799214 0.0 1.0 1.0 1 0 0 0.0 1.0 0
cell 45.055657566898816 34.7221785579307 0.0 1.0 1.0 1 0 0 0.0 1.0 0
cell 58.72890018325619 34.17702980894258 0.0 1.6431676725154984 0.6085806194501846 1 0 0 0.19009769329439885 -0.9817651791564767 5.900662000431716
cell 9.400218837143596 15.154914419488957 0.0 1.0 1.0 1 0 0 0.0 1.0 0
cell 32.71798442948252 7.141854562747329 0.0 1.0 1.0 1 0 0 0.0 1.0 0
cell 45.71083505849659 15.1567816746136 0.0 1.0 1.0 1 0 0 0.0 1.0 0
cell 44.144243175988535 24.900316681157644 0.0 1.0 1.0 1 0 0 0.0 1.0 0
cell 56.732305840887705 12.87325207146907 0.0 1.0 1.0 1 0 0 0.0 1.0 0
cell 23.02861494097897 43.45858512593192 0.0 1.0 1.0 1 0 0 0.0 1.0 0
cell 7.474717750018251 5.390632947942033 0.0 1.0 1.0 1 0 0 0.0 1.0 0
cell 19.716766535888635 24.360966328872887 0.0 1.0 1.0 1 0 0 0.0 1.0 0
cell 48.256386636470545 54.8848506485886 0.0 1.0 1.0 1 0 0 0.0 1.0 0
cell 20.07979081233273 56.68154153086381 0.0 1.0 1.0 1 0 0 0.0 1.0 0
cell 47.20645289439308 39.441602028333136 0.0 1.0 1.0 1 0 0 0.0 1.0 0
cell 43.774892702996006 26.88521500211681 0.0 1.0 1.0 1 0 0 0.0 1.0 0
cell 45.63440515403747 47.555187476504614 0.0 1.0 1.0 1 0 0 0.0 1.0 0
cell 12.387727604278519 45.411633233619895 0.0 1.0 1.0 1 0 0 0.0 1.0 0
cell 52.81039129738951 25.457523592955464 0.0 1.0 1.0 1 0 0 0.0 1.0 0
cell 21.26655912503393 15.31077155475239 0.0 1.6431676725154984 0.6085806194501846 1 0 0 0.7007346518133797 -0.7134219983628074 4.7303318386375475
cell 32.791025096543635 28.698180847406284 0.0 1.0 1.0 1 0 0 0.0 1.0 0
cell 1.6243651848905516 9.68636641428065 0.0 1.0 1.0 1 0 0 0.0 1.0 0
cell 30.746958600065955 10.170684787619019 0.0 1.0 1.0 1 0 0 0.0 1.0 0
cell 42.52571168462206 51.41758698362768 0.0 1.0 1.0 1 0 0 0.0 1.0 0
cell 13.852739568799617 10.277141798344932 0.0 1.0 1.0 1 0 0 0.0 1.0 0
cell 16.591359681053994 42.25321192351063 0.0 1.0 1.0 1 0 0 0.0 1.0 0
cell 25.615403737382394 40.804771876320636 0.0 1.0 1.0 1 0 0 0.0 1.0 0
cell 27.22228144276323 30.909412801915956 0.0 1.0 1.0 1 0 0 0.0 1.0 0
cell 54.67622779752392 58.78101237274141 0.0 1.0 1.0 1 0 0 0.0 1.0 0
cell 51.1005248187588 14.687232031297064 0.0 1.0 1.0 1 0 0 0.0 1.0 0
cell 39.724474930445886 31.926198337647087 0.0 1.0 1.0 1 0 0 0.0 1.0 0
cell 22.553543359619802 45.60803690424706 0.0 1.0 1.0 1 0 0 0.0 1.0 0
cell 36.296493091115394 14.27920146437288 0.0 1.6431676725154984 0.6085806194501846 1 0 0 0.8430370591450896 -0.5378554795742055 4.277375125193519
cell 19.376097533687414 52.71340513147938 0.0 1.0 1.0 1 0 0 0.0 1.0 0
cell 16.226756800596775 34.9921086365252 0.0 1.0 1.0 1 0 0 0.0 1.0 0
cell 34.64970284707174 27.983999968533297 0.0 1.0 1.0 1 0 0 0.0 1.0 0
cell 46.69764829808934 33.6509059120677 0.0 1.0 1.0 1 0 0 0.0 1.0 0
cell 9.270692022078283 26.159103974062372 0.0 1.0 1.0 1 0 0 0.0 1.0 0
cell 22.40111631759904 29.024607282449868 0.0 1.0 1.0 1 0 0 0.0 1.0 0
cell 16.9623487504961 40.306869498746266 0.0 1.0 1.0 1 0 0 0.0 1.0 0
cell 26.65259743761141 15.467070236254155 0.0 1.6431676725154984 0.6085806194501846 1 0 0 0.9056940013731066 -0.4239320415783302 4.017157452458357
cell 22.40433570066746 49.9181152095535 0.0 1.0 1.0 1 0 0 0.0 1.0 0
cell 7.4255423351800625 15.658579975436396 0.0 1.0 1.0 1 0 0 0.0 1.0 0
cell 33.528665892932665 24.72510785925096 0.0 1.0 1.0 1 0 0 0.0 1.0 0
cell 31.930147304699723 23.46901468219135 0.0 1.0 1.0 1 0 0 0.0 1.0 0
cell 52.43281977815448 23.62331062552186 0.0 1.0 1.0 1 0 0 0.0 1.0 0
cell 21.982207490959333 21.64173531537017 0.0 1.6431676725154984 0.6085806194501846 1 0 0 0.011913365537513081 0.9999290333426516 0.023827294725512996
cell 51.507200458541035 47.046947019286904 0.0 1.0 1.0 1 0 0 0.0 1.0 0
cell 56.147695936768535 57.30644027442036 0.0 1.0 1.0 1 0 0 0.0 1.0 0
cell 36.9816877650851 3.4446971681115057 0.0 1.0 1.0 1 0 0 0.0 1.0 0
cell 12.598446243278245 26.82440059087026 0.0 1.0 1.0 1 0 0 0.0 1.0 0
cell 55.424000901077335 15.893354697569013 0.0 1.6431676725154984 0.6085806194501846 1 0 0 0.19872717857361663 0.9800548497386102 0.40011804937740014
cell 27.505481080720557 50.25584944435218 0.0 1.0 1.0 1 0 0 0.0 1.0 0
cell 37.90673908447975 51.7974808237158 0.0 1.0 1.0 1 0 0 0.0 1.0 0
cell 38.80212787269922 24.725943691503716 0.0 1.0 1.0 1 0 0 0.0 1.0 0
cell 0.27125654709464103 22.293409653464973 0.0 1.0 1.0 1 0 0 0.0 1.0 0
cell 6.108431963751508 28.10565483913504 0.0 1.0 1.0 1 0 0 0.0 1.0 0
cell 43.378875731722296 1.1328592273332756 0.0 1.0 1.0 1 0 0 0.0 1.0 0
cell 6.609690855689361 47.048605513496774 0.0 1.0 1.0 1 0 0 0.0 1.0 0
cell 30.75096633327996 42.36433826681465 0.0 1.0 1.0 1 0 0 0.0 1.0 0
cell 12.253130218756015 53.33399994262433 0.0 1.0 1.0 1 0 0 0.0 1.0 0
cell 28.846025291794977 56.34902384437226 0.0 1.6431676725154984 0.6085806194501846 1 0 0 0.9393352009704654 -0.34300055425286896 3.841811414146577
cell 42.89273791674449 42.771135685303534 0.0 1.0 1.0 1 0 0 0.0 1.0 0
cell 2.9301421312513165 58.600105713509954 0.0 1.0 1.0 1 0 0 0.0 1.0 0
cell 50.523183927671354 23.033949015463232 0.0 1.0 1.0 1 0 0 0.0 1.0 0
cell 32.55940037992267 17.697975488156963 0.0 1.6431676725154984 0.6085806194501846 1 0 0 0.9978976835414926 0.06480905170208177 3.011883640975695
cell 57.030806504626135 19.95646638625701 0.0 1.0 1.0 1 0 0 0.0 1.0 0
cell 48.876199498273905 24.11819421429988 0.0 1.0 1.0 1 0 0 0.0 1.0 0
cell 57.801713448506355 23.557093458158295 0.0 1.0 1.0 1 0 0 0.0 1.0 0
cell 56.588082581899116 26.72363064494329 0.0 1.0 1.0 1 0 0 0.0 1.0 0
cell 18.138383020473025 20.744198688371903 0.0 1.0 1.0 1 0 0 0.0 1.0 0
cell 47.55297679646911 16.502152254712655 0.0 1.0 1.0 1 0 0 0.0 1.0 0
cell 40.25021148217213 10.974437250258719 0.0 1.6431676725154984 0.6085806194501846 1 0 0 -0.04530772373388782 0.9989730778004249 6.192538828626622
cell 45.828853320467026 40.5398013053348 0.0 1.0 1.0 1 0 0 0.0 1.0 0
cell 40.12691804266959 38.04073733421096 0.0 1.0 1.0 1 0 0 0.0 1.0 0
cell 19.172327659225022 37.60396822399353 0.0 1.0 1.0 1 0 0 0.0 1.0 0
cell 12.763359587102187 55.18897011053266 0.0 1.0 1.0 1 0 0 0.0 1.0 0
cell 29.877067509449194 35.37116125929272 0.0 1.0 1.0 1 0 0 0.0 1.0 0
cell 41.4221296762939 45.83505719257333 0.0 1.0 1.0 1 0 0 0.0 1.0 0
cell 34.21155083970033 46.272558728228404 0.0 1.0 1.0 1 0 0 0.0 1.0 0
cell 42.3765422175204 12.461940159038003 0.0 1.6431676725154984 0.6085806194501846 1 0 0 -0.19862294318996426 -0.9800759799314318 0.39990533830326935
cell 48.36541260232404 44.68213857959674 0.0 1.0 1.0 1 0 0 0.0 1.0 0
cell 0.3607202489829417 56.277237283469624 0.0 1.0 1.0 1 0 0 0.0 1.0 0
cell 22.98935516339358 25.021299543563476 0.0 1.0 1.0 1 0 0 0.0 1.0 0
cell 39.90298600686191 27.97959348762313 0.0 1.0 1.0 1 0 0 0.0 1.0 0
cell 3.893710966612075 49.919618921976124 0.0 1.0 1.0 1 0 0 0.0 1.0 0
cell 28.7947869975835 5.882782025795541 0.0 1.6431676725154984 0.6085806194501846 1 0 0 -0.10089346425294253 -0.994897235331891 0.2021308543338174
cell 24.85211475056591 24.378852654688405 0.0 1.0 1.0 1 0 0 0.0 1.0 0
cell 39.28077687201613 2.110800952468096 0.0 1.6431676725154984 0.6085806194501846 1 0 0 0.9486733039699787 -0.31625774667932527 3.7851569675021426
cell 14.524367601864078 8.575956065920062 0.0 1.0 1.0 1 0 0 0.0 1.0 0
cell 6.525550382001579 19.500755322588127 0.0 1.0 1.0 1 0 0 0.0 1.0 0
cell 41.872351855391315 58.960702531506335 0.0 1.0 1.0 1 0 0 0.0 1.0 0
cell 15.606212933631108 46.26807843442871 0.0 1.0 1.0 1 0 0 0.0 1.0 0
cell 46.632503869682374 31.687325264159796 0.0 1.0 1.0 1 0 0 0.0 1.0 0
cell 37.88045442531771 40.81614357013537 0.0 1.0 1.0 1 0 0 0.0 1.0 0
cell 45.21462034546969 36.667680306658994 0.0 1.0 1.0 1 0 0 0.0 1.0 0
cell 45.36411934787066 8.518899557165025 0.0 1.6431676725154984 0.6085806194501846 1 0 0 0.9970235741305606 0.07709729325937795 2.9872449017827196
cell 55.820212598856436 49.99508469184537 0.0 1.0 1.0 1 0 0 0.0 1.0 0
cell 25.7208660644023 29.603367769931832 0.0 1.0 1.0 1 0 0 0.0 1.0 0
cell 48.30440175330142 7.577473759734017 0.0 1.6431676725154984 0.6085806194501846 1 0 0 0.9948657576931086 0.10120338022871081 2.9388387783748993
cell 15.999773029205755 49.446305765389575 0.0 1.0 1.0 1 0 0 0.0 1.0 0
cell 56.9566418188847 10.874133080529703 0.0 1.0 1.0 1 0 0 0.0 1.0 0
cell 29.673172223638232 52.70618907910521 0.0 1.0 1.0 1 0 0 0.0 1.0 0
cell 28.735316809315812 7.289734070499076 0.0 1.0 1.0 1 0 0 0.0 1.0 0
cell 36.099651988288855 41.72669909496578 0.0 1.0 1.0 1 0 0 0.0 1.0 0
cell 12.782225641365498 43.459611516323534 0.0 1.0 1.0 1 0 0 0.0 1.0 0
cell 55.06107255765535 38.38209816581177 0.0 1.6431676725154984 0.6085806194501846 1 0 0 0.5095078638197736 -0.860465999738404 5.213959803372412
cell 14.447731415871678 35.62587748902651 0.0 1.0 1.0 1 0 0 0.0 1.0 0
cell 21.170103395434836 25.68078636336622 0.0 1.0 1.0 1 0 0 0.0 1.0 0
cell 26.231828071751835 36.84406533499271 0.0 1.0 1.0 1 0 0 0.0 1.0 0
cell 41.31378710136528 43.883233554701675 0.0 1.0 1.0 1 0 0 0.0 1.0 0
cell 41.84786147620693 18.219847563032122 0.0 1.0 1.0 1 0 0 0.0 1.0 0
cell 52.08282024239688 21.805316267293893 0.0 1.0 1.0 1 0 0 0.0 1.0 0
cell 31.300022517329793 27.428402953933844 0.0 1.0 1.0 1 0 0 0.0 1.0 0
cell 16.518521879507723 17.08301753716214 0.0 1.0 1.0 1 0 0 0.0 1.0 0
cell 15.679543900832112 0.2270827486742014 0.0 1.0 1.0 1 0 0 0.0 1.0 0
cell 9.401559656308267 2.43303481667458 0.0 1.0 1.0 1 0 0 0.0 1.0 0
cell 24.051374540310906 48.74433960472696 0.0 1.0 1.0 1 0 0 0.0 1.0 0
cell 20.655163216142576 12.503063749040649 0.0 1.6431676725154984 0.6085806194501846 1 0 0 0.9179954158038898 -0.39659099405186143 3.9571932960422735
cell 20.287214692466414 40.888288766713465 0.0 1.0 1.0 1 0 0 0.0 1.0 0
cell 58.258490932307936 52.40278293143753 0.0 1.0 1.0 1 0 0 0.0 1.0 0
cell 22.893860177363564 36.30467024368803 0.0 1.0 1.0 1 0 0 0.0 1.0 0
cell 48.052912224018506 27.25168357652605 0.0 1.0 1.0 1 0 0 0.0 1.0 0
cell 38.56333558782479 53.77465374663477 0.0 1.0 1.0 1 0 0 0.0 1.0 0
cell 29.260213955755532 50.85622191171882 0.0 1.0 1.0 1 0 0 0.0 1.0 0
cell 39.17839629553098 22.7783802280221 0.0 1.0 1.0 1 0 0 0.0 1.0 0
cell 22.695702297196103 26.99590454538804 0.0 1.0 1.0 1 0 0 0.0 1.0 0
cell 47.339724025149586 51.01399337009707 0.0 1.0 1.0 1 0 0 0.0 1.0 0
cell 58.546987463531636 47.120389165904164 0.0 1.0 1.0 1 0 0 0.0 1.0 0
cell 12.946394284227544 24.806744182272084 0.0 1.0 1.0 1 0 0 0.0 1.0 0
cell 46.16717422847378 13.47836842056929 0.0 1.6431676725154984 0.6085806194501846 1 0 0 -0.06516469606232636 0.997874522365966 6.152763499076248
cell 34.03314964333577 20.66361889339119 0.0 1.0 1.0 1 0 0 0.0 1.0 0
cell 58.70099339388694 0.6163225531594738 0.0 1.0 1.0 1 0 0 0.0 1.0 0
cell 58.50635753007506 12.155185863171782 0.0 1.0 1.0 1 0 0 0.0 1.0 0
cell 4.3221841333909685 25.215129559173374 0.0 1.0 1.0 1 0 0 0.0 1.0 0
cell 45.504391543805355 4.372492252084913 0.0 1.0 1.0 1 0 0 0.0 1.0 0
cell 41.22948899170679 8.316711574783353 0.0 1.6431676725154984 0.6085806194501846 1 0 0 0.938853409946733 -0.3443171134744707 3.844615305083436
cell 8.529194187172378 47.46507723421136 0.0 1.0 1.0 1 0 0 0.0 1.0 0
cell 53.2984741173285 1.207752442194886 0.0 1.0 1.0 1 0 0 0.0 1.0 0
cell 37.96109703458768 2.6072994792987303 0.0 1.6431676725154984 0.6085806194501846 1 0 0 0.8640992790019391 -0.5033214043017931 4.196469189438943
cell 58.090833351933554 57.76390125089317 0.0 1.0 1.0 1 0 0 0.0 1.0 0
cell 10.01394308102921 28.520213463226625 0.0 1.0 1.0 1 0 0 0.0 1.0 0
cell 48.47172231565381 30.904300084443232 0.0 1.0 1.0 1 0 0 0.0 1.0 0
cell 5.061417084983243 41.465569860699134 0.0 1.0 1.0 1 0 0 0.0 1.0 0
cell 9.470544053110569 56.25473912071087 0.0 1.0 1.0 1 0 0 0.0 1.0 0
cell 13.654295084350073 51.902525034089635 0.0 1.0 1.0 1 0 0 0.0 1.0 0
cell 56.93726898976938 53.86090936963614 0.0 1.0 1.0 1 0 0 0.0 1.0 0
cell 9.062559592551889 35.23831951226196 0.0 1.0 1.0 1 0 0 0.0 1.0 0
cell 19.84872062469556 42.87578758548376 0.0 1.0 1.0 1 0 0 0.0 1.0 0
cell 0.3301271972880656 6.3794348784448545 0.0 1.0 1.0 1 0 0 0.0 1.0 0
cell 53.594940451364366 37.56353044547122 0.0 1.0 1.0 1 0 0 0.0 1.0 0
cell 8.391006798605728 18.991485877380935 0.0 1.0 1.0 1 0 0 0.0 1.0 0
cell 36.570889998743816 27.309049068454122 0.0 1.0 1.0 1 0 0 0.0 1.0 0
cell 48.85778416468358 13.371583541645474 0.0 1.6431676725154984 0.6085806194501846 1 0 0 0.3730058644294893 0.9278289848356805 0.7644931889158417
cell 27.821124908038893 52.04803834355076 0.0 1.0 1.0 1 0 0 0.0 1.0 0
cell 23.096822096614545 2.9257238243074304 0.0 1.0 1.0 1 0 0 0.0 1.0 0
cell 39.75494301253866 8.434151858675364 0.0 1.6431676725154984 0.6085806194501846 1 0 0 0.8183992134341317 -0.5746500913167896 4.36594571613532
cell 43.528142608055724 14.233733897481775 0.0 1.0 1.0 1 0 0 0.0 1.0 0
cell 24.39369527813298 37.5695049378977 0.0 1.0 1.0 1 0 0 0.0 1.0 0
cell 56.24421011058552 24.846989664322468 0.0 1.0 1.0 1 0 0 0.0 1.0 0
cell 11.983377668457717 58.53822537096777 0.0 1.0 1.0 1 0 0 0.0 1.0 0
cell 54.243549264708015 56.819496725156135 0.0 1.0 1.0 1 0 0 0.0 1.0 0
cell 18.237275447145084 55.994160042026905 0.0 1.0 1.0 1 0 0 0.0 1.0 0
cell 1.5626586547701746 29.591020601416904 0.0 1.0 1.0 1 0 0 0.0 1.0 0
cell 38.335082289723324 39.051743965403524 0.0 1.0 1.0 1 0 0 0.0 1.0 0
cell 56.62890623641578 36.18505767778053 0.0 1.6431676725154984 0.6085806194501846 1 0 0 0.6310977908277938 -0.7757032798772209 4.917250070634632
cell 17.974836600262332 43.559885159773856 0.0 1.0 1.0 1 0 0 0.0 1.0 0
cell 52.44920766103431 32.55001098349357 0.0 1.0 1.0 1 0 0 0.0 1.0 0
cell 1.8176270123630247 21.026238739242768 0.0 1.0 1.0 1 0 0 0.0 1.0 0
cell 35.415192286333145 0.9978082334041374 0.0 1.6431676725154984 0.6085806194501846 1 0 0 0.975395626332074 -0.22046172486910548 3.5861682877525696
cell 50.41676448307034 43.40591693675848 0.0 1.6431676725154984 0.6085806194501846 1 0 0 0.48095171479985555 -0.8767470832749193 5.279705514622127
cell 43.32494314156669 11.580435636955151 0.0 1.6431676725154984 0.6085806194501846 1 0 0 -0.1316176415478509 -0.9913005580717593 0.26400128262003975
cell 16.170336165799423 25.693329853704995 0.0 1.0 1.0 1 0 0 0.0 1.0 0
cell 3.708818385271838 21.58084729807529 0.0 1.0 1.0 1 0 0 0.0 1.0 0
cell 6.210115467864497 3.6681984784679296 0.0 1.0 1.0 1 0 0 0.0 1.0 0
cell 45.58046327888343 26.179223257809337 0.0 1.0 1.0 1 0 0 0.0 1.0 0
cell 11.178745802425935 7.44030534786579 0.0 1.0 1.0 1 0 0 0.0 1.0 0
cell 54.11631315913139 44.10409624764475 0.0 1.0 1.0 1 0 0 0.0 1.0 0
cell 49.80586544899986 56.23028054749048 0.0 1.0 1.0 1 0 0 0.0 1.0 0
cell 50.36941323803944 37.44760450232862 0.0 1.0 1.0 1 0 0 0.0 1.0 0
cell 0.5740777241960026 50.899971534063525 0.0 1.0 1.0 1 0 0 0.0 1.0 0
cell 7.1740739081089995 48.90296633785317 0.0 1.0 1.0 1 0 0 0.0 1.0 0
cell 48.44153808011294 34.64813389384135 0.0 1.0 1.0 1 0 0 0.0 1.0 0
cell 51.159245957134665 12.712487059258548 0.0 1.6431676725154984 0.6085806194501846 1 0 0 -0.3903951483478054 0.9206473962090453 5.481063785764462
cell 25.75759910921426 49.5529365077267 0.0 1.0 1.0 1 0 0 0.0 1.0 0
cell 50.91846568027131 24.8539674308552 0.0 1.0 1.0 1 0 0 0.0 1.0 0
cell 17.010268202780022 11.77929933615291 0.0 1.0 1.0 1 0 0 0.0 1.0 0
cell 22.522906412537136 38.26401777655091 0.0 1.0 1.0 1 0 0 0.0 1.0 0
cell 35.044539060007764 35.04086555471602 0.0 1.0 1.0 1 0 0 0.0 1.0 0
cell 39.347436625824436 5.5199814498660045 0.0 1.6431676725154984 0.6085806194501846 1 0 0 0.8655632570787882 -0.5007996086212125 4.190637314512735
cell 10.227784789995562 11.314912258149805 0.0 1.0 1.0 1 0 0 0.0 1.0 0
cell 35.71988188269358 22.057715381391922 0.0 1.0 1.0 1 0 0 0.0 1.0 0
cell 47.01425035579762 1.6211463275671854 0.0 1.0 1.0 1 0 0 0.0 1.0 0
cell 45.71107747850782 17.169659703463054 0.0 1.0 1.0 1 0 0 0.0 1.0 0
cell 17.08988321118132 3.8855371726254164 0.0 1.0 1.0 1 0 0 0.0 1.0 0
cell 4.23419196006923 3.3450056999331794 0.0 1.0 1.0 1 0 0 0.0 1.0 0
cell 31.661704570263442 53.9623747358015 0.0 1.0 1.0 1 0 0 0.0 1.0 0
cell 41.490578949982506 32.90294007339514 0.0 1.0 1.0 1 0 0 0.0 1.0 0
cell 3.759063475989492 16.35494220010185 0.0 1.0 1.0 1 0 0 0.0 1.0 0
cell 41.39614967387062 56.930633622292945 0.0 1.0 1.0 1 0 0 0.0 1.0 0
cell 45.421192649784636 0.2529614847837301 0.0 1.0 1.0 1 0 0 0.0 1.0 0
cell 31.94491242450369 11.656273018315192 0.0 1.0 1.0 1 0 0 0.0 1.0 0
cell 46.50551649069903 29.75470088262792 0.0 1.0 1.0 1 0 0 0.0 1.0 0
cell 28.73479058240699 32.14529171032528 0.0 1.0 1.0 1 0 0 0.0 1.0 0
cell 36.176787491931826 29.25871885270865 0.0 1.0 1.0 1 0 0 0.0 1.0 0
cell 15.98951039156875 53.40598596899108 0.0 1.0 1.0 1 0 0 0.0 1.0 0
cell 14.536775042460224 17.49445528366023 0.0 1.0 1.0 1 0 0 0.0 1.0 0
cell 54.16567588386601 4.38236327461587 0.0 1.0 1.0 1 0 0 0.0 1.0 0
cell 54.73971320767894 46.10161195842871 0.0 1.0 1.0 1 0 0 0.0 1.0 0
cell 34.84878320470272 37.01258995828115 0.0 1.0 1.0 1 0 0 0.0 1.0 0
cell 20.943767569530024 3.1083157582136547 0.0 1.0 1.0 1 0 0 0.0 1.0 0
cell 24.258095507005443 56.93287113858147 0.0 1.0 1.0 1 0 0 0.0 1.0 0
cell 10.392122767045356 47.98594993199576 0.0 1.0 1.0 1 0 0 0.0 1.0 0
cell 24.06570675989745 39.56375185782758 0.0 1.0 1.0 1 0 0 0.0 1.0 0
cell 53.9665439811286 31.210812177984476 0.0 1.0 1.0 1 0 0 0.0 1.0 0
cell 48.94524734780538 1.1649774841800489 0.0 1.0 1.0 1 0 0 0.0 1.0 0
cell 43.51854588702486 7.329481620437755 0.0 1.6431676725154984 0.6085806194501846 1 0 0 0.9925435784264343 -0.12189029872983616 3.3859809743147724
cell 11.61745543208543 12.761834942574938 0.0 1.0 1.0 1 0 0 0.0 1.0 0
cell 17.021203222424894 47.70776033213939 0.0 1.0 1.0 1 0 0 0.0 1.0 0
cell 35.73959750848821 31.11822636804616 0.0 1.0 1.0 1 0 0 0.0 1.0 0
cell 23.0385666354238 55.832378733351526 0.0 1.0 1.0 1 0 0 0.0 1.0 0
cell 18.76758837606411 57.91679057457465 0.0 1.0 1.0 1 0 0 0.0 1.0 0
cell 2.4843215698617307 51.38140558683065 0.0 1.0 1.0 1 0 0 0.0 1.0 0
cell 11.07648394257165 4.20286454837988 0.0 1.0 1.0 1 0 0 0.0 1.0 0
cell 16.888724272140443 57.42108115244108 0.0 1.0 1.0 1 0 0 0.0 1.0 0
cell 48.30838192160492 29.09990667892643 0.0 1.0 1.0 1 0 0 0.0 1.0 0
cell 43.229284478027814 46.724589171437565 0.0 1.0 1.0 1 0 0 0.0 1.0 0
cell 36.48602047141201 52.75300817320998 0.0 1.0 1.0 1 0 0 0.0 1.0 0
cell 7.7775642137155225 24.84251888502098 0.0 1.0 1.0 1 0 0 0.0 1.0 0
cell 49.191515341524834 51.80597530672576 0.0 1.0 1.0 1 0 0 0.0 1.0 0
cell 9.815588809890638 20.360564742985797 0.0 1.0 1.0 1 0 0 0.0 1.0 0
cell 31.689824614469956 8.690344424297821 0.0 1.0 1.0 1 0 0 0.0 1.0 0
cell 3.562730161391572 1.407895361280459 0.0 1.0 1.0 1 0 0 0.0 1.0 0
cell 32.422629034423295 30.630546394571 0.0 1.0 1.0 1 0 0 0.0 1.0 0
cell 24.582406352251674 58.763605065556725 0.0 1.0 1.0 1 0 0 0.0 1.0 0
cell 29.473594322024198 58.14978753232832 0.0 1.0 1.0 1 0 0 0.0 1.0 0
cell 10.694732971405635 0.8931358144043257 0.0 1.0 1.0 1 0 0 0.0 1.0 0
cell 34.317493392666606 8.360450360683192 0.0 1.0 1.0 1 0 0 0.0 1.0 0
cell 23.76207405182349 1.2732435757939482 0.0 1.0 1.0 1 0 0 0.0 1.0 0
cell 8.458082821853768 29.81564023073666 0.0 1.0 1.0 1 0 0 0.0 1.0 0
cell 22.55121815007633 10.771336979218148 0.0 1.6431676725154984 0.6085806194501846 1 0 0 0.7419042080384332 -0.6705058881880646 4.611373564731284
cell 34.325965259031136 49.959463981165285 0.0 1.0 1.0 1 0 0 0.0 1.0 0
cell 52.88158893672635 39.4974780700215 0.0 1.6431676725154984 0.6085806194501846 1 0 0 0.27699788427394073 -0.9608705282751472 5.721848656971227
cell 25.019372161158802 33.587713814359255 0.0 1.0 1.0 1 0 0 0.0 1.0 0
cell 29.402655449511453 28.189399303999405 0.0 1.0 1.0 1 0 0 0.0 1.0 0
cell 2.34691615967144 5.740261972859427 0.0 1.0 1.0 1 0 0 0.0 1.0 0
cell 24.41877910643146 52.73957704972594 0.0 1.0 1.0 1 0 0 0.0 1.0 0
cell 14.868491437983812 48.10274523271977 0.0 1.0 1.0 1 0 0 0.0 1.0 0
cell 3.6235194148860996 55.185588562080206 0.0 1.0 1.0 1 0 0 0.0 1.0 0
cell 57.23294479073286 30.356160598111103 0.0 1.0 1.0 1 0 0 0.0 1.0 0
cell 50.38131564766159 2.1031297077831783 0.0 1.6431676725154984 0.6085806194501846 1 0 0 0.7851668796724411 0.6192842409309656 1.8059311057553336
cell 22.896029554853516 53.89711519834207 0.0 1.0 1.0 1 0 0 0.0 1.0 0
cell 47.61628419389531 53.04908172158905 0.0 1.0 1.0 1 0 0 0.0 1.0 0
cell 32.04289069020462 32.600929315486404 0.0 1.0 1.0 1 0 0 0.0 1.0 0
cell 31.142175834449603 38.512979016758926 0.0 1.0 1.0 1 0 0 0.0 1.0 0
cell 44.003379686208426 48.54660545973314 0.0 1.0 1.0 1 0 0 0.0 1.0 0
cell 24.60534351543908 4.270201688349648 0.0 1.0 1.0 1 0 0 0.0 1.0 0
cell 39.64655463406601 20.86290601349177 0.0 1.0 1.0 1 0 0 0.0 1.0 0
cell 38.40602180005413 6.303778601476729 0.0 1.6431676725154984 0.6085806194501846 1 0 0 0.7812941887536512 -0.624162951976304 4.489712079552971
cell 58.954584483401945 20.449213114051336 0.0 1.0 1.0 1 0 0 0.0 1.0 0
cell 58.787934011544394 29.002255297673784 0.0 1.0 1.0 1 0 0 0.0 1.0 0
cell 42.57722297441277 23.533977354092773 0.0 1.0 1.0 1 0 0 0.0 1.0 0
cell 0.9456484123467948 25.951729611605366 0.0 1.0 1.0 1 0 0 0.0 1.0 0
cell 46.41505657465196 22.36748681574198 0.0 1.0 1.0 1 0 0 0.0 1.0 0
cell 50.19408746538849 35.50694911442556 0.0 1.0 1.0 1 0 0 0.0 1.0 0
cell 14.258624246448022 44.86033462542224 0.0 1.0 1.0 1 0 0 0.0 1.0 0
cell 32.495451068011995 3.1924718967862225 0.0 1.0 1.0 1 0 0 0.0 1.0 0
cell 23.578979659304355 41.476573579370275 0.0 1.0 1.0 1 0 0 0.0 1.0 0
cell 42.12150632813182 53.17692070250198 0.0 1.0 1.0 1 0 0 0.0 1.0 0
cell 46.99296530879193 37.5505833437297 0.0 1.0 1.0 1 0 0 0.0 1.0 0
cell 41.29026082929085 6.348033861957411 0.0 1.0 1.0 1 0 0 0.0 1.0 0
cell 20.73226873148804 46.081877366612105 0.0 1.0 1.0 1 0 0 0.0 1.0 0
cell 2.235235227481778 2.9997583160832133 0.0 1.0 1.0 1 0 0 0.0 1.0 0
cell 12.731916862544029 16.593007305337107 0.0 1.0 1.0 1 0 0 0.0 1.0 0
cell 30.71247959533817 44.27265635888818 0.0 1.0 1.0 1 0 0 0.0 1.0 0
cell 27.42286273091344 48.38272893782636 0.0 1.0 1.0 1 0 0 0.0 1.0 0
cell 11.160841858457815 39.13226964745365 0.0 1.0 1.0 1 0 0 0.0 1.0 0
cell 37.46898230322351 49.91280524905103 0.0 1.0 1.0 1 0 0 0.0 1.0 0
cell 40.06819009623875 58.053204814424184 0.0 1.0 1.0 1 0 0 0.0 1.0 0
cell 37.05602243859579 0.4137187966095625 0.0 1.6431676725154984 0.6085806194501846 1 0 0 0.9942662997581877 -0.10693233919241427 3.3558670170527463
cell 34.18184136883109 58.4525590485439 0.0 1.6431676725154984 0.6085806194501846 1 0 0 0.9798300065617884 -0.19983282573472647 3.5439672580709565
cell 52.52268847362937 50.940645206994596 0.0 1.0 1.0 1 0 0 0.0 1.0 0
cell 18.83355904001584 39.5969736500185 0.0 1.0 1.0 1 0 0 0.0 1.0 0
cell 5.568555486113782 36.39182698369301 0.0 1.0 1.0 1 0 0 0.0 1.0 0
cell 48.40899534005445 22.166297618964997 0.0 1.0 1.0 1 0 0 0.0 1.0 0
cell 7.310880721736463 8.294285727850111 0.0 1.0 1.0 1 0 0 0.0 1.0 0
cell 34.5353714541469 6.346078928165024 0.0 1.0 1.0 1 0 0 0.0 1.0 0
cell 40.72861843665459 24.137884595868112 0.0 1.0 1.0 1 0 0 0.0 1.0 0
cell 29.08493541863874 30.163497192532233 0.0 1.0 1.0 1 0 0 0.0 1.0 0
cell 33.464748059933115 56.34643013709504 0.0 1.0 1.0 1 0 0 0.0 1.0 0
cell 25.810958073249253 45.68664544317734 0.0 1.0 1.0 1 0 0 0.0 1.0 0
cell 38.081767848582835 28.615695104051476 0.0 1.0 1.0 1 0 0 0.0 1.0 0
cell 29.038769931924694 47.27075524515234 0.0 1.0 1.0 1 0 0 0.0 1.0 0
cell 52.51560353364018 41.01246251647529 0.0 1.6431676725154984 0.6085806194501846 1 0 0 0.2680590826041375 -0.9634024746872037 5.740429674032685
cell 12.498101062689557 38.187367812480815 0.0 1.0 1.0 1 0 0 0.0 1.0 0
cell 57.06771191370045 7.720452677585519 0.0 1.6431676725154984 0.6085806194501846 1 0 0 0.8308613205831846 0.5564795287867889 1.9613074069146135
cell 49.25091043997464 15.477347660129933 0.0 1.0 1.0 1 0 0 0.0 1.0 0
cell 11.929469261101094 40.737287758778464 0.0 1.0 1.0 1 0 0 0.0 1.0 0
cell 41.130566699182566 22.199168216507804 0.0 1.0 1.0 1 0 0 0.0 1.0 0
cell 43.970473334904845 39.709370930192485 0.0 1.0 1.0 1 0 0 0.0 1.0 0
cell 34.61664407731755 38.83649307510359 0.0 1.0 1.0 1 0 0 0.0 1.0 0
cell 7.957431881784119 13.69965056185855 0.0 1.0 1.0 1 0 0 0.0 1.0 0
cell 27.301901037886584 14.06302202844637 0.0 1.6431676725154984 0.6085806194501846 1 0 0 0.8447870318668845 -0.5351026731287553 4.270851213088684
cell 53.199736641833525 27.35929567505113 0.0 1.0 1.0 1 0 0 0.0 1.0 0
cell 36.18241628983035 9.136457684757398 0.0 1.0 1.0 1 0 0 0.0 1.0 0
cell 17.123539668089418 6.676998930335851 0.0 1.0 1.0 1 0 0 0.0 1.0 0
cell 40.15218665964413 1.317395713565328 0.0 1.6431676725154984 0.6085806194501846 1 0 0 0.9685527397231839 -0.24880834064539412 3.644492073249801
cell 3.4176946363288327 34.110422680460005 0.0 1.0 1.0 1 0 0 0.0 1.0 0
cell 15.87313215487746 36.98692287459137 0.0 1.0 1.0 1 0 0 0.0 1.0 0
cell 29.724237026671616 4.779355936291265 0.0 1.0 1.0 1 0 0 0.0 1.0 0
cell 0.012907636180556214 49.041221529653825 0.0 1.0 1.0 1 0 0 0.0 1.0 0
cell 36.27356914672329 39.867523403248825 0.0 1.0 1.0 1 0 0 0.0 1.0 0
cell 27.93300138828553 26.927400928711855 0.0 1.0 1.0 1 0 0 0.0 1.0 0
cell 53.037279142003264 52.935302599580126 0.0 1.0 1.0 1 0 0 0.0 1.0 0
cell 50.55611796615559 39.533178679432496 0.0 1.0 1.0 1 0 0 0.0 1.0 0
cell 27.62740742128285 8.76895335857292 0.0 1.0 1.0 1 0 0 0.0 1.0 0
cell 44.710361209616664 43.63368962276551 0.0 1.0 1.0 1 0 0 0.0 1.0 0
cell 36.65557425870963 36.1918365638263 0.0 1.0 1.0 1 0 0 0.0 1.0 0
cell 7.525008356843052 55.918041605463166 0.0 1.0 1.0 1 0 0 0.0 1.0 0
cell 32.81090544149942 50.98051420116465 0.0 1.0 1.0 1 0 0 0.0 1.0 0
cell 42.55139326627591 40.83198194583509 0.0 1.0 1.0 1 0 0 0.0 1.0 0
cell 43.08481448511117 29.832013864901754 0.0 1.0 1.0 1 0 0 0.0 1.0 0
cell 39.75400683133208 4.068546079057899 0.0 1.6431676725154984 0.6085806194501846 1 0 0 0.8733220859865074 -0.48714323779374735 4.159223880320646
cell 2.1662204987353197 44.24054965988506 0.0 1.0 1.0 1 0 0 0.0 1.0 0
cell 17.38989768471464 0.2458312536814208 0.0 1.0 1.0 1 0 0 0.0 1.0 0
cell 43.99152970885408 6.321428841270338 0.0 1.6431676725154984 0.6085806194501846 1 0 0 0.9981324168492569 -0.06108746544636815 3.2638436986261548
cell 17.333286653435476 50.22136305404926 0.0 1.0 1.0 1 0 0 0.0 1.0 0
cell 1.9444504545826478 49.48063030824131 0.0 1.0 1.0 1 0 0 0.0 1.0 0
cell 51.94167538088205 38.26280273527173 0.0 1.0 1.0 1 0 0 0.0 1.0 0
cell 43.76902498143404 17.81215565591443 0.0 1.0 1.0 1 0 0 0.0 1.0 0
cell 44.048519037420874 16.00962317436251 0.0 1.0 1.0 1 0 0 0.0 1.0 0
cell 30.913065196813623 40.44161291135231 0.0 1.0 1.0 1 0 0 0.0 1.0 0
cell 19.089903039559978 28.35544094667245 0.0 1.0 1.0 1 0 0 0.0 1.0 0
cell 32.07528206119616 56.99000560634387 0.0 1.6431676725154984 0.6085806194501846 1 0 0 0.9607883509767698 -0.2772827881916571 3.703522341238262
cell 20.547709798037634 49.528532085761306 0.0 1.0 1.0 1 0 0 0.0 1.0 0
cell 13.376783613509666 32.320048013628025 0.0 1.0 1.0 1 0 0 0.0 1.0 0
cell 55.393223183787526 34.81901501147845 0.0 1.0 1.0 1 0 0 0.0 1.0 0
cell 20.00211690147928 1.8318707094693811 0.0 1.0 1.0 1 0 0 0.0 1.0 0
cell 13.173881042352752 7.092798740706493 0.0 1.0 1.0 1 0 0 0.0 1.0 0
cell 14.655729910311715 55.59774248785953 0.0 1.0 1.0 1 0 0 0.0 1.0 0
cell 16.29741206710159 2.08018598187608 0.0 1.0 1.0 1 0 0 0.0 1.0 0
cell 58.31122033091735 39.86762268580643 0.0 1.0 1.0 1 0 0 0.0 1.0 0
cell 43.12120147938706 56.42888260445141 0.0 1.0 1.0 1 0 0 0.0 1.0 0
cell 15.493292543732693 38.97568109966912 0.0 1.0 1.0 1 0 0 0.0 1.0 0
cell 33.13723203921775 26.68793000766265 0.0 1.0 1.0 1 0 0 0.0 1.0 0
cell 48.809833250819466 49.824019148186 0.0 1.0 1.0 1 0 0 0.0 1.0 0
cell 35.99157419923784 47.222200353839185 0.0 1.0 1.0 1 0 0 0.0 1.0 0
cell 6.6036654677326965 33.41303821338374 0.0 1.0 1.0 1 0 0 0.0 1.0 0
cell 58.63641522714449 8.240502151050785 0.0 1.0 1.0 1 0 0 0.0 1.0 0
cell 57.17279864600423 48.55670370416719 0.0 1.0 1.0 1 0 0 0.0 1.0 0
cell 21.689461745992322 42.18332685593674 0.0 1.0 1.0 1 0 0 0.0 1.0 0
cell 20.391503766447805 8.560586883839733 0.0 1.0 1.0 1 0 0 0.0 1.0 0
cell 27.454570319740416 40.10529651149638 0.0 1.0 1.0 1 0 0 0.0 1.0 0
cell 44.51016276661294 22.940389775666315 0.0 1.0 1.0 1 0 0 0.0 1.0 0
cell 7.458897938927937 31.50838363853564 0.0 1.0 1.0 1 0 0 0.0 1.0 0
cell 55.522931908447916 21.182202549511217 0.0 1.0 1.0 1 0 0 0.0 1.0 0
cell 3.040446772981507 53.31171311409837 0.0 1.0 1.0 1 0 0 0.0 1.0 0
cell 44.00381021503594 50.56909239803341 0.0 1.0 1.0 1 0 0 0.0 1.0 0
cell 55.97834209328556 3.5536086939101854 0.0 1.0 1.0 1 0 0 0.0 1.0 0
cell 3.0742696013156943 40.965802166089865 0.0 1.0 1.0 1 0 0 0.0 1.0 0
cell 55.288319801074145 48.06772725145078 0.0 1.0 1.0 1 0 0 0.0 1.0 0
cell 26.217975648780158 54.62970994695363 0.0 1.6431676725154984 0.6085806194501846 1 0 0 0.9437705329560755 -0.33060124186670126 3.81547378907542
cell 17.6090969698071 27.066079589973874 0.0 1.0 1.0 1 0 0 0.0 1.0 0
cell 52.83706353355448 16.76258403451264 0.0 1.0 1.0 1 0 0 0.0 1.0 0
cell 17.498717746724108 52.06330400665641 0.0 1.0 1.0 1 0 0 0.0 1.0 0
cell 11.72471901973162 47.01275462606738 0.0 1.0 1.0 1 0 0 0.0 1.0 0
cell 7.746297352798789 38.58822399250308 0.0 1.0 1.0 1 0 0 0.0 1.0 0
cell 44.04721124501547 52.68130949584784 0.0 1.0 1.0 1 0 0 0.0 1.0 0
cell 36.453928975848974 58.08400744719523 0.0 1.0 1.0 1 0 0 0.0 1.0 0
cell 53.33999898870385 7.973372408972324 0.0 1.6431676725154984 0.6085806194501846 1 0 0 0.8303466303202816 -0.5572472283607641 4.323726433481795
cell 16.457721673234207 8.374617356675616 0.0 1.0 1.0 1 0 0 0.0 1.0 0
cell 56.88806871391988 15.130476348329639 0.0 1.0 1.0 1 0 0 0.0 1.0 0
cell 49.98803298248784 41.3457525925168 0.0 1.0 1.0 1 0 0 0.0 1.0 0
cell 6.920554145068888 54.04010409147338 0.0 1.0 1.0 1 0 0 0.0 1.0 0
cell 45.29630288072529 11.07711671541882 0.0 1.6431676725154984 0.6085806194501846 1 0 0 0.9943644897493463 -0.10601538343807476 3.3540226210106208
cell 53.673008323965405 42.13375892747424 0.0 1.0 1.0 1 0 0 0.0 1.0 0
cell 9.746845370333697 51.10473501268834 0.0 1.0 1.0 1 0 0 0.0 1.0 0
cell 24.211267896722504 50.7216183159777 0.0 1.0 1.0 1 0 0 0.0 1.0 0
cell 27.71782734683894 1.531268683921992 0.0 1.0 1.0 1 0 0 0.0 1.0 0
cell 1.1437804175919797 52.86069997926283 0.0 1.0 1.0 1 0 0 0.0 1.0 0
cell 48.566223183374504 11.227307815981671 0.0 1.6431676725154984 0.6085806194501846 1 0 0 0.9842107987559251 0.1770002926896561 2.785717092269146
cell 1.1320125145635815 17.121060276302813 0.0 1.0 1.0 1 0 0 0.0 1.0 0
cell 49.885081475890495 19.19353362551407 0.0 1.0 1.0 1 0 0 0.0 1.0 0
cell 15.170933945713408 19.40628933813094 0.0 1.0 1.0 1 0 0 0.0 1.0 0
cell 57.494540196221465 21.744007336646273 0.0 1.0 1.0 1 0 0 0.0 1.0 0
cell 4.958722741203286 18.07628724093504 0.0 1.0 1.0 1 0 0 0.0 1.0 0
cell 5.9319414889812485 38.20087974320733 0.0 1.0 1.0 1 0 0 0.0 1.0 0
cell 53.448070611481114 5.874742661324699 0.0 1.6431676725154984 0.6085806194501846 1 0 0 0.9893223725304301 -0.1457437587369043 3.4341220875447096
cell 14.151970551757364 50.036236300083424 0.0 1.0 1.0 1 0 0 0.0 1.0 0
cell 37.70663134626059 30.543888521619195 0.0 1.0 1.0 1 0 0 0.0 1.0 0
cell 37.169800740488284 5.390298268197603 0.0 1.0 1.0 1 0 0 0.0 1.0 0
cell 9.076221928637613 37.05909455949971 0.0 1.0 1.0 1 0 0 0.0 1.0 0
cell 8.90542681406473 54.388182124816545 0.0 1.0 1.0 1 0 0 0.0 1.0 0
cell 8.41653387564519 11.808851069477186 0.0 1.0 1.0 1 0 0 0.0 1.0 0
cell 9.578252259185907 24.179139906943067 0.0 1.0 1.0 1 0 0 0.0 1.0 0
cell 8.12148043411545 57.79449759258493 0.0 1.0 1.0 1 0 0 0.0 1.0 0
cell 10.058322182456122 58.12323261041269 0.0 1.0 1.0 1 0 0 0.0 1.0 0
cell 0.7146738616342794 38.56633647384461 0.0 1.0 1.0 1 0 0 0.0 1.0 0
cell 15.745805120691397 27.701830180641043 0.0 1.0 1.0 1 0 0 0.0 1.0 0
cell 8.810879615451423 17.06759987488507 0.0 1.0 1.0 1 0 0 0.0 1.0 0
cell 2.284107839839609 56.694272364801336 0.0 1.0 1.0 1 0 0 0.0 1.0 0
cell 45.51859325389914 2.222361089256773 0.0 1.6431676725154984 0.6085806194501846 1 0 0 0.9018474509268684 -0.4320545975414562 4.035132146824599
cell 26.3492033999216 53.168637801845804 0.0 1.0 1.0 1 0 0 0.0 1.0 0
cell 6.091121095458911 14.173507088612702 0.0 1.0 1.0 1 0 0 0.0 1.0 0
cell 20.15018775046653 4.925595979201362 0.0 1.0 1.0 1 0 0 0.0 1.0 0
cell 40.00871061869281 36.109552836459144 0.0 1.0 1.0 1 0 0 0.0 1.0 0
cell 36.024859160968646 43.59827398248966 0.0 1.0 1.0 1 0 0 0.0 1.0 0
cell 10.800923793671023 37.14731134745413 0.0 1.0 1.0 1 0 0 0.0 1.0 0
cell 53.92450308978173 49.494573518062 0.0 1.0 1.0 1 0 0 0.0 1.0 0
cell 43.41280859935836 19.671554583309685 0.0 1.0 1.0 1 0 0 0.0 1.0 0
cell 6.87915549853327 17.547290592313786 0.0 1.0 1.0 1 0 0 0.0 1.0 0
cell 39.21604102786607 17.520892347086978 0.0 1.6431676725154984 0.6085806194501846 1 0 0 -0.0273738985364708 -0.9996252646261573 0.0547546367435805
cell 49.4241674994571 26.006562375252752 0.0 1.0 1.0 1 0 0 0.0 1.0 0
cell 19.57497574971791 10.076390396467263 0.0 1.6431676725154984 0.6085806194501846 1 0 0 0.8890044327015337 -0.4578985899050401 4.092852606587406
cell 35.63645819252967 4.763082031302623 0.0 1.0 1.0 1 0 0 0.0 1.0 0
cell 51.13264355904398 45.07989036545692 0.0 1.0 1.0 1 0 0 0.0 1.0 0
cell 20.578745923701536 29.65946428192603 0.0 1.0 1.0 1 0 0 0.0 1.0 0
cell 24.782944610204236 13.679919996699171 0.0 1.6431676725154984 0.6085806194501846 1 0 0 0.755305312510143 -0.6553730883198938 4.570945596892041
cell 8.352561752807103 52.59804224506746 0.0 1.0 1.0 1 0 0 0.0 1.0 0
cell 1.3445081875014027 19.07977801668668 0.0 1.0 1.0 1 0 0 0.0 1.0 0
cell 11.994890343683506 10.771926629746007 0.0 1.0 1.0 1 0 0 0.0 1.0 0
cell 28.991611776940324 45.27430872954742 0.0 1.0 1.0 1 0 0 0.0 1.0 0
cell 31.034719976980682 0.06252347379911045 0.0 1.0 1.0 1 0 0 0.0 1.0 0
cell 17.346723572545077 38.297643110103124 0.0 1.0 1.0 1 0 0 0.0 1.0 0
cell 13.882049689754972 5.250948857746466 0.0 1.0 1.0 1 0 0 0.0 1.0 0
cell 18.829563143483885 46.80395870156679 0.0 1.0 1.0 1 0 0 0.0 1.0 0
cell 29.859323312410734 14.532105997795572 0.0 1.6431676725154984 0.6085806194501846 1 0 0 0.994200068902836 -0.10754637601330945 3.3571022138075017
cell 13.522995425998094 13.32089483792642 0.0 1.0 1.0 1 0 0 0.0 1.0 0
cell 25.71448375019066 47.62126937192133 0.0 1.0 1.0 1 0 0 0.0 1.0 0
cell 9.109037814579134 4.235229901125184 0.0 1.0 1.0 1 0 0 0.0 1.0 0
cell 6.9682780625405805 41.92858421385872 0.0 1.0 1.0 1 0 0 0.0 1.0 0
cell 25.871813988952823 8.190098288613411 0.0 1.0 1.0 1 0 0 0.0 1.0 0
cell 58.47590274538979 18.691391479319385 0.0 1.0 1.0 1 0 0 0.0 1.0 0
cell 30.809000584706553 13.25303919486214 0.0 1.0 1.0 1 0 0 0.0 1.0 0
cell 2.5814686831753875 39.121606480732886 0.0 1.0 1.0 1 0 0 0.0 1.0 0
cell 2.711620453128072 46.123457141825156 0.0 1.0 1.0 1 0 0 0.0 1.0 0
cell 12.676596940833482 18.425867662505755 0.0 1.6431676725154984 0.6085806194501846 1 0 0 0.942759432879483 -0.3334736147234973 3.8215640620935467
cell 42.2097012238431 25.474888166558284 0.0 1.0 1.0 1 0 0 0.0 1.0 0
cell 41.34103967780968 54.91833163404927 0.0 1.0 1.0 1 0 0 0.0 1.0 0
cell 22.121228900808926 40.25306621673348 0.0 1.0 1.0 1 0 0 0.0 1.0 0
cell 27.247133783794435 42.140361064307335 0.0 1.0 1.0 1 0 0 0.0 1.0 0
cell 51.150091350991985 52.372428779147484 0.0 1.0 1.0 1 0 0 0.0 1.0 0
cell 34.19594526395625 4.010008038599095 0.0 1.0 1.0 1 0 0 0.0 1.0 0
cell 57.79016995756476 32.139000791306145 0.0 1.0 1.0 1 0 0 0.0 1.0 0
cell 53.22835763421047 18.668731787915682 0.0 1.0 1.0 1 0 0 0.0 1.0 0
cell 23.552289262915963 32.312511053382416 0.0 1.0 1.0 1 0 0 0.0 1.0 0
cell 27.39675307474844 46.47598397882178 0.0 1.0 1.0 1 0 0 0.0 1.0 0
cell 0.6161398722609116 24.13400490689036 0.0 1.0 1.0 1 0 0 0.0 1.0 0
cell 9.925449081910209 22.220270241867084 0.0 1.0 1.0 1 0 0 0.0 1.0 0
cell 30.153640701848897 24.246096435032733 0.0 1.0 1.0 1 0 0 0.0 1.0 0
cell 37.27344198718637 23.349894131382825 0.0 1.0 1.0 1 0 0 0.0 1.0 0
cell 6.9153380492549585 10.268634090441434 0.0 1.0 1.0 1 0 0 0.0 1.0 0
cell 38.37898473593549 35.193894502399765 0.0 1.0 1.0 1 0 0 0.0 1.0 0
cell 25.480538575140866 18.215833540423333 0.0 1.6431676725154984 0.6085806194501846 1 0 0 0.5496776197482108 0.8353768696510224 1.1639565577859936
cell 4.642434210160096 27.20844540012541 0.0 1.0 1.0 1 0 0 0.0 1.0 0
cell 58.454820518403906 35.669397406998776 0.0 1.6431676725154984 0.6085806194501846 1 0 0 0.379287493851895 -0.9252788752627765 5.505133047045274
cell 16.097610945514475 44.23511037533275 0.0 1.0 1.0 1 0 0 0.0 1.0 0
cell 45.73596584975416 53.72899873349334 0.0 1.0 1.0 1 0 0 0.0 1.0 0
cell 46.51717669518797 6.9928246557428695 0.0 1.6431676725154984 0.6085806194501846 1 0 0 0.9816947758906752 0.19046093297302974 2.758329347691844
cell 2.7600899053043357 13.030729440832967 0.0 1.0 1.0 1 0 0 0.0 1.0 0
cell 57.9372240534496 4.005506008870449 0.0 1.0 1.0 1 0 0 0.0 1.0 0
cell 44.416053353178654 41.666459229812524 0.0 1.0 1.0 1 0 0 0.0 1.0 0
cell 49.20252028644461 17.473813199768816 0.0 1.0 1.0 1 0 0 0.0 1.0 0
cell 30.66808939316031 7.206396029185641 0.0 1.0 1.0 1 0 0 0.0 1.0 0
cell 3.478828593431453 9.135468738684388 0.0 1.0 1.0 1 0 0 0.0 1.0 0
cell 32.56037822249917 49.01848665678509 0.0 1.0 1.0 1 0 0 0.0 1.0 0
cell 8.000390622054057 45.62183472918583 0.0 1.0 1.0 1 0 0 0.0 1.0 0
cell 42.146454395440486 16.261221222357552 0.0 1.0 1.0 1 0 0 0.0 1.0 0
cell 41.41237781834158 29.111298708498683 0.0 1.0 1.0 1 0 0 0.0 1.0 0
cell 55.81455737951875 31.775669036118934 0.0 1.0 1.0 1 0 0 0.0 1.0 0
cell 18.467976614257417 8.05566502433312 0.0 1.0 1.0 1 0 0 0.0 1.0 0
cell 39.55085805980808 43.63480601729542 0.0 1.0 1.0 1 0 0 0.0 1.0 0
cell 6.051373130905183 21.76570948779258 0.0 1.0 1.0 1 0 0 0.0 1.0 0
cell 56.71844275534887 0.18490618915770776 0.0 1.0 1.0 1 0 0 0.0 1.0 0
cell 16.905568031284226 30.988560471534278 0.0 1.0 1.0 1 0 0 0.0 1.0 0
cell 18.697125892437313 48.80861021288194 0.0 1.0 1.0 1 0 0 0.0 1.0 0
cell 24.518564083033034 54.802061592950764 0.0 1.0 1.0 1 0 0 0.0 1.0 0
cell 51.98960434789447 7.5192081536386315 0.0 1.6431676725154984 0.6085806194501846 1 0 0 0.6430532636567879 0.765821454452899 1.3969570758080865
cell 43.73907246876705 58.265864001936336 0.0 1.0 1.0 1 0 0 0.0 1.0 0
cell 25.80539850733615 12.50005226459781 0.0 1.6431676725154984 0.6085806194501846 1 0 0 0.776042597707558 -0.6306804948175464 4.5064522088490016
cell 54.90238659574435 7.852498577840238 0.0 1.6431676725154984 0.6085806194501846 1 0 0 0.9294644282250172 -0.3689117464439726 3.897268471323582
cell 48.37420612227299 32.61605210843704 0.0 1.0 1.0 1 0 0 0.0 1.0 0
cell 56.62782125976426 33.59344733293137 0.0 1.0 1.0 1 0 0 0.0 1.0 0
cell 46.3383352856792 42.39525479255965 0.0 1.0 1.0 1 0 0 0.0 1.0 0
cell 29.79025006657751 26.21631640809068 0.0 1.0 1.0 1 0 0 0.0 1.0 0
cell 0.28498079789528596 43.73904282712035 0.0 1.0 1.0 1 0 0 0.0 1.0 0
cell 44.84645621694852 30.731962926056585 0.0 1.0 1.0 1 0 0 0.0 1.0 0
cell 13.898033459126545 28.298111962168903 0.0 1.0 1.0 1 0 0 0.0 1.0 0
cell 9.142726157750234 49.380918321709665 0.0 1.0 1.0 1 0 0 0.0 1.0 0
cell 53.56210672073718 29.28781955032257 0.0 1.0 1.0 1 0 0 0.0 1.0 0
cell 27.025605359121407 6.854956053091516 0.0 1.0 1.0 1 0 0 0.0 1.0 0
cell 29.895211339820463 18.178878583772512 0.0 1.6431676725154984 0.6085806194501846 1 0 0 -0.17873529589364492 -0.9838971968665279 0.3594017961784859
cell 50.63717115617517 50.39441565133347 0.0 1.0 1.0 1 0 0 0.0 1.0 0
cell 36.15885371411396 16.784541116631452 0.0 1.6431676725154984 0.6085806194501846 1 0 0 0.7562766908103421 -0.654251913972713 4.567978707529472
cell 46.5232879671552 55.56955649722464 0.0 1.0 1.0 1 0 0 0.0 1.0 0
cell 10.644239930291889 32.01479232722009 0.0 1.0 1.0 1 0 0 0.0 1.0 0
cell 30.2118744717992 33.3530874336602 0.0 1.0 1.0 1 0 0 0.0 1.0 0
cell 20.727426070000877 58.700391482728726 0.0 1.0 1.0 1 0 0 0.0 1.0 0
